#97.37299999999993 0.0 1.996 0.0
#99 1 2 98
1000 0.9835656565656559 0.0 0.998 0.0

#1 3 1 0 0.982 0.0 0 87 1 80
#2 3 1 0 0.979 0.0 0 90 1 88
#3 3 1 0 0.979 0.0 0 87 1 89
#4 3 1 0 0.986 0.0 0 88 1 86
#5 3 1 0 0.992 0.0 0 91 1 86
#6 3 1 0 0.978 0.0 0 89 1 88
#7 3 1 0 0.977 0.0 0 83 1 87
#8 3 1 0 0.984 0.0 0 85 1 87
#9 3 1 0 0.998 0.0 1 88 1 94
#10 3 1 0 0.984 0.0 0 87 1 89
#11 3 1 0 0.987 0.0 0 90 1 82
#12 3 1 0 0.986 0.0 0 89 1 87
#13 3 1 0 0.98 0.0 0 83 1 87
#14 3 1 0 0.99 0.0 1 90 1 89
#15 3 1 0 0.981 0.0 0 84 1 91
#16 3 1 0 0.991 0.0 0 89 1 90
#17 3 1 0 0.986 0.0 0 89 0 85
#18 3 1 0 0.984 0.0 0 89 1 90
#19 3 1 0 0.987 0.0 0 85 1 90
#20 3 1 0 0.979 0.0 0 88 1 93
#21 2 0 1 0.0 0.996 92 0 3 0
#22 3 1 0 0.991 0.0 1 84 1 78
#23 3 1 0 0.977 0.0 0 86 1 86
#24 3 1 0 0.987 0.0 0 90 1 87
#25 3 1 0 0.98 0.0 0 91 0 88
#26 3 1 0 0.984 0.0 0 90 1 86
#27 3 1 0 0.973 0.0 0 89 1 90
#28 3 1 0 0.991 0.0 0 89 1 92
#29 3 1 0 0.992 0.0 1 85 1 90
#30 3 1 0 0.983 0.0 0 83 1 93
#31 3 1 0 0.995 0.0 1 88 0 89
#32 3 1 0 0.977 0.0 0 92 1 87
#33 3 1 0 0.976 0.0 0 90 1 92
#34 3 1 0 0.967 0.0 0 81 1 89
#35 3 1 0 0.984 0.0 0 87 1 83
#36 3 1 0 0.978 0.0 0 91 1 85
#37 3 1 0 0.982 0.0 0 91 1 89
#38 3 1 0 0.983 0.0 0 91 1 86
#39 3 1 0 0.979 0.0 0 86 1 88
#40 3 1 0 0.982 0.0 0 85 1 84
#41 3 1 0 0.983 0.0 0 85 1 85
#42 3 1 0 0.985 0.0 0 84 1 89
#43 3 1 0 0.982 0.0 0 92 1 91
#44 3 1 0 0.978 0.0 0 89 1 85
#45 3 1 0 0.978 0.0 0 84 1 92
#46 3 1 0 0.984 0.0 0 90 1 88
#47 3 1 0 0.98 0.0 0 84 0 90
#48 3 1 0 0.982 0.0 0 89 1 94
#49 3 1 0 0.985 0.0 0 86 1 87
#50 3 1 0 0.988 0.0 0 91 1 85
#51 3 1 0 0.986 0.0 0 87 1 85
#52 3 1 0 0.986 0.0 0 89 1 88
#53 3 1 0 0.979 0.0 0 88 1 88
#54 3 1 0 0.982 0.0 0 86 1 89
#55 3 1 0 0.989 0.0 0 85 1 90
#56 3 1 0 0.979 0.0 0 89 1 87
#57 3 1 0 0.986 0.0 0 86 1 87
#58 3 1 0 0.981 0.0 0 87 1 91
#59 3 1 0 0.986 0.0 0 88 1 94
#60 3 1 0 0.978 0.0 0 83 1 91
#61 3 1 0 0.978 0.0 0 82 1 83
#62 3 1 0 0.983 0.0 0 89 1 89
#63 3 1 0 0.984 0.0 0 89 1 91
#64 3 1 0 0.986 0.0 0 89 1 87
#65 3 1 0 0.981 0.0 0 88 1 88
#66 1 1 1 0.985 1.0 0 89 8 0
#67 3 1 0 0.978 0.0 0 85 0 90
#68 3 1 0 0.98 0.0 0 84 1 91
#69 3 1 0 0.985 0.0 0 87 0 87
#70 3 1 0 0.993 0.0 1 85 1 86
#71 3 1 0 0.981 0.0 0 87 1 91
#72 3 1 0 0.985 0.0 0 85 1 88
#73 3 1 0 0.988 0.0 0 89 1 90
#74 3 1 0 0.996 0.0 1 85 1 91
#75 3 1 0 0.996 0.0 1 93 1 90
#76 3 1 0 0.98 0.0 0 88 1 90
#77 3 1 0 0.975 0.0 0 85 1 90
#78 3 1 0 0.977 0.0 0 84 1 83
#79 3 1 0 0.984 0.0 0 87 1 91
#80 3 1 0 0.984 0.0 0 89 1 84
#81 3 1 0 0.982 0.0 0 90 1 87
#82 3 1 0 0.997 0.0 1 84 1 87
#83 3 1 0 0.982 0.0 0 90 1 89
#84 3 1 0 0.985 0.0 0 82 1 86
#85 3 1 0 0.98 0.0 0 89 1 88
#86 3 1 0 0.996 0.0 1 92 1 92
#87 3 1 0 0.986 0.0 0 89 1 91
#88 3 1 0 0.978 0.0 0 87 1 93
#89 3 1 0 0.979 0.0 0 90 1 93
#90 3 1 0 0.98 0.0 0 86 1 89
#91 3 1 0 0.987 0.0 0 88 1 86
#92 3 1 0 0.985 0.0 0 85 1 93
#93 3 1 0 0.974 0.0 0 81 1 81
#94 3 1 0 0.987 0.0 0 91 1 85
#95 3 1 0 0.984 0.0 0 91 1 87
#96 3 1 0 0.984 0.0 0 87 1 89
#97 3 1 0 0.995 0.0 1 87 1 91
#98 3 1 0 0.983 0.0 0 87 1 82
#99 3 1 0 0.978 0.0 0 79 1 89
#100 3 1 0 0.984 0.0 0 89 1 91
