1 0.10891089108910891
2 0.11764705882352941
3 0.1262135922330097
4 0.1346153846153846
5 0.14285714285714285
6 0.1509433962264151
7 0.1588785046728972
8 0.16666666666666666
9 0.1743119266055046
10 0.18181818181818182
11 0.1891891891891892
12 0.19642857142857142
13 0.20353982300884957
14 0.21052631578947367
15 0.21739130434782608
16 0.22413793103448276
17 0.23076923076923078
18 0.23728813559322035
19 0.24369747899159663
20 0.25
21 0.256198347107438
22 0.26229508196721313
23 0.2682926829268293
24 0.27419354838709675
25 0.28
26 0.2857142857142857
27 0.29133858267716534
28 0.296875
29 0.3023255813953488
30 0.3076923076923077
31 0.31297709923664124
32 0.3181818181818182
33 0.3233082706766917
34 0.3283582089552239
35 0.3333333333333333
36 0.3382352941176471
37 0.34306569343065696
38 0.34782608695652173
39 0.35251798561151076
40 0.35714285714285715
41 0.3617021276595745
42 0.36619718309859156
43 0.3706293706293706
44 0.375
45 0.3793103448275862
46 0.3835616438356164
47 0.3877551020408163
48 0.3918918918918919
49 0.3959731543624161
50 0.4
51 0.40397350993377484
52 0.40789473684210525
53 0.4117647058823529
54 0.4155844155844156
55 0.41935483870967744
56 0.4230769230769231
57 0.4267515923566879
58 0.43037974683544306
59 0.4339622641509434
60 0.4375
61 0.4409937888198758
62 0.4444444444444444
63 0.44785276073619634
64 0.45121951219512196
65 0.45454545454545453
66 0.4578313253012048
67 0.46107784431137727
68 0.4642857142857143
69 0.46745562130177515
70 0.47058823529411764
71 0.47368421052631576
72 0.47674418604651164
73 0.4797687861271676
74 0.4827586206896552
75 0.4857142857142857
76 0.48863636363636365
77 0.4915254237288136
78 0.4943820224719101
79 0.4972067039106145
80 0.5
81 0.5027624309392266
82 0.5054945054945055
83 0.5081967213114754
84 0.5108695652173914
85 0.5135135135135135
86 0.5161290322580645
87 0.5187165775401069
88 0.5212765957446809
89 0.5238095238095238
90 0.5263157894736842
91 0.5287958115183246
92 0.53125
93 0.533678756476684
94 0.5360824742268041
95 0.5384615384615384
96 0.5408163265306123
97 0.5431472081218274
98 0.5454545454545454
99 0.5477386934673367
100 0.55
101 0.5522388059701493
102 0.5544554455445545
103 0.5566502463054187
104 0.5588235294117647
105 0.5609756097560976
106 0.5631067961165048
107 0.5652173913043478
108 0.5673076923076923
109 0.569377990430622
110 0.5714285714285714
111 0.5734597156398105
112 0.5754716981132075
113 0.5774647887323944
114 0.5794392523364486
115 0.5813953488372093
116 0.5833333333333334
117 0.5852534562211982
118 0.5871559633027523
119 0.589041095890411
120 0.5909090909090909
121 0.5927601809954751
122 0.5945945945945946
123 0.5964125560538116
124 0.5982142857142857
125 0.6
126 0.6017699115044248
127 0.6035242290748899
128 0.6052631578947368
129 0.6069868995633187
130 0.6086956521739131
131 0.6103896103896104
132 0.6120689655172413
133 0.6137339055793991
134 0.6153846153846154
135 0.6170212765957447
136 0.6186440677966102
137 0.620253164556962
138 0.6218487394957983
139 0.6234309623430963
140 0.625
141 0.6265560165975104
142 0.628099173553719
143 0.6296296296296297
144 0.6311475409836066
145 0.6326530612244898
146 0.6341463414634146
147 0.6356275303643725
148 0.6370967741935484
149 0.6385542168674698
150 0.64
151 0.6414342629482072
152 0.6428571428571429
153 0.6442687747035574
154 0.6456692913385826
155 0.6470588235294118
156 0.6484375
157 0.6498054474708171
158 0.6511627906976745
159 0.6525096525096525
160 0.6538461538461539
161 0.6551724137931034
162 0.6564885496183206
163 0.6577946768060836
164 0.6590909090909091
165 0.660377358490566
166 0.6616541353383458
167 0.6629213483146067
168 0.664179104477612
169 0.6654275092936803
170 0.6666666666666666
180 0.6785714285714286
190 0.6896551724137931
200 0.7
210 0.7096774193548387
220 0.71875
230 0.7272727272727273
240 0.7352941176470589
250 0.7428571428571429
260 0.75
270 0.7567567567567568
280 0.7631578947368421
290 0.7692307692307693
300 0.775
310 0.7804878048780488
320 0.7857142857142857
330 0.7906976744186046
340 0.7954545454545454
350 0.8
360 0.8043478260869565
370 0.8085106382978723
380 0.8125
390 0.8163265306122449
400 0.82
410 0.8235294117647058
420 0.8269230769230769
430 0.8301886792452831
440 0.8333333333333334
450 0.8363636363636363
460 0.8392857142857143
470 0.8421052631578947
480 0.8448275862068966
490 0.847457627118644
500 0.85
510 0.8524590163934426
520 0.8548387096774194
530 0.8571428571428571
540 0.859375
550 0.8615384615384616
560 0.8636363636363636
570 0.8656716417910447
580 0.8676470588235294
590 0.8695652173913043
600 0.8714285714285714
610 0.8732394366197183
620 0.875
630 0.8767123287671232
640 0.8783783783783784
650 0.88
660 0.881578947368421
670 0.8831168831168831
680 0.8846153846153846
690 0.8860759493670886
700 0.8875
710 0.8888888888888888
720 0.8902439024390244
730 0.891566265060241
740 0.8928571428571429
750 0.8941176470588236
760 0.8953488372093024
770 0.896551724137931
780 0.8977272727272727
790 0.898876404494382
800 0.9
810 0.9010989010989011
820 0.9021739130434783
830 0.9032258064516129
840 0.9042553191489362
850 0.9052631578947369
860 0.90625
870 0.9072164948453608
880 0.9081632653061225
890 0.9090909090909091
900 0.91
910 0.9108910891089109
920 0.9117647058823529
930 0.912621359223301
940 0.9134615384615384
950 0.9142857142857143
960 0.9150943396226415
970 0.9158878504672897
980 0.9166666666666666
990 0.9174311926605505
1000 0.9181818181818182
1010 0.918918918918919
1020 0.9196428571428571
1030 0.9203539823008849
1040 0.9210526315789473
1050 0.9217391304347826
1060 0.9224137931034483
1070 0.9230769230769231
1080 0.923728813559322
1090 0.9243697478991597
1100 0.925
1110 0.9256198347107438
1120 0.9262295081967213
1130 0.926829268292683
1140 0.9274193548387096
1150 0.928
1160 0.9285714285714286
1170 0.9291338582677166
1180 0.9296875
1190 0.9302325581395349
1200 0.9307692307692308
1210 0.9312977099236641
1220 0.9318181818181818
1230 0.9323308270676691
1240 0.9328358208955224
1250 0.9333333333333333
1260 0.9338235294117647
1270 0.9343065693430657
1280 0.9347826086956522
1290 0.935251798561151
1300 0.9357142857142857
1310 0.9361702127659575
1320 0.9366197183098591
1330 0.9370629370629371
1340 0.9375
1350 0.9379310344827586
1360 0.9383561643835616
1370 0.9387755102040817
1380 0.9391891891891891
1390 0.9395973154362416
1400 0.94
1410 0.9403973509933775
1420 0.9407894736842105
1430 0.9411764705882353
1440 0.9415584415584416
1450 0.9419354838709677
1460 0.9423076923076923
1470 0.9426751592356688
1480 0.9430379746835443
1490 0.9433962264150944
1500 0.94375
1510 0.9440993788819876
1520 0.9444444444444444
1530 0.9447852760736196
1540 0.9451219512195121
1550 0.9454545454545454
1560 0.9457831325301205
1570 0.9461077844311377
1580 0.9464285714285714
1590 0.9467455621301775
1600 0.9470588235294117
1610 0.9473684210526315
1620 0.9476744186046512
1630 0.9479768786127167
1640 0.9482758620689655
1650 0.9485714285714286
1660 0.9488636363636364
1670 0.9491525423728814
1680 0.949438202247191
1690 0.9497206703910615
1700 0.95
1710 0.9502762430939227
1720 0.9505494505494505
1730 0.9508196721311475
1740 0.9510869565217391
1750 0.9513513513513514
1760 0.9516129032258065
1770 0.9518716577540107
1780 0.9521276595744681
1790 0.9523809523809523
1800 0.9526315789473684
1810 0.9528795811518325
1820 0.953125
1830 0.9533678756476683
1840 0.9536082474226805
1850 0.9538461538461539
1860 0.9540816326530612
1870 0.9543147208121827
1880 0.9545454545454546
1890 0.9547738693467337
1900 0.955
1910 0.9552238805970149
1920 0.9554455445544554
1930 0.9556650246305419
1940 1.0
1950 1.0
1960 1.0

