0 0.0
1 0.0
2 0.0
3 0.0
4 0.01
5 0.0
6 0.0
7 0.0
8 0.0
9 0.0
10 0.0
11 0.0
12 0.0
13 0.0
14 0.0
15 0.0
16 0.0
17 0.0
18 0.01
19 0.0
20 0.01
21 0.03
22 0.0
23 0.0
24 0.0
25 0.0
26 0.0
27 0.0
28 0.01
29 0.0
30 0.01
31 0.01
32 0.03
33 0.01
34 0.02
35 0.0
36 0.01
37 0.01
38 0.03
39 0.01
40 0.01
41 0.0
42 0.02
43 0.02
44 0.06
45 0.02
46 0.03
47 0.0
48 0.03
49 0.02
50 0.03
51 0.05
52 0.02
53 0.04
54 0.04
55 0.04
56 0.02
57 0.02
58 0.02
59 0.01
60 0.02
61 0.0
62 0.0
63 0.04
64 0.03
65 0.03
66 0.01
67 0.01
68 0.03
69 0.01
70 0.0
71 0.03
72 0.02
73 0.01
74 0.0
75 0.01
76 0.01
77 0.0
78 0.01
79 0.0
80 0.0
81 0.0
82 0.0
83 0.01
84 0.0
85 0.0
86 0.0
87 0.0
88 0.0
89 0.0
90 0.01
91 0.0
92 0.0
93 0.0
94 0.0
95 0.0
96 0.0
97 0.0
98 0.0
99 0.0
