1.0 1.0 12.852857142857143 50.15 0.0
1.0 0.5244267198404786 12.852857142857143 26.3 0.01
1.0 0.3369890329012961 12.852857142857143 16.9 0.02
1.0 0.27218344965104685 12.852857142857143 13.65 0.03
1.0 0.22831505483549352 12.852857142857143 11.45 0.04
1.0 0.20638085742771686 12.852857142857143 10.35 0.05
1.0 0.1794616151545364 12.852857142857143 9.0 0.060000000000000005
1.0 0.1794616151545364 12.852857142857143 9.0 0.07
1.0 0.16450648055832504 12.852857142857143 8.25 0.08
1.0 0.15154536390827517 12.852857142857143 7.6 0.09
1.0 0.14356929212362912 12.852857142857143 7.2 0.09999999999999999
1.0 0.13758723828514458 12.852857142857143 6.9 0.10999999999999999
1.0 0.13060817547357925 12.852857142857143 6.55 0.11999999999999998
1.0 0.12362911266201396 12.852857142857143 6.2 0.12999999999999998
1.0 0.1156530408773679 12.852857142857143 5.8 0.13999999999999999
1.0 0.1106679960119641 12.852857142857143 5.55 0.15
1.0 0.1036889332003988 12.852857142857143 5.2 0.16
1.0 0.10069790628115653 12.852857142857143 5.05 0.17
1.0 0.09471585244267199 12.852857142857143 4.75 0.18000000000000002
1.0 0.0897308075772682 12.852857142857143 4.5 0.19000000000000003
1.0 0.08773678963110668 12.852857142857143 4.4 0.20000000000000004
1.0 0.08574277168494517 12.852857142857143 4.3 0.21000000000000005
1.0 0.08175473579262213 12.852857142857143 4.1 0.22000000000000006
1.0 0.08075772681954138 12.852857142857143 4.05 0.23000000000000007
1.0 0.07776669990029911 12.852857142857143 3.9 0.24000000000000007
1.0 0.07676969092721835 12.852857142857143 3.85 0.25000000000000006
1.0 0.07477567298105683 12.852857142857143 3.75 0.26000000000000006
1.0 0.07278165503489531 12.852857142857143 3.65 0.2700000000000001
1.0 0.07178464606181456 12.852857142857143 3.6 0.2800000000000001
1.0 0.07178464606181456 12.852857142857143 3.6 0.2900000000000001
1.0 0.0707876370887338 12.852857142857143 3.55 0.3000000000000001
1.0 0.06879361914257229 12.852857142857143 3.45 0.3100000000000001
1.0 0.06779661016949153 12.852857142857143 3.4 0.3200000000000001
1.0 0.06779661016949153 12.852857142857143 3.4 0.3300000000000001
1.0 0.06679960119641076 12.852857142857143 3.35 0.34000000000000014
1.0 0.06580259222333001 12.852857142857143 3.3 0.35000000000000014
1.0 0.06480558325024925 12.852857142857143 3.25 0.36000000000000015
1.0 0.06380857427716849 12.852857142857143 3.2 0.37000000000000016
1.0 0.06181455633100698 12.852857142857143 3.1 0.38000000000000017
1.0 0.058823529411764705 12.852857142857143 2.95 0.3900000000000002
1.0 0.05682951146560319 12.852857142857143 2.85 0.4000000000000002
1.0 0.05682951146560319 12.852857142857143 2.85 0.4100000000000002
1.0 0.05682951146560319 12.852857142857143 2.85 0.4200000000000002
1.0 0.054835493519441676 12.852857142857143 2.75 0.4300000000000002
1.0 0.05284147557328016 12.852857142857143 2.65 0.4400000000000002
1.0 0.05084745762711865 12.852857142857143 2.55 0.45000000000000023
1.0 0.049850448654037885 12.852857142857143 2.5 0.46000000000000024
1.0 0.049850448654037885 12.852857142857143 2.5 0.47000000000000025
1.0 0.049850448654037885 12.852857142857143 2.5 0.48000000000000026
1.0 0.04685942173479561 12.852857142857143 2.35 0.49000000000000027
1.0 0.045862412761714856 12.852857142857143 2.3 0.5000000000000002
1.0 0.0448654037886341 12.852857142857143 2.25 0.5100000000000002
1.0 0.04187437686939183 12.852857142857143 2.1 0.5200000000000002
1.0 0.04187437686939183 12.852857142857143 2.1 0.5300000000000002
1.0 0.040877367896311065 12.852857142857143 2.05 0.5400000000000003
1.0 0.040877367896311065 12.852857142857143 2.05 0.5500000000000003
1.0 0.040877367896311065 12.852857142857143 2.05 0.5600000000000003
1.0 0.040877367896311065 12.852857142857143 2.05 0.5700000000000003
1.0 0.040877367896311065 12.852857142857143 2.05 0.5800000000000003
1.0 0.03988035892323031 12.852857142857143 2.0 0.5900000000000003
1.0 0.038883349950149554 12.852857142857143 1.95 0.6000000000000003
1.0 0.03788634097706879 12.852857142857143 1.9 0.6100000000000003
1.0 0.03788634097706879 12.852857142857143 1.9 0.6200000000000003
1.0 0.03788634097706879 12.852857142857143 1.9 0.6300000000000003
1.0 0.03788634097706879 12.852857142857143 1.9 0.6400000000000003
1.0 0.03788634097706879 12.852857142857143 1.9 0.6500000000000004
1.0 0.03589232303090728 12.852857142857143 1.8 0.6600000000000004
1.0 0.03489531405782652 12.852857142857143 1.75 0.6700000000000004
1.0 0.03290129611166501 12.852857142857143 1.65 0.6800000000000004
1.0 0.031904287138584245 12.852857142857143 1.6 0.6900000000000004
1.0 0.031904287138584245 12.852857142857143 1.6 0.7000000000000004
1.0 0.03090727816550349 12.852857142857143 1.55 0.7100000000000004
1.0 0.03090727816550349 12.852857142857143 1.55 0.7200000000000004
1.0 0.02991026919242273 12.852857142857143 1.5 0.7300000000000004
1.0 0.02991026919242273 12.852857142857143 1.5 0.7400000000000004
1.0 0.027916251246261216 12.852857142857143 1.4 0.7500000000000004
1.0 0.0259222333000997 12.852857142857143 1.3 0.7600000000000005
1.0 0.024925224327018942 12.852857142857143 1.25 0.7700000000000005
1.0 0.024925224327018942 12.852857142857143 1.25 0.7800000000000005
1.0 0.023928215353938187 12.852857142857143 1.2 0.7900000000000005
1.0 0.022931206380857428 12.852857142857143 1.15 0.8000000000000005
1.0 0.022931206380857428 12.852857142857143 1.15 0.8100000000000005
1.0 0.020937188434695914 12.852857142857143 1.05 0.8200000000000005
1.0 0.020937188434695914 12.852857142857143 1.05 0.8300000000000005
1.0 0.020937188434695914 12.852857142857143 1.05 0.8400000000000005
1.0 0.019940179461615155 12.852857142857143 1.0 0.8500000000000005
1.0 0.019940179461615155 12.852857142857143 1.0 0.8600000000000005
1.0 0.019940179461615155 12.852857142857143 1.0 0.8700000000000006
1.0 0.018943170488534396 12.852857142857143 0.95 0.8800000000000006
1.0 0.018943170488534396 12.852857142857143 0.95 0.8900000000000006
1.0 0.01794616151545364 12.852857142857143 0.9 0.9000000000000006
1.0 0.013958125623130608 12.852857142857143 0.7 0.9100000000000006
1.0 0.01296111665004985 12.852857142857143 0.65 0.9200000000000006
1.0 0.011964107676969093 12.852857142857143 0.6 0.9300000000000006
1.0 0.009970089730807577 12.852857142857143 0.5 0.9400000000000006
0.999888851839502 0.007976071784646061 12.851428571428572 0.4 0.9500000000000006
0.9997777036790041 0.007976071784646061 12.85 0.4 0.9600000000000006
0.9997777036790041 0.006979062811565304 12.85 0.35 0.9700000000000006
0.9995554073580082 0.004985044865403789 12.847142857142858 0.25 0.9800000000000006
0.9987773702345226 0.003988035892323031 12.837142857142856 0.2 0.9900000000000007
0.0 0.0 0.0 0.0
