0.0 0.09970089730807577 0.0 25.0 0.0
0.0 0.09770687936191426 0.0 24.5 0.01
0.0 0.09471585244267199 0.0 23.75 0.02
0.0 0.09371884346959122 0.0 23.5 0.03
0.0 0.09072781655034895 0.0 22.75 0.04
0.0 0.08773678963110668 0.0 22.0 0.05
0.0 0.08275174476570289 0.0 20.75 0.060000000000000005
0.0 0.08275174476570289 0.0 20.75 0.07
0.0 0.08175473579262213 0.0 20.5 0.08
0.0 0.08075772681954138 0.0 20.25 0.09
0.0 0.07876370887337986 0.0 19.75 0.09999999999999999
0.0 0.07776669990029911 0.0 19.5 0.10999999999999999
0.0 0.07676969092721835 0.0 19.25 0.11999999999999998
0.0 0.07577268195413758 0.0 19.0 0.12999999999999998
0.0 0.07477567298105683 0.0 18.75 0.13999999999999999
0.0 0.07377866400797607 0.0 18.5 0.15
0.0 0.07178464606181456 0.0 18.0 0.16
0.0 0.0707876370887338 0.0 17.75 0.17
0.0 0.06779661016949153 0.0 17.0 0.18000000000000002
0.0 0.06779661016949153 0.0 17.0 0.19000000000000003
0.0 0.06779661016949153 0.0 17.0 0.20000000000000004
0.0 0.06779661016949153 0.0 17.0 0.21000000000000005
0.0 0.06679960119641076 0.0 16.75 0.22000000000000006
0.0 0.06679960119641076 0.0 16.75 0.23000000000000007
0.0 0.06480558325024925 0.0 16.25 0.24000000000000007
0.0 0.06281156530408774 0.0 15.75 0.25000000000000006
0.0 0.06081754735792622 0.0 15.25 0.26000000000000006
0.0 0.06081754735792622 0.0 15.25 0.2700000000000001
0.0 0.06081754735792622 0.0 15.25 0.2800000000000001
0.0 0.05982053838484546 0.0 15.0 0.2900000000000001
0.0 0.058823529411764705 0.0 14.75 0.3000000000000001
0.0 0.058823529411764705 0.0 14.75 0.3100000000000001
0.0 0.058823529411764705 0.0 14.75 0.3200000000000001
0.0 0.058823529411764705 0.0 14.75 0.3300000000000001
0.0 0.058823529411764705 0.0 14.75 0.34000000000000014
0.0 0.058823529411764705 0.0 14.75 0.35000000000000014
0.0 0.058823529411764705 0.0 14.75 0.36000000000000015
0.0 0.05782652043868395 0.0 14.5 0.37000000000000016
0.0 0.05782652043868395 0.0 14.5 0.38000000000000017
0.0 0.05782652043868395 0.0 14.5 0.3900000000000002
0.0 0.05782652043868395 0.0 14.5 0.4000000000000002
0.0 0.05682951146560319 0.0 14.25 0.4100000000000002
0.0 0.05583250249252243 0.0 14.0 0.4200000000000002
0.0 0.054835493519441676 0.0 13.75 0.4300000000000002
0.0 0.053838484546360914 0.0 13.5 0.4400000000000002
0.0 0.05284147557328016 0.0 13.25 0.45000000000000023
0.0 0.0518444666001994 0.0 13.0 0.46000000000000024
0.0 0.0518444666001994 0.0 13.0 0.47000000000000025
0.0 0.05084745762711865 0.0 12.75 0.48000000000000026
0.0 0.05084745762711865 0.0 12.75 0.49000000000000027
0.0 0.049850448654037885 0.0 12.5 0.5000000000000002
0.0 0.04885343968095713 0.0 12.25 0.5100000000000002
0.0 0.04685942173479561 0.0 11.75 0.5200000000000002
0.0 0.045862412761714856 0.0 11.5 0.5300000000000002
0.0 0.0448654037886341 0.0 11.25 0.5400000000000003
0.0 0.0448654037886341 0.0 11.25 0.5500000000000003
0.0 0.0448654037886341 0.0 11.25 0.5600000000000003
0.0 0.0448654037886341 0.0 11.25 0.5700000000000003
0.0 0.0448654037886341 0.0 11.25 0.5800000000000003
0.0 0.04386839481555334 0.0 11.0 0.5900000000000003
0.0 0.04287138584247258 0.0 10.75 0.6000000000000003
0.0 0.04287138584247258 0.0 10.75 0.6100000000000003
0.0 0.04187437686939183 0.0 10.5 0.6200000000000003
0.0 0.04187437686939183 0.0 10.5 0.6300000000000003
0.0 0.04187437686939183 0.0 10.5 0.6400000000000003
0.0 0.040877367896311065 0.0 10.25 0.6500000000000004
0.0 0.040877367896311065 0.0 10.25 0.6600000000000004
0.0 0.03988035892323031 0.0 10.0 0.6700000000000004
0.0 0.038883349950149554 0.0 9.75 0.6800000000000004
0.0 0.038883349950149554 0.0 9.75 0.6900000000000004
0.0 0.038883349950149554 0.0 9.75 0.7000000000000004
0.0 0.03788634097706879 0.0 9.5 0.7100000000000004
0.0 0.03788634097706879 0.0 9.5 0.7200000000000004
0.0 0.036889332003988036 0.0 9.25 0.7300000000000004
0.0 0.036889332003988036 0.0 9.25 0.7400000000000004
0.0 0.03589232303090728 0.0 9.0 0.7500000000000004
0.0 0.03589232303090728 0.0 9.0 0.7600000000000005
0.0 0.03489531405782652 0.0 8.75 0.7700000000000005
0.0 0.031904287138584245 0.0 8.0 0.7800000000000005
0.0 0.03090727816550349 0.0 7.75 0.7900000000000005
0.0 0.02991026919242273 0.0 7.5 0.8000000000000005
0.0 0.028913260219341975 0.0 7.25 0.8100000000000005
0.0 0.027916251246261216 0.0 7.0 0.8200000000000005
0.0 0.024925224327018942 0.0 6.25 0.8300000000000005
0.0 0.023928215353938187 0.0 6.0 0.8400000000000005
0.0 0.022931206380857428 0.0 5.75 0.8500000000000005
0.0 0.02193419740777667 0.0 5.5 0.8600000000000005
0.0 0.02193419740777667 0.0 5.5 0.8700000000000006
0.0 0.02193419740777667 0.0 5.5 0.8800000000000006
0.0 0.020937188434695914 0.0 5.25 0.8900000000000006
0.0 0.019940179461615155 0.0 5.0 0.9000000000000006
0.0 0.018943170488534396 0.0 4.75 0.9100000000000006
0.0 0.018943170488534396 0.0 4.75 0.9200000000000006
0.0 0.01694915254237288 0.0 4.25 0.9300000000000006
0.0 0.013958125623130608 0.0 3.5 0.9400000000000006
0.0 0.011964107676969093 0.0 3.0 0.9500000000000006
0.0 0.009970089730807577 0.0 2.5 0.9600000000000006
0.0 0.007976071784646061 0.0 2.0 0.9700000000000006
0.0 0.004985044865403789 0.0 1.25 0.9800000000000006
0.0 0.0 0.0 0.0 0.9900000000000007
0.0 0.0 0.0 0.0
