0.0 0.3988035892323031 0.0 25.0 0.0
0.0 0.3968095712861416 0.0 24.875 0.01
0.0 0.3948155533399801 0.0 24.75 0.02
0.0 0.3938185443668993 0.0 24.6875 0.03
0.0 0.39082751744765704 0.0 24.5 0.04
0.0 0.38783649052841473 0.0 24.3125 0.05
0.0 0.386839481555334 0.0 24.25 0.060000000000000005
0.0 0.386839481555334 0.0 24.25 0.07
0.0 0.386839481555334 0.0 24.25 0.08
0.0 0.386839481555334 0.0 24.25 0.09
0.0 0.38384845463609174 0.0 24.0625 0.09999999999999999
0.0 0.38085742771684944 0.0 23.875 0.10999999999999999
0.0 0.37686939182452645 0.0 23.625 0.11999999999999998
0.0 0.37686939182452645 0.0 23.625 0.12999999999999998
0.0 0.37686939182452645 0.0 23.625 0.13999999999999999
0.0 0.37587238285144564 0.0 23.5625 0.15
0.0 0.37587238285144564 0.0 23.5625 0.16
0.0 0.37587238285144564 0.0 23.5625 0.17
0.0 0.3728813559322034 0.0 23.375 0.18000000000000002
0.0 0.3728813559322034 0.0 23.375 0.19000000000000003
0.0 0.3728813559322034 0.0 23.375 0.20000000000000004
0.0 0.37188434695912265 0.0 23.3125 0.21000000000000005
0.0 0.3708873379860419 0.0 23.25 0.22000000000000006
0.0 0.3708873379860419 0.0 23.25 0.23000000000000007
0.0 0.3708873379860419 0.0 23.25 0.24000000000000007
0.0 0.3698903290129611 0.0 23.1875 0.25000000000000006
0.0 0.3678963110667996 0.0 23.0625 0.26000000000000006
0.0 0.3678963110667996 0.0 23.0625 0.2700000000000001
0.0 0.3678963110667996 0.0 23.0625 0.2800000000000001
0.0 0.36689930209371885 0.0 23.0 0.2900000000000001
0.0 0.36689930209371885 0.0 23.0 0.3000000000000001
0.0 0.36689930209371885 0.0 23.0 0.3100000000000001
0.0 0.36490528414755735 0.0 22.875 0.3200000000000001
0.0 0.36490528414755735 0.0 22.875 0.3300000000000001
0.0 0.3629112662013958 0.0 22.75 0.34000000000000014
0.0 0.3609172482552343 0.0 22.625 0.35000000000000014
0.0 0.3609172482552343 0.0 22.625 0.36000000000000015
0.0 0.3609172482552343 0.0 22.625 0.37000000000000016
0.0 0.35992023928215355 0.0 22.5625 0.38000000000000017
0.0 0.3589232303090728 0.0 22.5 0.3900000000000002
0.0 0.35692921236291125 0.0 22.375 0.4000000000000002
0.0 0.35493519441674976 0.0 22.25 0.4100000000000002
0.0 0.353938185443669 0.0 22.1875 0.4200000000000002
0.0 0.353938185443669 0.0 22.1875 0.4300000000000002
0.0 0.353938185443669 0.0 22.1875 0.4400000000000002
0.0 0.35294117647058826 0.0 22.125 0.45000000000000023
0.0 0.35194416749750745 0.0 22.0625 0.46000000000000024
0.0 0.35194416749750745 0.0 22.0625 0.47000000000000025
0.0 0.3489531405782652 0.0 21.875 0.48000000000000026
0.0 0.34795613160518446 0.0 21.8125 0.49000000000000027
0.0 0.3469591226321037 0.0 21.75 0.5000000000000002
0.0 0.34297108673978066 0.0 21.5 0.5100000000000002
0.0 0.33998005982053836 0.0 21.3125 0.5200000000000002
0.0 0.33798604187437686 0.0 21.1875 0.5300000000000002
0.0 0.33300099700897307 0.0 20.875 0.5400000000000003
0.0 0.3320039880358923 0.0 20.8125 0.5500000000000003
0.0 0.33100697906281157 0.0 20.75 0.5600000000000003
0.0 0.32801595214356927 0.0 20.5625 0.5700000000000003
0.0 0.3270189431704885 0.0 20.5 0.5800000000000003
0.0 0.3270189431704885 0.0 20.5 0.5900000000000003
0.0 0.3270189431704885 0.0 20.5 0.6000000000000003
0.0 0.325024925224327 0.0 20.375 0.6100000000000003
0.0 0.3240279162512463 0.0 20.3125 0.6200000000000003
0.0 0.3220338983050847 0.0 20.1875 0.6300000000000003
0.0 0.32103688933200397 0.0 20.125 0.6400000000000003
0.0 0.32103688933200397 0.0 20.125 0.6500000000000004
0.0 0.3200398803589232 0.0 20.0625 0.6600000000000004
0.0 0.3190428713858425 0.0 20.0 0.6700000000000004
0.0 0.3190428713858425 0.0 20.0 0.6800000000000004
0.0 0.317048853439681 0.0 19.875 0.6900000000000004
0.0 0.317048853439681 0.0 19.875 0.7000000000000004
0.0 0.3140578265204387 0.0 19.6875 0.7100000000000004
0.0 0.3100697906281156 0.0 19.4375 0.7200000000000004
0.0 0.30608175473579263 0.0 19.1875 0.7300000000000004
0.0 0.3050847457627119 0.0 19.125 0.7400000000000004
0.0 0.2971086739780658 0.0 18.625 0.7500000000000004
0.0 0.29411764705882354 0.0 18.4375 0.7600000000000005
0.0 0.28614157527417744 0.0 17.9375 0.7700000000000005
0.0 0.28614157527417744 0.0 17.9375 0.7800000000000005
0.0 0.2831505483549352 0.0 17.75 0.7900000000000005
0.0 0.2811565304087737 0.0 17.625 0.8000000000000005
0.0 0.2761714855433699 0.0 17.3125 0.8100000000000005
0.0 0.2741774675972084 0.0 17.1875 0.8200000000000005
0.0 0.2662013958125623 0.0 16.6875 0.8300000000000005
0.0 0.259222333000997 0.0 16.25 0.8400000000000005
0.0 0.25623130608175476 0.0 16.0625 0.8500000000000005
0.0 0.2522432701894317 0.0 15.8125 0.8600000000000005
0.0 0.2452642073778664 0.0 15.375 0.8700000000000006
0.0 0.2382851445663011 0.0 14.9375 0.8800000000000006
0.0 0.2333000997008973 0.0 14.625 0.8900000000000006
0.0 0.22831505483549352 0.0 14.3125 0.9000000000000006
0.0 0.22333000997008973 0.0 14.0 0.9100000000000006
0.0 0.21335992023928216 0.0 13.375 0.9200000000000006
0.0 0.2053838484546361 0.0 12.875 0.9300000000000006
0.0 0.19541375872382852 0.0 12.25 0.9400000000000006
0.0 0.18743768693918245 0.0 11.75 0.9500000000000006
0.0 0.1674975074775673 0.0 10.5 0.9600000000000006
0.0 0.1345962113659023 0.0 8.4375 0.9700000000000006
0.0 0.1156530408773679 0.0 7.25 0.9800000000000006
0.0 0.0897308075772682 0.0 5.625 0.9900000000000007
0.0 0.0 0.0 0.0
