0.0 0.5982053838484547 0.0 20.0 0.0
0.0 0.5982053838484547 0.0 20.0 0.01
0.0 0.5982053838484547 0.0 20.0 0.02
0.0 0.5982053838484547 0.0 20.0 0.03
0.0 0.5982053838484547 0.0 20.0 0.04
0.0 0.5982053838484547 0.0 20.0 0.05
0.0 0.5982053838484547 0.0 20.0 0.060000000000000005
0.0 0.5982053838484547 0.0 20.0 0.07
0.0 0.5982053838484547 0.0 20.0 0.08
0.0 0.5982053838484547 0.0 20.0 0.09
0.0 0.5982053838484547 0.0 20.0 0.09999999999999999
0.0 0.5982053838484547 0.0 20.0 0.10999999999999999
0.0 0.5982053838484547 0.0 20.0 0.11999999999999998
0.0 0.5982053838484547 0.0 20.0 0.12999999999999998
0.0 0.5982053838484547 0.0 20.0 0.13999999999999999
0.0 0.5982053838484547 0.0 20.0 0.15
0.0 0.5982053838484547 0.0 20.0 0.16
0.0 0.5982053838484547 0.0 20.0 0.17
0.0 0.5982053838484547 0.0 20.0 0.18000000000000002
0.0 0.5982053838484547 0.0 20.0 0.19000000000000003
0.0 0.5982053838484547 0.0 20.0 0.20000000000000004
0.0 0.5982053838484547 0.0 20.0 0.21000000000000005
0.0 0.5982053838484547 0.0 20.0 0.22000000000000006
0.0 0.5982053838484547 0.0 20.0 0.23000000000000007
0.0 0.5982053838484547 0.0 20.0 0.24000000000000007
0.0 0.5982053838484547 0.0 20.0 0.25000000000000006
0.0 0.5982053838484547 0.0 20.0 0.26000000000000006
0.0 0.5972083748753739 0.0 19.966666666666665 0.2700000000000001
0.0 0.5972083748753739 0.0 19.966666666666665 0.2800000000000001
0.0 0.5972083748753739 0.0 19.966666666666665 0.2900000000000001
0.0 0.5972083748753739 0.0 19.966666666666665 0.3000000000000001
0.0 0.5972083748753739 0.0 19.966666666666665 0.3100000000000001
0.0 0.5972083748753739 0.0 19.966666666666665 0.3200000000000001
0.0 0.5952143569292123 0.0 19.9 0.3300000000000001
0.0 0.5952143569292123 0.0 19.9 0.34000000000000014
0.0 0.5952143569292123 0.0 19.9 0.35000000000000014
0.0 0.5952143569292123 0.0 19.9 0.36000000000000015
0.0 0.5952143569292123 0.0 19.9 0.37000000000000016
0.0 0.5952143569292123 0.0 19.9 0.38000000000000017
0.0 0.5952143569292123 0.0 19.9 0.3900000000000002
0.0 0.5952143569292123 0.0 19.9 0.4000000000000002
0.0 0.5952143569292123 0.0 19.9 0.4100000000000002
0.0 0.5952143569292123 0.0 19.9 0.4200000000000002
0.0 0.5952143569292123 0.0 19.9 0.4300000000000002
0.0 0.5952143569292123 0.0 19.9 0.4400000000000002
0.0 0.5952143569292123 0.0 19.9 0.45000000000000023
0.0 0.5932203389830508 0.0 19.833333333333332 0.46000000000000024
0.0 0.5932203389830508 0.0 19.833333333333332 0.47000000000000025
0.0 0.5932203389830508 0.0 19.833333333333332 0.48000000000000026
0.0 0.5932203389830508 0.0 19.833333333333332 0.49000000000000027
0.0 0.5932203389830508 0.0 19.833333333333332 0.5000000000000002
0.0 0.5932203389830508 0.0 19.833333333333332 0.5100000000000002
0.0 0.5932203389830508 0.0 19.833333333333332 0.5200000000000002
0.0 0.5932203389830508 0.0 19.833333333333332 0.5300000000000002
0.0 0.5922233300099701 0.0 19.8 0.5400000000000003
0.0 0.5922233300099701 0.0 19.8 0.5500000000000003
0.0 0.5922233300099701 0.0 19.8 0.5600000000000003
0.0 0.5902293120638086 0.0 19.733333333333334 0.5700000000000003
0.0 0.5902293120638086 0.0 19.733333333333334 0.5800000000000003
0.0 0.5902293120638086 0.0 19.733333333333334 0.5900000000000003
0.0 0.5902293120638086 0.0 19.733333333333334 0.6000000000000003
0.0 0.5902293120638086 0.0 19.733333333333334 0.6100000000000003
0.0 0.5902293120638086 0.0 19.733333333333334 0.6200000000000003
0.0 0.5902293120638086 0.0 19.733333333333334 0.6300000000000003
0.0 0.5902293120638086 0.0 19.733333333333334 0.6400000000000003
0.0 0.5882352941176471 0.0 19.666666666666668 0.6500000000000004
0.0 0.5882352941176471 0.0 19.666666666666668 0.6600000000000004
0.0 0.5882352941176471 0.0 19.666666666666668 0.6700000000000004
0.0 0.5882352941176471 0.0 19.666666666666668 0.6800000000000004
0.0 0.5872382851445663 0.0 19.633333333333333 0.6900000000000004
0.0 0.5872382851445663 0.0 19.633333333333333 0.7000000000000004
0.0 0.5872382851445663 0.0 19.633333333333333 0.7100000000000004
0.0 0.5872382851445663 0.0 19.633333333333333 0.7200000000000004
0.0 0.5862412761714856 0.0 19.6 0.7300000000000004
0.0 0.5862412761714856 0.0 19.6 0.7400000000000004
0.0 0.5862412761714856 0.0 19.6 0.7500000000000004
0.0 0.584247258225324 0.0 19.533333333333335 0.7600000000000005
0.0 0.584247258225324 0.0 19.533333333333335 0.7700000000000005
0.0 0.584247258225324 0.0 19.533333333333335 0.7800000000000005
0.0 0.584247258225324 0.0 19.533333333333335 0.7900000000000005
0.0 0.584247258225324 0.0 19.533333333333335 0.8000000000000005
0.0 0.5832502492522432 0.0 19.5 0.8100000000000005
0.0 0.5822532402791625 0.0 19.466666666666665 0.8200000000000005
0.0 0.5792622133599202 0.0 19.366666666666667 0.8300000000000005
0.0 0.5772681954137587 0.0 19.3 0.8400000000000005
0.0 0.576271186440678 0.0 19.266666666666666 0.8500000000000005
0.0 0.5752741774675972 0.0 19.233333333333334 0.8600000000000005
0.0 0.5732801595214357 0.0 19.166666666666668 0.8700000000000006
0.0 0.5692921236291126 0.0 19.033333333333335 0.8800000000000006
0.0 0.5682951146560319 0.0 19.0 0.8900000000000006
0.0 0.5653040877367896 0.0 18.9 0.9000000000000006
0.0 0.5603190428713859 0.0 18.733333333333334 0.9100000000000006
0.0 0.555333998005982 0.0 18.566666666666666 0.9200000000000006
0.0 0.5483549351944168 0.0 18.333333333333332 0.9300000000000006
0.0 0.5403788634097707 0.0 18.066666666666666 0.9400000000000006
0.0 0.5254237288135594 0.0 17.566666666666666 0.9500000000000006
0.0 0.5084745762711864 0.0 17.0 0.9600000000000006
0.0 0.481555333998006 0.0 16.1 0.9700000000000006
0.0 0.42572283150548357 0.0 14.233333333333333 0.9800000000000006
0.0 0.3469591226321037 0.0 11.6 0.9900000000000007
0.0 0.0 0.0 0.0
