1.0 1.0 8.997 28.65714285714286 0.0
1.0 0.36191425722831505 8.997 10.371428571428572 0.01
1.0 0.1984047856430708 8.997 5.685714285714286 0.02
1.0 0.15653040877367896 8.997 4.485714285714286 0.03
1.0 0.14356929212362912 8.997 4.114285714285714 0.04
1.0 0.1226321036889332 8.997 3.5142857142857142 0.05
1.0 0.09770687936191426 8.997 2.8 0.060000000000000005
1.0 0.09770687936191426 8.997 2.8 0.07
1.0 0.09172482552342971 8.997 2.6285714285714286 0.08
1.0 0.0847457627118644 8.997 2.4285714285714284 0.09
1.0 0.08275174476570289 8.997 2.3714285714285714 0.09999999999999999
1.0 0.07676969092721835 8.997 2.2 0.10999999999999999
1.0 0.07278165503489531 8.997 2.085714285714286 0.11999999999999998
1.0 0.06779661016949153 8.997 1.9428571428571428 0.12999999999999998
1.0 0.06181455633100698 8.997 1.7714285714285714 0.13999999999999999
1.0 0.06181455633100698 8.997 1.7714285714285714 0.15
1.0 0.06081754735792622 8.997 1.7428571428571429 0.16
1.0 0.058823529411764705 8.997 1.6857142857142857 0.17
1.0 0.05782652043868395 8.997 1.6571428571428573 0.18000000000000002
1.0 0.05682951146560319 8.997 1.6285714285714286 0.19000000000000003
1.0 0.053838484546360914 8.997 1.542857142857143 0.20000000000000004
1.0 0.0518444666001994 8.997 1.4857142857142858 0.21000000000000005
1.0 0.04885343968095713 8.997 1.4 0.22000000000000006
1.0 0.045862412761714856 8.997 1.3142857142857143 0.23000000000000007
1.0 0.045862412761714856 8.997 1.3142857142857143 0.24000000000000007
1.0 0.045862412761714856 8.997 1.3142857142857143 0.25000000000000006
1.0 0.0448654037886341 8.997 1.2857142857142858 0.26000000000000006
1.0 0.0448654037886341 8.997 1.2857142857142858 0.2700000000000001
1.0 0.0448654037886341 8.997 1.2857142857142858 0.2800000000000001
1.0 0.04386839481555334 8.997 1.2571428571428571 0.2900000000000001
1.0 0.04386839481555334 8.997 1.2571428571428571 0.3000000000000001
1.0 0.04287138584247258 8.997 1.2285714285714286 0.3100000000000001
1.0 0.04287138584247258 8.997 1.2285714285714286 0.3200000000000001
1.0 0.04287138584247258 8.997 1.2285714285714286 0.3300000000000001
1.0 0.04287138584247258 8.997 1.2285714285714286 0.34000000000000014
1.0 0.04187437686939183 8.997 1.2 0.35000000000000014
1.0 0.04187437686939183 8.997 1.2 0.36000000000000015
1.0 0.04187437686939183 8.997 1.2 0.37000000000000016
1.0 0.04187437686939183 8.997 1.2 0.38000000000000017
1.0 0.040877367896311065 8.997 1.1714285714285715 0.3900000000000002
1.0 0.038883349950149554 8.997 1.1142857142857143 0.4000000000000002
1.0 0.036889332003988036 8.997 1.0571428571428572 0.4100000000000002
1.0 0.03489531405782652 8.997 1.0 0.4200000000000002
1.0 0.03489531405782652 8.997 1.0 0.4300000000000002
1.0 0.03290129611166501 8.997 0.9428571428571428 0.4400000000000002
1.0 0.03290129611166501 8.997 0.9428571428571428 0.45000000000000023
1.0 0.03090727816550349 8.997 0.8857142857142857 0.46000000000000024
1.0 0.03090727816550349 8.997 0.8857142857142857 0.47000000000000025
1.0 0.02991026919242273 8.997 0.8571428571428571 0.48000000000000026
1.0 0.028913260219341975 8.997 0.8285714285714286 0.49000000000000027
1.0 0.026919242273180457 8.997 0.7714285714285715 0.5000000000000002
1.0 0.026919242273180457 8.997 0.7714285714285715 0.5100000000000002
1.0 0.0259222333000997 8.997 0.7428571428571429 0.5200000000000002
1.0 0.024925224327018942 8.997 0.7142857142857143 0.5300000000000002
1.0 0.023928215353938187 8.997 0.6857142857142857 0.5400000000000003
1.0 0.023928215353938187 8.997 0.6857142857142857 0.5500000000000003
1.0 0.023928215353938187 8.997 0.6857142857142857 0.5600000000000003
1.0 0.023928215353938187 8.997 0.6857142857142857 0.5700000000000003
1.0 0.022931206380857428 8.997 0.6571428571428571 0.5800000000000003
1.0 0.02193419740777667 8.997 0.6285714285714286 0.5900000000000003
1.0 0.020937188434695914 8.997 0.6 0.6000000000000003
1.0 0.020937188434695914 8.997 0.6 0.6100000000000003
1.0 0.019940179461615155 8.997 0.5714285714285714 0.6200000000000003
1.0 0.019940179461615155 8.997 0.5714285714285714 0.6300000000000003
1.0 0.019940179461615155 8.997 0.5714285714285714 0.6400000000000003
1.0 0.019940179461615155 8.997 0.5714285714285714 0.6500000000000004
1.0 0.019940179461615155 8.997 0.5714285714285714 0.6600000000000004
1.0 0.019940179461615155 8.997 0.5714285714285714 0.6700000000000004
1.0 0.019940179461615155 8.997 0.5714285714285714 0.6800000000000004
1.0 0.019940179461615155 8.997 0.5714285714285714 0.6900000000000004
1.0 0.019940179461615155 8.997 0.5714285714285714 0.7000000000000004
1.0 0.019940179461615155 8.997 0.5714285714285714 0.7100000000000004
1.0 0.018943170488534396 8.997 0.5428571428571428 0.7200000000000004
1.0 0.01794616151545364 8.997 0.5142857142857142 0.7300000000000004
1.0 0.015952143569292122 8.997 0.45714285714285713 0.7400000000000004
1.0 0.015952143569292122 8.997 0.45714285714285713 0.7500000000000004
1.0 0.015952143569292122 8.997 0.45714285714285713 0.7600000000000005
1.0 0.014955134596211365 8.997 0.42857142857142855 0.7700000000000005
1.0 0.014955134596211365 8.997 0.42857142857142855 0.7800000000000005
1.0 0.013958125623130608 8.997 0.4 0.7900000000000005
1.0 0.013958125623130608 8.997 0.4 0.8000000000000005
1.0 0.013958125623130608 8.997 0.4 0.8100000000000005
1.0 0.01296111665004985 8.997 0.37142857142857144 0.8200000000000005
1.0 0.011964107676969093 8.997 0.34285714285714286 0.8300000000000005
1.0 0.010967098703888335 8.997 0.3142857142857143 0.8400000000000005
1.0 0.010967098703888335 8.997 0.3142857142857143 0.8500000000000005
1.0 0.010967098703888335 8.997 0.3142857142857143 0.8600000000000005
1.0 0.009970089730807577 8.997 0.2857142857142857 0.8700000000000006
1.0 0.009970089730807577 8.997 0.2857142857142857 0.8800000000000006
1.0 0.009970089730807577 8.997 0.2857142857142857 0.8900000000000006
1.0 0.009970089730807577 8.997 0.2857142857142857 0.9000000000000006
1.0 0.009970089730807577 8.997 0.2857142857142857 0.9100000000000006
1.0 0.00897308075772682 8.997 0.2571428571428571 0.9200000000000006
1.0 0.00897308075772682 8.997 0.2571428571428571 0.9300000000000006
1.0 0.00897308075772682 8.997 0.2571428571428571 0.9400000000000006
1.0 0.007976071784646061 8.997 0.22857142857142856 0.9500000000000006
1.0 0.004985044865403789 8.997 0.14285714285714285 0.9600000000000006
1.0 0.0029910269192422734 8.997 0.08571428571428572 0.9700000000000006
1.0 9.970089730807576E-4 8.997 0.02857142857142857 0.9800000000000006
0.999888851839502 0.0 8.996 0.0 0.9900000000000007
0.0 0.0 0.0 0.0
