0.0 0.09970089730807577 0.0 20.0 0.0
0.0 0.09870388833499502 0.0 19.8 0.01
0.0 0.09770687936191426 0.0 19.6 0.02
0.0 0.09272183449651047 0.0 18.6 0.03
0.0 0.09172482552342971 0.0 18.4 0.04
0.0 0.09172482552342971 0.0 18.4 0.05
0.0 0.09072781655034895 0.0 18.2 0.060000000000000005
0.0 0.09072781655034895 0.0 18.2 0.07
0.0 0.08873379860418744 0.0 17.8 0.08
0.0 0.08773678963110668 0.0 17.6 0.09
0.0 0.08773678963110668 0.0 17.6 0.09999999999999999
0.0 0.08673978065802593 0.0 17.4 0.10999999999999999
0.0 0.0847457627118644 0.0 17.0 0.11999999999999998
0.0 0.0847457627118644 0.0 17.0 0.12999999999999998
0.0 0.0847457627118644 0.0 17.0 0.13999999999999999
0.0 0.08275174476570289 0.0 16.6 0.15
0.0 0.08275174476570289 0.0 16.6 0.16
0.0 0.08275174476570289 0.0 16.6 0.17
0.0 0.08075772681954138 0.0 16.2 0.18000000000000002
0.0 0.07976071784646062 0.0 16.0 0.19000000000000003
0.0 0.07976071784646062 0.0 16.0 0.20000000000000004
0.0 0.07876370887337986 0.0 15.8 0.21000000000000005
0.0 0.07776669990029911 0.0 15.6 0.22000000000000006
0.0 0.07776669990029911 0.0 15.6 0.23000000000000007
0.0 0.07776669990029911 0.0 15.6 0.24000000000000007
0.0 0.07776669990029911 0.0 15.6 0.25000000000000006
0.0 0.07676969092721835 0.0 15.4 0.26000000000000006
0.0 0.07676969092721835 0.0 15.4 0.2700000000000001
0.0 0.07676969092721835 0.0 15.4 0.2800000000000001
0.0 0.07676969092721835 0.0 15.4 0.2900000000000001
0.0 0.07377866400797607 0.0 14.8 0.3000000000000001
0.0 0.07377866400797607 0.0 14.8 0.3100000000000001
0.0 0.07278165503489531 0.0 14.6 0.3200000000000001
0.0 0.07278165503489531 0.0 14.6 0.3300000000000001
0.0 0.07278165503489531 0.0 14.6 0.34000000000000014
0.0 0.07278165503489531 0.0 14.6 0.35000000000000014
0.0 0.07278165503489531 0.0 14.6 0.36000000000000015
0.0 0.0707876370887338 0.0 14.2 0.37000000000000016
0.0 0.0707876370887338 0.0 14.2 0.38000000000000017
0.0 0.0707876370887338 0.0 14.2 0.3900000000000002
0.0 0.06979062811565304 0.0 14.0 0.4000000000000002
0.0 0.06779661016949153 0.0 13.6 0.4100000000000002
0.0 0.06779661016949153 0.0 13.6 0.4200000000000002
0.0 0.06580259222333001 0.0 13.2 0.4300000000000002
0.0 0.06580259222333001 0.0 13.2 0.4400000000000002
0.0 0.06580259222333001 0.0 13.2 0.45000000000000023
0.0 0.06380857427716849 0.0 12.8 0.46000000000000024
0.0 0.06380857427716849 0.0 12.8 0.47000000000000025
0.0 0.06181455633100698 0.0 12.4 0.48000000000000026
0.0 0.06081754735792622 0.0 12.2 0.49000000000000027
0.0 0.06081754735792622 0.0 12.2 0.5000000000000002
0.0 0.05982053838484546 0.0 12.0 0.5100000000000002
0.0 0.05982053838484546 0.0 12.0 0.5200000000000002
0.0 0.058823529411764705 0.0 11.8 0.5300000000000002
0.0 0.058823529411764705 0.0 11.8 0.5400000000000003
0.0 0.058823529411764705 0.0 11.8 0.5500000000000003
0.0 0.05782652043868395 0.0 11.6 0.5600000000000003
0.0 0.05782652043868395 0.0 11.6 0.5700000000000003
0.0 0.05782652043868395 0.0 11.6 0.5800000000000003
0.0 0.05682951146560319 0.0 11.4 0.5900000000000003
0.0 0.05583250249252243 0.0 11.2 0.6000000000000003
0.0 0.05583250249252243 0.0 11.2 0.6100000000000003
0.0 0.053838484546360914 0.0 10.8 0.6200000000000003
0.0 0.053838484546360914 0.0 10.8 0.6300000000000003
0.0 0.05284147557328016 0.0 10.6 0.6400000000000003
0.0 0.05284147557328016 0.0 10.6 0.6500000000000004
0.0 0.0518444666001994 0.0 10.4 0.6600000000000004
0.0 0.05084745762711865 0.0 10.2 0.6700000000000004
0.0 0.04885343968095713 0.0 9.8 0.6800000000000004
0.0 0.04885343968095713 0.0 9.8 0.6900000000000004
0.0 0.047856430707876374 0.0 9.6 0.7000000000000004
0.0 0.047856430707876374 0.0 9.6 0.7100000000000004
0.0 0.047856430707876374 0.0 9.6 0.7200000000000004
0.0 0.047856430707876374 0.0 9.6 0.7300000000000004
0.0 0.047856430707876374 0.0 9.6 0.7400000000000004
0.0 0.04685942173479561 0.0 9.4 0.7500000000000004
0.0 0.045862412761714856 0.0 9.2 0.7600000000000005
0.0 0.045862412761714856 0.0 9.2 0.7700000000000005
0.0 0.0448654037886341 0.0 9.0 0.7800000000000005
0.0 0.04287138584247258 0.0 8.6 0.7900000000000005
0.0 0.04187437686939183 0.0 8.4 0.8000000000000005
0.0 0.03988035892323031 0.0 8.0 0.8100000000000005
0.0 0.036889332003988036 0.0 7.4 0.8200000000000005
0.0 0.03589232303090728 0.0 7.2 0.8300000000000005
0.0 0.03589232303090728 0.0 7.2 0.8400000000000005
0.0 0.03589232303090728 0.0 7.2 0.8500000000000005
0.0 0.031904287138584245 0.0 6.4 0.8600000000000005
0.0 0.028913260219341975 0.0 5.8 0.8700000000000006
0.0 0.028913260219341975 0.0 5.8 0.8800000000000006
0.0 0.028913260219341975 0.0 5.8 0.8900000000000006
0.0 0.026919242273180457 0.0 5.4 0.9000000000000006
0.0 0.0259222333000997 0.0 5.2 0.9100000000000006
0.0 0.0259222333000997 0.0 5.2 0.9200000000000006
0.0 0.022931206380857428 0.0 4.6 0.9300000000000006
0.0 0.022931206380857428 0.0 4.6 0.9400000000000006
0.0 0.019940179461615155 0.0 4.0 0.9500000000000006
0.0 0.01794616151545364 0.0 3.6 0.9600000000000006
0.0 0.01296111665004985 0.0 2.6 0.9700000000000006
0.0 0.00897308075772682 0.0 1.8 0.9800000000000006
0.0 0.0019940179461615153 0.0 0.4 0.9900000000000007
0.0 0.0 0.0 0.0
