1.0 1.0 44.985 50.15 0.0
1.0 0.9870388833499502 44.985 49.5 0.01
1.0 0.9690927218344965 44.985 48.6 0.02
1.0 0.9561316051844466 44.985 47.95 0.03
1.0 0.9451645064805583 44.985 47.4 0.04
1.0 0.9322033898305084 44.985 46.75 0.05
1.0 0.9002991026919243 44.985 45.15 0.060000000000000005
1.0 0.9002991026919243 44.985 45.15 0.07
1.0 0.8853439680957128 44.985 44.4 0.08
1.0 0.8763708873379861 44.985 43.95 0.09
1.0 0.8763708873379861 44.985 43.95 0.09999999999999999
1.0 0.8693918245264207 44.985 43.6 0.10999999999999999
1.0 0.8634097706879362 44.985 43.3 0.11999999999999998
1.0 0.8534396809571286 44.985 42.8 0.12999999999999998
1.0 0.8464606181455633 44.985 42.45 0.13999999999999999
1.0 0.8325024925224327 44.985 41.75 0.15
1.0 0.8205383848454636 44.985 41.15 0.16
1.0 0.810568295114656 44.985 40.65 0.17
1.0 0.7647058823529411 44.985 38.35 0.18000000000000002
1.0 0.7437686939182453 44.985 37.3 0.19000000000000003
1.0 0.7268195413758723 44.985 36.45 0.20000000000000004
1.0 0.715852442671984 44.985 35.9 0.21000000000000005
1.0 0.7088733798604188 44.985 35.55 0.22000000000000006
1.0 0.7048853439680958 44.985 35.35 0.23000000000000007
1.0 0.6999002991026919 44.985 35.1 0.24000000000000007
1.0 0.6939182452642074 44.985 34.8 0.25000000000000006
1.0 0.6939182452642074 44.985 34.8 0.26000000000000006
1.0 0.6889332003988036 44.985 34.55 0.2700000000000001
1.0 0.6859421734795613 44.985 34.4 0.2800000000000001
1.0 0.6819541375872383 44.985 34.2 0.2900000000000001
1.0 0.6779661016949152 44.985 34.0 0.3000000000000001
1.0 0.6769690927218345 44.985 33.95 0.3100000000000001
1.0 0.674975074775673 44.985 33.85 0.3200000000000001
1.0 0.6650049850448654 44.985 33.35 0.3300000000000001
1.0 0.6560319042871385 44.985 32.9 0.34000000000000014
1.0 0.650049850448654 44.985 32.6 0.35000000000000014
1.0 0.6410767696909272 44.985 32.15 0.36000000000000015
1.0 0.6301096709870389 44.985 31.6 0.37000000000000016
1.0 0.617148554336989 44.985 30.95 0.38000000000000017
1.0 0.6051844466600199 44.985 30.35 0.3900000000000002
1.0 0.5902293120638086 44.985 29.6 0.4000000000000002
1.0 0.5722831505483549 44.985 28.7 0.4100000000000002
1.0 0.5543369890329013 44.985 27.8 0.4200000000000002
1.0 0.5403788634097707 44.985 27.1 0.4300000000000002
1.0 0.5234297108673978 44.985 26.25 0.4400000000000002
1.0 0.5054835493519442 44.985 25.35 0.45000000000000023
1.0 0.48953140578265203 44.985 24.55 0.46000000000000024
1.0 0.4795613160518445 44.985 24.05 0.47000000000000025
1.0 0.4695912263210369 44.985 23.55 0.48000000000000026
1.0 0.4556331006979063 44.985 22.85 0.49000000000000027
1.0 0.44666001994017945 44.985 22.4 0.5000000000000002
1.0 0.4406779661016949 44.985 22.1 0.5100000000000002
1.0 0.4336989032901296 44.985 21.75 0.5200000000000002
1.0 0.4307078763708873 44.985 21.6 0.5300000000000002
1.0 0.4307078763708873 44.985 21.6 0.5400000000000003
1.0 0.42771684945164506 44.985 21.45 0.5500000000000003
1.0 0.42771684945164506 44.985 21.45 0.5600000000000003
1.0 0.42771684945164506 44.985 21.45 0.5700000000000003
1.0 0.4247258225324028 44.985 21.3 0.5800000000000003
1.0 0.42273180458624127 44.985 21.2 0.5900000000000003
1.0 0.4217347956131605 44.985 21.15 0.6000000000000003
1.0 0.41575274177467597 44.985 20.85 0.6100000000000003
1.0 0.4087736789631107 44.985 20.5 0.6200000000000003
1.0 0.40279162512462613 44.985 20.2 0.6300000000000003
1.0 0.3938185443668993 44.985 19.75 0.6400000000000003
1.0 0.38584247258225324 44.985 19.35 0.6500000000000004
1.0 0.36889332003988035 44.985 18.5 0.6600000000000004
1.0 0.3559322033898305 44.985 17.85 0.6700000000000004
1.0 0.34097706879361916 44.985 17.1 0.6800000000000004
1.0 0.32602193419740777 44.985 16.35 0.6900000000000004
1.0 0.29810568295114653 44.985 14.95 0.7000000000000004
1.0 0.2662013958125623 44.985 13.35 0.7100000000000004
1.0 0.24027916251246262 44.985 12.05 0.7200000000000004
1.0 0.23030907278165502 44.985 11.55 0.7300000000000004
1.0 0.20837487537387836 44.985 10.45 0.7400000000000004
1.0 0.1864406779661017 44.985 9.35 0.7500000000000004
1.0 0.17048853439680958 44.985 8.55 0.7600000000000005
1.0 0.16350947158524426 44.985 8.2 0.7700000000000005
1.0 0.15453639082751744 44.985 7.75 0.7800000000000005
0.999888851839502 0.1465603190428714 44.98 7.35 0.7900000000000005
0.999888851839502 0.13958125623130607 44.98 7.0 0.8000000000000005
0.9996665555185061 0.1365902293120638 44.97 6.85 0.8100000000000005
0.9988885183950206 0.13260219341974078 44.935 6.65 0.8200000000000005
0.9975547404690452 0.12861415752741776 44.875 6.45 0.8300000000000005
0.995887518061576 0.12761714855433698 44.8 6.4 0.8400000000000005
0.9939979993331111 0.11864406779661017 44.715 5.95 0.8500000000000005
0.9897743692341892 0.11166500498504486 44.525 5.6 0.8600000000000005
0.9816605535178393 0.09272183449651047 44.16 4.65 0.8700000000000006
0.9731021451594976 0.07776669990029911 43.775 3.9 0.8800000000000006
0.962431921751695 0.06380857427716849 43.295 3.2 0.8900000000000006
0.9496498832944315 0.0448654037886341 42.72 2.25 0.9000000000000006
0.93675669667667 0.027916251246261216 42.14 1.4 0.9100000000000006
0.9233077692564188 0.011964107676969093 41.535 0.6 0.9200000000000006
0.9133044348116038 0.005982053838484547 41.085 0.3 0.9300000000000006
0.905079470934756 0.0029910269192422734 40.715 0.15 0.9400000000000006
0.8964099144159164 0.0019940179461615153 40.325 0.1 0.9500000000000006
0.8879626542180727 9.970089730807576E-4 39.945 0.05 0.9600000000000006
0.8771812826497721 9.970089730807576E-4 39.46 0.05 0.9700000000000006
0.8519506502167389 0.0 38.325 0.0 0.9800000000000006
0.7564743803490053 0.0 34.03 0.0 0.9900000000000007
0.0 0.0 0.0 0.0
