0 0.0  0 NaN 10000 9004.299999999801 0.9004299999999801
5 88.96000000000004  100 0.8896000000000004 10000 9002.999999999798 0.9002999999999798
10 176.86999999999995  200 0.8843499999999997 10000 9001.419999999796 0.9001419999999797
15 264.90000000000003  300 0.8830000000000001 10000 9000.1399999998 0.9000139999999799
20 353.7699999999999  400 0.8844249999999998 10000 8998.759999999807 0.8998759999999807
25 443.94000000000005  500 0.8878800000000001 10000 8997.509999999802 0.8997509999999802
30 531.7999999999996  600 0.8863333333333326 10000 8996.449999999806 0.8996449999999806
35 620.7899999999995  700 0.8868428571428565 10000 8995.089999999804 0.8995089999999804
40 709.3899999999991  800 0.8867374999999988 10000 8993.98999999981 0.8993989999999811
45 797.199999999998  900 0.8857777777777756 10000 8991.889999999808 0.8991889999999808
50 886.3199999999968  1000 0.8863199999999968 10000 8991.39999999981 0.8991399999999811
