1.0 1.0 11.24625 Infinity 0.0
1.0 0.4436689930209372 11.24625 Infinity 0.01
1.0 0.28713858424725824 11.24625 Infinity 0.02
1.0 0.22432701894317048 11.24625 Infinity 0.03
1.0 0.19641076769690927 11.24625 Infinity 0.04
1.0 0.1674975074775673 11.24625 Infinity 0.05
1.0 0.13559322033898305 11.24625 Infinity 0.060000000000000005
1.0 0.13559322033898305 11.24625 Infinity 0.07
1.0 0.12462612163509472 11.24625 Infinity 0.08
1.0 0.1156530408773679 11.24625 Infinity 0.09
1.0 0.10568295114656032 11.24625 Infinity 0.09999999999999999
1.0 0.09571286141575275 11.24625 Infinity 0.10999999999999999
1.0 0.08673978065802593 11.24625 Infinity 0.11999999999999998
1.0 0.07976071784646062 11.24625 Infinity 0.12999999999999998
1.0 0.07876370887337986 11.24625 Infinity 0.13999999999999999
1.0 0.07178464606181456 11.24625 Infinity 0.15
1.0 0.06580259222333001 11.24625 Infinity 0.16
1.0 0.06380857427716849 11.24625 Infinity 0.17
1.0 0.05583250249252243 11.24625 Infinity 0.18000000000000002
1.0 0.05284147557328016 11.24625 Infinity 0.19000000000000003
1.0 0.05084745762711865 11.24625 Infinity 0.20000000000000004
1.0 0.047856430707876374 11.24625 Infinity 0.21000000000000005
1.0 0.04386839481555334 11.24625 Infinity 0.22000000000000006
1.0 0.04187437686939183 11.24625 Infinity 0.23000000000000007
1.0 0.038883349950149554 11.24625 Infinity 0.24000000000000007
1.0 0.03788634097706879 11.24625 Infinity 0.25000000000000006
1.0 0.03788634097706879 11.24625 Infinity 0.26000000000000006
1.0 0.03389830508474576 11.24625 Infinity 0.2700000000000001
1.0 0.03389830508474576 11.24625 Infinity 0.2800000000000001
1.0 0.03290129611166501 11.24625 Infinity 0.2900000000000001
1.0 0.03090727816550349 11.24625 Infinity 0.3000000000000001
1.0 0.028913260219341975 11.24625 Infinity 0.3100000000000001
1.0 0.027916251246261216 11.24625 Infinity 0.3200000000000001
1.0 0.023928215353938187 11.24625 Infinity 0.3300000000000001
1.0 0.023928215353938187 11.24625 Infinity 0.34000000000000014
1.0 0.022931206380857428 11.24625 Infinity 0.35000000000000014
1.0 0.019940179461615155 11.24625 Infinity 0.36000000000000015
1.0 0.018943170488534396 11.24625 Infinity 0.37000000000000016
1.0 0.01794616151545364 11.24625 Infinity 0.38000000000000017
1.0 0.014955134596211365 11.24625 Infinity 0.3900000000000002
1.0 0.014955134596211365 11.24625 Infinity 0.4000000000000002
1.0 0.01296111665004985 11.24625 Infinity 0.4100000000000002
1.0 0.010967098703888335 11.24625 Infinity 0.4200000000000002
1.0 0.009970089730807577 11.24625 Infinity 0.4300000000000002
1.0 0.009970089730807577 11.24625 Infinity 0.4400000000000002
1.0 0.009970089730807577 11.24625 Infinity 0.45000000000000023
1.0 0.009970089730807577 11.24625 Infinity 0.46000000000000024
1.0 0.009970089730807577 11.24625 Infinity 0.47000000000000025
1.0 0.00897308075772682 11.24625 Infinity 0.48000000000000026
1.0 0.00897308075772682 11.24625 Infinity 0.49000000000000027
1.0 0.00897308075772682 11.24625 Infinity 0.5000000000000002
1.0 0.00897308075772682 11.24625 Infinity 0.5100000000000002
1.0 0.00897308075772682 11.24625 Infinity 0.5200000000000002
1.0 0.00897308075772682 11.24625 Infinity 0.5300000000000002
1.0 0.00897308075772682 11.24625 Infinity 0.5400000000000003
1.0 0.00897308075772682 11.24625 Infinity 0.5500000000000003
1.0 0.00897308075772682 11.24625 Infinity 0.5600000000000003
1.0 0.00897308075772682 11.24625 Infinity 0.5700000000000003
1.0 0.006979062811565304 11.24625 Infinity 0.5800000000000003
1.0 0.006979062811565304 11.24625 Infinity 0.5900000000000003
1.0 0.006979062811565304 11.24625 Infinity 0.6000000000000003
1.0 0.006979062811565304 11.24625 Infinity 0.6100000000000003
1.0 0.006979062811565304 11.24625 Infinity 0.6200000000000003
1.0 0.006979062811565304 11.24625 Infinity 0.6300000000000003
1.0 0.006979062811565304 11.24625 Infinity 0.6400000000000003
1.0 0.006979062811565304 11.24625 Infinity 0.6500000000000004
1.0 0.006979062811565304 11.24625 Infinity 0.6600000000000004
1.0 0.005982053838484547 11.24625 Infinity 0.6700000000000004
1.0 0.004985044865403789 11.24625 Infinity 0.6800000000000004
1.0 0.003988035892323031 11.24625 Infinity 0.6900000000000004
1.0 0.003988035892323031 11.24625 Infinity 0.7000000000000004
1.0 0.003988035892323031 11.24625 Infinity 0.7100000000000004
1.0 0.003988035892323031 11.24625 Infinity 0.7200000000000004
1.0 0.003988035892323031 11.24625 Infinity 0.7300000000000004
1.0 0.003988035892323031 11.24625 Infinity 0.7400000000000004
1.0 0.003988035892323031 11.24625 Infinity 0.7500000000000004
1.0 0.0029910269192422734 11.24625 Infinity 0.7600000000000005
1.0 0.0019940179461615153 11.24625 Infinity 0.7700000000000005
1.0 0.0019940179461615153 11.24625 Infinity 0.7800000000000005
1.0 0.0019940179461615153 11.24625 Infinity 0.7900000000000005
1.0 0.0019940179461615153 11.24625 Infinity 0.8000000000000005
1.0 0.0019940179461615153 11.24625 Infinity 0.8100000000000005
1.0 0.0019940179461615153 11.24625 Infinity 0.8200000000000005
1.0 9.970089730807576E-4 11.24625 Infinity 0.8300000000000005
1.0 9.970089730807576E-4 11.24625 Infinity 0.8400000000000005
0.999888851839502 9.970089730807576E-4 11.245 Infinity 0.8500000000000005
0.999888851839502 0.0 11.245 NaN 0.8600000000000005
0.999888851839502 0.0 11.245 NaN 0.8700000000000006
0.999888851839502 0.0 11.245 NaN 0.8800000000000006
0.999888851839502 0.0 11.245 NaN 0.8900000000000006
0.999888851839502 0.0 11.245 NaN 0.9000000000000006
0.999888851839502 0.0 11.245 NaN 0.9100000000000006
0.999888851839502 0.0 11.245 NaN 0.9200000000000006
0.999888851839502 0.0 11.245 NaN 0.9300000000000006
0.999888851839502 0.0 11.245 NaN 0.9400000000000006
0.999888851839502 0.0 11.245 NaN 0.9500000000000006
0.999888851839502 0.0 11.245 NaN 0.9600000000000006
0.9996665555185061 0.0 11.2425 NaN 0.9700000000000006
0.9992219628765144 0.0 11.2375 NaN 0.9800000000000006
0.998110481271535 0.0 11.225 NaN 0.9900000000000007
0.0 0.0 0.0 0.0
