1.0 1.0 14.995 40.12 0.0
1.0 0.6779661016949152 14.995 27.2 0.01
1.0 0.5124626121635095 14.995 20.56 0.02
1.0 0.4436689930209372 14.995 17.8 0.03
1.0 0.3968095712861416 14.995 15.92 0.04
1.0 0.3629112662013958 14.995 14.56 0.05
1.0 0.3090727816550349 14.995 12.4 0.060000000000000005
1.0 0.3090727816550349 14.995 12.4 0.07
1.0 0.27517447657028915 14.995 11.04 0.08
1.0 0.2572283150548355 14.995 10.32 0.09
1.0 0.24027916251246262 14.995 9.64 0.09999999999999999
1.0 0.2333000997008973 14.995 9.36 0.10999999999999999
1.0 0.2213359920239282 14.995 8.88 0.11999999999999998
1.0 0.2123629112662014 14.995 8.52 0.12999999999999998
1.0 0.19940179461615154 14.995 8.0 0.13999999999999999
1.0 0.1864406779661017 14.995 7.48 0.15
1.0 0.17248255234297108 14.995 6.92 0.16
1.0 0.16151545363908276 14.995 6.48 0.17
1.0 0.14556331006979062 14.995 5.84 0.18000000000000002
1.0 0.1345962113659023 14.995 5.4 0.19000000000000003
1.0 0.12761714855433698 14.995 5.12 0.20000000000000004
1.0 0.1226321036889332 14.995 4.92 0.21000000000000005
1.0 0.1156530408773679 14.995 4.64 0.22000000000000006
1.0 0.11266201395812563 14.995 4.52 0.23000000000000007
1.0 0.1106679960119641 14.995 4.44 0.24000000000000007
1.0 0.10867397806580259 14.995 4.36 0.25000000000000006
1.0 0.10767696909272183 14.995 4.32 0.26000000000000006
1.0 0.10568295114656032 14.995 4.24 0.2700000000000001
1.0 0.10269192422731804 14.995 4.12 0.2800000000000001
1.0 0.09970089730807577 14.995 4.0 0.2900000000000001
1.0 0.09870388833499502 14.995 3.96 0.3000000000000001
1.0 0.09571286141575275 14.995 3.84 0.3100000000000001
1.0 0.09272183449651047 14.995 3.72 0.3200000000000001
1.0 0.08773678963110668 14.995 3.52 0.3300000000000001
1.0 0.08673978065802593 14.995 3.48 0.34000000000000014
1.0 0.08374875373878365 14.995 3.36 0.35000000000000014
1.0 0.08075772681954138 14.995 3.24 0.36000000000000015
1.0 0.07776669990029911 14.995 3.12 0.37000000000000016
1.0 0.07577268195413758 14.995 3.04 0.38000000000000017
1.0 0.06979062811565304 14.995 2.8 0.3900000000000002
1.0 0.06679960119641076 14.995 2.68 0.4000000000000002
1.0 0.06380857427716849 14.995 2.56 0.4100000000000002
1.0 0.06081754735792622 14.995 2.44 0.4200000000000002
1.0 0.05583250249252243 14.995 2.24 0.4300000000000002
1.0 0.0518444666001994 14.995 2.08 0.4400000000000002
1.0 0.04685942173479561 14.995 1.88 0.45000000000000023
1.0 0.04386839481555334 14.995 1.76 0.46000000000000024
1.0 0.04287138584247258 14.995 1.72 0.47000000000000025
1.0 0.04287138584247258 14.995 1.72 0.48000000000000026
1.0 0.03988035892323031 14.995 1.6 0.49000000000000027
1.0 0.03489531405782652 14.995 1.4 0.5000000000000002
1.0 0.03489531405782652 14.995 1.4 0.5100000000000002
1.0 0.031904287138584245 14.995 1.28 0.5200000000000002
1.0 0.031904287138584245 14.995 1.28 0.5300000000000002
1.0 0.03090727816550349 14.995 1.24 0.5400000000000003
1.0 0.02991026919242273 14.995 1.2 0.5500000000000003
1.0 0.02991026919242273 14.995 1.2 0.5600000000000003
1.0 0.02991026919242273 14.995 1.2 0.5700000000000003
1.0 0.02991026919242273 14.995 1.2 0.5800000000000003
1.0 0.02991026919242273 14.995 1.2 0.5900000000000003
1.0 0.02991026919242273 14.995 1.2 0.6000000000000003
1.0 0.02991026919242273 14.995 1.2 0.6100000000000003
1.0 0.028913260219341975 14.995 1.16 0.6200000000000003
1.0 0.027916251246261216 14.995 1.12 0.6300000000000003
1.0 0.026919242273180457 14.995 1.08 0.6400000000000003
1.0 0.026919242273180457 14.995 1.08 0.6500000000000004
1.0 0.0259222333000997 14.995 1.04 0.6600000000000004
1.0 0.024925224327018942 14.995 1.0 0.6700000000000004
1.0 0.023928215353938187 14.995 0.96 0.6800000000000004
1.0 0.02193419740777667 14.995 0.88 0.6900000000000004
1.0 0.020937188434695914 14.995 0.84 0.7000000000000004
1.0 0.019940179461615155 14.995 0.8 0.7100000000000004
1.0 0.01694915254237288 14.995 0.68 0.7200000000000004
1.0 0.01694915254237288 14.995 0.68 0.7300000000000004
1.0 0.015952143569292122 14.995 0.64 0.7400000000000004
1.0 0.015952143569292122 14.995 0.64 0.7500000000000004
1.0 0.01296111665004985 14.995 0.52 0.7600000000000005
1.0 0.01296111665004985 14.995 0.52 0.7700000000000005
1.0 0.01296111665004985 14.995 0.52 0.7800000000000005
1.0 0.01296111665004985 14.995 0.52 0.7900000000000005
1.0 0.01296111665004985 14.995 0.52 0.8000000000000005
1.0 0.011964107676969093 14.995 0.48 0.8100000000000005
1.0 0.010967098703888335 14.995 0.44 0.8200000000000005
1.0 0.010967098703888335 14.995 0.44 0.8300000000000005
1.0 0.010967098703888335 14.995 0.44 0.8400000000000005
1.0 0.009970089730807577 14.995 0.4 0.8500000000000005
1.0 0.007976071784646061 14.995 0.32 0.8600000000000005
0.9997777036790041 0.005982053838484547 14.991666666666667 0.24 0.8700000000000006
0.9997777036790041 0.004985044865403789 14.991666666666667 0.2 0.8800000000000006
0.9995554073580082 0.003988035892323031 14.988333333333333 0.16 0.8900000000000006
0.9995554073580082 0.003988035892323031 14.988333333333333 0.16 0.9000000000000006
0.9988885183950206 0.003988035892323031 14.978333333333333 0.16 0.9100000000000006
0.9986662220740247 0.0029910269192422734 14.975 0.12 0.9200000000000006
0.9984439257530288 0.0 14.971666666666666 0.0 0.9300000000000006
0.9984439257530288 0.0 14.971666666666666 0.0 0.9400000000000006
0.9982216294320329 0.0 14.968333333333334 0.0 0.9500000000000006
0.9976658886295432 0.0 14.96 0.0 0.9600000000000006
0.9972212959875514 0.0 14.953333333333333 0.0 0.9700000000000006
0.9953317772590864 0.0 14.925 0.0 0.9800000000000006
0.9872179615427364 0.0 14.803333333333333 0.0 0.9900000000000007
0.0 0.0 0.0 0.0
