1.0 1.0 14.995 Infinity 0.0
1.0 0.584247258225324 14.995 Infinity 0.01
1.0 0.4267198404785643 14.995 Infinity 0.02
1.0 0.34795613160518446 14.995 Infinity 0.03
1.0 0.30608175473579263 14.995 Infinity 0.04
1.0 0.27218344965104685 14.995 Infinity 0.05
1.0 0.22731804586241275 14.995 Infinity 0.060000000000000005
1.0 0.22731804586241275 14.995 Infinity 0.07
1.0 0.19541375872382852 14.995 Infinity 0.08
1.0 0.17846460618145563 14.995 Infinity 0.09
1.0 0.1625124626121635 14.995 Infinity 0.09999999999999999
1.0 0.15054835493519442 14.995 Infinity 0.10999999999999999
1.0 0.13958125623130607 14.995 Infinity 0.11999999999999998
1.0 0.13260219341974078 14.995 Infinity 0.12999999999999998
1.0 0.1226321036889332 14.995 Infinity 0.13999999999999999
1.0 0.11266201395812563 14.995 Infinity 0.15
1.0 0.10667996011964108 14.995 Infinity 0.16
1.0 0.10269192422731804 14.995 Infinity 0.17
1.0 0.0897308075772682 14.995 Infinity 0.18000000000000002
1.0 0.08374875373878365 14.995 Infinity 0.19000000000000003
1.0 0.07377866400797607 14.995 Infinity 0.20000000000000004
1.0 0.06779661016949153 14.995 Infinity 0.21000000000000005
1.0 0.06580259222333001 14.995 Infinity 0.22000000000000006
1.0 0.06380857427716849 14.995 Infinity 0.23000000000000007
1.0 0.06281156530408774 14.995 Infinity 0.24000000000000007
1.0 0.06081754735792622 14.995 Infinity 0.25000000000000006
1.0 0.058823529411764705 14.995 Infinity 0.26000000000000006
1.0 0.05782652043868395 14.995 Infinity 0.2700000000000001
1.0 0.05583250249252243 14.995 Infinity 0.2800000000000001
1.0 0.05583250249252243 14.995 Infinity 0.2900000000000001
1.0 0.054835493519441676 14.995 Infinity 0.3000000000000001
1.0 0.04885343968095713 14.995 Infinity 0.3100000000000001
1.0 0.04685942173479561 14.995 Infinity 0.3200000000000001
1.0 0.04685942173479561 14.995 Infinity 0.3300000000000001
1.0 0.04685942173479561 14.995 Infinity 0.34000000000000014
1.0 0.0448654037886341 14.995 Infinity 0.35000000000000014
1.0 0.04187437686939183 14.995 Infinity 0.36000000000000015
1.0 0.040877367896311065 14.995 Infinity 0.37000000000000016
1.0 0.03290129611166501 14.995 Infinity 0.38000000000000017
1.0 0.02991026919242273 14.995 Infinity 0.3900000000000002
1.0 0.026919242273180457 14.995 Infinity 0.4000000000000002
1.0 0.023928215353938187 14.995 Infinity 0.4100000000000002
1.0 0.02193419740777667 14.995 Infinity 0.4200000000000002
1.0 0.020937188434695914 14.995 Infinity 0.4300000000000002
1.0 0.018943170488534396 14.995 Infinity 0.4400000000000002
1.0 0.01694915254237288 14.995 Infinity 0.45000000000000023
1.0 0.015952143569292122 14.995 Infinity 0.46000000000000024
1.0 0.015952143569292122 14.995 Infinity 0.47000000000000025
1.0 0.013958125623130608 14.995 Infinity 0.48000000000000026
1.0 0.013958125623130608 14.995 Infinity 0.49000000000000027
1.0 0.010967098703888335 14.995 Infinity 0.5000000000000002
1.0 0.010967098703888335 14.995 Infinity 0.5100000000000002
1.0 0.009970089730807577 14.995 Infinity 0.5200000000000002
1.0 0.00897308075772682 14.995 Infinity 0.5300000000000002
1.0 0.00897308075772682 14.995 Infinity 0.5400000000000003
1.0 0.00897308075772682 14.995 Infinity 0.5500000000000003
1.0 0.00897308075772682 14.995 Infinity 0.5600000000000003
1.0 0.00897308075772682 14.995 Infinity 0.5700000000000003
1.0 0.007976071784646061 14.995 Infinity 0.5800000000000003
1.0 0.006979062811565304 14.995 Infinity 0.5900000000000003
1.0 0.006979062811565304 14.995 Infinity 0.6000000000000003
1.0 0.006979062811565304 14.995 Infinity 0.6100000000000003
1.0 0.006979062811565304 14.995 Infinity 0.6200000000000003
1.0 0.006979062811565304 14.995 Infinity 0.6300000000000003
1.0 0.006979062811565304 14.995 Infinity 0.6400000000000003
1.0 0.006979062811565304 14.995 Infinity 0.6500000000000004
1.0 0.006979062811565304 14.995 Infinity 0.6600000000000004
1.0 0.006979062811565304 14.995 Infinity 0.6700000000000004
1.0 0.004985044865403789 14.995 Infinity 0.6800000000000004
1.0 0.004985044865403789 14.995 Infinity 0.6900000000000004
1.0 0.003988035892323031 14.995 Infinity 0.7000000000000004
1.0 0.003988035892323031 14.995 Infinity 0.7100000000000004
1.0 0.003988035892323031 14.995 Infinity 0.7200000000000004
1.0 0.0029910269192422734 14.995 Infinity 0.7300000000000004
1.0 0.0029910269192422734 14.995 Infinity 0.7400000000000004
1.0 0.0019940179461615153 14.995 Infinity 0.7500000000000004
1.0 0.0019940179461615153 14.995 Infinity 0.7600000000000005
1.0 0.0019940179461615153 14.995 Infinity 0.7700000000000005
1.0 0.0019940179461615153 14.995 Infinity 0.7800000000000005
1.0 0.0019940179461615153 14.995 Infinity 0.7900000000000005
1.0 0.0019940179461615153 14.995 Infinity 0.8000000000000005
1.0 0.0019940179461615153 14.995 Infinity 0.8100000000000005
1.0 0.0019940179461615153 14.995 Infinity 0.8200000000000005
1.0 0.0019940179461615153 14.995 Infinity 0.8300000000000005
1.0 0.0019940179461615153 14.995 Infinity 0.8400000000000005
1.0 0.0019940179461615153 14.995 Infinity 0.8500000000000005
1.0 0.0019940179461615153 14.995 Infinity 0.8600000000000005
1.0 9.970089730807576E-4 14.995 Infinity 0.8700000000000006
1.0 0.0 14.995 NaN 0.8800000000000006
1.0 0.0 14.995 NaN 0.8900000000000006
0.999888851839502 0.0 14.993333333333334 NaN 0.9000000000000006
0.9997777036790041 0.0 14.991666666666667 NaN 0.9100000000000006
0.9997777036790041 0.0 14.991666666666667 NaN 0.9200000000000006
0.9997777036790041 0.0 14.991666666666667 NaN 0.9300000000000006
0.9997777036790041 0.0 14.991666666666667 NaN 0.9400000000000006
0.9995554073580082 0.0 14.988333333333333 NaN 0.9500000000000006
0.9995554073580082 0.0 14.988333333333333 NaN 0.9600000000000006
0.9989996665555185 0.0 14.98 NaN 0.9700000000000006
0.9982216294320329 0.0 14.968333333333334 NaN 0.9800000000000006
0.9949983327775925 0.0 14.92 NaN 0.9900000000000007
0.0 0.0 0.0 0.0
