1.0 1.0 17.994 33.43333333333333 0.0
1.0 0.8344965104685942 17.994 27.9 0.01
1.0 0.7218344965104686 17.994 24.133333333333333 0.02
1.0 0.6560319042871385 17.994 21.933333333333334 0.03
1.0 0.6231306081754736 17.994 20.833333333333332 0.04
1.0 0.5862412761714856 17.994 19.6 0.05
1.0 0.5443668993020937 17.994 18.2 0.060000000000000005
1.0 0.5443668993020937 17.994 18.2 0.07
1.0 0.5274177467597209 17.994 17.633333333333333 0.08
1.0 0.5104685942173479 17.994 17.066666666666666 0.09
1.0 0.4905284147557328 17.994 16.4 0.09999999999999999
1.0 0.47756729810568294 17.994 15.966666666666667 0.10999999999999999
1.0 0.4596211365902293 17.994 15.366666666666667 0.11999999999999998
1.0 0.45164506480558325 17.994 15.1 0.12999999999999998
1.0 0.43768693918245266 17.994 14.633333333333333 0.13999999999999999
1.0 0.4287138584247258 17.994 14.333333333333334 0.15
1.0 0.41774675972083747 17.994 13.966666666666667 0.16
1.0 0.4057826520438684 17.994 13.566666666666666 0.17
1.0 0.38584247258225324 17.994 12.9 0.18000000000000002
1.0 0.38085742771684944 17.994 12.733333333333333 0.19000000000000003
1.0 0.37188434695912265 17.994 12.433333333333334 0.20000000000000004
1.0 0.3629112662013958 17.994 12.133333333333333 0.21000000000000005
1.0 0.353938185443669 17.994 11.833333333333334 0.22000000000000006
1.0 0.34496510468594216 17.994 11.533333333333333 0.23000000000000007
1.0 0.34097706879361916 17.994 11.4 0.24000000000000007
1.0 0.3349950149551346 17.994 11.2 0.25000000000000006
1.0 0.32901296111665007 17.994 11.0 0.26000000000000006
1.0 0.3220338983050847 17.994 10.766666666666667 0.2700000000000001
1.0 0.3180458624127617 17.994 10.633333333333333 0.2800000000000001
1.0 0.31306081754735793 17.994 10.466666666666667 0.2900000000000001
1.0 0.31106679960119643 17.994 10.4 0.3000000000000001
1.0 0.3090727816550349 17.994 10.333333333333334 0.3100000000000001
1.0 0.30608175473579263 17.994 10.233333333333333 0.3200000000000001
1.0 0.3040877367896311 17.994 10.166666666666666 0.3300000000000001
1.0 0.29810568295114653 17.994 9.966666666666667 0.34000000000000014
1.0 0.29112662013958124 17.994 9.733333333333333 0.35000000000000014
1.0 0.28713858424725824 17.994 9.6 0.36000000000000015
1.0 0.2811565304087737 17.994 9.4 0.37000000000000016
1.0 0.27916251246261214 17.994 9.333333333333334 0.38000000000000017
1.0 0.2741774675972084 17.994 9.166666666666666 0.3900000000000002
1.0 0.2662013958125623 17.994 8.9 0.4000000000000002
1.0 0.2612163509471585 17.994 8.733333333333333 0.4100000000000002
1.0 0.25523429710867396 17.994 8.533333333333333 0.4200000000000002
1.0 0.24925224327018944 17.994 8.333333333333334 0.4300000000000002
1.0 0.2472582253240279 17.994 8.266666666666667 0.4400000000000002
1.0 0.24426719840478564 17.994 8.166666666666666 0.45000000000000023
1.0 0.24027916251246262 17.994 8.033333333333333 0.46000000000000024
1.0 0.2313060817547358 17.994 7.733333333333333 0.47000000000000025
1.0 0.22831505483549352 17.994 7.633333333333334 0.48000000000000026
1.0 0.22831505483549352 17.994 7.633333333333334 0.49000000000000027
1.0 0.2193419740777667 17.994 7.333333333333333 0.5000000000000002
1.0 0.2143569292123629 17.994 7.166666666666667 0.5100000000000002
1.0 0.20937188434695914 17.994 7.0 0.5200000000000002
1.0 0.20638085742771686 17.994 6.9 0.5300000000000002
1.0 0.20438683948155534 17.994 6.833333333333333 0.5400000000000003
1.0 0.20139581256231306 17.994 6.733333333333333 0.5500000000000003
1.0 0.19740777666999004 17.994 6.6 0.5600000000000003
1.0 0.19441674975074777 17.994 6.5 0.5700000000000003
1.0 0.18843469591226322 17.994 6.3 0.5800000000000003
1.0 0.18444666001994017 17.994 6.166666666666667 0.5900000000000003
1.0 0.18344965104685942 17.994 6.133333333333334 0.6000000000000003
1.0 0.18344965104685942 17.994 6.133333333333334 0.6100000000000003
1.0 0.1794616151545364 17.994 6.0 0.6200000000000003
1.0 0.17746759720837488 17.994 5.933333333333334 0.6300000000000003
1.0 0.1744765702891326 17.994 5.833333333333333 0.6400000000000003
1.0 0.17048853439680958 17.994 5.7 0.6500000000000004
1.0 0.16450648055832504 17.994 5.5 0.6600000000000004
1.0 0.16151545363908276 17.994 5.4 0.6700000000000004
1.0 0.16151545363908276 17.994 5.4 0.6800000000000004
1.0 0.15952143569292124 17.994 5.333333333333333 0.6900000000000004
1.0 0.1575274177467597 17.994 5.266666666666667 0.7000000000000004
1.0 0.1535393818544367 17.994 5.133333333333334 0.7100000000000004
1.0 0.15154536390827517 17.994 5.066666666666666 0.7200000000000004
1.0 0.14955134596211367 17.994 5.0 0.7300000000000004
1.0 0.14556331006979062 17.994 4.866666666666666 0.7400000000000004
1.0 0.14456630109670987 17.994 4.833333333333333 0.7500000000000004
1.0 0.13858424725822532 17.994 4.633333333333334 0.7600000000000005
1.0 0.13559322033898305 17.994 4.533333333333333 0.7700000000000005
1.0 0.13359920239282153 17.994 4.466666666666667 0.7800000000000005
1.0 0.13160518444666003 17.994 4.4 0.7900000000000005
1.0 0.12462612163509472 17.994 4.166666666666667 0.8000000000000005
1.0 0.12063808574277168 17.994 4.033333333333333 0.8100000000000005
1.0 0.11964107676969092 17.994 4.0 0.8200000000000005
1.0 0.11266201395812563 17.994 3.7666666666666666 0.8300000000000005
1.0 0.1106679960119641 17.994 3.7 0.8400000000000005
1.0 0.10767696909272183 17.994 3.6 0.8500000000000005
1.0 0.10568295114656032 17.994 3.533333333333333 0.8600000000000005
1.0 0.10269192422731804 17.994 3.433333333333333 0.8700000000000006
0.999888851839502 0.0967098703888335 17.992 3.2333333333333334 0.8800000000000006
0.9997777036790041 0.08873379860418744 17.99 2.966666666666667 0.8900000000000006
0.9995554073580082 0.0847457627118644 17.986 2.8333333333333335 0.9000000000000006
0.9992219628765144 0.08275174476570289 17.98 2.7666666666666666 0.9100000000000006
0.9992219628765144 0.08275174476570289 17.98 2.7666666666666666 0.9200000000000006
0.9991108147160165 0.07676969092721835 17.978 2.566666666666667 0.9300000000000006
0.9987773702345226 0.06879361914257229 17.972 2.3 0.9400000000000006
0.9984439257530288 0.06281156530408774 17.966 2.1 0.9500000000000006
0.9982216294320329 0.05583250249252243 17.962 1.8666666666666667 0.9600000000000006
0.9976658886295432 0.0518444666001994 17.952 1.7333333333333334 0.9700000000000006
0.996109814382572 0.03988035892323031 17.924 1.3333333333333333 0.9800000000000006
0.9898855173946871 0.024925224327018942 17.812 0.8333333333333334 0.9900000000000007
0.0 0.0 0.0 0.0
