0.0 0.4985044865403789 0.0 20.0 0.0
0.0 0.3629112662013958 0.0 14.56 0.01
0.0 0.2691924227318046 0.0 10.8 0.02
0.0 0.23429710867397807 0.0 9.4 0.03
0.0 0.21635094715852443 0.0 8.68 0.04
0.0 0.19441674975074777 0.0 7.8 0.05
0.0 0.17846460618145563 0.0 7.16 0.060000000000000005
0.0 0.17846460618145563 0.0 7.16 0.07
0.0 0.17248255234297108 0.0 6.92 0.08
0.0 0.1625124626121635 0.0 6.52 0.09
0.0 0.15553339980059822 0.0 6.24 0.09999999999999999
0.0 0.15154536390827517 0.0 6.08 0.10999999999999999
0.0 0.14955134596211367 0.0 6.0 0.11999999999999998
0.0 0.14456630109670987 0.0 5.8 0.12999999999999998
0.0 0.13858424725822532 0.0 5.56 0.13999999999999999
0.0 0.13160518444666003 0.0 5.28 0.15
0.0 0.12761714855433698 0.0 5.12 0.16
0.0 0.1226321036889332 0.0 4.92 0.17
0.0 0.11864406779661017 0.0 4.76 0.18000000000000002
0.0 0.11764705882352941 0.0 4.72 0.19000000000000003
0.0 0.11764705882352941 0.0 4.72 0.20000000000000004
0.0 0.11266201395812563 0.0 4.52 0.21000000000000005
0.0 0.10767696909272183 0.0 4.32 0.22000000000000006
0.0 0.1036889332003988 0.0 4.16 0.23000000000000007
0.0 0.10269192422731804 0.0 4.12 0.24000000000000007
0.0 0.1016949152542373 0.0 4.08 0.25000000000000006
0.0 0.09770687936191426 0.0 3.92 0.26000000000000006
0.0 0.09770687936191426 0.0 3.92 0.2700000000000001
0.0 0.09770687936191426 0.0 3.92 0.2800000000000001
0.0 0.09770687936191426 0.0 3.92 0.2900000000000001
0.0 0.09770687936191426 0.0 3.92 0.3000000000000001
0.0 0.09571286141575275 0.0 3.84 0.3100000000000001
0.0 0.09571286141575275 0.0 3.84 0.3200000000000001
0.0 0.09571286141575275 0.0 3.84 0.3300000000000001
0.0 0.09471585244267199 0.0 3.8 0.34000000000000014
0.0 0.09172482552342971 0.0 3.68 0.35000000000000014
0.0 0.0897308075772682 0.0 3.6 0.36000000000000015
0.0 0.0897308075772682 0.0 3.6 0.37000000000000016
0.0 0.08773678963110668 0.0 3.52 0.38000000000000017
0.0 0.0847457627118644 0.0 3.4 0.3900000000000002
0.0 0.0847457627118644 0.0 3.4 0.4000000000000002
0.0 0.08275174476570289 0.0 3.32 0.4100000000000002
0.0 0.08275174476570289 0.0 3.32 0.4200000000000002
0.0 0.08075772681954138 0.0 3.24 0.4300000000000002
0.0 0.08075772681954138 0.0 3.24 0.4400000000000002
0.0 0.07976071784646062 0.0 3.2 0.45000000000000023
0.0 0.07976071784646062 0.0 3.2 0.46000000000000024
0.0 0.07876370887337986 0.0 3.16 0.47000000000000025
0.0 0.07676969092721835 0.0 3.08 0.48000000000000026
0.0 0.07577268195413758 0.0 3.04 0.49000000000000027
0.0 0.07577268195413758 0.0 3.04 0.5000000000000002
0.0 0.07577268195413758 0.0 3.04 0.5100000000000002
0.0 0.0707876370887338 0.0 2.84 0.5200000000000002
0.0 0.06979062811565304 0.0 2.8 0.5300000000000002
0.0 0.06779661016949153 0.0 2.72 0.5400000000000003
0.0 0.06679960119641076 0.0 2.68 0.5500000000000003
0.0 0.06580259222333001 0.0 2.64 0.5600000000000003
0.0 0.06480558325024925 0.0 2.6 0.5700000000000003
0.0 0.06380857427716849 0.0 2.56 0.5800000000000003
0.0 0.06281156530408774 0.0 2.52 0.5900000000000003
0.0 0.06081754735792622 0.0 2.44 0.6000000000000003
0.0 0.05682951146560319 0.0 2.28 0.6100000000000003
0.0 0.05682951146560319 0.0 2.28 0.6200000000000003
0.0 0.053838484546360914 0.0 2.16 0.6300000000000003
0.0 0.05084745762711865 0.0 2.04 0.6400000000000003
0.0 0.05084745762711865 0.0 2.04 0.6500000000000004
0.0 0.05084745762711865 0.0 2.04 0.6600000000000004
0.0 0.05084745762711865 0.0 2.04 0.6700000000000004
0.0 0.05084745762711865 0.0 2.04 0.6800000000000004
0.0 0.049850448654037885 0.0 2.0 0.6900000000000004
0.0 0.047856430707876374 0.0 1.92 0.7000000000000004
0.0 0.0448654037886341 0.0 1.8 0.7100000000000004
0.0 0.0448654037886341 0.0 1.8 0.7200000000000004
0.0 0.0448654037886341 0.0 1.8 0.7300000000000004
0.0 0.03988035892323031 0.0 1.6 0.7400000000000004
0.0 0.03988035892323031 0.0 1.6 0.7500000000000004
0.0 0.03988035892323031 0.0 1.6 0.7600000000000005
0.0 0.038883349950149554 0.0 1.56 0.7700000000000005
0.0 0.03589232303090728 0.0 1.44 0.7800000000000005
0.0 0.031904287138584245 0.0 1.28 0.7900000000000005
0.0 0.02991026919242273 0.0 1.2 0.8000000000000005
0.0 0.02991026919242273 0.0 1.2 0.8100000000000005
0.0 0.027916251246261216 0.0 1.12 0.8200000000000005
0.0 0.027916251246261216 0.0 1.12 0.8300000000000005
0.0 0.027916251246261216 0.0 1.12 0.8400000000000005
0.0 0.0259222333000997 0.0 1.04 0.8500000000000005
0.0 0.0259222333000997 0.0 1.04 0.8600000000000005
0.0 0.0259222333000997 0.0 1.04 0.8700000000000006
0.0 0.0259222333000997 0.0 1.04 0.8800000000000006
0.0 0.024925224327018942 0.0 1.0 0.8900000000000006
0.0 0.024925224327018942 0.0 1.0 0.9000000000000006
0.0 0.024925224327018942 0.0 1.0 0.9100000000000006
0.0 0.024925224327018942 0.0 1.0 0.9200000000000006
0.0 0.024925224327018942 0.0 1.0 0.9300000000000006
0.0 0.020937188434695914 0.0 0.84 0.9400000000000006
0.0 0.01794616151545364 0.0 0.72 0.9500000000000006
0.0 0.01794616151545364 0.0 0.72 0.9600000000000006
0.0 0.01296111665004985 0.0 0.52 0.9700000000000006
0.0 0.007976071784646061 0.0 0.32 0.9800000000000006
0.0 0.0029910269192422734 0.0 0.12 0.9900000000000007
0.0 0.0 0.0 0.0
