0.0 0.4985044865403789 0.0 20.0 0.0
0.0 0.48454636091724823 0.0 19.44 0.01
0.0 0.4546360917248255 0.0 18.24 0.02
0.0 0.42572283150548357 0.0 17.08 0.03
0.0 0.4137587238285145 0.0 16.6 0.04
0.0 0.4117647058823529 0.0 16.52 0.05
0.0 0.3968095712861416 0.0 15.92 0.060000000000000005
0.0 0.3968095712861416 0.0 15.92 0.07
0.0 0.3938185443668993 0.0 15.8 0.08
0.0 0.38883349950149554 0.0 15.6 0.09
0.0 0.3818544366899302 0.0 15.32 0.09999999999999999
0.0 0.37886340977068794 0.0 15.2 0.10999999999999999
0.0 0.37188434695912265 0.0 14.92 0.11999999999999998
0.0 0.36689930209371885 0.0 14.72 0.12999999999999998
0.0 0.36191425722831505 0.0 14.52 0.13999999999999999
0.0 0.35992023928215355 0.0 14.44 0.15
0.0 0.3559322033898305 0.0 14.28 0.16
0.0 0.35194416749750745 0.0 14.12 0.17
0.0 0.3419740777666999 0.0 13.72 0.18000000000000002
0.0 0.3369890329012961 0.0 13.52 0.19000000000000003
0.0 0.3339980059820538 0.0 13.4 0.20000000000000004
0.0 0.32901296111665007 0.0 13.2 0.21000000000000005
0.0 0.325024925224327 0.0 13.04 0.22000000000000006
0.0 0.3230309072781655 0.0 12.96 0.23000000000000007
0.0 0.3180458624127617 0.0 12.76 0.24000000000000007
0.0 0.3140578265204387 0.0 12.6 0.25000000000000006
0.0 0.3090727816550349 0.0 12.4 0.26000000000000006
0.0 0.3050847457627119 0.0 12.24 0.2700000000000001
0.0 0.30309072781655033 0.0 12.16 0.2800000000000001
0.0 0.3020937188434696 0.0 12.12 0.2900000000000001
0.0 0.29910269192422734 0.0 12.0 0.3000000000000001
0.0 0.2951146560319043 0.0 11.84 0.3100000000000001
0.0 0.2931206380857428 0.0 11.76 0.3200000000000001
0.0 0.29112662013958124 0.0 11.68 0.3300000000000001
0.0 0.28913260219341974 0.0 11.6 0.34000000000000014
0.0 0.288135593220339 0.0 11.56 0.35000000000000014
0.0 0.28713858424725824 0.0 11.52 0.36000000000000015
0.0 0.28614157527417744 0.0 11.48 0.37000000000000016
0.0 0.28414755732801594 0.0 11.4 0.38000000000000017
0.0 0.2831505483549352 0.0 11.36 0.3900000000000002
0.0 0.2811565304087737 0.0 11.28 0.4000000000000002
0.0 0.27716849451645065 0.0 11.12 0.4100000000000002
0.0 0.2761714855433699 0.0 11.08 0.4200000000000002
0.0 0.27218344965104685 0.0 10.92 0.4300000000000002
0.0 0.27218344965104685 0.0 10.92 0.4400000000000002
0.0 0.2691924227318046 0.0 10.8 0.45000000000000023
0.0 0.2662013958125623 0.0 10.68 0.46000000000000024
0.0 0.2642073778664008 0.0 10.6 0.47000000000000025
0.0 0.259222333000997 0.0 10.4 0.48000000000000026
0.0 0.25822532402791626 0.0 10.36 0.49000000000000027
0.0 0.25623130608175476 0.0 10.28 0.5000000000000002
0.0 0.25523429710867396 0.0 10.24 0.5100000000000002
0.0 0.2502492522432702 0.0 10.04 0.5200000000000002
0.0 0.24825523429710866 0.0 9.96 0.5300000000000002
0.0 0.2432701894317049 0.0 9.76 0.5400000000000003
0.0 0.24127617148554337 0.0 9.68 0.5500000000000003
0.0 0.23629112662013957 0.0 9.48 0.5600000000000003
0.0 0.2333000997008973 0.0 9.36 0.5700000000000003
0.0 0.23030907278165502 0.0 9.24 0.5800000000000003
0.0 0.22831505483549352 0.0 9.16 0.5900000000000003
0.0 0.22831505483549352 0.0 9.16 0.6000000000000003
0.0 0.22731804586241275 0.0 9.12 0.6100000000000003
0.0 0.22731804586241275 0.0 9.12 0.6200000000000003
0.0 0.22731804586241275 0.0 9.12 0.6300000000000003
0.0 0.22731804586241275 0.0 9.12 0.6400000000000003
0.0 0.226321036889332 0.0 9.08 0.6500000000000004
0.0 0.22432701894317048 0.0 9.0 0.6600000000000004
0.0 0.22333000997008973 0.0 8.96 0.6700000000000004
0.0 0.22233300099700898 0.0 8.92 0.6800000000000004
0.0 0.2213359920239282 0.0 8.88 0.6900000000000004
0.0 0.2213359920239282 0.0 8.88 0.7000000000000004
0.0 0.2213359920239282 0.0 8.88 0.7100000000000004
0.0 0.21834496510468593 0.0 8.76 0.7200000000000004
0.0 0.2143569292123629 0.0 8.6 0.7300000000000004
0.0 0.21335992023928216 0.0 8.56 0.7400000000000004
0.0 0.20837487537387836 0.0 8.36 0.7500000000000004
0.0 0.2033898305084746 0.0 8.16 0.7600000000000005
0.0 0.20139581256231306 0.0 8.08 0.7700000000000005
0.0 0.19641076769690927 0.0 7.88 0.7800000000000005
0.0 0.193419740777667 0.0 7.76 0.7900000000000005
0.0 0.18344965104685942 0.0 7.36 0.8000000000000005
0.0 0.17846460618145563 0.0 7.16 0.8100000000000005
0.0 0.17647058823529413 0.0 7.08 0.8200000000000005
0.0 0.17347956131605186 0.0 6.96 0.8300000000000005
0.0 0.17148554336989033 0.0 6.88 0.8400000000000005
0.0 0.16849451645064806 0.0 6.76 0.8500000000000005
0.0 0.16051844466600199 0.0 6.44 0.8600000000000005
0.0 0.15653040877367896 0.0 6.28 0.8700000000000006
0.0 0.15254237288135594 0.0 6.12 0.8800000000000006
0.0 0.14755732801595214 0.0 5.92 0.8900000000000006
0.0 0.14556331006979062 0.0 5.84 0.9000000000000006
0.0 0.1365902293120638 0.0 5.48 0.9100000000000006
0.0 0.13060817547357925 0.0 5.24 0.9200000000000006
0.0 0.12662013958125623 0.0 5.08 0.9300000000000006
0.0 0.11764705882352941 0.0 4.72 0.9400000000000006
0.0 0.1036889332003988 0.0 4.16 0.9500000000000006
0.0 0.09571286141575275 0.0 3.84 0.9600000000000006
0.0 0.0897308075772682 0.0 3.6 0.9700000000000006
0.0 0.08275174476570289 0.0 3.32 0.9800000000000006
0.0 0.05284147557328016 0.0 2.12 0.9900000000000007
0.0 0.0 0.0 0.0
