1.0 1.0 11.24625 200.6 0.0
1.0 0.4247258225324028 11.24625 85.2 0.01
1.0 0.2761714855433699 11.24625 55.4 0.02
1.0 0.22333000997008973 11.24625 44.8 0.03
1.0 0.193419740777667 11.24625 38.8 0.04
1.0 0.16650049850448653 11.24625 33.4 0.05
1.0 0.13260219341974078 11.24625 26.6 0.060000000000000005
1.0 0.13260219341974078 11.24625 26.6 0.07
1.0 0.12562313060817548 11.24625 25.2 0.08
1.0 0.1156530408773679 11.24625 23.2 0.09
1.0 0.10667996011964108 11.24625 21.4 0.09999999999999999
1.0 0.1016949152542373 11.24625 20.4 0.10999999999999999
1.0 0.09571286141575275 11.24625 19.2 0.11999999999999998
1.0 0.0897308075772682 11.24625 18.0 0.12999999999999998
1.0 0.08374875373878365 11.24625 16.8 0.13999999999999999
1.0 0.08075772681954138 11.24625 16.2 0.15
1.0 0.07577268195413758 11.24625 15.2 0.16
1.0 0.07278165503489531 11.24625 14.6 0.17
1.0 0.06380857427716849 11.24625 12.8 0.18000000000000002
1.0 0.06081754735792622 11.24625 12.2 0.19000000000000003
1.0 0.05782652043868395 11.24625 11.6 0.20000000000000004
1.0 0.053838484546360914 11.24625 10.8 0.21000000000000005
1.0 0.05084745762711865 11.24625 10.2 0.22000000000000006
1.0 0.04685942173479561 11.24625 9.4 0.23000000000000007
1.0 0.04386839481555334 11.24625 8.8 0.24000000000000007
1.0 0.04187437686939183 11.24625 8.4 0.25000000000000006
1.0 0.04187437686939183 11.24625 8.4 0.26000000000000006
1.0 0.040877367896311065 11.24625 8.2 0.2700000000000001
1.0 0.040877367896311065 11.24625 8.2 0.2800000000000001
1.0 0.03988035892323031 11.24625 8.0 0.2900000000000001
1.0 0.03788634097706879 11.24625 7.6 0.3000000000000001
1.0 0.036889332003988036 11.24625 7.4 0.3100000000000001
1.0 0.03389830508474576 11.24625 6.8 0.3200000000000001
1.0 0.03290129611166501 11.24625 6.6 0.3300000000000001
1.0 0.031904287138584245 11.24625 6.4 0.34000000000000014
1.0 0.03090727816550349 11.24625 6.2 0.35000000000000014
1.0 0.02991026919242273 11.24625 6.0 0.36000000000000015
1.0 0.026919242273180457 11.24625 5.4 0.37000000000000016
1.0 0.026919242273180457 11.24625 5.4 0.38000000000000017
1.0 0.026919242273180457 11.24625 5.4 0.3900000000000002
1.0 0.026919242273180457 11.24625 5.4 0.4000000000000002
1.0 0.024925224327018942 11.24625 5.0 0.4100000000000002
1.0 0.023928215353938187 11.24625 4.8 0.4200000000000002
1.0 0.023928215353938187 11.24625 4.8 0.4300000000000002
1.0 0.023928215353938187 11.24625 4.8 0.4400000000000002
1.0 0.022931206380857428 11.24625 4.6 0.45000000000000023
1.0 0.020937188434695914 11.24625 4.2 0.46000000000000024
1.0 0.020937188434695914 11.24625 4.2 0.47000000000000025
1.0 0.020937188434695914 11.24625 4.2 0.48000000000000026
1.0 0.019940179461615155 11.24625 4.0 0.49000000000000027
1.0 0.019940179461615155 11.24625 4.0 0.5000000000000002
1.0 0.019940179461615155 11.24625 4.0 0.5100000000000002
1.0 0.018943170488534396 11.24625 3.8 0.5200000000000002
1.0 0.018943170488534396 11.24625 3.8 0.5300000000000002
1.0 0.01694915254237288 11.24625 3.4 0.5400000000000003
1.0 0.015952143569292122 11.24625 3.2 0.5500000000000003
1.0 0.014955134596211365 11.24625 3.0 0.5600000000000003
1.0 0.014955134596211365 11.24625 3.0 0.5700000000000003
1.0 0.014955134596211365 11.24625 3.0 0.5800000000000003
1.0 0.014955134596211365 11.24625 3.0 0.5900000000000003
1.0 0.014955134596211365 11.24625 3.0 0.6000000000000003
1.0 0.01296111665004985 11.24625 2.6 0.6100000000000003
1.0 0.01296111665004985 11.24625 2.6 0.6200000000000003
1.0 0.011964107676969093 11.24625 2.4 0.6300000000000003
1.0 0.011964107676969093 11.24625 2.4 0.6400000000000003
1.0 0.010967098703888335 11.24625 2.2 0.6500000000000004
1.0 0.010967098703888335 11.24625 2.2 0.6600000000000004
1.0 0.010967098703888335 11.24625 2.2 0.6700000000000004
1.0 0.009970089730807577 11.24625 2.0 0.6800000000000004
1.0 0.00897308075772682 11.24625 1.8 0.6900000000000004
1.0 0.00897308075772682 11.24625 1.8 0.7000000000000004
1.0 0.007976071784646061 11.24625 1.6 0.7100000000000004
1.0 0.007976071784646061 11.24625 1.6 0.7200000000000004
1.0 0.006979062811565304 11.24625 1.4 0.7300000000000004
1.0 0.006979062811565304 11.24625 1.4 0.7400000000000004
1.0 0.006979062811565304 11.24625 1.4 0.7500000000000004
1.0 0.005982053838484547 11.24625 1.2 0.7600000000000005
1.0 0.004985044865403789 11.24625 1.0 0.7700000000000005
1.0 0.004985044865403789 11.24625 1.0 0.7800000000000005
1.0 0.004985044865403789 11.24625 1.0 0.7900000000000005
1.0 0.004985044865403789 11.24625 1.0 0.8000000000000005
1.0 0.003988035892323031 11.24625 0.8 0.8100000000000005
1.0 0.003988035892323031 11.24625 0.8 0.8200000000000005
1.0 0.003988035892323031 11.24625 0.8 0.8300000000000005
1.0 0.003988035892323031 11.24625 0.8 0.8400000000000005
1.0 0.003988035892323031 11.24625 0.8 0.8500000000000005
1.0 0.003988035892323031 11.24625 0.8 0.8600000000000005
1.0 0.003988035892323031 11.24625 0.8 0.8700000000000006
1.0 0.003988035892323031 11.24625 0.8 0.8800000000000006
1.0 0.003988035892323031 11.24625 0.8 0.8900000000000006
1.0 0.003988035892323031 11.24625 0.8 0.9000000000000006
1.0 0.0029910269192422734 11.24625 0.6 0.9100000000000006
1.0 0.0029910269192422734 11.24625 0.6 0.9200000000000006
1.0 0.0029910269192422734 11.24625 0.6 0.9300000000000006
1.0 0.0019940179461615153 11.24625 0.4 0.9400000000000006
1.0 9.970089730807576E-4 11.24625 0.2 0.9500000000000006
1.0 9.970089730807576E-4 11.24625 0.2 0.9600000000000006
1.0 9.970089730807576E-4 11.24625 0.2 0.9700000000000006
0.999888851839502 9.970089730807576E-4 11.245 0.2 0.9800000000000006
0.9989996665555185 0.0 11.235 0.0 0.9900000000000007
0.0 0.0 0.0 0.0
