1.0 1.0 44.985 33.43333333333333 0.0
1.0 0.9940179461615155 44.985 33.233333333333334 0.01
1.0 0.9830508474576272 44.985 32.86666666666667 0.02
1.0 0.9730807577268196 44.985 32.53333333333333 0.03
1.0 0.9710867397806581 44.985 32.46666666666667 0.04
1.0 0.9571286141575274 44.985 32.0 0.05
1.0 0.9471585244267199 44.985 31.666666666666668 0.060000000000000005
1.0 0.9471585244267199 44.985 31.666666666666668 0.07
1.0 0.9351944167497508 44.985 31.266666666666666 0.08
1.0 0.9312063808574277 44.985 31.133333333333333 0.09
1.0 0.9262213359920239 44.985 30.966666666666665 0.09999999999999999
1.0 0.922233300099701 44.985 30.833333333333332 0.10999999999999999
1.0 0.9192422731804586 44.985 30.733333333333334 0.11999999999999998
1.0 0.9112662013958126 44.985 30.466666666666665 0.12999999999999998
1.0 0.9032901296111665 44.985 30.2 0.13999999999999999
1.0 0.8993020937188435 44.985 30.066666666666666 0.15
1.0 0.8873379860418744 44.985 29.666666666666668 0.16
1.0 0.8813559322033898 44.985 29.466666666666665 0.17
1.0 0.8654037886340977 44.985 28.933333333333334 0.18000000000000002
1.0 0.8504486540378864 44.985 28.433333333333334 0.19000000000000003
1.0 0.8414755732801595 44.985 28.133333333333333 0.20000000000000004
1.0 0.8315054835493519 44.985 27.8 0.21000000000000005
1.0 0.8265204386839482 44.985 27.633333333333333 0.22000000000000006
1.0 0.8235294117647058 44.985 27.533333333333335 0.23000000000000007
1.0 0.8175473579262214 44.985 27.333333333333332 0.24000000000000007
1.0 0.810568295114656 44.985 27.1 0.25000000000000006
1.0 0.8095712861415753 44.985 27.066666666666666 0.26000000000000006
1.0 0.8085742771684945 44.985 27.033333333333335 0.2700000000000001
1.0 0.8075772681954138 44.985 27.0 0.2800000000000001
1.0 0.8055832502492523 44.985 26.933333333333334 0.2900000000000001
1.0 0.8045862412761715 44.985 26.9 0.3000000000000001
1.0 0.8045862412761715 44.985 26.9 0.3100000000000001
1.0 0.8035892323030908 44.985 26.866666666666667 0.3200000000000001
1.0 0.7986041874376869 44.985 26.7 0.3300000000000001
1.0 0.7916251246261217 44.985 26.466666666666665 0.34000000000000014
1.0 0.7826520438683948 44.985 26.166666666666668 0.35000000000000014
1.0 0.7746759720837487 44.985 25.9 0.36000000000000015
1.0 0.7637088733798604 44.985 25.533333333333335 0.37000000000000016
1.0 0.7497507477567298 44.985 25.066666666666666 0.38000000000000017
1.0 0.732801595214357 44.985 24.5 0.3900000000000002
1.0 0.715852442671984 44.985 23.933333333333334 0.4000000000000002
1.0 0.6999002991026919 44.985 23.4 0.4100000000000002
1.0 0.6809571286141576 44.985 22.766666666666666 0.4200000000000002
1.0 0.6699900299102692 44.985 22.4 0.4300000000000002
1.0 0.6580259222333001 44.985 22.0 0.4400000000000002
1.0 0.646061814556331 44.985 21.6 0.45000000000000023
1.0 0.6321036889332003 44.985 21.133333333333333 0.46000000000000024
1.0 0.6281156530408774 44.985 21.0 0.47000000000000025
1.0 0.6191425722831505 44.985 20.7 0.48000000000000026
1.0 0.6101694915254238 44.985 20.4 0.49000000000000027
1.0 0.6051844466600199 44.985 20.233333333333334 0.5000000000000002
1.0 0.6041874376869392 44.985 20.2 0.5100000000000002
1.0 0.6001994017946162 44.985 20.066666666666666 0.5200000000000002
1.0 0.5982053838484547 44.985 20.0 0.5300000000000002
1.0 0.5952143569292123 44.985 19.9 0.5400000000000003
1.0 0.5942173479561316 44.985 19.866666666666667 0.5500000000000003
1.0 0.5922233300099701 44.985 19.8 0.5600000000000003
1.0 0.5912263210368893 44.985 19.766666666666666 0.5700000000000003
1.0 0.5872382851445663 44.985 19.633333333333333 0.5800000000000003
1.0 0.580259222333001 44.985 19.4 0.5900000000000003
1.0 0.5792622133599202 44.985 19.366666666666667 0.6000000000000003
1.0 0.576271186440678 44.985 19.266666666666666 0.6100000000000003
1.0 0.5702891326021934 44.985 19.066666666666666 0.6200000000000003
1.0 0.5653040877367896 44.985 18.9 0.6300000000000003
1.0 0.5523429710867398 44.985 18.466666666666665 0.6400000000000003
1.0 0.5403788634097707 44.985 18.066666666666666 0.6500000000000004
1.0 0.522432701894317 44.985 17.466666666666665 0.6600000000000004
1.0 0.5054835493519442 44.985 16.9 0.6700000000000004
1.0 0.48753738783649053 44.985 16.3 0.6800000000000004
1.0 0.46061814556331004 44.985 15.4 0.6900000000000004
1.0 0.44167497507477566 44.985 14.766666666666667 0.7000000000000004
1.0 0.4187437686939183 44.985 14.0 0.7100000000000004
1.0 0.386839481555334 44.985 12.933333333333334 0.7200000000000004
1.0 0.357926221335992 44.985 11.966666666666667 0.7300000000000004
1.0 0.33100697906281157 44.985 11.066666666666666 0.7400000000000004
1.0 0.31106679960119643 44.985 10.4 0.7500000000000004
1.0 0.2971086739780658 44.985 9.933333333333334 0.7600000000000005
1.0 0.2811565304087737 44.985 9.4 0.7700000000000005
1.0 0.2662013958125623 44.985 8.9 0.7800000000000005
1.0 0.25822532402791626 44.985 8.633333333333333 0.7900000000000005
0.9997777036790041 0.25124626121635096 44.975 8.4 0.8000000000000005
0.9995554073580082 0.24626121635094717 44.965 8.233333333333333 0.8100000000000005
0.9986662220740247 0.23728813559322035 44.925 7.933333333333334 0.8200000000000005
0.9973324441480493 0.2333000997008973 44.865 7.8 0.8300000000000005
0.996109814382572 0.21834496510468593 44.81 7.3 0.8400000000000005
0.9931088140491275 0.2033898305084746 44.675 6.8 0.8500000000000005
0.9854395909747694 0.18743768693918245 44.33 6.266666666666667 0.8600000000000005
0.9772146270979215 0.17148554336989033 43.96 5.733333333333333 0.8700000000000006
0.9666555518506169 0.15553339980059822 43.485 5.2 0.8800000000000006
0.9527620317883739 0.13260219341974078 42.86 4.433333333333334 0.8900000000000006
0.9354229187506947 0.10069790628115653 42.08 3.3666666666666667 0.9000000000000006
0.920973657885962 0.06380857427716849 41.43 2.1333333333333333 0.9100000000000006
0.9066355451817273 0.04386839481555334 40.785 1.4666666666666666 0.9200000000000006
0.895298432810937 0.020937188434695914 40.275 0.7 0.9300000000000006
0.881516060909192 0.01296111665004985 39.655 0.43333333333333335 0.9400000000000006
0.8689563187729243 0.006979062811565304 39.09 0.23333333333333334 0.9500000000000006
0.8541736134266978 0.0019940179461615153 38.425 0.06666666666666667 0.9600000000000006
0.8368345003890185 0.0 37.645 0.0 0.9700000000000006
0.7953762365232855 0.0 35.78 0.0 0.9800000000000006
0.685673002111815 0.0 30.845 0.0 0.9900000000000007
0.0 0.0 0.0 0.0
