1.0 1.0 11.24625 33.43333333333333 0.0
1.0 0.5613160518444666 11.24625 18.766666666666666 0.01
1.0 0.382851445663011 11.24625 12.8 0.02
1.0 0.325024925224327 11.24625 10.866666666666667 0.03
1.0 0.2971086739780658 11.24625 9.933333333333334 0.04
1.0 0.2731804586241276 11.24625 9.133333333333333 0.05
1.0 0.23529411764705882 11.24625 7.866666666666666 0.060000000000000005
1.0 0.23529411764705882 11.24625 7.866666666666666 0.07
1.0 0.226321036889332 11.24625 7.566666666666666 0.08
1.0 0.20937188434695914 11.24625 7.0 0.09
1.0 0.20039880358923232 11.24625 6.7 0.09999999999999999
1.0 0.19042871385842472 11.24625 6.366666666666666 0.10999999999999999
1.0 0.18544366899302095 11.24625 6.2 0.11999999999999998
1.0 0.17746759720837488 11.24625 5.933333333333334 0.12999999999999998
1.0 0.17347956131605186 11.24625 5.8 0.13999999999999999
1.0 0.17148554336989033 11.24625 5.733333333333333 0.15
1.0 0.1625124626121635 11.24625 5.433333333333334 0.16
1.0 0.1575274177467597 11.24625 5.266666666666667 0.17
1.0 0.15054835493519442 11.24625 5.033333333333333 0.18000000000000002
1.0 0.1485543369890329 11.24625 4.966666666666667 0.19000000000000003
1.0 0.14257228315054835 11.24625 4.766666666666667 0.20000000000000004
1.0 0.13758723828514458 11.24625 4.6 0.21000000000000005
1.0 0.1365902293120638 11.24625 4.566666666666666 0.22000000000000006
1.0 0.13160518444666003 11.24625 4.4 0.23000000000000007
1.0 0.12662013958125623 11.24625 4.233333333333333 0.24000000000000007
1.0 0.12662013958125623 11.24625 4.233333333333333 0.25000000000000006
1.0 0.12362911266201396 11.24625 4.133333333333334 0.26000000000000006
1.0 0.12063808574277168 11.24625 4.033333333333333 0.2700000000000001
1.0 0.11764705882352941 11.24625 3.933333333333333 0.2800000000000001
1.0 0.11465603190428714 11.24625 3.8333333333333335 0.2900000000000001
1.0 0.10967098703888335 11.24625 3.6666666666666665 0.3000000000000001
1.0 0.10468594217347957 11.24625 3.5 0.3100000000000001
1.0 0.1036889332003988 11.24625 3.466666666666667 0.3200000000000001
1.0 0.09970089730807577 11.24625 3.3333333333333335 0.3300000000000001
1.0 0.09870388833499502 11.24625 3.3 0.34000000000000014
1.0 0.09571286141575275 11.24625 3.2 0.35000000000000014
1.0 0.09471585244267199 11.24625 3.1666666666666665 0.36000000000000015
1.0 0.09371884346959122 11.24625 3.1333333333333333 0.37000000000000016
1.0 0.09172482552342971 11.24625 3.066666666666667 0.38000000000000017
1.0 0.08873379860418744 11.24625 2.966666666666667 0.3900000000000002
1.0 0.08773678963110668 11.24625 2.933333333333333 0.4000000000000002
1.0 0.08673978065802593 11.24625 2.9 0.4100000000000002
1.0 0.08374875373878365 11.24625 2.8 0.4200000000000002
1.0 0.08175473579262213 11.24625 2.7333333333333334 0.4300000000000002
1.0 0.07776669990029911 11.24625 2.6 0.4400000000000002
1.0 0.07577268195413758 11.24625 2.533333333333333 0.45000000000000023
1.0 0.07477567298105683 11.24625 2.5 0.46000000000000024
1.0 0.07377866400797607 11.24625 2.466666666666667 0.47000000000000025
1.0 0.07178464606181456 11.24625 2.4 0.48000000000000026
1.0 0.06879361914257229 11.24625 2.3 0.49000000000000027
1.0 0.06679960119641076 11.24625 2.2333333333333334 0.5000000000000002
1.0 0.06580259222333001 11.24625 2.2 0.5100000000000002
1.0 0.06380857427716849 11.24625 2.1333333333333333 0.5200000000000002
1.0 0.06380857427716849 11.24625 2.1333333333333333 0.5300000000000002
1.0 0.06181455633100698 11.24625 2.066666666666667 0.5400000000000003
1.0 0.06081754735792622 11.24625 2.033333333333333 0.5500000000000003
1.0 0.06081754735792622 11.24625 2.033333333333333 0.5600000000000003
1.0 0.05982053838484546 11.24625 2.0 0.5700000000000003
1.0 0.058823529411764705 11.24625 1.9666666666666666 0.5800000000000003
1.0 0.05782652043868395 11.24625 1.9333333333333333 0.5900000000000003
1.0 0.05682951146560319 11.24625 1.9 0.6000000000000003
1.0 0.054835493519441676 11.24625 1.8333333333333333 0.6100000000000003
1.0 0.0518444666001994 11.24625 1.7333333333333334 0.6200000000000003
1.0 0.049850448654037885 11.24625 1.6666666666666667 0.6300000000000003
1.0 0.049850448654037885 11.24625 1.6666666666666667 0.6400000000000003
1.0 0.04885343968095713 11.24625 1.6333333333333333 0.6500000000000004
1.0 0.04885343968095713 11.24625 1.6333333333333333 0.6600000000000004
1.0 0.04885343968095713 11.24625 1.6333333333333333 0.6700000000000004
1.0 0.045862412761714856 11.24625 1.5333333333333334 0.6800000000000004
1.0 0.045862412761714856 11.24625 1.5333333333333334 0.6900000000000004
1.0 0.04287138584247258 11.24625 1.4333333333333333 0.7000000000000004
1.0 0.040877367896311065 11.24625 1.3666666666666667 0.7100000000000004
1.0 0.040877367896311065 11.24625 1.3666666666666667 0.7200000000000004
1.0 0.038883349950149554 11.24625 1.3 0.7300000000000004
1.0 0.03788634097706879 11.24625 1.2666666666666666 0.7400000000000004
1.0 0.036889332003988036 11.24625 1.2333333333333334 0.7500000000000004
1.0 0.03589232303090728 11.24625 1.2 0.7600000000000005
1.0 0.03489531405782652 11.24625 1.1666666666666667 0.7700000000000005
1.0 0.03389830508474576 11.24625 1.1333333333333333 0.7800000000000005
1.0 0.03389830508474576 11.24625 1.1333333333333333 0.7900000000000005
1.0 0.031904287138584245 11.24625 1.0666666666666667 0.8000000000000005
1.0 0.031904287138584245 11.24625 1.0666666666666667 0.8100000000000005
1.0 0.031904287138584245 11.24625 1.0666666666666667 0.8200000000000005
1.0 0.031904287138584245 11.24625 1.0666666666666667 0.8300000000000005
1.0 0.03090727816550349 11.24625 1.0333333333333334 0.8400000000000005
1.0 0.028913260219341975 11.24625 0.9666666666666667 0.8500000000000005
0.999888851839502 0.027916251246261216 11.245 0.9333333333333333 0.8600000000000005
0.999888851839502 0.026919242273180457 11.245 0.9 0.8700000000000006
0.999888851839502 0.023928215353938187 11.245 0.8 0.8800000000000006
0.999888851839502 0.022931206380857428 11.245 0.7666666666666667 0.8900000000000006
0.999888851839502 0.02193419740777667 11.245 0.7333333333333333 0.9000000000000006
0.999888851839502 0.020937188434695914 11.245 0.7 0.9100000000000006
0.999888851839502 0.01794616151545364 11.245 0.6 0.9200000000000006
0.999888851839502 0.01794616151545364 11.245 0.6 0.9300000000000006
0.999888851839502 0.014955134596211365 11.245 0.5 0.9400000000000006
0.999888851839502 0.013958125623130608 11.245 0.4666666666666667 0.9500000000000006
0.999888851839502 0.011964107676969093 11.245 0.4 0.9600000000000006
0.999888851839502 0.006979062811565304 11.245 0.23333333333333334 0.9700000000000006
0.999888851839502 0.005982053838484547 11.245 0.2 0.9800000000000006
0.9997777036790041 0.004985044865403789 11.24375 0.16666666666666666 0.9900000000000007
0.0 0.0 0.0 0.0
