1.0 1.0 29.99 66.86666666666666 0.0
1.0 0.9770687936191426 29.99 65.33333333333333 0.01
1.0 0.9441674975074775 29.99 63.13333333333333 0.02
1.0 0.9112662013958126 29.99 60.93333333333333 0.03
1.0 0.8883349950149552 29.99 59.4 0.04
1.0 0.8584247258225324 29.99 57.4 0.05
1.0 0.8215353938185443 29.99 54.93333333333333 0.060000000000000005
1.0 0.8215353938185443 29.99 54.93333333333333 0.07
1.0 0.7986041874376869 29.99 53.4 0.08
1.0 0.7846460618145563 29.99 52.46666666666667 0.09
1.0 0.7746759720837487 29.99 51.8 0.09999999999999999
1.0 0.769690927218345 29.99 51.46666666666667 0.10999999999999999
1.0 0.7637088733798604 29.99 51.06666666666667 0.11999999999999998
1.0 0.7497507477567298 29.99 50.13333333333333 0.12999999999999998
1.0 0.7367896311066799 29.99 49.266666666666666 0.13999999999999999
1.0 0.7318045862412762 29.99 48.93333333333333 0.15
1.0 0.715852442671984 29.99 47.86666666666667 0.16
1.0 0.6979062811565304 29.99 46.666666666666664 0.17
1.0 0.6590229312063809 29.99 44.06666666666667 0.18000000000000002
1.0 0.646061814556331 29.99 43.2 0.19000000000000003
1.0 0.6350947158524427 29.99 42.46666666666667 0.20000000000000004
1.0 0.6281156530408774 29.99 42.0 0.21000000000000005
1.0 0.6201395812562313 29.99 41.46666666666667 0.22000000000000006
1.0 0.6081754735792622 29.99 40.666666666666664 0.23000000000000007
1.0 0.5952143569292123 29.99 39.8 0.24000000000000007
1.0 0.5882352941176471 29.99 39.333333333333336 0.25000000000000006
1.0 0.5792622133599202 29.99 38.733333333333334 0.26000000000000006
1.0 0.5722831505483549 29.99 38.266666666666666 0.2700000000000001
1.0 0.5682951146560319 29.99 38.0 0.2800000000000001
1.0 0.5603190428713859 29.99 37.46666666666667 0.2900000000000001
1.0 0.559322033898305 29.99 37.4 0.3000000000000001
1.0 0.5473579262213359 29.99 36.6 0.3100000000000001
1.0 0.5443668993020937 29.99 36.4 0.3200000000000001
1.0 0.5333998005982054 29.99 35.666666666666664 0.3300000000000001
1.0 0.5244267198404786 29.99 35.06666666666667 0.34000000000000014
1.0 0.5124626121635095 29.99 34.266666666666666 0.35000000000000014
1.0 0.4955134596211366 29.99 33.13333333333333 0.36000000000000015
1.0 0.48554336989032904 29.99 32.46666666666667 0.37000000000000016
1.0 0.4745762711864407 29.99 31.733333333333334 0.38000000000000017
1.0 0.4666001994017946 29.99 31.2 0.3900000000000002
1.0 0.4546360917248255 29.99 30.4 0.4000000000000002
1.0 0.4436689930209372 29.99 29.666666666666668 0.4100000000000002
1.0 0.4287138584247258 29.99 28.666666666666668 0.4200000000000002
1.0 0.4187437686939183 29.99 28.0 0.4300000000000002
1.0 0.4067796610169492 29.99 27.2 0.4400000000000002
1.0 0.3968095712861416 29.99 26.533333333333335 0.45000000000000023
1.0 0.382851445663011 29.99 25.6 0.46000000000000024
1.0 0.3728813559322034 29.99 24.933333333333334 0.47000000000000025
1.0 0.36889332003988035 29.99 24.666666666666668 0.48000000000000026
1.0 0.3629112662013958 29.99 24.266666666666666 0.49000000000000027
1.0 0.357926221335992 29.99 23.933333333333334 0.5000000000000002
1.0 0.3509471585244267 29.99 23.466666666666665 0.5100000000000002
1.0 0.34795613160518446 29.99 23.266666666666666 0.5200000000000002
1.0 0.34496510468594216 29.99 23.066666666666666 0.5300000000000002
1.0 0.34097706879361916 29.99 22.8 0.5400000000000003
1.0 0.3369890329012961 29.99 22.533333333333335 0.5500000000000003
1.0 0.33300099700897307 29.99 22.266666666666666 0.5600000000000003
1.0 0.32901296111665007 29.99 22.0 0.5700000000000003
1.0 0.32602193419740777 29.99 21.8 0.5800000000000003
1.0 0.3230309072781655 29.99 21.6 0.5900000000000003
1.0 0.317048853439681 29.99 21.2 0.6000000000000003
1.0 0.3120638085742772 29.99 20.866666666666667 0.6100000000000003
1.0 0.3070787637088734 29.99 20.533333333333335 0.6200000000000003
1.0 0.2951146560319043 29.99 19.733333333333334 0.6300000000000003
1.0 0.288135593220339 29.99 19.266666666666666 0.6400000000000003
1.0 0.28015952143569295 29.99 18.733333333333334 0.6500000000000004
1.0 0.2711864406779661 29.99 18.133333333333333 0.6600000000000004
1.0 0.25623130608175476 29.99 17.133333333333333 0.6700000000000004
1.0 0.2333000997008973 29.99 15.6 0.6800000000000004
1.0 0.21335992023928216 29.99 14.266666666666667 0.6900000000000004
1.0 0.20139581256231306 29.99 13.466666666666667 0.7000000000000004
1.0 0.18843469591226322 29.99 12.6 0.7100000000000004
1.0 0.17148554336989033 29.99 11.466666666666667 0.7200000000000004
1.0 0.15952143569292124 29.99 10.666666666666666 0.7300000000000004
1.0 0.14456630109670987 29.99 9.666666666666666 0.7400000000000004
1.0 0.1365902293120638 29.99 9.133333333333333 0.7500000000000004
1.0 0.12562313060817548 29.99 8.4 0.7600000000000005
1.0 0.11465603190428714 29.99 7.666666666666667 0.7700000000000005
1.0 0.10867397806580259 29.99 7.266666666666667 0.7800000000000005
1.0 0.10468594217347957 29.99 7.0 0.7900000000000005
0.9997777036790041 0.10468594217347957 29.983333333333334 7.0 0.8000000000000005
0.9993331110370124 0.09770687936191426 29.97 6.533333333333333 0.8100000000000005
0.9988885183950206 0.09571286141575275 29.956666666666667 6.4 0.8200000000000005
0.9987773702345226 0.0897308075772682 29.953333333333333 6.0 0.8300000000000005
0.9985550739135267 0.08175473579262213 29.946666666666665 5.466666666666667 0.8400000000000005
0.9974435923085473 0.07477567298105683 29.913333333333334 5.0 0.8500000000000005
0.9967767033455597 0.06779661016949153 29.893333333333334 4.533333333333333 0.8600000000000005
0.9947760364565966 0.058823529411764705 29.833333333333332 3.933333333333333 0.8700000000000006
0.9906635545181727 0.05084745762711865 29.71 3.4 0.8800000000000006
0.9872179615427364 0.04287138584247258 29.606666666666666 2.8666666666666667 0.8900000000000006
0.9829943314438147 0.03090727816550349 29.48 2.066666666666667 0.9000000000000006
0.9789929976658887 0.023928215353938187 29.36 1.6 0.9100000000000006
0.9745470712459708 0.01694915254237288 29.226666666666667 1.1333333333333333 0.9200000000000006
0.9699899966655552 0.01296111665004985 29.09 0.8666666666666667 0.9300000000000006
0.9656552184061353 0.005982053838484547 28.96 0.4 0.9400000000000006
0.96054240302323 0.0019940179461615153 28.80666666666667 0.13333333333333333 0.9500000000000006
0.9532066244303656 0.0 28.586666666666666 0.0 0.9600000000000006
0.9419806602200733 0.0 28.25 0.0 0.9700000000000006
0.9233077692564188 0.0 27.69 0.0 0.9800000000000006
0.869623207735912 0.0 26.08 0.0 0.9900000000000007
0.0 0.0 0.0 0.0
