1.0 1.0 44.985 Infinity 0.0
1.0 0.9900299102691924 44.985 Infinity 0.01
1.0 0.9820538384845464 44.985 Infinity 0.02
1.0 0.967098703888335 44.985 Infinity 0.03
1.0 0.959122632103689 44.985 Infinity 0.04
1.0 0.9531405782652044 44.985 Infinity 0.05
1.0 0.9282153539381854 44.985 Infinity 0.060000000000000005
1.0 0.9282153539381854 44.985 Infinity 0.07
1.0 0.9152542372881356 44.985 Infinity 0.08
1.0 0.9062811565304087 44.985 Infinity 0.09
1.0 0.8973080757726819 44.985 Infinity 0.09999999999999999
1.0 0.8873379860418744 44.985 Infinity 0.10999999999999999
1.0 0.8833499501495513 44.985 Infinity 0.11999999999999998
1.0 0.872382851445663 44.985 Infinity 0.12999999999999998
1.0 0.8584247258225324 44.985 Infinity 0.13999999999999999
1.0 0.8484546360917248 44.985 Infinity 0.15
1.0 0.8344965104685942 44.985 Infinity 0.16
1.0 0.8175473579262214 44.985 Infinity 0.17
1.0 0.7946161515453639 44.985 Infinity 0.18000000000000002
1.0 0.7846460618145563 44.985 Infinity 0.19000000000000003
1.0 0.7676969092721835 44.985 Infinity 0.20000000000000004
1.0 0.7557328015952144 44.985 Infinity 0.21000000000000005
1.0 0.744765702891326 44.985 Infinity 0.22000000000000006
1.0 0.7397806580259222 44.985 Infinity 0.23000000000000007
1.0 0.7367896311066799 44.985 Infinity 0.24000000000000007
1.0 0.7357926221335992 44.985 Infinity 0.25000000000000006
1.0 0.7337986041874377 44.985 Infinity 0.26000000000000006
1.0 0.7318045862412762 44.985 Infinity 0.2700000000000001
1.0 0.7268195413758723 44.985 Infinity 0.2800000000000001
1.0 0.7198404785643071 44.985 Infinity 0.2900000000000001
1.0 0.7168494516450648 44.985 Infinity 0.3000000000000001
1.0 0.7148554336989033 44.985 Infinity 0.3100000000000001
1.0 0.7128614157527418 44.985 Infinity 0.3200000000000001
1.0 0.707876370887338 44.985 Infinity 0.3300000000000001
1.0 0.6969092721834497 44.985 Infinity 0.34000000000000014
1.0 0.6889332003988036 44.985 Infinity 0.35000000000000014
1.0 0.6799601196410767 44.985 Infinity 0.36000000000000015
1.0 0.67098703888335 44.985 Infinity 0.37000000000000016
1.0 0.6580259222333001 44.985 Infinity 0.38000000000000017
1.0 0.6470588235294118 44.985 Infinity 0.3900000000000002
1.0 0.6331006979062812 44.985 Infinity 0.4000000000000002
1.0 0.617148554336989 44.985 Infinity 0.4100000000000002
1.0 0.6011964107676969 44.985 Infinity 0.4200000000000002
1.0 0.5832502492522432 44.985 Infinity 0.4300000000000002
1.0 0.5682951146560319 44.985 Infinity 0.4400000000000002
1.0 0.5483549351944168 44.985 Infinity 0.45000000000000023
1.0 0.5324027916251246 44.985 Infinity 0.46000000000000024
1.0 0.5154536390827518 44.985 Infinity 0.47000000000000025
1.0 0.5064805583250249 44.985 Infinity 0.48000000000000026
1.0 0.4985044865403789 44.985 Infinity 0.49000000000000027
1.0 0.4955134596211366 44.985 Infinity 0.5000000000000002
1.0 0.48753738783649053 44.985 Infinity 0.5100000000000002
1.0 0.48055832502492524 44.985 Infinity 0.5200000000000002
1.0 0.47756729810568294 44.985 Infinity 0.5300000000000002
1.0 0.47357926221335994 44.985 Infinity 0.5400000000000003
1.0 0.4715852442671984 44.985 Infinity 0.5500000000000003
1.0 0.4695912263210369 44.985 Infinity 0.5600000000000003
1.0 0.4666001994017946 44.985 Infinity 0.5700000000000003
1.0 0.46560319042871384 44.985 Infinity 0.5800000000000003
1.0 0.4626121635094716 44.985 Infinity 0.5900000000000003
1.0 0.4556331006979063 44.985 Infinity 0.6000000000000003
1.0 0.44965104685942175 44.985 Infinity 0.6100000000000003
1.0 0.4436689930209372 44.985 Infinity 0.6200000000000003
1.0 0.43469591226321036 44.985 Infinity 0.6300000000000003
1.0 0.42273180458624127 44.985 Infinity 0.6400000000000003
1.0 0.4137587238285145 44.985 Infinity 0.6500000000000004
1.0 0.39780658025922233 44.985 Infinity 0.6600000000000004
1.0 0.3818544366899302 44.985 Infinity 0.6700000000000004
1.0 0.37188434695912265 44.985 Infinity 0.6800000000000004
1.0 0.353938185443669 44.985 Infinity 0.6900000000000004
1.0 0.3349950149551346 44.985 Infinity 0.7000000000000004
1.0 0.3120638085742772 44.985 Infinity 0.7100000000000004
1.0 0.288135593220339 44.985 Infinity 0.7200000000000004
1.0 0.27517447657028915 44.985 Infinity 0.7300000000000004
1.0 0.26021934197407776 44.985 Infinity 0.7400000000000004
1.0 0.2333000997008973 44.985 Infinity 0.7500000000000004
1.0 0.21335992023928216 44.985 Infinity 0.7600000000000005
0.999888851839502 0.20438683948155534 44.98 Infinity 0.7700000000000005
0.999888851839502 0.18943170488534397 44.98 Infinity 0.7800000000000005
0.999888851839502 0.18344965104685942 44.98 Infinity 0.7900000000000005
0.9997777036790041 0.17746759720837488 44.975 Infinity 0.8000000000000005
0.9995554073580082 0.17248255234297108 44.965 Infinity 0.8100000000000005
0.9991108147160165 0.16550348953140578 44.945 Infinity 0.8200000000000005
0.998110481271535 0.1575274177467597 44.9 Infinity 0.8300000000000005
0.996109814382572 0.1485543369890329 44.81 Infinity 0.8400000000000005
0.9932199622096254 0.14456630109670987 44.68 Infinity 0.8500000000000005
0.9896632210736912 0.13060817547357925 44.52 Infinity 0.8600000000000005
0.9829943314438147 0.1156530408773679 44.22 Infinity 0.8700000000000006
0.9708791819495387 0.0967098703888335 43.675 Infinity 0.8800000000000006
0.9570968100477937 0.08175473579262213 43.055 Infinity 0.8900000000000006
0.9447593642325219 0.058823529411764705 42.5 Infinity 0.9000000000000006
0.9324219184172502 0.045862412761714856 41.945 Infinity 0.9100000000000006
0.9221962876514394 0.026919242273180457 41.485 Infinity 0.9200000000000006
0.9136378792930977 0.011964107676969093 41.1 Infinity 0.9300000000000006
0.9044125819717683 0.005982053838484547 40.685 Infinity 0.9400000000000006
0.8945203956874513 0.0029910269192422734 40.24 Infinity 0.9500000000000006
0.8851839502056241 0.0 39.82 NaN 0.9600000000000006
0.8685117261309325 0.0 39.07 NaN 0.9700000000000006
0.8378348338335001 0.0 37.69 NaN 0.9800000000000006
0.745026119817717 0.0 33.515 NaN 0.9900000000000007
0.0 0.0 0.0 0.0
