1.0 1.0 Infinity 27.86111111111111 0.0
0.9996665555185061 1.0 Infinity 27.86111111111111 0.01
0.9992219628765144 1.0 Infinity 27.86111111111111 0.02
0.9985550739135267 1.0 Infinity 27.86111111111111 0.03
0.9982216294320329 1.0 Infinity 27.86111111111111 0.04
0.9979993331110371 1.0 Infinity 27.86111111111111 0.05
0.9977770367900411 1.0 Infinity 27.86111111111111 0.060000000000000005
0.9977770367900411 1.0 Infinity 27.86111111111111 0.07
0.9977770367900411 1.0 Infinity 27.86111111111111 0.08
0.9977770367900411 1.0 Infinity 27.86111111111111 0.09
0.9977770367900411 1.0 Infinity 27.86111111111111 0.09999999999999999
0.9977770367900411 1.0 Infinity 27.86111111111111 0.10999999999999999
0.9977770367900411 1.0 Infinity 27.86111111111111 0.11999999999999998
0.9977770367900411 1.0 Infinity 27.86111111111111 0.12999999999999998
0.9977770367900411 1.0 Infinity 27.86111111111111 0.13999999999999999
0.9977770367900411 1.0 Infinity 27.86111111111111 0.15
0.9977770367900411 1.0 Infinity 27.86111111111111 0.16
0.9977770367900411 1.0 Infinity 27.86111111111111 0.17
0.9977770367900411 1.0 Infinity 27.86111111111111 0.18000000000000002
0.9977770367900411 1.0 Infinity 27.86111111111111 0.19000000000000003
0.9977770367900411 1.0 Infinity 27.86111111111111 0.20000000000000004
0.9977770367900411 1.0 Infinity 27.86111111111111 0.21000000000000005
0.9977770367900411 1.0 Infinity 27.86111111111111 0.22000000000000006
0.9977770367900411 1.0 Infinity 27.86111111111111 0.23000000000000007
0.9977770367900411 1.0 Infinity 27.86111111111111 0.24000000000000007
0.9977770367900411 1.0 Infinity 27.86111111111111 0.25000000000000006
0.9977770367900411 1.0 Infinity 27.86111111111111 0.26000000000000006
0.9977770367900411 1.0 Infinity 27.86111111111111 0.2700000000000001
0.9977770367900411 1.0 Infinity 27.86111111111111 0.2800000000000001
0.9977770367900411 1.0 Infinity 27.86111111111111 0.2900000000000001
0.9977770367900411 1.0 Infinity 27.86111111111111 0.3000000000000001
0.9977770367900411 1.0 Infinity 27.86111111111111 0.3100000000000001
0.9977770367900411 1.0 Infinity 27.86111111111111 0.3200000000000001
0.9977770367900411 1.0 Infinity 27.86111111111111 0.3300000000000001
0.9977770367900411 1.0 Infinity 27.86111111111111 0.34000000000000014
0.9977770367900411 1.0 Infinity 27.86111111111111 0.35000000000000014
0.9977770367900411 1.0 Infinity 27.86111111111111 0.36000000000000015
0.9977770367900411 1.0 Infinity 27.86111111111111 0.37000000000000016
0.9977770367900411 1.0 Infinity 27.86111111111111 0.38000000000000017
0.9977770367900411 1.0 Infinity 27.86111111111111 0.3900000000000002
0.9977770367900411 1.0 Infinity 27.86111111111111 0.4000000000000002
0.9977770367900411 1.0 Infinity 27.86111111111111 0.4100000000000002
0.9977770367900411 1.0 Infinity 27.86111111111111 0.4200000000000002
0.9977770367900411 1.0 Infinity 27.86111111111111 0.4300000000000002
0.9977770367900411 1.0 Infinity 27.86111111111111 0.4400000000000002
0.9977770367900411 1.0 Infinity 27.86111111111111 0.45000000000000023
0.9977770367900411 1.0 Infinity 27.86111111111111 0.46000000000000024
0.9977770367900411 1.0 Infinity 27.86111111111111 0.47000000000000025
0.9977770367900411 1.0 Infinity 27.86111111111111 0.48000000000000026
0.9977770367900411 1.0 Infinity 27.86111111111111 0.49000000000000027
0.9977770367900411 1.0 Infinity 27.86111111111111 0.5000000000000002
0.9977770367900411 1.0 Infinity 27.86111111111111 0.5100000000000002
0.9977770367900411 1.0 Infinity 27.86111111111111 0.5200000000000002
0.9977770367900411 1.0 Infinity 27.86111111111111 0.5300000000000002
0.9977770367900411 1.0 Infinity 27.86111111111111 0.5400000000000003
0.9977770367900411 1.0 Infinity 27.86111111111111 0.5500000000000003
0.9977770367900411 1.0 Infinity 27.86111111111111 0.5600000000000003
0.9977770367900411 1.0 Infinity 27.86111111111111 0.5700000000000003
0.9977770367900411 1.0 Infinity 27.86111111111111 0.5800000000000003
0.9977770367900411 1.0 Infinity 27.86111111111111 0.5900000000000003
0.9977770367900411 1.0 Infinity 27.86111111111111 0.6000000000000003
0.9977770367900411 1.0 Infinity 27.86111111111111 0.6100000000000003
0.9977770367900411 1.0 Infinity 27.86111111111111 0.6200000000000003
0.9977770367900411 1.0 Infinity 27.86111111111111 0.6300000000000003
0.9977770367900411 1.0 Infinity 27.86111111111111 0.6400000000000003
0.9977770367900411 1.0 Infinity 27.86111111111111 0.6500000000000004
0.9977770367900411 1.0 Infinity 27.86111111111111 0.6600000000000004
0.9977770367900411 1.0 Infinity 27.86111111111111 0.6700000000000004
0.9977770367900411 1.0 Infinity 27.86111111111111 0.6800000000000004
0.9977770367900411 1.0 Infinity 27.86111111111111 0.6900000000000004
0.9977770367900411 1.0 Infinity 27.86111111111111 0.7000000000000004
0.9977770367900411 1.0 Infinity 27.86111111111111 0.7100000000000004
0.9977770367900411 1.0 Infinity 27.86111111111111 0.7200000000000004
0.9977770367900411 1.0 Infinity 27.86111111111111 0.7300000000000004
0.9977770367900411 1.0 Infinity 27.86111111111111 0.7400000000000004
0.9977770367900411 1.0 Infinity 27.86111111111111 0.7500000000000004
0.9977770367900411 1.0 Infinity 27.86111111111111 0.7600000000000005
0.9976658886295432 1.0 Infinity 27.86111111111111 0.7700000000000005
0.9973324441480493 1.0 Infinity 27.86111111111111 0.7800000000000005
0.9967767033455597 1.0 Infinity 27.86111111111111 0.7900000000000005
0.9956652217405801 1.0 Infinity 27.86111111111111 0.8000000000000005
0.9925530732466378 0.9970089730807578 Infinity 27.77777777777778 0.8100000000000005
0.9869956652217405 0.996011964107677 Infinity 27.75 0.8200000000000005
0.9766588862954318 0.9860418743768694 Infinity 27.47222222222222 0.8300000000000005
0.9587640324552629 0.9700897308075773 Infinity 27.02777777777778 0.8400000000000005
0.9278648438368345 0.9501495513459621 Infinity 26.47222222222222 0.8500000000000005
0.8789596532177393 0.8803589232303091 Infinity 24.52777777777778 0.8600000000000005
0.8059353117705902 0.8035892323030908 Infinity 22.38888888888889 0.8700000000000006
0.709347560297877 0.711864406779661 Infinity 19.833333333333332 0.8800000000000006
0.5875291763921308 0.609172482552343 Infinity 16.97222222222222 0.8900000000000006
0.4552628653995776 0.46560319042871384 Infinity 12.972222222222221 0.9000000000000006
0.3209958875180616 0.32103688933200397 Infinity 8.944444444444445 0.9100000000000006
0.20784706013115484 0.2023928215353938 Infinity 5.638888888888889 0.9200000000000006
0.12337445815271757 0.10667996011964108 Infinity 2.9722222222222223 0.9300000000000006
0.058686228742914306 0.053838484546360914 Infinity 1.5 0.9400000000000006
0.02356341002556408 0.024925224327018942 Infinity 0.6944444444444444 0.9500000000000006
0.006446593308880738 0.005982053838484547 Infinity 0.16666666666666666 0.9600000000000006
0.0021118150494609314 0.0029910269192422734 Infinity 0.08333333333333333 0.9700000000000006
3.3344448149383126E-4 0.0019940179461615153 Infinity 0.05555555555555555 0.9800000000000006
0.0 9.970089730807576E-4 NaN 0.027777777777777776 0.9900000000000007
0.0 0.0 0.0 0.0
