1.0 1.0 9.996666666666666 100.3 0.0
1.0 0.33100697906281157 9.996666666666666 33.2 0.01
1.0 0.18843469591226322 9.996666666666666 18.9 0.02
1.0 0.1535393818544367 9.996666666666666 15.4 0.03
1.0 0.12163509471585245 9.996666666666666 12.2 0.04
1.0 0.10468594217347957 9.996666666666666 10.5 0.05
1.0 0.08275174476570289 9.996666666666666 8.3 0.060000000000000005
1.0 0.08275174476570289 9.996666666666666 8.3 0.07
1.0 0.0707876370887338 9.996666666666666 7.1 0.08
1.0 0.06580259222333001 9.996666666666666 6.6 0.09
1.0 0.05982053838484546 9.996666666666666 6.0 0.09999999999999999
1.0 0.053838484546360914 9.996666666666666 5.4 0.10999999999999999
1.0 0.04885343968095713 9.996666666666666 4.9 0.11999999999999998
1.0 0.04287138584247258 9.996666666666666 4.3 0.12999999999999998
1.0 0.04287138584247258 9.996666666666666 4.3 0.13999999999999999
1.0 0.04187437686939183 9.996666666666666 4.2 0.15
1.0 0.03788634097706879 9.996666666666666 3.8 0.16
1.0 0.03389830508474576 9.996666666666666 3.4 0.17
1.0 0.027916251246261216 9.996666666666666 2.8 0.18000000000000002
1.0 0.023928215353938187 9.996666666666666 2.4 0.19000000000000003
1.0 0.020937188434695914 9.996666666666666 2.1 0.20000000000000004
1.0 0.018943170488534396 9.996666666666666 1.9 0.21000000000000005
1.0 0.01794616151545364 9.996666666666666 1.8 0.22000000000000006
1.0 0.014955134596211365 9.996666666666666 1.5 0.23000000000000007
1.0 0.014955134596211365 9.996666666666666 1.5 0.24000000000000007
1.0 0.013958125623130608 9.996666666666666 1.4 0.25000000000000006
1.0 0.01296111665004985 9.996666666666666 1.3 0.26000000000000006
1.0 0.01296111665004985 9.996666666666666 1.3 0.2700000000000001
1.0 0.01296111665004985 9.996666666666666 1.3 0.2800000000000001
1.0 0.01296111665004985 9.996666666666666 1.3 0.2900000000000001
1.0 0.011964107676969093 9.996666666666666 1.2 0.3000000000000001
1.0 0.010967098703888335 9.996666666666666 1.1 0.3100000000000001
1.0 0.00897308075772682 9.996666666666666 0.9 0.3200000000000001
1.0 0.00897308075772682 9.996666666666666 0.9 0.3300000000000001
1.0 0.00897308075772682 9.996666666666666 0.9 0.34000000000000014
1.0 0.00897308075772682 9.996666666666666 0.9 0.35000000000000014
1.0 0.007976071784646061 9.996666666666666 0.8 0.36000000000000015
1.0 0.007976071784646061 9.996666666666666 0.8 0.37000000000000016
1.0 0.007976071784646061 9.996666666666666 0.8 0.38000000000000017
1.0 0.007976071784646061 9.996666666666666 0.8 0.3900000000000002
1.0 0.007976071784646061 9.996666666666666 0.8 0.4000000000000002
1.0 0.006979062811565304 9.996666666666666 0.7 0.4100000000000002
1.0 0.005982053838484547 9.996666666666666 0.6 0.4200000000000002
1.0 0.004985044865403789 9.996666666666666 0.5 0.4300000000000002
1.0 0.004985044865403789 9.996666666666666 0.5 0.4400000000000002
1.0 0.004985044865403789 9.996666666666666 0.5 0.45000000000000023
1.0 0.004985044865403789 9.996666666666666 0.5 0.46000000000000024
1.0 0.004985044865403789 9.996666666666666 0.5 0.47000000000000025
1.0 0.004985044865403789 9.996666666666666 0.5 0.48000000000000026
1.0 0.004985044865403789 9.996666666666666 0.5 0.49000000000000027
1.0 0.004985044865403789 9.996666666666666 0.5 0.5000000000000002
1.0 0.004985044865403789 9.996666666666666 0.5 0.5100000000000002
1.0 0.004985044865403789 9.996666666666666 0.5 0.5200000000000002
1.0 0.004985044865403789 9.996666666666666 0.5 0.5300000000000002
1.0 0.004985044865403789 9.996666666666666 0.5 0.5400000000000003
1.0 0.004985044865403789 9.996666666666666 0.5 0.5500000000000003
1.0 0.004985044865403789 9.996666666666666 0.5 0.5600000000000003
1.0 0.004985044865403789 9.996666666666666 0.5 0.5700000000000003
1.0 0.004985044865403789 9.996666666666666 0.5 0.5800000000000003
1.0 0.004985044865403789 9.996666666666666 0.5 0.5900000000000003
1.0 0.004985044865403789 9.996666666666666 0.5 0.6000000000000003
1.0 0.003988035892323031 9.996666666666666 0.4 0.6100000000000003
1.0 0.0029910269192422734 9.996666666666666 0.3 0.6200000000000003
1.0 0.0029910269192422734 9.996666666666666 0.3 0.6300000000000003
1.0 0.0019940179461615153 9.996666666666666 0.2 0.6400000000000003
1.0 0.0019940179461615153 9.996666666666666 0.2 0.6500000000000004
1.0 0.0019940179461615153 9.996666666666666 0.2 0.6600000000000004
1.0 0.0019940179461615153 9.996666666666666 0.2 0.6700000000000004
1.0 0.0019940179461615153 9.996666666666666 0.2 0.6800000000000004
1.0 9.970089730807576E-4 9.996666666666666 0.1 0.6900000000000004
1.0 9.970089730807576E-4 9.996666666666666 0.1 0.7000000000000004
1.0 9.970089730807576E-4 9.996666666666666 0.1 0.7100000000000004
1.0 9.970089730807576E-4 9.996666666666666 0.1 0.7200000000000004
1.0 9.970089730807576E-4 9.996666666666666 0.1 0.7300000000000004
1.0 9.970089730807576E-4 9.996666666666666 0.1 0.7400000000000004
1.0 9.970089730807576E-4 9.996666666666666 0.1 0.7500000000000004
1.0 9.970089730807576E-4 9.996666666666666 0.1 0.7600000000000005
1.0 9.970089730807576E-4 9.996666666666666 0.1 0.7700000000000005
1.0 9.970089730807576E-4 9.996666666666666 0.1 0.7800000000000005
1.0 9.970089730807576E-4 9.996666666666666 0.1 0.7900000000000005
1.0 0.0 9.996666666666666 0.0 0.8000000000000005
1.0 0.0 9.996666666666666 0.0 0.8100000000000005
1.0 0.0 9.996666666666666 0.0 0.8200000000000005
1.0 0.0 9.996666666666666 0.0 0.8300000000000005
1.0 0.0 9.996666666666666 0.0 0.8400000000000005
1.0 0.0 9.996666666666666 0.0 0.8500000000000005
1.0 0.0 9.996666666666666 0.0 0.8600000000000005
1.0 0.0 9.996666666666666 0.0 0.8700000000000006
1.0 0.0 9.996666666666666 0.0 0.8800000000000006
1.0 0.0 9.996666666666666 0.0 0.8900000000000006
1.0 0.0 9.996666666666666 0.0 0.9000000000000006
1.0 0.0 9.996666666666666 0.0 0.9100000000000006
1.0 0.0 9.996666666666666 0.0 0.9200000000000006
1.0 0.0 9.996666666666666 0.0 0.9300000000000006
1.0 0.0 9.996666666666666 0.0 0.9400000000000006
1.0 0.0 9.996666666666666 0.0 0.9500000000000006
1.0 0.0 9.996666666666666 0.0 0.9600000000000006
0.9997777036790041 0.0 9.994444444444444 0.0 0.9700000000000006
0.9997777036790041 0.0 9.994444444444444 0.0 0.9800000000000006
0.9992219628765144 0.0 9.988888888888889 0.0 0.9900000000000007
0.0 0.0 0.0 0.0
