0 0.0  0 NaN 10000 9123.180000000018 0.9123180000000018
5 100.0  100 1.0 10000 9125.250000000024 0.9125250000000024
10 199.99  200 0.99995 10000 9134.989999999983 0.9134989999999984
15 299.79  300 0.9993000000000001 10000 9148.06000000002 0.9148060000000019
20 399.64  400 0.9991 10000 9099.580000000018 0.9099580000000018
25 499.70000000000005  500 0.9994000000000001 10000 9140.029999999995 0.9140029999999996
30 599.5600000000002  600 0.999266666666667 10000 9148.370000000015 0.9148370000000016
35 699.3900000000002  700 0.9991285714285717 10000 9148.960000000005 0.9148960000000005
40 799.7300000000001  800 0.9996625000000001 10000 9113.490000000033 0.9113490000000033
45 899.4900000000001  900 0.9994333333333335 10000 9125.290000000028 0.9125290000000028
50 998.7600000000002  1000 0.9987600000000002 10000 9146.799999999992 0.9146799999999992
