1.0 1.0 17.994 25.075 0.0
1.0 0.7497507477567298 17.994 18.8 0.01
1.0 0.6141575274177468 17.994 15.4 0.02
1.0 0.5274177467597209 17.994 13.225 0.03
1.0 0.48055832502492524 17.994 12.05 0.04
1.0 0.43968095712861416 17.994 11.025 0.05
1.0 0.3728813559322034 17.994 9.35 0.060000000000000005
1.0 0.3728813559322034 17.994 9.35 0.07
1.0 0.3489531405782652 17.994 8.75 0.08
1.0 0.3220338983050847 17.994 8.075 0.09
1.0 0.3070787637088734 17.994 7.7 0.09999999999999999
1.0 0.2931206380857428 17.994 7.35 0.10999999999999999
1.0 0.2831505483549352 17.994 7.1 0.11999999999999998
1.0 0.2741774675972084 17.994 6.875 0.12999999999999998
1.0 0.26021934197407776 17.994 6.525 0.13999999999999999
1.0 0.24626121635094717 17.994 6.175 0.15
1.0 0.2382851445663011 17.994 5.975 0.16
1.0 0.23030907278165502 17.994 5.775 0.17
1.0 0.21136590229312063 17.994 5.3 0.18000000000000002
1.0 0.2033898305084746 17.994 5.1 0.19000000000000003
1.0 0.19641076769690927 17.994 4.925 0.20000000000000004
1.0 0.18843469591226322 17.994 4.725 0.21000000000000005
1.0 0.18245264207377868 17.994 4.575 0.22000000000000006
1.0 0.17846460618145563 17.994 4.475 0.23000000000000007
1.0 0.17647058823529413 17.994 4.425 0.24000000000000007
1.0 0.17347956131605186 17.994 4.35 0.25000000000000006
1.0 0.17048853439680958 17.994 4.275 0.26000000000000006
1.0 0.16151545363908276 17.994 4.05 0.2700000000000001
1.0 0.15952143569292124 17.994 4.0 0.2800000000000001
1.0 0.15653040877367896 17.994 3.925 0.2900000000000001
1.0 0.1535393818544367 17.994 3.85 0.3000000000000001
1.0 0.15054835493519442 17.994 3.775 0.3100000000000001
1.0 0.14257228315054835 17.994 3.575 0.3200000000000001
1.0 0.14057826520438685 17.994 3.525 0.3300000000000001
1.0 0.1345962113659023 17.994 3.375 0.34000000000000014
1.0 0.1296111665004985 17.994 3.25 0.35000000000000014
1.0 0.12462612163509472 17.994 3.125 0.36000000000000015
1.0 0.1226321036889332 17.994 3.075 0.37000000000000016
1.0 0.11665004985044865 17.994 2.925 0.38000000000000017
1.0 0.11465603190428714 17.994 2.875 0.3900000000000002
1.0 0.10967098703888335 17.994 2.75 0.4000000000000002
1.0 0.10568295114656032 17.994 2.65 0.4100000000000002
1.0 0.09870388833499502 17.994 2.475 0.4200000000000002
1.0 0.0967098703888335 17.994 2.425 0.4300000000000002
1.0 0.09072781655034895 17.994 2.275 0.4400000000000002
1.0 0.08574277168494517 17.994 2.15 0.45000000000000023
1.0 0.08175473579262213 17.994 2.05 0.46000000000000024
1.0 0.08175473579262213 17.994 2.05 0.47000000000000025
1.0 0.07776669990029911 17.994 1.95 0.48000000000000026
1.0 0.07577268195413758 17.994 1.9 0.49000000000000027
1.0 0.07577268195413758 17.994 1.9 0.5000000000000002
1.0 0.07577268195413758 17.994 1.9 0.5100000000000002
1.0 0.07477567298105683 17.994 1.875 0.5200000000000002
1.0 0.07278165503489531 17.994 1.825 0.5300000000000002
1.0 0.0707876370887338 17.994 1.775 0.5400000000000003
1.0 0.06979062811565304 17.994 1.75 0.5500000000000003
1.0 0.06979062811565304 17.994 1.75 0.5600000000000003
1.0 0.06679960119641076 17.994 1.675 0.5700000000000003
1.0 0.06480558325024925 17.994 1.625 0.5800000000000003
1.0 0.06081754735792622 17.994 1.525 0.5900000000000003
1.0 0.06081754735792622 17.994 1.525 0.6000000000000003
1.0 0.05782652043868395 17.994 1.45 0.6100000000000003
1.0 0.05682951146560319 17.994 1.425 0.6200000000000003
1.0 0.05284147557328016 17.994 1.325 0.6300000000000003
1.0 0.049850448654037885 17.994 1.25 0.6400000000000003
1.0 0.049850448654037885 17.994 1.25 0.6500000000000004
1.0 0.04685942173479561 17.994 1.175 0.6600000000000004
1.0 0.04685942173479561 17.994 1.175 0.6700000000000004
1.0 0.04386839481555334 17.994 1.1 0.6800000000000004
1.0 0.040877367896311065 17.994 1.025 0.6900000000000004
1.0 0.03788634097706879 17.994 0.95 0.7000000000000004
1.0 0.03389830508474576 17.994 0.85 0.7100000000000004
1.0 0.03290129611166501 17.994 0.825 0.7200000000000004
1.0 0.031904287138584245 17.994 0.8 0.7300000000000004
1.0 0.02991026919242273 17.994 0.75 0.7400000000000004
1.0 0.02991026919242273 17.994 0.75 0.7500000000000004
1.0 0.027916251246261216 17.994 0.7 0.7600000000000005
1.0 0.026919242273180457 17.994 0.675 0.7700000000000005
1.0 0.026919242273180457 17.994 0.675 0.7800000000000005
1.0 0.026919242273180457 17.994 0.675 0.7900000000000005
1.0 0.0259222333000997 17.994 0.65 0.8000000000000005
1.0 0.024925224327018942 17.994 0.625 0.8100000000000005
1.0 0.024925224327018942 17.994 0.625 0.8200000000000005
0.999888851839502 0.024925224327018942 17.992 0.625 0.8300000000000005
0.999888851839502 0.024925224327018942 17.992 0.625 0.8400000000000005
0.9997777036790041 0.024925224327018942 17.99 0.625 0.8500000000000005
0.9996665555185061 0.023928215353938187 17.988 0.6 0.8600000000000005
0.9994442591975102 0.023928215353938187 17.984 0.6 0.8700000000000006
0.9994442591975102 0.02193419740777667 17.984 0.55 0.8800000000000006
0.9989996665555185 0.019940179461615155 17.976 0.5 0.8900000000000006
0.9987773702345226 0.019940179461615155 17.972 0.5 0.9000000000000006
0.9985550739135267 0.019940179461615155 17.968 0.5 0.9100000000000006
0.9983327775925308 0.019940179461615155 17.964 0.5 0.9200000000000006
0.9978881849505391 0.019940179461615155 17.956 0.5 0.9300000000000006
0.9973324441480493 0.019940179461615155 17.946 0.5 0.9400000000000006
0.9967767033455597 0.019940179461615155 17.936 0.5 0.9500000000000006
0.9964432588640658 0.019940179461615155 17.93 0.5 0.9600000000000006
0.9955540735800823 0.019940179461615155 17.914 0.5 0.9700000000000006
0.9933311103701233 0.019940179461615155 17.874 0.5 0.9800000000000006
0.9847727020117817 0.019940179461615155 17.72 0.5 0.9900000000000007
0.0 0.0 0.0 0.0
