1.0 1.0 12.852857142857143 83.58333333333333 0.0
1.0 0.4985044865403789 12.852857142857143 41.666666666666664 0.01
1.0 0.3300099700897308 12.852857142857143 27.583333333333332 0.02
1.0 0.2662013958125623 12.852857142857143 22.25 0.03
1.0 0.226321036889332 12.852857142857143 18.916666666666668 0.04
1.0 0.193419740777667 12.852857142857143 16.166666666666668 0.05
1.0 0.15254237288135594 12.852857142857143 12.75 0.060000000000000005
1.0 0.15254237288135594 12.852857142857143 12.75 0.07
1.0 0.13958125623130607 12.852857142857143 11.666666666666666 0.08
1.0 0.12761714855433698 12.852857142857143 10.666666666666666 0.09
1.0 0.11864406779661017 12.852857142857143 9.916666666666666 0.09999999999999999
1.0 0.1106679960119641 12.852857142857143 9.25 0.10999999999999999
1.0 0.10269192422731804 12.852857142857143 8.583333333333334 0.11999999999999998
1.0 0.09571286141575275 12.852857142857143 8.0 0.12999999999999998
1.0 0.08773678963110668 12.852857142857143 7.333333333333333 0.13999999999999999
1.0 0.07876370887337986 12.852857142857143 6.583333333333333 0.15
1.0 0.07577268195413758 12.852857142857143 6.333333333333333 0.16
1.0 0.06779661016949153 12.852857142857143 5.666666666666667 0.17
1.0 0.058823529411764705 12.852857142857143 4.916666666666667 0.18000000000000002
1.0 0.053838484546360914 12.852857142857143 4.5 0.19000000000000003
1.0 0.0518444666001994 12.852857142857143 4.333333333333333 0.20000000000000004
1.0 0.05084745762711865 12.852857142857143 4.25 0.21000000000000005
1.0 0.045862412761714856 12.852857142857143 3.8333333333333335 0.22000000000000006
1.0 0.0448654037886341 12.852857142857143 3.75 0.23000000000000007
1.0 0.04287138584247258 12.852857142857143 3.5833333333333335 0.24000000000000007
1.0 0.04287138584247258 12.852857142857143 3.5833333333333335 0.25000000000000006
1.0 0.04187437686939183 12.852857142857143 3.5 0.26000000000000006
1.0 0.03988035892323031 12.852857142857143 3.3333333333333335 0.2700000000000001
1.0 0.03788634097706879 12.852857142857143 3.1666666666666665 0.2800000000000001
1.0 0.03589232303090728 12.852857142857143 3.0 0.2900000000000001
1.0 0.03589232303090728 12.852857142857143 3.0 0.3000000000000001
1.0 0.03489531405782652 12.852857142857143 2.9166666666666665 0.3100000000000001
1.0 0.03290129611166501 12.852857142857143 2.75 0.3200000000000001
1.0 0.028913260219341975 12.852857142857143 2.4166666666666665 0.3300000000000001
1.0 0.027916251246261216 12.852857142857143 2.3333333333333335 0.34000000000000014
1.0 0.026919242273180457 12.852857142857143 2.25 0.35000000000000014
1.0 0.024925224327018942 12.852857142857143 2.0833333333333335 0.36000000000000015
1.0 0.023928215353938187 12.852857142857143 2.0 0.37000000000000016
1.0 0.020937188434695914 12.852857142857143 1.75 0.38000000000000017
1.0 0.019940179461615155 12.852857142857143 1.6666666666666667 0.3900000000000002
1.0 0.019940179461615155 12.852857142857143 1.6666666666666667 0.4000000000000002
1.0 0.019940179461615155 12.852857142857143 1.6666666666666667 0.4100000000000002
1.0 0.01794616151545364 12.852857142857143 1.5 0.4200000000000002
1.0 0.015952143569292122 12.852857142857143 1.3333333333333333 0.4300000000000002
1.0 0.015952143569292122 12.852857142857143 1.3333333333333333 0.4400000000000002
1.0 0.015952143569292122 12.852857142857143 1.3333333333333333 0.45000000000000023
1.0 0.014955134596211365 12.852857142857143 1.25 0.46000000000000024
1.0 0.014955134596211365 12.852857142857143 1.25 0.47000000000000025
1.0 0.013958125623130608 12.852857142857143 1.1666666666666667 0.48000000000000026
1.0 0.01296111665004985 12.852857142857143 1.0833333333333333 0.49000000000000027
1.0 0.011964107676969093 12.852857142857143 1.0 0.5000000000000002
1.0 0.011964107676969093 12.852857142857143 1.0 0.5100000000000002
1.0 0.011964107676969093 12.852857142857143 1.0 0.5200000000000002
1.0 0.011964107676969093 12.852857142857143 1.0 0.5300000000000002
1.0 0.009970089730807577 12.852857142857143 0.8333333333333334 0.5400000000000003
1.0 0.009970089730807577 12.852857142857143 0.8333333333333334 0.5500000000000003
1.0 0.009970089730807577 12.852857142857143 0.8333333333333334 0.5600000000000003
1.0 0.009970089730807577 12.852857142857143 0.8333333333333334 0.5700000000000003
1.0 0.009970089730807577 12.852857142857143 0.8333333333333334 0.5800000000000003
1.0 0.00897308075772682 12.852857142857143 0.75 0.5900000000000003
1.0 0.00897308075772682 12.852857142857143 0.75 0.6000000000000003
1.0 0.00897308075772682 12.852857142857143 0.75 0.6100000000000003
1.0 0.00897308075772682 12.852857142857143 0.75 0.6200000000000003
1.0 0.00897308075772682 12.852857142857143 0.75 0.6300000000000003
1.0 0.007976071784646061 12.852857142857143 0.6666666666666666 0.6400000000000003
1.0 0.006979062811565304 12.852857142857143 0.5833333333333334 0.6500000000000004
1.0 0.004985044865403789 12.852857142857143 0.4166666666666667 0.6600000000000004
1.0 0.004985044865403789 12.852857142857143 0.4166666666666667 0.6700000000000004
1.0 0.003988035892323031 12.852857142857143 0.3333333333333333 0.6800000000000004
1.0 0.003988035892323031 12.852857142857143 0.3333333333333333 0.6900000000000004
1.0 0.003988035892323031 12.852857142857143 0.3333333333333333 0.7000000000000004
1.0 0.0029910269192422734 12.852857142857143 0.25 0.7100000000000004
1.0 0.0019940179461615153 12.852857142857143 0.16666666666666666 0.7200000000000004
1.0 0.0019940179461615153 12.852857142857143 0.16666666666666666 0.7300000000000004
1.0 0.0019940179461615153 12.852857142857143 0.16666666666666666 0.7400000000000004
1.0 9.970089730807576E-4 12.852857142857143 0.08333333333333333 0.7500000000000004
1.0 9.970089730807576E-4 12.852857142857143 0.08333333333333333 0.7600000000000005
1.0 0.0 12.852857142857143 0.0 0.7700000000000005
1.0 0.0 12.852857142857143 0.0 0.7800000000000005
1.0 0.0 12.852857142857143 0.0 0.7900000000000005
1.0 0.0 12.852857142857143 0.0 0.8000000000000005
1.0 0.0 12.852857142857143 0.0 0.8100000000000005
1.0 0.0 12.852857142857143 0.0 0.8200000000000005
1.0 0.0 12.852857142857143 0.0 0.8300000000000005
1.0 0.0 12.852857142857143 0.0 0.8400000000000005
1.0 0.0 12.852857142857143 0.0 0.8500000000000005
1.0 0.0 12.852857142857143 0.0 0.8600000000000005
1.0 0.0 12.852857142857143 0.0 0.8700000000000006
1.0 0.0 12.852857142857143 0.0 0.8800000000000006
1.0 0.0 12.852857142857143 0.0 0.8900000000000006
1.0 0.0 12.852857142857143 0.0 0.9000000000000006
1.0 0.0 12.852857142857143 0.0 0.9100000000000006
1.0 0.0 12.852857142857143 0.0 0.9200000000000006
1.0 0.0 12.852857142857143 0.0 0.9300000000000006
1.0 0.0 12.852857142857143 0.0 0.9400000000000006
1.0 0.0 12.852857142857143 0.0 0.9500000000000006
1.0 0.0 12.852857142857143 0.0 0.9600000000000006
0.9995554073580082 0.0 12.847142857142858 0.0 0.9700000000000006
0.9992219628765144 0.0 12.842857142857143 0.0 0.9800000000000006
0.9969989996665555 0.0 12.814285714285715 0.0 0.9900000000000007
0.0 0.0 0.0 0.0
