1.0 1.0 11.24625 50.15 0.0
1.0 0.48953140578265203 11.24625 24.55 0.01
1.0 0.32103688933200397 11.24625 16.1 0.02
1.0 0.27716849451645065 11.24625 13.9 0.03
1.0 0.24925224327018944 11.24625 12.5 0.04
1.0 0.226321036889332 11.24625 11.35 0.05
1.0 0.18743768693918245 11.24625 9.4 0.060000000000000005
1.0 0.18743768693918245 11.24625 9.4 0.07
1.0 0.17647058823529413 11.24625 8.85 0.08
1.0 0.16450648055832504 11.24625 8.25 0.09
1.0 0.15653040877367896 11.24625 7.85 0.09999999999999999
1.0 0.15054835493519442 11.24625 7.55 0.10999999999999999
1.0 0.14556331006979062 11.24625 7.3 0.11999999999999998
1.0 0.13559322033898305 11.24625 6.8 0.12999999999999998
1.0 0.12662013958125623 11.24625 6.35 0.13999999999999999
1.0 0.1226321036889332 11.24625 6.15 0.15
1.0 0.1156530408773679 11.24625 5.8 0.16
1.0 0.1106679960119641 11.24625 5.55 0.17
1.0 0.1016949152542373 11.24625 5.1 0.18000000000000002
1.0 0.09870388833499502 11.24625 4.95 0.19000000000000003
1.0 0.09571286141575275 11.24625 4.8 0.20000000000000004
1.0 0.09072781655034895 11.24625 4.55 0.21000000000000005
1.0 0.08873379860418744 11.24625 4.45 0.22000000000000006
1.0 0.08673978065802593 11.24625 4.35 0.23000000000000007
1.0 0.08574277168494517 11.24625 4.3 0.24000000000000007
1.0 0.08275174476570289 11.24625 4.15 0.25000000000000006
1.0 0.08175473579262213 11.24625 4.1 0.26000000000000006
1.0 0.07776669990029911 11.24625 3.9 0.2700000000000001
1.0 0.07577268195413758 11.24625 3.8 0.2800000000000001
1.0 0.07477567298105683 11.24625 3.75 0.2900000000000001
1.0 0.07278165503489531 11.24625 3.65 0.3000000000000001
1.0 0.07178464606181456 11.24625 3.6 0.3100000000000001
1.0 0.0707876370887338 11.24625 3.55 0.3200000000000001
1.0 0.06879361914257229 11.24625 3.45 0.3300000000000001
1.0 0.06679960119641076 11.24625 3.35 0.34000000000000014
1.0 0.06380857427716849 11.24625 3.2 0.35000000000000014
1.0 0.06081754735792622 11.24625 3.05 0.36000000000000015
1.0 0.05782652043868395 11.24625 2.9 0.37000000000000016
1.0 0.05583250249252243 11.24625 2.8 0.38000000000000017
1.0 0.05583250249252243 11.24625 2.8 0.3900000000000002
1.0 0.054835493519441676 11.24625 2.75 0.4000000000000002
1.0 0.053838484546360914 11.24625 2.7 0.4100000000000002
1.0 0.053838484546360914 11.24625 2.7 0.4200000000000002
1.0 0.05284147557328016 11.24625 2.65 0.4300000000000002
1.0 0.05084745762711865 11.24625 2.55 0.4400000000000002
1.0 0.05084745762711865 11.24625 2.55 0.45000000000000023
1.0 0.049850448654037885 11.24625 2.5 0.46000000000000024
1.0 0.047856430707876374 11.24625 2.4 0.47000000000000025
1.0 0.045862412761714856 11.24625 2.3 0.48000000000000026
1.0 0.04386839481555334 11.24625 2.2 0.49000000000000027
1.0 0.04287138584247258 11.24625 2.15 0.5000000000000002
1.0 0.04187437686939183 11.24625 2.1 0.5100000000000002
1.0 0.04187437686939183 11.24625 2.1 0.5200000000000002
1.0 0.040877367896311065 11.24625 2.05 0.5300000000000002
1.0 0.040877367896311065 11.24625 2.05 0.5400000000000003
1.0 0.03788634097706879 11.24625 1.9 0.5500000000000003
1.0 0.03589232303090728 11.24625 1.8 0.5600000000000003
1.0 0.03589232303090728 11.24625 1.8 0.5700000000000003
1.0 0.03589232303090728 11.24625 1.8 0.5800000000000003
1.0 0.03489531405782652 11.24625 1.75 0.5900000000000003
1.0 0.03489531405782652 11.24625 1.75 0.6000000000000003
1.0 0.03389830508474576 11.24625 1.7 0.6100000000000003
1.0 0.03290129611166501 11.24625 1.65 0.6200000000000003
1.0 0.031904287138584245 11.24625 1.6 0.6300000000000003
1.0 0.031904287138584245 11.24625 1.6 0.6400000000000003
1.0 0.028913260219341975 11.24625 1.45 0.6500000000000004
1.0 0.026919242273180457 11.24625 1.35 0.6600000000000004
1.0 0.026919242273180457 11.24625 1.35 0.6700000000000004
1.0 0.026919242273180457 11.24625 1.35 0.6800000000000004
1.0 0.026919242273180457 11.24625 1.35 0.6900000000000004
1.0 0.026919242273180457 11.24625 1.35 0.7000000000000004
1.0 0.024925224327018942 11.24625 1.25 0.7100000000000004
1.0 0.024925224327018942 11.24625 1.25 0.7200000000000004
1.0 0.02193419740777667 11.24625 1.1 0.7300000000000004
1.0 0.020937188434695914 11.24625 1.05 0.7400000000000004
1.0 0.01794616151545364 11.24625 0.9 0.7500000000000004
1.0 0.01794616151545364 11.24625 0.9 0.7600000000000005
1.0 0.01794616151545364 11.24625 0.9 0.7700000000000005
1.0 0.01694915254237288 11.24625 0.85 0.7800000000000005
1.0 0.015952143569292122 11.24625 0.8 0.7900000000000005
1.0 0.015952143569292122 11.24625 0.8 0.8000000000000005
1.0 0.015952143569292122 11.24625 0.8 0.8100000000000005
1.0 0.015952143569292122 11.24625 0.8 0.8200000000000005
1.0 0.015952143569292122 11.24625 0.8 0.8300000000000005
1.0 0.015952143569292122 11.24625 0.8 0.8400000000000005
1.0 0.015952143569292122 11.24625 0.8 0.8500000000000005
1.0 0.015952143569292122 11.24625 0.8 0.8600000000000005
1.0 0.014955134596211365 11.24625 0.75 0.8700000000000006
1.0 0.014955134596211365 11.24625 0.75 0.8800000000000006
1.0 0.014955134596211365 11.24625 0.75 0.8900000000000006
1.0 0.014955134596211365 11.24625 0.75 0.9000000000000006
1.0 0.014955134596211365 11.24625 0.75 0.9100000000000006
1.0 0.01296111665004985 11.24625 0.65 0.9200000000000006
1.0 0.010967098703888335 11.24625 0.55 0.9300000000000006
1.0 0.009970089730807577 11.24625 0.5 0.9400000000000006
1.0 0.007976071784646061 11.24625 0.4 0.9500000000000006
1.0 0.005982053838484547 11.24625 0.3 0.9600000000000006
1.0 0.004985044865403789 11.24625 0.25 0.9700000000000006
0.9996665555185061 0.004985044865403789 11.2425 0.25 0.9800000000000006
0.9992219628765144 0.0019940179461615153 11.2375 0.1 0.9900000000000007
0.0 0.0 0.0 0.0
