1.0 1.0 17.994 100.3 0.0
1.0 0.7617148554336989 17.994 76.4 0.01
1.0 0.6420737786640079 17.994 64.4 0.02
1.0 0.5623130608175474 17.994 56.4 0.03
1.0 0.4945164506480558 17.994 49.6 0.04
1.0 0.45363908275174475 17.994 45.5 0.05
1.0 0.39282153539381853 17.994 39.4 0.060000000000000005
1.0 0.39282153539381853 17.994 39.4 0.07
1.0 0.37587238285144564 17.994 37.7 0.08
1.0 0.3609172482552343 17.994 36.2 0.09
1.0 0.3439680957128614 17.994 34.5 0.09999999999999999
1.0 0.3349950149551346 17.994 33.6 0.10999999999999999
1.0 0.32602193419740777 17.994 32.7 0.11999999999999998
1.0 0.3100697906281156 17.994 31.1 0.12999999999999998
1.0 0.3040877367896311 17.994 30.5 0.13999999999999999
1.0 0.2901296111665005 17.994 29.1 0.15
1.0 0.2741774675972084 17.994 27.5 0.16
1.0 0.2612163509471585 17.994 26.2 0.17
1.0 0.22831505483549352 17.994 22.9 0.18000000000000002
1.0 0.22033898305084745 17.994 22.1 0.19000000000000003
1.0 0.21036889332003988 17.994 21.1 0.20000000000000004
1.0 0.19940179461615154 17.994 20.0 0.21000000000000005
1.0 0.19242273180458624 17.994 19.3 0.22000000000000006
1.0 0.18843469591226322 17.994 18.9 0.23000000000000007
1.0 0.1794616151545364 17.994 18.0 0.24000000000000007
1.0 0.17347956131605186 17.994 17.4 0.25000000000000006
1.0 0.17048853439680958 17.994 17.1 0.26000000000000006
1.0 0.16650049850448653 17.994 16.7 0.2700000000000001
1.0 0.1625124626121635 17.994 16.3 0.2800000000000001
1.0 0.15453639082751744 17.994 15.5 0.2900000000000001
1.0 0.15054835493519442 17.994 15.1 0.3000000000000001
1.0 0.1465603190428714 17.994 14.7 0.3100000000000001
1.0 0.14257228315054835 17.994 14.3 0.3200000000000001
1.0 0.13858424725822532 17.994 13.9 0.3300000000000001
1.0 0.1345962113659023 17.994 13.5 0.34000000000000014
1.0 0.12861415752741776 17.994 12.9 0.35000000000000014
1.0 0.1226321036889332 17.994 12.3 0.36000000000000015
1.0 0.12063808574277168 17.994 12.1 0.37000000000000016
1.0 0.11665004985044865 17.994 11.7 0.38000000000000017
1.0 0.10967098703888335 17.994 11.0 0.3900000000000002
1.0 0.10568295114656032 17.994 10.6 0.4000000000000002
1.0 0.09870388833499502 17.994 9.9 0.4100000000000002
1.0 0.09371884346959122 17.994 9.4 0.4200000000000002
1.0 0.0897308075772682 17.994 9.0 0.4300000000000002
1.0 0.08673978065802593 17.994 8.7 0.4400000000000002
1.0 0.08275174476570289 17.994 8.3 0.45000000000000023
1.0 0.07676969092721835 17.994 7.7 0.46000000000000024
1.0 0.07577268195413758 17.994 7.6 0.47000000000000025
1.0 0.07377866400797607 17.994 7.4 0.48000000000000026
1.0 0.07278165503489531 17.994 7.3 0.49000000000000027
1.0 0.06979062811565304 17.994 7.0 0.5000000000000002
1.0 0.06879361914257229 17.994 6.9 0.5100000000000002
1.0 0.06779661016949153 17.994 6.8 0.5200000000000002
1.0 0.06679960119641076 17.994 6.7 0.5300000000000002
1.0 0.06679960119641076 17.994 6.7 0.5400000000000003
1.0 0.06679960119641076 17.994 6.7 0.5500000000000003
1.0 0.06580259222333001 17.994 6.6 0.5600000000000003
1.0 0.06480558325024925 17.994 6.5 0.5700000000000003
1.0 0.06281156530408774 17.994 6.3 0.5800000000000003
1.0 0.06281156530408774 17.994 6.3 0.5900000000000003
1.0 0.06081754735792622 17.994 6.1 0.6000000000000003
1.0 0.06081754735792622 17.994 6.1 0.6100000000000003
1.0 0.05982053838484546 17.994 6.0 0.6200000000000003
1.0 0.05782652043868395 17.994 5.8 0.6300000000000003
1.0 0.05782652043868395 17.994 5.8 0.6400000000000003
1.0 0.05583250249252243 17.994 5.6 0.6500000000000004
1.0 0.05284147557328016 17.994 5.3 0.6600000000000004
1.0 0.0518444666001994 17.994 5.2 0.6700000000000004
1.0 0.04885343968095713 17.994 4.9 0.6800000000000004
1.0 0.04685942173479561 17.994 4.7 0.6900000000000004
1.0 0.0448654037886341 17.994 4.5 0.7000000000000004
1.0 0.04187437686939183 17.994 4.2 0.7100000000000004
1.0 0.04187437686939183 17.994 4.2 0.7200000000000004
1.0 0.038883349950149554 17.994 3.9 0.7300000000000004
1.0 0.036889332003988036 17.994 3.7 0.7400000000000004
1.0 0.03489531405782652 17.994 3.5 0.7500000000000004
1.0 0.03389830508474576 17.994 3.4 0.7600000000000005
1.0 0.03389830508474576 17.994 3.4 0.7700000000000005
1.0 0.03290129611166501 17.994 3.3 0.7800000000000005
1.0 0.02991026919242273 17.994 3.0 0.7900000000000005
1.0 0.028913260219341975 17.994 2.9 0.8000000000000005
1.0 0.028913260219341975 17.994 2.9 0.8100000000000005
1.0 0.027916251246261216 17.994 2.8 0.8200000000000005
1.0 0.026919242273180457 17.994 2.7 0.8300000000000005
1.0 0.0259222333000997 17.994 2.6 0.8400000000000005
1.0 0.0259222333000997 17.994 2.6 0.8500000000000005
0.9996665555185061 0.022931206380857428 17.988 2.3 0.8600000000000005
0.9993331110370124 0.022931206380857428 17.982 2.3 0.8700000000000006
0.9993331110370124 0.02193419740777667 17.982 2.2 0.8800000000000006
0.9989996665555185 0.02193419740777667 17.976 2.2 0.8900000000000006
0.9988885183950206 0.02193419740777667 17.974 2.2 0.9000000000000006
0.9986662220740247 0.02193419740777667 17.97 2.2 0.9100000000000006
0.9982216294320329 0.02193419740777667 17.962 2.2 0.9200000000000006
0.9982216294320329 0.020937188434695914 17.962 2.1 0.9300000000000006
0.9979993331110371 0.019940179461615155 17.958 2.0 0.9400000000000006
0.9973324441480493 0.019940179461615155 17.946 2.0 0.9500000000000006
0.995887518061576 0.019940179461615155 17.92 2.0 0.9600000000000006
0.9951094809380905 0.019940179461615155 17.906 2.0 0.9700000000000006
0.9929976658886296 0.019940179461615155 17.868 2.0 0.9800000000000006
0.9836612204068023 0.019940179461615155 17.7 2.0 0.9900000000000007
0.0 0.0 0.0 0.0
