0 0.0  0 NaN 10000 9254.52999999993 0.925452999999993
5 99.85  100 0.9984999999999999 10000 9175.729999999985 0.9175729999999985
10 199.95  200 0.9997499999999999 10000 9156.890000000009 0.9156890000000009
15 299.46000000000004  300 0.9982000000000001 10000 9164.689999999975 0.9164689999999975
20 399.71000000000004  400 0.9992750000000001 10000 9205.55999999998 0.9205559999999979
25 498.22000000000014  500 0.9964400000000003 10000 9214.759999999958 0.9214759999999959
30 598.5500000000003  600 0.9975833333333338 10000 9183.25999999997 0.918325999999997
35 699.2900000000002  700 0.9989857142857146 10000 9167.929999999995 0.9167929999999995
40 798.2900000000005  800 0.9978625000000007 10000 9240.509999999955 0.9240509999999955
45 898.0200000000003  900 0.9978000000000004 10000 9158.549999999992 0.9158549999999992
50 997.4400000000006  1000 0.9974400000000007 10000 9231.889999999947 0.9231889999999947
