0.0 0.8973080757726819 0.0 20.0 0.0
0.0 0.7347956131605184 0.0 16.377777777777776 0.01
0.0 0.6061814556331007 0.0 13.511111111111111 0.02
0.0 0.555333998005982 0.0 12.377777777777778 0.03
0.0 0.5234297108673978 0.0 11.666666666666666 0.04
0.0 0.49750747756729813 0.0 11.088888888888889 0.05
0.0 0.46360917248255235 0.0 10.333333333333334 0.060000000000000005
0.0 0.46360917248255235 0.0 10.333333333333334 0.07
0.0 0.4506480558325025 0.0 10.044444444444444 0.08
0.0 0.43469591226321036 0.0 9.688888888888888 0.09
0.0 0.419740777666999 0.0 9.355555555555556 0.09999999999999999
0.0 0.4087736789631107 0.0 9.11111111111111 0.10999999999999999
0.0 0.3988035892323031 0.0 8.88888888888889 0.11999999999999998
0.0 0.38883349950149554 0.0 8.666666666666666 0.12999999999999998
0.0 0.3798604187437687 0.0 8.466666666666667 0.13999999999999999
0.0 0.3678963110667996 0.0 8.2 0.15
0.0 0.34995014955134596 0.0 7.8 0.16
0.0 0.3459621136590229 0.0 7.711111111111111 0.17
0.0 0.33300099700897307 0.0 7.4222222222222225 0.18000000000000002
0.0 0.32901296111665007 0.0 7.333333333333333 0.19000000000000003
0.0 0.3240279162512463 0.0 7.222222222222222 0.20000000000000004
0.0 0.3180458624127617 0.0 7.088888888888889 0.21000000000000005
0.0 0.3140578265204387 0.0 7.0 0.22000000000000006
0.0 0.31306081754735793 0.0 6.977777777777778 0.23000000000000007
0.0 0.30608175473579263 0.0 6.822222222222222 0.24000000000000007
0.0 0.30109670987038883 0.0 6.711111111111111 0.25000000000000006
0.0 0.3000997008973081 0.0 6.688888888888889 0.26000000000000006
0.0 0.2971086739780658 0.0 6.622222222222222 0.2700000000000001
0.0 0.28913260219341974 0.0 6.444444444444445 0.2800000000000001
0.0 0.288135593220339 0.0 6.4222222222222225 0.2900000000000001
0.0 0.28614157527417744 0.0 6.377777777777778 0.3000000000000001
0.0 0.27916251246261214 0.0 6.222222222222222 0.3100000000000001
0.0 0.2781655034895314 0.0 6.2 0.3200000000000001
0.0 0.2761714855433699 0.0 6.155555555555556 0.3300000000000001
0.0 0.2711864406779661 0.0 6.044444444444444 0.34000000000000014
0.0 0.26819541375872386 0.0 5.977777777777778 0.35000000000000014
0.0 0.26321036889332006 0.0 5.866666666666666 0.36000000000000015
0.0 0.25523429710867396 0.0 5.688888888888889 0.37000000000000016
0.0 0.25523429710867396 0.0 5.688888888888889 0.38000000000000017
0.0 0.2542372881355932 0.0 5.666666666666667 0.3900000000000002
0.0 0.2502492522432702 0.0 5.5777777777777775 0.4000000000000002
0.0 0.24925224327018944 0.0 5.555555555555555 0.4100000000000002
0.0 0.24925224327018944 0.0 5.555555555555555 0.4200000000000002
0.0 0.24825523429710866 0.0 5.533333333333333 0.4300000000000002
0.0 0.24626121635094717 0.0 5.488888888888889 0.4400000000000002
0.0 0.24426719840478564 0.0 5.444444444444445 0.45000000000000023
0.0 0.2432701894317049 0.0 5.4222222222222225 0.46000000000000024
0.0 0.2432701894317049 0.0 5.4222222222222225 0.47000000000000025
0.0 0.2432701894317049 0.0 5.4222222222222225 0.48000000000000026
0.0 0.24227318045862412 0.0 5.4 0.49000000000000027
0.0 0.23928215353938184 0.0 5.333333333333333 0.5000000000000002
0.0 0.23728813559322035 0.0 5.288888888888889 0.5100000000000002
0.0 0.23529411764705882 0.0 5.2444444444444445 0.5200000000000002
0.0 0.23230309072781655 0.0 5.177777777777778 0.5300000000000002
0.0 0.22731804586241275 0.0 5.066666666666666 0.5400000000000003
0.0 0.22731804586241275 0.0 5.066666666666666 0.5500000000000003
0.0 0.226321036889332 0.0 5.044444444444444 0.5600000000000003
0.0 0.226321036889332 0.0 5.044444444444444 0.5700000000000003
0.0 0.22532402791625125 0.0 5.022222222222222 0.5800000000000003
0.0 0.22333000997008973 0.0 4.977777777777778 0.5900000000000003
0.0 0.22033898305084745 0.0 4.911111111111111 0.6000000000000003
0.0 0.21036889332003988 0.0 4.688888888888889 0.6100000000000003
0.0 0.19940179461615154 0.0 4.444444444444445 0.6200000000000003
0.0 0.19940179461615154 0.0 4.444444444444445 0.6300000000000003
0.0 0.19740777666999004 0.0 4.4 0.6400000000000003
0.0 0.19541375872382852 0.0 4.355555555555555 0.6500000000000004
0.0 0.19541375872382852 0.0 4.355555555555555 0.6600000000000004
0.0 0.19541375872382852 0.0 4.355555555555555 0.6700000000000004
0.0 0.19541375872382852 0.0 4.355555555555555 0.6800000000000004
0.0 0.193419740777667 0.0 4.311111111111111 0.6900000000000004
0.0 0.18843469591226322 0.0 4.2 0.7000000000000004
0.0 0.18444666001994017 0.0 4.111111111111111 0.7100000000000004
0.0 0.18344965104685942 0.0 4.088888888888889 0.7200000000000004
0.0 0.1814556331006979 0.0 4.044444444444444 0.7300000000000004
0.0 0.17547357926221335 0.0 3.911111111111111 0.7400000000000004
0.0 0.17148554336989033 0.0 3.8222222222222224 0.7500000000000004
0.0 0.17148554336989033 0.0 3.8222222222222224 0.7600000000000005
0.0 0.17048853439680958 0.0 3.8 0.7700000000000005
0.0 0.1694915254237288 0.0 3.7777777777777777 0.7800000000000005
0.0 0.1674975074775673 0.0 3.7333333333333334 0.7900000000000005
0.0 0.16450648055832504 0.0 3.6666666666666665 0.8000000000000005
0.0 0.16350947158524426 0.0 3.6444444444444444 0.8100000000000005
0.0 0.16350947158524426 0.0 3.6444444444444444 0.8200000000000005
0.0 0.16350947158524426 0.0 3.6444444444444444 0.8300000000000005
0.0 0.16051844466600199 0.0 3.577777777777778 0.8400000000000005
0.0 0.1585244267198405 0.0 3.533333333333333 0.8500000000000005
0.0 0.15653040877367896 0.0 3.488888888888889 0.8600000000000005
0.0 0.15453639082751744 0.0 3.4444444444444446 0.8700000000000006
0.0 0.15054835493519442 0.0 3.3555555555555556 0.8800000000000006
0.0 0.14556331006979062 0.0 3.2444444444444445 0.8900000000000006
0.0 0.13958125623130607 0.0 3.111111111111111 0.9000000000000006
0.0 0.13958125623130607 0.0 3.111111111111111 0.9100000000000006
0.0 0.13359920239282153 0.0 2.977777777777778 0.9200000000000006
0.0 0.12362911266201396 0.0 2.7555555555555555 0.9300000000000006
0.0 0.1226321036889332 0.0 2.7333333333333334 0.9400000000000006
0.0 0.10468594217347957 0.0 2.3333333333333335 0.9500000000000006
0.0 0.1016949152542373 0.0 2.2666666666666666 0.9600000000000006
0.0 0.09072781655034895 0.0 2.022222222222222 0.9700000000000006
0.0 0.07377866400797607 0.0 1.6444444444444444 0.9800000000000006
0.0 0.045862412761714856 0.0 1.0222222222222221 0.9900000000000007
0.0 0.0 0.0 0.0
