1.0 1.0 89.97 25.075 0.0
1.0 1.0 89.97 25.075 0.01
1.0 1.0 89.97 25.075 0.02
1.0 1.0 89.97 25.075 0.03
1.0 0.9970089730807578 89.97 25.0 0.04
1.0 0.996011964107677 89.97 24.975 0.05
1.0 0.9930209371884346 89.97 24.9 0.060000000000000005
1.0 0.9930209371884346 89.97 24.9 0.07
1.0 0.9920239282153539 89.97 24.875 0.08
1.0 0.9910269192422732 89.97 24.85 0.09
1.0 0.9910269192422732 89.97 24.85 0.09999999999999999
1.0 0.9900299102691924 89.97 24.825 0.10999999999999999
1.0 0.9900299102691924 89.97 24.825 0.11999999999999998
1.0 0.9900299102691924 89.97 24.825 0.12999999999999998
1.0 0.9890329012961117 89.97 24.8 0.13999999999999999
1.0 0.9870388833499502 89.97 24.75 0.15
1.0 0.9840478564307079 89.97 24.675 0.16
1.0 0.9830508474576272 89.97 24.65 0.17
1.0 0.9790628115653041 89.97 24.55 0.18000000000000002
1.0 0.9750747756729811 89.97 24.45 0.19000000000000003
1.0 0.9740777666999003 89.97 24.425 0.20000000000000004
1.0 0.9720837487537388 89.97 24.375 0.21000000000000005
1.0 0.9720837487537388 89.97 24.375 0.22000000000000006
1.0 0.9700897308075773 89.97 24.325 0.23000000000000007
1.0 0.967098703888335 89.97 24.25 0.24000000000000007
1.0 0.967098703888335 89.97 24.25 0.25000000000000006
1.0 0.9661016949152542 89.97 24.225 0.26000000000000006
1.0 0.9661016949152542 89.97 24.225 0.2700000000000001
1.0 0.9651046859421735 89.97 24.2 0.2800000000000001
1.0 0.9641076769690927 89.97 24.175 0.2900000000000001
1.0 0.963110667996012 89.97 24.15 0.3000000000000001
1.0 0.963110667996012 89.97 24.15 0.3100000000000001
1.0 0.9621136590229312 89.97 24.125 0.3200000000000001
1.0 0.9571286141575274 89.97 24.0 0.3300000000000001
1.0 0.9561316051844466 89.97 23.975 0.34000000000000014
1.0 0.9521435692921236 89.97 23.875 0.35000000000000014
1.0 0.9471585244267199 89.97 23.75 0.36000000000000015
1.0 0.9471585244267199 89.97 23.75 0.37000000000000016
1.0 0.9461615154536391 89.97 23.725 0.38000000000000017
1.0 0.9411764705882353 89.97 23.6 0.3900000000000002
1.0 0.9371884346959123 89.97 23.5 0.4000000000000002
1.0 0.9312063808574277 89.97 23.35 0.4100000000000002
1.0 0.9192422731804586 89.97 23.05 0.4200000000000002
1.0 0.9132602193419741 89.97 22.9 0.4300000000000002
1.0 0.9102691924227319 89.97 22.825 0.4400000000000002
1.0 0.9032901296111665 89.97 22.65 0.45000000000000023
1.0 0.8953140578265204 89.97 22.45 0.46000000000000024
1.0 0.8893320039880359 89.97 22.3 0.47000000000000025
1.0 0.8863409770687937 89.97 22.225 0.48000000000000026
1.0 0.8783649052841476 89.97 22.025 0.49000000000000027
1.0 0.8763708873379861 89.97 21.975 0.5000000000000002
1.0 0.8743768693918246 89.97 21.925 0.5100000000000002
1.0 0.8713858424725822 89.97 21.85 0.5200000000000002
1.0 0.8693918245264207 89.97 21.8 0.5300000000000002
1.0 0.86839481555334 89.97 21.775 0.5400000000000003
1.0 0.8673978065802592 89.97 21.75 0.5500000000000003
1.0 0.8654037886340977 89.97 21.7 0.5600000000000003
1.0 0.8634097706879362 89.97 21.65 0.5700000000000003
1.0 0.8594217347956131 89.97 21.55 0.5800000000000003
1.0 0.8564307078763709 89.97 21.475 0.5900000000000003
1.0 0.8514456630109671 89.97 21.35 0.6000000000000003
1.0 0.8444666001994018 89.97 21.175 0.6100000000000003
1.0 0.8374875373878365 89.97 21.0 0.6200000000000003
1.0 0.8285144566301097 89.97 20.775 0.6300000000000003
1.0 0.8215353938185443 89.97 20.6 0.6400000000000003
1.0 0.8175473579262214 89.97 20.5 0.6500000000000004
1.0 0.80259222333001 89.97 20.125 0.6600000000000004
1.0 0.7806580259222333 89.97 19.575 0.6700000000000004
1.0 0.7617148554336989 89.97 19.1 0.6800000000000004
1.0 0.744765702891326 89.97 18.675 0.6900000000000004
1.0 0.7258225324027916 89.97 18.2 0.7000000000000004
1.0 0.7028913260219342 89.97 17.625 0.7100000000000004
1.0 0.6699900299102692 89.97 16.8 0.7200000000000004
1.0 0.6420737786640079 89.97 16.1 0.7300000000000004
1.0 0.617148554336989 89.97 15.475 0.7400000000000004
1.0 0.5922233300099701 89.97 14.85 0.7500000000000004
1.0 0.5742771684945165 89.97 14.4 0.7600000000000005
1.0 0.5583250249252243 89.97 14.0 0.7700000000000005
0.9996665555185061 0.5463609172482552 89.94 13.7 0.7800000000000005
0.9994442591975102 0.5373878364905285 89.92 13.475 0.7900000000000005
0.9989996665555185 0.5284147557328016 89.88 13.25 0.8000000000000005
0.9984439257530288 0.5234297108673978 89.83 13.125 0.8100000000000005
0.9967767033455597 0.5104685942173479 89.68 12.8 0.8200000000000005
0.9935534066911192 0.49252243270189433 89.39 12.35 0.8300000000000005
0.9867733689007447 0.47756729810568294 88.78 11.975 0.8400000000000005
0.9755474046904524 0.4506480558325025 87.77 11.3 0.8500000000000005
0.9609869956652217 0.4127617148554337 86.46 10.35 0.8600000000000005
0.9389796598866289 0.37387836490528414 84.48 9.375 0.8700000000000006
0.907080137823719 0.32602193419740777 81.61 8.175 0.8800000000000006
0.8682894298099366 0.27018943170488535 78.12 6.775 0.8900000000000006
0.8264977214627098 0.21136590229312063 74.36 5.3 0.9000000000000006
0.7852617539179727 0.14556331006979062 70.65 3.65 0.9100000000000006
0.7474713793486718 0.07976071784646062 67.25 2.0 0.9200000000000006
0.7161275980882517 0.0448654037886341 64.43 1.125 0.9300000000000006
0.6882294098032677 0.0259222333000997 61.92 0.65 0.9400000000000006
0.6578859619873291 0.011964107676969093 59.19 0.3 0.9500000000000006
0.6243192175169501 0.0019940179461615153 56.17 0.05 0.9600000000000006
0.5840835834166944 9.970089730807576E-4 52.55 0.025 0.9700000000000006
0.5226186506613315 9.970089730807576E-4 47.02 0.025 0.9800000000000006
0.3987995998666222 9.970089730807576E-4 35.88 0.025 0.9900000000000007
0.0 0.0 0.0 0.0
