1.0 1.0 89.97 41.791666666666664 0.0
1.0 1.0 89.97 41.791666666666664 0.01
1.0 0.9980059820538385 89.97 41.708333333333336 0.02
1.0 0.9950149551345963 89.97 41.583333333333336 0.03
1.0 0.9920239282153539 89.97 41.458333333333336 0.04
1.0 0.9920239282153539 89.97 41.458333333333336 0.05
1.0 0.9880358923230309 89.97 41.291666666666664 0.060000000000000005
1.0 0.9880358923230309 89.97 41.291666666666664 0.07
1.0 0.9860418743768694 89.97 41.208333333333336 0.08
1.0 0.9830508474576272 89.97 41.083333333333336 0.09
1.0 0.9820538384845464 89.97 41.041666666666664 0.09999999999999999
1.0 0.9790628115653041 89.97 40.916666666666664 0.10999999999999999
1.0 0.9790628115653041 89.97 40.916666666666664 0.11999999999999998
1.0 0.9720837487537388 89.97 40.625 0.12999999999999998
1.0 0.9700897308075773 89.97 40.541666666666664 0.13999999999999999
1.0 0.9700897308075773 89.97 40.541666666666664 0.15
1.0 0.9680957128614157 89.97 40.458333333333336 0.16
1.0 0.9641076769690927 89.97 40.291666666666664 0.17
1.0 0.959122632103689 89.97 40.083333333333336 0.18000000000000002
1.0 0.9561316051844466 89.97 39.958333333333336 0.19000000000000003
1.0 0.9551345962113659 89.97 39.916666666666664 0.20000000000000004
1.0 0.9521435692921236 89.97 39.791666666666664 0.21000000000000005
1.0 0.9501495513459621 89.97 39.708333333333336 0.22000000000000006
1.0 0.9481555333998006 89.97 39.625 0.23000000000000007
1.0 0.9461615154536391 89.97 39.541666666666664 0.24000000000000007
1.0 0.9461615154536391 89.97 39.541666666666664 0.25000000000000006
1.0 0.9451645064805583 89.97 39.5 0.26000000000000006
1.0 0.9451645064805583 89.97 39.5 0.2700000000000001
1.0 0.942173479561316 89.97 39.375 0.2800000000000001
1.0 0.9411764705882353 89.97 39.333333333333336 0.2900000000000001
1.0 0.9391824526420738 89.97 39.25 0.3000000000000001
1.0 0.9371884346959123 89.97 39.166666666666664 0.3100000000000001
1.0 0.93419740777667 89.97 39.041666666666664 0.3200000000000001
1.0 0.9312063808574277 89.97 38.916666666666664 0.3300000000000001
1.0 0.9232303090727817 89.97 38.583333333333336 0.34000000000000014
1.0 0.9182452642073778 89.97 38.375 0.35000000000000014
1.0 0.9152542372881356 89.97 38.25 0.36000000000000015
1.0 0.909272183449651 89.97 38.0 0.37000000000000016
1.0 0.9042871385842473 89.97 37.791666666666664 0.38000000000000017
1.0 0.8943170488534397 89.97 37.375 0.3900000000000002
1.0 0.8793619142572283 89.97 36.75 0.4000000000000002
1.0 0.86839481555334 89.97 36.291666666666664 0.4100000000000002
1.0 0.8604187437686939 89.97 35.958333333333336 0.4200000000000002
1.0 0.8554336989032901 89.97 35.75 0.4300000000000002
1.0 0.8504486540378864 89.97 35.541666666666664 0.4400000000000002
1.0 0.8444666001994018 89.97 35.291666666666664 0.45000000000000023
1.0 0.8325024925224327 89.97 34.791666666666664 0.46000000000000024
1.0 0.8225324027916251 89.97 34.375 0.47000000000000025
1.0 0.8175473579262214 89.97 34.166666666666664 0.48000000000000026
1.0 0.8115653040877367 89.97 33.916666666666664 0.49000000000000027
1.0 0.8055832502492523 89.97 33.666666666666664 0.5000000000000002
1.0 0.80259222333001 89.97 33.541666666666664 0.5100000000000002
1.0 0.8005982053838484 89.97 33.458333333333336 0.5200000000000002
1.0 0.7956131605184447 89.97 33.25 0.5300000000000002
1.0 0.7936191425722832 89.97 33.166666666666664 0.5400000000000003
1.0 0.7896311066799602 89.97 33.0 0.5500000000000003
1.0 0.7856430707876371 89.97 32.833333333333336 0.5600000000000003
1.0 0.7836490528414756 89.97 32.75 0.5700000000000003
1.0 0.7826520438683948 89.97 32.708333333333336 0.5800000000000003
1.0 0.7806580259222333 89.97 32.625 0.5900000000000003
1.0 0.7776669990029911 89.97 32.5 0.6000000000000003
1.0 0.7706879361914257 89.97 32.208333333333336 0.6100000000000003
1.0 0.7666999002991027 89.97 32.041666666666664 0.6200000000000003
1.0 0.7557328015952144 89.97 31.583333333333332 0.6300000000000003
1.0 0.7467597208374875 89.97 31.208333333333332 0.6400000000000003
1.0 0.7377866400797607 89.97 30.833333333333332 0.6500000000000004
1.0 0.7168494516450648 89.97 29.958333333333332 0.6600000000000004
1.0 0.7018943170488534 89.97 29.333333333333332 0.6700000000000004
1.0 0.6919242273180458 89.97 28.916666666666668 0.6800000000000004
1.0 0.67098703888335 89.97 28.041666666666668 0.6900000000000004
1.0 0.650049850448654 89.97 27.166666666666668 0.7000000000000004
1.0 0.6271186440677966 89.97 26.208333333333332 0.7100000000000004
1.0 0.5952143569292123 89.97 24.875 0.7200000000000004
1.0 0.5633100697906281 89.97 23.541666666666668 0.7300000000000004
1.0 0.5324027916251246 89.97 22.25 0.7400000000000004
1.0 0.5124626121635095 89.97 21.416666666666668 0.7500000000000004
1.0 0.48454636091724823 89.97 20.25 0.7600000000000005
1.0 0.4745762711864407 89.97 19.833333333333332 0.7700000000000005
0.999888851839502 0.46560319042871384 89.96 19.458333333333332 0.7800000000000005
0.9995554073580082 0.4546360917248255 89.93 19.0 0.7900000000000005
0.9988885183950206 0.44666001994017945 89.87 18.666666666666668 0.8000000000000005
0.998110481271535 0.43768693918245266 89.8 18.291666666666668 0.8100000000000005
0.995887518061576 0.4336989032901296 89.6 18.125 0.8200000000000005
0.9931088140491275 0.42273180458624127 89.35 17.666666666666668 0.8300000000000005
0.9867733689007447 0.4057826520438684 88.78 16.958333333333332 0.8400000000000005
0.9779926642214072 0.382851445663011 87.99 16.0 0.8500000000000005
0.9637656996776703 0.34496510468594216 86.71 14.416666666666666 0.8600000000000005
0.9447593642325219 0.3150548354935194 85.0 13.166666666666666 0.8700000000000006
0.9178615093920196 0.2741774675972084 82.58 11.458333333333334 0.8800000000000006
0.8845170612426364 0.2213359920239282 79.58 9.25 0.8900000000000006
0.8483939090808047 0.16350947158524426 76.33 6.833333333333333 0.9000000000000006
0.8098254973880182 0.11166500498504486 72.86 4.666666666666667 0.9100000000000006
0.774702678670668 0.07377866400797607 69.7 3.0833333333333335 0.9200000000000006
0.7484717127931533 0.036889332003988036 67.34 1.5416666666666667 0.9300000000000006
0.7225741913971324 0.013958125623130608 65.01 0.5833333333333334 0.9400000000000006
0.6954540402356341 0.005982053838484547 62.57 0.25 0.9500000000000006
0.6684450372346338 0.0019940179461615153 60.14 0.08333333333333333 0.9600000000000006
0.6323218850728021 9.970089730807576E-4 56.89 0.041666666666666664 0.9700000000000006
0.5729687673669001 0.0 51.55 0.0 0.9800000000000006
0.4494831610536846 0.0 40.44 0.0 0.9900000000000007
0.0 0.0 0.0 0.0
