1.0 1.0 29.99 28.65714285714286 0.0
1.0 0.9740777666999003 29.99 27.914285714285715 0.01
1.0 0.9431704885343968 29.99 27.02857142857143 0.02
1.0 0.8973080757726819 29.99 25.714285714285715 0.03
1.0 0.8733798604187437 29.99 25.02857142857143 0.04
1.0 0.8504486540378864 29.99 24.37142857142857 0.05
1.0 0.8145563310069791 29.99 23.34285714285714 0.060000000000000005
1.0 0.8145563310069791 29.99 23.34285714285714 0.07
1.0 0.7886340977068793 29.99 22.6 0.08
1.0 0.773678963110668 29.99 22.17142857142857 0.09
1.0 0.7587238285144566 29.99 21.742857142857144 0.09999999999999999
1.0 0.7437686939182453 29.99 21.314285714285713 0.10999999999999999
1.0 0.732801595214357 29.99 21.0 0.11999999999999998
1.0 0.715852442671984 29.99 20.514285714285716 0.12999999999999998
1.0 0.7018943170488534 29.99 20.114285714285714 0.13999999999999999
1.0 0.6839481555333998 29.99 19.6 0.15
1.0 0.6630109670987039 29.99 19.0 0.16
1.0 0.6480558325024925 29.99 18.571428571428573 0.17
1.0 0.6141575274177468 29.99 17.6 0.18000000000000002
1.0 0.6061814556331007 29.99 17.37142857142857 0.19000000000000003
1.0 0.5952143569292123 29.99 17.057142857142857 0.20000000000000004
1.0 0.580259222333001 29.99 16.62857142857143 0.21000000000000005
1.0 0.5752741774675972 29.99 16.485714285714284 0.22000000000000006
1.0 0.5633100697906281 29.99 16.142857142857142 0.23000000000000007
1.0 0.5583250249252243 29.99 16.0 0.24000000000000007
1.0 0.5563310069790628 29.99 15.942857142857143 0.25000000000000006
1.0 0.5523429710867398 29.99 15.82857142857143 0.26000000000000006
1.0 0.5463609172482552 29.99 15.657142857142857 0.2700000000000001
1.0 0.5403788634097707 29.99 15.485714285714286 0.2800000000000001
1.0 0.5294117647058824 29.99 15.17142857142857 0.2900000000000001
1.0 0.5244267198404786 29.99 15.028571428571428 0.3000000000000001
1.0 0.5204386839481555 29.99 14.914285714285715 0.3100000000000001
1.0 0.5104685942173479 29.99 14.628571428571428 0.3200000000000001
1.0 0.4985044865403789 29.99 14.285714285714286 0.3300000000000001
1.0 0.48953140578265203 29.99 14.028571428571428 0.34000000000000014
1.0 0.4795613160518445 29.99 13.742857142857142 0.35000000000000014
1.0 0.4715852442671984 29.99 13.514285714285714 0.36000000000000015
1.0 0.4646061814556331 29.99 13.314285714285715 0.37000000000000016
1.0 0.45663010967098705 29.99 13.085714285714285 0.38000000000000017
1.0 0.4456630109670987 29.99 12.771428571428572 0.3900000000000002
1.0 0.4336989032901296 29.99 12.428571428571429 0.4000000000000002
1.0 0.4247258225324028 29.99 12.17142857142857 0.4100000000000002
1.0 0.4127617148554337 29.99 11.82857142857143 0.4200000000000002
1.0 0.40279162512462613 29.99 11.542857142857143 0.4300000000000002
1.0 0.3848454636091725 29.99 11.028571428571428 0.4400000000000002
1.0 0.36689930209371885 29.99 10.514285714285714 0.45000000000000023
1.0 0.35692921236291125 29.99 10.228571428571428 0.46000000000000024
1.0 0.34496510468594216 29.99 9.885714285714286 0.47000000000000025
1.0 0.33798604187437686 29.99 9.685714285714285 0.48000000000000026
1.0 0.33100697906281157 29.99 9.485714285714286 0.49000000000000027
1.0 0.32103688933200397 29.99 9.2 0.5000000000000002
1.0 0.3160518444666002 29.99 9.057142857142857 0.5100000000000002
1.0 0.3100697906281156 29.99 8.885714285714286 0.5200000000000002
1.0 0.3000997008973081 29.99 8.6 0.5300000000000002
1.0 0.29112662013958124 29.99 8.342857142857143 0.5400000000000003
1.0 0.2851445663010967 29.99 8.17142857142857 0.5500000000000003
1.0 0.28414755732801594 29.99 8.142857142857142 0.5600000000000003
1.0 0.2811565304087737 29.99 8.057142857142857 0.5700000000000003
1.0 0.2761714855433699 29.99 7.914285714285715 0.5800000000000003
1.0 0.2711864406779661 29.99 7.771428571428571 0.5900000000000003
1.0 0.26021934197407776 29.99 7.457142857142857 0.6000000000000003
1.0 0.2522432701894317 29.99 7.228571428571429 0.6100000000000003
1.0 0.2502492522432702 29.99 7.171428571428572 0.6200000000000003
1.0 0.2452642073778664 29.99 7.0285714285714285 0.6300000000000003
1.0 0.24127617148554337 29.99 6.914285714285715 0.6400000000000003
1.0 0.22931206380857427 29.99 6.571428571428571 0.6500000000000004
1.0 0.22033898305084745 29.99 6.314285714285714 0.6600000000000004
1.0 0.21036889332003988 29.99 6.0285714285714285 0.6700000000000004
1.0 0.20139581256231306 29.99 5.771428571428571 0.6800000000000004
1.0 0.19042871385842472 29.99 5.457142857142857 0.6900000000000004
1.0 0.17746759720837488 29.99 5.085714285714285 0.7000000000000004
1.0 0.17048853439680958 29.99 4.885714285714286 0.7100000000000004
1.0 0.15952143569292124 29.99 4.571428571428571 0.7200000000000004
1.0 0.14955134596211367 29.99 4.285714285714286 0.7300000000000004
1.0 0.13858424725822532 29.99 3.9714285714285715 0.7400000000000004
1.0 0.12362911266201396 29.99 3.5428571428571427 0.7500000000000004
1.0 0.11166500498504486 29.99 3.2 0.7600000000000005
1.0 0.1036889332003988 29.99 2.9714285714285715 0.7700000000000005
1.0 0.0967098703888335 29.99 2.7714285714285714 0.7800000000000005
1.0 0.09072781655034895 29.99 2.6 0.7900000000000005
0.999888851839502 0.08673978065802593 29.986666666666668 2.4857142857142858 0.8000000000000005
0.999888851839502 0.07876370887337986 29.986666666666668 2.257142857142857 0.8100000000000005
0.9997777036790041 0.07577268195413758 29.983333333333334 2.1714285714285713 0.8200000000000005
0.9993331110370124 0.07577268195413758 29.97 2.1714285714285713 0.8300000000000005
0.9985550739135267 0.07477567298105683 29.946666666666665 2.142857142857143 0.8400000000000005
0.9979993331110371 0.0707876370887338 29.93 2.0285714285714285 0.8500000000000005
0.9965544070245638 0.06281156530408774 29.886666666666667 1.8 0.8600000000000005
0.994220295654107 0.06081754735792622 29.816666666666666 1.7428571428571429 0.8700000000000006
0.9917750361231522 0.0518444666001994 29.743333333333332 1.4857142857142858 0.8800000000000006
0.9885517394687118 0.0448654037886341 29.64666666666667 1.2857142857142858 0.8900000000000006
0.9846615538512837 0.03589232303090728 29.53 1.0285714285714285 0.9000000000000006
0.9804379237523619 0.026919242273180457 29.403333333333332 0.7714285714285715 0.9100000000000006
0.9765477381349339 0.022931206380857428 29.286666666666665 0.6571428571428571 0.9200000000000006
0.9733244414804935 0.020937188434695914 29.19 0.6 0.9300000000000006
0.9701011448260531 0.019940179461615155 29.093333333333334 0.5714285714285714 0.9400000000000006
0.964432588640658 0.019940179461615155 28.923333333333332 0.5714285714285714 0.9500000000000006
0.9589863287762588 0.019940179461615155 28.76 0.5714285714285714 0.9600000000000006
0.9493164388129376 0.019940179461615155 28.47 0.5714285714285714 0.9700000000000006
0.9326442147382461 0.019940179461615155 27.97 0.5714285714285714 0.9800000000000006
0.8825163943536735 0.019940179461615155 26.466666666666665 0.5714285714285714 0.9900000000000007
0.0 0.0 0.0 0.0
