1.0 1.0 44.985 66.86666666666666 0.0
1.0 0.9920239282153539 44.985 66.33333333333333 0.01
1.0 0.9840478564307079 44.985 65.8 0.02
1.0 0.9740777666999003 44.985 65.13333333333334 0.03
1.0 0.9621136590229312 44.985 64.33333333333333 0.04
1.0 0.9491525423728814 44.985 63.46666666666667 0.05
1.0 0.9232303090727817 44.985 61.733333333333334 0.060000000000000005
1.0 0.9232303090727817 44.985 61.733333333333334 0.07
1.0 0.9112662013958126 44.985 60.93333333333333 0.08
1.0 0.9022931206380858 44.985 60.333333333333336 0.09
1.0 0.8933200398803589 44.985 59.733333333333334 0.09999999999999999
1.0 0.8863409770687937 44.985 59.266666666666666 0.10999999999999999
1.0 0.8863409770687937 44.985 59.266666666666666 0.11999999999999998
1.0 0.8793619142572283 44.985 58.8 0.12999999999999998
1.0 0.872382851445663 44.985 58.333333333333336 0.13999999999999999
1.0 0.8604187437686939 44.985 57.53333333333333 0.15
1.0 0.8504486540378864 44.985 56.86666666666667 0.16
1.0 0.8384845463609173 44.985 56.06666666666667 0.17
1.0 0.8035892323030908 44.985 53.733333333333334 0.18000000000000002
1.0 0.7916251246261217 44.985 52.93333333333333 0.19000000000000003
1.0 0.7776669990029911 44.985 52.0 0.20000000000000004
1.0 0.7706879361914257 44.985 51.53333333333333 0.21000000000000005
1.0 0.7607178464606181 44.985 50.86666666666667 0.22000000000000006
1.0 0.7567298105682951 44.985 50.6 0.23000000000000007
1.0 0.7497507477567298 44.985 50.13333333333333 0.24000000000000007
1.0 0.7467597208374875 44.985 49.93333333333333 0.25000000000000006
1.0 0.7437686939182453 44.985 49.733333333333334 0.26000000000000006
1.0 0.7417746759720838 44.985 49.6 0.2700000000000001
1.0 0.7367896311066799 44.985 49.266666666666666 0.2800000000000001
1.0 0.7357926221335992 44.985 49.2 0.2900000000000001
1.0 0.7318045862412762 44.985 48.93333333333333 0.3000000000000001
1.0 0.7278165503489531 44.985 48.666666666666664 0.3100000000000001
1.0 0.7228315054835494 44.985 48.333333333333336 0.3200000000000001
1.0 0.715852442671984 44.985 47.86666666666667 0.3300000000000001
1.0 0.707876370887338 44.985 47.333333333333336 0.34000000000000014
1.0 0.7008973080757727 44.985 46.86666666666667 0.35000000000000014
1.0 0.6909272183449651 44.985 46.2 0.36000000000000015
1.0 0.6819541375872383 44.985 45.6 0.37000000000000016
1.0 0.6669990029910269 44.985 44.6 0.38000000000000017
1.0 0.6550348953140578 44.985 43.8 0.3900000000000002
1.0 0.6301096709870389 44.985 42.13333333333333 0.4000000000000002
1.0 0.609172482552343 44.985 40.733333333333334 0.4100000000000002
1.0 0.5962113659022931 44.985 39.86666666666667 0.4200000000000002
1.0 0.5852442671984048 44.985 39.13333333333333 0.4300000000000002
1.0 0.5712861415752741 44.985 38.2 0.4400000000000002
1.0 0.5573280159521435 44.985 37.266666666666666 0.45000000000000023
1.0 0.5493519441674976 44.985 36.733333333333334 0.46000000000000024
1.0 0.53938185443669 44.985 36.06666666666667 0.47000000000000025
1.0 0.522432701894317 44.985 34.93333333333333 0.48000000000000026
1.0 0.5124626121635095 44.985 34.266666666666666 0.49000000000000027
1.0 0.5064805583250249 44.985 33.86666666666667 0.5000000000000002
1.0 0.4995014955134596 44.985 33.4 0.5100000000000002
1.0 0.4955134596211366 44.985 33.13333333333333 0.5200000000000002
1.0 0.4915254237288136 44.985 32.86666666666667 0.5300000000000002
1.0 0.48953140578265203 44.985 32.733333333333334 0.5400000000000003
1.0 0.48753738783649053 44.985 32.6 0.5500000000000003
1.0 0.48454636091724823 44.985 32.4 0.5600000000000003
1.0 0.481555333998006 44.985 32.2 0.5700000000000003
1.0 0.47357926221335994 44.985 31.666666666666668 0.5800000000000003
1.0 0.46360917248255235 44.985 31.0 0.5900000000000003
1.0 0.4576271186440678 44.985 30.6 0.6000000000000003
1.0 0.4546360917248255 44.985 30.4 0.6100000000000003
1.0 0.44666001994017945 44.985 29.866666666666667 0.6200000000000003
1.0 0.44167497507477566 44.985 29.533333333333335 0.6300000000000003
1.0 0.42971086739780656 44.985 28.733333333333334 0.6400000000000003
1.0 0.4137587238285145 44.985 27.666666666666668 0.6500000000000004
1.0 0.3898305084745763 44.985 26.066666666666666 0.6600000000000004
1.0 0.3748753738783649 44.985 25.066666666666666 0.6700000000000004
1.0 0.34995014955134596 44.985 23.4 0.6800000000000004
1.0 0.33300099700897307 44.985 22.266666666666666 0.6900000000000004
1.0 0.3140578265204387 44.985 21.0 0.7000000000000004
1.0 0.288135593220339 44.985 19.266666666666666 0.7100000000000004
1.0 0.27018943170488535 44.985 18.066666666666666 0.7200000000000004
1.0 0.25324027916251246 44.985 16.933333333333334 0.7300000000000004
1.0 0.2382851445663011 44.985 15.933333333333334 0.7400000000000004
1.0 0.22432701894317048 44.985 15.0 0.7500000000000004
1.0 0.20837487537387836 44.985 13.933333333333334 0.7600000000000005
1.0 0.19940179461615154 44.985 13.333333333333334 0.7700000000000005
1.0 0.19441674975074777 44.985 13.0 0.7800000000000005
1.0 0.18743768693918245 44.985 12.533333333333333 0.7900000000000005
1.0 0.1814556331006979 44.985 12.133333333333333 0.8000000000000005
0.999888851839502 0.1794616151545364 44.98 12.0 0.8100000000000005
0.9996665555185061 0.17347956131605186 44.97 11.6 0.8200000000000005
0.9984439257530288 0.16650049850448653 44.915 11.133333333333333 0.8300000000000005
0.9965544070245638 0.15952143569292124 44.83 10.666666666666666 0.8400000000000005
0.994109147493609 0.15054835493519442 44.72 10.066666666666666 0.8500000000000005
0.9906635545181727 0.1365902293120638 44.565 9.133333333333333 0.8600000000000005
0.9852172946537735 0.11465603190428714 44.32 7.666666666666667 0.8700000000000006
0.9784372568633989 0.09571286141575275 44.015 6.4 0.8800000000000006
0.970323441147049 0.07976071784646062 43.65 5.333333333333333 0.8900000000000006
0.9608758475047238 0.05782652043868395 43.225 3.8666666666666667 0.9000000000000006
0.9508725130599088 0.03988035892323031 42.775 2.6666666666666665 0.9100000000000006
0.942647549183061 0.023928215353938187 42.405 1.6 0.9200000000000006
0.9345337334667111 0.01296111665004985 42.04 0.8666666666666667 0.9300000000000006
0.9238635100589085 0.006979062811565304 41.56 0.4666666666666667 0.9400000000000006
0.9121929532066244 0.0019940179461615153 41.035 0.13333333333333333 0.9500000000000006
0.8994109147493609 0.0 40.46 0.0 0.9600000000000006
0.879293097699233 0.0 39.555 0.0 0.9700000000000006
0.8483939090808047 0.0 38.165 0.0 0.9800000000000006
0.7618094920529065 0.0 34.27 0.0 0.9900000000000007
0.0 0.0 0.0 0.0
