1.0 1.0 14.995 22.288888888888888 0.0
1.0 0.8085742771684945 14.995 18.022222222222222 0.01
1.0 0.6909272183449651 14.995 15.4 0.02
1.0 0.6510468594217348 14.995 14.511111111111111 0.03
1.0 0.609172482552343 14.995 13.577777777777778 0.04
1.0 0.5792622133599202 14.995 12.911111111111111 0.05
1.0 0.5353938185443669 14.995 11.933333333333334 0.060000000000000005
1.0 0.5353938185443669 14.995 11.933333333333334 0.07
1.0 0.5124626121635095 14.995 11.422222222222222 0.08
1.0 0.4955134596211366 14.995 11.044444444444444 0.09
1.0 0.48255234297108673 14.995 10.755555555555556 0.09999999999999999
1.0 0.4695912263210369 14.995 10.466666666666667 0.10999999999999999
1.0 0.46061814556331004 14.995 10.266666666666667 0.11999999999999998
1.0 0.45363908275174475 14.995 10.11111111111111 0.12999999999999998
1.0 0.4456630109670987 14.995 9.933333333333334 0.13999999999999999
1.0 0.4386839481555334 14.995 9.777777777777779 0.15
1.0 0.4287138584247258 14.995 9.555555555555555 0.16
1.0 0.419740777666999 14.995 9.355555555555556 0.17
1.0 0.4037886340977069 14.995 9.0 0.18000000000000002
1.0 0.39780658025922233 14.995 8.866666666666667 0.19000000000000003
1.0 0.39282153539381853 14.995 8.755555555555556 0.20000000000000004
1.0 0.38584247258225324 14.995 8.6 0.21000000000000005
1.0 0.38384845463609174 14.995 8.555555555555555 0.22000000000000006
1.0 0.37886340977068794 14.995 8.444444444444445 0.23000000000000007
1.0 0.3778664007976072 14.995 8.422222222222222 0.24000000000000007
1.0 0.37188434695912265 14.995 8.28888888888889 0.25000000000000006
1.0 0.36689930209371885 14.995 8.177777777777777 0.26000000000000006
1.0 0.35992023928215355 14.995 8.022222222222222 0.2700000000000001
1.0 0.353938185443669 14.995 7.888888888888889 0.2800000000000001
1.0 0.3459621136590229 14.995 7.711111111111111 0.2900000000000001
1.0 0.33998005982053836 14.995 7.5777777777777775 0.3000000000000001
1.0 0.33599202392821537 14.995 7.488888888888889 0.3100000000000001
1.0 0.33300099700897307 14.995 7.4222222222222225 0.3200000000000001
1.0 0.32901296111665007 14.995 7.333333333333333 0.3300000000000001
1.0 0.325024925224327 14.995 7.2444444444444445 0.34000000000000014
1.0 0.3200398803589232 14.995 7.133333333333334 0.35000000000000014
1.0 0.317048853439681 14.995 7.066666666666666 0.36000000000000015
1.0 0.3120638085742772 14.995 6.955555555555556 0.37000000000000016
1.0 0.31106679960119643 14.995 6.933333333333334 0.38000000000000017
1.0 0.30608175473579263 14.995 6.822222222222222 0.3900000000000002
1.0 0.3020937188434696 14.995 6.733333333333333 0.4000000000000002
1.0 0.29611166500498504 14.995 6.6 0.4100000000000002
1.0 0.28913260219341974 14.995 6.444444444444445 0.4200000000000002
1.0 0.288135593220339 14.995 6.4222222222222225 0.4300000000000002
1.0 0.2851445663010967 14.995 6.355555555555555 0.4400000000000002
1.0 0.28015952143569295 14.995 6.2444444444444445 0.45000000000000023
1.0 0.27716849451645065 14.995 6.177777777777778 0.46000000000000024
1.0 0.27517447657028915 14.995 6.133333333333334 0.47000000000000025
1.0 0.2741774675972084 14.995 6.111111111111111 0.48000000000000026
1.0 0.26819541375872386 14.995 5.977777777777778 0.49000000000000027
1.0 0.2622133599202393 14.995 5.844444444444444 0.5000000000000002
1.0 0.259222333000997 14.995 5.777777777777778 0.5100000000000002
1.0 0.25124626121635096 14.995 5.6 0.5200000000000002
1.0 0.2452642073778664 14.995 5.466666666666667 0.5300000000000002
1.0 0.24127617148554337 14.995 5.377777777777778 0.5400000000000003
1.0 0.23728813559322035 14.995 5.288888888888889 0.5500000000000003
1.0 0.2333000997008973 14.995 5.2 0.5600000000000003
1.0 0.23030907278165502 14.995 5.133333333333334 0.5700000000000003
1.0 0.22931206380857427 14.995 5.111111111111111 0.5800000000000003
1.0 0.226321036889332 14.995 5.044444444444444 0.5900000000000003
1.0 0.226321036889332 14.995 5.044444444444444 0.6000000000000003
1.0 0.22233300099700898 14.995 4.955555555555556 0.6100000000000003
1.0 0.22233300099700898 14.995 4.955555555555556 0.6200000000000003
1.0 0.22033898305084745 14.995 4.911111111111111 0.6300000000000003
1.0 0.21635094715852443 14.995 4.822222222222222 0.6400000000000003
1.0 0.21335992023928216 14.995 4.7555555555555555 0.6500000000000004
1.0 0.21036889332003988 14.995 4.688888888888889 0.6600000000000004
1.0 0.2073778664007976 14.995 4.622222222222222 0.6700000000000004
1.0 0.20638085742771686 14.995 4.6 0.6800000000000004
1.0 0.2023928215353938 14.995 4.511111111111111 0.6900000000000004
1.0 0.2023928215353938 14.995 4.511111111111111 0.7000000000000004
1.0 0.19940179461615154 14.995 4.444444444444445 0.7100000000000004
1.0 0.19740777666999004 14.995 4.4 0.7200000000000004
1.0 0.19242273180458624 14.995 4.288888888888889 0.7300000000000004
1.0 0.1914257228315055 14.995 4.266666666666667 0.7400000000000004
1.0 0.1914257228315055 14.995 4.266666666666667 0.7500000000000004
1.0 0.18544366899302095 14.995 4.133333333333334 0.7600000000000005
1.0 0.1794616151545364 14.995 4.0 0.7700000000000005
1.0 0.1744765702891326 14.995 3.888888888888889 0.7800000000000005
1.0 0.1674975074775673 14.995 3.7333333333333334 0.7900000000000005
1.0 0.16650049850448653 14.995 3.7111111111111112 0.8000000000000005
1.0 0.16450648055832504 14.995 3.6666666666666665 0.8100000000000005
1.0 0.16051844466600199 14.995 3.577777777777778 0.8200000000000005
1.0 0.1535393818544367 14.995 3.422222222222222 0.8300000000000005
1.0 0.15154536390827517 14.995 3.3777777777777778 0.8400000000000005
1.0 0.14556331006979062 14.995 3.2444444444444445 0.8500000000000005
1.0 0.1345962113659023 14.995 3.0 0.8600000000000005
0.999888851839502 0.1345962113659023 14.993333333333334 3.0 0.8700000000000006
0.999888851839502 0.13160518444666003 14.993333333333334 2.933333333333333 0.8800000000000006
0.9995554073580082 0.13060817547357925 14.988333333333333 2.911111111111111 0.8900000000000006
0.9995554073580082 0.12562313060817548 14.988333333333333 2.8 0.9000000000000006
0.9991108147160165 0.12063808574277168 14.981666666666667 2.688888888888889 0.9100000000000006
0.9987773702345226 0.11764705882352941 14.976666666666667 2.6222222222222222 0.9200000000000006
0.9986662220740247 0.11365902293120637 14.975 2.533333333333333 0.9300000000000006
0.9983327775925308 0.10767696909272183 14.97 2.4 0.9400000000000006
0.998110481271535 0.09371884346959122 14.966666666666667 2.088888888888889 0.9500000000000006
0.9978881849505391 0.0847457627118644 14.963333333333333 1.8888888888888888 0.9600000000000006
0.9976658886295432 0.07676969092721835 14.96 1.711111111111111 0.9700000000000006
0.9967767033455597 0.06081754735792622 14.946666666666667 1.3555555555555556 0.9800000000000006
0.992108480604646 0.03788634097706879 14.876666666666667 0.8444444444444444 0.9900000000000007
0.0 0.0 0.0 0.0
