1.0 1.0 Infinity 125.375 0.0
1.0 1.0 Infinity 125.375 0.01
1.0 1.0 Infinity 125.375 0.02
1.0 1.0 Infinity 125.375 0.03
1.0 1.0 Infinity 125.375 0.04
1.0 1.0 Infinity 125.375 0.05
1.0 1.0 Infinity 125.375 0.060000000000000005
1.0 1.0 Infinity 125.375 0.07
1.0 1.0 Infinity 125.375 0.08
1.0 1.0 Infinity 125.375 0.09
1.0 1.0 Infinity 125.375 0.09999999999999999
1.0 1.0 Infinity 125.375 0.10999999999999999
1.0 1.0 Infinity 125.375 0.11999999999999998
1.0 1.0 Infinity 125.375 0.12999999999999998
1.0 1.0 Infinity 125.375 0.13999999999999999
1.0 1.0 Infinity 125.375 0.15
1.0 1.0 Infinity 125.375 0.16
1.0 1.0 Infinity 125.375 0.17
1.0 1.0 Infinity 125.375 0.18000000000000002
1.0 1.0 Infinity 125.375 0.19000000000000003
1.0 1.0 Infinity 125.375 0.20000000000000004
1.0 1.0 Infinity 125.375 0.21000000000000005
1.0 1.0 Infinity 125.375 0.22000000000000006
1.0 1.0 Infinity 125.375 0.23000000000000007
1.0 1.0 Infinity 125.375 0.24000000000000007
1.0 1.0 Infinity 125.375 0.25000000000000006
1.0 1.0 Infinity 125.375 0.26000000000000006
1.0 1.0 Infinity 125.375 0.2700000000000001
1.0 1.0 Infinity 125.375 0.2800000000000001
1.0 1.0 Infinity 125.375 0.2900000000000001
1.0 1.0 Infinity 125.375 0.3000000000000001
1.0 1.0 Infinity 125.375 0.3100000000000001
1.0 1.0 Infinity 125.375 0.3200000000000001
1.0 1.0 Infinity 125.375 0.3300000000000001
1.0 1.0 Infinity 125.375 0.34000000000000014
1.0 1.0 Infinity 125.375 0.35000000000000014
1.0 1.0 Infinity 125.375 0.36000000000000015
1.0 1.0 Infinity 125.375 0.37000000000000016
1.0 1.0 Infinity 125.375 0.38000000000000017
1.0 1.0 Infinity 125.375 0.3900000000000002
1.0 1.0 Infinity 125.375 0.4000000000000002
1.0 1.0 Infinity 125.375 0.4100000000000002
1.0 1.0 Infinity 125.375 0.4200000000000002
1.0 1.0 Infinity 125.375 0.4300000000000002
1.0 1.0 Infinity 125.375 0.4400000000000002
1.0 1.0 Infinity 125.375 0.45000000000000023
1.0 1.0 Infinity 125.375 0.46000000000000024
1.0 1.0 Infinity 125.375 0.47000000000000025
1.0 1.0 Infinity 125.375 0.48000000000000026
1.0 1.0 Infinity 125.375 0.49000000000000027
1.0 1.0 Infinity 125.375 0.5000000000000002
1.0 1.0 Infinity 125.375 0.5100000000000002
1.0 1.0 Infinity 125.375 0.5200000000000002
1.0 1.0 Infinity 125.375 0.5300000000000002
1.0 1.0 Infinity 125.375 0.5400000000000003
1.0 1.0 Infinity 125.375 0.5500000000000003
1.0 1.0 Infinity 125.375 0.5600000000000003
1.0 1.0 Infinity 125.375 0.5700000000000003
1.0 1.0 Infinity 125.375 0.5800000000000003
1.0 1.0 Infinity 125.375 0.5900000000000003
1.0 1.0 Infinity 125.375 0.6000000000000003
1.0 1.0 Infinity 125.375 0.6100000000000003
1.0 1.0 Infinity 125.375 0.6200000000000003
0.9997777036790041 1.0 Infinity 125.375 0.6300000000000003
0.9994442591975102 1.0 Infinity 125.375 0.6400000000000003
0.9992219628765144 1.0 Infinity 125.375 0.6500000000000004
0.9987773702345226 1.0 Infinity 125.375 0.6600000000000004
0.9983327775925308 1.0 Infinity 125.375 0.6700000000000004
0.9983327775925308 1.0 Infinity 125.375 0.6800000000000004
0.9983327775925308 1.0 Infinity 125.375 0.6900000000000004
0.9983327775925308 1.0 Infinity 125.375 0.7000000000000004
0.9982216294320329 1.0 Infinity 125.375 0.7100000000000004
0.9982216294320329 1.0 Infinity 125.375 0.7200000000000004
0.998110481271535 1.0 Infinity 125.375 0.7300000000000004
0.9979993331110371 1.0 Infinity 125.375 0.7400000000000004
0.9979993331110371 1.0 Infinity 125.375 0.7500000000000004
0.9978881849505391 1.0 Infinity 125.375 0.7600000000000005
0.9977770367900411 1.0 Infinity 125.375 0.7700000000000005
0.9973324441480493 1.0 Infinity 125.375 0.7800000000000005
0.9966655551850617 1.0 Infinity 125.375 0.7900000000000005
0.9954429254195843 1.0 Infinity 125.375 0.8000000000000005
0.9923307769256419 0.9970089730807578 Infinity 125.0 0.8100000000000005
0.9867733689007447 0.996011964107677 Infinity 124.875 0.8200000000000005
0.9764365899744359 0.9860418743768694 Infinity 123.625 0.8300000000000005
0.9586528842947649 0.9700897308075773 Infinity 121.625 0.8400000000000005
0.9277536956763366 0.9501495513459621 Infinity 119.125 0.8500000000000005
0.8787373568967434 0.8803589232303091 Infinity 110.375 0.8600000000000005
0.8058241636100922 0.8035892323030908 Infinity 100.75 0.8700000000000006
0.709347560297877 0.711864406779661 Infinity 89.25 0.8800000000000006
0.5875291763921308 0.609172482552343 Infinity 76.375 0.8900000000000006
0.4552628653995776 0.46560319042871384 Infinity 58.375 0.9000000000000006
0.3212181838390575 0.32103688933200397 Infinity 40.25 0.9100000000000006
0.20795820829165276 0.2023928215353938 Infinity 25.375 0.9200000000000006
0.12348560631321552 0.10667996011964108 Infinity 13.375 0.9300000000000006
0.058686228742914306 0.053838484546360914 Infinity 6.75 0.9400000000000006
0.02356341002556408 0.024925224327018942 Infinity 3.125 0.9500000000000006
0.006446593308880738 0.005982053838484547 Infinity 0.75 0.9600000000000006
0.0021118150494609314 0.0029910269192422734 Infinity 0.375 0.9700000000000006
3.3344448149383126E-4 0.0019940179461615153 Infinity 0.25 0.9800000000000006
0.0 9.970089730807576E-4 NaN 0.125 0.9900000000000007
0.0 0.0 0.0 0.0
