1.0 1.0 89.97 33.43333333333333 0.0
1.0 0.9970089730807578 89.97 33.333333333333336 0.01
1.0 0.9950149551345963 89.97 33.266666666666666 0.02
1.0 0.9940179461615155 89.97 33.233333333333334 0.03
1.0 0.9940179461615155 89.97 33.233333333333334 0.04
1.0 0.9910269192422732 89.97 33.13333333333333 0.05
1.0 0.9830508474576272 89.97 32.86666666666667 0.060000000000000005
1.0 0.9830508474576272 89.97 32.86666666666667 0.07
1.0 0.9810568295114656 89.97 32.8 0.08
1.0 0.9790628115653041 89.97 32.733333333333334 0.09
1.0 0.9760717846460618 89.97 32.63333333333333 0.09999999999999999
1.0 0.9730807577268196 89.97 32.53333333333333 0.10999999999999999
1.0 0.9730807577268196 89.97 32.53333333333333 0.11999999999999998
1.0 0.9730807577268196 89.97 32.53333333333333 0.12999999999999998
1.0 0.9710867397806581 89.97 32.46666666666667 0.13999999999999999
1.0 0.9680957128614157 89.97 32.36666666666667 0.15
1.0 0.9651046859421735 89.97 32.266666666666666 0.16
1.0 0.9621136590229312 89.97 32.166666666666664 0.17
1.0 0.9601196410767697 89.97 32.1 0.18000000000000002
1.0 0.9581256231306082 89.97 32.03333333333333 0.19000000000000003
1.0 0.9561316051844466 89.97 31.966666666666665 0.20000000000000004
1.0 0.9521435692921236 89.97 31.833333333333332 0.21000000000000005
1.0 0.9511465603190429 89.97 31.8 0.22000000000000006
1.0 0.9501495513459621 89.97 31.766666666666666 0.23000000000000007
1.0 0.9491525423728814 89.97 31.733333333333334 0.24000000000000007
1.0 0.9491525423728814 89.97 31.733333333333334 0.25000000000000006
1.0 0.9491525423728814 89.97 31.733333333333334 0.26000000000000006
1.0 0.9461615154536391 89.97 31.633333333333333 0.2700000000000001
1.0 0.9431704885343968 89.97 31.533333333333335 0.2800000000000001
1.0 0.9431704885343968 89.97 31.533333333333335 0.2900000000000001
1.0 0.9431704885343968 89.97 31.533333333333335 0.3000000000000001
1.0 0.942173479561316 89.97 31.5 0.3100000000000001
1.0 0.9401794616151545 89.97 31.433333333333334 0.3200000000000001
1.0 0.9391824526420738 89.97 31.4 0.3300000000000001
1.0 0.9332003988035892 89.97 31.2 0.34000000000000014
1.0 0.9292123629112662 89.97 31.066666666666666 0.35000000000000014
1.0 0.922233300099701 89.97 30.833333333333332 0.36000000000000015
1.0 0.9192422731804586 89.97 30.733333333333334 0.37000000000000016
1.0 0.9142572283150548 89.97 30.566666666666666 0.38000000000000017
1.0 0.9082751744765702 89.97 30.366666666666667 0.3900000000000002
1.0 0.901296111665005 89.97 30.133333333333333 0.4000000000000002
1.0 0.8893320039880359 89.97 29.733333333333334 0.4100000000000002
1.0 0.8853439680957128 89.97 29.6 0.4200000000000002
1.0 0.8813559322033898 89.97 29.466666666666665 0.4300000000000002
1.0 0.8743768693918246 89.97 29.233333333333334 0.4400000000000002
1.0 0.8673978065802592 89.97 29.0 0.45000000000000023
1.0 0.864406779661017 89.97 28.9 0.46000000000000024
1.0 0.8614157527417746 89.97 28.8 0.47000000000000025
1.0 0.8594217347956131 89.97 28.733333333333334 0.48000000000000026
1.0 0.8554336989032901 89.97 28.6 0.49000000000000027
1.0 0.8524426719840479 89.97 28.5 0.5000000000000002
1.0 0.8484546360917248 89.97 28.366666666666667 0.5100000000000002
1.0 0.8464606181455633 89.97 28.3 0.5200000000000002
1.0 0.8444666001994018 89.97 28.233333333333334 0.5300000000000002
1.0 0.8424725822532403 89.97 28.166666666666668 0.5400000000000003
1.0 0.8414755732801595 89.97 28.133333333333333 0.5500000000000003
1.0 0.8384845463609173 89.97 28.033333333333335 0.5600000000000003
1.0 0.8374875373878365 89.97 28.0 0.5700000000000003
1.0 0.8364905284147557 89.97 27.966666666666665 0.5800000000000003
1.0 0.8354935194416749 89.97 27.933333333333334 0.5900000000000003
1.0 0.8315054835493519 89.97 27.8 0.6000000000000003
1.0 0.827517447657029 89.97 27.666666666666668 0.6100000000000003
1.0 0.8195413758723828 89.97 27.4 0.6200000000000003
1.0 0.8135593220338984 89.97 27.2 0.6300000000000003
1.0 0.8055832502492523 89.97 26.933333333333334 0.6400000000000003
1.0 0.7946161515453639 89.97 26.566666666666666 0.6500000000000004
1.0 0.7806580259222333 89.97 26.1 0.6600000000000004
1.0 0.7676969092721835 89.97 25.666666666666668 0.6700000000000004
1.0 0.7497507477567298 89.97 25.066666666666666 0.6800000000000004
1.0 0.7278165503489531 89.97 24.333333333333332 0.6900000000000004
1.0 0.7038883349950149 89.97 23.533333333333335 0.7000000000000004
1.0 0.6779661016949152 89.97 22.666666666666668 0.7100000000000004
1.0 0.6560319042871385 89.97 21.933333333333334 0.7200000000000004
1.0 0.6291126620139581 89.97 21.033333333333335 0.7300000000000004
1.0 0.6111665004985045 89.97 20.433333333333334 0.7400000000000004
1.0 0.5942173479561316 89.97 19.866666666666667 0.7500000000000004
1.0 0.5682951146560319 89.97 19.0 0.7600000000000005
1.0 0.555333998005982 89.97 18.566666666666666 0.7700000000000005
0.999888851839502 0.5443668993020937 89.96 18.2 0.7800000000000005
0.9997777036790041 0.5363908275174477 89.95 17.933333333333334 0.7900000000000005
0.9993331110370124 0.5274177467597209 89.91 17.633333333333333 0.8000000000000005
0.9982216294320329 0.518444666001994 89.81 17.333333333333332 0.8100000000000005
0.996109814382572 0.5104685942173479 89.62 17.066666666666666 0.8200000000000005
0.9929976658886296 0.4985044865403789 89.34 16.666666666666668 0.8300000000000005
0.986106479937757 0.48055832502492524 88.72 16.066666666666666 0.8400000000000005
0.9774369234189174 0.46161515453639085 87.94 15.433333333333334 0.8500000000000005
0.96054240302323 0.4307078763708873 86.42 14.4 0.8600000000000005
0.9369789929976658 0.38783649052841473 84.3 12.966666666666667 0.8700000000000006
0.905190619095254 0.34496510468594216 81.44 11.533333333333333 0.8800000000000006
0.8629543181060353 0.28414755732801594 77.64 9.5 0.8900000000000006
0.818161609425364 0.21335992023928216 73.61 7.133333333333334 0.9000000000000006
0.7763699010781372 0.15054835493519442 69.85 5.033333333333333 0.9100000000000006
0.7339113037679227 0.09770687936191426 66.03 3.2666666666666666 0.9200000000000006
0.7017894853840169 0.06281156530408774 63.14 2.1 0.9300000000000006
0.6715571857285761 0.04685942173479561 60.42 1.5666666666666667 0.9400000000000006
0.6431032566411026 0.03090727816550349 57.86 1.0333333333333334 0.9500000000000006
0.6103145492942091 0.022931206380857428 54.91 0.7666666666666667 0.9600000000000006
0.573079915527398 0.02193419740777667 51.56 0.7333333333333333 0.9700000000000006
0.5162832055129487 0.02193419740777667 46.45 0.7333333333333333 0.9800000000000006
0.4003556741135934 0.020937188434695914 36.02 0.7 0.9900000000000007
0.0 0.0 0.0 0.0
