1.0 1.0 89.97 Infinity 0.0
1.0 1.0 89.97 Infinity 0.01
1.0 0.9990029910269193 89.97 Infinity 0.02
1.0 0.9990029910269193 89.97 Infinity 0.03
1.0 0.996011964107677 89.97 Infinity 0.04
1.0 0.996011964107677 89.97 Infinity 0.05
1.0 0.9930209371884346 89.97 Infinity 0.060000000000000005
1.0 0.9930209371884346 89.97 Infinity 0.07
1.0 0.9890329012961117 89.97 Infinity 0.08
1.0 0.9860418743768694 89.97 Infinity 0.09
1.0 0.9850448654037887 89.97 Infinity 0.09999999999999999
1.0 0.9830508474576272 89.97 Infinity 0.10999999999999999
1.0 0.9820538384845464 89.97 Infinity 0.11999999999999998
1.0 0.9820538384845464 89.97 Infinity 0.12999999999999998
1.0 0.9810568295114656 89.97 Infinity 0.13999999999999999
1.0 0.9800598205383848 89.97 Infinity 0.15
1.0 0.9780658025922233 89.97 Infinity 0.16
1.0 0.9770687936191426 89.97 Infinity 0.17
1.0 0.9720837487537388 89.97 Infinity 0.18000000000000002
1.0 0.9680957128614157 89.97 Infinity 0.19000000000000003
1.0 0.9641076769690927 89.97 Infinity 0.20000000000000004
1.0 0.959122632103689 89.97 Infinity 0.21000000000000005
1.0 0.9571286141575274 89.97 Infinity 0.22000000000000006
1.0 0.9521435692921236 89.97 Infinity 0.23000000000000007
1.0 0.9481555333998006 89.97 Infinity 0.24000000000000007
1.0 0.9461615154536391 89.97 Infinity 0.25000000000000006
1.0 0.9451645064805583 89.97 Infinity 0.26000000000000006
1.0 0.942173479561316 89.97 Infinity 0.2700000000000001
1.0 0.9401794616151545 89.97 Infinity 0.2800000000000001
1.0 0.9391824526420738 89.97 Infinity 0.2900000000000001
1.0 0.938185443668993 89.97 Infinity 0.3000000000000001
1.0 0.9351944167497508 89.97 Infinity 0.3100000000000001
1.0 0.9332003988035892 89.97 Infinity 0.3200000000000001
1.0 0.9322033898305084 89.97 Infinity 0.3300000000000001
1.0 0.9302093718843469 89.97 Infinity 0.34000000000000014
1.0 0.9262213359920239 89.97 Infinity 0.35000000000000014
1.0 0.9202392821535393 89.97 Infinity 0.36000000000000015
1.0 0.9152542372881356 89.97 Infinity 0.37000000000000016
1.0 0.9082751744765702 89.97 Infinity 0.38000000000000017
1.0 0.9032901296111665 89.97 Infinity 0.3900000000000002
1.0 0.8973080757726819 89.97 Infinity 0.4000000000000002
1.0 0.8843469591226321 89.97 Infinity 0.4100000000000002
1.0 0.8813559322033898 89.97 Infinity 0.4200000000000002
1.0 0.8733798604187437 89.97 Infinity 0.4300000000000002
1.0 0.864406779661017 89.97 Infinity 0.4400000000000002
1.0 0.8614157527417746 89.97 Infinity 0.45000000000000023
1.0 0.8534396809571286 89.97 Infinity 0.46000000000000024
1.0 0.8444666001994018 89.97 Infinity 0.47000000000000025
1.0 0.8384845463609173 89.97 Infinity 0.48000000000000026
1.0 0.8325024925224327 89.97 Infinity 0.49000000000000027
1.0 0.827517447657029 89.97 Infinity 0.5000000000000002
1.0 0.8255234297108675 89.97 Infinity 0.5100000000000002
1.0 0.8245264207377866 89.97 Infinity 0.5200000000000002
1.0 0.8195413758723828 89.97 Infinity 0.5300000000000002
1.0 0.8135593220338984 89.97 Infinity 0.5400000000000003
1.0 0.8075772681954138 89.97 Infinity 0.5500000000000003
1.0 0.8035892323030908 89.97 Infinity 0.5600000000000003
1.0 0.8005982053838484 89.97 Infinity 0.5700000000000003
1.0 0.7976071784646062 89.97 Infinity 0.5800000000000003
1.0 0.7966101694915254 89.97 Infinity 0.5900000000000003
1.0 0.7936191425722832 89.97 Infinity 0.6000000000000003
1.0 0.7936191425722832 89.97 Infinity 0.6100000000000003
1.0 0.7876370887337986 89.97 Infinity 0.6200000000000003
1.0 0.7866400797607178 89.97 Infinity 0.6300000000000003
1.0 0.7816550348953141 89.97 Infinity 0.6400000000000003
1.0 0.7706879361914257 89.97 Infinity 0.6500000000000004
1.0 0.7557328015952144 89.97 Infinity 0.6600000000000004
1.0 0.7397806580259222 89.97 Infinity 0.6700000000000004
1.0 0.7188434695912264 89.97 Infinity 0.6800000000000004
1.0 0.6989032901296112 89.97 Infinity 0.6900000000000004
1.0 0.6769690927218345 89.97 Infinity 0.7000000000000004
1.0 0.6490528414755733 89.97 Infinity 0.7100000000000004
1.0 0.6261216350947159 89.97 Infinity 0.7200000000000004
1.0 0.6071784646061814 89.97 Infinity 0.7300000000000004
1.0 0.5832502492522432 89.97 Infinity 0.7400000000000004
1.0 0.559322033898305 89.97 Infinity 0.7500000000000004
1.0 0.53938185443669 89.97 Infinity 0.7600000000000005
1.0 0.5214356929212363 89.97 Infinity 0.7700000000000005
1.0 0.5024925224327019 89.97 Infinity 0.7800000000000005
0.999888851839502 0.48753738783649053 89.96 Infinity 0.7900000000000005
0.9995554073580082 0.47557328015952144 89.93 Infinity 0.8000000000000005
0.9985550739135267 0.46859421734795614 89.84 Infinity 0.8100000000000005
0.9977770367900411 0.4646061814556331 89.77 Infinity 0.8200000000000005
0.9944425919751028 0.44965104685942175 89.47 Infinity 0.8300000000000005
0.990107813715683 0.43469591226321036 89.08 Infinity 0.8400000000000005
0.9798821829498722 0.4137587238285145 88.16 Infinity 0.8500000000000005
0.9639879959986662 0.37387836490528414 86.73 Infinity 0.8600000000000005
0.9416472157385796 0.3369890329012961 84.72 Infinity 0.8700000000000006
0.9128598421696121 0.2931206380857428 82.13 Infinity 0.8800000000000006
0.8748471712793153 0.24227318045862412 78.71 Infinity 0.8900000000000006
0.8332777592530843 0.18245264207377868 74.97 Infinity 0.9000000000000006
0.7918194953873513 0.12761714855433698 71.24 Infinity 0.9100000000000006
0.7578081582749806 0.07976071784646062 68.18 Infinity 0.9200000000000006
0.7277981549405357 0.04287138584247258 65.48 Infinity 0.9300000000000006
0.6977881516060909 0.023928215353938187 62.78 Infinity 0.9400000000000006
0.6721129265310659 0.00897308075772682 60.47 Infinity 0.9500000000000006
0.6434367011225964 0.0019940179461615153 57.89 Infinity 0.9600000000000006
0.6069801044792709 9.970089730807576E-4 54.61 Infinity 0.9700000000000006
0.5505168389463154 9.970089730807576E-4 49.53 Infinity 0.9800000000000006
0.4264754918306102 9.970089730807576E-4 38.37 Infinity 0.9900000000000007
0.0 0.0 0.0 0.0
