1.0 1.0 9.996666666666666 25.075 0.0
1.0 0.5244267198404786 9.996666666666666 13.15 0.01
1.0 0.3728813559322034 9.996666666666666 9.35 0.02
1.0 0.3070787637088734 9.996666666666666 7.7 0.03
1.0 0.2851445663010967 9.996666666666666 7.15 0.04
1.0 0.25623130608175476 9.996666666666666 6.425 0.05
1.0 0.22033898305084745 9.996666666666666 5.525 0.060000000000000005
1.0 0.22033898305084745 9.996666666666666 5.525 0.07
1.0 0.21036889332003988 9.996666666666666 5.275 0.08
1.0 0.2033898305084746 9.996666666666666 5.1 0.09
1.0 0.19541375872382852 9.996666666666666 4.9 0.09999999999999999
1.0 0.18743768693918245 9.996666666666666 4.7 0.10999999999999999
1.0 0.1794616151545364 9.996666666666666 4.5 0.11999999999999998
1.0 0.17148554336989033 9.996666666666666 4.3 0.12999999999999998
1.0 0.16650049850448653 9.996666666666666 4.175 0.13999999999999999
1.0 0.1625124626121635 9.996666666666666 4.075 0.15
1.0 0.1575274177467597 9.996666666666666 3.95 0.16
1.0 0.1535393818544367 9.996666666666666 3.85 0.17
1.0 0.1485543369890329 9.996666666666666 3.725 0.18000000000000002
1.0 0.1465603190428714 9.996666666666666 3.675 0.19000000000000003
1.0 0.1465603190428714 9.996666666666666 3.675 0.20000000000000004
1.0 0.14057826520438685 9.996666666666666 3.525 0.21000000000000005
1.0 0.1365902293120638 9.996666666666666 3.425 0.22000000000000006
1.0 0.1345962113659023 9.996666666666666 3.375 0.23000000000000007
1.0 0.1345962113659023 9.996666666666666 3.375 0.24000000000000007
1.0 0.12761714855433698 9.996666666666666 3.2 0.25000000000000006
1.0 0.12662013958125623 9.996666666666666 3.175 0.26000000000000006
1.0 0.12562313060817548 9.996666666666666 3.15 0.2700000000000001
1.0 0.12163509471585245 9.996666666666666 3.05 0.2800000000000001
1.0 0.11964107676969092 9.996666666666666 3.0 0.2900000000000001
1.0 0.11665004985044865 9.996666666666666 2.925 0.3000000000000001
1.0 0.11166500498504486 9.996666666666666 2.8 0.3100000000000001
1.0 0.1106679960119641 9.996666666666666 2.775 0.3200000000000001
1.0 0.10867397806580259 9.996666666666666 2.725 0.3300000000000001
1.0 0.10568295114656032 9.996666666666666 2.65 0.34000000000000014
1.0 0.1036889332003988 9.996666666666666 2.6 0.35000000000000014
1.0 0.10269192422731804 9.996666666666666 2.575 0.36000000000000015
1.0 0.09970089730807577 9.996666666666666 2.5 0.37000000000000016
1.0 0.09870388833499502 9.996666666666666 2.475 0.38000000000000017
1.0 0.0967098703888335 9.996666666666666 2.425 0.3900000000000002
1.0 0.09571286141575275 9.996666666666666 2.4 0.4000000000000002
1.0 0.09371884346959122 9.996666666666666 2.35 0.4100000000000002
1.0 0.09072781655034895 9.996666666666666 2.275 0.4200000000000002
1.0 0.08873379860418744 9.996666666666666 2.225 0.4300000000000002
1.0 0.08673978065802593 9.996666666666666 2.175 0.4400000000000002
1.0 0.0847457627118644 9.996666666666666 2.125 0.45000000000000023
1.0 0.08175473579262213 9.996666666666666 2.05 0.46000000000000024
1.0 0.07876370887337986 9.996666666666666 1.975 0.47000000000000025
1.0 0.07776669990029911 9.996666666666666 1.95 0.48000000000000026
1.0 0.07477567298105683 9.996666666666666 1.875 0.49000000000000027
1.0 0.07377866400797607 9.996666666666666 1.85 0.5000000000000002
1.0 0.07178464606181456 9.996666666666666 1.8 0.5100000000000002
1.0 0.06979062811565304 9.996666666666666 1.75 0.5200000000000002
1.0 0.06879361914257229 9.996666666666666 1.725 0.5300000000000002
1.0 0.06580259222333001 9.996666666666666 1.65 0.5400000000000003
1.0 0.06580259222333001 9.996666666666666 1.65 0.5500000000000003
1.0 0.06580259222333001 9.996666666666666 1.65 0.5600000000000003
1.0 0.06480558325024925 9.996666666666666 1.625 0.5700000000000003
1.0 0.06380857427716849 9.996666666666666 1.6 0.5800000000000003
1.0 0.06281156530408774 9.996666666666666 1.575 0.5900000000000003
1.0 0.06181455633100698 9.996666666666666 1.55 0.6000000000000003
1.0 0.06081754735792622 9.996666666666666 1.525 0.6100000000000003
1.0 0.05982053838484546 9.996666666666666 1.5 0.6200000000000003
1.0 0.05982053838484546 9.996666666666666 1.5 0.6300000000000003
1.0 0.058823529411764705 9.996666666666666 1.475 0.6400000000000003
1.0 0.058823529411764705 9.996666666666666 1.475 0.6500000000000004
1.0 0.05782652043868395 9.996666666666666 1.45 0.6600000000000004
1.0 0.05682951146560319 9.996666666666666 1.425 0.6700000000000004
1.0 0.054835493519441676 9.996666666666666 1.375 0.6800000000000004
1.0 0.054835493519441676 9.996666666666666 1.375 0.6900000000000004
1.0 0.054835493519441676 9.996666666666666 1.375 0.7000000000000004
1.0 0.05284147557328016 9.996666666666666 1.325 0.7100000000000004
1.0 0.05284147557328016 9.996666666666666 1.325 0.7200000000000004
1.0 0.05284147557328016 9.996666666666666 1.325 0.7300000000000004
1.0 0.05084745762711865 9.996666666666666 1.275 0.7400000000000004
1.0 0.047856430707876374 9.996666666666666 1.2 0.7500000000000004
1.0 0.04685942173479561 9.996666666666666 1.175 0.7600000000000005
1.0 0.0448654037886341 9.996666666666666 1.125 0.7700000000000005
1.0 0.0448654037886341 9.996666666666666 1.125 0.7800000000000005
1.0 0.04287138584247258 9.996666666666666 1.075 0.7900000000000005
1.0 0.04287138584247258 9.996666666666666 1.075 0.8000000000000005
1.0 0.04187437686939183 9.996666666666666 1.05 0.8100000000000005
1.0 0.04187437686939183 9.996666666666666 1.05 0.8200000000000005
1.0 0.040877367896311065 9.996666666666666 1.025 0.8300000000000005
1.0 0.038883349950149554 9.996666666666666 0.975 0.8400000000000005
1.0 0.036889332003988036 9.996666666666666 0.925 0.8500000000000005
1.0 0.03589232303090728 9.996666666666666 0.9 0.8600000000000005
1.0 0.03589232303090728 9.996666666666666 0.9 0.8700000000000006
1.0 0.03389830508474576 9.996666666666666 0.85 0.8800000000000006
1.0 0.028913260219341975 9.996666666666666 0.725 0.8900000000000006
1.0 0.028913260219341975 9.996666666666666 0.725 0.9000000000000006
1.0 0.027916251246261216 9.996666666666666 0.7 0.9100000000000006
1.0 0.026919242273180457 9.996666666666666 0.675 0.9200000000000006
1.0 0.0259222333000997 9.996666666666666 0.65 0.9300000000000006
0.999888851839502 0.023928215353938187 9.995555555555555 0.6 0.9400000000000006
0.999888851839502 0.020937188434695914 9.995555555555555 0.525 0.9500000000000006
0.9997777036790041 0.01794616151545364 9.994444444444444 0.45 0.9600000000000006
0.9996665555185061 0.01296111665004985 9.993333333333334 0.325 0.9700000000000006
0.9996665555185061 0.009970089730807577 9.993333333333334 0.25 0.9800000000000006
0.9994442591975102 0.005982053838484547 9.991111111111111 0.15 0.9900000000000007
0.0 0.0 0.0 0.0
