1.0 1.0 12.852857142857143 20.06 0.0
1.0 0.7148554336989033 12.852857142857143 14.34 0.01
1.0 0.5722831505483549 12.852857142857143 11.48 0.02
1.0 0.5124626121635095 12.852857142857143 10.28 0.03
1.0 0.4765702891326022 12.852857142857143 9.56 0.04
1.0 0.4436689930209372 12.852857142857143 8.9 0.05
1.0 0.4077766699900299 12.852857142857143 8.18 0.060000000000000005
1.0 0.4077766699900299 12.852857142857143 8.18 0.07
1.0 0.39780658025922233 12.852857142857143 7.98 0.08
1.0 0.38584247258225324 12.852857142857143 7.74 0.09
1.0 0.36490528414755735 12.852857142857143 7.32 0.09999999999999999
1.0 0.35294117647058826 12.852857142857143 7.08 0.10999999999999999
1.0 0.3459621136590229 12.852857142857143 6.94 0.11999999999999998
1.0 0.3369890329012961 12.852857142857143 6.76 0.12999999999999998
1.0 0.32801595214356927 12.852857142857143 6.58 0.13999999999999999
1.0 0.32103688933200397 12.852857142857143 6.44 0.15
1.0 0.31106679960119643 12.852857142857143 6.24 0.16
1.0 0.3020937188434696 12.852857142857143 6.06 0.17
1.0 0.29411764705882354 12.852857142857143 5.9 0.18000000000000002
1.0 0.28713858424725824 12.852857142857143 5.76 0.19000000000000003
1.0 0.2811565304087737 12.852857142857143 5.64 0.20000000000000004
1.0 0.2741774675972084 12.852857142857143 5.5 0.21000000000000005
1.0 0.2662013958125623 12.852857142857143 5.34 0.22000000000000006
1.0 0.2622133599202393 12.852857142857143 5.26 0.23000000000000007
1.0 0.25523429710867396 12.852857142857143 5.12 0.24000000000000007
1.0 0.25124626121635096 12.852857142857143 5.04 0.25000000000000006
1.0 0.2452642073778664 12.852857142857143 4.92 0.26000000000000006
1.0 0.24127617148554337 12.852857142857143 4.84 0.2700000000000001
1.0 0.24027916251246262 12.852857142857143 4.82 0.2800000000000001
1.0 0.23629112662013957 12.852857142857143 4.74 0.2900000000000001
1.0 0.2313060817547358 12.852857142857143 4.64 0.3000000000000001
1.0 0.23030907278165502 12.852857142857143 4.62 0.3100000000000001
1.0 0.226321036889332 12.852857142857143 4.54 0.3200000000000001
1.0 0.2213359920239282 12.852857142857143 4.44 0.3300000000000001
1.0 0.21635094715852443 12.852857142857143 4.34 0.34000000000000014
1.0 0.2143569292123629 12.852857142857143 4.3 0.35000000000000014
1.0 0.21136590229312063 12.852857142857143 4.24 0.36000000000000015
1.0 0.2073778664007976 12.852857142857143 4.16 0.37000000000000016
1.0 0.2053838484546361 12.852857142857143 4.12 0.38000000000000017
1.0 0.2033898305084746 12.852857142857143 4.08 0.3900000000000002
1.0 0.20039880358923232 12.852857142857143 4.02 0.4000000000000002
1.0 0.19541375872382852 12.852857142857143 3.92 0.4100000000000002
1.0 0.18843469591226322 12.852857142857143 3.78 0.4200000000000002
1.0 0.18743768693918245 12.852857142857143 3.76 0.4300000000000002
1.0 0.18544366899302095 12.852857142857143 3.72 0.4400000000000002
1.0 0.1814556331006979 12.852857142857143 3.64 0.45000000000000023
1.0 0.18045862412761715 12.852857142857143 3.62 0.46000000000000024
1.0 0.17647058823529413 12.852857142857143 3.54 0.47000000000000025
1.0 0.17248255234297108 12.852857142857143 3.46 0.48000000000000026
1.0 0.17248255234297108 12.852857142857143 3.46 0.49000000000000027
1.0 0.17148554336989033 12.852857142857143 3.44 0.5000000000000002
1.0 0.16849451645064806 12.852857142857143 3.38 0.5100000000000002
1.0 0.16450648055832504 12.852857142857143 3.3 0.5200000000000002
1.0 0.1625124626121635 12.852857142857143 3.26 0.5300000000000002
1.0 0.16151545363908276 12.852857142857143 3.24 0.5400000000000003
1.0 0.1585244267198405 12.852857142857143 3.18 0.5500000000000003
1.0 0.1575274177467597 12.852857142857143 3.16 0.5600000000000003
1.0 0.15453639082751744 12.852857142857143 3.1 0.5700000000000003
1.0 0.1535393818544367 12.852857142857143 3.08 0.5800000000000003
1.0 0.15054835493519442 12.852857142857143 3.02 0.5900000000000003
1.0 0.14955134596211367 12.852857142857143 3.0 0.6000000000000003
1.0 0.14955134596211367 12.852857142857143 3.0 0.6100000000000003
1.0 0.14556331006979062 12.852857142857143 2.92 0.6200000000000003
1.0 0.1415752741774676 12.852857142857143 2.84 0.6300000000000003
1.0 0.13958125623130607 12.852857142857143 2.8 0.6400000000000003
1.0 0.13758723828514458 12.852857142857143 2.76 0.6500000000000004
1.0 0.1345962113659023 12.852857142857143 2.7 0.6600000000000004
1.0 0.13160518444666003 12.852857142857143 2.64 0.6700000000000004
1.0 0.13060817547357925 12.852857142857143 2.62 0.6800000000000004
1.0 0.12761714855433698 12.852857142857143 2.56 0.6900000000000004
1.0 0.12761714855433698 12.852857142857143 2.56 0.7000000000000004
1.0 0.12662013958125623 12.852857142857143 2.54 0.7100000000000004
1.0 0.12562313060817548 12.852857142857143 2.52 0.7200000000000004
1.0 0.11864406779661017 12.852857142857143 2.38 0.7300000000000004
1.0 0.11864406779661017 12.852857142857143 2.38 0.7400000000000004
1.0 0.11665004985044865 12.852857142857143 2.34 0.7500000000000004
1.0 0.11365902293120637 12.852857142857143 2.28 0.7600000000000005
1.0 0.11166500498504486 12.852857142857143 2.24 0.7700000000000005
1.0 0.1106679960119641 12.852857142857143 2.22 0.7800000000000005
1.0 0.10767696909272183 12.852857142857143 2.16 0.7900000000000005
1.0 0.10667996011964108 12.852857142857143 2.14 0.8000000000000005
1.0 0.10568295114656032 12.852857142857143 2.12 0.8100000000000005
1.0 0.09970089730807577 12.852857142857143 2.0 0.8200000000000005
1.0 0.09870388833499502 12.852857142857143 1.98 0.8300000000000005
1.0 0.09272183449651047 12.852857142857143 1.86 0.8400000000000005
1.0 0.08873379860418744 12.852857142857143 1.78 0.8500000000000005
1.0 0.0847457627118644 12.852857142857143 1.7 0.8600000000000005
1.0 0.08175473579262213 12.852857142857143 1.64 0.8700000000000006
1.0 0.07976071784646062 12.852857142857143 1.6 0.8800000000000006
1.0 0.07477567298105683 12.852857142857143 1.5 0.8900000000000006
1.0 0.07178464606181456 12.852857142857143 1.44 0.9000000000000006
1.0 0.06779661016949153 12.852857142857143 1.36 0.9100000000000006
1.0 0.06580259222333001 12.852857142857143 1.32 0.9200000000000006
1.0 0.05982053838484546 12.852857142857143 1.2 0.9300000000000006
1.0 0.053838484546360914 12.852857142857143 1.08 0.9400000000000006
1.0 0.047856430707876374 12.852857142857143 0.96 0.9500000000000006
0.999888851839502 0.04287138584247258 12.851428571428572 0.86 0.9600000000000006
0.9996665555185061 0.03788634097706879 12.848571428571429 0.76 0.9700000000000006
0.9996665555185061 0.03090727816550349 12.848571428571429 0.62 0.9800000000000006
0.9989996665555185 0.015952143569292122 12.84 0.32 0.9900000000000007
0.0 0.0 0.0 0.0
