0.0 0.29910269192422734 0.0 20.0 0.0
0.0 0.29910269192422734 0.0 20.0 0.01
0.0 0.28913260219341974 0.0 19.333333333333332 0.02
0.0 0.28215353938185445 0.0 18.866666666666667 0.03
0.0 0.27517447657028915 0.0 18.4 0.04
0.0 0.2731804586241276 0.0 18.266666666666666 0.05
0.0 0.2612163509471585 0.0 17.466666666666665 0.060000000000000005
0.0 0.2612163509471585 0.0 17.466666666666665 0.07
0.0 0.26021934197407776 0.0 17.4 0.08
0.0 0.25822532402791626 0.0 17.266666666666666 0.09
0.0 0.25623130608175476 0.0 17.133333333333333 0.09999999999999999
0.0 0.2502492522432702 0.0 16.733333333333334 0.10999999999999999
0.0 0.24825523429710866 0.0 16.6 0.11999999999999998
0.0 0.2452642073778664 0.0 16.4 0.12999999999999998
0.0 0.24127617148554337 0.0 16.133333333333333 0.13999999999999999
0.0 0.24127617148554337 0.0 16.133333333333333 0.15
0.0 0.23928215353938184 0.0 16.0 0.16
0.0 0.2382851445663011 0.0 15.933333333333334 0.17
0.0 0.23429710867397807 0.0 15.666666666666666 0.18000000000000002
0.0 0.2333000997008973 0.0 15.6 0.19000000000000003
0.0 0.23230309072781655 0.0 15.533333333333333 0.20000000000000004
0.0 0.23030907278165502 0.0 15.4 0.21000000000000005
0.0 0.22931206380857427 0.0 15.333333333333334 0.22000000000000006
0.0 0.22532402791625125 0.0 15.066666666666666 0.23000000000000007
0.0 0.22333000997008973 0.0 14.933333333333334 0.24000000000000007
0.0 0.21834496510468593 0.0 14.6 0.25000000000000006
0.0 0.21535393818544366 0.0 14.4 0.26000000000000006
0.0 0.21535393818544366 0.0 14.4 0.2700000000000001
0.0 0.21136590229312063 0.0 14.133333333333333 0.2800000000000001
0.0 0.20937188434695914 0.0 14.0 0.2900000000000001
0.0 0.20837487537387836 0.0 13.933333333333334 0.3000000000000001
0.0 0.20837487537387836 0.0 13.933333333333334 0.3100000000000001
0.0 0.2073778664007976 0.0 13.866666666666667 0.3200000000000001
0.0 0.20638085742771686 0.0 13.8 0.3300000000000001
0.0 0.20638085742771686 0.0 13.8 0.34000000000000014
0.0 0.20438683948155534 0.0 13.666666666666666 0.35000000000000014
0.0 0.2023928215353938 0.0 13.533333333333333 0.36000000000000015
0.0 0.20039880358923232 0.0 13.4 0.37000000000000016
0.0 0.19940179461615154 0.0 13.333333333333334 0.38000000000000017
0.0 0.19740777666999004 0.0 13.2 0.3900000000000002
0.0 0.19541375872382852 0.0 13.066666666666666 0.4000000000000002
0.0 0.193419740777667 0.0 12.933333333333334 0.4100000000000002
0.0 0.193419740777667 0.0 12.933333333333334 0.4200000000000002
0.0 0.19042871385842472 0.0 12.733333333333333 0.4300000000000002
0.0 0.19042871385842472 0.0 12.733333333333333 0.4400000000000002
0.0 0.18943170488534397 0.0 12.666666666666666 0.45000000000000023
0.0 0.18444666001994017 0.0 12.333333333333334 0.46000000000000024
0.0 0.18444666001994017 0.0 12.333333333333334 0.47000000000000025
0.0 0.18444666001994017 0.0 12.333333333333334 0.48000000000000026
0.0 0.18045862412761715 0.0 12.066666666666666 0.49000000000000027
0.0 0.1794616151545364 0.0 12.0 0.5000000000000002
0.0 0.17846460618145563 0.0 11.933333333333334 0.5100000000000002
0.0 0.17547357926221335 0.0 11.733333333333333 0.5200000000000002
0.0 0.17248255234297108 0.0 11.533333333333333 0.5300000000000002
0.0 0.1694915254237288 0.0 11.333333333333334 0.5400000000000003
0.0 0.16550348953140578 0.0 11.066666666666666 0.5500000000000003
0.0 0.15952143569292124 0.0 10.666666666666666 0.5600000000000003
0.0 0.1585244267198405 0.0 10.6 0.5700000000000003
0.0 0.15553339980059822 0.0 10.4 0.5800000000000003
0.0 0.1535393818544367 0.0 10.266666666666667 0.5900000000000003
0.0 0.1535393818544367 0.0 10.266666666666667 0.6000000000000003
0.0 0.15154536390827517 0.0 10.133333333333333 0.6100000000000003
0.0 0.14755732801595214 0.0 9.866666666666667 0.6200000000000003
0.0 0.14456630109670987 0.0 9.666666666666666 0.6300000000000003
0.0 0.14456630109670987 0.0 9.666666666666666 0.6400000000000003
0.0 0.14456630109670987 0.0 9.666666666666666 0.6500000000000004
0.0 0.14456630109670987 0.0 9.666666666666666 0.6600000000000004
0.0 0.14257228315054835 0.0 9.533333333333333 0.6700000000000004
0.0 0.14257228315054835 0.0 9.533333333333333 0.6800000000000004
0.0 0.1415752741774676 0.0 9.466666666666667 0.6900000000000004
0.0 0.13958125623130607 0.0 9.333333333333334 0.7000000000000004
0.0 0.1365902293120638 0.0 9.133333333333333 0.7100000000000004
0.0 0.13260219341974078 0.0 8.866666666666667 0.7200000000000004
0.0 0.13060817547357925 0.0 8.733333333333333 0.7300000000000004
0.0 0.12562313060817548 0.0 8.4 0.7400000000000004
0.0 0.12362911266201396 0.0 8.266666666666667 0.7500000000000004
0.0 0.1226321036889332 0.0 8.2 0.7600000000000005
0.0 0.12063808574277168 0.0 8.066666666666666 0.7700000000000005
0.0 0.11764705882352941 0.0 7.866666666666666 0.7800000000000005
0.0 0.11465603190428714 0.0 7.666666666666667 0.7900000000000005
0.0 0.1106679960119641 0.0 7.4 0.8000000000000005
0.0 0.10568295114656032 0.0 7.066666666666666 0.8100000000000005
0.0 0.1016949152542373 0.0 6.8 0.8200000000000005
0.0 0.10069790628115653 0.0 6.733333333333333 0.8300000000000005
0.0 0.0967098703888335 0.0 6.466666666666667 0.8400000000000005
0.0 0.0967098703888335 0.0 6.466666666666667 0.8500000000000005
0.0 0.09272183449651047 0.0 6.2 0.8600000000000005
0.0 0.09272183449651047 0.0 6.2 0.8700000000000006
0.0 0.08873379860418744 0.0 5.933333333333334 0.8800000000000006
0.0 0.08773678963110668 0.0 5.866666666666666 0.8900000000000006
0.0 0.08075772681954138 0.0 5.4 0.9000000000000006
0.0 0.07278165503489531 0.0 4.866666666666666 0.9100000000000006
0.0 0.06580259222333001 0.0 4.4 0.9200000000000006
0.0 0.06480558325024925 0.0 4.333333333333333 0.9300000000000006
0.0 0.05682951146560319 0.0 3.8 0.9400000000000006
0.0 0.0518444666001994 0.0 3.466666666666667 0.9500000000000006
0.0 0.040877367896311065 0.0 2.7333333333333334 0.9600000000000006
0.0 0.036889332003988036 0.0 2.466666666666667 0.9700000000000006
0.0 0.027916251246261216 0.0 1.8666666666666667 0.9800000000000006
0.0 0.01694915254237288 0.0 1.1333333333333333 0.9900000000000007
0.0 0.0 0.0 0.0
