1.0 1.0 44.985 Infinity 0.0
1.0 0.9900299102691924 44.985 Infinity 0.01
1.0 0.9800598205383848 44.985 Infinity 0.02
1.0 0.967098703888335 44.985 Infinity 0.03
1.0 0.9551345962113659 44.985 Infinity 0.04
1.0 0.9451645064805583 44.985 Infinity 0.05
1.0 0.9232303090727817 44.985 Infinity 0.060000000000000005
1.0 0.9232303090727817 44.985 Infinity 0.07
1.0 0.9122632103688934 44.985 Infinity 0.08
1.0 0.9102691924227319 44.985 Infinity 0.09
1.0 0.9022931206380858 44.985 Infinity 0.09999999999999999
1.0 0.8963110667996012 44.985 Infinity 0.10999999999999999
1.0 0.8903290129611167 44.985 Infinity 0.11999999999999998
1.0 0.8823529411764706 44.985 Infinity 0.12999999999999998
1.0 0.8753738783649053 44.985 Infinity 0.13999999999999999
1.0 0.8713858424725822 44.985 Infinity 0.15
1.0 0.8624127617148555 44.985 Infinity 0.16
1.0 0.8504486540378864 44.985 Infinity 0.17
1.0 0.8225324027916251 44.985 Infinity 0.18000000000000002
1.0 0.8095712861415753 44.985 Infinity 0.19000000000000003
1.0 0.8005982053838484 44.985 Infinity 0.20000000000000004
1.0 0.7866400797607178 44.985 Infinity 0.21000000000000005
1.0 0.7806580259222333 44.985 Infinity 0.22000000000000006
1.0 0.773678963110668 44.985 Infinity 0.23000000000000007
1.0 0.7647058823529411 44.985 Infinity 0.24000000000000007
1.0 0.7627118644067796 44.985 Infinity 0.25000000000000006
1.0 0.7517447657028913 44.985 Infinity 0.26000000000000006
1.0 0.7477567298105683 44.985 Infinity 0.2700000000000001
1.0 0.7437686939182453 44.985 Infinity 0.2800000000000001
1.0 0.7357926221335992 44.985 Infinity 0.2900000000000001
1.0 0.732801595214357 44.985 Infinity 0.3000000000000001
1.0 0.7288135593220338 44.985 Infinity 0.3100000000000001
1.0 0.7258225324027916 44.985 Infinity 0.3200000000000001
1.0 0.7218344965104686 44.985 Infinity 0.3300000000000001
1.0 0.7108673978065803 44.985 Infinity 0.34000000000000014
1.0 0.7048853439680958 44.985 Infinity 0.35000000000000014
1.0 0.6929212362911267 44.985 Infinity 0.36000000000000015
1.0 0.6879361914257228 44.985 Infinity 0.37000000000000016
1.0 0.6799601196410767 44.985 Infinity 0.38000000000000017
1.0 0.6660019940179461 44.985 Infinity 0.3900000000000002
1.0 0.654037886340977 44.985 Infinity 0.4000000000000002
1.0 0.6321036889332003 44.985 Infinity 0.4100000000000002
1.0 0.6141575274177468 44.985 Infinity 0.4200000000000002
1.0 0.5962113659022931 44.985 Infinity 0.4300000000000002
1.0 0.580259222333001 44.985 Infinity 0.4400000000000002
1.0 0.5672981056829511 44.985 Infinity 0.45000000000000023
1.0 0.5503489531405783 44.985 Infinity 0.46000000000000024
1.0 0.5284147557328016 44.985 Infinity 0.47000000000000025
1.0 0.5174476570289133 44.985 Infinity 0.48000000000000026
1.0 0.5054835493519442 44.985 Infinity 0.49000000000000027
1.0 0.4985044865403789 44.985 Infinity 0.5000000000000002
1.0 0.4945164506480558 44.985 Infinity 0.5100000000000002
1.0 0.49252243270189433 44.985 Infinity 0.5200000000000002
1.0 0.48753738783649053 44.985 Infinity 0.5300000000000002
1.0 0.48554336989032904 44.985 Infinity 0.5400000000000003
1.0 0.48554336989032904 44.985 Infinity 0.5500000000000003
1.0 0.48454636091724823 44.985 Infinity 0.5600000000000003
1.0 0.48255234297108673 44.985 Infinity 0.5700000000000003
1.0 0.481555333998006 44.985 Infinity 0.5800000000000003
1.0 0.4795613160518445 44.985 Infinity 0.5900000000000003
1.0 0.47756729810568294 44.985 Infinity 0.6000000000000003
1.0 0.4715852442671984 44.985 Infinity 0.6100000000000003
1.0 0.4646061814556331 44.985 Infinity 0.6200000000000003
1.0 0.4556331006979063 44.985 Infinity 0.6300000000000003
1.0 0.4456630109670987 44.985 Infinity 0.6400000000000003
1.0 0.43270189431704886 44.985 Infinity 0.6500000000000004
1.0 0.42273180458624127 44.985 Infinity 0.6600000000000004
1.0 0.4147557328015952 44.985 Infinity 0.6700000000000004
1.0 0.3988035892323031 44.985 Infinity 0.6800000000000004
1.0 0.3728813559322034 44.985 Infinity 0.6900000000000004
1.0 0.3559322033898305 44.985 Infinity 0.7000000000000004
1.0 0.33998005982053836 44.985 Infinity 0.7100000000000004
1.0 0.3050847457627119 44.985 Infinity 0.7200000000000004
1.0 0.2761714855433699 44.985 Infinity 0.7300000000000004
1.0 0.2572283150548355 44.985 Infinity 0.7400000000000004
1.0 0.2333000997008973 44.985 Infinity 0.7500000000000004
1.0 0.21635094715852443 44.985 Infinity 0.7600000000000005
1.0 0.2053838484546361 44.985 Infinity 0.7700000000000005
0.999888851839502 0.193419740777667 44.98 Infinity 0.7800000000000005
0.9997777036790041 0.18544366899302095 44.975 Infinity 0.7900000000000005
0.9995554073580082 0.18245264207377868 44.965 Infinity 0.8000000000000005
0.9993331110370124 0.17647058823529413 44.955 Infinity 0.8100000000000005
0.9987773702345226 0.17148554336989033 44.93 Infinity 0.8200000000000005
0.9975547404690452 0.16550348953140578 44.875 Infinity 0.8300000000000005
0.9946648882960987 0.15553339980059822 44.745 Infinity 0.8400000000000005
0.9915527398021563 0.14955134596211367 44.605 Infinity 0.8500000000000005
0.9849949983327776 0.13758723828514458 44.31 Infinity 0.8600000000000005
0.9754362565299545 0.11764705882352941 43.88 Infinity 0.8700000000000006
0.964432588640658 0.1036889332003988 43.385 Infinity 0.8800000000000006
0.9492052906524397 0.09072781655034895 42.7 Infinity 0.8900000000000006
0.9309769923307769 0.07178464606181456 41.88 Infinity 0.9000000000000006
0.9137490274535957 0.04386839481555334 41.105 Infinity 0.9100000000000006
0.8978548405023897 0.026919242273180457 40.39 Infinity 0.9200000000000006
0.8868511726130932 0.01694915254237288 39.895 Infinity 0.9300000000000006
0.8752917639213071 0.006979062811565304 39.375 Infinity 0.9400000000000006
0.8652884294764922 0.0029910269192422734 38.925 Infinity 0.9500000000000006
0.8549516505501834 0.0 38.46 NaN 0.9600000000000006
0.8390574635989775 0.0 37.745 NaN 0.9700000000000006
0.8034900522396354 0.0 36.145 NaN 0.9800000000000006
0.6983438924085806 0.0 31.415 NaN 0.9900000000000007
0.0 0.0 0.0 0.0
