1.0 1.0 12.852857142857143 28.65714285714286 0.0
1.0 0.6570289132602194 12.852857142857143 18.82857142857143 0.01
1.0 0.48454636091724823 12.852857142857143 13.885714285714286 0.02
1.0 0.43469591226321036 12.852857142857143 12.457142857142857 0.03
1.0 0.3848454636091725 12.852857142857143 11.028571428571428 0.04
1.0 0.3559322033898305 12.852857142857143 10.2 0.05
1.0 0.3200398803589232 12.852857142857143 9.17142857142857 0.060000000000000005
1.0 0.3200398803589232 12.852857142857143 9.17142857142857 0.07
1.0 0.3070787637088734 12.852857142857143 8.8 0.08
1.0 0.292123629112662 12.852857142857143 8.371428571428572 0.09
1.0 0.27916251246261214 12.852857142857143 8.0 0.09999999999999999
1.0 0.2662013958125623 12.852857142857143 7.628571428571429 0.10999999999999999
1.0 0.259222333000997 12.852857142857143 7.428571428571429 0.11999999999999998
1.0 0.2472582253240279 12.852857142857143 7.085714285714285 0.12999999999999998
1.0 0.24426719840478564 12.852857142857143 7.0 0.13999999999999999
1.0 0.2382851445663011 12.852857142857143 6.828571428571428 0.15
1.0 0.2313060817547358 12.852857142857143 6.628571428571429 0.16
1.0 0.22831505483549352 12.852857142857143 6.542857142857143 0.17
1.0 0.21734795613160518 12.852857142857143 6.228571428571429 0.18000000000000002
1.0 0.21036889332003988 12.852857142857143 6.0285714285714285 0.19000000000000003
1.0 0.2053838484546361 12.852857142857143 5.885714285714286 0.20000000000000004
1.0 0.19940179461615154 12.852857142857143 5.714285714285714 0.21000000000000005
1.0 0.19740777666999004 12.852857142857143 5.6571428571428575 0.22000000000000006
1.0 0.1914257228315055 12.852857142857143 5.485714285714286 0.23000000000000007
1.0 0.18943170488534397 12.852857142857143 5.428571428571429 0.24000000000000007
1.0 0.18743768693918245 12.852857142857143 5.371428571428571 0.25000000000000006
1.0 0.1864406779661017 12.852857142857143 5.3428571428571425 0.26000000000000006
1.0 0.18344965104685942 12.852857142857143 5.257142857142857 0.2700000000000001
1.0 0.18245264207377868 12.852857142857143 5.228571428571429 0.2800000000000001
1.0 0.1794616151545364 12.852857142857143 5.142857142857143 0.2900000000000001
1.0 0.17746759720837488 12.852857142857143 5.085714285714285 0.3000000000000001
1.0 0.17547357926221335 12.852857142857143 5.0285714285714285 0.3100000000000001
1.0 0.17347956131605186 12.852857142857143 4.9714285714285715 0.3200000000000001
1.0 0.1674975074775673 12.852857142857143 4.8 0.3300000000000001
1.0 0.16151545363908276 12.852857142857143 4.628571428571429 0.34000000000000014
1.0 0.16051844466600199 12.852857142857143 4.6 0.35000000000000014
1.0 0.1585244267198405 12.852857142857143 4.542857142857143 0.36000000000000015
1.0 0.1575274177467597 12.852857142857143 4.514285714285714 0.37000000000000016
1.0 0.15653040877367896 12.852857142857143 4.485714285714286 0.38000000000000017
1.0 0.15653040877367896 12.852857142857143 4.485714285714286 0.3900000000000002
1.0 0.15553339980059822 12.852857142857143 4.457142857142857 0.4000000000000002
1.0 0.1535393818544367 12.852857142857143 4.4 0.4100000000000002
1.0 0.15054835493519442 12.852857142857143 4.314285714285714 0.4200000000000002
1.0 0.14955134596211367 12.852857142857143 4.285714285714286 0.4300000000000002
1.0 0.14556331006979062 12.852857142857143 4.171428571428572 0.4400000000000002
1.0 0.14356929212362912 12.852857142857143 4.114285714285714 0.45000000000000023
1.0 0.14257228315054835 12.852857142857143 4.085714285714285 0.46000000000000024
1.0 0.14057826520438685 12.852857142857143 4.0285714285714285 0.47000000000000025
1.0 0.13858424725822532 12.852857142857143 3.9714285714285715 0.48000000000000026
1.0 0.1365902293120638 12.852857142857143 3.914285714285714 0.49000000000000027
1.0 0.13359920239282153 12.852857142857143 3.8285714285714287 0.5000000000000002
1.0 0.13260219341974078 12.852857142857143 3.8 0.5100000000000002
1.0 0.1296111665004985 12.852857142857143 3.7142857142857144 0.5200000000000002
1.0 0.12861415752741776 12.852857142857143 3.6857142857142855 0.5300000000000002
1.0 0.12462612163509472 12.852857142857143 3.5714285714285716 0.5400000000000003
1.0 0.12362911266201396 12.852857142857143 3.5428571428571427 0.5500000000000003
1.0 0.12163509471585245 12.852857142857143 3.4857142857142858 0.5600000000000003
1.0 0.12063808574277168 12.852857142857143 3.4571428571428573 0.5700000000000003
1.0 0.11964107676969092 12.852857142857143 3.4285714285714284 0.5800000000000003
1.0 0.11964107676969092 12.852857142857143 3.4285714285714284 0.5900000000000003
1.0 0.11665004985044865 12.852857142857143 3.342857142857143 0.6000000000000003
1.0 0.11665004985044865 12.852857142857143 3.342857142857143 0.6100000000000003
1.0 0.11365902293120637 12.852857142857143 3.257142857142857 0.6200000000000003
1.0 0.11266201395812563 12.852857142857143 3.2285714285714286 0.6300000000000003
1.0 0.10967098703888335 12.852857142857143 3.142857142857143 0.6400000000000003
1.0 0.10967098703888335 12.852857142857143 3.142857142857143 0.6500000000000004
1.0 0.10767696909272183 12.852857142857143 3.085714285714286 0.6600000000000004
1.0 0.10667996011964108 12.852857142857143 3.057142857142857 0.6700000000000004
1.0 0.1036889332003988 12.852857142857143 2.9714285714285715 0.6800000000000004
1.0 0.1016949152542373 12.852857142857143 2.914285714285714 0.6900000000000004
1.0 0.09970089730807577 12.852857142857143 2.857142857142857 0.7000000000000004
1.0 0.09571286141575275 12.852857142857143 2.742857142857143 0.7100000000000004
1.0 0.09172482552342971 12.852857142857143 2.6285714285714286 0.7200000000000004
1.0 0.0897308075772682 12.852857142857143 2.5714285714285716 0.7300000000000004
1.0 0.08773678963110668 12.852857142857143 2.5142857142857142 0.7400000000000004
1.0 0.08673978065802593 12.852857142857143 2.4857142857142858 0.7500000000000004
1.0 0.08574277168494517 12.852857142857143 2.4571428571428573 0.7600000000000005
1.0 0.0847457627118644 12.852857142857143 2.4285714285714284 0.7700000000000005
1.0 0.08275174476570289 12.852857142857143 2.3714285714285714 0.7800000000000005
1.0 0.07976071784646062 12.852857142857143 2.2857142857142856 0.7900000000000005
1.0 0.07477567298105683 12.852857142857143 2.142857142857143 0.8000000000000005
1.0 0.06979062811565304 12.852857142857143 2.0 0.8100000000000005
1.0 0.06879361914257229 12.852857142857143 1.9714285714285715 0.8200000000000005
1.0 0.06879361914257229 12.852857142857143 1.9714285714285715 0.8300000000000005
1.0 0.06779661016949153 12.852857142857143 1.9428571428571428 0.8400000000000005
1.0 0.06480558325024925 12.852857142857143 1.8571428571428572 0.8500000000000005
1.0 0.06480558325024925 12.852857142857143 1.8571428571428572 0.8600000000000005
1.0 0.06281156530408774 12.852857142857143 1.8 0.8700000000000006
1.0 0.05982053838484546 12.852857142857143 1.7142857142857142 0.8800000000000006
1.0 0.058823529411764705 12.852857142857143 1.6857142857142857 0.8900000000000006
1.0 0.05682951146560319 12.852857142857143 1.6285714285714286 0.9000000000000006
1.0 0.054835493519441676 12.852857142857143 1.5714285714285714 0.9100000000000006
1.0 0.05284147557328016 12.852857142857143 1.5142857142857142 0.9200000000000006
1.0 0.04885343968095713 12.852857142857143 1.4 0.9300000000000006
1.0 0.04287138584247258 12.852857142857143 1.2285714285714286 0.9400000000000006
0.999888851839502 0.03788634097706879 12.851428571428572 1.0857142857142856 0.9500000000000006
0.999888851839502 0.03389830508474576 12.851428571428572 0.9714285714285714 0.9600000000000006
0.999888851839502 0.031904287138584245 12.851428571428572 0.9142857142857143 0.9700000000000006
0.9996665555185061 0.01794616151545364 12.848571428571429 0.5142857142857142 0.9800000000000006
0.998110481271535 0.015952143569292122 12.82857142857143 0.45714285714285713 0.9900000000000007
0.0 0.0 0.0 0.0
