1.0 1.0 17.994 20.06 0.0
1.0 0.7308075772681955 17.994 14.66 0.01
1.0 0.555333998005982 17.994 11.14 0.02
1.0 0.4785643070787637 17.994 9.6 0.03
1.0 0.4217347956131605 17.994 8.46 0.04
1.0 0.3798604187437687 17.994 7.62 0.05
1.0 0.32602193419740777 17.994 6.54 0.060000000000000005
1.0 0.32602193419740777 17.994 6.54 0.07
1.0 0.3040877367896311 17.994 6.1 0.08
1.0 0.28215353938185445 17.994 5.66 0.09
1.0 0.26819541375872386 17.994 5.38 0.09999999999999999
1.0 0.25623130608175476 17.994 5.14 0.10999999999999999
1.0 0.24825523429710866 17.994 4.98 0.11999999999999998
1.0 0.24426719840478564 17.994 4.9 0.12999999999999998
1.0 0.2313060817547358 17.994 4.64 0.13999999999999999
1.0 0.2213359920239282 17.994 4.44 0.15
1.0 0.20937188434695914 17.994 4.2 0.16
1.0 0.19441674975074777 17.994 3.9 0.17
1.0 0.16450648055832504 17.994 3.3 0.18000000000000002
1.0 0.15653040877367896 17.994 3.14 0.19000000000000003
1.0 0.1465603190428714 17.994 2.94 0.20000000000000004
1.0 0.13858424725822532 17.994 2.78 0.21000000000000005
1.0 0.13260219341974078 17.994 2.66 0.22000000000000006
1.0 0.13160518444666003 17.994 2.64 0.23000000000000007
1.0 0.13060817547357925 17.994 2.62 0.24000000000000007
1.0 0.12761714855433698 17.994 2.56 0.25000000000000006
1.0 0.12462612163509472 17.994 2.5 0.26000000000000006
1.0 0.12362911266201396 17.994 2.48 0.2700000000000001
1.0 0.12362911266201396 17.994 2.48 0.2800000000000001
1.0 0.11864406779661017 17.994 2.38 0.2900000000000001
1.0 0.11465603190428714 17.994 2.3 0.3000000000000001
1.0 0.10867397806580259 17.994 2.18 0.3100000000000001
1.0 0.10568295114656032 17.994 2.12 0.3200000000000001
1.0 0.1036889332003988 17.994 2.08 0.3300000000000001
0.999888851839502 0.1016949152542373 17.992 2.04 0.34000000000000014
0.999888851839502 0.09770687936191426 17.992 1.96 0.35000000000000014
0.999888851839502 0.09272183449651047 17.992 1.86 0.36000000000000015
0.999888851839502 0.08673978065802593 17.992 1.74 0.37000000000000016
0.999888851839502 0.07976071784646062 17.992 1.6 0.38000000000000017
0.999888851839502 0.07776669990029911 17.992 1.56 0.3900000000000002
0.999888851839502 0.07278165503489531 17.992 1.46 0.4000000000000002
0.999888851839502 0.07178464606181456 17.992 1.44 0.4100000000000002
0.999888851839502 0.06580259222333001 17.992 1.32 0.4200000000000002
0.999888851839502 0.05782652043868395 17.992 1.16 0.4300000000000002
0.999888851839502 0.054835493519441676 17.992 1.1 0.4400000000000002
0.999888851839502 0.05084745762711865 17.992 1.02 0.45000000000000023
0.999888851839502 0.045862412761714856 17.992 0.92 0.46000000000000024
0.999888851839502 0.04287138584247258 17.992 0.86 0.47000000000000025
0.999888851839502 0.03788634097706879 17.992 0.76 0.48000000000000026
0.999888851839502 0.03589232303090728 17.992 0.72 0.49000000000000027
0.999888851839502 0.03589232303090728 17.992 0.72 0.5000000000000002
0.999888851839502 0.03389830508474576 17.992 0.68 0.5100000000000002
0.999888851839502 0.03290129611166501 17.992 0.66 0.5200000000000002
0.999888851839502 0.03090727816550349 17.992 0.62 0.5300000000000002
0.999888851839502 0.03090727816550349 17.992 0.62 0.5400000000000003
0.999888851839502 0.02991026919242273 17.992 0.6 0.5500000000000003
0.999888851839502 0.02991026919242273 17.992 0.6 0.5600000000000003
0.999888851839502 0.028913260219341975 17.992 0.58 0.5700000000000003
0.999888851839502 0.028913260219341975 17.992 0.58 0.5800000000000003
0.999888851839502 0.027916251246261216 17.992 0.56 0.5900000000000003
0.999888851839502 0.027916251246261216 17.992 0.56 0.6000000000000003
0.999888851839502 0.027916251246261216 17.992 0.56 0.6100000000000003
0.999888851839502 0.026919242273180457 17.992 0.54 0.6200000000000003
0.999888851839502 0.024925224327018942 17.992 0.5 0.6300000000000003
0.999888851839502 0.024925224327018942 17.992 0.5 0.6400000000000003
0.999888851839502 0.023928215353938187 17.992 0.48 0.6500000000000004
0.999888851839502 0.02193419740777667 17.992 0.44 0.6600000000000004
0.999888851839502 0.02193419740777667 17.992 0.44 0.6700000000000004
0.999888851839502 0.020937188434695914 17.992 0.42 0.6800000000000004
0.999888851839502 0.020937188434695914 17.992 0.42 0.6900000000000004
0.999888851839502 0.020937188434695914 17.992 0.42 0.7000000000000004
0.999888851839502 0.019940179461615155 17.992 0.4 0.7100000000000004
0.999888851839502 0.01694915254237288 17.992 0.34 0.7200000000000004
0.999888851839502 0.01296111665004985 17.992 0.26 0.7300000000000004
0.999888851839502 0.011964107676969093 17.992 0.24 0.7400000000000004
0.9997777036790041 0.011964107676969093 17.99 0.24 0.7500000000000004
0.9997777036790041 0.009970089730807577 17.99 0.2 0.7600000000000005
0.9996665555185061 0.006979062811565304 17.988 0.14 0.7700000000000005
0.9995554073580082 0.006979062811565304 17.986 0.14 0.7800000000000005
0.9995554073580082 0.006979062811565304 17.986 0.14 0.7900000000000005
0.9995554073580082 0.006979062811565304 17.986 0.14 0.8000000000000005
0.9994442591975102 0.006979062811565304 17.984 0.14 0.8100000000000005
0.9993331110370124 0.005982053838484547 17.982 0.12 0.8200000000000005
0.9993331110370124 0.004985044865403789 17.982 0.1 0.8300000000000005
0.9992219628765144 0.003988035892323031 17.98 0.08 0.8400000000000005
0.9991108147160165 0.003988035892323031 17.978 0.08 0.8500000000000005
0.9987773702345226 0.003988035892323031 17.972 0.08 0.8600000000000005
0.9985550739135267 0.0029910269192422734 17.968 0.06 0.8700000000000006
0.9977770367900411 0.0019940179461615153 17.954 0.04 0.8800000000000006
0.9972212959875514 9.970089730807576E-4 17.944 0.02 0.8900000000000006
0.9968878515060575 9.970089730807576E-4 17.938 0.02 0.9000000000000006
0.9964432588640658 9.970089730807576E-4 17.93 0.02 0.9100000000000006
0.995887518061576 9.970089730807576E-4 17.92 0.02 0.9200000000000006
0.9957763699010781 9.970089730807576E-4 17.918 0.02 0.9300000000000006
0.9955540735800823 9.970089730807576E-4 17.914 0.02 0.9400000000000006
0.9949983327775925 9.970089730807576E-4 17.904 0.02 0.9500000000000006
0.9945537401356007 0.0 17.896 0.0 0.9600000000000006
0.9934422585306213 0.0 17.876 0.0 0.9700000000000006
0.9908858508391686 0.0 17.83 0.0 0.9800000000000006
0.980326775591864 0.0 17.64 0.0 0.9900000000000007
0.0 0.0 0.0 0.0
