1.0 1.0 12.852857142857143 33.43333333333333 0.0
1.0 0.5722831505483549 12.852857142857143 19.133333333333333 0.01
1.0 0.4137587238285145 12.852857142857143 13.833333333333334 0.02
1.0 0.34496510468594216 12.852857142857143 11.533333333333333 0.03
1.0 0.30109670987038883 12.852857142857143 10.066666666666666 0.04
1.0 0.26819541375872386 12.852857142857143 8.966666666666667 0.05
1.0 0.2123629112662014 12.852857142857143 7.1 0.060000000000000005
1.0 0.2123629112662014 12.852857142857143 7.1 0.07
1.0 0.1984047856430708 12.852857142857143 6.633333333333334 0.08
1.0 0.18344965104685942 12.852857142857143 6.133333333333334 0.09
1.0 0.16650049850448653 12.852857142857143 5.566666666666666 0.09999999999999999
1.0 0.1585244267198405 12.852857142857143 5.3 0.10999999999999999
1.0 0.15154536390827517 12.852857142857143 5.066666666666666 0.11999999999999998
1.0 0.14556331006979062 12.852857142857143 4.866666666666666 0.12999999999999998
1.0 0.14057826520438685 12.852857142857143 4.7 0.13999999999999999
1.0 0.13359920239282153 12.852857142857143 4.466666666666667 0.15
1.0 0.12063808574277168 12.852857142857143 4.033333333333333 0.16
1.0 0.1156530408773679 12.852857142857143 3.8666666666666667 0.17
1.0 0.09770687936191426 12.852857142857143 3.2666666666666666 0.18000000000000002
1.0 0.08773678963110668 12.852857142857143 2.933333333333333 0.19000000000000003
1.0 0.08175473579262213 12.852857142857143 2.7333333333333334 0.20000000000000004
1.0 0.08075772681954138 12.852857142857143 2.7 0.21000000000000005
1.0 0.07876370887337986 12.852857142857143 2.6333333333333333 0.22000000000000006
1.0 0.07377866400797607 12.852857142857143 2.466666666666667 0.23000000000000007
1.0 0.0707876370887338 12.852857142857143 2.3666666666666667 0.24000000000000007
1.0 0.06979062811565304 12.852857142857143 2.3333333333333335 0.25000000000000006
1.0 0.06779661016949153 12.852857142857143 2.2666666666666666 0.26000000000000006
1.0 0.06181455633100698 12.852857142857143 2.066666666666667 0.2700000000000001
1.0 0.05982053838484546 12.852857142857143 2.0 0.2800000000000001
1.0 0.05782652043868395 12.852857142857143 1.9333333333333333 0.2900000000000001
1.0 0.0518444666001994 12.852857142857143 1.7333333333333334 0.3000000000000001
1.0 0.049850448654037885 12.852857142857143 1.6666666666666667 0.3100000000000001
1.0 0.04685942173479561 12.852857142857143 1.5666666666666667 0.3200000000000001
1.0 0.045862412761714856 12.852857142857143 1.5333333333333334 0.3300000000000001
1.0 0.0448654037886341 12.852857142857143 1.5 0.34000000000000014
1.0 0.038883349950149554 12.852857142857143 1.3 0.35000000000000014
1.0 0.03788634097706879 12.852857142857143 1.2666666666666666 0.36000000000000015
1.0 0.03589232303090728 12.852857142857143 1.2 0.37000000000000016
1.0 0.031904287138584245 12.852857142857143 1.0666666666666667 0.38000000000000017
1.0 0.028913260219341975 12.852857142857143 0.9666666666666667 0.3900000000000002
1.0 0.0259222333000997 12.852857142857143 0.8666666666666667 0.4000000000000002
1.0 0.023928215353938187 12.852857142857143 0.8 0.4100000000000002
1.0 0.018943170488534396 12.852857142857143 0.6333333333333333 0.4200000000000002
1.0 0.01694915254237288 12.852857142857143 0.5666666666666667 0.4300000000000002
1.0 0.015952143569292122 12.852857142857143 0.5333333333333333 0.4400000000000002
1.0 0.014955134596211365 12.852857142857143 0.5 0.45000000000000023
1.0 0.014955134596211365 12.852857142857143 0.5 0.46000000000000024
1.0 0.014955134596211365 12.852857142857143 0.5 0.47000000000000025
1.0 0.014955134596211365 12.852857142857143 0.5 0.48000000000000026
1.0 0.013958125623130608 12.852857142857143 0.4666666666666667 0.49000000000000027
1.0 0.013958125623130608 12.852857142857143 0.4666666666666667 0.5000000000000002
1.0 0.013958125623130608 12.852857142857143 0.4666666666666667 0.5100000000000002
1.0 0.011964107676969093 12.852857142857143 0.4 0.5200000000000002
1.0 0.010967098703888335 12.852857142857143 0.36666666666666664 0.5300000000000002
1.0 0.010967098703888335 12.852857142857143 0.36666666666666664 0.5400000000000003
1.0 0.009970089730807577 12.852857142857143 0.3333333333333333 0.5500000000000003
1.0 0.009970089730807577 12.852857142857143 0.3333333333333333 0.5600000000000003
1.0 0.00897308075772682 12.852857142857143 0.3 0.5700000000000003
1.0 0.00897308075772682 12.852857142857143 0.3 0.5800000000000003
1.0 0.00897308075772682 12.852857142857143 0.3 0.5900000000000003
1.0 0.00897308075772682 12.852857142857143 0.3 0.6000000000000003
1.0 0.007976071784646061 12.852857142857143 0.26666666666666666 0.6100000000000003
1.0 0.007976071784646061 12.852857142857143 0.26666666666666666 0.6200000000000003
1.0 0.007976071784646061 12.852857142857143 0.26666666666666666 0.6300000000000003
1.0 0.007976071784646061 12.852857142857143 0.26666666666666666 0.6400000000000003
1.0 0.007976071784646061 12.852857142857143 0.26666666666666666 0.6500000000000004
1.0 0.007976071784646061 12.852857142857143 0.26666666666666666 0.6600000000000004
1.0 0.007976071784646061 12.852857142857143 0.26666666666666666 0.6700000000000004
1.0 0.007976071784646061 12.852857142857143 0.26666666666666666 0.6800000000000004
1.0 0.005982053838484547 12.852857142857143 0.2 0.6900000000000004
1.0 0.003988035892323031 12.852857142857143 0.13333333333333333 0.7000000000000004
1.0 0.0029910269192422734 12.852857142857143 0.1 0.7100000000000004
1.0 0.0029910269192422734 12.852857142857143 0.1 0.7200000000000004
1.0 0.0019940179461615153 12.852857142857143 0.06666666666666667 0.7300000000000004
1.0 0.0019940179461615153 12.852857142857143 0.06666666666666667 0.7400000000000004
1.0 0.0019940179461615153 12.852857142857143 0.06666666666666667 0.7500000000000004
1.0 0.0019940179461615153 12.852857142857143 0.06666666666666667 0.7600000000000005
1.0 0.0019940179461615153 12.852857142857143 0.06666666666666667 0.7700000000000005
1.0 0.0019940179461615153 12.852857142857143 0.06666666666666667 0.7800000000000005
1.0 0.0019940179461615153 12.852857142857143 0.06666666666666667 0.7900000000000005
1.0 0.0019940179461615153 12.852857142857143 0.06666666666666667 0.8000000000000005
1.0 0.0019940179461615153 12.852857142857143 0.06666666666666667 0.8100000000000005
1.0 0.0019940179461615153 12.852857142857143 0.06666666666666667 0.8200000000000005
1.0 0.0019940179461615153 12.852857142857143 0.06666666666666667 0.8300000000000005
1.0 0.0019940179461615153 12.852857142857143 0.06666666666666667 0.8400000000000005
0.999888851839502 9.970089730807576E-4 12.851428571428572 0.03333333333333333 0.8500000000000005
0.999888851839502 9.970089730807576E-4 12.851428571428572 0.03333333333333333 0.8600000000000005
0.9997777036790041 9.970089730807576E-4 12.85 0.03333333333333333 0.8700000000000006
0.9996665555185061 0.0 12.848571428571429 0.0 0.8800000000000006
0.9996665555185061 0.0 12.848571428571429 0.0 0.8900000000000006
0.9995554073580082 0.0 12.847142857142858 0.0 0.9000000000000006
0.9995554073580082 0.0 12.847142857142858 0.0 0.9100000000000006
0.9993331110370124 0.0 12.844285714285714 0.0 0.9200000000000006
0.9992219628765144 0.0 12.842857142857143 0.0 0.9300000000000006
0.9991108147160165 0.0 12.84142857142857 0.0 0.9400000000000006
0.9986662220740247 0.0 12.835714285714285 0.0 0.9500000000000006
0.998110481271535 0.0 12.82857142857143 0.0 0.9600000000000006
0.9973324441480493 0.0 12.81857142857143 0.0 0.9700000000000006
0.995887518061576 0.0 12.8 0.0 0.9800000000000006
0.9926642214071357 0.0 12.758571428571429 0.0 0.9900000000000007
0.0 0.0 0.0 0.0
