1.0 1.0 29.99 28.65714285714286 0.0
1.0 0.9531405782652044 29.99 27.314285714285713 0.01
1.0 0.9002991026919243 29.99 25.8 0.02
1.0 0.8624127617148555 29.99 24.714285714285715 0.03
1.0 0.8325024925224327 29.99 23.857142857142858 0.04
1.0 0.8015952143569293 29.99 22.97142857142857 0.05
1.0 0.7517447657028913 29.99 21.542857142857144 0.060000000000000005
1.0 0.7517447657028913 29.99 21.542857142857144 0.07
1.0 0.7288135593220338 29.99 20.885714285714286 0.08
1.0 0.711864406779661 29.99 20.4 0.09
1.0 0.6969092721834497 29.99 19.97142857142857 0.09999999999999999
0.999888851839502 0.6779661016949152 29.986666666666668 19.428571428571427 0.10999999999999999
0.999888851839502 0.6660019940179461 29.986666666666668 19.085714285714285 0.11999999999999998
0.999888851839502 0.6530408773678963 29.986666666666668 18.714285714285715 0.12999999999999998
0.999888851839502 0.6390827517447657 29.986666666666668 18.314285714285713 0.13999999999999999
0.999888851839502 0.6271186440677966 29.986666666666668 17.97142857142857 0.15
0.999888851839502 0.6161515453639083 29.986666666666668 17.65714285714286 0.16
0.999888851839502 0.5972083748753739 29.986666666666668 17.114285714285714 0.17
0.9997777036790041 0.5523429710867398 29.983333333333334 15.82857142857143 0.18000000000000002
0.9996665555185061 0.53938185443669 29.98 15.457142857142857 0.19000000000000003
0.9996665555185061 0.5234297108673978 29.98 15.0 0.20000000000000004
0.9996665555185061 0.5094715852442672 29.98 14.6 0.21000000000000005
0.9996665555185061 0.5024925224327019 29.98 14.4 0.22000000000000006
0.9996665555185061 0.4935194416749751 29.98 14.142857142857142 0.23000000000000007
0.9996665555185061 0.48953140578265203 29.98 14.028571428571428 0.24000000000000007
0.9996665555185061 0.4835493519441675 29.98 13.857142857142858 0.25000000000000006
0.9996665555185061 0.47557328015952144 29.98 13.628571428571428 0.26000000000000006
0.9996665555185061 0.46859421734795614 29.98 13.428571428571429 0.2700000000000001
0.9996665555185061 0.4646061814556331 29.98 13.314285714285715 0.2800000000000001
0.9996665555185061 0.45663010967098705 29.98 13.085714285714285 0.2900000000000001
0.9996665555185061 0.45164506480558325 29.98 12.942857142857143 0.3000000000000001
0.9996665555185061 0.4456630109670987 29.98 12.771428571428572 0.3100000000000001
0.9996665555185061 0.43968095712861416 29.98 12.6 0.3200000000000001
0.9996665555185061 0.43270189431704886 29.98 12.4 0.3300000000000001
0.9996665555185061 0.4247258225324028 29.98 12.17142857142857 0.34000000000000014
0.9996665555185061 0.41575274177467597 29.98 11.914285714285715 0.35000000000000014
0.9996665555185061 0.40279162512462613 29.98 11.542857142857143 0.36000000000000015
0.9996665555185061 0.3918245264207378 29.98 11.228571428571428 0.37000000000000016
0.9996665555185061 0.3798604187437687 29.98 10.885714285714286 0.38000000000000017
0.9996665555185061 0.3698903290129611 29.98 10.6 0.3900000000000002
0.9996665555185061 0.353938185443669 29.98 10.142857142857142 0.4000000000000002
0.9996665555185061 0.34496510468594216 29.98 9.885714285714286 0.4100000000000002
0.9996665555185061 0.33300099700897307 29.98 9.542857142857143 0.4200000000000002
0.9996665555185061 0.3220338983050847 29.98 9.228571428571428 0.4300000000000002
0.9996665555185061 0.3100697906281156 29.98 8.885714285714286 0.4400000000000002
0.9996665555185061 0.3050847457627119 29.98 8.742857142857142 0.45000000000000023
0.9996665555185061 0.2951146560319043 29.98 8.457142857142857 0.46000000000000024
0.9996665555185061 0.288135593220339 29.98 8.257142857142858 0.47000000000000025
0.9995554073580082 0.28015952143569295 29.976666666666667 8.028571428571428 0.48000000000000026
0.9995554073580082 0.26819541375872386 29.976666666666667 7.685714285714286 0.49000000000000027
0.9995554073580082 0.2642073778664008 29.976666666666667 7.571428571428571 0.5000000000000002
0.9995554073580082 0.26021934197407776 29.976666666666667 7.457142857142857 0.5100000000000002
0.9995554073580082 0.259222333000997 29.976666666666667 7.428571428571429 0.5200000000000002
0.9995554073580082 0.25523429710867396 29.976666666666667 7.314285714285714 0.5300000000000002
0.9995554073580082 0.25124626121635096 29.976666666666667 7.2 0.5400000000000003
0.9995554073580082 0.2432701894317049 29.976666666666667 6.9714285714285715 0.5500000000000003
0.9995554073580082 0.24127617148554337 29.976666666666667 6.914285714285715 0.5600000000000003
0.9995554073580082 0.2382851445663011 29.976666666666667 6.828571428571428 0.5700000000000003
0.9995554073580082 0.23030907278165502 29.976666666666667 6.6 0.5800000000000003
0.9995554073580082 0.22731804586241275 29.976666666666667 6.514285714285714 0.5900000000000003
0.9995554073580082 0.22532402791625125 29.976666666666667 6.457142857142857 0.6000000000000003
0.9994442591975102 0.2213359920239282 29.973333333333333 6.3428571428571425 0.6100000000000003
0.9994442591975102 0.22033898305084745 29.973333333333333 6.314285714285714 0.6200000000000003
0.9994442591975102 0.21635094715852443 29.973333333333333 6.2 0.6300000000000003
0.9994442591975102 0.2053838484546361 29.973333333333333 5.885714285714286 0.6400000000000003
0.9994442591975102 0.20039880358923232 29.973333333333333 5.742857142857143 0.6500000000000004
0.9994442591975102 0.18843469591226322 29.973333333333333 5.4 0.6600000000000004
0.9994442591975102 0.18344965104685942 29.973333333333333 5.257142857142857 0.6700000000000004
0.9994442591975102 0.17347956131605186 29.973333333333333 4.9714285714285715 0.6800000000000004
0.9994442591975102 0.1585244267198405 29.973333333333333 4.542857142857143 0.6900000000000004
0.9993331110370124 0.14556331006979062 29.97 4.171428571428572 0.7000000000000004
0.9993331110370124 0.13260219341974078 29.97 3.8 0.7100000000000004
0.9993331110370124 0.1226321036889332 29.97 3.5142857142857142 0.7200000000000004
0.9993331110370124 0.11465603190428714 29.97 3.2857142857142856 0.7300000000000004
0.9993331110370124 0.10269192422731804 29.97 2.942857142857143 0.7400000000000004
0.9993331110370124 0.09272183449651047 29.97 2.657142857142857 0.7500000000000004
0.9993331110370124 0.08175473579262213 29.97 2.342857142857143 0.7600000000000005
0.9993331110370124 0.07676969092721835 29.97 2.2 0.7700000000000005
0.9993331110370124 0.07178464606181456 29.97 2.057142857142857 0.7800000000000005
0.9993331110370124 0.06979062811565304 29.97 2.0 0.7900000000000005
0.9993331110370124 0.06679960119641076 29.97 1.9142857142857144 0.8000000000000005
0.9992219628765144 0.06181455633100698 29.966666666666665 1.7714285714285714 0.8100000000000005
0.9988885183950206 0.05982053838484546 29.956666666666667 1.7142857142857142 0.8200000000000005
0.9986662220740247 0.054835493519441676 29.95 1.5714285714285714 0.8300000000000005
0.998110481271535 0.05284147557328016 29.933333333333334 1.5142857142857142 0.8400000000000005
0.9974435923085473 0.049850448654037885 29.913333333333334 1.4285714285714286 0.8500000000000005
0.995887518061576 0.040877367896311065 29.866666666666667 1.1714285714285715 0.8600000000000005
0.9943314438146049 0.03489531405782652 29.82 1.0 0.8700000000000006
0.9905524063576748 0.028913260219341975 29.706666666666667 0.8285714285714286 0.8800000000000006
0.9886628876292097 0.024925224327018942 29.65 0.7142857142857143 0.8900000000000006
0.9859953317772591 0.018943170488534396 29.57 0.5428571428571428 0.9000000000000006
0.982105146159831 0.014955134596211365 29.453333333333333 0.42857142857142855 0.9100000000000006
0.9793264421473825 0.00897308075772682 29.37 0.2571428571428571 0.9200000000000006
0.9776592197399133 0.003988035892323031 29.32 0.11428571428571428 0.9300000000000006
0.9745470712459708 9.970089730807576E-4 29.226666666666667 0.02857142857142857 0.9400000000000006
0.970434589307547 0.0 29.10333333333333 0.0 0.9500000000000006
0.9646548849616539 0.0 28.93 0.0 0.9600000000000006
0.9554295876403246 0.0 28.653333333333332 0.0 0.9700000000000006
0.9410914749360898 0.0 28.223333333333333 0.0 0.9800000000000006
0.8956318772924308 0.0 26.86 0.0 0.9900000000000007
0.0 0.0 0.0 0.0
