0.0 0.6979062811565304 0.0 20.0 0.0
0.0 0.576271186440678 0.0 16.514285714285716 0.01
0.0 0.48454636091724823 0.0 13.885714285714286 0.02
0.0 0.43668993020937186 0.0 12.514285714285714 0.03
0.0 0.4127617148554337 0.0 11.82857142857143 0.04
0.0 0.3968095712861416 0.0 11.371428571428572 0.05
0.0 0.3609172482552343 0.0 10.342857142857143 0.060000000000000005
0.0 0.3609172482552343 0.0 10.342857142857143 0.07
0.0 0.3509471585244267 0.0 10.057142857142857 0.08
0.0 0.3439680957128614 0.0 9.857142857142858 0.09
0.0 0.33300099700897307 0.0 9.542857142857143 0.09999999999999999
0.0 0.32103688933200397 0.0 9.2 0.10999999999999999
0.0 0.3150548354935194 0.0 9.028571428571428 0.11999999999999998
0.0 0.3040877367896311 0.0 8.714285714285714 0.12999999999999998
0.0 0.3020937188434696 0.0 8.657142857142857 0.13999999999999999
0.0 0.29611166500498504 0.0 8.485714285714286 0.15
0.0 0.2931206380857428 0.0 8.4 0.16
0.0 0.288135593220339 0.0 8.257142857142858 0.17
0.0 0.27916251246261214 0.0 8.0 0.18000000000000002
0.0 0.27517447657028915 0.0 7.885714285714286 0.19000000000000003
0.0 0.2731804586241276 0.0 7.828571428571428 0.20000000000000004
0.0 0.2662013958125623 0.0 7.628571428571429 0.21000000000000005
0.0 0.26520438683948155 0.0 7.6 0.22000000000000006
0.0 0.259222333000997 0.0 7.428571428571429 0.23000000000000007
0.0 0.25623130608175476 0.0 7.3428571428571425 0.24000000000000007
0.0 0.2522432701894317 0.0 7.228571428571429 0.25000000000000006
0.0 0.24925224327018944 0.0 7.142857142857143 0.26000000000000006
0.0 0.24626121635094717 0.0 7.057142857142857 0.2700000000000001
0.0 0.24426719840478564 0.0 7.0 0.2800000000000001
0.0 0.24027916251246262 0.0 6.885714285714286 0.2900000000000001
0.0 0.24027916251246262 0.0 6.885714285714286 0.3000000000000001
0.0 0.2333000997008973 0.0 6.685714285714286 0.3100000000000001
0.0 0.23030907278165502 0.0 6.6 0.3200000000000001
0.0 0.22831505483549352 0.0 6.542857142857143 0.3300000000000001
0.0 0.22731804586241275 0.0 6.514285714285714 0.34000000000000014
0.0 0.22033898305084745 0.0 6.314285714285714 0.35000000000000014
0.0 0.22033898305084745 0.0 6.314285714285714 0.36000000000000015
0.0 0.22033898305084745 0.0 6.314285714285714 0.37000000000000016
0.0 0.21535393818544366 0.0 6.171428571428572 0.38000000000000017
0.0 0.21335992023928216 0.0 6.114285714285714 0.3900000000000002
0.0 0.2123629112662014 0.0 6.085714285714285 0.4000000000000002
0.0 0.21136590229312063 0.0 6.057142857142857 0.4100000000000002
0.0 0.20937188434695914 0.0 6.0 0.4200000000000002
0.0 0.2033898305084746 0.0 5.828571428571428 0.4300000000000002
0.0 0.20139581256231306 0.0 5.771428571428571 0.4400000000000002
0.0 0.19441674975074777 0.0 5.571428571428571 0.45000000000000023
0.0 0.19242273180458624 0.0 5.514285714285714 0.46000000000000024
0.0 0.1914257228315055 0.0 5.485714285714286 0.47000000000000025
0.0 0.1914257228315055 0.0 5.485714285714286 0.48000000000000026
0.0 0.19042871385842472 0.0 5.457142857142857 0.49000000000000027
0.0 0.1864406779661017 0.0 5.3428571428571425 0.5000000000000002
0.0 0.18344965104685942 0.0 5.257142857142857 0.5100000000000002
0.0 0.18344965104685942 0.0 5.257142857142857 0.5200000000000002
0.0 0.17746759720837488 0.0 5.085714285714285 0.5300000000000002
0.0 0.17347956131605186 0.0 4.9714285714285715 0.5400000000000003
0.0 0.17347956131605186 0.0 4.9714285714285715 0.5500000000000003
0.0 0.17347956131605186 0.0 4.9714285714285715 0.5600000000000003
0.0 0.17248255234297108 0.0 4.942857142857143 0.5700000000000003
0.0 0.17248255234297108 0.0 4.942857142857143 0.5800000000000003
0.0 0.17248255234297108 0.0 4.942857142857143 0.5900000000000003
0.0 0.17248255234297108 0.0 4.942857142857143 0.6000000000000003
0.0 0.17048853439680958 0.0 4.885714285714286 0.6100000000000003
0.0 0.16849451645064806 0.0 4.828571428571428 0.6200000000000003
0.0 0.16650049850448653 0.0 4.771428571428571 0.6300000000000003
0.0 0.16650049850448653 0.0 4.771428571428571 0.6400000000000003
0.0 0.1625124626121635 0.0 4.6571428571428575 0.6500000000000004
0.0 0.15952143569292124 0.0 4.571428571428571 0.6600000000000004
0.0 0.15952143569292124 0.0 4.571428571428571 0.6700000000000004
0.0 0.15952143569292124 0.0 4.571428571428571 0.6800000000000004
0.0 0.15553339980059822 0.0 4.457142857142857 0.6900000000000004
0.0 0.15453639082751744 0.0 4.428571428571429 0.7000000000000004
0.0 0.15453639082751744 0.0 4.428571428571429 0.7100000000000004
0.0 0.15453639082751744 0.0 4.428571428571429 0.7200000000000004
0.0 0.15054835493519442 0.0 4.314285714285714 0.7300000000000004
0.0 0.14456630109670987 0.0 4.142857142857143 0.7400000000000004
0.0 0.13958125623130607 0.0 4.0 0.7500000000000004
0.0 0.13758723828514458 0.0 3.942857142857143 0.7600000000000005
0.0 0.1365902293120638 0.0 3.914285714285714 0.7700000000000005
0.0 0.13260219341974078 0.0 3.8 0.7800000000000005
0.0 0.13260219341974078 0.0 3.8 0.7900000000000005
0.0 0.13060817547357925 0.0 3.742857142857143 0.8000000000000005
0.0 0.12761714855433698 0.0 3.657142857142857 0.8100000000000005
0.0 0.12662013958125623 0.0 3.6285714285714286 0.8200000000000005
0.0 0.11864406779661017 0.0 3.4 0.8300000000000005
0.0 0.1156530408773679 0.0 3.3142857142857145 0.8400000000000005
0.0 0.1156530408773679 0.0 3.3142857142857145 0.8500000000000005
0.0 0.1156530408773679 0.0 3.3142857142857145 0.8600000000000005
0.0 0.11266201395812563 0.0 3.2285714285714286 0.8700000000000006
0.0 0.11266201395812563 0.0 3.2285714285714286 0.8800000000000006
0.0 0.10867397806580259 0.0 3.1142857142857143 0.8900000000000006
0.0 0.10568295114656032 0.0 3.0285714285714285 0.9000000000000006
0.0 0.09970089730807577 0.0 2.857142857142857 0.9100000000000006
0.0 0.0967098703888335 0.0 2.7714285714285714 0.9200000000000006
0.0 0.09272183449651047 0.0 2.657142857142857 0.9300000000000006
0.0 0.08673978065802593 0.0 2.4857142857142858 0.9400000000000006
0.0 0.08574277168494517 0.0 2.4571428571428573 0.9500000000000006
0.0 0.08574277168494517 0.0 2.4571428571428573 0.9600000000000006
0.0 0.08075772681954138 0.0 2.3142857142857145 0.9700000000000006
0.0 0.05982053838484546 0.0 1.7142857142857142 0.9800000000000006
0.0 0.047856430707876374 0.0 1.3714285714285714 0.9900000000000007
0.0 0.0 0.0 0.0
