0.0 0.6979062811565304 0.0 20.0 0.0
0.0 0.6360917248255235 0.0 18.228571428571428 0.01
0.0 0.5493519441674976 0.0 15.742857142857142 0.02
0.0 0.5204386839481555 0.0 14.914285714285715 0.03
0.0 0.49252243270189433 0.0 14.114285714285714 0.04
0.0 0.47058823529411764 0.0 13.485714285714286 0.05
0.0 0.44466600199401796 0.0 12.742857142857142 0.060000000000000005
0.0 0.44466600199401796 0.0 12.742857142857142 0.07
0.0 0.4336989032901296 0.0 12.428571428571429 0.08
0.0 0.42073778664007977 0.0 12.057142857142857 0.09
0.0 0.4067796610169492 0.0 11.657142857142857 0.09999999999999999
0.0 0.3988035892323031 0.0 11.428571428571429 0.10999999999999999
0.0 0.3938185443668993 0.0 11.285714285714286 0.11999999999999998
0.0 0.386839481555334 0.0 11.085714285714285 0.12999999999999998
0.0 0.3848454636091725 0.0 11.028571428571428 0.13999999999999999
0.0 0.38085742771684944 0.0 10.914285714285715 0.15
0.0 0.37188434695912265 0.0 10.657142857142857 0.16
0.0 0.3698903290129611 0.0 10.6 0.17
0.0 0.35992023928215355 0.0 10.314285714285715 0.18000000000000002
0.0 0.35493519441674976 0.0 10.17142857142857 0.19000000000000003
0.0 0.34795613160518446 0.0 9.971428571428572 0.20000000000000004
0.0 0.34097706879361916 0.0 9.771428571428572 0.21000000000000005
0.0 0.3389830508474576 0.0 9.714285714285714 0.22000000000000006
0.0 0.33300099700897307 0.0 9.542857142857143 0.23000000000000007
0.0 0.32801595214356927 0.0 9.4 0.24000000000000007
0.0 0.325024925224327 0.0 9.314285714285715 0.25000000000000006
0.0 0.3240279162512463 0.0 9.285714285714286 0.26000000000000006
0.0 0.3190428713858425 0.0 9.142857142857142 0.2700000000000001
0.0 0.317048853439681 0.0 9.085714285714285 0.2800000000000001
0.0 0.3140578265204387 0.0 9.0 0.2900000000000001
0.0 0.31106679960119643 0.0 8.914285714285715 0.3000000000000001
0.0 0.31106679960119643 0.0 8.914285714285715 0.3100000000000001
0.0 0.3090727816550349 0.0 8.857142857142858 0.3200000000000001
0.0 0.30309072781655033 0.0 8.685714285714285 0.3300000000000001
0.0 0.3020937188434696 0.0 8.657142857142857 0.34000000000000014
0.0 0.3000997008973081 0.0 8.6 0.35000000000000014
0.0 0.29810568295114653 0.0 8.542857142857143 0.36000000000000015
0.0 0.29810568295114653 0.0 8.542857142857143 0.37000000000000016
0.0 0.2971086739780658 0.0 8.514285714285714 0.38000000000000017
0.0 0.2971086739780658 0.0 8.514285714285714 0.3900000000000002
0.0 0.2971086739780658 0.0 8.514285714285714 0.4000000000000002
0.0 0.29411764705882354 0.0 8.428571428571429 0.4100000000000002
0.0 0.29112662013958124 0.0 8.342857142857143 0.4200000000000002
0.0 0.2901296111665005 0.0 8.314285714285715 0.4300000000000002
0.0 0.2851445663010967 0.0 8.17142857142857 0.4400000000000002
0.0 0.2831505483549352 0.0 8.114285714285714 0.45000000000000023
0.0 0.2811565304087737 0.0 8.057142857142857 0.46000000000000024
0.0 0.2781655034895314 0.0 7.9714285714285715 0.47000000000000025
0.0 0.2761714855433699 0.0 7.914285714285715 0.48000000000000026
0.0 0.2741774675972084 0.0 7.857142857142857 0.49000000000000027
0.0 0.2691924227318046 0.0 7.714285714285714 0.5000000000000002
0.0 0.26819541375872386 0.0 7.685714285714286 0.5100000000000002
0.0 0.2642073778664008 0.0 7.571428571428571 0.5200000000000002
0.0 0.26321036889332006 0.0 7.542857142857143 0.5300000000000002
0.0 0.25822532402791626 0.0 7.4 0.5400000000000003
0.0 0.2572283150548355 0.0 7.371428571428571 0.5500000000000003
0.0 0.2542372881355932 0.0 7.285714285714286 0.5600000000000003
0.0 0.25124626121635096 0.0 7.2 0.5700000000000003
0.0 0.2502492522432702 0.0 7.171428571428572 0.5800000000000003
0.0 0.2502492522432702 0.0 7.171428571428572 0.5900000000000003
0.0 0.2452642073778664 0.0 7.0285714285714285 0.6000000000000003
0.0 0.2452642073778664 0.0 7.0285714285714285 0.6100000000000003
0.0 0.24127617148554337 0.0 6.914285714285715 0.6200000000000003
0.0 0.23928215353938184 0.0 6.857142857142857 0.6300000000000003
0.0 0.2333000997008973 0.0 6.685714285714286 0.6400000000000003
0.0 0.2333000997008973 0.0 6.685714285714286 0.6500000000000004
0.0 0.2313060817547358 0.0 6.628571428571429 0.6600000000000004
0.0 0.22931206380857427 0.0 6.571428571428571 0.6700000000000004
0.0 0.226321036889332 0.0 6.485714285714286 0.6800000000000004
0.0 0.22432701894317048 0.0 6.428571428571429 0.6900000000000004
0.0 0.22233300099700898 0.0 6.371428571428571 0.7000000000000004
0.0 0.2193419740777667 0.0 6.285714285714286 0.7100000000000004
0.0 0.2143569292123629 0.0 6.142857142857143 0.7200000000000004
0.0 0.2123629112662014 0.0 6.085714285714285 0.7300000000000004
0.0 0.2073778664007976 0.0 5.942857142857143 0.7400000000000004
0.0 0.20438683948155534 0.0 5.857142857142857 0.7500000000000004
0.0 0.2023928215353938 0.0 5.8 0.7600000000000005
0.0 0.20039880358923232 0.0 5.742857142857143 0.7700000000000005
0.0 0.19641076769690927 0.0 5.628571428571429 0.7800000000000005
0.0 0.19042871385842472 0.0 5.457142857142857 0.7900000000000005
0.0 0.1814556331006979 0.0 5.2 0.8000000000000005
0.0 0.1744765702891326 0.0 5.0 0.8100000000000005
0.0 0.17248255234297108 0.0 4.942857142857143 0.8200000000000005
0.0 0.17248255234297108 0.0 4.942857142857143 0.8300000000000005
0.0 0.17048853439680958 0.0 4.885714285714286 0.8400000000000005
0.0 0.16450648055832504 0.0 4.714285714285714 0.8500000000000005
0.0 0.16450648055832504 0.0 4.714285714285714 0.8600000000000005
0.0 0.16051844466600199 0.0 4.6 0.8700000000000006
0.0 0.15653040877367896 0.0 4.485714285714286 0.8800000000000006
0.0 0.15453639082751744 0.0 4.428571428571429 0.8900000000000006
0.0 0.15154536390827517 0.0 4.3428571428571425 0.9000000000000006
0.0 0.14556331006979062 0.0 4.171428571428572 0.9100000000000006
0.0 0.14057826520438685 0.0 4.0285714285714285 0.9200000000000006
0.0 0.13160518444666003 0.0 3.7714285714285714 0.9300000000000006
0.0 0.11764705882352941 0.0 3.3714285714285714 0.9400000000000006
0.0 0.10269192422731804 0.0 2.942857142857143 0.9500000000000006
0.0 0.09272183449651047 0.0 2.657142857142857 0.9600000000000006
0.0 0.08773678963110668 0.0 2.5142857142857142 0.9700000000000006
0.0 0.054835493519441676 0.0 1.5714285714285714 0.9800000000000006
0.0 0.05084745762711865 0.0 1.457142857142857 0.9900000000000007
0.0 0.0 0.0 0.0
