1.0 1.0 44.985 33.43333333333333 0.0
1.0 0.9950149551345963 44.985 33.266666666666666 0.01
1.0 0.9890329012961117 44.985 33.06666666666667 0.02
1.0 0.9830508474576272 44.985 32.86666666666667 0.03
1.0 0.9750747756729811 44.985 32.6 0.04
1.0 0.9661016949152542 44.985 32.3 0.05
1.0 0.9601196410767697 44.985 32.1 0.060000000000000005
1.0 0.9601196410767697 44.985 32.1 0.07
1.0 0.9531405782652044 44.985 31.866666666666667 0.08
1.0 0.9501495513459621 44.985 31.766666666666666 0.09
1.0 0.9471585244267199 44.985 31.666666666666668 0.09999999999999999
1.0 0.9441674975074775 44.985 31.566666666666666 0.10999999999999999
1.0 0.9371884346959123 44.985 31.333333333333332 0.11999999999999998
1.0 0.9242273180458624 44.985 30.9 0.12999999999999998
1.0 0.9192422731804586 44.985 30.733333333333334 0.13999999999999999
1.0 0.9122632103688934 44.985 30.5 0.15
1.0 0.8963110667996012 44.985 29.966666666666665 0.16
1.0 0.8833499501495513 44.985 29.533333333333335 0.17
1.0 0.8634097706879362 44.985 28.866666666666667 0.18000000000000002
1.0 0.8504486540378864 44.985 28.433333333333334 0.19000000000000003
1.0 0.8414755732801595 44.985 28.133333333333333 0.20000000000000004
1.0 0.8364905284147557 44.985 27.966666666666665 0.21000000000000005
1.0 0.8325024925224327 44.985 27.833333333333332 0.22000000000000006
1.0 0.8255234297108675 44.985 27.6 0.23000000000000007
1.0 0.8235294117647058 44.985 27.533333333333335 0.24000000000000007
1.0 0.8205383848454636 44.985 27.433333333333334 0.25000000000000006
1.0 0.8185443668993021 44.985 27.366666666666667 0.26000000000000006
1.0 0.8175473579262214 44.985 27.333333333333332 0.2700000000000001
1.0 0.8135593220338984 44.985 27.2 0.2800000000000001
1.0 0.8115653040877367 44.985 27.133333333333333 0.2900000000000001
1.0 0.810568295114656 44.985 27.1 0.3000000000000001
1.0 0.8085742771684945 44.985 27.033333333333335 0.3100000000000001
1.0 0.80259222333001 44.985 26.833333333333332 0.3200000000000001
1.0 0.7986041874376869 44.985 26.7 0.3300000000000001
1.0 0.7936191425722832 44.985 26.533333333333335 0.34000000000000014
1.0 0.7896311066799602 44.985 26.4 0.35000000000000014
1.0 0.7826520438683948 44.985 26.166666666666668 0.36000000000000015
1.0 0.7686939182452642 44.985 25.7 0.37000000000000016
1.0 0.7567298105682951 44.985 25.3 0.38000000000000017
1.0 0.7427716849451645 44.985 24.833333333333332 0.3900000000000002
1.0 0.7347956131605184 44.985 24.566666666666666 0.4000000000000002
1.0 0.711864406779661 44.985 23.8 0.4100000000000002
1.0 0.6959122632103689 44.985 23.266666666666666 0.4200000000000002
1.0 0.6759720837487537 44.985 22.6 0.4300000000000002
1.0 0.6610169491525424 44.985 22.1 0.4400000000000002
1.0 0.6520438683948155 44.985 21.8 0.45000000000000023
1.0 0.6370887337986042 44.985 21.3 0.46000000000000024
1.0 0.6261216350947159 44.985 20.933333333333334 0.47000000000000025
1.0 0.6151545363908275 44.985 20.566666666666666 0.48000000000000026
1.0 0.6061814556331007 44.985 20.266666666666666 0.49000000000000027
1.0 0.6011964107676969 44.985 20.1 0.5000000000000002
1.0 0.5932203389830508 44.985 19.833333333333332 0.5100000000000002
1.0 0.5922233300099701 44.985 19.8 0.5200000000000002
1.0 0.5882352941176471 44.985 19.666666666666668 0.5300000000000002
1.0 0.5852442671984048 44.985 19.566666666666666 0.5400000000000003
1.0 0.5822532402791625 44.985 19.466666666666665 0.5500000000000003
1.0 0.5822532402791625 44.985 19.466666666666665 0.5600000000000003
1.0 0.5792622133599202 44.985 19.366666666666667 0.5700000000000003
1.0 0.576271186440678 44.985 19.266666666666666 0.5800000000000003
1.0 0.5732801595214357 44.985 19.166666666666668 0.5900000000000003
1.0 0.5682951146560319 44.985 19.0 0.6000000000000003
1.0 0.5653040877367896 44.985 18.9 0.6100000000000003
1.0 0.5583250249252243 44.985 18.666666666666668 0.6200000000000003
1.0 0.5493519441674976 44.985 18.366666666666667 0.6300000000000003
1.0 0.543369890329013 44.985 18.166666666666668 0.6400000000000003
1.0 0.5333998005982054 44.985 17.833333333333332 0.6500000000000004
1.0 0.522432701894317 44.985 17.466666666666665 0.6600000000000004
1.0 0.5094715852442672 44.985 17.033333333333335 0.6700000000000004
1.0 0.4935194416749751 44.985 16.5 0.6800000000000004
1.0 0.47557328015952144 44.985 15.9 0.6900000000000004
1.0 0.4546360917248255 44.985 15.2 0.7000000000000004
1.0 0.43469591226321036 44.985 14.533333333333333 0.7100000000000004
1.0 0.4037886340977069 44.985 13.5 0.7200000000000004
1.0 0.3778664007976072 44.985 12.633333333333333 0.7300000000000004
1.0 0.3489531405782652 44.985 11.666666666666666 0.7400000000000004
1.0 0.32801595214356927 44.985 10.966666666666667 0.7500000000000004
1.0 0.3100697906281156 44.985 10.366666666666667 0.7600000000000005
1.0 0.29112662013958124 44.985 9.733333333333333 0.7700000000000005
1.0 0.2781655034895314 44.985 9.3 0.7800000000000005
1.0 0.27018943170488535 44.985 9.033333333333333 0.7900000000000005
0.9997777036790041 0.26021934197407776 44.975 8.7 0.8000000000000005
0.9995554073580082 0.2542372881355932 44.965 8.5 0.8100000000000005
0.9985550739135267 0.2452642073778664 44.92 8.2 0.8200000000000005
0.9971101478270534 0.23928215353938184 44.855 8.0 0.8300000000000005
0.9943314438146049 0.2313060817547358 44.73 7.733333333333333 0.8400000000000005
0.9908858508391686 0.21834496510468593 44.575 7.3 0.8500000000000005
0.9839946648882961 0.19740777666999004 44.265 6.6 0.8600000000000005
0.9757697010114482 0.17248255234297108 43.895 5.766666666666667 0.8700000000000006
0.9617650327887074 0.15254237288135594 43.265 5.1 0.8800000000000006
0.9432032899855507 0.13758723828514458 42.43 4.6 0.8900000000000006
0.9241969545404024 0.10667996011964108 41.575 3.566666666666667 0.9000000000000006
0.9028565077247972 0.08075772681954138 40.615 2.7 0.9100000000000006
0.88540624652662 0.05682951146560319 39.83 1.9 0.9200000000000006
0.8691786150939202 0.03589232303090728 39.1 1.2 0.9300000000000006
0.8542847615871957 0.026919242273180457 38.43 0.9 0.9400000000000006
0.840057797043459 0.022931206380857428 37.79 0.7666666666666667 0.9500000000000006
0.8274980549071913 0.01794616151545364 37.225 0.6 0.9600000000000006
0.80649105257308 0.01794616151545364 36.28 0.6 0.9700000000000006
0.7673669000778037 0.01794616151545364 34.52 0.6 0.9800000000000006
0.6569967767033456 0.01794616151545364 29.555 0.6 0.9900000000000007
0.0 0.0 0.0 0.0
