1.0 1.0 17.994 40.12 0.0
1.0 0.8614157527417746 17.994 34.56 0.01
1.0 0.7577268195413759 17.994 30.4 0.02
1.0 0.7108673978065803 17.994 28.52 0.03
1.0 0.6689930209371885 17.994 26.84 0.04
1.0 0.6360917248255235 17.994 25.52 0.05
1.0 0.5792622133599202 17.994 23.24 0.060000000000000005
1.0 0.5792622133599202 17.994 23.24 0.07
1.0 0.5623130608175474 17.994 22.56 0.08
1.0 0.5483549351944168 17.994 22.0 0.09
1.0 0.5294117647058824 17.994 21.24 0.09999999999999999
1.0 0.5124626121635095 17.994 20.56 0.10999999999999999
1.0 0.4945164506480558 17.994 19.84 0.11999999999999998
1.0 0.48255234297108673 17.994 19.36 0.12999999999999998
1.0 0.47756729810568294 17.994 19.16 0.13999999999999999
1.0 0.4675972083748754 17.994 18.76 0.15
1.0 0.4556331006979063 17.994 18.28 0.16
1.0 0.44466600199401796 17.994 17.84 0.17
1.0 0.42073778664007977 17.994 16.88 0.18000000000000002
1.0 0.4107676969092722 17.994 16.48 0.19000000000000003
1.0 0.4047856430707876 17.994 16.24 0.20000000000000004
1.0 0.39581256231306083 17.994 15.88 0.21000000000000005
1.0 0.3898305084745763 17.994 15.64 0.22000000000000006
1.0 0.38384845463609174 17.994 15.4 0.23000000000000007
1.0 0.3798604187437687 17.994 15.24 0.24000000000000007
1.0 0.3748753738783649 17.994 15.04 0.25000000000000006
1.0 0.3708873379860419 17.994 14.88 0.26000000000000006
1.0 0.36490528414755735 17.994 14.64 0.2700000000000001
1.0 0.36191425722831505 17.994 14.52 0.2800000000000001
1.0 0.35692921236291125 17.994 14.32 0.2900000000000001
1.0 0.35294117647058826 17.994 14.16 0.3000000000000001
1.0 0.3509471585244267 17.994 14.08 0.3100000000000001
1.0 0.3459621136590229 17.994 13.88 0.3200000000000001
1.0 0.34496510468594216 17.994 13.84 0.3300000000000001
1.0 0.33998005982053836 17.994 13.64 0.34000000000000014
1.0 0.3320039880358923 17.994 13.32 0.35000000000000014
1.0 0.3300099700897308 17.994 13.24 0.36000000000000015
1.0 0.32602193419740777 17.994 13.08 0.37000000000000016
1.0 0.32103688933200397 17.994 12.88 0.38000000000000017
1.0 0.317048853439681 17.994 12.72 0.3900000000000002
1.0 0.31106679960119643 17.994 12.48 0.4000000000000002
1.0 0.3070787637088734 17.994 12.32 0.4100000000000002
1.0 0.3000997008973081 17.994 12.04 0.4200000000000002
1.0 0.2931206380857428 17.994 11.76 0.4300000000000002
1.0 0.288135593220339 17.994 11.56 0.4400000000000002
1.0 0.28215353938185445 17.994 11.32 0.45000000000000023
1.0 0.27517447657028915 17.994 11.04 0.46000000000000024
1.0 0.27218344965104685 17.994 10.92 0.47000000000000025
1.0 0.2691924227318046 17.994 10.8 0.48000000000000026
1.0 0.2612163509471585 17.994 10.48 0.49000000000000027
1.0 0.2572283150548355 17.994 10.32 0.5000000000000002
1.0 0.25324027916251246 17.994 10.16 0.5100000000000002
1.0 0.2452642073778664 17.994 9.84 0.5200000000000002
1.0 0.24127617148554337 17.994 9.68 0.5300000000000002
1.0 0.24027916251246262 17.994 9.64 0.5400000000000003
1.0 0.24027916251246262 17.994 9.64 0.5500000000000003
1.0 0.23629112662013957 17.994 9.48 0.5600000000000003
1.0 0.2333000997008973 17.994 9.36 0.5700000000000003
1.0 0.2313060817547358 17.994 9.28 0.5800000000000003
1.0 0.22432701894317048 17.994 9.0 0.5900000000000003
1.0 0.22233300099700898 17.994 8.92 0.6000000000000003
1.0 0.2213359920239282 17.994 8.88 0.6100000000000003
1.0 0.22033898305084745 17.994 8.84 0.6200000000000003
1.0 0.2193419740777667 17.994 8.8 0.6300000000000003
1.0 0.2143569292123629 17.994 8.6 0.6400000000000003
1.0 0.2123629112662014 17.994 8.52 0.6500000000000004
1.0 0.20937188434695914 17.994 8.4 0.6600000000000004
1.0 0.20638085742771686 17.994 8.28 0.6700000000000004
1.0 0.20438683948155534 17.994 8.2 0.6800000000000004
1.0 0.1984047856430708 17.994 7.96 0.6900000000000004
1.0 0.19641076769690927 17.994 7.88 0.7000000000000004
1.0 0.19042871385842472 17.994 7.64 0.7100000000000004
1.0 0.18544366899302095 17.994 7.44 0.7200000000000004
1.0 0.17746759720837488 17.994 7.12 0.7300000000000004
1.0 0.1744765702891326 17.994 7.0 0.7400000000000004
1.0 0.17248255234297108 17.994 6.92 0.7500000000000004
1.0 0.16151545363908276 17.994 6.48 0.7600000000000005
1.0 0.15453639082751744 17.994 6.2 0.7700000000000005
1.0 0.1485543369890329 17.994 5.96 0.7800000000000005
1.0 0.14456630109670987 17.994 5.8 0.7900000000000005
1.0 0.1415752741774676 17.994 5.68 0.8000000000000005
1.0 0.13958125623130607 17.994 5.6 0.8100000000000005
1.0 0.1365902293120638 17.994 5.48 0.8200000000000005
0.9997777036790041 0.12861415752741776 17.99 5.16 0.8300000000000005
0.9997777036790041 0.12362911266201396 17.99 4.96 0.8400000000000005
0.9996665555185061 0.12163509471585245 17.988 4.88 0.8500000000000005
0.9996665555185061 0.1156530408773679 17.988 4.64 0.8600000000000005
0.9994442591975102 0.1106679960119641 17.984 4.44 0.8700000000000006
0.9987773702345226 0.10468594217347957 17.972 4.2 0.8800000000000006
0.998110481271535 0.09870388833499502 17.96 3.96 0.8900000000000006
0.9972212959875514 0.09371884346959122 17.944 3.76 0.9000000000000006
0.9966655551850617 0.08574277168494517 17.934 3.44 0.9100000000000006
0.9957763699010781 0.08175473579262213 17.918 3.28 0.9200000000000006
0.9951094809380905 0.07876370887337986 17.906 3.16 0.9300000000000006
0.9947760364565966 0.06979062811565304 17.9 2.8 0.9400000000000006
0.9936645548516172 0.06081754735792622 17.88 2.44 0.9500000000000006
0.9924419250861398 0.05084745762711865 17.858 2.04 0.9600000000000006
0.9906635545181727 0.045862412761714856 17.826 1.84 0.9700000000000006
0.9872179615427364 0.036889332003988036 17.764 1.48 0.9800000000000006
0.9714349227520285 0.027916251246261216 17.48 1.12 0.9900000000000007
0.0 0.0 0.0 0.0
