1.0 1.0 12.852857142857143 200.6 0.0
1.0 0.5413758723828515 12.852857142857143 108.6 0.01
1.0 0.38584247258225324 12.852857142857143 77.4 0.02
1.0 0.3160518444666002 12.852857142857143 63.4 0.03
1.0 0.2741774675972084 12.852857142857143 55.0 0.04
1.0 0.2432701894317049 12.852857142857143 48.8 0.05
1.0 0.1984047856430708 12.852857142857143 39.8 0.060000000000000005
1.0 0.1984047856430708 12.852857142857143 39.8 0.07
1.0 0.18444666001994017 12.852857142857143 37.0 0.08
1.0 0.1744765702891326 12.852857142857143 35.0 0.09
1.0 0.16151545363908276 12.852857142857143 32.4 0.09999999999999999
1.0 0.1535393818544367 12.852857142857143 30.8 0.10999999999999999
1.0 0.14257228315054835 12.852857142857143 28.6 0.11999999999999998
1.0 0.13260219341974078 12.852857142857143 26.6 0.12999999999999998
1.0 0.12362911266201396 12.852857142857143 24.8 0.13999999999999999
1.0 0.11365902293120637 12.852857142857143 22.8 0.15
1.0 0.10967098703888335 12.852857142857143 22.0 0.16
1.0 0.1036889332003988 12.852857142857143 20.8 0.17
1.0 0.08873379860418744 12.852857142857143 17.8 0.18000000000000002
1.0 0.08374875373878365 12.852857142857143 16.8 0.19000000000000003
1.0 0.07776669990029911 12.852857142857143 15.6 0.20000000000000004
1.0 0.07477567298105683 12.852857142857143 15.0 0.21000000000000005
1.0 0.07178464606181456 12.852857142857143 14.4 0.22000000000000006
1.0 0.06679960119641076 12.852857142857143 13.4 0.23000000000000007
1.0 0.06281156530408774 12.852857142857143 12.6 0.24000000000000007
1.0 0.06081754735792622 12.852857142857143 12.2 0.25000000000000006
1.0 0.06081754735792622 12.852857142857143 12.2 0.26000000000000006
1.0 0.05782652043868395 12.852857142857143 11.6 0.2700000000000001
1.0 0.05583250249252243 12.852857142857143 11.2 0.2800000000000001
1.0 0.054835493519441676 12.852857142857143 11.0 0.2900000000000001
1.0 0.05284147557328016 12.852857142857143 10.6 0.3000000000000001
1.0 0.05084745762711865 12.852857142857143 10.2 0.3100000000000001
1.0 0.045862412761714856 12.852857142857143 9.2 0.3200000000000001
1.0 0.04386839481555334 12.852857142857143 8.8 0.3300000000000001
1.0 0.04287138584247258 12.852857142857143 8.6 0.34000000000000014
1.0 0.03988035892323031 12.852857142857143 8.0 0.35000000000000014
1.0 0.03788634097706879 12.852857142857143 7.6 0.36000000000000015
1.0 0.03489531405782652 12.852857142857143 7.0 0.37000000000000016
1.0 0.03290129611166501 12.852857142857143 6.6 0.38000000000000017
1.0 0.03090727816550349 12.852857142857143 6.2 0.3900000000000002
1.0 0.03090727816550349 12.852857142857143 6.2 0.4000000000000002
1.0 0.02991026919242273 12.852857142857143 6.0 0.4100000000000002
1.0 0.028913260219341975 12.852857142857143 5.8 0.4200000000000002
1.0 0.028913260219341975 12.852857142857143 5.8 0.4300000000000002
1.0 0.026919242273180457 12.852857142857143 5.4 0.4400000000000002
1.0 0.0259222333000997 12.852857142857143 5.2 0.45000000000000023
1.0 0.02193419740777667 12.852857142857143 4.4 0.46000000000000024
1.0 0.02193419740777667 12.852857142857143 4.4 0.47000000000000025
1.0 0.020937188434695914 12.852857142857143 4.2 0.48000000000000026
1.0 0.020937188434695914 12.852857142857143 4.2 0.49000000000000027
1.0 0.019940179461615155 12.852857142857143 4.0 0.5000000000000002
1.0 0.019940179461615155 12.852857142857143 4.0 0.5100000000000002
1.0 0.018943170488534396 12.852857142857143 3.8 0.5200000000000002
1.0 0.018943170488534396 12.852857142857143 3.8 0.5300000000000002
1.0 0.018943170488534396 12.852857142857143 3.8 0.5400000000000003
1.0 0.01794616151545364 12.852857142857143 3.6 0.5500000000000003
1.0 0.01794616151545364 12.852857142857143 3.6 0.5600000000000003
1.0 0.01794616151545364 12.852857142857143 3.6 0.5700000000000003
1.0 0.01694915254237288 12.852857142857143 3.4 0.5800000000000003
1.0 0.01694915254237288 12.852857142857143 3.4 0.5900000000000003
1.0 0.01694915254237288 12.852857142857143 3.4 0.6000000000000003
1.0 0.015952143569292122 12.852857142857143 3.2 0.6100000000000003
1.0 0.015952143569292122 12.852857142857143 3.2 0.6200000000000003
1.0 0.013958125623130608 12.852857142857143 2.8 0.6300000000000003
1.0 0.010967098703888335 12.852857142857143 2.2 0.6400000000000003
1.0 0.010967098703888335 12.852857142857143 2.2 0.6500000000000004
1.0 0.009970089730807577 12.852857142857143 2.0 0.6600000000000004
1.0 0.00897308075772682 12.852857142857143 1.8 0.6700000000000004
1.0 0.006979062811565304 12.852857142857143 1.4 0.6800000000000004
1.0 0.006979062811565304 12.852857142857143 1.4 0.6900000000000004
1.0 0.006979062811565304 12.852857142857143 1.4 0.7000000000000004
1.0 0.003988035892323031 12.852857142857143 0.8 0.7100000000000004
1.0 0.003988035892323031 12.852857142857143 0.8 0.7200000000000004
1.0 0.003988035892323031 12.852857142857143 0.8 0.7300000000000004
1.0 0.0019940179461615153 12.852857142857143 0.4 0.7400000000000004
1.0 0.0019940179461615153 12.852857142857143 0.4 0.7500000000000004
1.0 0.0019940179461615153 12.852857142857143 0.4 0.7600000000000005
1.0 0.0019940179461615153 12.852857142857143 0.4 0.7700000000000005
1.0 0.0019940179461615153 12.852857142857143 0.4 0.7800000000000005
1.0 0.0019940179461615153 12.852857142857143 0.4 0.7900000000000005
1.0 0.0019940179461615153 12.852857142857143 0.4 0.8000000000000005
1.0 9.970089730807576E-4 12.852857142857143 0.2 0.8100000000000005
1.0 9.970089730807576E-4 12.852857142857143 0.2 0.8200000000000005
1.0 9.970089730807576E-4 12.852857142857143 0.2 0.8300000000000005
1.0 9.970089730807576E-4 12.852857142857143 0.2 0.8400000000000005
1.0 0.0 12.852857142857143 0.0 0.8500000000000005
1.0 0.0 12.852857142857143 0.0 0.8600000000000005
1.0 0.0 12.852857142857143 0.0 0.8700000000000006
1.0 0.0 12.852857142857143 0.0 0.8800000000000006
0.9997777036790041 0.0 12.85 0.0 0.8900000000000006
0.9996665555185061 0.0 12.848571428571429 0.0 0.9000000000000006
0.9995554073580082 0.0 12.847142857142858 0.0 0.9100000000000006
0.9995554073580082 0.0 12.847142857142858 0.0 0.9200000000000006
0.9994442591975102 0.0 12.845714285714285 0.0 0.9300000000000006
0.9994442591975102 0.0 12.845714285714285 0.0 0.9400000000000006
0.9992219628765144 0.0 12.842857142857143 0.0 0.9500000000000006
0.9988885183950206 0.0 12.838571428571429 0.0 0.9600000000000006
0.9987773702345226 0.0 12.837142857142856 0.0 0.9700000000000006
0.9984439257530288 0.0 12.832857142857144 0.0 0.9800000000000006
0.9956652217405801 0.0 12.797142857142857 0.0 0.9900000000000007
0.0 0.0 0.0 0.0
