1.0 1.0 22.4925 28.65714285714286 0.0
1.0 0.8813559322033898 22.4925 25.257142857142856 0.01
1.0 0.7716849451645065 22.4925 22.114285714285714 0.02
1.0 0.7058823529411765 22.4925 20.228571428571428 0.03
1.0 0.650049850448654 22.4925 18.62857142857143 0.04
1.0 0.6101694915254238 22.4925 17.485714285714284 0.05
1.0 0.5423728813559322 22.4925 15.542857142857143 0.060000000000000005
1.0 0.5423728813559322 22.4925 15.542857142857143 0.07
1.0 0.5094715852442672 22.4925 14.6 0.08
1.0 0.481555333998006 22.4925 13.8 0.09
1.0 0.46360917248255235 22.4925 13.285714285714286 0.09999999999999999
1.0 0.44666001994017945 22.4925 12.8 0.10999999999999999
1.0 0.4287138584247258 22.4925 12.285714285714286 0.11999999999999998
1.0 0.41575274177467597 22.4925 11.914285714285715 0.12999999999999998
1.0 0.39980059820538383 22.4925 11.457142857142857 0.13999999999999999
1.0 0.38883349950149554 22.4925 11.142857142857142 0.15
1.0 0.3678963110667996 22.4925 10.542857142857143 0.16
1.0 0.34795613160518446 22.4925 9.971428571428572 0.17
1.0 0.3040877367896311 22.4925 8.714285714285714 0.18000000000000002
1.0 0.2851445663010967 22.4925 8.17142857142857 0.19000000000000003
1.0 0.2691924227318046 22.4925 7.714285714285714 0.20000000000000004
1.0 0.2612163509471585 22.4925 7.485714285714286 0.21000000000000005
1.0 0.2572283150548355 22.4925 7.371428571428571 0.22000000000000006
1.0 0.2502492522432702 22.4925 7.171428571428572 0.23000000000000007
1.0 0.2452642073778664 22.4925 7.0285714285714285 0.24000000000000007
1.0 0.23728813559322035 22.4925 6.8 0.25000000000000006
1.0 0.23429710867397807 22.4925 6.714285714285714 0.26000000000000006
1.0 0.23030907278165502 22.4925 6.6 0.2700000000000001
1.0 0.226321036889332 22.4925 6.485714285714286 0.2800000000000001
1.0 0.2213359920239282 22.4925 6.3428571428571425 0.2900000000000001
1.0 0.22033898305084745 22.4925 6.314285714285714 0.3000000000000001
1.0 0.21535393818544366 22.4925 6.171428571428572 0.3100000000000001
1.0 0.21136590229312063 22.4925 6.057142857142857 0.3200000000000001
1.0 0.2073778664007976 22.4925 5.942857142857143 0.3300000000000001
1.0 0.2023928215353938 22.4925 5.8 0.34000000000000014
1.0 0.19641076769690927 22.4925 5.628571428571429 0.35000000000000014
1.0 0.19042871385842472 22.4925 5.457142857142857 0.36000000000000015
1.0 0.18344965104685942 22.4925 5.257142857142857 0.37000000000000016
1.0 0.1744765702891326 22.4925 5.0 0.38000000000000017
1.0 0.16450648055832504 22.4925 4.714285714285714 0.3900000000000002
1.0 0.16051844466600199 22.4925 4.6 0.4000000000000002
1.0 0.1485543369890329 22.4925 4.257142857142857 0.4100000000000002
1.0 0.13758723828514458 22.4925 3.942857142857143 0.4200000000000002
1.0 0.13359920239282153 22.4925 3.8285714285714287 0.4300000000000002
1.0 0.13060817547357925 22.4925 3.742857142857143 0.4400000000000002
1.0 0.12562313060817548 22.4925 3.6 0.45000000000000023
1.0 0.1226321036889332 22.4925 3.5142857142857142 0.46000000000000024
1.0 0.12063808574277168 22.4925 3.4571428571428573 0.47000000000000025
1.0 0.1106679960119641 22.4925 3.1714285714285713 0.48000000000000026
1.0 0.10867397806580259 22.4925 3.1142857142857143 0.49000000000000027
1.0 0.10568295114656032 22.4925 3.0285714285714285 0.5000000000000002
1.0 0.1016949152542373 22.4925 2.914285714285714 0.5100000000000002
1.0 0.09770687936191426 22.4925 2.8 0.5200000000000002
1.0 0.09571286141575275 22.4925 2.742857142857143 0.5300000000000002
1.0 0.09471585244267199 22.4925 2.7142857142857144 0.5400000000000003
1.0 0.09272183449651047 22.4925 2.657142857142857 0.5500000000000003
1.0 0.09172482552342971 22.4925 2.6285714285714286 0.5600000000000003
1.0 0.09072781655034895 22.4925 2.6 0.5700000000000003
1.0 0.08873379860418744 22.4925 2.5428571428571427 0.5800000000000003
1.0 0.08873379860418744 22.4925 2.5428571428571427 0.5900000000000003
1.0 0.08574277168494517 22.4925 2.4571428571428573 0.6000000000000003
1.0 0.08275174476570289 22.4925 2.3714285714285714 0.6100000000000003
1.0 0.07976071784646062 22.4925 2.2857142857142856 0.6200000000000003
1.0 0.07776669990029911 22.4925 2.2285714285714286 0.6300000000000003
1.0 0.07676969092721835 22.4925 2.2 0.6400000000000003
1.0 0.07577268195413758 22.4925 2.1714285714285713 0.6500000000000004
1.0 0.07278165503489531 22.4925 2.085714285714286 0.6600000000000004
1.0 0.0707876370887338 22.4925 2.0285714285714285 0.6700000000000004
1.0 0.06779661016949153 22.4925 1.9428571428571428 0.6800000000000004
1.0 0.06580259222333001 22.4925 1.8857142857142857 0.6900000000000004
1.0 0.058823529411764705 22.4925 1.6857142857142857 0.7000000000000004
1.0 0.054835493519441676 22.4925 1.5714285714285714 0.7100000000000004
1.0 0.047856430707876374 22.4925 1.3714285714285714 0.7200000000000004
1.0 0.04386839481555334 22.4925 1.2571428571428571 0.7300000000000004
1.0 0.03788634097706879 22.4925 1.0857142857142856 0.7400000000000004
1.0 0.036889332003988036 22.4925 1.0571428571428572 0.7500000000000004
1.0 0.03389830508474576 22.4925 0.9714285714285714 0.7600000000000005
1.0 0.03090727816550349 22.4925 0.8857142857142857 0.7700000000000005
1.0 0.02991026919242273 22.4925 0.8571428571428571 0.7800000000000005
1.0 0.0259222333000997 22.4925 0.7428571428571429 0.7900000000000005
1.0 0.022931206380857428 22.4925 0.6571428571428571 0.8000000000000005
0.999888851839502 0.018943170488534396 22.49 0.5428571428571428 0.8100000000000005
0.999888851839502 0.018943170488534396 22.49 0.5428571428571428 0.8200000000000005
0.999888851839502 0.01694915254237288 22.49 0.4857142857142857 0.8300000000000005
0.9996665555185061 0.01694915254237288 22.485 0.4857142857142857 0.8400000000000005
0.9996665555185061 0.013958125623130608 22.485 0.4 0.8500000000000005
0.9992219628765144 0.011964107676969093 22.475 0.34285714285714286 0.8600000000000005
0.9987773702345226 0.00897308075772682 22.465 0.2571428571428571 0.8700000000000006
0.998110481271535 0.00897308075772682 22.45 0.2571428571428571 0.8800000000000006
0.9976658886295432 0.00897308075772682 22.44 0.2571428571428571 0.8900000000000006
0.9969989996665555 0.005982053838484547 22.425 0.17142857142857143 0.9000000000000006
0.9966655551850617 0.0019940179461615153 22.4175 0.05714285714285714 0.9100000000000006
0.9963321107035679 0.0019940179461615153 22.41 0.05714285714285714 0.9200000000000006
0.996109814382572 0.0019940179461615153 22.405 0.05714285714285714 0.9300000000000006
0.9955540735800823 0.0019940179461615153 22.3925 0.05714285714285714 0.9400000000000006
0.9946648882960987 0.0019940179461615153 22.3725 0.05714285714285714 0.9500000000000006
0.9938868511726131 0.0 22.355 0.0 0.9600000000000006
0.9916638879626543 0.0 22.305 0.0 0.9700000000000006
0.9863287762587529 0.0 22.185 0.0 0.9800000000000006
0.9666555518506169 0.0 21.7425 0.0 0.9900000000000007
0.0 0.0 0.0 0.0
