1.0 1.0 89.97 250.75 0.0
1.0 0.9990029910269193 89.97 250.5 0.01
1.0 0.9970089730807578 89.97 250.0 0.02
1.0 0.996011964107677 89.97 249.75 0.03
1.0 0.9920239282153539 89.97 248.75 0.04
1.0 0.9860418743768694 89.97 247.25 0.05
1.0 0.9750747756729811 89.97 244.5 0.060000000000000005
1.0 0.9750747756729811 89.97 244.5 0.07
1.0 0.9700897308075773 89.97 243.25 0.08
1.0 0.967098703888335 89.97 242.5 0.09
1.0 0.9641076769690927 89.97 241.75 0.09999999999999999
1.0 0.9611166500498505 89.97 241.0 0.10999999999999999
1.0 0.9551345962113659 89.97 239.5 0.11999999999999998
1.0 0.9541375872382851 89.97 239.25 0.12999999999999998
1.0 0.9511465603190429 89.97 238.5 0.13999999999999999
1.0 0.9471585244267199 89.97 237.5 0.15
1.0 0.9431704885343968 89.97 236.5 0.16
1.0 0.93419740777667 89.97 234.25 0.17
1.0 0.9242273180458624 89.97 231.75 0.18000000000000002
1.0 0.9192422731804586 89.97 230.5 0.19000000000000003
1.0 0.9122632103688934 89.97 228.75 0.20000000000000004
1.0 0.9082751744765702 89.97 227.75 0.21000000000000005
1.0 0.9022931206380858 89.97 226.25 0.22000000000000006
1.0 0.8903290129611167 89.97 223.25 0.23000000000000007
1.0 0.8853439680957128 89.97 222.0 0.24000000000000007
1.0 0.8793619142572283 89.97 220.5 0.25000000000000006
1.0 0.872382851445663 89.97 218.75 0.26000000000000006
1.0 0.8664007976071785 89.97 217.25 0.2700000000000001
1.0 0.8634097706879362 89.97 216.5 0.2800000000000001
1.0 0.8624127617148555 89.97 216.25 0.2900000000000001
1.0 0.8604187437686939 89.97 215.75 0.3000000000000001
1.0 0.8574277168494516 89.97 215.0 0.3100000000000001
1.0 0.8544366899302094 89.97 214.25 0.3200000000000001
1.0 0.8514456630109671 89.97 213.5 0.3300000000000001
1.0 0.843469591226321 89.97 211.5 0.34000000000000014
1.0 0.8374875373878365 89.97 210.0 0.35000000000000014
1.0 0.8295114656031904 89.97 208.0 0.36000000000000015
1.0 0.8245264207377866 89.97 206.75 0.37000000000000016
1.0 0.8165503489531406 89.97 204.75 0.38000000000000017
1.0 0.8015952143569293 89.97 201.0 0.3900000000000002
1.0 0.7896311066799602 89.97 198.0 0.4000000000000002
1.0 0.7786640079760718 89.97 195.25 0.4100000000000002
1.0 0.765702891326022 89.97 192.0 0.4200000000000002
1.0 0.7517447657028913 89.97 188.5 0.4300000000000002
1.0 0.7377866400797607 89.97 185.0 0.4400000000000002
1.0 0.7258225324027916 89.97 182.0 0.45000000000000023
1.0 0.7138584247258225 89.97 179.0 0.46000000000000024
1.0 0.6999002991026919 89.97 175.5 0.47000000000000025
1.0 0.6879361914257228 89.97 172.5 0.48000000000000026
1.0 0.6779661016949152 89.97 170.0 0.49000000000000027
1.0 0.6729810568295115 89.97 168.75 0.5000000000000002
1.0 0.6660019940179461 89.97 167.0 0.5100000000000002
1.0 0.6580259222333001 89.97 165.0 0.5200000000000002
1.0 0.6560319042871385 89.97 164.5 0.5300000000000002
1.0 0.6520438683948155 89.97 163.5 0.5400000000000003
1.0 0.6480558325024925 89.97 162.5 0.5500000000000003
1.0 0.6450648055832503 89.97 161.75 0.5600000000000003
1.0 0.6440677966101694 89.97 161.5 0.5700000000000003
1.0 0.6410767696909272 89.97 160.75 0.5800000000000003
1.0 0.6390827517447657 89.97 160.25 0.5900000000000003
1.0 0.6360917248255235 89.97 159.5 0.6000000000000003
1.0 0.6321036889332003 89.97 158.5 0.6100000000000003
1.0 0.6271186440677966 89.97 157.25 0.6200000000000003
1.0 0.6191425722831505 89.97 155.25 0.6300000000000003
1.0 0.6121635094715853 89.97 153.5 0.6400000000000003
1.0 0.6021934197407777 89.97 151.0 0.6500000000000004
1.0 0.5852442671984048 89.97 146.75 0.6600000000000004
1.0 0.5692921236291126 89.97 142.75 0.6700000000000004
1.0 0.5523429710867398 89.97 138.5 0.6800000000000004
1.0 0.5274177467597209 89.97 132.25 0.6900000000000004
1.0 0.5044865403788634 89.97 126.5 0.7000000000000004
1.0 0.48554336989032904 89.97 121.75 0.7100000000000004
1.0 0.46061814556331004 89.97 115.5 0.7200000000000004
1.0 0.4336989032901296 89.97 108.75 0.7300000000000004
1.0 0.4057826520438684 89.97 101.75 0.7400000000000004
1.0 0.382851445663011 89.97 96.0 0.7500000000000004
1.0 0.36191425722831505 89.97 90.75 0.7600000000000005
1.0 0.3439680957128614 89.97 86.25 0.7700000000000005
1.0 0.32901296111665007 89.97 82.5 0.7800000000000005
1.0 0.3240279162512463 89.97 81.25 0.7900000000000005
0.9994442591975102 0.3150548354935194 89.92 79.0 0.8000000000000005
0.9984439257530288 0.3070787637088734 89.83 77.0 0.8100000000000005
0.9977770367900411 0.29810568295114653 89.77 74.75 0.8200000000000005
0.9956652217405801 0.29411764705882354 89.58 73.75 0.8300000000000005
0.992108480604646 0.28015952143569295 89.26 70.25 0.8400000000000005
0.9853284428142715 0.2741774675972084 88.65 68.75 0.8500000000000005
0.97621429365344 0.24825523429710866 87.83 62.25 0.8600000000000005
0.9635434033566744 0.21734795613160518 86.69 54.5 0.8700000000000006
0.9447593642325219 0.19441674975074777 85.0 48.75 0.8800000000000006
0.9185283983550072 0.15553339980059822 82.64 39.0 0.8900000000000006
0.891408247193509 0.12163509471585245 80.2 30.5 0.9000000000000006
0.8653995776369902 0.09471585244267199 77.86 23.75 0.9100000000000006
0.8389463154384795 0.06779661016949153 75.48 17.0 0.9200000000000006
0.8197176836723352 0.0448654037886341 73.75 11.25 0.9300000000000006
0.8027120151161499 0.03090727816550349 72.22 7.75 0.9400000000000006
0.7853729020784705 0.022931206380857428 70.66 5.75 0.9500000000000006
0.7670334555963099 0.020937188434695914 69.01 5.25 0.9600000000000006
0.7418028231632766 0.020937188434695914 66.74 5.25 0.9700000000000006
0.6951205957541403 0.020937188434695914 62.54 5.25 0.9800000000000006
0.5797488051572747 0.020937188434695914 52.16 5.25 0.9900000000000007
0.0 0.0 0.0 0.0
