1.0 1.0 12.852857142857143 200.6 0.0
1.0 0.5722831505483549 12.852857142857143 114.8 0.01
1.0 0.43668993020937186 12.852857142857143 87.6 0.02
1.0 0.35992023928215355 12.852857142857143 72.2 0.03
1.0 0.3150548354935194 12.852857142857143 63.2 0.04
1.0 0.2711864406779661 12.852857142857143 54.4 0.05
1.0 0.2213359920239282 12.852857142857143 44.4 0.060000000000000005
1.0 0.2213359920239282 12.852857142857143 44.4 0.07
1.0 0.2023928215353938 12.852857142857143 40.6 0.08
1.0 0.18245264207377868 12.852857142857143 36.6 0.09
1.0 0.17547357926221335 12.852857142857143 35.2 0.09999999999999999
1.0 0.1674975074775673 12.852857142857143 33.6 0.10999999999999999
1.0 0.15653040877367896 12.852857142857143 31.4 0.11999999999999998
1.0 0.14556331006979062 12.852857142857143 29.2 0.12999999999999998
1.0 0.13559322033898305 12.852857142857143 27.2 0.13999999999999999
1.0 0.12462612163509472 12.852857142857143 25.0 0.15
1.0 0.12063808574277168 12.852857142857143 24.2 0.16
1.0 0.10867397806580259 12.852857142857143 21.8 0.17
1.0 0.09471585244267199 12.852857142857143 19.0 0.18000000000000002
1.0 0.09272183449651047 12.852857142857143 18.6 0.19000000000000003
1.0 0.0847457627118644 12.852857142857143 17.0 0.20000000000000004
1.0 0.07776669990029911 12.852857142857143 15.6 0.21000000000000005
1.0 0.07178464606181456 12.852857142857143 14.4 0.22000000000000006
1.0 0.06979062811565304 12.852857142857143 14.0 0.23000000000000007
1.0 0.06779661016949153 12.852857142857143 13.6 0.24000000000000007
1.0 0.06679960119641076 12.852857142857143 13.4 0.25000000000000006
1.0 0.06380857427716849 12.852857142857143 12.8 0.26000000000000006
1.0 0.06081754735792622 12.852857142857143 12.2 0.2700000000000001
1.0 0.05982053838484546 12.852857142857143 12.0 0.2800000000000001
1.0 0.05982053838484546 12.852857142857143 12.0 0.2900000000000001
1.0 0.058823529411764705 12.852857142857143 11.8 0.3000000000000001
1.0 0.05682951146560319 12.852857142857143 11.4 0.3100000000000001
1.0 0.054835493519441676 12.852857142857143 11.0 0.3200000000000001
1.0 0.05084745762711865 12.852857142857143 10.2 0.3300000000000001
1.0 0.047856430707876374 12.852857142857143 9.6 0.34000000000000014
1.0 0.045862412761714856 12.852857142857143 9.2 0.35000000000000014
1.0 0.04287138584247258 12.852857142857143 8.6 0.36000000000000015
1.0 0.03788634097706879 12.852857142857143 7.6 0.37000000000000016
1.0 0.03589232303090728 12.852857142857143 7.2 0.38000000000000017
1.0 0.03589232303090728 12.852857142857143 7.2 0.3900000000000002
1.0 0.03489531405782652 12.852857142857143 7.0 0.4000000000000002
1.0 0.031904287138584245 12.852857142857143 6.4 0.4100000000000002
1.0 0.02991026919242273 12.852857142857143 6.0 0.4200000000000002
1.0 0.027916251246261216 12.852857142857143 5.6 0.4300000000000002
1.0 0.027916251246261216 12.852857142857143 5.6 0.4400000000000002
1.0 0.027916251246261216 12.852857142857143 5.6 0.45000000000000023
1.0 0.026919242273180457 12.852857142857143 5.4 0.46000000000000024
1.0 0.026919242273180457 12.852857142857143 5.4 0.47000000000000025
1.0 0.0259222333000997 12.852857142857143 5.2 0.48000000000000026
1.0 0.024925224327018942 12.852857142857143 5.0 0.49000000000000027
1.0 0.023928215353938187 12.852857142857143 4.8 0.5000000000000002
1.0 0.023928215353938187 12.852857142857143 4.8 0.5100000000000002
1.0 0.022931206380857428 12.852857142857143 4.6 0.5200000000000002
1.0 0.022931206380857428 12.852857142857143 4.6 0.5300000000000002
1.0 0.02193419740777667 12.852857142857143 4.4 0.5400000000000003
1.0 0.020937188434695914 12.852857142857143 4.2 0.5500000000000003
1.0 0.020937188434695914 12.852857142857143 4.2 0.5600000000000003
1.0 0.019940179461615155 12.852857142857143 4.0 0.5700000000000003
1.0 0.018943170488534396 12.852857142857143 3.8 0.5800000000000003
1.0 0.01794616151545364 12.852857142857143 3.6 0.5900000000000003
1.0 0.01794616151545364 12.852857142857143 3.6 0.6000000000000003
1.0 0.01794616151545364 12.852857142857143 3.6 0.6100000000000003
1.0 0.013958125623130608 12.852857142857143 2.8 0.6200000000000003
1.0 0.011964107676969093 12.852857142857143 2.4 0.6300000000000003
1.0 0.011964107676969093 12.852857142857143 2.4 0.6400000000000003
1.0 0.011964107676969093 12.852857142857143 2.4 0.6500000000000004
1.0 0.011964107676969093 12.852857142857143 2.4 0.6600000000000004
1.0 0.011964107676969093 12.852857142857143 2.4 0.6700000000000004
1.0 0.009970089730807577 12.852857142857143 2.0 0.6800000000000004
1.0 0.00897308075772682 12.852857142857143 1.8 0.6900000000000004
1.0 0.007976071784646061 12.852857142857143 1.6 0.7000000000000004
1.0 0.007976071784646061 12.852857142857143 1.6 0.7100000000000004
1.0 0.007976071784646061 12.852857142857143 1.6 0.7200000000000004
1.0 0.006979062811565304 12.852857142857143 1.4 0.7300000000000004
1.0 0.005982053838484547 12.852857142857143 1.2 0.7400000000000004
1.0 0.004985044865403789 12.852857142857143 1.0 0.7500000000000004
1.0 0.003988035892323031 12.852857142857143 0.8 0.7600000000000005
1.0 0.003988035892323031 12.852857142857143 0.8 0.7700000000000005
1.0 0.003988035892323031 12.852857142857143 0.8 0.7800000000000005
1.0 0.003988035892323031 12.852857142857143 0.8 0.7900000000000005
1.0 0.0029910269192422734 12.852857142857143 0.6 0.8000000000000005
1.0 0.0029910269192422734 12.852857142857143 0.6 0.8100000000000005
1.0 0.0029910269192422734 12.852857142857143 0.6 0.8200000000000005
1.0 0.0029910269192422734 12.852857142857143 0.6 0.8300000000000005
1.0 0.0029910269192422734 12.852857142857143 0.6 0.8400000000000005
1.0 9.970089730807576E-4 12.852857142857143 0.2 0.8500000000000005
0.999888851839502 9.970089730807576E-4 12.851428571428572 0.2 0.8600000000000005
0.999888851839502 9.970089730807576E-4 12.851428571428572 0.2 0.8700000000000006
0.999888851839502 9.970089730807576E-4 12.851428571428572 0.2 0.8800000000000006
0.999888851839502 9.970089730807576E-4 12.851428571428572 0.2 0.8900000000000006
0.9995554073580082 9.970089730807576E-4 12.847142857142858 0.2 0.9000000000000006
0.9995554073580082 9.970089730807576E-4 12.847142857142858 0.2 0.9100000000000006
0.9995554073580082 0.0 12.847142857142858 0.0 0.9200000000000006
0.9994442591975102 0.0 12.845714285714285 0.0 0.9300000000000006
0.9994442591975102 0.0 12.845714285714285 0.0 0.9400000000000006
0.9993331110370124 0.0 12.844285714285714 0.0 0.9500000000000006
0.9993331110370124 0.0 12.844285714285714 0.0 0.9600000000000006
0.9991108147160165 0.0 12.84142857142857 0.0 0.9700000000000006
0.9982216294320329 0.0 12.83 0.0 0.9800000000000006
0.9939979993331111 0.0 12.775714285714285 0.0 0.9900000000000007
0.0 0.0 0.0 0.0
