1.0 1.0 89.97 20.06 0.0
1.0 1.0 89.97 20.06 0.01
1.0 1.0 89.97 20.06 0.02
1.0 0.9970089730807578 89.97 20.0 0.03
1.0 0.9970089730807578 89.97 20.0 0.04
1.0 0.9940179461615155 89.97 19.94 0.05
1.0 0.9900299102691924 89.97 19.86 0.060000000000000005
1.0 0.9900299102691924 89.97 19.86 0.07
1.0 0.9890329012961117 89.97 19.84 0.08
1.0 0.9880358923230309 89.97 19.82 0.09
1.0 0.9870388833499502 89.97 19.8 0.09999999999999999
1.0 0.9850448654037887 89.97 19.76 0.10999999999999999
1.0 0.9840478564307079 89.97 19.74 0.11999999999999998
1.0 0.9830508474576272 89.97 19.72 0.12999999999999998
1.0 0.9820538384845464 89.97 19.7 0.13999999999999999
1.0 0.9760717846460618 89.97 19.58 0.15
1.0 0.9700897308075773 89.97 19.46 0.16
1.0 0.9661016949152542 89.97 19.38 0.17
1.0 0.959122632103689 89.97 19.24 0.18000000000000002
1.0 0.9541375872382851 89.97 19.14 0.19000000000000003
1.0 0.9491525423728814 89.97 19.04 0.20000000000000004
1.0 0.9441674975074775 89.97 18.94 0.21000000000000005
1.0 0.9431704885343968 89.97 18.92 0.22000000000000006
1.0 0.9401794616151545 89.97 18.86 0.23000000000000007
1.0 0.9391824526420738 89.97 18.84 0.24000000000000007
1.0 0.9351944167497508 89.97 18.76 0.25000000000000006
1.0 0.93419740777667 89.97 18.74 0.26000000000000006
1.0 0.9332003988035892 89.97 18.72 0.2700000000000001
1.0 0.9322033898305084 89.97 18.7 0.2800000000000001
1.0 0.9322033898305084 89.97 18.7 0.2900000000000001
1.0 0.9312063808574277 89.97 18.68 0.3000000000000001
1.0 0.9312063808574277 89.97 18.68 0.3100000000000001
1.0 0.9292123629112662 89.97 18.64 0.3200000000000001
1.0 0.9232303090727817 89.97 18.52 0.3300000000000001
1.0 0.9172482552342971 89.97 18.4 0.34000000000000014
1.0 0.9152542372881356 89.97 18.36 0.35000000000000014
1.0 0.909272183449651 89.97 18.24 0.36000000000000015
1.0 0.9022931206380858 89.97 18.1 0.37000000000000016
1.0 0.8963110667996012 89.97 17.98 0.38000000000000017
1.0 0.8893320039880359 89.97 17.84 0.3900000000000002
1.0 0.8823529411764706 89.97 17.7 0.4000000000000002
1.0 0.872382851445663 89.97 17.5 0.4100000000000002
1.0 0.8564307078763709 89.97 17.18 0.4200000000000002
1.0 0.843469591226321 89.97 16.92 0.4300000000000002
1.0 0.8305084745762712 89.97 16.66 0.4400000000000002
1.0 0.8185443668993021 89.97 16.42 0.45000000000000023
1.0 0.806580259222333 89.97 16.18 0.46000000000000024
1.0 0.7956131605184447 89.97 15.96 0.47000000000000025
1.0 0.7806580259222333 89.97 15.66 0.48000000000000026
1.0 0.7746759720837487 89.97 15.54 0.49000000000000027
1.0 0.7676969092721835 89.97 15.4 0.5000000000000002
1.0 0.7666999002991027 89.97 15.38 0.5100000000000002
1.0 0.7637088733798604 89.97 15.32 0.5200000000000002
1.0 0.7627118644067796 89.97 15.3 0.5300000000000002
1.0 0.7627118644067796 89.97 15.3 0.5400000000000003
1.0 0.7607178464606181 89.97 15.26 0.5500000000000003
1.0 0.7607178464606181 89.97 15.26 0.5600000000000003
1.0 0.7607178464606181 89.97 15.26 0.5700000000000003
1.0 0.7597208374875374 89.97 15.24 0.5800000000000003
1.0 0.7557328015952144 89.97 15.16 0.5900000000000003
1.0 0.7547357926221336 89.97 15.14 0.6000000000000003
1.0 0.7517447657028913 89.97 15.08 0.6100000000000003
1.0 0.7477567298105683 89.97 15.0 0.6200000000000003
1.0 0.744765702891326 89.97 14.94 0.6300000000000003
1.0 0.7407776669990029 89.97 14.86 0.6400000000000003
1.0 0.7347956131605184 89.97 14.74 0.6500000000000004
1.0 0.7178464606181456 89.97 14.4 0.6600000000000004
1.0 0.7088733798604188 89.97 14.22 0.6700000000000004
1.0 0.6879361914257228 89.97 13.8 0.6800000000000004
1.0 0.6729810568295115 89.97 13.5 0.6900000000000004
1.0 0.6470588235294118 89.97 12.98 0.7000000000000004
1.0 0.6231306081754736 89.97 12.5 0.7100000000000004
1.0 0.5892323030907278 89.97 11.82 0.7200000000000004
1.0 0.5603190428713859 89.97 11.24 0.7300000000000004
1.0 0.5423728813559322 89.97 10.88 0.7400000000000004
1.0 0.514456630109671 89.97 10.32 0.7500000000000004
1.0 0.49252243270189433 89.97 9.88 0.7600000000000005
0.999888851839502 0.47756729810568294 89.96 9.58 0.7700000000000005
0.9997777036790041 0.46161515453639085 89.95 9.26 0.7800000000000005
0.9994442591975102 0.45164506480558325 89.92 9.06 0.7900000000000005
0.9992219628765144 0.4436689930209372 89.9 8.9 0.8000000000000005
0.9978881849505391 0.4406779661016949 89.78 8.84 0.8100000000000005
0.995998666222074 0.43668993020937186 89.61 8.76 0.8200000000000005
0.99188618428365 0.42273180458624127 89.24 8.48 0.8300000000000005
0.9857730354562632 0.4137587238285145 88.69 8.3 0.8400000000000005
0.9746582194064688 0.39780658025922233 87.69 7.98 0.8500000000000005
0.9587640324552629 0.36490528414755735 86.26 7.32 0.8600000000000005
0.934644881627209 0.3339980059820538 84.09 6.7 0.8700000000000006
0.901189285317328 0.292123629112662 81.08 5.86 0.8800000000000006
0.8595087251305991 0.25324027916251246 77.33 5.08 0.8900000000000006
0.8157163498944092 0.19242273180458624 73.39 3.86 0.9000000000000006
0.7709236412137379 0.12761714855433698 69.36 2.56 0.9100000000000006
0.7301322663109926 0.08773678963110668 65.69 1.76 0.9200000000000006
0.6975658552850951 0.05682951146560319 62.76 1.14 0.9300000000000006
0.6716683338890741 0.040877367896311065 60.43 0.82 0.9400000000000006
0.6501055907524731 0.027916251246261216 58.49 0.56 0.9500000000000006
0.6297654773813494 0.019940179461615155 56.66 0.4 0.9600000000000006
0.6093142158497277 0.019940179461615155 54.82 0.4 0.9700000000000006
0.5639657663665666 0.019940179461615155 50.74 0.4 0.9800000000000006
0.44125819717683673 0.019940179461615155 39.7 0.4 0.9900000000000007
0.0 0.0 0.0 0.0
