1.0 1.0 17.994 20.06 0.0
1.0 0.9032901296111665 17.994 18.12 0.01
1.0 0.8325024925224327 17.994 16.7 0.02
1.0 0.7846460618145563 17.994 15.74 0.03
1.0 0.7577268195413759 17.994 15.2 0.04
1.0 0.7357926221335992 17.994 14.76 0.05
1.0 0.6909272183449651 17.994 13.86 0.060000000000000005
1.0 0.6909272183449651 17.994 13.86 0.07
1.0 0.6729810568295115 17.994 13.5 0.08
1.0 0.6580259222333001 17.994 13.2 0.09
1.0 0.650049850448654 17.994 13.04 0.09999999999999999
1.0 0.6370887337986042 17.994 12.78 0.10999999999999999
1.0 0.6261216350947159 17.994 12.56 0.11999999999999998
1.0 0.6191425722831505 17.994 12.42 0.12999999999999998
1.0 0.6141575274177468 17.994 12.32 0.13999999999999999
1.0 0.6041874376869392 17.994 12.12 0.15
1.0 0.5902293120638086 17.994 11.84 0.16
1.0 0.5822532402791625 17.994 11.68 0.17
1.0 0.5583250249252243 17.994 11.2 0.18000000000000002
1.0 0.5533399800598205 17.994 11.1 0.19000000000000003
1.0 0.5453639082751744 17.994 10.94 0.20000000000000004
1.0 0.5373878364905285 17.994 10.78 0.21000000000000005
1.0 0.5314057826520439 17.994 10.66 0.22000000000000006
1.0 0.5264207377866401 17.994 10.56 0.23000000000000007
1.0 0.518444666001994 17.994 10.4 0.24000000000000007
1.0 0.5134596211365903 17.994 10.3 0.25000000000000006
1.0 0.5114656031904287 17.994 10.26 0.26000000000000006
1.0 0.5094715852442672 17.994 10.22 0.2700000000000001
1.0 0.5044865403788634 17.994 10.12 0.2800000000000001
1.0 0.4995014955134596 17.994 10.02 0.2900000000000001
1.0 0.4965104685942173 17.994 9.96 0.3000000000000001
1.0 0.49252243270189433 17.994 9.88 0.3100000000000001
1.0 0.4865403788634098 17.994 9.76 0.3200000000000001
1.0 0.48454636091724823 17.994 9.72 0.3300000000000001
1.0 0.48055832502492524 17.994 9.64 0.34000000000000014
1.0 0.47756729810568294 17.994 9.58 0.35000000000000014
1.0 0.47557328015952144 17.994 9.54 0.36000000000000015
1.0 0.47058823529411764 17.994 9.44 0.37000000000000016
1.0 0.46061814556331004 17.994 9.24 0.38000000000000017
1.0 0.4556331006979063 17.994 9.14 0.3900000000000002
1.0 0.45164506480558325 17.994 9.06 0.4000000000000002
1.0 0.44666001994017945 17.994 8.96 0.4100000000000002
1.0 0.4436689930209372 17.994 8.9 0.4200000000000002
1.0 0.43968095712861416 17.994 8.82 0.4300000000000002
1.0 0.43469591226321036 17.994 8.72 0.4400000000000002
1.0 0.42971086739780656 17.994 8.62 0.45000000000000023
1.0 0.42572283150548357 17.994 8.54 0.46000000000000024
1.0 0.423728813559322 17.994 8.5 0.47000000000000025
1.0 0.4187437686939183 17.994 8.4 0.48000000000000026
1.0 0.4107676969092722 17.994 8.24 0.49000000000000027
1.0 0.4037886340977069 17.994 8.1 0.5000000000000002
1.0 0.39980059820538383 17.994 8.02 0.5100000000000002
1.0 0.39780658025922233 17.994 7.98 0.5200000000000002
1.0 0.39581256231306083 17.994 7.94 0.5300000000000002
1.0 0.3918245264207378 17.994 7.86 0.5400000000000003
1.0 0.382851445663011 17.994 7.68 0.5500000000000003
1.0 0.37886340977068794 17.994 7.6 0.5600000000000003
1.0 0.37686939182452645 17.994 7.56 0.5700000000000003
1.0 0.37587238285144564 17.994 7.54 0.5800000000000003
1.0 0.3728813559322034 17.994 7.48 0.5900000000000003
1.0 0.37188434695912265 17.994 7.46 0.6000000000000003
1.0 0.3678963110667996 17.994 7.38 0.6100000000000003
1.0 0.36490528414755735 17.994 7.32 0.6200000000000003
1.0 0.357926221335992 17.994 7.18 0.6300000000000003
1.0 0.353938185443669 17.994 7.1 0.6400000000000003
1.0 0.3489531405782652 17.994 7.0 0.6500000000000004
1.0 0.3459621136590229 17.994 6.94 0.6600000000000004
1.0 0.34297108673978066 17.994 6.88 0.6700000000000004
1.0 0.33998005982053836 17.994 6.82 0.6800000000000004
1.0 0.3369890329012961 17.994 6.76 0.6900000000000004
1.0 0.33599202392821537 17.994 6.74 0.7000000000000004
1.0 0.3300099700897308 17.994 6.62 0.7100000000000004
1.0 0.325024925224327 17.994 6.52 0.7200000000000004
1.0 0.317048853439681 17.994 6.36 0.7300000000000004
1.0 0.31306081754735793 17.994 6.28 0.7400000000000004
1.0 0.30807577268195413 17.994 6.18 0.7500000000000004
1.0 0.3040877367896311 17.994 6.1 0.7600000000000005
1.0 0.3000997008973081 17.994 6.02 0.7700000000000005
1.0 0.2971086739780658 17.994 5.96 0.7800000000000005
1.0 0.292123629112662 17.994 5.86 0.7900000000000005
1.0 0.28913260219341974 17.994 5.8 0.8000000000000005
1.0 0.2811565304087737 17.994 5.64 0.8100000000000005
0.9997777036790041 0.2731804586241276 17.99 5.48 0.8200000000000005
0.9996665555185061 0.2622133599202393 17.988 5.26 0.8300000000000005
0.9995554073580082 0.25124626121635096 17.986 5.04 0.8400000000000005
0.9994442591975102 0.24626121635094717 17.984 4.94 0.8500000000000005
0.9993331110370124 0.2432701894317049 17.982 4.88 0.8600000000000005
0.9989996665555185 0.23529411764705882 17.976 4.72 0.8700000000000006
0.9985550739135267 0.22931206380857427 17.968 4.6 0.8800000000000006
0.998110481271535 0.22333000997008973 17.96 4.48 0.8900000000000006
0.9975547404690452 0.2193419740777667 17.95 4.4 0.9000000000000006
0.9966655551850617 0.21036889332003988 17.934 4.22 0.9100000000000006
0.9963321107035679 0.20139581256231306 17.928 4.04 0.9200000000000006
0.996109814382572 0.19242273180458624 17.924 3.86 0.9300000000000006
0.9955540735800823 0.1864406779661017 17.914 3.74 0.9400000000000006
0.9949983327775925 0.17248255234297108 17.904 3.46 0.9500000000000006
0.994220295654107 0.1625124626121635 17.89 3.26 0.9600000000000006
0.9925530732466378 0.1415752741774676 17.86 2.84 0.9700000000000006
0.9876625541847283 0.11266201395812563 17.772 2.26 0.9800000000000006
0.9735467378014894 0.08374875373878365 17.518 1.68 0.9900000000000007
0.0 0.0 0.0 0.0
