1.0 1.0 44.985 22.288888888888888 0.0
1.0 0.9990029910269193 44.985 22.266666666666666 0.01
1.0 0.9930209371884346 44.985 22.133333333333333 0.02
1.0 0.9870388833499502 44.985 22.0 0.03
1.0 0.9780658025922233 44.985 21.8 0.04
1.0 0.967098703888335 44.985 21.555555555555557 0.05
1.0 0.9531405782652044 44.985 21.244444444444444 0.060000000000000005
1.0 0.9531405782652044 44.985 21.244444444444444 0.07
1.0 0.9471585244267199 44.985 21.11111111111111 0.08
1.0 0.9431704885343968 44.985 21.022222222222222 0.09
1.0 0.9361914257228315 44.985 20.866666666666667 0.09999999999999999
1.0 0.9312063808574277 44.985 20.755555555555556 0.10999999999999999
1.0 0.9302093718843469 44.985 20.733333333333334 0.11999999999999998
1.0 0.9252243270189432 44.985 20.622222222222224 0.12999999999999998
1.0 0.9182452642073778 44.985 20.466666666666665 0.13999999999999999
1.0 0.909272183449651 44.985 20.266666666666666 0.15
1.0 0.9022931206380858 44.985 20.11111111111111 0.16
1.0 0.8933200398803589 44.985 19.91111111111111 0.17
1.0 0.8773678963110668 44.985 19.555555555555557 0.18000000000000002
1.0 0.8673978065802592 44.985 19.333333333333332 0.19000000000000003
1.0 0.8574277168494516 44.985 19.11111111111111 0.20000000000000004
1.0 0.8484546360917248 44.985 18.91111111111111 0.21000000000000005
1.0 0.8444666001994018 44.985 18.822222222222223 0.22000000000000006
1.0 0.8424725822532403 44.985 18.77777777777778 0.23000000000000007
1.0 0.8384845463609173 44.985 18.68888888888889 0.24000000000000007
1.0 0.8354935194416749 44.985 18.622222222222224 0.25000000000000006
1.0 0.8295114656031904 44.985 18.488888888888887 0.26000000000000006
1.0 0.8245264207377866 44.985 18.377777777777776 0.2700000000000001
1.0 0.8225324027916251 44.985 18.333333333333332 0.2800000000000001
1.0 0.8195413758723828 44.985 18.266666666666666 0.2900000000000001
1.0 0.8155533399800599 44.985 18.177777777777777 0.3000000000000001
1.0 0.8135593220338984 44.985 18.133333333333333 0.3100000000000001
1.0 0.810568295114656 44.985 18.066666666666666 0.3200000000000001
1.0 0.7986041874376869 44.985 17.8 0.3300000000000001
1.0 0.7926221335992024 44.985 17.666666666666668 0.34000000000000014
1.0 0.7816550348953141 44.985 17.42222222222222 0.35000000000000014
1.0 0.7716849451645065 44.985 17.2 0.36000000000000015
1.0 0.7587238285144566 44.985 16.91111111111111 0.37000000000000016
1.0 0.7507477567298105 44.985 16.733333333333334 0.38000000000000017
1.0 0.7427716849451645 44.985 16.555555555555557 0.3900000000000002
1.0 0.7318045862412762 44.985 16.31111111111111 0.4000000000000002
1.0 0.711864406779661 44.985 15.866666666666667 0.4100000000000002
1.0 0.6989032901296112 44.985 15.577777777777778 0.4200000000000002
1.0 0.6859421734795613 44.985 15.28888888888889 0.4300000000000002
1.0 0.6669990029910269 44.985 14.866666666666667 0.4400000000000002
1.0 0.650049850448654 44.985 14.488888888888889 0.45000000000000023
1.0 0.6430707876370887 44.985 14.333333333333334 0.46000000000000024
1.0 0.6360917248255235 44.985 14.177777777777777 0.47000000000000025
1.0 0.6311066799601196 44.985 14.066666666666666 0.48000000000000026
1.0 0.6231306081754736 44.985 13.88888888888889 0.49000000000000027
1.0 0.6191425722831505 44.985 13.8 0.5000000000000002
1.0 0.617148554336989 44.985 13.755555555555556 0.5100000000000002
1.0 0.6121635094715853 44.985 13.644444444444444 0.5200000000000002
1.0 0.6061814556331007 44.985 13.511111111111111 0.5300000000000002
1.0 0.6041874376869392 44.985 13.466666666666667 0.5400000000000003
1.0 0.5982053838484547 44.985 13.333333333333334 0.5500000000000003
1.0 0.5922233300099701 44.985 13.2 0.5600000000000003
1.0 0.5902293120638086 44.985 13.155555555555555 0.5700000000000003
1.0 0.584247258225324 44.985 13.022222222222222 0.5800000000000003
1.0 0.5772681954137587 44.985 12.866666666666667 0.5900000000000003
1.0 0.5742771684945165 44.985 12.8 0.6000000000000003
1.0 0.5682951146560319 44.985 12.666666666666666 0.6100000000000003
1.0 0.5623130608175474 44.985 12.533333333333333 0.6200000000000003
1.0 0.5533399800598205 44.985 12.333333333333334 0.6300000000000003
1.0 0.5443668993020937 44.985 12.133333333333333 0.6400000000000003
1.0 0.5363908275174477 44.985 11.955555555555556 0.6500000000000004
1.0 0.5204386839481555 44.985 11.6 0.6600000000000004
1.0 0.4985044865403789 44.985 11.11111111111111 0.6700000000000004
1.0 0.4695912263210369 44.985 10.466666666666667 0.6800000000000004
1.0 0.44666001994017945 44.985 9.955555555555556 0.6900000000000004
1.0 0.42273180458624127 44.985 9.422222222222222 0.7000000000000004
1.0 0.4057826520438684 44.985 9.044444444444444 0.7100000000000004
1.0 0.3848454636091725 44.985 8.577777777777778 0.7200000000000004
1.0 0.3678963110667996 44.985 8.2 0.7300000000000004
1.0 0.34995014955134596 44.985 7.8 0.7400000000000004
1.0 0.33798604187437686 44.985 7.533333333333333 0.7500000000000004
1.0 0.317048853439681 44.985 7.066666666666666 0.7600000000000005
1.0 0.30608175473579263 44.985 6.822222222222222 0.7700000000000005
0.999888851839502 0.288135593220339 44.98 6.4222222222222225 0.7800000000000005
0.9997777036790041 0.28015952143569295 44.975 6.2444444444444445 0.7900000000000005
0.9995554073580082 0.2731804586241276 44.965 6.088888888888889 0.8000000000000005
0.9988885183950206 0.26819541375872386 44.935 5.977777777777778 0.8100000000000005
0.9978881849505391 0.2612163509471585 44.89 5.822222222222222 0.8200000000000005
0.9966655551850617 0.2432701894317049 44.835 5.4222222222222225 0.8300000000000005
0.9944425919751028 0.23230309072781655 44.735 5.177777777777778 0.8400000000000005
0.9905524063576748 0.21834496510468593 44.56 4.866666666666666 0.8500000000000005
0.9846615538512837 0.19641076769690927 44.295 4.377777777777778 0.8600000000000005
0.9759919973324441 0.17248255234297108 43.905 3.8444444444444446 0.8700000000000006
0.9666555518506169 0.15154536390827517 43.485 3.3777777777777778 0.8800000000000006
0.9520951428253862 0.11365902293120637 42.83 2.533333333333333 0.8900000000000006
0.9373124374791597 0.09471585244267199 42.165 2.111111111111111 0.9000000000000006
0.9213071023674558 0.05583250249252243 41.445 1.2444444444444445 0.9100000000000006
0.9077470267867067 0.031904287138584245 40.835 0.7111111111111111 0.9200000000000006
0.8945203956874513 0.013958125623130608 40.24 0.3111111111111111 0.9300000000000006
0.8811826164276981 0.007976071784646061 39.64 0.17777777777777778 0.9400000000000006
0.8687340224519284 0.0019940179461615153 39.08 0.044444444444444446 0.9500000000000006
0.8532844281427142 0.0 38.385 0.0 0.9600000000000006
0.8266088696232078 0.0 37.185 0.0 0.9700000000000006
0.7858174947204624 0.0 35.35 0.0 0.9800000000000006
0.6790041124819384 0.0 30.545 0.0 0.9900000000000007
0.0 0.0 0.0 0.0
