0.0 0.6979062811565304 0.0 20.0 0.0
0.0 0.6899302093718843 0.0 19.771428571428572 0.01
0.0 0.6689930209371885 0.0 19.17142857142857 0.02
0.0 0.6630109670987039 0.0 19.0 0.03
0.0 0.6550348953140578 0.0 18.771428571428572 0.04
0.0 0.6510468594217348 0.0 18.65714285714286 0.05
0.0 0.6410767696909272 0.0 18.37142857142857 0.060000000000000005
0.0 0.6410767696909272 0.0 18.37142857142857 0.07
0.0 0.6370887337986042 0.0 18.257142857142856 0.08
0.0 0.6331006979062812 0.0 18.142857142857142 0.09
0.0 0.6261216350947159 0.0 17.942857142857143 0.09999999999999999
0.0 0.6191425722831505 0.0 17.742857142857144 0.10999999999999999
0.0 0.613160518444666 0.0 17.571428571428573 0.11999999999999998
0.0 0.6121635094715853 0.0 17.542857142857144 0.12999999999999998
0.0 0.6081754735792622 0.0 17.428571428571427 0.13999999999999999
0.0 0.6061814556331007 0.0 17.37142857142857 0.15
0.0 0.6041874376869392 0.0 17.314285714285713 0.16
0.0 0.5992023928215354 0.0 17.17142857142857 0.17
0.0 0.5932203389830508 0.0 17.0 0.18000000000000002
0.0 0.5892323030907278 0.0 16.885714285714286 0.19000000000000003
0.0 0.584247258225324 0.0 16.742857142857144 0.20000000000000004
0.0 0.5772681954137587 0.0 16.542857142857144 0.21000000000000005
0.0 0.5752741774675972 0.0 16.485714285714284 0.22000000000000006
0.0 0.5702891326021934 0.0 16.34285714285714 0.23000000000000007
0.0 0.5682951146560319 0.0 16.285714285714285 0.24000000000000007
0.0 0.5623130608175474 0.0 16.114285714285714 0.25000000000000006
0.0 0.5613160518444666 0.0 16.085714285714285 0.26000000000000006
0.0 0.5563310069790628 0.0 15.942857142857143 0.2700000000000001
0.0 0.5503489531405783 0.0 15.771428571428572 0.2800000000000001
0.0 0.5463609172482552 0.0 15.657142857142857 0.2900000000000001
0.0 0.5453639082751744 0.0 15.628571428571428 0.3000000000000001
0.0 0.5423728813559322 0.0 15.542857142857143 0.3100000000000001
0.0 0.5373878364905285 0.0 15.4 0.3200000000000001
0.0 0.5353938185443669 0.0 15.342857142857143 0.3300000000000001
0.0 0.5343968095712861 0.0 15.314285714285715 0.34000000000000014
0.0 0.5304087736789631 0.0 15.2 0.35000000000000014
0.0 0.5274177467597209 0.0 15.114285714285714 0.36000000000000015
0.0 0.522432701894317 0.0 14.971428571428572 0.37000000000000016
0.0 0.5204386839481555 0.0 14.914285714285715 0.38000000000000017
0.0 0.5164506480558325 0.0 14.8 0.3900000000000002
0.0 0.514456630109671 0.0 14.742857142857142 0.4000000000000002
0.0 0.5074775672981057 0.0 14.542857142857143 0.4100000000000002
0.0 0.5064805583250249 0.0 14.514285714285714 0.4200000000000002
0.0 0.5044865403788634 0.0 14.457142857142857 0.4300000000000002
0.0 0.49750747756729813 0.0 14.257142857142858 0.4400000000000002
0.0 0.49252243270189433 0.0 14.114285714285714 0.45000000000000023
0.0 0.48953140578265203 0.0 14.028571428571428 0.46000000000000024
0.0 0.4865403788634098 0.0 13.942857142857143 0.47000000000000025
0.0 0.4865403788634098 0.0 13.942857142857143 0.48000000000000026
0.0 0.481555333998006 0.0 13.8 0.49000000000000027
0.0 0.4765702891326022 0.0 13.657142857142857 0.5000000000000002
0.0 0.47258225324027914 0.0 13.542857142857143 0.5100000000000002
0.0 0.4695912263210369 0.0 13.457142857142857 0.5200000000000002
0.0 0.4695912263210369 0.0 13.457142857142857 0.5300000000000002
0.0 0.46360917248255235 0.0 13.285714285714286 0.5400000000000003
0.0 0.45663010967098705 0.0 13.085714285714285 0.5500000000000003
0.0 0.45363908275174475 0.0 13.0 0.5600000000000003
0.0 0.44965104685942175 0.0 12.885714285714286 0.5700000000000003
0.0 0.44865403788634095 0.0 12.857142857142858 0.5800000000000003
0.0 0.4436689930209372 0.0 12.714285714285714 0.5900000000000003
0.0 0.43668993020937186 0.0 12.514285714285714 0.6000000000000003
0.0 0.43469591226321036 0.0 12.457142857142857 0.6100000000000003
0.0 0.43270189431704886 0.0 12.4 0.6200000000000003
0.0 0.42971086739780656 0.0 12.314285714285715 0.6300000000000003
0.0 0.42971086739780656 0.0 12.314285714285715 0.6400000000000003
0.0 0.42572283150548357 0.0 12.2 0.6500000000000004
0.0 0.42073778664007977 0.0 12.057142857142857 0.6600000000000004
0.0 0.41774675972083747 0.0 11.971428571428572 0.6700000000000004
0.0 0.4137587238285145 0.0 11.857142857142858 0.6800000000000004
0.0 0.4137587238285145 0.0 11.857142857142858 0.6900000000000004
0.0 0.4137587238285145 0.0 11.857142857142858 0.7000000000000004
0.0 0.4117647058823529 0.0 11.8 0.7100000000000004
0.0 0.4087736789631107 0.0 11.714285714285714 0.7200000000000004
0.0 0.40279162512462613 0.0 11.542857142857143 0.7300000000000004
0.0 0.3968095712861416 0.0 11.371428571428572 0.7400000000000004
0.0 0.38883349950149554 0.0 11.142857142857142 0.7500000000000004
0.0 0.38384845463609174 0.0 11.0 0.7600000000000005
0.0 0.37886340977068794 0.0 10.857142857142858 0.7700000000000005
0.0 0.37587238285144564 0.0 10.771428571428572 0.7800000000000005
0.0 0.36689930209371885 0.0 10.514285714285714 0.7900000000000005
0.0 0.3629112662013958 0.0 10.4 0.8000000000000005
0.0 0.3609172482552343 0.0 10.342857142857143 0.8100000000000005
0.0 0.35692921236291125 0.0 10.228571428571428 0.8200000000000005
0.0 0.35294117647058826 0.0 10.114285714285714 0.8300000000000005
0.0 0.3439680957128614 0.0 9.857142857142858 0.8400000000000005
0.0 0.3389830508474576 0.0 9.714285714285714 0.8500000000000005
0.0 0.3369890329012961 0.0 9.657142857142857 0.8600000000000005
0.0 0.32901296111665007 0.0 9.428571428571429 0.8700000000000006
0.0 0.32801595214356927 0.0 9.4 0.8800000000000006
0.0 0.32103688933200397 0.0 9.2 0.8900000000000006
0.0 0.3120638085742772 0.0 8.942857142857143 0.9000000000000006
0.0 0.30807577268195413 0.0 8.82857142857143 0.9100000000000006
0.0 0.2971086739780658 0.0 8.514285714285714 0.9200000000000006
0.0 0.2811565304087737 0.0 8.057142857142857 0.9300000000000006
0.0 0.26520438683948155 0.0 7.6 0.9400000000000006
0.0 0.2452642073778664 0.0 7.0285714285714285 0.9500000000000006
0.0 0.2213359920239282 0.0 6.3428571428571425 0.9600000000000006
0.0 0.20937188434695914 0.0 6.0 0.9700000000000006
0.0 0.1914257228315055 0.0 5.485714285714286 0.9800000000000006
0.0 0.14456630109670987 0.0 4.142857142857143 0.9900000000000007
0.0 0.0 0.0 0.0
