1.0 1.0 29.99 Infinity 0.0
1.0 0.9581256231306082 29.99 Infinity 0.01
1.0 0.9182452642073778 29.99 Infinity 0.02
1.0 0.8873379860418744 29.99 Infinity 0.03
1.0 0.8524426719840479 29.99 Infinity 0.04
1.0 0.8225324027916251 29.99 Infinity 0.05
1.0 0.7676969092721835 29.99 Infinity 0.060000000000000005
1.0 0.7676969092721835 29.99 Infinity 0.07
1.0 0.744765702891326 29.99 Infinity 0.08
1.0 0.7357926221335992 29.99 Infinity 0.09
1.0 0.7188434695912264 29.99 Infinity 0.09999999999999999
1.0 0.707876370887338 29.99 Infinity 0.10999999999999999
1.0 0.6979062811565304 29.99 Infinity 0.11999999999999998
1.0 0.6819541375872383 29.99 Infinity 0.12999999999999998
1.0 0.6679960119641076 29.99 Infinity 0.13999999999999999
1.0 0.6570289132602194 29.99 Infinity 0.15
1.0 0.638085742771685 29.99 Infinity 0.16
1.0 0.6231306081754736 29.99 Infinity 0.17
1.0 0.5952143569292123 29.99 Infinity 0.18000000000000002
1.0 0.5822532402791625 29.99 Infinity 0.19000000000000003
1.0 0.5692921236291126 29.99 Infinity 0.20000000000000004
1.0 0.559322033898305 29.99 Infinity 0.21000000000000005
1.0 0.5493519441674976 29.99 Infinity 0.22000000000000006
1.0 0.543369890329013 29.99 Infinity 0.23000000000000007
1.0 0.5324027916251246 29.99 Infinity 0.24000000000000007
1.0 0.5204386839481555 29.99 Infinity 0.25000000000000006
1.0 0.5134596211365903 29.99 Infinity 0.26000000000000006
1.0 0.5084745762711864 29.99 Infinity 0.2700000000000001
1.0 0.5024925224327019 29.99 Infinity 0.2800000000000001
1.0 0.4995014955134596 29.99 Infinity 0.2900000000000001
1.0 0.4915254237288136 29.99 Infinity 0.3000000000000001
1.0 0.4865403788634098 29.99 Infinity 0.3100000000000001
1.0 0.48255234297108673 29.99 Infinity 0.3200000000000001
1.0 0.47258225324027914 29.99 Infinity 0.3300000000000001
1.0 0.4626121635094716 29.99 Infinity 0.34000000000000014
1.0 0.4506480558325025 29.99 Infinity 0.35000000000000014
1.0 0.4436689930209372 29.99 Infinity 0.36000000000000015
1.0 0.4336989032901296 29.99 Infinity 0.37000000000000016
1.0 0.4137587238285145 29.99 Infinity 0.38000000000000017
1.0 0.40279162512462613 29.99 Infinity 0.3900000000000002
1.0 0.39082751744765704 29.99 Infinity 0.4000000000000002
1.0 0.3698903290129611 29.99 Infinity 0.4100000000000002
1.0 0.35294117647058826 29.99 Infinity 0.4200000000000002
1.0 0.3389830508474576 29.99 Infinity 0.4300000000000002
1.0 0.3320039880358923 29.99 Infinity 0.4400000000000002
1.0 0.325024925224327 29.99 Infinity 0.45000000000000023
1.0 0.31306081754735793 29.99 Infinity 0.46000000000000024
1.0 0.3070787637088734 29.99 Infinity 0.47000000000000025
1.0 0.2951146560319043 29.99 Infinity 0.48000000000000026
1.0 0.28713858424725824 29.99 Infinity 0.49000000000000027
1.0 0.27916251246261214 29.99 Infinity 0.5000000000000002
1.0 0.27517447657028915 29.99 Infinity 0.5100000000000002
1.0 0.27018943170488535 29.99 Infinity 0.5200000000000002
1.0 0.2642073778664008 29.99 Infinity 0.5300000000000002
1.0 0.2642073778664008 29.99 Infinity 0.5400000000000003
1.0 0.259222333000997 29.99 Infinity 0.5500000000000003
1.0 0.25822532402791626 29.99 Infinity 0.5600000000000003
1.0 0.25324027916251246 29.99 Infinity 0.5700000000000003
1.0 0.24925224327018944 29.99 Infinity 0.5800000000000003
1.0 0.24626121635094717 29.99 Infinity 0.5900000000000003
1.0 0.23928215353938184 29.99 Infinity 0.6000000000000003
1.0 0.23728813559322035 29.99 Infinity 0.6100000000000003
1.0 0.2313060817547358 29.99 Infinity 0.6200000000000003
1.0 0.22532402791625125 29.99 Infinity 0.6300000000000003
1.0 0.21834496510468593 29.99 Infinity 0.6400000000000003
1.0 0.20438683948155534 29.99 Infinity 0.6500000000000004
1.0 0.1984047856430708 29.99 Infinity 0.6600000000000004
1.0 0.1864406779661017 29.99 Infinity 0.6700000000000004
1.0 0.17248255234297108 29.99 Infinity 0.6800000000000004
1.0 0.16550348953140578 29.99 Infinity 0.6900000000000004
1.0 0.15154536390827517 29.99 Infinity 0.7000000000000004
1.0 0.14356929212362912 29.99 Infinity 0.7100000000000004
1.0 0.13160518444666003 29.99 Infinity 0.7200000000000004
1.0 0.12063808574277168 29.99 Infinity 0.7300000000000004
1.0 0.10767696909272183 29.99 Infinity 0.7400000000000004
1.0 0.09571286141575275 29.99 Infinity 0.7500000000000004
1.0 0.08374875373878365 29.99 Infinity 0.7600000000000005
1.0 0.07976071784646062 29.99 Infinity 0.7700000000000005
1.0 0.07377866400797607 29.99 Infinity 0.7800000000000005
1.0 0.06979062811565304 29.99 Infinity 0.7900000000000005
1.0 0.06480558325024925 29.99 Infinity 0.8000000000000005
1.0 0.06181455633100698 29.99 Infinity 0.8100000000000005
1.0 0.058823529411764705 29.99 Infinity 0.8200000000000005
0.9996665555185061 0.05682951146560319 29.98 Infinity 0.8300000000000005
0.9992219628765144 0.053838484546360914 29.966666666666665 Infinity 0.8400000000000005
0.9985550739135267 0.04885343968095713 29.946666666666665 Infinity 0.8500000000000005
0.9974435923085473 0.0448654037886341 29.913333333333334 Infinity 0.8600000000000005
0.9957763699010781 0.03788634097706879 29.863333333333333 Infinity 0.8700000000000006
0.9933311103701233 0.03489531405782652 29.79 Infinity 0.8800000000000006
0.990218961876181 0.027916251246261216 29.696666666666665 Infinity 0.8900000000000006
0.9866622207402468 0.02193419740777667 29.59 Infinity 0.9000000000000006
0.9835500722463043 0.011964107676969093 29.496666666666666 Infinity 0.9100000000000006
0.9798821829498722 0.005982053838484547 29.386666666666667 Infinity 0.9200000000000006
0.9756585528509503 0.0029910269192422734 29.26 Infinity 0.9300000000000006
0.9719906635545181 9.970089730807576E-4 29.15 Infinity 0.9400000000000006
0.9688785150605758 0.0 29.05666666666667 NaN 0.9500000000000006
0.9633211070356785 0.0 28.89 NaN 0.9600000000000006
0.9563187729243081 0.0 28.68 NaN 0.9700000000000006
0.9394242525286206 0.0 28.173333333333332 NaN 0.9800000000000006
0.8929643214404802 0.0 26.78 NaN 0.9900000000000007
0.0 0.0 0.0 0.0
