1.0 1.0 17.994 200.6 0.0
1.0 0.8035892323030908 17.994 161.2 0.01
1.0 0.6719840478564307 17.994 134.8 0.02
1.0 0.6011964107676969 17.994 120.6 0.03
1.0 0.5383848454636092 17.994 108.0 0.04
1.0 0.49750747756729813 17.994 99.8 0.05
1.0 0.43469591226321036 17.994 87.2 0.060000000000000005
1.0 0.43469591226321036 17.994 87.2 0.07
1.0 0.4077766699900299 17.994 81.8 0.08
1.0 0.38584247258225324 17.994 77.4 0.09
1.0 0.36390827517447655 17.994 73.0 0.09999999999999999
1.0 0.353938185443669 17.994 71.0 0.10999999999999999
1.0 0.33798604187437686 17.994 67.8 0.11999999999999998
1.0 0.3230309072781655 17.994 64.8 0.12999999999999998
1.0 0.3140578265204387 17.994 63.0 0.13999999999999999
1.0 0.30109670987038883 17.994 60.4 0.15
1.0 0.28414755732801594 17.994 57.0 0.16
1.0 0.2662013958125623 17.994 53.4 0.17
1.0 0.2472582253240279 17.994 49.6 0.18000000000000002
1.0 0.23728813559322035 17.994 47.6 0.19000000000000003
1.0 0.22233300099700898 17.994 44.6 0.20000000000000004
1.0 0.20937188434695914 17.994 42.0 0.21000000000000005
1.0 0.19641076769690927 17.994 39.4 0.22000000000000006
1.0 0.1914257228315055 17.994 38.4 0.23000000000000007
1.0 0.18544366899302095 17.994 37.2 0.24000000000000007
1.0 0.17846460618145563 17.994 35.8 0.25000000000000006
1.0 0.17347956131605186 17.994 34.8 0.26000000000000006
1.0 0.17148554336989033 17.994 34.4 0.2700000000000001
1.0 0.16650049850448653 17.994 33.4 0.2800000000000001
1.0 0.16051844466600199 17.994 32.2 0.2900000000000001
1.0 0.15653040877367896 17.994 31.4 0.3000000000000001
1.0 0.15154536390827517 17.994 30.4 0.3100000000000001
1.0 0.14556331006979062 17.994 29.2 0.3200000000000001
1.0 0.14257228315054835 17.994 28.6 0.3300000000000001
1.0 0.13359920239282153 17.994 26.8 0.34000000000000014
1.0 0.13160518444666003 17.994 26.4 0.35000000000000014
1.0 0.12662013958125623 17.994 25.4 0.36000000000000015
1.0 0.12063808574277168 17.994 24.2 0.37000000000000016
1.0 0.11764705882352941 17.994 23.6 0.38000000000000017
1.0 0.10967098703888335 17.994 22.0 0.3900000000000002
1.0 0.10767696909272183 17.994 21.6 0.4000000000000002
1.0 0.10269192422731804 17.994 20.6 0.4100000000000002
1.0 0.09571286141575275 17.994 19.2 0.4200000000000002
1.0 0.09371884346959122 17.994 18.8 0.4300000000000002
1.0 0.08873379860418744 17.994 17.8 0.4400000000000002
1.0 0.08574277168494517 17.994 17.2 0.45000000000000023
1.0 0.08075772681954138 17.994 16.2 0.46000000000000024
1.0 0.07577268195413758 17.994 15.2 0.47000000000000025
1.0 0.07477567298105683 17.994 15.0 0.48000000000000026
1.0 0.0707876370887338 17.994 14.2 0.49000000000000027
1.0 0.06879361914257229 17.994 13.8 0.5000000000000002
1.0 0.06580259222333001 17.994 13.2 0.5100000000000002
1.0 0.06380857427716849 17.994 12.8 0.5200000000000002
1.0 0.06181455633100698 17.994 12.4 0.5300000000000002
1.0 0.06081754735792622 17.994 12.2 0.5400000000000003
1.0 0.05982053838484546 17.994 12.0 0.5500000000000003
1.0 0.05583250249252243 17.994 11.2 0.5600000000000003
1.0 0.053838484546360914 17.994 10.8 0.5700000000000003
1.0 0.053838484546360914 17.994 10.8 0.5800000000000003
1.0 0.05084745762711865 17.994 10.2 0.5900000000000003
1.0 0.04885343968095713 17.994 9.8 0.6000000000000003
1.0 0.04685942173479561 17.994 9.4 0.6100000000000003
1.0 0.04386839481555334 17.994 8.8 0.6200000000000003
1.0 0.04386839481555334 17.994 8.8 0.6300000000000003
1.0 0.04187437686939183 17.994 8.4 0.6400000000000003
1.0 0.038883349950149554 17.994 7.8 0.6500000000000004
1.0 0.036889332003988036 17.994 7.4 0.6600000000000004
1.0 0.03489531405782652 17.994 7.0 0.6700000000000004
1.0 0.03290129611166501 17.994 6.6 0.6800000000000004
1.0 0.02991026919242273 17.994 6.0 0.6900000000000004
1.0 0.028913260219341975 17.994 5.8 0.7000000000000004
1.0 0.026919242273180457 17.994 5.4 0.7100000000000004
1.0 0.020937188434695914 17.994 4.2 0.7200000000000004
1.0 0.01694915254237288 17.994 3.4 0.7300000000000004
1.0 0.015952143569292122 17.994 3.2 0.7400000000000004
1.0 0.01296111665004985 17.994 2.6 0.7500000000000004
1.0 0.010967098703888335 17.994 2.2 0.7600000000000005
1.0 0.00897308075772682 17.994 1.8 0.7700000000000005
1.0 0.00897308075772682 17.994 1.8 0.7800000000000005
1.0 0.00897308075772682 17.994 1.8 0.7900000000000005
1.0 0.00897308075772682 17.994 1.8 0.8000000000000005
1.0 0.007976071784646061 17.994 1.6 0.8100000000000005
1.0 0.005982053838484547 17.994 1.2 0.8200000000000005
1.0 0.003988035892323031 17.994 0.8 0.8300000000000005
0.9997777036790041 0.003988035892323031 17.99 0.8 0.8400000000000005
0.9995554073580082 0.003988035892323031 17.986 0.8 0.8500000000000005
0.9995554073580082 0.0029910269192422734 17.986 0.6 0.8600000000000005
0.9993331110370124 0.0019940179461615153 17.982 0.4 0.8700000000000006
0.9991108147160165 0.0019940179461615153 17.978 0.4 0.8800000000000006
0.9986662220740247 0.0019940179461615153 17.97 0.4 0.8900000000000006
0.9983327775925308 0.0019940179461615153 17.964 0.4 0.9000000000000006
0.9979993331110371 9.970089730807576E-4 17.958 0.2 0.9100000000000006
0.9974435923085473 9.970089730807576E-4 17.948 0.2 0.9200000000000006
0.9967767033455597 0.0 17.936 0.0 0.9300000000000006
0.9963321107035679 0.0 17.928 0.0 0.9400000000000006
0.9956652217405801 0.0 17.916 0.0 0.9500000000000006
0.9947760364565966 0.0 17.9 0.0 0.9600000000000006
0.9933311103701233 0.0 17.874 0.0 0.9700000000000006
0.9907747026786706 0.0 17.828 0.0 0.9800000000000006
0.9788818495053907 0.0 17.614 0.0 0.9900000000000007
0.0 0.0 0.0 0.0
