1.0 1.0 22.4925 28.65714285714286 0.0
1.0 0.9102691924227319 22.4925 26.085714285714285 0.01
1.0 0.8295114656031904 22.4925 23.771428571428572 0.02
1.0 0.7836490528414756 22.4925 22.457142857142856 0.03
1.0 0.7457627118644068 22.4925 21.37142857142857 0.04
1.0 0.7148554336989033 22.4925 20.485714285714284 0.05
1.0 0.6520438683948155 22.4925 18.685714285714287 0.060000000000000005
1.0 0.6520438683948155 22.4925 18.685714285714287 0.07
1.0 0.6331006979062812 22.4925 18.142857142857142 0.08
1.0 0.6051844466600199 22.4925 17.34285714285714 0.09
1.0 0.5892323030907278 22.4925 16.885714285714286 0.09999999999999999
1.0 0.5692921236291126 22.4925 16.314285714285713 0.10999999999999999
1.0 0.5483549351944168 22.4925 15.714285714285714 0.11999999999999998
1.0 0.5304087736789631 22.4925 15.2 0.12999999999999998
1.0 0.522432701894317 22.4925 14.971428571428572 0.13999999999999999
1.0 0.5024925224327019 22.4925 14.4 0.15
1.0 0.4865403788634098 22.4925 13.942857142857143 0.16
1.0 0.47557328015952144 22.4925 13.628571428571428 0.17
1.0 0.44167497507477566 22.4925 12.657142857142857 0.18000000000000002
1.0 0.4247258225324028 22.4925 12.17142857142857 0.19000000000000003
1.0 0.4127617148554337 22.4925 11.82857142857143 0.20000000000000004
1.0 0.40279162512462613 22.4925 11.542857142857143 0.21000000000000005
1.0 0.3898305084745763 22.4925 11.17142857142857 0.22000000000000006
1.0 0.38085742771684944 22.4925 10.914285714285715 0.23000000000000007
1.0 0.37686939182452645 22.4925 10.8 0.24000000000000007
1.0 0.36889332003988035 22.4925 10.571428571428571 0.25000000000000006
1.0 0.3609172482552343 22.4925 10.342857142857143 0.26000000000000006
1.0 0.353938185443669 22.4925 10.142857142857142 0.2700000000000001
1.0 0.34795613160518446 22.4925 9.971428571428572 0.2800000000000001
1.0 0.3439680957128614 22.4925 9.857142857142858 0.2900000000000001
1.0 0.33798604187437686 22.4925 9.685714285714285 0.3000000000000001
1.0 0.33599202392821537 22.4925 9.628571428571428 0.3100000000000001
1.0 0.3270189431704885 22.4925 9.371428571428572 0.3200000000000001
1.0 0.317048853439681 22.4925 9.085714285714285 0.3300000000000001
1.0 0.31106679960119643 22.4925 8.914285714285715 0.34000000000000014
1.0 0.29910269192422734 22.4925 8.571428571428571 0.35000000000000014
1.0 0.2951146560319043 22.4925 8.457142857142857 0.36000000000000015
1.0 0.28215353938185445 22.4925 8.085714285714285 0.37000000000000016
1.0 0.27517447657028915 22.4925 7.885714285714286 0.38000000000000017
1.0 0.26321036889332006 22.4925 7.542857142857143 0.3900000000000002
1.0 0.2542372881355932 22.4925 7.285714285714286 0.4000000000000002
1.0 0.2452642073778664 22.4925 7.0285714285714285 0.4100000000000002
1.0 0.2382851445663011 22.4925 6.828571428571428 0.4200000000000002
1.0 0.22432701894317048 22.4925 6.428571428571429 0.4300000000000002
1.0 0.21535393818544366 22.4925 6.171428571428572 0.4400000000000002
1.0 0.20638085742771686 22.4925 5.914285714285715 0.45000000000000023
1.0 0.20139581256231306 22.4925 5.771428571428571 0.46000000000000024
1.0 0.19242273180458624 22.4925 5.514285714285714 0.47000000000000025
1.0 0.1864406779661017 22.4925 5.3428571428571425 0.48000000000000026
1.0 0.1814556331006979 22.4925 5.2 0.49000000000000027
1.0 0.17846460618145563 22.4925 5.114285714285714 0.5000000000000002
1.0 0.17647058823529413 22.4925 5.057142857142857 0.5100000000000002
1.0 0.17347956131605186 22.4925 4.9714285714285715 0.5200000000000002
1.0 0.16849451645064806 22.4925 4.828571428571428 0.5300000000000002
1.0 0.16849451645064806 22.4925 4.828571428571428 0.5400000000000003
1.0 0.1674975074775673 22.4925 4.8 0.5500000000000003
1.0 0.16650049850448653 22.4925 4.771428571428571 0.5600000000000003
1.0 0.16350947158524426 22.4925 4.685714285714286 0.5700000000000003
1.0 0.16350947158524426 22.4925 4.685714285714286 0.5800000000000003
1.0 0.15952143569292124 22.4925 4.571428571428571 0.5900000000000003
1.0 0.15553339980059822 22.4925 4.457142857142857 0.6000000000000003
1.0 0.1485543369890329 22.4925 4.257142857142857 0.6100000000000003
1.0 0.14456630109670987 22.4925 4.142857142857143 0.6200000000000003
1.0 0.13858424725822532 22.4925 3.9714285714285715 0.6300000000000003
1.0 0.13559322033898305 22.4925 3.8857142857142857 0.6400000000000003
1.0 0.12861415752741776 22.4925 3.6857142857142855 0.6500000000000004
1.0 0.12163509471585245 22.4925 3.4857142857142858 0.6600000000000004
1.0 0.11964107676969092 22.4925 3.4285714285714284 0.6700000000000004
1.0 0.11764705882352941 22.4925 3.3714285714285714 0.6800000000000004
1.0 0.10867397806580259 22.4925 3.1142857142857143 0.6900000000000004
1.0 0.1016949152542373 22.4925 2.914285714285714 0.7000000000000004
1.0 0.09770687936191426 22.4925 2.8 0.7100000000000004
1.0 0.09272183449651047 22.4925 2.657142857142857 0.7200000000000004
1.0 0.08574277168494517 22.4925 2.4571428571428573 0.7300000000000004
1.0 0.07976071784646062 22.4925 2.2857142857142856 0.7400000000000004
1.0 0.07676969092721835 22.4925 2.2 0.7500000000000004
1.0 0.06679960119641076 22.4925 1.9142857142857144 0.7600000000000005
1.0 0.06181455633100698 22.4925 1.7714285714285714 0.7700000000000005
1.0 0.05682951146560319 22.4925 1.6285714285714286 0.7800000000000005
1.0 0.05583250249252243 22.4925 1.6 0.7900000000000005
1.0 0.054835493519441676 22.4925 1.5714285714285714 0.8000000000000005
1.0 0.053838484546360914 22.4925 1.542857142857143 0.8100000000000005
0.999888851839502 0.0518444666001994 22.49 1.4857142857142858 0.8200000000000005
0.999888851839502 0.04885343968095713 22.49 1.4 0.8300000000000005
0.999888851839502 0.04685942173479561 22.49 1.3428571428571427 0.8400000000000005
0.9996665555185061 0.04386839481555334 22.485 1.2571428571428571 0.8500000000000005
0.9994442591975102 0.04386839481555334 22.48 1.2571428571428571 0.8600000000000005
0.9987773702345226 0.04287138584247258 22.465 1.2285714285714286 0.8700000000000006
0.9979993331110371 0.036889332003988036 22.4475 1.0571428571428572 0.8800000000000006
0.9971101478270534 0.03290129611166501 22.4275 0.9428571428571428 0.8900000000000006
0.9955540735800823 0.028913260219341975 22.3925 0.8285714285714286 0.9000000000000006
0.994220295654107 0.023928215353938187 22.3625 0.6857142857142857 0.9100000000000006
0.9933311103701233 0.022931206380857428 22.3425 0.6571428571428571 0.9200000000000006
0.9922196287651439 0.02193419740777667 22.3175 0.6285714285714286 0.9300000000000006
0.9908858508391686 0.019940179461615155 22.2875 0.5714285714285714 0.9400000000000006
0.9884405913082138 0.019940179461615155 22.2325 0.5714285714285714 0.9500000000000006
0.9858841836167611 0.019940179461615155 22.175 0.5714285714285714 0.9600000000000006
0.9815494053573414 0.019940179461615155 22.0775 0.5714285714285714 0.9700000000000006
0.9735467378014894 0.019940179461615155 21.8975 0.5714285714285714 0.9800000000000006
0.9462042903189952 0.019940179461615155 21.2825 0.5714285714285714 0.9900000000000007
0.0 0.0 0.0 0.0
