0.0 0.6979062811565304 0.0 20.0 0.0
0.0 0.6969092721834497 0.0 19.97142857142857 0.01
0.0 0.6949152542372882 0.0 19.914285714285715 0.02
0.0 0.6869391824526421 0.0 19.685714285714287 0.03
0.0 0.6849451645064806 0.0 19.62857142857143 0.04
0.0 0.6829511465603191 0.0 19.571428571428573 0.05
0.0 0.678963110667996 0.0 19.457142857142856 0.060000000000000005
0.0 0.678963110667996 0.0 19.457142857142856 0.07
0.0 0.6779661016949152 0.0 19.428571428571427 0.08
0.0 0.6779661016949152 0.0 19.428571428571427 0.09
0.0 0.6769690927218345 0.0 19.4 0.09999999999999999
0.0 0.6759720837487537 0.0 19.37142857142857 0.10999999999999999
0.0 0.674975074775673 0.0 19.34285714285714 0.11999999999999998
0.0 0.674975074775673 0.0 19.34285714285714 0.12999999999999998
0.0 0.6739780658025922 0.0 19.314285714285713 0.13999999999999999
0.0 0.6719840478564307 0.0 19.257142857142856 0.15
0.0 0.6699900299102692 0.0 19.2 0.16
0.0 0.6699900299102692 0.0 19.2 0.17
0.0 0.6689930209371885 0.0 19.17142857142857 0.18000000000000002
0.0 0.6689930209371885 0.0 19.17142857142857 0.19000000000000003
0.0 0.6679960119641076 0.0 19.142857142857142 0.20000000000000004
0.0 0.6660019940179461 0.0 19.085714285714285 0.21000000000000005
0.0 0.6640079760717846 0.0 19.02857142857143 0.22000000000000006
0.0 0.6630109670987039 0.0 19.0 0.23000000000000007
0.0 0.6590229312063809 0.0 18.885714285714286 0.24000000000000007
0.0 0.6570289132602194 0.0 18.82857142857143 0.25000000000000006
0.0 0.6550348953140578 0.0 18.771428571428572 0.26000000000000006
0.0 0.654037886340977 0.0 18.742857142857144 0.2700000000000001
0.0 0.6530408773678963 0.0 18.714285714285715 0.2800000000000001
0.0 0.6530408773678963 0.0 18.714285714285715 0.2900000000000001
0.0 0.6520438683948155 0.0 18.685714285714287 0.3000000000000001
0.0 0.6520438683948155 0.0 18.685714285714287 0.3100000000000001
0.0 0.6490528414755733 0.0 18.6 0.3200000000000001
0.0 0.6490528414755733 0.0 18.6 0.3300000000000001
0.0 0.6490528414755733 0.0 18.6 0.34000000000000014
0.0 0.6480558325024925 0.0 18.571428571428573 0.35000000000000014
0.0 0.6480558325024925 0.0 18.571428571428573 0.36000000000000015
0.0 0.6480558325024925 0.0 18.571428571428573 0.37000000000000016
0.0 0.6480558325024925 0.0 18.571428571428573 0.38000000000000017
0.0 0.6470588235294118 0.0 18.542857142857144 0.3900000000000002
0.0 0.646061814556331 0.0 18.514285714285716 0.4000000000000002
0.0 0.6440677966101694 0.0 18.457142857142856 0.4100000000000002
0.0 0.6440677966101694 0.0 18.457142857142856 0.4200000000000002
0.0 0.6440677966101694 0.0 18.457142857142856 0.4300000000000002
0.0 0.6420737786640079 0.0 18.4 0.4400000000000002
0.0 0.6400797607178464 0.0 18.34285714285714 0.45000000000000023
0.0 0.6350947158524427 0.0 18.2 0.46000000000000024
0.0 0.634097706879362 0.0 18.17142857142857 0.47000000000000025
0.0 0.6331006979062812 0.0 18.142857142857142 0.48000000000000026
0.0 0.6301096709870389 0.0 18.057142857142857 0.49000000000000027
0.0 0.6261216350947159 0.0 17.942857142857143 0.5000000000000002
0.0 0.6261216350947159 0.0 17.942857142857143 0.5100000000000002
0.0 0.6231306081754736 0.0 17.857142857142858 0.5200000000000002
0.0 0.6231306081754736 0.0 17.857142857142858 0.5300000000000002
0.0 0.6191425722831505 0.0 17.742857142857144 0.5400000000000003
0.0 0.6161515453639083 0.0 17.65714285714286 0.5500000000000003
0.0 0.6121635094715853 0.0 17.542857142857144 0.5600000000000003
0.0 0.6111665004985045 0.0 17.514285714285716 0.5700000000000003
0.0 0.6101694915254238 0.0 17.485714285714284 0.5800000000000003
0.0 0.609172482552343 0.0 17.457142857142856 0.5900000000000003
0.0 0.609172482552343 0.0 17.457142857142856 0.6000000000000003
0.0 0.609172482552343 0.0 17.457142857142856 0.6100000000000003
0.0 0.6071784646061814 0.0 17.4 0.6200000000000003
0.0 0.6071784646061814 0.0 17.4 0.6300000000000003
0.0 0.6051844466600199 0.0 17.34285714285714 0.6400000000000003
0.0 0.6041874376869392 0.0 17.314285714285713 0.6500000000000004
0.0 0.6011964107676969 0.0 17.228571428571428 0.6600000000000004
0.0 0.6011964107676969 0.0 17.228571428571428 0.6700000000000004
0.0 0.6001994017946162 0.0 17.2 0.6800000000000004
0.0 0.5972083748753739 0.0 17.114285714285714 0.6900000000000004
0.0 0.5952143569292123 0.0 17.057142857142857 0.7000000000000004
0.0 0.5942173479561316 0.0 17.02857142857143 0.7100000000000004
0.0 0.5892323030907278 0.0 16.885714285714286 0.7200000000000004
0.0 0.5862412761714856 0.0 16.8 0.7300000000000004
0.0 0.5822532402791625 0.0 16.685714285714287 0.7400000000000004
0.0 0.5782652043868395 0.0 16.571428571428573 0.7500000000000004
0.0 0.5772681954137587 0.0 16.542857142857144 0.7600000000000005
0.0 0.5752741774675972 0.0 16.485714285714284 0.7700000000000005
0.0 0.5702891326021934 0.0 16.34285714285714 0.7800000000000005
0.0 0.5613160518444666 0.0 16.085714285714285 0.7900000000000005
0.0 0.5573280159521435 0.0 15.971428571428572 0.8000000000000005
0.0 0.5463609172482552 0.0 15.657142857142857 0.8100000000000005
0.0 0.5373878364905285 0.0 15.4 0.8200000000000005
0.0 0.5343968095712861 0.0 15.314285714285715 0.8300000000000005
0.0 0.5333998005982054 0.0 15.285714285714286 0.8400000000000005
0.0 0.5264207377866401 0.0 15.085714285714285 0.8500000000000005
0.0 0.5214356929212363 0.0 14.942857142857143 0.8600000000000005
0.0 0.5164506480558325 0.0 14.8 0.8700000000000006
0.0 0.5104685942173479 0.0 14.628571428571428 0.8800000000000006
0.0 0.5034895314057827 0.0 14.428571428571429 0.8900000000000006
0.0 0.4945164506480558 0.0 14.17142857142857 0.9000000000000006
0.0 0.4835493519441675 0.0 13.857142857142858 0.9100000000000006
0.0 0.4646061814556331 0.0 13.314285714285715 0.9200000000000006
0.0 0.4476570289132602 0.0 12.82857142857143 0.9300000000000006
0.0 0.42971086739780656 0.0 12.314285714285715 0.9400000000000006
0.0 0.4147557328015952 0.0 11.885714285714286 0.9500000000000006
0.0 0.3988035892323031 0.0 11.428571428571429 0.9600000000000006
0.0 0.36889332003988035 0.0 10.571428571428571 0.9700000000000006
0.0 0.32602193419740777 0.0 9.342857142857143 0.9800000000000006
0.0 0.25324027916251246 0.0 7.257142857142857 0.9900000000000007
0.0 0.0 0.0 0.0
