0.0 0.8973080757726819 0.0 20.0 0.0
0.0 0.8943170488534397 0.0 19.933333333333334 0.01
0.0 0.8773678963110668 0.0 19.555555555555557 0.02
0.0 0.872382851445663 0.0 19.444444444444443 0.03
0.0 0.8634097706879362 0.0 19.244444444444444 0.04
0.0 0.8594217347956131 0.0 19.155555555555555 0.05
0.0 0.8404785643070788 0.0 18.733333333333334 0.060000000000000005
0.0 0.8404785643070788 0.0 18.733333333333334 0.07
0.0 0.8325024925224327 0.0 18.555555555555557 0.08
0.0 0.8295114656031904 0.0 18.488888888888887 0.09
0.0 0.8265204386839482 0.0 18.42222222222222 0.09999999999999999
0.0 0.8215353938185443 0.0 18.31111111111111 0.10999999999999999
0.0 0.8185443668993021 0.0 18.244444444444444 0.11999999999999998
0.0 0.8155533399800599 0.0 18.177777777777777 0.12999999999999998
0.0 0.8135593220338984 0.0 18.133333333333333 0.13999999999999999
0.0 0.8115653040877367 0.0 18.08888888888889 0.15
0.0 0.8055832502492523 0.0 17.955555555555556 0.16
0.0 0.80259222333001 0.0 17.88888888888889 0.17
0.0 0.7966101694915254 0.0 17.755555555555556 0.18000000000000002
0.0 0.7926221335992024 0.0 17.666666666666668 0.19000000000000003
0.0 0.7916251246261217 0.0 17.644444444444446 0.20000000000000004
0.0 0.7886340977068793 0.0 17.57777777777778 0.21000000000000005
0.0 0.7856430707876371 0.0 17.511111111111113 0.22000000000000006
0.0 0.7846460618145563 0.0 17.488888888888887 0.23000000000000007
0.0 0.7816550348953141 0.0 17.42222222222222 0.24000000000000007
0.0 0.773678963110668 0.0 17.244444444444444 0.25000000000000006
0.0 0.7666999002991027 0.0 17.08888888888889 0.26000000000000006
0.0 0.7637088733798604 0.0 17.022222222222222 0.2700000000000001
0.0 0.7617148554336989 0.0 16.977777777777778 0.2800000000000001
0.0 0.7547357926221336 0.0 16.822222222222223 0.2900000000000001
0.0 0.748753738783649 0.0 16.68888888888889 0.3000000000000001
0.0 0.7427716849451645 0.0 16.555555555555557 0.3100000000000001
0.0 0.7417746759720838 0.0 16.533333333333335 0.3200000000000001
0.0 0.7397806580259222 0.0 16.488888888888887 0.3300000000000001
0.0 0.7397806580259222 0.0 16.488888888888887 0.34000000000000014
0.0 0.7377866400797607 0.0 16.444444444444443 0.35000000000000014
0.0 0.7377866400797607 0.0 16.444444444444443 0.36000000000000015
0.0 0.7377866400797607 0.0 16.444444444444443 0.37000000000000016
0.0 0.7367896311066799 0.0 16.42222222222222 0.38000000000000017
0.0 0.7357926221335992 0.0 16.4 0.3900000000000002
0.0 0.7337986041874377 0.0 16.355555555555554 0.4000000000000002
0.0 0.7308075772681955 0.0 16.288888888888888 0.4100000000000002
0.0 0.7298105682951147 0.0 16.266666666666666 0.4200000000000002
0.0 0.7268195413758723 0.0 16.2 0.4300000000000002
0.0 0.7258225324027916 0.0 16.177777777777777 0.4400000000000002
0.0 0.7218344965104686 0.0 16.08888888888889 0.45000000000000023
0.0 0.7208374875373879 0.0 16.066666666666666 0.46000000000000024
0.0 0.7178464606181456 0.0 16.0 0.47000000000000025
0.0 0.711864406779661 0.0 15.866666666666667 0.48000000000000026
0.0 0.7098703888334995 0.0 15.822222222222223 0.49000000000000027
0.0 0.7068793619142573 0.0 15.755555555555556 0.5000000000000002
0.0 0.7038883349950149 0.0 15.688888888888888 0.5100000000000002
0.0 0.6989032901296112 0.0 15.577777777777778 0.5200000000000002
0.0 0.6959122632103689 0.0 15.511111111111111 0.5300000000000002
0.0 0.6859421734795613 0.0 15.28888888888889 0.5400000000000003
0.0 0.6859421734795613 0.0 15.28888888888889 0.5500000000000003
0.0 0.6839481555333998 0.0 15.244444444444444 0.5600000000000003
0.0 0.674975074775673 0.0 15.044444444444444 0.5700000000000003
0.0 0.6719840478564307 0.0 14.977777777777778 0.5800000000000003
0.0 0.6689930209371885 0.0 14.911111111111111 0.5900000000000003
0.0 0.6660019940179461 0.0 14.844444444444445 0.6000000000000003
0.0 0.6650049850448654 0.0 14.822222222222223 0.6100000000000003
0.0 0.6620139581256231 0.0 14.755555555555556 0.6200000000000003
0.0 0.6600199401794616 0.0 14.71111111111111 0.6300000000000003
0.0 0.6580259222333001 0.0 14.666666666666666 0.6400000000000003
0.0 0.6550348953140578 0.0 14.6 0.6500000000000004
0.0 0.6550348953140578 0.0 14.6 0.6600000000000004
0.0 0.654037886340977 0.0 14.577777777777778 0.6700000000000004
0.0 0.6530408773678963 0.0 14.555555555555555 0.6800000000000004
0.0 0.6530408773678963 0.0 14.555555555555555 0.6900000000000004
0.0 0.6480558325024925 0.0 14.444444444444445 0.7000000000000004
0.0 0.6410767696909272 0.0 14.28888888888889 0.7100000000000004
0.0 0.6370887337986042 0.0 14.2 0.7200000000000004
0.0 0.6360917248255235 0.0 14.177777777777777 0.7300000000000004
0.0 0.6301096709870389 0.0 14.044444444444444 0.7400000000000004
0.0 0.6261216350947159 0.0 13.955555555555556 0.7500000000000004
0.0 0.6181455633100698 0.0 13.777777777777779 0.7600000000000005
0.0 0.6161515453639083 0.0 13.733333333333333 0.7700000000000005
0.0 0.613160518444666 0.0 13.666666666666666 0.7800000000000005
0.0 0.6071784646061814 0.0 13.533333333333333 0.7900000000000005
0.0 0.5992023928215354 0.0 13.355555555555556 0.8000000000000005
0.0 0.5852442671984048 0.0 13.044444444444444 0.8100000000000005
0.0 0.5812562313060817 0.0 12.955555555555556 0.8200000000000005
0.0 0.576271186440678 0.0 12.844444444444445 0.8300000000000005
0.0 0.5623130608175474 0.0 12.533333333333333 0.8400000000000005
0.0 0.5573280159521435 0.0 12.422222222222222 0.8500000000000005
0.0 0.5463609172482552 0.0 12.177777777777777 0.8600000000000005
0.0 0.5423728813559322 0.0 12.088888888888889 0.8700000000000006
0.0 0.5353938185443669 0.0 11.933333333333334 0.8800000000000006
0.0 0.5284147557328016 0.0 11.777777777777779 0.8900000000000006
0.0 0.5174476570289133 0.0 11.533333333333333 0.9000000000000006
0.0 0.5074775672981057 0.0 11.311111111111112 0.9100000000000006
0.0 0.4985044865403789 0.0 11.11111111111111 0.9200000000000006
0.0 0.48055832502492524 0.0 10.71111111111111 0.9300000000000006
0.0 0.4596211365902293 0.0 10.244444444444444 0.9400000000000006
0.0 0.4386839481555334 0.0 9.777777777777779 0.9500000000000006
0.0 0.4147557328015952 0.0 9.244444444444444 0.9600000000000006
0.0 0.38783649052841473 0.0 8.644444444444444 0.9700000000000006
0.0 0.33300099700897307 0.0 7.4222222222222225 0.9800000000000006
0.0 0.2761714855433699 0.0 6.155555555555556 0.9900000000000007
0.0 0.0 0.0 0.0
