0.0 0.19940179461615154 0.0 20.0 0.0
0.0 0.1296111665004985 0.0 13.0 0.01
0.0 0.10468594217347957 0.0 10.5 0.02
0.0 0.08673978065802593 0.0 8.7 0.03
0.0 0.07776669990029911 0.0 7.8 0.04
0.0 0.07278165503489531 0.0 7.3 0.05
0.0 0.06380857427716849 0.0 6.4 0.060000000000000005
0.0 0.06380857427716849 0.0 6.4 0.07
0.0 0.06281156530408774 0.0 6.3 0.08
0.0 0.05982053838484546 0.0 6.0 0.09
0.0 0.05583250249252243 0.0 5.6 0.09999999999999999
0.0 0.05583250249252243 0.0 5.6 0.10999999999999999
0.0 0.054835493519441676 0.0 5.5 0.11999999999999998
0.0 0.054835493519441676 0.0 5.5 0.12999999999999998
0.0 0.053838484546360914 0.0 5.4 0.13999999999999999
0.0 0.05284147557328016 0.0 5.3 0.15
0.0 0.0518444666001994 0.0 5.2 0.16
0.0 0.0518444666001994 0.0 5.2 0.17
0.0 0.05084745762711865 0.0 5.1 0.18000000000000002
0.0 0.05084745762711865 0.0 5.1 0.19000000000000003
0.0 0.05084745762711865 0.0 5.1 0.20000000000000004
0.0 0.05084745762711865 0.0 5.1 0.21000000000000005
0.0 0.05084745762711865 0.0 5.1 0.22000000000000006
0.0 0.047856430707876374 0.0 4.8 0.23000000000000007
0.0 0.047856430707876374 0.0 4.8 0.24000000000000007
0.0 0.04685942173479561 0.0 4.7 0.25000000000000006
0.0 0.045862412761714856 0.0 4.6 0.26000000000000006
0.0 0.04386839481555334 0.0 4.4 0.2700000000000001
0.0 0.04386839481555334 0.0 4.4 0.2800000000000001
0.0 0.04287138584247258 0.0 4.3 0.2900000000000001
0.0 0.04187437686939183 0.0 4.2 0.3000000000000001
0.0 0.04187437686939183 0.0 4.2 0.3100000000000001
0.0 0.04187437686939183 0.0 4.2 0.3200000000000001
0.0 0.04187437686939183 0.0 4.2 0.3300000000000001
0.0 0.04187437686939183 0.0 4.2 0.34000000000000014
0.0 0.04187437686939183 0.0 4.2 0.35000000000000014
0.0 0.03988035892323031 0.0 4.0 0.36000000000000015
0.0 0.03988035892323031 0.0 4.0 0.37000000000000016
0.0 0.036889332003988036 0.0 3.7 0.38000000000000017
0.0 0.036889332003988036 0.0 3.7 0.3900000000000002
0.0 0.03489531405782652 0.0 3.5 0.4000000000000002
0.0 0.03290129611166501 0.0 3.3 0.4100000000000002
0.0 0.031904287138584245 0.0 3.2 0.4200000000000002
0.0 0.031904287138584245 0.0 3.2 0.4300000000000002
0.0 0.031904287138584245 0.0 3.2 0.4400000000000002
0.0 0.02991026919242273 0.0 3.0 0.45000000000000023
0.0 0.028913260219341975 0.0 2.9 0.46000000000000024
0.0 0.028913260219341975 0.0 2.9 0.47000000000000025
0.0 0.027916251246261216 0.0 2.8 0.48000000000000026
0.0 0.026919242273180457 0.0 2.7 0.49000000000000027
0.0 0.0259222333000997 0.0 2.6 0.5000000000000002
0.0 0.0259222333000997 0.0 2.6 0.5100000000000002
0.0 0.022931206380857428 0.0 2.3 0.5200000000000002
0.0 0.020937188434695914 0.0 2.1 0.5300000000000002
0.0 0.019940179461615155 0.0 2.0 0.5400000000000003
0.0 0.018943170488534396 0.0 1.9 0.5500000000000003
0.0 0.01794616151545364 0.0 1.8 0.5600000000000003
0.0 0.01694915254237288 0.0 1.7 0.5700000000000003
0.0 0.01694915254237288 0.0 1.7 0.5800000000000003
0.0 0.014955134596211365 0.0 1.5 0.5900000000000003
0.0 0.014955134596211365 0.0 1.5 0.6000000000000003
0.0 0.014955134596211365 0.0 1.5 0.6100000000000003
0.0 0.014955134596211365 0.0 1.5 0.6200000000000003
0.0 0.014955134596211365 0.0 1.5 0.6300000000000003
0.0 0.014955134596211365 0.0 1.5 0.6400000000000003
0.0 0.014955134596211365 0.0 1.5 0.6500000000000004
0.0 0.014955134596211365 0.0 1.5 0.6600000000000004
0.0 0.013958125623130608 0.0 1.4 0.6700000000000004
0.0 0.01296111665004985 0.0 1.3 0.6800000000000004
0.0 0.011964107676969093 0.0 1.2 0.6900000000000004
0.0 0.011964107676969093 0.0 1.2 0.7000000000000004
0.0 0.010967098703888335 0.0 1.1 0.7100000000000004
0.0 0.009970089730807577 0.0 1.0 0.7200000000000004
0.0 0.009970089730807577 0.0 1.0 0.7300000000000004
0.0 0.007976071784646061 0.0 0.8 0.7400000000000004
0.0 0.007976071784646061 0.0 0.8 0.7500000000000004
0.0 0.004985044865403789 0.0 0.5 0.7600000000000005
0.0 0.004985044865403789 0.0 0.5 0.7700000000000005
0.0 0.004985044865403789 0.0 0.5 0.7800000000000005
0.0 0.004985044865403789 0.0 0.5 0.7900000000000005
0.0 0.003988035892323031 0.0 0.4 0.8000000000000005
0.0 0.003988035892323031 0.0 0.4 0.8100000000000005
0.0 0.003988035892323031 0.0 0.4 0.8200000000000005
0.0 0.003988035892323031 0.0 0.4 0.8300000000000005
0.0 0.0029910269192422734 0.0 0.3 0.8400000000000005
0.0 0.0029910269192422734 0.0 0.3 0.8500000000000005
0.0 0.0029910269192422734 0.0 0.3 0.8600000000000005
0.0 0.0029910269192422734 0.0 0.3 0.8700000000000006
0.0 0.0029910269192422734 0.0 0.3 0.8800000000000006
0.0 0.0029910269192422734 0.0 0.3 0.8900000000000006
0.0 0.0029910269192422734 0.0 0.3 0.9000000000000006
0.0 0.0 0.0 0.0 0.9100000000000006
0.0 0.0 0.0 0.0 0.9200000000000006
0.0 0.0 0.0 0.0 0.9300000000000006
0.0 0.0 0.0 0.0 0.9400000000000006
0.0 0.0 0.0 0.0 0.9500000000000006
0.0 0.0 0.0 0.0 0.9600000000000006
0.0 0.0 0.0 0.0 0.9700000000000006
0.0 0.0 0.0 0.0 0.9800000000000006
0.0 0.0 0.0 0.0 0.9900000000000007
0.0 0.0 0.0 0.0
