1.0 1.0 9.996666666666666 20.06 0.0
1.0 0.357926221335992 9.996666666666666 7.18 0.01
1.0 0.18943170488534397 9.996666666666666 3.8 0.02
1.0 0.1365902293120638 9.996666666666666 2.74 0.03
1.0 0.10269192422731804 9.996666666666666 2.06 0.04
1.0 0.0847457627118644 9.996666666666666 1.7 0.05
1.0 0.06480558325024925 9.996666666666666 1.3 0.060000000000000005
1.0 0.06480558325024925 9.996666666666666 1.3 0.07
1.0 0.0518444666001994 9.996666666666666 1.04 0.08
1.0 0.047856430707876374 9.996666666666666 0.96 0.09
1.0 0.04287138584247258 9.996666666666666 0.86 0.09999999999999999
1.0 0.038883349950149554 9.996666666666666 0.78 0.10999999999999999
1.0 0.03489531405782652 9.996666666666666 0.7 0.11999999999999998
1.0 0.03290129611166501 9.996666666666666 0.66 0.12999999999999998
1.0 0.031904287138584245 9.996666666666666 0.64 0.13999999999999999
1.0 0.02991026919242273 9.996666666666666 0.6 0.15
1.0 0.028913260219341975 9.996666666666666 0.58 0.16
1.0 0.027916251246261216 9.996666666666666 0.56 0.17
1.0 0.019940179461615155 9.996666666666666 0.4 0.18000000000000002
1.0 0.018943170488534396 9.996666666666666 0.38 0.19000000000000003
1.0 0.01794616151545364 9.996666666666666 0.36 0.20000000000000004
1.0 0.01794616151545364 9.996666666666666 0.36 0.21000000000000005
1.0 0.01794616151545364 9.996666666666666 0.36 0.22000000000000006
1.0 0.01794616151545364 9.996666666666666 0.36 0.23000000000000007
1.0 0.01794616151545364 9.996666666666666 0.36 0.24000000000000007
1.0 0.01694915254237288 9.996666666666666 0.34 0.25000000000000006
1.0 0.015952143569292122 9.996666666666666 0.32 0.26000000000000006
1.0 0.014955134596211365 9.996666666666666 0.3 0.2700000000000001
1.0 0.014955134596211365 9.996666666666666 0.3 0.2800000000000001
1.0 0.014955134596211365 9.996666666666666 0.3 0.2900000000000001
1.0 0.014955134596211365 9.996666666666666 0.3 0.3000000000000001
1.0 0.013958125623130608 9.996666666666666 0.28 0.3100000000000001
1.0 0.013958125623130608 9.996666666666666 0.28 0.3200000000000001
1.0 0.013958125623130608 9.996666666666666 0.28 0.3300000000000001
1.0 0.01296111665004985 9.996666666666666 0.26 0.34000000000000014
1.0 0.011964107676969093 9.996666666666666 0.24 0.35000000000000014
1.0 0.011964107676969093 9.996666666666666 0.24 0.36000000000000015
1.0 0.011964107676969093 9.996666666666666 0.24 0.37000000000000016
1.0 0.011964107676969093 9.996666666666666 0.24 0.38000000000000017
1.0 0.010967098703888335 9.996666666666666 0.22 0.3900000000000002
1.0 0.010967098703888335 9.996666666666666 0.22 0.4000000000000002
1.0 0.007976071784646061 9.996666666666666 0.16 0.4100000000000002
1.0 0.007976071784646061 9.996666666666666 0.16 0.4200000000000002
1.0 0.007976071784646061 9.996666666666666 0.16 0.4300000000000002
1.0 0.006979062811565304 9.996666666666666 0.14 0.4400000000000002
1.0 0.006979062811565304 9.996666666666666 0.14 0.45000000000000023
1.0 0.006979062811565304 9.996666666666666 0.14 0.46000000000000024
1.0 0.006979062811565304 9.996666666666666 0.14 0.47000000000000025
1.0 0.006979062811565304 9.996666666666666 0.14 0.48000000000000026
1.0 0.004985044865403789 9.996666666666666 0.1 0.49000000000000027
1.0 0.003988035892323031 9.996666666666666 0.08 0.5000000000000002
1.0 0.003988035892323031 9.996666666666666 0.08 0.5100000000000002
1.0 0.003988035892323031 9.996666666666666 0.08 0.5200000000000002
1.0 0.003988035892323031 9.996666666666666 0.08 0.5300000000000002
1.0 0.003988035892323031 9.996666666666666 0.08 0.5400000000000003
1.0 0.003988035892323031 9.996666666666666 0.08 0.5500000000000003
1.0 0.003988035892323031 9.996666666666666 0.08 0.5600000000000003
1.0 0.003988035892323031 9.996666666666666 0.08 0.5700000000000003
1.0 0.003988035892323031 9.996666666666666 0.08 0.5800000000000003
1.0 0.003988035892323031 9.996666666666666 0.08 0.5900000000000003
1.0 0.003988035892323031 9.996666666666666 0.08 0.6000000000000003
1.0 0.003988035892323031 9.996666666666666 0.08 0.6100000000000003
1.0 0.003988035892323031 9.996666666666666 0.08 0.6200000000000003
1.0 0.003988035892323031 9.996666666666666 0.08 0.6300000000000003
1.0 0.003988035892323031 9.996666666666666 0.08 0.6400000000000003
1.0 0.003988035892323031 9.996666666666666 0.08 0.6500000000000004
1.0 0.003988035892323031 9.996666666666666 0.08 0.6600000000000004
1.0 0.003988035892323031 9.996666666666666 0.08 0.6700000000000004
1.0 0.003988035892323031 9.996666666666666 0.08 0.6800000000000004
1.0 0.003988035892323031 9.996666666666666 0.08 0.6900000000000004
1.0 0.003988035892323031 9.996666666666666 0.08 0.7000000000000004
1.0 0.0019940179461615153 9.996666666666666 0.04 0.7100000000000004
1.0 9.970089730807576E-4 9.996666666666666 0.02 0.7200000000000004
1.0 9.970089730807576E-4 9.996666666666666 0.02 0.7300000000000004
1.0 9.970089730807576E-4 9.996666666666666 0.02 0.7400000000000004
1.0 9.970089730807576E-4 9.996666666666666 0.02 0.7500000000000004
1.0 9.970089730807576E-4 9.996666666666666 0.02 0.7600000000000005
1.0 9.970089730807576E-4 9.996666666666666 0.02 0.7700000000000005
1.0 9.970089730807576E-4 9.996666666666666 0.02 0.7800000000000005
1.0 9.970089730807576E-4 9.996666666666666 0.02 0.7900000000000005
1.0 9.970089730807576E-4 9.996666666666666 0.02 0.8000000000000005
1.0 9.970089730807576E-4 9.996666666666666 0.02 0.8100000000000005
1.0 9.970089730807576E-4 9.996666666666666 0.02 0.8200000000000005
1.0 9.970089730807576E-4 9.996666666666666 0.02 0.8300000000000005
1.0 9.970089730807576E-4 9.996666666666666 0.02 0.8400000000000005
1.0 9.970089730807576E-4 9.996666666666666 0.02 0.8500000000000005
1.0 9.970089730807576E-4 9.996666666666666 0.02 0.8600000000000005
1.0 9.970089730807576E-4 9.996666666666666 0.02 0.8700000000000006
1.0 9.970089730807576E-4 9.996666666666666 0.02 0.8800000000000006
1.0 9.970089730807576E-4 9.996666666666666 0.02 0.8900000000000006
1.0 9.970089730807576E-4 9.996666666666666 0.02 0.9000000000000006
1.0 9.970089730807576E-4 9.996666666666666 0.02 0.9100000000000006
1.0 0.0 9.996666666666666 0.0 0.9200000000000006
1.0 0.0 9.996666666666666 0.0 0.9300000000000006
1.0 0.0 9.996666666666666 0.0 0.9400000000000006
1.0 0.0 9.996666666666666 0.0 0.9500000000000006
0.999888851839502 0.0 9.995555555555555 0.0 0.9600000000000006
0.999888851839502 0.0 9.995555555555555 0.0 0.9700000000000006
0.9996665555185061 0.0 9.993333333333334 0.0 0.9800000000000006
0.9996665555185061 0.0 9.993333333333334 0.0 0.9900000000000007
0.0 0.0 0.0 0.0
