0.0 0.9970089730807578 0.0 20.0 0.0
0.0 0.9870388833499502 0.0 19.8 0.01
0.0 0.9700897308075773 0.0 19.46 0.02
0.0 0.9491525423728814 0.0 19.04 0.03
0.0 0.9441674975074775 0.0 18.94 0.04
0.0 0.938185443668993 0.0 18.82 0.05
0.0 0.9142572283150548 0.0 18.34 0.060000000000000005
0.0 0.9142572283150548 0.0 18.34 0.07
0.0 0.9062811565304087 0.0 18.18 0.08
0.0 0.901296111665005 0.0 18.08 0.09
0.0 0.8943170488534397 0.0 17.94 0.09999999999999999
0.0 0.8893320039880359 0.0 17.84 0.10999999999999999
0.0 0.8843469591226321 0.0 17.74 0.11999999999999998
0.0 0.8803589232303091 0.0 17.66 0.12999999999999998
0.0 0.8803589232303091 0.0 17.66 0.13999999999999999
0.0 0.872382851445663 0.0 17.5 0.15
0.0 0.8664007976071785 0.0 17.38 0.16
0.0 0.8634097706879362 0.0 17.32 0.17
0.0 0.8584247258225324 0.0 17.22 0.18000000000000002
0.0 0.8554336989032901 0.0 17.16 0.19000000000000003
0.0 0.8504486540378864 0.0 17.06 0.20000000000000004
0.0 0.843469591226321 0.0 16.92 0.21000000000000005
0.0 0.8424725822532403 0.0 16.9 0.22000000000000006
0.0 0.8364905284147557 0.0 16.78 0.23000000000000007
0.0 0.8315054835493519 0.0 16.68 0.24000000000000007
0.0 0.8265204386839482 0.0 16.58 0.25000000000000006
0.0 0.8245264207377866 0.0 16.54 0.26000000000000006
0.0 0.8215353938185443 0.0 16.48 0.2700000000000001
0.0 0.8175473579262214 0.0 16.4 0.2800000000000001
0.0 0.8145563310069791 0.0 16.34 0.2900000000000001
0.0 0.8125623130608175 0.0 16.3 0.3000000000000001
0.0 0.8085742771684945 0.0 16.22 0.3100000000000001
0.0 0.80259222333001 0.0 16.1 0.3200000000000001
0.0 0.8015952143569293 0.0 16.08 0.3300000000000001
0.0 0.7996011964107677 0.0 16.04 0.34000000000000014
0.0 0.7996011964107677 0.0 16.04 0.35000000000000014
0.0 0.7956131605184447 0.0 15.96 0.36000000000000015
0.0 0.7946161515453639 0.0 15.94 0.37000000000000016
0.0 0.7906281156530409 0.0 15.86 0.38000000000000017
0.0 0.7856430707876371 0.0 15.76 0.3900000000000002
0.0 0.7846460618145563 0.0 15.74 0.4000000000000002
0.0 0.7816550348953141 0.0 15.68 0.4100000000000002
0.0 0.7806580259222333 0.0 15.66 0.4200000000000002
0.0 0.7796610169491526 0.0 15.64 0.4300000000000002
0.0 0.7776669990029911 0.0 15.6 0.4400000000000002
0.0 0.7726819541375872 0.0 15.5 0.45000000000000023
0.0 0.7706879361914257 0.0 15.46 0.46000000000000024
0.0 0.7686939182452642 0.0 15.42 0.47000000000000025
0.0 0.765702891326022 0.0 15.36 0.48000000000000026
0.0 0.7557328015952144 0.0 15.16 0.49000000000000027
0.0 0.7457627118644068 0.0 14.96 0.5000000000000002
0.0 0.7417746759720838 0.0 14.88 0.5100000000000002
0.0 0.7397806580259222 0.0 14.84 0.5200000000000002
0.0 0.7377866400797607 0.0 14.8 0.5300000000000002
0.0 0.7347956131605184 0.0 14.74 0.5400000000000003
0.0 0.7218344965104686 0.0 14.48 0.5500000000000003
0.0 0.7178464606181456 0.0 14.4 0.5600000000000003
0.0 0.715852442671984 0.0 14.36 0.5700000000000003
0.0 0.715852442671984 0.0 14.36 0.5800000000000003
0.0 0.7108673978065803 0.0 14.26 0.5900000000000003
0.0 0.7088733798604188 0.0 14.22 0.6000000000000003
0.0 0.7018943170488534 0.0 14.08 0.6100000000000003
0.0 0.6979062811565304 0.0 14.0 0.6200000000000003
0.0 0.6869391824526421 0.0 13.78 0.6300000000000003
0.0 0.6839481555333998 0.0 13.72 0.6400000000000003
0.0 0.678963110667996 0.0 13.62 0.6500000000000004
0.0 0.674975074775673 0.0 13.54 0.6600000000000004
0.0 0.6739780658025922 0.0 13.52 0.6700000000000004
0.0 0.67098703888335 0.0 13.46 0.6800000000000004
0.0 0.6689930209371885 0.0 13.42 0.6900000000000004
0.0 0.6669990029910269 0.0 13.38 0.7000000000000004
0.0 0.6590229312063809 0.0 13.22 0.7100000000000004
0.0 0.6530408773678963 0.0 13.1 0.7200000000000004
0.0 0.6440677966101694 0.0 12.92 0.7300000000000004
0.0 0.6390827517447657 0.0 12.82 0.7400000000000004
0.0 0.634097706879362 0.0 12.72 0.7500000000000004
0.0 0.6271186440677966 0.0 12.58 0.7600000000000005
0.0 0.6251246261216351 0.0 12.54 0.7700000000000005
0.0 0.6211365902293121 0.0 12.46 0.7800000000000005
0.0 0.6141575274177468 0.0 12.32 0.7900000000000005
0.0 0.6101694915254238 0.0 12.24 0.8000000000000005
0.0 0.6011964107676969 0.0 12.06 0.8100000000000005
0.0 0.5922233300099701 0.0 11.88 0.8200000000000005
0.0 0.5792622133599202 0.0 11.62 0.8300000000000005
0.0 0.5613160518444666 0.0 11.26 0.8400000000000005
0.0 0.555333998005982 0.0 11.14 0.8500000000000005
0.0 0.5493519441674976 0.0 11.02 0.8600000000000005
0.0 0.5353938185443669 0.0 10.74 0.8700000000000006
0.0 0.5234297108673978 0.0 10.5 0.8800000000000006
0.0 0.5174476570289133 0.0 10.38 0.8900000000000006
0.0 0.5124626121635095 0.0 10.28 0.9000000000000006
0.0 0.4985044865403789 0.0 10.0 0.9100000000000006
0.0 0.481555333998006 0.0 9.66 0.9200000000000006
0.0 0.4666001994017946 0.0 9.36 0.9300000000000006
0.0 0.45363908275174475 0.0 9.1 0.9400000000000006
0.0 0.4307078763708873 0.0 8.64 0.9500000000000006
0.0 0.4117647058823529 0.0 8.26 0.9600000000000006
0.0 0.37387836490528414 0.0 7.5 0.9700000000000006
0.0 0.3150548354935194 0.0 6.32 0.9800000000000006
0.0 0.2502492522432702 0.0 5.02 0.9900000000000007
0.0 0.0 0.0 0.0
