1.0 1.0 22.4925 33.43333333333333 0.0
1.0 0.9132602193419741 22.4925 30.533333333333335 0.01
1.0 0.8444666001994018 22.4925 28.233333333333334 0.02
1.0 0.7836490528414756 22.4925 26.2 0.03
1.0 0.7477567298105683 22.4925 25.0 0.04
1.0 0.7208374875373879 22.4925 24.1 0.05
1.0 0.6590229312063809 22.4925 22.033333333333335 0.060000000000000005
1.0 0.6590229312063809 22.4925 22.033333333333335 0.07
1.0 0.6350947158524427 22.4925 21.233333333333334 0.08
1.0 0.6101694915254238 22.4925 20.4 0.09
1.0 0.5952143569292123 22.4925 19.9 0.09999999999999999
1.0 0.580259222333001 22.4925 19.4 0.10999999999999999
1.0 0.5663010967098704 22.4925 18.933333333333334 0.11999999999999998
1.0 0.5473579262213359 22.4925 18.3 0.12999999999999998
1.0 0.5304087736789631 22.4925 17.733333333333334 0.13999999999999999
1.0 0.5084745762711864 22.4925 17.0 0.15
1.0 0.49252243270189433 22.4925 16.466666666666665 0.16
1.0 0.47357926221335994 22.4925 15.833333333333334 0.17
1.0 0.43968095712861416 22.4925 14.7 0.18000000000000002
1.0 0.4267198404785643 22.4925 14.266666666666667 0.19000000000000003
1.0 0.41575274177467597 22.4925 13.9 0.20000000000000004
1.0 0.4067796610169492 22.4925 13.6 0.21000000000000005
1.0 0.3968095712861416 22.4925 13.266666666666667 0.22000000000000006
1.0 0.3898305084745763 22.4925 13.033333333333333 0.23000000000000007
1.0 0.3848454636091725 22.4925 12.866666666666667 0.24000000000000007
1.0 0.3818544366899302 22.4925 12.766666666666667 0.25000000000000006
1.0 0.3798604187437687 22.4925 12.7 0.26000000000000006
1.0 0.3678963110667996 22.4925 12.3 0.2700000000000001
1.0 0.35493519441674976 22.4925 11.866666666666667 0.2800000000000001
1.0 0.34995014955134596 22.4925 11.7 0.2900000000000001
1.0 0.34097706879361916 22.4925 11.4 0.3000000000000001
1.0 0.3349950149551346 22.4925 11.2 0.3100000000000001
1.0 0.3270189431704885 22.4925 10.933333333333334 0.3200000000000001
1.0 0.317048853439681 22.4925 10.6 0.3300000000000001
1.0 0.30608175473579263 22.4925 10.233333333333333 0.34000000000000014
1.0 0.30109670987038883 22.4925 10.066666666666666 0.35000000000000014
1.0 0.29411764705882354 22.4925 9.833333333333334 0.36000000000000015
1.0 0.2831505483549352 22.4925 9.466666666666667 0.37000000000000016
1.0 0.2731804586241276 22.4925 9.133333333333333 0.38000000000000017
1.0 0.26520438683948155 22.4925 8.866666666666667 0.3900000000000002
1.0 0.25623130608175476 22.4925 8.566666666666666 0.4000000000000002
1.0 0.23928215353938184 22.4925 8.0 0.4100000000000002
1.0 0.23030907278165502 22.4925 7.7 0.4200000000000002
1.0 0.2213359920239282 22.4925 7.4 0.4300000000000002
1.0 0.21834496510468593 22.4925 7.3 0.4400000000000002
1.0 0.20837487537387836 22.4925 6.966666666666667 0.45000000000000023
1.0 0.20438683948155534 22.4925 6.833333333333333 0.46000000000000024
1.0 0.2023928215353938 22.4925 6.766666666666667 0.47000000000000025
1.0 0.20039880358923232 22.4925 6.7 0.48000000000000026
1.0 0.19541375872382852 22.4925 6.533333333333333 0.49000000000000027
1.0 0.19042871385842472 22.4925 6.366666666666666 0.5000000000000002
1.0 0.18544366899302095 22.4925 6.2 0.5100000000000002
1.0 0.18344965104685942 22.4925 6.133333333333334 0.5200000000000002
1.0 0.18344965104685942 22.4925 6.133333333333334 0.5300000000000002
1.0 0.1814556331006979 22.4925 6.066666666666666 0.5400000000000003
1.0 0.17746759720837488 22.4925 5.933333333333334 0.5500000000000003
1.0 0.17148554336989033 22.4925 5.733333333333333 0.5600000000000003
1.0 0.1694915254237288 22.4925 5.666666666666667 0.5700000000000003
1.0 0.16350947158524426 22.4925 5.466666666666667 0.5800000000000003
1.0 0.1585244267198405 22.4925 5.3 0.5900000000000003
1.0 0.15254237288135594 22.4925 5.1 0.6000000000000003
1.0 0.1485543369890329 22.4925 4.966666666666667 0.6100000000000003
1.0 0.1415752741774676 22.4925 4.733333333333333 0.6200000000000003
1.0 0.1365902293120638 22.4925 4.566666666666666 0.6300000000000003
1.0 0.13060817547357925 22.4925 4.366666666666666 0.6400000000000003
1.0 0.12662013958125623 22.4925 4.233333333333333 0.6500000000000004
1.0 0.11764705882352941 22.4925 3.933333333333333 0.6600000000000004
1.0 0.11166500498504486 22.4925 3.7333333333333334 0.6700000000000004
1.0 0.10269192422731804 22.4925 3.433333333333333 0.6800000000000004
1.0 0.09970089730807577 22.4925 3.3333333333333335 0.6900000000000004
1.0 0.09770687936191426 22.4925 3.2666666666666666 0.7000000000000004
1.0 0.09172482552342971 22.4925 3.066666666666667 0.7100000000000004
1.0 0.08075772681954138 22.4925 2.7 0.7200000000000004
1.0 0.07377866400797607 22.4925 2.466666666666667 0.7300000000000004
1.0 0.06979062811565304 22.4925 2.3333333333333335 0.7400000000000004
1.0 0.06480558325024925 22.4925 2.1666666666666665 0.7500000000000004
1.0 0.06081754735792622 22.4925 2.033333333333333 0.7600000000000005
1.0 0.06081754735792622 22.4925 2.033333333333333 0.7700000000000005
1.0 0.05982053838484546 22.4925 2.0 0.7800000000000005
1.0 0.05682951146560319 22.4925 1.9 0.7900000000000005
1.0 0.053838484546360914 22.4925 1.8 0.8000000000000005
1.0 0.0518444666001994 22.4925 1.7333333333333334 0.8100000000000005
0.999888851839502 0.049850448654037885 22.49 1.6666666666666667 0.8200000000000005
0.999888851839502 0.04885343968095713 22.49 1.6333333333333333 0.8300000000000005
0.9997777036790041 0.0448654037886341 22.4875 1.5 0.8400000000000005
0.9995554073580082 0.04187437686939183 22.4825 1.4 0.8500000000000005
0.9991108147160165 0.03788634097706879 22.4725 1.2666666666666666 0.8600000000000005
0.9984439257530288 0.03090727816550349 22.4575 1.0333333333333334 0.8700000000000006
0.9976658886295432 0.02991026919242273 22.44 1.0 0.8800000000000006
0.9973324441480493 0.0259222333000997 22.4325 0.8666666666666667 0.8900000000000006
0.9965544070245638 0.02193419740777667 22.415 0.7333333333333333 0.9000000000000006
0.995998666222074 0.020937188434695914 22.4025 0.7 0.9100000000000006
0.9946648882960987 0.019940179461615155 22.3725 0.6666666666666666 0.9200000000000006
0.9936645548516172 0.018943170488534396 22.35 0.6333333333333333 0.9300000000000006
0.9922196287651439 0.018943170488534396 22.3175 0.6333333333333333 0.9400000000000006
0.9907747026786706 0.018943170488534396 22.285 0.6333333333333333 0.9500000000000006
0.9889963321107036 0.018943170488534396 22.245 0.6333333333333333 0.9600000000000006
0.984216961209292 0.018943170488534396 22.1375 0.6333333333333333 0.9700000000000006
0.9757697010114482 0.018943170488534396 21.9475 0.6333333333333333 0.9800000000000006
0.9514282538623986 0.018943170488534396 21.4 0.6333333333333333 0.9900000000000007
0.0 0.0 0.0 0.0
