0.0 0.9970089730807578 0.0 20.0 0.0
0.0 0.9970089730807578 0.0 20.0 0.01
0.0 0.9970089730807578 0.0 20.0 0.02
0.0 0.9970089730807578 0.0 20.0 0.03
0.0 0.9970089730807578 0.0 20.0 0.04
0.0 0.996011964107677 0.0 19.98 0.05
0.0 0.9950149551345963 0.0 19.96 0.060000000000000005
0.0 0.9950149551345963 0.0 19.96 0.07
0.0 0.9940179461615155 0.0 19.94 0.08
0.0 0.9930209371884346 0.0 19.92 0.09
0.0 0.9920239282153539 0.0 19.9 0.09999999999999999
0.0 0.9900299102691924 0.0 19.86 0.10999999999999999
0.0 0.9900299102691924 0.0 19.86 0.11999999999999998
0.0 0.9890329012961117 0.0 19.84 0.12999999999999998
0.0 0.9890329012961117 0.0 19.84 0.13999999999999999
0.0 0.9880358923230309 0.0 19.82 0.15
0.0 0.9880358923230309 0.0 19.82 0.16
0.0 0.9870388833499502 0.0 19.8 0.17
0.0 0.9850448654037887 0.0 19.76 0.18000000000000002
0.0 0.9850448654037887 0.0 19.76 0.19000000000000003
0.0 0.9850448654037887 0.0 19.76 0.20000000000000004
0.0 0.9850448654037887 0.0 19.76 0.21000000000000005
0.0 0.9840478564307079 0.0 19.74 0.22000000000000006
0.0 0.9820538384845464 0.0 19.7 0.23000000000000007
0.0 0.9820538384845464 0.0 19.7 0.24000000000000007
0.0 0.9800598205383848 0.0 19.66 0.25000000000000006
0.0 0.9790628115653041 0.0 19.64 0.26000000000000006
0.0 0.9790628115653041 0.0 19.64 0.2700000000000001
0.0 0.9780658025922233 0.0 19.62 0.2800000000000001
0.0 0.9770687936191426 0.0 19.6 0.2900000000000001
0.0 0.9770687936191426 0.0 19.6 0.3000000000000001
0.0 0.9770687936191426 0.0 19.6 0.3100000000000001
0.0 0.9760717846460618 0.0 19.58 0.3200000000000001
0.0 0.9760717846460618 0.0 19.58 0.3300000000000001
0.0 0.9750747756729811 0.0 19.56 0.34000000000000014
0.0 0.9750747756729811 0.0 19.56 0.35000000000000014
0.0 0.9750747756729811 0.0 19.56 0.36000000000000015
0.0 0.9750747756729811 0.0 19.56 0.37000000000000016
0.0 0.9740777666999003 0.0 19.54 0.38000000000000017
0.0 0.9740777666999003 0.0 19.54 0.3900000000000002
0.0 0.9740777666999003 0.0 19.54 0.4000000000000002
0.0 0.9740777666999003 0.0 19.54 0.4100000000000002
0.0 0.9730807577268196 0.0 19.52 0.4200000000000002
0.0 0.9730807577268196 0.0 19.52 0.4300000000000002
0.0 0.9730807577268196 0.0 19.52 0.4400000000000002
0.0 0.9720837487537388 0.0 19.5 0.45000000000000023
0.0 0.9720837487537388 0.0 19.5 0.46000000000000024
0.0 0.9710867397806581 0.0 19.48 0.47000000000000025
0.0 0.9700897308075773 0.0 19.46 0.48000000000000026
0.0 0.9680957128614157 0.0 19.42 0.49000000000000027
0.0 0.967098703888335 0.0 19.4 0.5000000000000002
0.0 0.963110667996012 0.0 19.32 0.5100000000000002
0.0 0.959122632103689 0.0 19.24 0.5200000000000002
0.0 0.9571286141575274 0.0 19.2 0.5300000000000002
0.0 0.9571286141575274 0.0 19.2 0.5400000000000003
0.0 0.9521435692921236 0.0 19.1 0.5500000000000003
0.0 0.9521435692921236 0.0 19.1 0.5600000000000003
0.0 0.9521435692921236 0.0 19.1 0.5700000000000003
0.0 0.9501495513459621 0.0 19.06 0.5800000000000003
0.0 0.9501495513459621 0.0 19.06 0.5900000000000003
0.0 0.9501495513459621 0.0 19.06 0.6000000000000003
0.0 0.9481555333998006 0.0 19.02 0.6100000000000003
0.0 0.9471585244267199 0.0 19.0 0.6200000000000003
0.0 0.9451645064805583 0.0 18.96 0.6300000000000003
0.0 0.9451645064805583 0.0 18.96 0.6400000000000003
0.0 0.9441674975074775 0.0 18.94 0.6500000000000004
0.0 0.942173479561316 0.0 18.9 0.6600000000000004
0.0 0.9411764705882353 0.0 18.88 0.6700000000000004
0.0 0.938185443668993 0.0 18.82 0.6800000000000004
0.0 0.938185443668993 0.0 18.82 0.6900000000000004
0.0 0.938185443668993 0.0 18.82 0.7000000000000004
0.0 0.938185443668993 0.0 18.82 0.7100000000000004
0.0 0.9351944167497508 0.0 18.76 0.7200000000000004
0.0 0.9292123629112662 0.0 18.64 0.7300000000000004
0.0 0.9252243270189432 0.0 18.56 0.7400000000000004
0.0 0.9212362911266201 0.0 18.48 0.7500000000000004
0.0 0.9182452642073778 0.0 18.42 0.7600000000000005
0.0 0.9142572283150548 0.0 18.34 0.7700000000000005
0.0 0.9112662013958126 0.0 18.28 0.7800000000000005
0.0 0.9062811565304087 0.0 18.18 0.7900000000000005
0.0 0.9002991026919243 0.0 18.06 0.8000000000000005
0.0 0.8943170488534397 0.0 17.94 0.8100000000000005
0.0 0.8913260219341974 0.0 17.88 0.8200000000000005
0.0 0.8883349950149552 0.0 17.82 0.8300000000000005
0.0 0.8843469591226321 0.0 17.74 0.8400000000000005
0.0 0.8803589232303091 0.0 17.66 0.8500000000000005
0.0 0.8753738783649053 0.0 17.56 0.8600000000000005
0.0 0.8703888334995015 0.0 17.46 0.8700000000000006
0.0 0.86839481555334 0.0 17.42 0.8800000000000006
0.0 0.8604187437686939 0.0 17.26 0.8900000000000006
0.0 0.8524426719840479 0.0 17.1 0.9000000000000006
0.0 0.8464606181455633 0.0 16.98 0.9100000000000006
0.0 0.8295114656031904 0.0 16.64 0.9200000000000006
0.0 0.8075772681954138 0.0 16.2 0.9300000000000006
0.0 0.7936191425722832 0.0 15.92 0.9400000000000006
0.0 0.7776669990029911 0.0 15.6 0.9500000000000006
0.0 0.7437686939182453 0.0 14.92 0.9600000000000006
0.0 0.7058823529411765 0.0 14.16 0.9700000000000006
0.0 0.6600199401794616 0.0 13.24 0.9800000000000006
0.0 0.5423728813559322 0.0 10.88 0.9900000000000007
0.0 0.0 0.0 0.0
