1.0 1.0 89.97 50.15 0.0
1.0 0.9990029910269193 89.97 50.1 0.01
1.0 0.9980059820538385 89.97 50.05 0.02
1.0 0.9950149551345963 89.97 49.9 0.03
1.0 0.9930209371884346 89.97 49.8 0.04
1.0 0.9930209371884346 89.97 49.8 0.05
1.0 0.9900299102691924 89.97 49.65 0.060000000000000005
1.0 0.9900299102691924 89.97 49.65 0.07
1.0 0.9890329012961117 89.97 49.6 0.08
1.0 0.9870388833499502 89.97 49.5 0.09
1.0 0.9860418743768694 89.97 49.45 0.09999999999999999
1.0 0.9860418743768694 89.97 49.45 0.10999999999999999
1.0 0.9860418743768694 89.97 49.45 0.11999999999999998
1.0 0.9850448654037887 89.97 49.4 0.12999999999999998
1.0 0.9830508474576272 89.97 49.3 0.13999999999999999
1.0 0.9820538384845464 89.97 49.25 0.15
1.0 0.9790628115653041 89.97 49.1 0.16
1.0 0.9770687936191426 89.97 49.0 0.17
1.0 0.9700897308075773 89.97 48.65 0.18000000000000002
1.0 0.967098703888335 89.97 48.5 0.19000000000000003
1.0 0.9641076769690927 89.97 48.35 0.20000000000000004
1.0 0.9611166500498505 89.97 48.2 0.21000000000000005
1.0 0.9611166500498505 89.97 48.2 0.22000000000000006
1.0 0.9601196410767697 89.97 48.15 0.23000000000000007
1.0 0.959122632103689 89.97 48.1 0.24000000000000007
1.0 0.9581256231306082 89.97 48.05 0.25000000000000006
1.0 0.9571286141575274 89.97 48.0 0.26000000000000006
1.0 0.9551345962113659 89.97 47.9 0.2700000000000001
1.0 0.9541375872382851 89.97 47.85 0.2800000000000001
1.0 0.9541375872382851 89.97 47.85 0.2900000000000001
1.0 0.9511465603190429 89.97 47.7 0.3000000000000001
0.999888851839502 0.9511465603190429 89.96 47.7 0.3100000000000001
0.999888851839502 0.9511465603190429 89.96 47.7 0.3200000000000001
0.9997777036790041 0.9501495513459621 89.95 47.65 0.3300000000000001
0.9997777036790041 0.9471585244267199 89.95 47.5 0.34000000000000014
0.9997777036790041 0.9441674975074775 89.95 47.35 0.35000000000000014
0.9997777036790041 0.942173479561316 89.95 47.25 0.36000000000000015
0.9996665555185061 0.938185443668993 89.94 47.05 0.37000000000000016
0.9996665555185061 0.93419740777667 89.94 46.85 0.38000000000000017
0.9995554073580082 0.9302093718843469 89.93 46.65 0.3900000000000002
0.9994442591975102 0.9242273180458624 89.92 46.35 0.4000000000000002
0.9994442591975102 0.9152542372881356 89.92 45.9 0.4100000000000002
0.9994442591975102 0.9032901296111665 89.92 45.3 0.4200000000000002
0.9994442591975102 0.8963110667996012 89.92 44.95 0.4300000000000002
0.9994442591975102 0.8843469591226321 89.92 44.35 0.4400000000000002
0.9993331110370124 0.8733798604187437 89.91 43.8 0.45000000000000023
0.9993331110370124 0.8654037886340977 89.91 43.4 0.46000000000000024
0.9992219628765144 0.8564307078763709 89.9 42.95 0.47000000000000025
0.9992219628765144 0.8494516450648056 89.9 42.6 0.48000000000000026
0.9992219628765144 0.8454636091724825 89.9 42.4 0.49000000000000027
0.9992219628765144 0.843469591226321 89.9 42.3 0.5000000000000002
0.9992219628765144 0.8404785643070788 89.9 42.15 0.5100000000000002
0.9992219628765144 0.8315054835493519 89.9 41.7 0.5200000000000002
0.9992219628765144 0.827517447657029 89.9 41.5 0.5300000000000002
0.9992219628765144 0.8265204386839482 89.9 41.45 0.5400000000000003
0.9992219628765144 0.8245264207377866 89.9 41.35 0.5500000000000003
0.9992219628765144 0.8205383848454636 89.9 41.15 0.5600000000000003
0.9992219628765144 0.8195413758723828 89.9 41.1 0.5700000000000003
0.9992219628765144 0.8135593220338984 89.9 40.8 0.5800000000000003
0.9992219628765144 0.8115653040877367 89.9 40.7 0.5900000000000003
0.9992219628765144 0.8085742771684945 89.9 40.55 0.6000000000000003
0.9992219628765144 0.806580259222333 89.9 40.45 0.6100000000000003
0.9992219628765144 0.80259222333001 89.9 40.25 0.6200000000000003
0.9991108147160165 0.7986041874376869 89.89 40.05 0.6300000000000003
0.9991108147160165 0.7956131605184447 89.89 39.9 0.6400000000000003
0.9991108147160165 0.7896311066799602 89.89 39.6 0.6500000000000004
0.9991108147160165 0.7766699900299102 89.89 38.95 0.6600000000000004
0.9991108147160165 0.7627118644067796 89.89 38.25 0.6700000000000004
0.9991108147160165 0.748753738783649 89.89 37.55 0.6800000000000004
0.9991108147160165 0.7178464606181456 89.89 36.0 0.6900000000000004
0.9991108147160165 0.6889332003988036 89.89 34.55 0.7000000000000004
0.9991108147160165 0.6679960119641076 89.89 33.5 0.7100000000000004
0.9991108147160165 0.6400797607178464 89.89 32.1 0.7200000000000004
0.9991108147160165 0.6081754735792622 89.89 30.5 0.7300000000000004
0.9991108147160165 0.584247258225324 89.89 29.3 0.7400000000000004
0.9991108147160165 0.5573280159521435 89.89 27.95 0.7500000000000004
0.9991108147160165 0.5304087736789631 89.89 26.6 0.7600000000000005
0.9991108147160165 0.514456630109671 89.89 25.8 0.7700000000000005
0.9989996665555185 0.4955134596211366 89.88 24.85 0.7800000000000005
0.9988885183950206 0.481555333998006 89.87 24.15 0.7900000000000005
0.998110481271535 0.4715852442671984 89.8 23.65 0.8000000000000005
0.9967767033455597 0.4646061814556331 89.68 23.3 0.8100000000000005
0.9933311103701233 0.45663010967098705 89.37 22.9 0.8200000000000005
0.9887740357897077 0.4506480558325025 88.96 22.6 0.8300000000000005
0.982216294320329 0.4436689930209372 88.37 22.25 0.8400000000000005
0.9681004779370901 0.4317048853439681 87.1 21.65 0.8500000000000005
0.9475380682449706 0.3918245264207378 85.25 19.65 0.8600000000000005
0.9164165833055463 0.3589232303090728 82.45 18.0 0.8700000000000006
0.8750694676003112 0.3220338983050847 78.73 16.15 0.8800000000000006
0.8238301656107592 0.26819541375872386 74.12 13.45 0.8900000000000006
0.7642547515838612 0.21136590229312063 68.76 10.6 0.9000000000000006
0.7077914860509058 0.14755732801595214 63.68 7.4 0.9100000000000006
0.6594420362343003 0.0897308075772682 59.33 4.5 0.9200000000000006
0.6232077359119707 0.049850448654037885 56.07 2.5 0.9300000000000006
0.5904190285650772 0.0259222333000997 53.12 1.3 0.9400000000000006
0.5704123596754473 0.011964107676969093 51.32 0.6 0.9500000000000006
0.5568522840946982 0.004985044865403789 50.1 0.25 0.9600000000000006
0.5406246526619984 0.0029910269192422734 48.64 0.15 0.9700000000000006
0.499944425919751 0.0019940179461615153 44.98 0.1 0.9800000000000006
0.38190507947093477 9.970089730807576E-4 34.36 0.05 0.9900000000000007
0.0 0.0 0.0 0.0
