1.0 1.0 17.994 100.3 0.0
1.0 0.7228315054835494 17.994 72.5 0.01
1.0 0.5413758723828515 17.994 54.3 0.02
1.0 0.4506480558325025 17.994 45.2 0.03
1.0 0.39780658025922233 17.994 39.9 0.04
1.0 0.36191425722831505 17.994 36.3 0.05
1.0 0.3070787637088734 17.994 30.8 0.060000000000000005
1.0 0.3070787637088734 17.994 30.8 0.07
1.0 0.28015952143569295 17.994 28.1 0.08
1.0 0.27018943170488535 17.994 27.1 0.09
1.0 0.2542372881355932 17.994 25.5 0.09999999999999999
1.0 0.23928215353938184 17.994 24.0 0.10999999999999999
1.0 0.23230309072781655 17.994 23.3 0.11999999999999998
1.0 0.21734795613160518 17.994 21.8 0.12999999999999998
1.0 0.2033898305084746 17.994 20.4 0.13999999999999999
1.0 0.193419740777667 17.994 19.4 0.15
1.0 0.18743768693918245 17.994 18.8 0.16
1.0 0.17248255234297108 17.994 17.3 0.17
1.0 0.1485543369890329 17.994 14.9 0.18000000000000002
1.0 0.14356929212362912 17.994 14.4 0.19000000000000003
1.0 0.13359920239282153 17.994 13.4 0.20000000000000004
1.0 0.12861415752741776 17.994 12.9 0.21000000000000005
1.0 0.12562313060817548 17.994 12.6 0.22000000000000006
1.0 0.12362911266201396 17.994 12.4 0.23000000000000007
1.0 0.12063808574277168 17.994 12.1 0.24000000000000007
1.0 0.1156530408773679 17.994 11.6 0.25000000000000006
1.0 0.11266201395812563 17.994 11.3 0.26000000000000006
1.0 0.10967098703888335 17.994 11.0 0.2700000000000001
1.0 0.10767696909272183 17.994 10.8 0.2800000000000001
1.0 0.10667996011964108 17.994 10.7 0.2900000000000001
1.0 0.1036889332003988 17.994 10.4 0.3000000000000001
1.0 0.10269192422731804 17.994 10.3 0.3100000000000001
1.0 0.09870388833499502 17.994 9.9 0.3200000000000001
1.0 0.09571286141575275 17.994 9.6 0.3300000000000001
1.0 0.08773678963110668 17.994 8.8 0.34000000000000014
1.0 0.08574277168494517 17.994 8.6 0.35000000000000014
1.0 0.08175473579262213 17.994 8.2 0.36000000000000015
1.0 0.07776669990029911 17.994 7.8 0.37000000000000016
1.0 0.07278165503489531 17.994 7.3 0.38000000000000017
1.0 0.06779661016949153 17.994 6.8 0.3900000000000002
1.0 0.06480558325024925 17.994 6.5 0.4000000000000002
1.0 0.05982053838484546 17.994 6.0 0.4100000000000002
1.0 0.05782652043868395 17.994 5.8 0.4200000000000002
1.0 0.05583250249252243 17.994 5.6 0.4300000000000002
1.0 0.053838484546360914 17.994 5.4 0.4400000000000002
1.0 0.05084745762711865 17.994 5.1 0.45000000000000023
1.0 0.047856430707876374 17.994 4.8 0.46000000000000024
1.0 0.04685942173479561 17.994 4.7 0.47000000000000025
1.0 0.04386839481555334 17.994 4.4 0.48000000000000026
1.0 0.040877367896311065 17.994 4.1 0.49000000000000027
1.0 0.040877367896311065 17.994 4.1 0.5000000000000002
1.0 0.03988035892323031 17.994 4.0 0.5100000000000002
1.0 0.038883349950149554 17.994 3.9 0.5200000000000002
1.0 0.03788634097706879 17.994 3.8 0.5300000000000002
1.0 0.036889332003988036 17.994 3.7 0.5400000000000003
1.0 0.03589232303090728 17.994 3.6 0.5500000000000003
1.0 0.03489531405782652 17.994 3.5 0.5600000000000003
1.0 0.03389830508474576 17.994 3.4 0.5700000000000003
1.0 0.031904287138584245 17.994 3.2 0.5800000000000003
1.0 0.03090727816550349 17.994 3.1 0.5900000000000003
1.0 0.02991026919242273 17.994 3.0 0.6000000000000003
1.0 0.0259222333000997 17.994 2.6 0.6100000000000003
1.0 0.0259222333000997 17.994 2.6 0.6200000000000003
1.0 0.0259222333000997 17.994 2.6 0.6300000000000003
1.0 0.023928215353938187 17.994 2.4 0.6400000000000003
1.0 0.023928215353938187 17.994 2.4 0.6500000000000004
1.0 0.022931206380857428 17.994 2.3 0.6600000000000004
1.0 0.020937188434695914 17.994 2.1 0.6700000000000004
1.0 0.019940179461615155 17.994 2.0 0.6800000000000004
1.0 0.019940179461615155 17.994 2.0 0.6900000000000004
1.0 0.019940179461615155 17.994 2.0 0.7000000000000004
1.0 0.018943170488534396 17.994 1.9 0.7100000000000004
1.0 0.01694915254237288 17.994 1.7 0.7200000000000004
1.0 0.015952143569292122 17.994 1.6 0.7300000000000004
1.0 0.01296111665004985 17.994 1.3 0.7400000000000004
1.0 0.010967098703888335 17.994 1.1 0.7500000000000004
1.0 0.009970089730807577 17.994 1.0 0.7600000000000005
1.0 0.009970089730807577 17.994 1.0 0.7700000000000005
1.0 0.007976071784646061 17.994 0.8 0.7800000000000005
1.0 0.007976071784646061 17.994 0.8 0.7900000000000005
1.0 0.007976071784646061 17.994 0.8 0.8000000000000005
1.0 0.006979062811565304 17.994 0.7 0.8100000000000005
1.0 0.004985044865403789 17.994 0.5 0.8200000000000005
1.0 0.004985044865403789 17.994 0.5 0.8300000000000005
1.0 0.003988035892323031 17.994 0.4 0.8400000000000005
1.0 0.0029910269192422734 17.994 0.3 0.8500000000000005
1.0 0.0029910269192422734 17.994 0.3 0.8600000000000005
1.0 0.0019940179461615153 17.994 0.2 0.8700000000000006
0.9996665555185061 9.970089730807576E-4 17.988 0.1 0.8800000000000006
0.9996665555185061 9.970089730807576E-4 17.988 0.1 0.8900000000000006
0.9995554073580082 9.970089730807576E-4 17.986 0.1 0.9000000000000006
0.9993331110370124 0.0 17.982 0.0 0.9100000000000006
0.9993331110370124 0.0 17.982 0.0 0.9200000000000006
0.9992219628765144 0.0 17.98 0.0 0.9300000000000006
0.9991108147160165 0.0 17.978 0.0 0.9400000000000006
0.9991108147160165 0.0 17.978 0.0 0.9500000000000006
0.9987773702345226 0.0 17.972 0.0 0.9600000000000006
0.9979993331110371 0.0 17.958 0.0 0.9700000000000006
0.9963321107035679 0.0 17.928 0.0 0.9800000000000006
0.9916638879626543 0.0 17.844 0.0 0.9900000000000007
0.0 0.0 0.0 0.0
