1.0 1.0 22.4925 20.06 0.0
1.0 0.8773678963110668 22.4925 17.6 0.01
1.0 0.7816550348953141 22.4925 15.68 0.02
1.0 0.7218344965104686 22.4925 14.48 0.03
1.0 0.6779661016949152 22.4925 13.6 0.04
1.0 0.6420737786640079 22.4925 12.88 0.05
1.0 0.576271186440678 22.4925 11.56 0.060000000000000005
1.0 0.576271186440678 22.4925 11.56 0.07
1.0 0.551345962113659 22.4925 11.06 0.08
1.0 0.5343968095712861 22.4925 10.72 0.09
1.0 0.5234297108673978 22.4925 10.5 0.09999999999999999
1.0 0.5074775672981057 22.4925 10.18 0.10999999999999999
1.0 0.4915254237288136 22.4925 9.86 0.11999999999999998
1.0 0.47357926221335994 22.4925 9.5 0.12999999999999998
1.0 0.4596211365902293 22.4925 9.22 0.13999999999999999
1.0 0.4436689930209372 22.4925 8.9 0.15
1.0 0.42771684945164506 22.4925 8.58 0.16
1.0 0.4087736789631107 22.4925 8.2 0.17
1.0 0.37587238285144564 22.4925 7.54 0.18000000000000002
1.0 0.36390827517447655 22.4925 7.3 0.19000000000000003
1.0 0.353938185443669 22.4925 7.1 0.20000000000000004
1.0 0.33998005982053836 22.4925 6.82 0.21000000000000005
1.0 0.3320039880358923 22.4925 6.66 0.22000000000000006
1.0 0.325024925224327 22.4925 6.52 0.23000000000000007
1.0 0.3190428713858425 22.4925 6.4 0.24000000000000007
1.0 0.31306081754735793 22.4925 6.28 0.25000000000000006
1.0 0.3090727816550349 22.4925 6.2 0.26000000000000006
1.0 0.3000997008973081 22.4925 6.02 0.2700000000000001
1.0 0.2971086739780658 22.4925 5.96 0.2800000000000001
1.0 0.292123629112662 22.4925 5.86 0.2900000000000001
1.0 0.28913260219341974 22.4925 5.8 0.3000000000000001
1.0 0.28713858424725824 22.4925 5.76 0.3100000000000001
1.0 0.2811565304087737 22.4925 5.64 0.3200000000000001
1.0 0.27916251246261214 22.4925 5.6 0.3300000000000001
1.0 0.26819541375872386 22.4925 5.38 0.34000000000000014
1.0 0.26321036889332006 22.4925 5.28 0.35000000000000014
1.0 0.2572283150548355 22.4925 5.16 0.36000000000000015
1.0 0.2452642073778664 22.4925 4.92 0.37000000000000016
1.0 0.2333000997008973 22.4925 4.68 0.38000000000000017
1.0 0.226321036889332 22.4925 4.54 0.3900000000000002
1.0 0.21734795613160518 22.4925 4.36 0.4000000000000002
1.0 0.21036889332003988 22.4925 4.22 0.4100000000000002
1.0 0.2053838484546361 22.4925 4.12 0.4200000000000002
1.0 0.20039880358923232 22.4925 4.02 0.4300000000000002
1.0 0.193419740777667 22.4925 3.88 0.4400000000000002
1.0 0.18743768693918245 22.4925 3.76 0.45000000000000023
1.0 0.17547357926221335 22.4925 3.52 0.46000000000000024
1.0 0.1694915254237288 22.4925 3.4 0.47000000000000025
1.0 0.16350947158524426 22.4925 3.28 0.48000000000000026
1.0 0.16151545363908276 22.4925 3.24 0.49000000000000027
1.0 0.1585244267198405 22.4925 3.18 0.5000000000000002
1.0 0.15553339980059822 22.4925 3.12 0.5100000000000002
1.0 0.1535393818544367 22.4925 3.08 0.5200000000000002
1.0 0.14955134596211367 22.4925 3.0 0.5300000000000002
1.0 0.1485543369890329 22.4925 2.98 0.5400000000000003
1.0 0.14456630109670987 22.4925 2.9 0.5500000000000003
1.0 0.14057826520438685 22.4925 2.82 0.5600000000000003
1.0 0.13858424725822532 22.4925 2.78 0.5700000000000003
1.0 0.1365902293120638 22.4925 2.74 0.5800000000000003
1.0 0.13260219341974078 22.4925 2.66 0.5900000000000003
1.0 0.12861415752741776 22.4925 2.58 0.6000000000000003
1.0 0.12462612163509472 22.4925 2.5 0.6100000000000003
1.0 0.12163509471585245 22.4925 2.44 0.6200000000000003
1.0 0.11964107676969092 22.4925 2.4 0.6300000000000003
1.0 0.11465603190428714 22.4925 2.3 0.6400000000000003
1.0 0.1106679960119641 22.4925 2.22 0.6500000000000004
1.0 0.10667996011964108 22.4925 2.14 0.6600000000000004
1.0 0.1016949152542373 22.4925 2.04 0.6700000000000004
1.0 0.0967098703888335 22.4925 1.94 0.6800000000000004
1.0 0.09371884346959122 22.4925 1.88 0.6900000000000004
1.0 0.09072781655034895 22.4925 1.82 0.7000000000000004
1.0 0.08275174476570289 22.4925 1.66 0.7100000000000004
1.0 0.07676969092721835 22.4925 1.54 0.7200000000000004
1.0 0.06979062811565304 22.4925 1.4 0.7300000000000004
1.0 0.06480558325024925 22.4925 1.3 0.7400000000000004
1.0 0.06181455633100698 22.4925 1.24 0.7500000000000004
1.0 0.05782652043868395 22.4925 1.16 0.7600000000000005
1.0 0.05284147557328016 22.4925 1.06 0.7700000000000005
1.0 0.045862412761714856 22.4925 0.92 0.7800000000000005
1.0 0.0448654037886341 22.4925 0.9 0.7900000000000005
1.0 0.04386839481555334 22.4925 0.88 0.8000000000000005
1.0 0.04187437686939183 22.4925 0.84 0.8100000000000005
0.999888851839502 0.04187437686939183 22.49 0.84 0.8200000000000005
0.9997777036790041 0.04187437686939183 22.4875 0.84 0.8300000000000005
0.9995554073580082 0.040877367896311065 22.4825 0.82 0.8400000000000005
0.9992219628765144 0.03988035892323031 22.475 0.8 0.8500000000000005
0.9992219628765144 0.03788634097706879 22.475 0.76 0.8600000000000005
0.9987773702345226 0.03389830508474576 22.465 0.68 0.8700000000000006
0.9978881849505391 0.028913260219341975 22.445 0.58 0.8800000000000006
0.9971101478270534 0.024925224327018942 22.4275 0.5 0.8900000000000006
0.9955540735800823 0.023928215353938187 22.3925 0.48 0.9000000000000006
0.9948871846170946 0.02193419740777667 22.3775 0.44 0.9100000000000006
0.994109147493609 0.019940179461615155 22.36 0.4 0.9200000000000006
0.9933311103701233 0.019940179461615155 22.3425 0.4 0.9300000000000006
0.9928865177281316 0.019940179461615155 22.3325 0.4 0.9400000000000006
0.9909969989996665 0.019940179461615155 22.29 0.4 0.9500000000000006
0.9889963321107036 0.019940179461615155 22.245 0.4 0.9600000000000006
0.9858841836167611 0.019940179461615155 22.175 0.4 0.9700000000000006
0.9776592197399133 0.019940179461615155 21.99 0.4 0.9800000000000006
0.9547626986773369 0.019940179461615155 21.475 0.4 0.9900000000000007
0.0 0.0 0.0 0.0
