1.0 1.0 89.97 22.288888888888888 0.0
1.0 0.9980059820538385 89.97 22.244444444444444 0.01
1.0 0.996011964107677 89.97 22.2 0.02
1.0 0.996011964107677 89.97 22.2 0.03
1.0 0.9950149551345963 89.97 22.177777777777777 0.04
1.0 0.9930209371884346 89.97 22.133333333333333 0.05
1.0 0.9920239282153539 89.97 22.11111111111111 0.060000000000000005
1.0 0.9920239282153539 89.97 22.11111111111111 0.07
1.0 0.9920239282153539 89.97 22.11111111111111 0.08
1.0 0.9920239282153539 89.97 22.11111111111111 0.09
1.0 0.9900299102691924 89.97 22.066666666666666 0.09999999999999999
1.0 0.9860418743768694 89.97 21.977777777777778 0.10999999999999999
1.0 0.9860418743768694 89.97 21.977777777777778 0.11999999999999998
1.0 0.9860418743768694 89.97 21.977777777777778 0.12999999999999998
1.0 0.9850448654037887 89.97 21.955555555555556 0.13999999999999999
1.0 0.9840478564307079 89.97 21.933333333333334 0.15
1.0 0.9830508474576272 89.97 21.91111111111111 0.16
1.0 0.9800598205383848 89.97 21.844444444444445 0.17
1.0 0.9770687936191426 89.97 21.77777777777778 0.18000000000000002
1.0 0.9770687936191426 89.97 21.77777777777778 0.19000000000000003
1.0 0.9770687936191426 89.97 21.77777777777778 0.20000000000000004
1.0 0.9750747756729811 89.97 21.733333333333334 0.21000000000000005
1.0 0.9730807577268196 89.97 21.68888888888889 0.22000000000000006
1.0 0.9730807577268196 89.97 21.68888888888889 0.23000000000000007
1.0 0.9730807577268196 89.97 21.68888888888889 0.24000000000000007
1.0 0.9730807577268196 89.97 21.68888888888889 0.25000000000000006
1.0 0.9710867397806581 89.97 21.644444444444446 0.26000000000000006
1.0 0.9700897308075773 89.97 21.622222222222224 0.2700000000000001
1.0 0.9700897308075773 89.97 21.622222222222224 0.2800000000000001
1.0 0.9690927218344965 89.97 21.6 0.2900000000000001
1.0 0.9680957128614157 89.97 21.57777777777778 0.3000000000000001
1.0 0.967098703888335 89.97 21.555555555555557 0.3100000000000001
1.0 0.9641076769690927 89.97 21.488888888888887 0.3200000000000001
1.0 0.963110667996012 89.97 21.466666666666665 0.3300000000000001
1.0 0.9611166500498505 89.97 21.42222222222222 0.34000000000000014
1.0 0.9561316051844466 89.97 21.31111111111111 0.35000000000000014
1.0 0.9531405782652044 89.97 21.244444444444444 0.36000000000000015
1.0 0.9491525423728814 89.97 21.155555555555555 0.37000000000000016
1.0 0.9441674975074775 89.97 21.044444444444444 0.38000000000000017
1.0 0.942173479561316 89.97 21.0 0.3900000000000002
1.0 0.938185443668993 89.97 20.91111111111111 0.4000000000000002
1.0 0.9332003988035892 89.97 20.8 0.4100000000000002
1.0 0.9272183449651047 89.97 20.666666666666668 0.4200000000000002
1.0 0.9232303090727817 89.97 20.57777777777778 0.4300000000000002
1.0 0.9202392821535393 89.97 20.511111111111113 0.4400000000000002
1.0 0.9142572283150548 89.97 20.377777777777776 0.45000000000000023
1.0 0.9102691924227319 89.97 20.288888888888888 0.46000000000000024
1.0 0.9072781655034895 89.97 20.22222222222222 0.47000000000000025
1.0 0.901296111665005 89.97 20.08888888888889 0.48000000000000026
1.0 0.8993020937188435 89.97 20.044444444444444 0.49000000000000027
1.0 0.8963110667996012 89.97 19.977777777777778 0.5000000000000002
1.0 0.8953140578265204 89.97 19.955555555555556 0.5100000000000002
1.0 0.8923230309072782 89.97 19.88888888888889 0.5200000000000002
1.0 0.8893320039880359 89.97 19.822222222222223 0.5300000000000002
1.0 0.8883349950149552 89.97 19.8 0.5400000000000003
1.0 0.8883349950149552 89.97 19.8 0.5500000000000003
1.0 0.8843469591226321 89.97 19.711111111111112 0.5600000000000003
1.0 0.8833499501495513 89.97 19.68888888888889 0.5700000000000003
1.0 0.8813559322033898 89.97 19.644444444444446 0.5800000000000003
1.0 0.8783649052841476 89.97 19.57777777777778 0.5900000000000003
1.0 0.8743768693918246 89.97 19.488888888888887 0.6000000000000003
1.0 0.8713858424725822 89.97 19.42222222222222 0.6100000000000003
1.0 0.8673978065802592 89.97 19.333333333333332 0.6200000000000003
1.0 0.864406779661017 89.97 19.266666666666666 0.6300000000000003
1.0 0.8624127617148555 89.97 19.22222222222222 0.6400000000000003
1.0 0.8574277168494516 89.97 19.11111111111111 0.6500000000000004
1.0 0.8484546360917248 89.97 18.91111111111111 0.6600000000000004
1.0 0.8444666001994018 89.97 18.822222222222223 0.6700000000000004
1.0 0.8374875373878365 89.97 18.666666666666668 0.6800000000000004
1.0 0.8285144566301097 89.97 18.466666666666665 0.6900000000000004
1.0 0.8195413758723828 89.97 18.266666666666666 0.7000000000000004
1.0 0.8075772681954138 89.97 18.0 0.7100000000000004
1.0 0.7876370887337986 89.97 17.555555555555557 0.7200000000000004
1.0 0.7766699900299102 89.97 17.31111111111111 0.7300000000000004
1.0 0.765702891326022 89.97 17.066666666666666 0.7400000000000004
1.0 0.7577268195413759 89.97 16.88888888888889 0.7500000000000004
1.0 0.744765702891326 89.97 16.6 0.7600000000000005
1.0 0.7377866400797607 89.97 16.444444444444443 0.7700000000000005
0.999888851839502 0.7337986041874377 89.96 16.355555555555554 0.7800000000000005
0.999888851839502 0.7288135593220338 89.96 16.244444444444444 0.7900000000000005
0.9995554073580082 0.7218344965104686 89.93 16.08888888888889 0.8000000000000005
0.9987773702345226 0.715852442671984 89.86 15.955555555555556 0.8100000000000005
0.9977770367900411 0.7098703888334995 89.77 15.822222222222223 0.8200000000000005
0.9954429254195843 0.7048853439680958 89.56 15.71111111111111 0.8300000000000005
0.9908858508391686 0.6959122632103689 89.15 15.511111111111111 0.8400000000000005
0.9833277759253084 0.6809571286141576 88.47 15.177777777777777 0.8500000000000005
0.9727687006780038 0.6739780658025922 87.52 15.022222222222222 0.8600000000000005
0.9568745137267978 0.6590229312063809 86.09 14.688888888888888 0.8700000000000006
0.9362009558741803 0.638085742771685 84.23 14.222222222222221 0.8800000000000006
0.9046348782927642 0.6121635094715853 81.39 13.644444444444444 0.8900000000000006
0.8756252084028009 0.5942173479561316 78.78 13.244444444444444 0.9000000000000006
0.8431699455374013 0.576271186440678 75.86 12.844444444444445 0.9100000000000006
0.8153829054129155 0.559322033898305 73.36 12.466666666666667 0.9200000000000006
0.7931532733133266 0.5373878364905285 71.36 11.977777777777778 0.9300000000000006
0.7691452706457708 0.5234297108673978 69.2 11.666666666666666 0.9400000000000006
0.7439146382127376 0.5024925224327019 66.93 11.2 0.9500000000000006
0.7141269311992886 0.4785643070787637 64.25 10.666666666666666 0.9600000000000006
0.675780815827498 0.43270189431704886 60.8 9.644444444444444 0.9700000000000006
0.6162054018006002 0.36689930209371885 55.44 8.177777777777777 0.9800000000000006
0.4910525730799155 0.27916251246261214 44.18 6.222222222222222 0.9900000000000007
0.0 0.0 0.0 0.0
