1.0 1.0 89.97 33.43333333333333 0.0
1.0 1.0 89.97 33.43333333333333 0.01
1.0 1.0 89.97 33.43333333333333 0.02
1.0 1.0 89.97 33.43333333333333 0.03
1.0 0.9990029910269193 89.97 33.4 0.04
1.0 0.9980059820538385 89.97 33.36666666666667 0.05
1.0 0.9940179461615155 89.97 33.233333333333334 0.060000000000000005
1.0 0.9940179461615155 89.97 33.233333333333334 0.07
1.0 0.9920239282153539 89.97 33.166666666666664 0.08
1.0 0.9900299102691924 89.97 33.1 0.09
1.0 0.9900299102691924 89.97 33.1 0.09999999999999999
1.0 0.9900299102691924 89.97 33.1 0.10999999999999999
1.0 0.9900299102691924 89.97 33.1 0.11999999999999998
1.0 0.9890329012961117 89.97 33.06666666666667 0.12999999999999998
1.0 0.9890329012961117 89.97 33.06666666666667 0.13999999999999999
1.0 0.9860418743768694 89.97 32.96666666666667 0.15
1.0 0.9840478564307079 89.97 32.9 0.16
1.0 0.9810568295114656 89.97 32.8 0.17
1.0 0.9780658025922233 89.97 32.7 0.18000000000000002
1.0 0.9770687936191426 89.97 32.666666666666664 0.19000000000000003
1.0 0.9720837487537388 89.97 32.5 0.20000000000000004
1.0 0.9680957128614157 89.97 32.36666666666667 0.21000000000000005
1.0 0.9680957128614157 89.97 32.36666666666667 0.22000000000000006
1.0 0.967098703888335 89.97 32.333333333333336 0.23000000000000007
1.0 0.9661016949152542 89.97 32.3 0.24000000000000007
1.0 0.9661016949152542 89.97 32.3 0.25000000000000006
1.0 0.963110667996012 89.97 32.2 0.26000000000000006
1.0 0.9621136590229312 89.97 32.166666666666664 0.2700000000000001
1.0 0.9611166500498505 89.97 32.13333333333333 0.2800000000000001
1.0 0.9601196410767697 89.97 32.1 0.2900000000000001
1.0 0.9571286141575274 89.97 32.0 0.3000000000000001
1.0 0.9551345962113659 89.97 31.933333333333334 0.3100000000000001
1.0 0.9541375872382851 89.97 31.9 0.3200000000000001
1.0 0.9511465603190429 89.97 31.8 0.3300000000000001
1.0 0.9511465603190429 89.97 31.8 0.34000000000000014
1.0 0.9511465603190429 89.97 31.8 0.35000000000000014
1.0 0.9481555333998006 89.97 31.7 0.36000000000000015
1.0 0.9431704885343968 89.97 31.533333333333335 0.37000000000000016
1.0 0.9371884346959123 89.97 31.333333333333332 0.38000000000000017
1.0 0.93419740777667 89.97 31.233333333333334 0.3900000000000002
1.0 0.9312063808574277 89.97 31.133333333333333 0.4000000000000002
1.0 0.9252243270189432 89.97 30.933333333333334 0.4100000000000002
1.0 0.9162512462612163 89.97 30.633333333333333 0.4200000000000002
1.0 0.9102691924227319 89.97 30.433333333333334 0.4300000000000002
1.0 0.905284147557328 89.97 30.266666666666666 0.4400000000000002
1.0 0.8983050847457628 89.97 30.033333333333335 0.45000000000000023
1.0 0.8943170488534397 89.97 29.9 0.46000000000000024
1.0 0.8923230309072782 89.97 29.833333333333332 0.47000000000000025
1.0 0.8823529411764706 89.97 29.5 0.48000000000000026
1.0 0.8793619142572283 89.97 29.4 0.49000000000000027
1.0 0.8763708873379861 89.97 29.3 0.5000000000000002
1.0 0.8743768693918246 89.97 29.233333333333334 0.5100000000000002
1.0 0.8733798604187437 89.97 29.2 0.5200000000000002
1.0 0.8703888334995015 89.97 29.1 0.5300000000000002
1.0 0.8673978065802592 89.97 29.0 0.5400000000000003
1.0 0.8654037886340977 89.97 28.933333333333334 0.5500000000000003
1.0 0.8624127617148555 89.97 28.833333333333332 0.5600000000000003
1.0 0.8584247258225324 89.97 28.7 0.5700000000000003
1.0 0.8564307078763709 89.97 28.633333333333333 0.5800000000000003
1.0 0.8554336989032901 89.97 28.6 0.5900000000000003
1.0 0.8524426719840479 89.97 28.5 0.6000000000000003
1.0 0.8514456630109671 89.97 28.466666666666665 0.6100000000000003
1.0 0.8484546360917248 89.97 28.366666666666667 0.6200000000000003
1.0 0.847457627118644 89.97 28.333333333333332 0.6300000000000003
1.0 0.8414755732801595 89.97 28.133333333333333 0.6400000000000003
1.0 0.8325024925224327 89.97 27.833333333333332 0.6500000000000004
1.0 0.8265204386839482 89.97 27.633333333333333 0.6600000000000004
1.0 0.8215353938185443 89.97 27.466666666666665 0.6700000000000004
1.0 0.806580259222333 89.97 26.966666666666665 0.6800000000000004
1.0 0.7876370887337986 89.97 26.333333333333332 0.6900000000000004
1.0 0.7766699900299102 89.97 25.966666666666665 0.7000000000000004
1.0 0.7637088733798604 89.97 25.533333333333335 0.7100000000000004
1.0 0.748753738783649 89.97 25.033333333333335 0.7200000000000004
1.0 0.7298105682951147 89.97 24.4 0.7300000000000004
1.0 0.715852442671984 89.97 23.933333333333334 0.7400000000000004
1.0 0.6999002991026919 89.97 23.4 0.7500000000000004
1.0 0.6849451645064806 89.97 22.9 0.7600000000000005
1.0 0.6739780658025922 89.97 22.533333333333335 0.7700000000000005
0.999888851839502 0.6660019940179461 89.96 22.266666666666666 0.7800000000000005
0.9996665555185061 0.6580259222333001 89.94 22.0 0.7900000000000005
0.9995554073580082 0.654037886340977 89.93 21.866666666666667 0.8000000000000005
0.9988885183950206 0.646061814556331 89.87 21.6 0.8100000000000005
0.9979993331110371 0.6430707876370887 89.79 21.5 0.8200000000000005
0.9952206290985884 0.6331006979062812 89.54 21.166666666666668 0.8300000000000005
0.9896632210736912 0.6141575274177468 89.04 20.533333333333335 0.8400000000000005
0.9797710347893742 0.6051844466600199 88.15 20.233333333333334 0.8500000000000005
0.9667667000111149 0.5932203389830508 86.98 19.833333333333332 0.8600000000000005
0.9443147715905301 0.5742771684945165 84.96 19.2 0.8700000000000006
0.9157496943425586 0.555333998005982 82.39 18.566666666666666 0.8800000000000006
0.8807380237857063 0.522432701894317 79.24 17.466666666666665 0.8900000000000006
0.8467266866733355 0.4865403788634098 76.18 16.266666666666666 0.9000000000000006
0.8092697565855285 0.44865403788634095 72.81 15.0 0.9100000000000006
0.7743692341891741 0.4217347956131605 69.67 14.1 0.9200000000000006
0.7478048238301657 0.39282153539381853 67.28 13.133333333333333 0.9300000000000006
0.7203512281871735 0.37387836490528414 64.81 12.5 0.9400000000000006
0.6992330776925642 0.357926221335992 62.91 11.966666666666667 0.9500000000000006
0.6762254084694899 0.34097706879361916 60.84 11.4 0.9600000000000006
0.6486606646659998 0.3150548354935194 58.36 10.533333333333333 0.9700000000000006
0.5986439924419251 0.26321036889332006 53.86 8.8 0.9800000000000006
0.4788262754251417 0.19541375872382852 43.08 6.533333333333333 0.9900000000000007
0.0 0.0 0.0 0.0
