1.0 1.0 14.995 41.791666666666664 0.0
1.0 0.7347956131605184 14.995 30.708333333333332 0.01
1.0 0.5912263210368893 14.995 24.708333333333332 0.02
1.0 0.5164506480558325 14.995 21.583333333333332 0.03
1.0 0.4715852442671984 14.995 19.708333333333332 0.04
1.0 0.43768693918245266 14.995 18.291666666666668 0.05
1.0 0.382851445663011 14.995 16.0 0.060000000000000005
1.0 0.382851445663011 14.995 16.0 0.07
1.0 0.36191425722831505 14.995 15.125 0.08
1.0 0.353938185443669 14.995 14.791666666666666 0.09
1.0 0.33998005982053836 14.995 14.208333333333334 0.09999999999999999
1.0 0.3240279162512463 14.995 13.541666666666666 0.10999999999999999
1.0 0.317048853439681 14.995 13.25 0.11999999999999998
1.0 0.3050847457627119 14.995 12.75 0.12999999999999998
1.0 0.29611166500498504 14.995 12.375 0.13999999999999999
1.0 0.28713858424725824 14.995 12.0 0.15
1.0 0.28414755732801594 14.995 11.875 0.16
1.0 0.2761714855433699 14.995 11.541666666666666 0.17
1.0 0.2572283150548355 14.995 10.75 0.18000000000000002
1.0 0.25124626121635096 14.995 10.5 0.19000000000000003
1.0 0.2432701894317049 14.995 10.166666666666666 0.20000000000000004
1.0 0.23728813559322035 14.995 9.916666666666666 0.21000000000000005
1.0 0.23429710867397807 14.995 9.791666666666666 0.22000000000000006
1.0 0.22831505483549352 14.995 9.541666666666666 0.23000000000000007
1.0 0.22532402791625125 14.995 9.416666666666666 0.24000000000000007
1.0 0.22333000997008973 14.995 9.333333333333334 0.25000000000000006
1.0 0.22033898305084745 14.995 9.208333333333334 0.26000000000000006
1.0 0.21734795613160518 14.995 9.083333333333334 0.2700000000000001
1.0 0.21335992023928216 14.995 8.916666666666666 0.2800000000000001
1.0 0.21136590229312063 14.995 8.833333333333334 0.2900000000000001
1.0 0.2073778664007976 14.995 8.666666666666666 0.3000000000000001
1.0 0.20438683948155534 14.995 8.541666666666666 0.3100000000000001
1.0 0.2023928215353938 14.995 8.458333333333334 0.3200000000000001
1.0 0.20039880358923232 14.995 8.375 0.3300000000000001
1.0 0.19441674975074777 14.995 8.125 0.34000000000000014
1.0 0.1914257228315055 14.995 8.0 0.35000000000000014
1.0 0.18843469591226322 14.995 7.875 0.36000000000000015
1.0 0.18843469591226322 14.995 7.875 0.37000000000000016
1.0 0.18544366899302095 14.995 7.75 0.38000000000000017
1.0 0.1794616151545364 14.995 7.5 0.3900000000000002
1.0 0.17547357926221335 14.995 7.333333333333333 0.4000000000000002
1.0 0.1744765702891326 14.995 7.291666666666667 0.4100000000000002
1.0 0.17048853439680958 14.995 7.125 0.4200000000000002
1.0 0.17048853439680958 14.995 7.125 0.4300000000000002
1.0 0.1674975074775673 14.995 7.0 0.4400000000000002
1.0 0.16650049850448653 14.995 6.958333333333333 0.45000000000000023
1.0 0.16350947158524426 14.995 6.833333333333333 0.46000000000000024
1.0 0.16151545363908276 14.995 6.75 0.47000000000000025
1.0 0.15952143569292124 14.995 6.666666666666667 0.48000000000000026
1.0 0.15952143569292124 14.995 6.666666666666667 0.49000000000000027
1.0 0.1585244267198405 14.995 6.625 0.5000000000000002
1.0 0.1535393818544367 14.995 6.416666666666667 0.5100000000000002
1.0 0.15254237288135594 14.995 6.375 0.5200000000000002
1.0 0.1485543369890329 14.995 6.208333333333333 0.5300000000000002
1.0 0.14755732801595214 14.995 6.166666666666667 0.5400000000000003
1.0 0.14556331006979062 14.995 6.083333333333333 0.5500000000000003
1.0 0.1415752741774676 14.995 5.916666666666667 0.5600000000000003
1.0 0.1415752741774676 14.995 5.916666666666667 0.5700000000000003
1.0 0.13858424725822532 14.995 5.791666666666667 0.5800000000000003
1.0 0.13559322033898305 14.995 5.666666666666667 0.5900000000000003
1.0 0.1345962113659023 14.995 5.625 0.6000000000000003
1.0 0.13260219341974078 14.995 5.541666666666667 0.6100000000000003
1.0 0.12861415752741776 14.995 5.375 0.6200000000000003
1.0 0.12662013958125623 14.995 5.291666666666667 0.6300000000000003
1.0 0.12462612163509472 14.995 5.208333333333333 0.6400000000000003
1.0 0.12462612163509472 14.995 5.208333333333333 0.6500000000000004
1.0 0.12163509471585245 14.995 5.083333333333333 0.6600000000000004
1.0 0.11964107676969092 14.995 5.0 0.6700000000000004
1.0 0.11665004985044865 14.995 4.875 0.6800000000000004
1.0 0.1106679960119641 14.995 4.625 0.6900000000000004
1.0 0.10967098703888335 14.995 4.583333333333333 0.7000000000000004
1.0 0.10667996011964108 14.995 4.458333333333333 0.7100000000000004
1.0 0.10468594217347957 14.995 4.375 0.7200000000000004
1.0 0.1036889332003988 14.995 4.333333333333333 0.7300000000000004
1.0 0.10069790628115653 14.995 4.208333333333333 0.7400000000000004
1.0 0.09970089730807577 14.995 4.166666666666667 0.7500000000000004
1.0 0.09770687936191426 14.995 4.083333333333333 0.7600000000000005
1.0 0.09371884346959122 14.995 3.9166666666666665 0.7700000000000005
1.0 0.08873379860418744 14.995 3.7083333333333335 0.7800000000000005
1.0 0.0847457627118644 14.995 3.5416666666666665 0.7900000000000005
1.0 0.07976071784646062 14.995 3.3333333333333335 0.8000000000000005
1.0 0.07676969092721835 14.995 3.2083333333333335 0.8100000000000005
1.0 0.07477567298105683 14.995 3.125 0.8200000000000005
1.0 0.07278165503489531 14.995 3.0416666666666665 0.8300000000000005
0.999888851839502 0.06879361914257229 14.993333333333334 2.875 0.8400000000000005
0.999888851839502 0.06779661016949153 14.993333333333334 2.8333333333333335 0.8500000000000005
0.999888851839502 0.06281156530408774 14.993333333333334 2.625 0.8600000000000005
0.9997777036790041 0.05982053838484546 14.991666666666667 2.5 0.8700000000000006
0.9996665555185061 0.058823529411764705 14.99 2.4583333333333335 0.8800000000000006
0.9996665555185061 0.05782652043868395 14.99 2.4166666666666665 0.8900000000000006
0.9995554073580082 0.054835493519441676 14.988333333333333 2.2916666666666665 0.9000000000000006
0.9992219628765144 0.0518444666001994 14.983333333333333 2.1666666666666665 0.9100000000000006
0.9992219628765144 0.049850448654037885 14.983333333333333 2.0833333333333335 0.9200000000000006
0.9992219628765144 0.0448654037886341 14.983333333333333 1.875 0.9300000000000006
0.9992219628765144 0.040877367896311065 14.983333333333333 1.7083333333333333 0.9400000000000006
0.9988885183950206 0.03290129611166501 14.978333333333333 1.375 0.9500000000000006
0.9988885183950206 0.028913260219341975 14.978333333333333 1.2083333333333333 0.9600000000000006
0.9985550739135267 0.0259222333000997 14.973333333333333 1.0833333333333333 0.9700000000000006
0.9978881849505391 0.022931206380857428 14.963333333333333 0.9583333333333334 0.9800000000000006
0.9956652217405801 0.01296111665004985 14.93 0.5416666666666666 0.9900000000000007
0.0 0.0 0.0 0.0
