1.0 1.0 12.852857142857143 25.075 0.0
1.0 0.48255234297108673 12.852857142857143 12.1 0.01
1.0 0.3020937188434696 12.852857142857143 7.575 0.02
1.0 0.22931206380857427 12.852857142857143 5.75 0.03
1.0 0.1914257228315055 12.852857142857143 4.8 0.04
1.0 0.17048853439680958 12.852857142857143 4.275 0.05
1.0 0.1345962113659023 12.852857142857143 3.375 0.060000000000000005
1.0 0.1345962113659023 12.852857142857143 3.375 0.07
1.0 0.11764705882352941 12.852857142857143 2.95 0.08
1.0 0.10568295114656032 12.852857142857143 2.65 0.09
1.0 0.09571286141575275 12.852857142857143 2.4 0.09999999999999999
1.0 0.0897308075772682 12.852857142857143 2.25 0.10999999999999999
1.0 0.08574277168494517 12.852857142857143 2.15 0.11999999999999998
1.0 0.08175473579262213 12.852857142857143 2.05 0.12999999999999998
1.0 0.07876370887337986 12.852857142857143 1.975 0.13999999999999999
1.0 0.07278165503489531 12.852857142857143 1.825 0.15
1.0 0.06879361914257229 12.852857142857143 1.725 0.16
1.0 0.06480558325024925 12.852857142857143 1.625 0.17
1.0 0.053838484546360914 12.852857142857143 1.35 0.18000000000000002
1.0 0.0518444666001994 12.852857142857143 1.3 0.19000000000000003
1.0 0.049850448654037885 12.852857142857143 1.25 0.20000000000000004
1.0 0.049850448654037885 12.852857142857143 1.25 0.21000000000000005
1.0 0.04685942173479561 12.852857142857143 1.175 0.22000000000000006
1.0 0.04386839481555334 12.852857142857143 1.1 0.23000000000000007
1.0 0.04287138584247258 12.852857142857143 1.075 0.24000000000000007
1.0 0.04187437686939183 12.852857142857143 1.05 0.25000000000000006
1.0 0.040877367896311065 12.852857142857143 1.025 0.26000000000000006
1.0 0.03988035892323031 12.852857142857143 1.0 0.2700000000000001
1.0 0.03988035892323031 12.852857142857143 1.0 0.2800000000000001
1.0 0.03788634097706879 12.852857142857143 0.95 0.2900000000000001
1.0 0.03788634097706879 12.852857142857143 0.95 0.3000000000000001
1.0 0.036889332003988036 12.852857142857143 0.925 0.3100000000000001
1.0 0.03489531405782652 12.852857142857143 0.875 0.3200000000000001
1.0 0.03290129611166501 12.852857142857143 0.825 0.3300000000000001
1.0 0.031904287138584245 12.852857142857143 0.8 0.34000000000000014
1.0 0.02991026919242273 12.852857142857143 0.75 0.35000000000000014
1.0 0.027916251246261216 12.852857142857143 0.7 0.36000000000000015
1.0 0.026919242273180457 12.852857142857143 0.675 0.37000000000000016
1.0 0.024925224327018942 12.852857142857143 0.625 0.38000000000000017
1.0 0.023928215353938187 12.852857142857143 0.6 0.3900000000000002
1.0 0.022931206380857428 12.852857142857143 0.575 0.4000000000000002
1.0 0.018943170488534396 12.852857142857143 0.475 0.4100000000000002
1.0 0.01794616151545364 12.852857142857143 0.45 0.4200000000000002
1.0 0.01794616151545364 12.852857142857143 0.45 0.4300000000000002
1.0 0.015952143569292122 12.852857142857143 0.4 0.4400000000000002
1.0 0.014955134596211365 12.852857142857143 0.375 0.45000000000000023
1.0 0.01296111665004985 12.852857142857143 0.325 0.46000000000000024
1.0 0.011964107676969093 12.852857142857143 0.3 0.47000000000000025
1.0 0.011964107676969093 12.852857142857143 0.3 0.48000000000000026
1.0 0.010967098703888335 12.852857142857143 0.275 0.49000000000000027
1.0 0.010967098703888335 12.852857142857143 0.275 0.5000000000000002
1.0 0.00897308075772682 12.852857142857143 0.225 0.5100000000000002
1.0 0.007976071784646061 12.852857142857143 0.2 0.5200000000000002
1.0 0.007976071784646061 12.852857142857143 0.2 0.5300000000000002
1.0 0.006979062811565304 12.852857142857143 0.175 0.5400000000000003
1.0 0.005982053838484547 12.852857142857143 0.15 0.5500000000000003
1.0 0.005982053838484547 12.852857142857143 0.15 0.5600000000000003
1.0 0.005982053838484547 12.852857142857143 0.15 0.5700000000000003
1.0 0.005982053838484547 12.852857142857143 0.15 0.5800000000000003
1.0 0.005982053838484547 12.852857142857143 0.15 0.5900000000000003
1.0 0.005982053838484547 12.852857142857143 0.15 0.6000000000000003
1.0 0.005982053838484547 12.852857142857143 0.15 0.6100000000000003
1.0 0.004985044865403789 12.852857142857143 0.125 0.6200000000000003
1.0 0.003988035892323031 12.852857142857143 0.1 0.6300000000000003
1.0 0.0029910269192422734 12.852857142857143 0.075 0.6400000000000003
1.0 0.0029910269192422734 12.852857142857143 0.075 0.6500000000000004
1.0 0.0029910269192422734 12.852857142857143 0.075 0.6600000000000004
1.0 0.0029910269192422734 12.852857142857143 0.075 0.6700000000000004
1.0 0.0019940179461615153 12.852857142857143 0.05 0.6800000000000004
1.0 0.0019940179461615153 12.852857142857143 0.05 0.6900000000000004
1.0 9.970089730807576E-4 12.852857142857143 0.025 0.7000000000000004
1.0 9.970089730807576E-4 12.852857142857143 0.025 0.7100000000000004
1.0 9.970089730807576E-4 12.852857142857143 0.025 0.7200000000000004
1.0 9.970089730807576E-4 12.852857142857143 0.025 0.7300000000000004
1.0 0.0 12.852857142857143 0.0 0.7400000000000004
1.0 0.0 12.852857142857143 0.0 0.7500000000000004
1.0 0.0 12.852857142857143 0.0 0.7600000000000005
1.0 0.0 12.852857142857143 0.0 0.7700000000000005
1.0 0.0 12.852857142857143 0.0 0.7800000000000005
1.0 0.0 12.852857142857143 0.0 0.7900000000000005
1.0 0.0 12.852857142857143 0.0 0.8000000000000005
1.0 0.0 12.852857142857143 0.0 0.8100000000000005
1.0 0.0 12.852857142857143 0.0 0.8200000000000005
1.0 0.0 12.852857142857143 0.0 0.8300000000000005
1.0 0.0 12.852857142857143 0.0 0.8400000000000005
1.0 0.0 12.852857142857143 0.0 0.8500000000000005
1.0 0.0 12.852857142857143 0.0 0.8600000000000005
1.0 0.0 12.852857142857143 0.0 0.8700000000000006
1.0 0.0 12.852857142857143 0.0 0.8800000000000006
1.0 0.0 12.852857142857143 0.0 0.8900000000000006
1.0 0.0 12.852857142857143 0.0 0.9000000000000006
0.999888851839502 0.0 12.851428571428572 0.0 0.9100000000000006
0.999888851839502 0.0 12.851428571428572 0.0 0.9200000000000006
0.999888851839502 0.0 12.851428571428572 0.0 0.9300000000000006
0.9997777036790041 0.0 12.85 0.0 0.9400000000000006
0.9997777036790041 0.0 12.85 0.0 0.9500000000000006
0.9995554073580082 0.0 12.847142857142858 0.0 0.9600000000000006
0.9993331110370124 0.0 12.844285714285714 0.0 0.9700000000000006
0.9993331110370124 0.0 12.844285714285714 0.0 0.9800000000000006
0.9976658886295432 0.0 12.822857142857142 0.0 0.9900000000000007
0.0 0.0 0.0 0.0
