1.0 1.0 14.995 100.3 0.0
1.0 0.6819541375872383 14.995 68.4 0.01
1.0 0.5413758723828515 14.995 54.3 0.02
1.0 0.46560319042871384 14.995 46.7 0.03
1.0 0.4187437686939183 14.995 42.0 0.04
1.0 0.37886340977068794 14.995 38.0 0.05
1.0 0.33300099700897307 14.995 33.4 0.060000000000000005
1.0 0.33300099700897307 14.995 33.4 0.07
1.0 0.3150548354935194 14.995 31.6 0.08
1.0 0.2951146560319043 14.995 29.6 0.09
1.0 0.27218344965104685 14.995 27.3 0.09999999999999999
1.0 0.26321036889332006 14.995 26.4 0.10999999999999999
1.0 0.25124626121635096 14.995 25.2 0.11999999999999998
1.0 0.23928215353938184 14.995 24.0 0.12999999999999998
1.0 0.22731804586241275 14.995 22.8 0.13999999999999999
1.0 0.21834496510468593 14.995 21.9 0.15
1.0 0.20937188434695914 14.995 21.0 0.16
1.0 0.2023928215353938 14.995 20.3 0.17
1.0 0.18843469591226322 14.995 18.9 0.18000000000000002
1.0 0.17746759720837488 14.995 17.8 0.19000000000000003
1.0 0.17347956131605186 14.995 17.4 0.20000000000000004
1.0 0.1674975074775673 14.995 16.8 0.21000000000000005
1.0 0.16151545363908276 14.995 16.2 0.22000000000000006
1.0 0.1575274177467597 14.995 15.8 0.23000000000000007
1.0 0.15054835493519442 14.995 15.1 0.24000000000000007
1.0 0.14556331006979062 14.995 14.6 0.25000000000000006
1.0 0.1415752741774676 14.995 14.2 0.26000000000000006
1.0 0.1365902293120638 14.995 13.7 0.2700000000000001
1.0 0.13559322033898305 14.995 13.6 0.2800000000000001
1.0 0.13260219341974078 14.995 13.3 0.2900000000000001
1.0 0.13060817547357925 14.995 13.1 0.3000000000000001
1.0 0.12462612163509472 14.995 12.5 0.3100000000000001
1.0 0.11764705882352941 14.995 11.8 0.3200000000000001
1.0 0.11465603190428714 14.995 11.5 0.3300000000000001
1.0 0.11465603190428714 14.995 11.5 0.34000000000000014
1.0 0.11365902293120637 14.995 11.4 0.35000000000000014
1.0 0.11166500498504486 14.995 11.2 0.36000000000000015
1.0 0.10967098703888335 14.995 11.0 0.37000000000000016
1.0 0.10468594217347957 14.995 10.5 0.38000000000000017
1.0 0.10468594217347957 14.995 10.5 0.3900000000000002
1.0 0.10269192422731804 14.995 10.3 0.4000000000000002
1.0 0.10069790628115653 14.995 10.1 0.4100000000000002
1.0 0.09870388833499502 14.995 9.9 0.4200000000000002
1.0 0.09770687936191426 14.995 9.8 0.4300000000000002
1.0 0.09471585244267199 14.995 9.5 0.4400000000000002
1.0 0.09272183449651047 14.995 9.3 0.45000000000000023
1.0 0.09172482552342971 14.995 9.2 0.46000000000000024
1.0 0.09072781655034895 14.995 9.1 0.47000000000000025
1.0 0.08773678963110668 14.995 8.8 0.48000000000000026
1.0 0.0847457627118644 14.995 8.5 0.49000000000000027
1.0 0.08175473579262213 14.995 8.2 0.5000000000000002
1.0 0.07976071784646062 14.995 8.0 0.5100000000000002
1.0 0.07876370887337986 14.995 7.9 0.5200000000000002
1.0 0.07876370887337986 14.995 7.9 0.5300000000000002
1.0 0.07876370887337986 14.995 7.9 0.5400000000000003
1.0 0.07178464606181456 14.995 7.2 0.5500000000000003
1.0 0.0707876370887338 14.995 7.1 0.5600000000000003
1.0 0.0707876370887338 14.995 7.1 0.5700000000000003
1.0 0.0707876370887338 14.995 7.1 0.5800000000000003
1.0 0.06879361914257229 14.995 6.9 0.5900000000000003
1.0 0.06580259222333001 14.995 6.6 0.6000000000000003
1.0 0.06580259222333001 14.995 6.6 0.6100000000000003
1.0 0.06281156530408774 14.995 6.3 0.6200000000000003
1.0 0.06081754735792622 14.995 6.1 0.6300000000000003
1.0 0.05982053838484546 14.995 6.0 0.6400000000000003
1.0 0.058823529411764705 14.995 5.9 0.6500000000000004
1.0 0.05782652043868395 14.995 5.8 0.6600000000000004
1.0 0.05583250249252243 14.995 5.6 0.6700000000000004
1.0 0.054835493519441676 14.995 5.5 0.6800000000000004
1.0 0.053838484546360914 14.995 5.4 0.6900000000000004
1.0 0.05084745762711865 14.995 5.1 0.7000000000000004
1.0 0.049850448654037885 14.995 5.0 0.7100000000000004
1.0 0.04685942173479561 14.995 4.7 0.7200000000000004
1.0 0.0448654037886341 14.995 4.5 0.7300000000000004
1.0 0.04187437686939183 14.995 4.2 0.7400000000000004
1.0 0.04187437686939183 14.995 4.2 0.7500000000000004
1.0 0.03988035892323031 14.995 4.0 0.7600000000000005
1.0 0.038883349950149554 14.995 3.9 0.7700000000000005
1.0 0.03589232303090728 14.995 3.6 0.7800000000000005
1.0 0.03489531405782652 14.995 3.5 0.7900000000000005
1.0 0.03090727816550349 14.995 3.1 0.8000000000000005
1.0 0.028913260219341975 14.995 2.9 0.8100000000000005
1.0 0.026919242273180457 14.995 2.7 0.8200000000000005
1.0 0.0259222333000997 14.995 2.6 0.8300000000000005
1.0 0.024925224327018942 14.995 2.5 0.8400000000000005
1.0 0.022931206380857428 14.995 2.3 0.8500000000000005
1.0 0.022931206380857428 14.995 2.3 0.8600000000000005
0.999888851839502 0.02193419740777667 14.993333333333334 2.2 0.8700000000000006
0.999888851839502 0.020937188434695914 14.993333333333334 2.1 0.8800000000000006
0.999888851839502 0.018943170488534396 14.993333333333334 1.9 0.8900000000000006
0.999888851839502 0.01794616151545364 14.993333333333334 1.8 0.9000000000000006
0.9995554073580082 0.01694915254237288 14.988333333333333 1.7 0.9100000000000006
0.9993331110370124 0.015952143569292122 14.985 1.6 0.9200000000000006
0.9989996665555185 0.014955134596211365 14.98 1.5 0.9300000000000006
0.9988885183950206 0.014955134596211365 14.978333333333333 1.5 0.9400000000000006
0.9988885183950206 0.014955134596211365 14.978333333333333 1.5 0.9500000000000006
0.9985550739135267 0.013958125623130608 14.973333333333333 1.4 0.9600000000000006
0.9983327775925308 0.011964107676969093 14.97 1.2 0.9700000000000006
0.9967767033455597 0.007976071784646061 14.946666666666667 0.8 0.9800000000000006
0.9916638879626543 0.005982053838484547 14.87 0.6 0.9900000000000007
0.0 0.0 0.0 0.0
