1.0 1.0 22.4925 25.075 0.0
1.0 0.9182452642073778 22.4925 23.025 0.01
1.0 0.8554336989032901 22.4925 21.45 0.02
1.0 0.8205383848454636 22.4925 20.575 0.03
1.0 0.7856430707876371 22.4925 19.7 0.04
1.0 0.7467597208374875 22.4925 18.725 0.05
1.0 0.6799601196410767 22.4925 17.05 0.060000000000000005
1.0 0.6799601196410767 22.4925 17.05 0.07
1.0 0.6610169491525424 22.4925 16.575 0.08
1.0 0.6480558325024925 22.4925 16.25 0.09
1.0 0.6311066799601196 22.4925 15.825 0.09999999999999999
1.0 0.617148554336989 22.4925 15.475 0.10999999999999999
1.0 0.5942173479561316 22.4925 14.9 0.11999999999999998
1.0 0.5752741774675972 22.4925 14.425 0.12999999999999998
1.0 0.5643070787637089 22.4925 14.15 0.13999999999999999
1.0 0.5533399800598205 22.4925 13.875 0.15
1.0 0.5294117647058824 22.4925 13.275 0.16
1.0 0.5074775672981057 22.4925 12.725 0.17
1.0 0.4715852442671984 22.4925 11.825 0.18000000000000002
1.0 0.45862412761714855 22.4925 11.5 0.19000000000000003
1.0 0.4476570289132602 22.4925 11.225 0.20000000000000004
1.0 0.43469591226321036 22.4925 10.9 0.21000000000000005
1.0 0.42971086739780656 22.4925 10.775 0.22000000000000006
1.0 0.42273180458624127 22.4925 10.6 0.23000000000000007
1.0 0.4147557328015952 22.4925 10.4 0.24000000000000007
1.0 0.4097706879361914 22.4925 10.275 0.25000000000000006
1.0 0.4037886340977069 22.4925 10.125 0.26000000000000006
1.0 0.39780658025922233 22.4925 9.975 0.2700000000000001
1.0 0.38783649052841473 22.4925 9.725 0.2800000000000001
1.0 0.3818544366899302 22.4925 9.575 0.2900000000000001
1.0 0.3748753738783649 22.4925 9.4 0.3000000000000001
1.0 0.36689930209371885 22.4925 9.2 0.3100000000000001
1.0 0.357926221335992 22.4925 8.975 0.3200000000000001
1.0 0.3469591226321037 22.4925 8.7 0.3300000000000001
1.0 0.32801595214356927 22.4925 8.225 0.34000000000000014
1.0 0.3160518444666002 22.4925 7.925 0.35000000000000014
1.0 0.3070787637088734 22.4925 7.7 0.36000000000000015
1.0 0.3000997008973081 22.4925 7.525 0.37000000000000016
1.0 0.28215353938185445 22.4925 7.075 0.38000000000000017
1.0 0.27018943170488535 22.4925 6.775 0.3900000000000002
1.0 0.2522432701894317 22.4925 6.325 0.4000000000000002
1.0 0.24027916251246262 22.4925 6.025 0.4100000000000002
1.0 0.22831505483549352 22.4925 5.725 0.4200000000000002
1.0 0.2193419740777667 22.4925 5.5 0.4300000000000002
1.0 0.20837487537387836 22.4925 5.225 0.4400000000000002
1.0 0.20438683948155534 22.4925 5.125 0.45000000000000023
1.0 0.19940179461615154 22.4925 5.0 0.46000000000000024
1.0 0.1914257228315055 22.4925 4.8 0.47000000000000025
1.0 0.18843469591226322 22.4925 4.725 0.48000000000000026
1.0 0.18444666001994017 22.4925 4.625 0.49000000000000027
1.0 0.18045862412761715 22.4925 4.525 0.5000000000000002
1.0 0.1794616151545364 22.4925 4.5 0.5100000000000002
1.0 0.17547357926221335 22.4925 4.4 0.5200000000000002
1.0 0.17248255234297108 22.4925 4.325 0.5300000000000002
1.0 0.17148554336989033 22.4925 4.3 0.5400000000000003
1.0 0.1694915254237288 22.4925 4.25 0.5500000000000003
1.0 0.16849451645064806 22.4925 4.225 0.5600000000000003
1.0 0.16650049850448653 22.4925 4.175 0.5700000000000003
1.0 0.16051844466600199 22.4925 4.025 0.5800000000000003
1.0 0.1575274177467597 22.4925 3.95 0.5900000000000003
1.0 0.15653040877367896 22.4925 3.925 0.6000000000000003
1.0 0.15453639082751744 22.4925 3.875 0.6100000000000003
1.0 0.15054835493519442 22.4925 3.775 0.6200000000000003
1.0 0.1415752741774676 22.4925 3.55 0.6300000000000003
1.0 0.13559322033898305 22.4925 3.4 0.6400000000000003
1.0 0.12562313060817548 22.4925 3.15 0.6500000000000004
1.0 0.12163509471585245 22.4925 3.05 0.6600000000000004
1.0 0.11166500498504486 22.4925 2.8 0.6700000000000004
1.0 0.1036889332003988 22.4925 2.6 0.6800000000000004
1.0 0.09970089730807577 22.4925 2.5 0.6900000000000004
1.0 0.09072781655034895 22.4925 2.275 0.7000000000000004
1.0 0.08374875373878365 22.4925 2.1 0.7100000000000004
1.0 0.06979062811565304 22.4925 1.75 0.7200000000000004
1.0 0.06181455633100698 22.4925 1.55 0.7300000000000004
1.0 0.05583250249252243 22.4925 1.4 0.7400000000000004
1.0 0.04885343968095713 22.4925 1.225 0.7500000000000004
1.0 0.04685942173479561 22.4925 1.175 0.7600000000000005
1.0 0.04386839481555334 22.4925 1.1 0.7700000000000005
1.0 0.040877367896311065 22.4925 1.025 0.7800000000000005
0.999888851839502 0.03788634097706879 22.49 0.95 0.7900000000000005
0.999888851839502 0.036889332003988036 22.49 0.925 0.8000000000000005
0.999888851839502 0.03290129611166501 22.49 0.825 0.8100000000000005
0.9997777036790041 0.03290129611166501 22.4875 0.825 0.8200000000000005
0.9995554073580082 0.03290129611166501 22.4825 0.825 0.8300000000000005
0.9993331110370124 0.03090727816550349 22.4775 0.775 0.8400000000000005
0.9987773702345226 0.027916251246261216 22.465 0.7 0.8500000000000005
0.9985550739135267 0.024925224327018942 22.46 0.625 0.8600000000000005
0.9974435923085473 0.020937188434695914 22.435 0.525 0.8700000000000006
0.996109814382572 0.01694915254237288 22.405 0.425 0.8800000000000006
0.9951094809380905 0.014955134596211365 22.3825 0.375 0.8900000000000006
0.9929976658886296 0.010967098703888335 22.335 0.275 0.9000000000000006
0.9917750361231522 0.007976071784646061 22.3075 0.2 0.9100000000000006
0.990218961876181 0.0019940179461615153 22.2725 0.05 0.9200000000000006
0.9885517394687118 0.0019940179461615153 22.235 0.05 0.9300000000000006
0.9867733689007447 9.970089730807576E-4 22.195 0.025 0.9400000000000006
0.9845504056907858 0.0 22.145 0.0 0.9500000000000006
0.9817717016783373 0.0 22.0825 0.0 0.9600000000000006
0.9769923307769256 0.0 21.975 0.0 0.9700000000000006
0.9693231077025676 0.0 21.8025 0.0 0.9800000000000006
0.9395354006891186 0.0 21.1325 0.0 0.9900000000000007
0.0 0.0 0.0 0.0
