1.0 1.0 89.97 50.15 0.0
1.0 1.0 89.97 50.15 0.01
1.0 0.9990029910269193 89.97 50.1 0.02
1.0 0.9990029910269193 89.97 50.1 0.03
1.0 0.9990029910269193 89.97 50.1 0.04
1.0 0.9980059820538385 89.97 50.05 0.05
1.0 0.996011964107677 89.97 49.95 0.060000000000000005
1.0 0.996011964107677 89.97 49.95 0.07
1.0 0.996011964107677 89.97 49.95 0.08
1.0 0.996011964107677 89.97 49.95 0.09
1.0 0.996011964107677 89.97 49.95 0.09999999999999999
1.0 0.996011964107677 89.97 49.95 0.10999999999999999
1.0 0.996011964107677 89.97 49.95 0.11999999999999998
1.0 0.9940179461615155 89.97 49.85 0.12999999999999998
1.0 0.9930209371884346 89.97 49.8 0.13999999999999999
1.0 0.9920239282153539 89.97 49.75 0.15
1.0 0.9900299102691924 89.97 49.65 0.16
1.0 0.9900299102691924 89.97 49.65 0.17
1.0 0.9850448654037887 89.97 49.4 0.18000000000000002
1.0 0.9840478564307079 89.97 49.35 0.19000000000000003
1.0 0.9820538384845464 89.97 49.25 0.20000000000000004
1.0 0.9800598205383848 89.97 49.15 0.21000000000000005
1.0 0.9760717846460618 89.97 48.95 0.22000000000000006
1.0 0.9740777666999003 89.97 48.85 0.23000000000000007
1.0 0.9740777666999003 89.97 48.85 0.24000000000000007
1.0 0.9730807577268196 89.97 48.8 0.25000000000000006
1.0 0.9730807577268196 89.97 48.8 0.26000000000000006
1.0 0.9730807577268196 89.97 48.8 0.2700000000000001
1.0 0.9730807577268196 89.97 48.8 0.2800000000000001
1.0 0.9730807577268196 89.97 48.8 0.2900000000000001
1.0 0.9720837487537388 89.97 48.75 0.3000000000000001
1.0 0.9700897308075773 89.97 48.65 0.3100000000000001
1.0 0.9700897308075773 89.97 48.65 0.3200000000000001
1.0 0.9690927218344965 89.97 48.6 0.3300000000000001
1.0 0.967098703888335 89.97 48.5 0.34000000000000014
1.0 0.9651046859421735 89.97 48.4 0.35000000000000014
1.0 0.9621136590229312 89.97 48.25 0.36000000000000015
1.0 0.9601196410767697 89.97 48.15 0.37000000000000016
1.0 0.9511465603190429 89.97 47.7 0.38000000000000017
1.0 0.9471585244267199 89.97 47.5 0.3900000000000002
1.0 0.9431704885343968 89.97 47.3 0.4000000000000002
1.0 0.9351944167497508 89.97 46.9 0.4100000000000002
1.0 0.9322033898305084 89.97 46.75 0.4200000000000002
1.0 0.9282153539381854 89.97 46.55 0.4300000000000002
1.0 0.9192422731804586 89.97 46.1 0.4400000000000002
1.0 0.9132602193419741 89.97 45.8 0.45000000000000023
1.0 0.909272183449651 89.97 45.6 0.46000000000000024
1.0 0.905284147557328 89.97 45.4 0.47000000000000025
1.0 0.901296111665005 89.97 45.2 0.48000000000000026
1.0 0.9002991026919243 89.97 45.15 0.49000000000000027
1.0 0.8973080757726819 89.97 45.0 0.5000000000000002
1.0 0.8943170488534397 89.97 44.85 0.5100000000000002
1.0 0.8923230309072782 89.97 44.75 0.5200000000000002
1.0 0.8913260219341974 89.97 44.7 0.5300000000000002
1.0 0.8893320039880359 89.97 44.6 0.5400000000000003
1.0 0.8893320039880359 89.97 44.6 0.5500000000000003
1.0 0.8883349950149552 89.97 44.55 0.5600000000000003
1.0 0.8883349950149552 89.97 44.55 0.5700000000000003
1.0 0.8873379860418744 89.97 44.5 0.5800000000000003
1.0 0.8873379860418744 89.97 44.5 0.5900000000000003
1.0 0.8863409770687937 89.97 44.45 0.6000000000000003
1.0 0.8853439680957128 89.97 44.4 0.6100000000000003
1.0 0.8813559322033898 89.97 44.2 0.6200000000000003
1.0 0.8743768693918246 89.97 43.85 0.6300000000000003
1.0 0.8703888334995015 89.97 43.65 0.6400000000000003
1.0 0.8604187437686939 89.97 43.15 0.6500000000000004
1.0 0.8524426719840479 89.97 42.75 0.6600000000000004
1.0 0.8404785643070788 89.97 42.15 0.6700000000000004
1.0 0.8285144566301097 89.97 41.55 0.6800000000000004
1.0 0.7966101694915254 89.97 39.95 0.6900000000000004
1.0 0.7786640079760718 89.97 39.05 0.7000000000000004
1.0 0.7627118644067796 89.97 38.25 0.7100000000000004
1.0 0.7387836490528414 89.97 37.05 0.7200000000000004
1.0 0.7258225324027916 89.97 36.4 0.7300000000000004
1.0 0.7108673978065803 89.97 35.65 0.7400000000000004
1.0 0.6929212362911267 89.97 34.75 0.7500000000000004
1.0 0.6739780658025922 89.97 33.8 0.7600000000000005
1.0 0.6640079760717846 89.97 33.3 0.7700000000000005
0.999888851839502 0.6520438683948155 89.96 32.7 0.7800000000000005
0.999888851839502 0.6420737786640079 89.96 32.2 0.7900000000000005
0.9995554073580082 0.6400797607178464 89.93 32.1 0.8000000000000005
0.9988885183950206 0.634097706879362 89.87 31.8 0.8100000000000005
0.9969989996665555 0.6281156530408774 89.7 31.5 0.8200000000000005
0.9932199622096254 0.6181455633100698 89.36 31.0 0.8300000000000005
0.9878848505057242 0.6031904287138584 88.88 30.25 0.8400000000000005
0.9789929976658887 0.5892323030907278 88.08 29.55 0.8500000000000005
0.9652106257641436 0.5692921236291126 86.84 28.55 0.8600000000000005
0.944648216072024 0.5333998005982054 84.99 26.75 0.8700000000000006
0.915082805379571 0.5044865403788634 82.33 25.3 0.8800000000000006
0.8750694676003112 0.4695912263210369 78.73 23.55 0.8900000000000006
0.8332777592530843 0.42971086739780656 74.97 21.55 0.9000000000000006
0.7932644214738246 0.38783649052841473 71.37 19.45 0.9100000000000006
0.7555851950650216 0.35493519441674976 67.98 17.8 0.9200000000000006
0.72324108036012 0.3160518444666002 65.07 15.85 0.9300000000000006
0.6944537067911526 0.2971086739780658 62.48 14.9 0.9400000000000006
0.666110925864177 0.288135593220339 59.93 14.45 0.9500000000000006
0.6367678114927198 0.2711864406779661 57.29 13.6 0.9600000000000006
0.600755807491386 0.25124626121635096 54.05 12.6 0.9700000000000006
0.547515838612871 0.21036889332003988 49.26 10.55 0.9800000000000006
0.4321440480160053 0.13260219341974078 38.88 6.65 0.9900000000000007
0.0 0.0 0.0 0.0
