0.0 0.5982053838484547 0.0 25.0 0.0
0.0 0.5932203389830508 0.0 24.791666666666668 0.01
0.0 0.5862412761714856 0.0 24.5 0.02
0.0 0.5812562313060817 0.0 24.291666666666668 0.03
0.0 0.5752741774675972 0.0 24.041666666666668 0.04
0.0 0.5702891326021934 0.0 23.833333333333332 0.05
0.0 0.5623130608175474 0.0 23.5 0.060000000000000005
0.0 0.5623130608175474 0.0 23.5 0.07
0.0 0.5563310069790628 0.0 23.25 0.08
0.0 0.555333998005982 0.0 23.208333333333332 0.09
0.0 0.5533399800598205 0.0 23.125 0.09999999999999999
0.0 0.5483549351944168 0.0 22.916666666666668 0.10999999999999999
0.0 0.5463609172482552 0.0 22.833333333333332 0.11999999999999998
0.0 0.5413758723828515 0.0 22.625 0.12999999999999998
0.0 0.5403788634097707 0.0 22.583333333333332 0.13999999999999999
0.0 0.5373878364905285 0.0 22.458333333333332 0.15
0.0 0.5333998005982054 0.0 22.291666666666668 0.16
0.0 0.5314057826520439 0.0 22.208333333333332 0.17
0.0 0.5264207377866401 0.0 22.0 0.18000000000000002
0.0 0.522432701894317 0.0 21.833333333333332 0.19000000000000003
0.0 0.5194416749750748 0.0 21.708333333333332 0.20000000000000004
0.0 0.5174476570289133 0.0 21.625 0.21000000000000005
0.0 0.5154536390827518 0.0 21.541666666666668 0.22000000000000006
0.0 0.5104685942173479 0.0 21.333333333333332 0.23000000000000007
0.0 0.5054835493519442 0.0 21.125 0.24000000000000007
0.0 0.5024925224327019 0.0 21.0 0.25000000000000006
0.0 0.4995014955134596 0.0 20.875 0.26000000000000006
0.0 0.4965104685942173 0.0 20.75 0.2700000000000001
0.0 0.4935194416749751 0.0 20.625 0.2800000000000001
0.0 0.4865403788634098 0.0 20.333333333333332 0.2900000000000001
0.0 0.4835493519441675 0.0 20.208333333333332 0.3000000000000001
0.0 0.481555333998006 0.0 20.125 0.3100000000000001
0.0 0.481555333998006 0.0 20.125 0.3200000000000001
0.0 0.4785643070787637 0.0 20.0 0.3300000000000001
0.0 0.47756729810568294 0.0 19.958333333333332 0.34000000000000014
0.0 0.47756729810568294 0.0 19.958333333333332 0.35000000000000014
0.0 0.47756729810568294 0.0 19.958333333333332 0.36000000000000015
0.0 0.47557328015952144 0.0 19.875 0.37000000000000016
0.0 0.4715852442671984 0.0 19.708333333333332 0.38000000000000017
0.0 0.47058823529411764 0.0 19.666666666666668 0.3900000000000002
0.0 0.46859421734795614 0.0 19.583333333333332 0.4000000000000002
0.0 0.4666001994017946 0.0 19.5 0.4100000000000002
0.0 0.4626121635094716 0.0 19.333333333333332 0.4200000000000002
0.0 0.46161515453639085 0.0 19.291666666666668 0.4300000000000002
0.0 0.45862412761714855 0.0 19.166666666666668 0.4400000000000002
0.0 0.45862412761714855 0.0 19.166666666666668 0.45000000000000023
0.0 0.45663010967098705 0.0 19.083333333333332 0.46000000000000024
0.0 0.4556331006979063 0.0 19.041666666666668 0.47000000000000025
0.0 0.4546360917248255 0.0 19.0 0.48000000000000026
0.0 0.44965104685942175 0.0 18.791666666666668 0.49000000000000027
0.0 0.44466600199401796 0.0 18.583333333333332 0.5000000000000002
0.0 0.4426719840478564 0.0 18.5 0.5100000000000002
0.0 0.4386839481555334 0.0 18.333333333333332 0.5200000000000002
0.0 0.4386839481555334 0.0 18.333333333333332 0.5300000000000002
0.0 0.4336989032901296 0.0 18.125 0.5400000000000003
0.0 0.4287138584247258 0.0 17.916666666666668 0.5500000000000003
0.0 0.4267198404785643 0.0 17.833333333333332 0.5600000000000003
0.0 0.423728813559322 0.0 17.708333333333332 0.5700000000000003
0.0 0.4187437686939183 0.0 17.5 0.5800000000000003
0.0 0.4137587238285145 0.0 17.291666666666668 0.5900000000000003
0.0 0.4137587238285145 0.0 17.291666666666668 0.6000000000000003
0.0 0.4107676969092722 0.0 17.166666666666668 0.6100000000000003
0.0 0.4087736789631107 0.0 17.083333333333332 0.6200000000000003
0.0 0.4077766699900299 0.0 17.041666666666668 0.6300000000000003
0.0 0.4067796610169492 0.0 17.0 0.6400000000000003
0.0 0.4057826520438684 0.0 16.958333333333332 0.6500000000000004
0.0 0.40079760717846463 0.0 16.75 0.6600000000000004
0.0 0.3968095712861416 0.0 16.583333333333332 0.6700000000000004
0.0 0.39581256231306083 0.0 16.541666666666668 0.6800000000000004
0.0 0.3938185443668993 0.0 16.458333333333332 0.6900000000000004
0.0 0.3898305084745763 0.0 16.291666666666668 0.7000000000000004
0.0 0.38584247258225324 0.0 16.125 0.7100000000000004
0.0 0.382851445663011 0.0 16.0 0.7200000000000004
0.0 0.3798604187437687 0.0 15.875 0.7300000000000004
0.0 0.37686939182452645 0.0 15.75 0.7400000000000004
0.0 0.37188434695912265 0.0 15.541666666666666 0.7500000000000004
0.0 0.3678963110667996 0.0 15.375 0.7600000000000005
0.0 0.36390827517447655 0.0 15.208333333333334 0.7700000000000005
0.0 0.353938185443669 0.0 14.791666666666666 0.7800000000000005
0.0 0.34097706879361916 0.0 14.25 0.7900000000000005
0.0 0.3389830508474576 0.0 14.166666666666666 0.8000000000000005
0.0 0.32801595214356927 0.0 13.708333333333334 0.8100000000000005
0.0 0.3230309072781655 0.0 13.5 0.8200000000000005
0.0 0.3160518444666002 0.0 13.208333333333334 0.8300000000000005
0.0 0.3140578265204387 0.0 13.125 0.8400000000000005
0.0 0.3020937188434696 0.0 12.625 0.8500000000000005
0.0 0.29910269192422734 0.0 12.5 0.8600000000000005
0.0 0.2971086739780658 0.0 12.416666666666666 0.8700000000000006
0.0 0.29112662013958124 0.0 12.166666666666666 0.8800000000000006
0.0 0.28713858424725824 0.0 12.0 0.8900000000000006
0.0 0.2781655034895314 0.0 11.625 0.9000000000000006
0.0 0.27218344965104685 0.0 11.375 0.9100000000000006
0.0 0.26321036889332006 0.0 11.0 0.9200000000000006
0.0 0.24626121635094717 0.0 10.291666666666666 0.9300000000000006
0.0 0.23629112662013957 0.0 9.875 0.9400000000000006
0.0 0.21834496510468593 0.0 9.125 0.9500000000000006
0.0 0.20039880358923232 0.0 8.375 0.9600000000000006
0.0 0.17746759720837488 0.0 7.416666666666667 0.9700000000000006
0.0 0.15952143569292124 0.0 6.666666666666667 0.9800000000000006
0.0 0.11365902293120637 0.0 4.75 0.9900000000000007
0.0 0.0 0.0 0.0
