1.0 1.0 11.24625 100.3 0.0
1.0 0.3589232303090728 11.24625 36.0 0.01
1.0 0.1914257228315055 11.24625 19.2 0.02
1.0 0.14356929212362912 11.24625 14.4 0.03
1.0 0.11365902293120637 11.24625 11.4 0.04
1.0 0.09870388833499502 11.24625 9.9 0.05
1.0 0.07676969092721835 11.24625 7.7 0.060000000000000005
1.0 0.07676969092721835 11.24625 7.7 0.07
1.0 0.07178464606181456 11.24625 7.2 0.08
1.0 0.06380857427716849 11.24625 6.4 0.09
1.0 0.06181455633100698 11.24625 6.2 0.09999999999999999
1.0 0.058823529411764705 11.24625 5.9 0.10999999999999999
1.0 0.054835493519441676 11.24625 5.5 0.11999999999999998
1.0 0.05284147557328016 11.24625 5.3 0.12999999999999998
1.0 0.05084745762711865 11.24625 5.1 0.13999999999999999
1.0 0.04386839481555334 11.24625 4.4 0.15
1.0 0.04386839481555334 11.24625 4.4 0.16
1.0 0.04287138584247258 11.24625 4.3 0.17
1.0 0.038883349950149554 11.24625 3.9 0.18000000000000002
1.0 0.03489531405782652 11.24625 3.5 0.19000000000000003
1.0 0.031904287138584245 11.24625 3.2 0.20000000000000004
1.0 0.028913260219341975 11.24625 2.9 0.21000000000000005
1.0 0.026919242273180457 11.24625 2.7 0.22000000000000006
1.0 0.024925224327018942 11.24625 2.5 0.23000000000000007
1.0 0.024925224327018942 11.24625 2.5 0.24000000000000007
1.0 0.023928215353938187 11.24625 2.4 0.25000000000000006
1.0 0.023928215353938187 11.24625 2.4 0.26000000000000006
1.0 0.023928215353938187 11.24625 2.4 0.2700000000000001
1.0 0.02193419740777667 11.24625 2.2 0.2800000000000001
1.0 0.020937188434695914 11.24625 2.1 0.2900000000000001
1.0 0.020937188434695914 11.24625 2.1 0.3000000000000001
1.0 0.020937188434695914 11.24625 2.1 0.3100000000000001
1.0 0.018943170488534396 11.24625 1.9 0.3200000000000001
1.0 0.01794616151545364 11.24625 1.8 0.3300000000000001
1.0 0.01694915254237288 11.24625 1.7 0.34000000000000014
1.0 0.014955134596211365 11.24625 1.5 0.35000000000000014
1.0 0.013958125623130608 11.24625 1.4 0.36000000000000015
1.0 0.01296111665004985 11.24625 1.3 0.37000000000000016
1.0 0.01296111665004985 11.24625 1.3 0.38000000000000017
1.0 0.011964107676969093 11.24625 1.2 0.3900000000000002
1.0 0.007976071784646061 11.24625 0.8 0.4000000000000002
1.0 0.007976071784646061 11.24625 0.8 0.4100000000000002
1.0 0.005982053838484547 11.24625 0.6 0.4200000000000002
1.0 0.005982053838484547 11.24625 0.6 0.4300000000000002
1.0 0.005982053838484547 11.24625 0.6 0.4400000000000002
1.0 0.004985044865403789 11.24625 0.5 0.45000000000000023
1.0 0.004985044865403789 11.24625 0.5 0.46000000000000024
1.0 0.004985044865403789 11.24625 0.5 0.47000000000000025
1.0 0.004985044865403789 11.24625 0.5 0.48000000000000026
1.0 0.004985044865403789 11.24625 0.5 0.49000000000000027
1.0 0.004985044865403789 11.24625 0.5 0.5000000000000002
1.0 0.004985044865403789 11.24625 0.5 0.5100000000000002
1.0 0.004985044865403789 11.24625 0.5 0.5200000000000002
1.0 0.003988035892323031 11.24625 0.4 0.5300000000000002
1.0 0.003988035892323031 11.24625 0.4 0.5400000000000003
1.0 0.003988035892323031 11.24625 0.4 0.5500000000000003
1.0 0.003988035892323031 11.24625 0.4 0.5600000000000003
1.0 0.003988035892323031 11.24625 0.4 0.5700000000000003
1.0 0.003988035892323031 11.24625 0.4 0.5800000000000003
1.0 0.003988035892323031 11.24625 0.4 0.5900000000000003
1.0 0.003988035892323031 11.24625 0.4 0.6000000000000003
1.0 0.0019940179461615153 11.24625 0.2 0.6100000000000003
1.0 0.0019940179461615153 11.24625 0.2 0.6200000000000003
1.0 0.0019940179461615153 11.24625 0.2 0.6300000000000003
1.0 0.0019940179461615153 11.24625 0.2 0.6400000000000003
1.0 0.0019940179461615153 11.24625 0.2 0.6500000000000004
1.0 0.0019940179461615153 11.24625 0.2 0.6600000000000004
1.0 9.970089730807576E-4 11.24625 0.1 0.6700000000000004
1.0 0.0 11.24625 0.0 0.6800000000000004
1.0 0.0 11.24625 0.0 0.6900000000000004
1.0 0.0 11.24625 0.0 0.7000000000000004
1.0 0.0 11.24625 0.0 0.7100000000000004
1.0 0.0 11.24625 0.0 0.7200000000000004
1.0 0.0 11.24625 0.0 0.7300000000000004
1.0 0.0 11.24625 0.0 0.7400000000000004
1.0 0.0 11.24625 0.0 0.7500000000000004
1.0 0.0 11.24625 0.0 0.7600000000000005
1.0 0.0 11.24625 0.0 0.7700000000000005
1.0 0.0 11.24625 0.0 0.7800000000000005
1.0 0.0 11.24625 0.0 0.7900000000000005
1.0 0.0 11.24625 0.0 0.8000000000000005
1.0 0.0 11.24625 0.0 0.8100000000000005
1.0 0.0 11.24625 0.0 0.8200000000000005
1.0 0.0 11.24625 0.0 0.8300000000000005
1.0 0.0 11.24625 0.0 0.8400000000000005
1.0 0.0 11.24625 0.0 0.8500000000000005
1.0 0.0 11.24625 0.0 0.8600000000000005
1.0 0.0 11.24625 0.0 0.8700000000000006
1.0 0.0 11.24625 0.0 0.8800000000000006
1.0 0.0 11.24625 0.0 0.8900000000000006
1.0 0.0 11.24625 0.0 0.9000000000000006
1.0 0.0 11.24625 0.0 0.9100000000000006
1.0 0.0 11.24625 0.0 0.9200000000000006
1.0 0.0 11.24625 0.0 0.9300000000000006
1.0 0.0 11.24625 0.0 0.9400000000000006
1.0 0.0 11.24625 0.0 0.9500000000000006
0.999888851839502 0.0 11.245 0.0 0.9600000000000006
0.999888851839502 0.0 11.245 0.0 0.9700000000000006
0.9996665555185061 0.0 11.2425 0.0 0.9800000000000006
0.9989996665555185 0.0 11.235 0.0 0.9900000000000007
0.0 0.0 0.0 0.0
