1.0 1.0 22.4925 40.12 0.0
1.0 0.8943170488534397 22.4925 35.88 0.01
0.999888851839502 0.7986041874376869 22.49 32.04 0.02
0.999888851839502 0.7357926221335992 22.49 29.52 0.03
0.999888851839502 0.6939182452642074 22.49 27.84 0.04
0.999888851839502 0.6620139581256231 22.49 26.56 0.05
0.999888851839502 0.6101694915254238 22.49 24.48 0.060000000000000005
0.999888851839502 0.6101694915254238 22.49 24.48 0.07
0.999888851839502 0.5752741774675972 22.49 23.08 0.08
0.999888851839502 0.5563310069790628 22.49 22.32 0.09
0.999888851839502 0.5403788634097707 22.49 21.68 0.09999999999999999
0.999888851839502 0.5294117647058824 22.49 21.24 0.10999999999999999
0.999888851839502 0.5154536390827518 22.49 20.68 0.11999999999999998
0.999888851839502 0.4995014955134596 22.49 20.04 0.12999999999999998
0.999888851839502 0.48953140578265203 22.49 19.64 0.13999999999999999
0.999888851839502 0.47756729810568294 22.49 19.16 0.15
0.999888851839502 0.4626121635094716 22.49 18.56 0.16
0.999888851839502 0.44666001994017945 22.49 17.92 0.17
0.999888851839502 0.4107676969092722 22.49 16.48 0.18000000000000002
0.999888851839502 0.39581256231306083 22.49 15.88 0.19000000000000003
0.999888851839502 0.37886340977068794 22.49 15.2 0.20000000000000004
0.999888851839502 0.37188434695912265 22.49 14.92 0.21000000000000005
0.999888851839502 0.3659022931206381 22.49 14.68 0.22000000000000006
0.999888851839502 0.35692921236291125 22.49 14.32 0.23000000000000007
0.999888851839502 0.3489531405782652 22.49 14.0 0.24000000000000007
0.999888851839502 0.34496510468594216 22.49 13.84 0.25000000000000006
0.999888851839502 0.3419740777666999 22.49 13.72 0.26000000000000006
0.999888851839502 0.33798604187437686 22.49 13.56 0.2700000000000001
0.999888851839502 0.33599202392821537 22.49 13.48 0.2800000000000001
0.999888851839502 0.3300099700897308 22.49 13.24 0.2900000000000001
0.999888851839502 0.3270189431704885 22.49 13.12 0.3000000000000001
0.999888851839502 0.3270189431704885 22.49 13.12 0.3100000000000001
0.999888851839502 0.3240279162512463 22.49 13.0 0.3200000000000001
0.999888851839502 0.3160518444666002 22.49 12.68 0.3300000000000001
0.999888851839502 0.3040877367896311 22.49 12.2 0.34000000000000014
0.999888851839502 0.29810568295114653 22.49 11.96 0.35000000000000014
0.999888851839502 0.28414755732801594 22.49 11.4 0.36000000000000015
0.999888851839502 0.2741774675972084 22.49 11.0 0.37000000000000016
0.999888851839502 0.26021934197407776 22.49 10.44 0.38000000000000017
0.999888851839502 0.2502492522432702 22.49 10.04 0.3900000000000002
0.9997777036790041 0.23728813559322035 22.4875 9.52 0.4000000000000002
0.9997777036790041 0.2213359920239282 22.4875 8.88 0.4100000000000002
0.9997777036790041 0.20638085742771686 22.4875 8.28 0.4200000000000002
0.9997777036790041 0.1984047856430708 22.4875 7.96 0.4300000000000002
0.9997777036790041 0.18743768693918245 22.4875 7.52 0.4400000000000002
0.9997777036790041 0.1794616151545364 22.4875 7.2 0.45000000000000023
0.9997777036790041 0.17347956131605186 22.4875 6.96 0.46000000000000024
0.9997777036790041 0.16450648055832504 22.4875 6.6 0.47000000000000025
0.9997777036790041 0.15952143569292124 22.4875 6.4 0.48000000000000026
0.9997777036790041 0.15553339980059822 22.4875 6.24 0.49000000000000027
0.9997777036790041 0.15254237288135594 22.4875 6.12 0.5000000000000002
0.9997777036790041 0.14955134596211367 22.4875 6.0 0.5100000000000002
0.9997777036790041 0.1465603190428714 22.4875 5.88 0.5200000000000002
0.9997777036790041 0.14356929212362912 22.4875 5.76 0.5300000000000002
0.9997777036790041 0.1415752741774676 22.4875 5.68 0.5400000000000003
0.9997777036790041 0.14057826520438685 22.4875 5.64 0.5500000000000003
0.9997777036790041 0.13858424725822532 22.4875 5.56 0.5600000000000003
0.9997777036790041 0.13758723828514458 22.4875 5.52 0.5700000000000003
0.9996665555185061 0.13559322033898305 22.485 5.44 0.5800000000000003
0.9996665555185061 0.1345962113659023 22.485 5.4 0.5900000000000003
0.9996665555185061 0.13359920239282153 22.485 5.36 0.6000000000000003
0.9996665555185061 0.13160518444666003 22.485 5.28 0.6100000000000003
0.9996665555185061 0.12761714855433698 22.485 5.12 0.6200000000000003
0.9996665555185061 0.12462612163509472 22.485 5.0 0.6300000000000003
0.9996665555185061 0.1226321036889332 22.485 4.92 0.6400000000000003
0.9996665555185061 0.11864406779661017 22.485 4.76 0.6500000000000004
0.9996665555185061 0.11365902293120637 22.485 4.56 0.6600000000000004
0.9996665555185061 0.10867397806580259 22.485 4.36 0.6700000000000004
0.9996665555185061 0.09970089730807577 22.485 4.0 0.6800000000000004
0.9996665555185061 0.09072781655034895 22.485 3.64 0.6900000000000004
0.9995554073580082 0.0897308075772682 22.4825 3.6 0.7000000000000004
0.9995554073580082 0.08075772681954138 22.4825 3.24 0.7100000000000004
0.9995554073580082 0.07178464606181456 22.4825 2.88 0.7200000000000004
0.9995554073580082 0.06580259222333001 22.4825 2.64 0.7300000000000004
0.9995554073580082 0.06081754735792622 22.4825 2.44 0.7400000000000004
0.9995554073580082 0.05583250249252243 22.4825 2.24 0.7500000000000004
0.9995554073580082 0.049850448654037885 22.4825 2.0 0.7600000000000005
0.9995554073580082 0.04685942173479561 22.4825 1.88 0.7700000000000005
0.9995554073580082 0.04386839481555334 22.4825 1.76 0.7800000000000005
0.9995554073580082 0.040877367896311065 22.4825 1.64 0.7900000000000005
0.9994442591975102 0.038883349950149554 22.48 1.56 0.8000000000000005
0.9994442591975102 0.038883349950149554 22.48 1.56 0.8100000000000005
0.9994442591975102 0.036889332003988036 22.48 1.48 0.8200000000000005
0.9994442591975102 0.03389830508474576 22.48 1.36 0.8300000000000005
0.9992219628765144 0.031904287138584245 22.475 1.28 0.8400000000000005
0.9987773702345226 0.02991026919242273 22.465 1.2 0.8500000000000005
0.998110481271535 0.024925224327018942 22.45 1.0 0.8600000000000005
0.9973324441480493 0.022931206380857428 22.4325 0.92 0.8700000000000006
0.9965544070245638 0.019940179461615155 22.415 0.8 0.8800000000000006
0.9949983327775925 0.014955134596211365 22.38 0.6 0.8900000000000006
0.9939979993331111 0.009970089730807577 22.3575 0.4 0.9000000000000006
0.9922196287651439 0.006979062811565304 22.3175 0.28 0.9100000000000006
0.9908858508391686 0.003988035892323031 22.2875 0.16 0.9200000000000006
0.9895520729131932 0.0019940179461615153 22.2575 0.08 0.9300000000000006
0.9881071468267201 9.970089730807576E-4 22.225 0.04 0.9400000000000006
0.9863287762587529 0.0 22.185 0.0 0.9500000000000006
0.9836612204068023 0.0 22.125 0.0 0.9600000000000006
0.980215627431366 0.0 22.0475 0.0 0.9700000000000006
0.970434589307547 0.0 21.8275 0.0 0.9800000000000006
0.9389796598866289 0.0 21.12 0.0 0.9900000000000007
0.0 0.0 0.0 0.0
