1.0 1.0 12.852857142857143 100.3 0.0
1.0 0.5633100697906281 12.852857142857143 56.5 0.01
1.0 0.3778664007976072 12.852857142857143 37.9 0.02
1.0 0.30608175473579263 12.852857142857143 30.7 0.03
1.0 0.26819541375872386 12.852857142857143 26.9 0.04
1.0 0.2382851445663011 12.852857142857143 23.9 0.05
1.0 0.19541375872382852 12.852857142857143 19.6 0.060000000000000005
1.0 0.19541375872382852 12.852857142857143 19.6 0.07
1.0 0.1794616151545364 12.852857142857143 18.0 0.08
1.0 0.1674975074775673 12.852857142857143 16.8 0.09
1.0 0.15553339980059822 12.852857142857143 15.6 0.09999999999999999
1.0 0.1465603190428714 12.852857142857143 14.7 0.10999999999999999
1.0 0.1365902293120638 12.852857142857143 13.7 0.11999999999999998
1.0 0.13260219341974078 12.852857142857143 13.3 0.12999999999999998
1.0 0.12761714855433698 12.852857142857143 12.8 0.13999999999999999
1.0 0.1226321036889332 12.852857142857143 12.3 0.15
1.0 0.11665004985044865 12.852857142857143 11.7 0.16
1.0 0.1106679960119641 12.852857142857143 11.1 0.17
1.0 0.09770687936191426 12.852857142857143 9.8 0.18000000000000002
1.0 0.09371884346959122 12.852857142857143 9.4 0.19000000000000003
1.0 0.08773678963110668 12.852857142857143 8.8 0.20000000000000004
1.0 0.08175473579262213 12.852857142857143 8.2 0.21000000000000005
1.0 0.08075772681954138 12.852857142857143 8.1 0.22000000000000006
1.0 0.07577268195413758 12.852857142857143 7.6 0.23000000000000007
1.0 0.07278165503489531 12.852857142857143 7.3 0.24000000000000007
1.0 0.07178464606181456 12.852857142857143 7.2 0.25000000000000006
1.0 0.0707876370887338 12.852857142857143 7.1 0.26000000000000006
1.0 0.06779661016949153 12.852857142857143 6.8 0.2700000000000001
1.0 0.06580259222333001 12.852857142857143 6.6 0.2800000000000001
1.0 0.06281156530408774 12.852857142857143 6.3 0.2900000000000001
1.0 0.06281156530408774 12.852857142857143 6.3 0.3000000000000001
1.0 0.05782652043868395 12.852857142857143 5.8 0.3100000000000001
1.0 0.053838484546360914 12.852857142857143 5.4 0.3200000000000001
1.0 0.053838484546360914 12.852857142857143 5.4 0.3300000000000001
1.0 0.0518444666001994 12.852857142857143 5.2 0.34000000000000014
1.0 0.04885343968095713 12.852857142857143 4.9 0.35000000000000014
1.0 0.04685942173479561 12.852857142857143 4.7 0.36000000000000015
1.0 0.045862412761714856 12.852857142857143 4.6 0.37000000000000016
1.0 0.045862412761714856 12.852857142857143 4.6 0.38000000000000017
1.0 0.04386839481555334 12.852857142857143 4.4 0.3900000000000002
1.0 0.04287138584247258 12.852857142857143 4.3 0.4000000000000002
1.0 0.03988035892323031 12.852857142857143 4.0 0.4100000000000002
1.0 0.03988035892323031 12.852857142857143 4.0 0.4200000000000002
1.0 0.038883349950149554 12.852857142857143 3.9 0.4300000000000002
1.0 0.038883349950149554 12.852857142857143 3.9 0.4400000000000002
1.0 0.036889332003988036 12.852857142857143 3.7 0.45000000000000023
1.0 0.036889332003988036 12.852857142857143 3.7 0.46000000000000024
1.0 0.03589232303090728 12.852857142857143 3.6 0.47000000000000025
1.0 0.03589232303090728 12.852857142857143 3.6 0.48000000000000026
1.0 0.03489531405782652 12.852857142857143 3.5 0.49000000000000027
1.0 0.03489531405782652 12.852857142857143 3.5 0.5000000000000002
1.0 0.03489531405782652 12.852857142857143 3.5 0.5100000000000002
1.0 0.03389830508474576 12.852857142857143 3.4 0.5200000000000002
1.0 0.031904287138584245 12.852857142857143 3.2 0.5300000000000002
1.0 0.031904287138584245 12.852857142857143 3.2 0.5400000000000003
1.0 0.03090727816550349 12.852857142857143 3.1 0.5500000000000003
1.0 0.02991026919242273 12.852857142857143 3.0 0.5600000000000003
1.0 0.02991026919242273 12.852857142857143 3.0 0.5700000000000003
1.0 0.02991026919242273 12.852857142857143 3.0 0.5800000000000003
1.0 0.02991026919242273 12.852857142857143 3.0 0.5900000000000003
1.0 0.02991026919242273 12.852857142857143 3.0 0.6000000000000003
1.0 0.027916251246261216 12.852857142857143 2.8 0.6100000000000003
1.0 0.024925224327018942 12.852857142857143 2.5 0.6200000000000003
1.0 0.024925224327018942 12.852857142857143 2.5 0.6300000000000003
1.0 0.024925224327018942 12.852857142857143 2.5 0.6400000000000003
1.0 0.023928215353938187 12.852857142857143 2.4 0.6500000000000004
1.0 0.022931206380857428 12.852857142857143 2.3 0.6600000000000004
1.0 0.02193419740777667 12.852857142857143 2.2 0.6700000000000004
1.0 0.02193419740777667 12.852857142857143 2.2 0.6800000000000004
1.0 0.02193419740777667 12.852857142857143 2.2 0.6900000000000004
1.0 0.02193419740777667 12.852857142857143 2.2 0.7000000000000004
1.0 0.02193419740777667 12.852857142857143 2.2 0.7100000000000004
1.0 0.02193419740777667 12.852857142857143 2.2 0.7200000000000004
1.0 0.019940179461615155 12.852857142857143 2.0 0.7300000000000004
1.0 0.01794616151545364 12.852857142857143 1.8 0.7400000000000004
1.0 0.01694915254237288 12.852857142857143 1.7 0.7500000000000004
1.0 0.014955134596211365 12.852857142857143 1.5 0.7600000000000005
1.0 0.013958125623130608 12.852857142857143 1.4 0.7700000000000005
1.0 0.013958125623130608 12.852857142857143 1.4 0.7800000000000005
1.0 0.01296111665004985 12.852857142857143 1.3 0.7900000000000005
1.0 0.011964107676969093 12.852857142857143 1.2 0.8000000000000005
1.0 0.009970089730807577 12.852857142857143 1.0 0.8100000000000005
1.0 0.007976071784646061 12.852857142857143 0.8 0.8200000000000005
1.0 0.006979062811565304 12.852857142857143 0.7 0.8300000000000005
1.0 0.006979062811565304 12.852857142857143 0.7 0.8400000000000005
1.0 0.005982053838484547 12.852857142857143 0.6 0.8500000000000005
1.0 0.005982053838484547 12.852857142857143 0.6 0.8600000000000005
1.0 0.003988035892323031 12.852857142857143 0.4 0.8700000000000006
1.0 0.003988035892323031 12.852857142857143 0.4 0.8800000000000006
1.0 0.003988035892323031 12.852857142857143 0.4 0.8900000000000006
1.0 0.003988035892323031 12.852857142857143 0.4 0.9000000000000006
1.0 0.003988035892323031 12.852857142857143 0.4 0.9100000000000006
0.999888851839502 0.003988035892323031 12.851428571428572 0.4 0.9200000000000006
0.9997777036790041 0.003988035892323031 12.85 0.4 0.9300000000000006
0.9997777036790041 0.003988035892323031 12.85 0.4 0.9400000000000006
0.9996665555185061 0.0029910269192422734 12.848571428571429 0.3 0.9500000000000006
0.9996665555185061 0.0029910269192422734 12.848571428571429 0.3 0.9600000000000006
0.9993331110370124 0.0019940179461615153 12.844285714285714 0.2 0.9700000000000006
0.9989996665555185 9.970089730807576E-4 12.84 0.1 0.9800000000000006
0.9978881849505391 9.970089730807576E-4 12.825714285714286 0.1 0.9900000000000007
0.0 0.0 0.0 0.0
