1.0 1.0 29.99 20.06 0.0
1.0 0.9471585244267199 29.99 19.0 0.01
1.0 0.8973080757726819 29.99 18.0 0.02
1.0 0.8504486540378864 29.99 17.06 0.03
1.0 0.8085742771684945 29.99 16.22 0.04
1.0 0.773678963110668 29.99 15.52 0.05
1.0 0.7238285144566301 29.99 14.52 0.060000000000000005
1.0 0.7238285144566301 29.99 14.52 0.07
1.0 0.7038883349950149 29.99 14.12 0.08
1.0 0.6909272183449651 29.99 13.86 0.09
1.0 0.6719840478564307 29.99 13.48 0.09999999999999999
1.0 0.6550348953140578 29.99 13.14 0.10999999999999999
1.0 0.6440677966101694 29.99 12.92 0.11999999999999998
1.0 0.6291126620139581 29.99 12.62 0.12999999999999998
1.0 0.6161515453639083 29.99 12.36 0.13999999999999999
1.0 0.6051844466600199 29.99 12.14 0.15
1.0 0.5832502492522432 29.99 11.7 0.16
1.0 0.5672981056829511 29.99 11.38 0.17
1.0 0.5264207377866401 29.99 10.56 0.18000000000000002
1.0 0.5084745762711864 29.99 10.2 0.19000000000000003
1.0 0.4935194416749751 29.99 9.9 0.20000000000000004
1.0 0.48255234297108673 29.99 9.68 0.21000000000000005
1.0 0.46859421734795614 29.99 9.4 0.22000000000000006
1.0 0.4596211365902293 29.99 9.22 0.23000000000000007
1.0 0.44965104685942175 29.99 9.02 0.24000000000000007
1.0 0.4456630109670987 29.99 8.94 0.25000000000000006
1.0 0.43668993020937186 29.99 8.76 0.26000000000000006
1.0 0.43469591226321036 29.99 8.72 0.2700000000000001
1.0 0.4267198404785643 29.99 8.56 0.2800000000000001
1.0 0.4217347956131605 29.99 8.46 0.2900000000000001
1.0 0.41575274177467597 29.99 8.34 0.3000000000000001
1.0 0.4047856430707876 29.99 8.12 0.3100000000000001
1.0 0.4017946161515454 29.99 8.06 0.3200000000000001
1.0 0.39980059820538383 29.99 8.02 0.3300000000000001
1.0 0.3898305084745763 29.99 7.82 0.34000000000000014
1.0 0.3818544366899302 29.99 7.66 0.35000000000000014
1.0 0.3698903290129611 29.99 7.42 0.36000000000000015
1.0 0.3589232303090728 29.99 7.2 0.37000000000000016
1.0 0.34995014955134596 29.99 7.02 0.38000000000000017
1.0 0.3419740777666999 29.99 6.86 0.3900000000000002
1.0 0.32602193419740777 29.99 6.54 0.4000000000000002
1.0 0.3100697906281156 29.99 6.22 0.4100000000000002
1.0 0.2951146560319043 29.99 5.92 0.4200000000000002
1.0 0.27716849451645065 29.99 5.56 0.4300000000000002
1.0 0.2642073778664008 29.99 5.3 0.4400000000000002
1.0 0.2502492522432702 29.99 5.02 0.45000000000000023
1.0 0.24027916251246262 29.99 4.82 0.46000000000000024
1.0 0.23529411764705882 29.99 4.72 0.47000000000000025
1.0 0.22931206380857427 29.99 4.6 0.48000000000000026
1.0 0.22033898305084745 29.99 4.42 0.49000000000000027
1.0 0.21834496510468593 29.99 4.38 0.5000000000000002
1.0 0.21535393818544366 29.99 4.32 0.5100000000000002
1.0 0.21136590229312063 29.99 4.24 0.5200000000000002
1.0 0.20638085742771686 29.99 4.14 0.5300000000000002
1.0 0.2023928215353938 29.99 4.06 0.5400000000000003
1.0 0.20039880358923232 29.99 4.02 0.5500000000000003
1.0 0.19641076769690927 29.99 3.94 0.5600000000000003
1.0 0.19541375872382852 29.99 3.92 0.5700000000000003
1.0 0.19541375872382852 29.99 3.92 0.5800000000000003
1.0 0.19541375872382852 29.99 3.92 0.5900000000000003
1.0 0.19541375872382852 29.99 3.92 0.6000000000000003
1.0 0.1914257228315055 29.99 3.84 0.6100000000000003
1.0 0.18843469591226322 29.99 3.78 0.6200000000000003
1.0 0.18344965104685942 29.99 3.68 0.6300000000000003
1.0 0.17846460618145563 29.99 3.58 0.6400000000000003
1.0 0.17547357926221335 29.99 3.52 0.6500000000000004
1.0 0.17248255234297108 29.99 3.46 0.6600000000000004
1.0 0.16350947158524426 29.99 3.28 0.6700000000000004
1.0 0.15553339980059822 29.99 3.12 0.6800000000000004
1.0 0.14755732801595214 29.99 2.96 0.6900000000000004
1.0 0.14057826520438685 29.99 2.82 0.7000000000000004
1.0 0.12861415752741776 29.99 2.58 0.7100000000000004
1.0 0.11465603190428714 29.99 2.3 0.7200000000000004
1.0 0.1036889332003988 29.99 2.08 0.7300000000000004
1.0 0.09072781655034895 29.99 1.82 0.7400000000000004
1.0 0.08374875373878365 29.99 1.68 0.7500000000000004
1.0 0.07876370887337986 29.99 1.58 0.7600000000000005
1.0 0.07676969092721835 29.99 1.54 0.7700000000000005
1.0 0.07178464606181456 29.99 1.44 0.7800000000000005
1.0 0.0707876370887338 29.99 1.42 0.7900000000000005
1.0 0.06679960119641076 29.99 1.34 0.8000000000000005
0.999888851839502 0.06480558325024925 29.986666666666668 1.3 0.8100000000000005
0.9994442591975102 0.06181455633100698 29.973333333333333 1.24 0.8200000000000005
0.9988885183950206 0.05682951146560319 29.956666666666667 1.14 0.8300000000000005
0.9977770367900411 0.0518444666001994 29.923333333333332 1.04 0.8400000000000005
0.9969989996665555 0.05084745762711865 29.9 1.02 0.8500000000000005
0.9956652217405801 0.04685942173479561 29.86 0.94 0.8600000000000005
0.9934422585306213 0.04187437686939183 29.793333333333333 0.84 0.8700000000000006
0.9914415916416583 0.036889332003988036 29.733333333333334 0.74 0.8800000000000006
0.9868845170612426 0.026919242273180457 29.596666666666668 0.54 0.8900000000000006
0.9834389240858064 0.01694915254237288 29.493333333333332 0.34 0.9000000000000006
0.9801044792708681 0.01296111665004985 29.393333333333334 0.26 0.9100000000000006
0.9769923307769256 0.006979062811565304 29.3 0.14 0.9200000000000006
0.9726575525175059 0.0029910269192422734 29.17 0.06 0.9300000000000006
0.970434589307547 0.0019940179461615153 29.10333333333333 0.04 0.9400000000000006
0.9672112926531066 9.970089730807576E-4 29.006666666666668 0.02 0.9500000000000006
0.9629876625541848 9.970089730807576E-4 28.88 0.02 0.9600000000000006
0.9559853284428143 9.970089730807576E-4 28.67 0.02 0.9700000000000006
0.9415360675780816 0.0 28.236666666666668 0.0 0.9800000000000006
0.8982994331443814 0.0 26.94 0.0 0.9900000000000007
0.0 0.0 0.0 0.0
