1.0 1.0 12.852857142857143 28.65714285714286 0.0
0.9979993331110371 0.4386839481555334 12.827142857142857 12.571428571428571 0.01
0.9978881849505391 0.27916251246261214 12.825714285714286 8.0 0.02
0.9978881849505391 0.2193419740777667 12.825714285714286 6.285714285714286 0.03
0.9978881849505391 0.17846460618145563 12.825714285714286 5.114285714285714 0.04
0.9978881849505391 0.15154536390827517 12.825714285714286 4.3428571428571425 0.05
0.9978881849505391 0.12163509471585245 12.825714285714286 3.4857142857142858 0.060000000000000005
0.9978881849505391 0.12163509471585245 12.825714285714286 3.4857142857142858 0.07
0.9978881849505391 0.10967098703888335 12.825714285714286 3.142857142857143 0.08
0.9978881849505391 0.1036889332003988 12.825714285714286 2.9714285714285715 0.09
0.9978881849505391 0.09970089730807577 12.825714285714286 2.857142857142857 0.09999999999999999
0.9978881849505391 0.09571286141575275 12.825714285714286 2.742857142857143 0.10999999999999999
0.9978881849505391 0.08873379860418744 12.825714285714286 2.5428571428571427 0.11999999999999998
0.9978881849505391 0.08075772681954138 12.825714285714286 2.3142857142857145 0.12999999999999998
0.9978881849505391 0.07178464606181456 12.825714285714286 2.057142857142857 0.13999999999999999
0.9978881849505391 0.06679960119641076 12.825714285714286 1.9142857142857144 0.15
0.9978881849505391 0.06081754735792622 12.825714285714286 1.7428571428571429 0.16
0.9978881849505391 0.05782652043868395 12.825714285714286 1.6571428571428573 0.17
0.9978881849505391 0.04685942173479561 12.825714285714286 1.3428571428571427 0.18000000000000002
0.9978881849505391 0.04287138584247258 12.825714285714286 1.2285714285714286 0.19000000000000003
0.9978881849505391 0.03988035892323031 12.825714285714286 1.1428571428571428 0.20000000000000004
0.9978881849505391 0.03788634097706879 12.825714285714286 1.0857142857142856 0.21000000000000005
0.9978881849505391 0.036889332003988036 12.825714285714286 1.0571428571428572 0.22000000000000006
0.9978881849505391 0.03589232303090728 12.825714285714286 1.0285714285714285 0.23000000000000007
0.9978881849505391 0.03589232303090728 12.825714285714286 1.0285714285714285 0.24000000000000007
0.9978881849505391 0.03589232303090728 12.825714285714286 1.0285714285714285 0.25000000000000006
0.9978881849505391 0.03290129611166501 12.825714285714286 0.9428571428571428 0.26000000000000006
0.9978881849505391 0.02991026919242273 12.825714285714286 0.8571428571428571 0.2700000000000001
0.9978881849505391 0.028913260219341975 12.825714285714286 0.8285714285714286 0.2800000000000001
0.9978881849505391 0.028913260219341975 12.825714285714286 0.8285714285714286 0.2900000000000001
0.9978881849505391 0.028913260219341975 12.825714285714286 0.8285714285714286 0.3000000000000001
0.9978881849505391 0.027916251246261216 12.825714285714286 0.8 0.3100000000000001
0.9978881849505391 0.027916251246261216 12.825714285714286 0.8 0.3200000000000001
0.9978881849505391 0.0259222333000997 12.825714285714286 0.7428571428571429 0.3300000000000001
0.9978881849505391 0.0259222333000997 12.825714285714286 0.7428571428571429 0.34000000000000014
0.9978881849505391 0.024925224327018942 12.825714285714286 0.7142857142857143 0.35000000000000014
0.9978881849505391 0.02193419740777667 12.825714285714286 0.6285714285714286 0.36000000000000015
0.9978881849505391 0.020937188434695914 12.825714285714286 0.6 0.37000000000000016
0.9978881849505391 0.020937188434695914 12.825714285714286 0.6 0.38000000000000017
0.9978881849505391 0.01694915254237288 12.825714285714286 0.4857142857142857 0.3900000000000002
0.9978881849505391 0.015952143569292122 12.825714285714286 0.45714285714285713 0.4000000000000002
0.9978881849505391 0.013958125623130608 12.825714285714286 0.4 0.4100000000000002
0.9978881849505391 0.01296111665004985 12.825714285714286 0.37142857142857144 0.4200000000000002
0.9978881849505391 0.009970089730807577 12.825714285714286 0.2857142857142857 0.4300000000000002
0.9978881849505391 0.00897308075772682 12.825714285714286 0.2571428571428571 0.4400000000000002
0.9978881849505391 0.00897308075772682 12.825714285714286 0.2571428571428571 0.45000000000000023
0.9978881849505391 0.00897308075772682 12.825714285714286 0.2571428571428571 0.46000000000000024
0.9978881849505391 0.007976071784646061 12.825714285714286 0.22857142857142856 0.47000000000000025
0.9978881849505391 0.005982053838484547 12.825714285714286 0.17142857142857143 0.48000000000000026
0.9978881849505391 0.005982053838484547 12.825714285714286 0.17142857142857143 0.49000000000000027
0.9978881849505391 0.005982053838484547 12.825714285714286 0.17142857142857143 0.5000000000000002
0.9978881849505391 0.005982053838484547 12.825714285714286 0.17142857142857143 0.5100000000000002
0.9978881849505391 0.005982053838484547 12.825714285714286 0.17142857142857143 0.5200000000000002
0.9978881849505391 0.005982053838484547 12.825714285714286 0.17142857142857143 0.5300000000000002
0.9978881849505391 0.004985044865403789 12.825714285714286 0.14285714285714285 0.5400000000000003
0.9978881849505391 0.004985044865403789 12.825714285714286 0.14285714285714285 0.5500000000000003
0.9978881849505391 0.004985044865403789 12.825714285714286 0.14285714285714285 0.5600000000000003
0.9978881849505391 0.003988035892323031 12.825714285714286 0.11428571428571428 0.5700000000000003
0.9978881849505391 0.003988035892323031 12.825714285714286 0.11428571428571428 0.5800000000000003
0.9978881849505391 0.003988035892323031 12.825714285714286 0.11428571428571428 0.5900000000000003
0.9978881849505391 0.003988035892323031 12.825714285714286 0.11428571428571428 0.6000000000000003
0.9978881849505391 0.003988035892323031 12.825714285714286 0.11428571428571428 0.6100000000000003
0.9978881849505391 0.0029910269192422734 12.825714285714286 0.08571428571428572 0.6200000000000003
0.9978881849505391 0.0029910269192422734 12.825714285714286 0.08571428571428572 0.6300000000000003
0.9978881849505391 0.0029910269192422734 12.825714285714286 0.08571428571428572 0.6400000000000003
0.9978881849505391 0.0029910269192422734 12.825714285714286 0.08571428571428572 0.6500000000000004
0.9978881849505391 0.0029910269192422734 12.825714285714286 0.08571428571428572 0.6600000000000004
0.9978881849505391 0.0029910269192422734 12.825714285714286 0.08571428571428572 0.6700000000000004
0.9978881849505391 0.0019940179461615153 12.825714285714286 0.05714285714285714 0.6800000000000004
0.9978881849505391 0.0019940179461615153 12.825714285714286 0.05714285714285714 0.6900000000000004
0.9978881849505391 0.0019940179461615153 12.825714285714286 0.05714285714285714 0.7000000000000004
0.9978881849505391 9.970089730807576E-4 12.825714285714286 0.02857142857142857 0.7100000000000004
0.9978881849505391 0.0 12.825714285714286 0.0 0.7200000000000004
0.9978881849505391 0.0 12.825714285714286 0.0 0.7300000000000004
0.9978881849505391 0.0 12.825714285714286 0.0 0.7400000000000004
0.9978881849505391 0.0 12.825714285714286 0.0 0.7500000000000004
0.9978881849505391 0.0 12.825714285714286 0.0 0.7600000000000005
0.9978881849505391 0.0 12.825714285714286 0.0 0.7700000000000005
0.9978881849505391 0.0 12.825714285714286 0.0 0.7800000000000005
0.9978881849505391 0.0 12.825714285714286 0.0 0.7900000000000005
0.9978881849505391 0.0 12.825714285714286 0.0 0.8000000000000005
0.9978881849505391 0.0 12.825714285714286 0.0 0.8100000000000005
0.9978881849505391 0.0 12.825714285714286 0.0 0.8200000000000005
0.9978881849505391 0.0 12.825714285714286 0.0 0.8300000000000005
0.9978881849505391 0.0 12.825714285714286 0.0 0.8400000000000005
0.9978881849505391 0.0 12.825714285714286 0.0 0.8500000000000005
0.9978881849505391 0.0 12.825714285714286 0.0 0.8600000000000005
0.9978881849505391 0.0 12.825714285714286 0.0 0.8700000000000006
0.9977770367900411 0.0 12.824285714285715 0.0 0.8800000000000006
0.9977770367900411 0.0 12.824285714285715 0.0 0.8900000000000006
0.9977770367900411 0.0 12.824285714285715 0.0 0.9000000000000006
0.9976658886295432 0.0 12.822857142857142 0.0 0.9100000000000006
0.9975547404690452 0.0 12.821428571428571 0.0 0.9200000000000006
0.9975547404690452 0.0 12.821428571428571 0.0 0.9300000000000006
0.9975547404690452 0.0 12.821428571428571 0.0 0.9400000000000006
0.9975547404690452 0.0 12.821428571428571 0.0 0.9500000000000006
0.9974435923085473 0.0 12.82 0.0 0.9600000000000006
0.9973324441480493 0.0 12.81857142857143 0.0 0.9700000000000006
0.9971101478270534 0.0 12.815714285714286 0.0 0.9800000000000006
0.9962209625430699 0.0 12.804285714285715 0.0 0.9900000000000007
0.0 0.0 0.0 0.0
