1.0 1.0 14.995 33.43333333333333 0.0
1.0 0.6929212362911267 14.995 23.166666666666668 0.01
1.0 0.5363908275174477 14.995 17.933333333333334 0.02
1.0 0.4666001994017946 14.995 15.6 0.03
1.0 0.4167497507477567 14.995 13.933333333333334 0.04
1.0 0.382851445663011 14.995 12.8 0.05
1.0 0.3180458624127617 14.995 10.633333333333333 0.060000000000000005
1.0 0.3180458624127617 14.995 10.633333333333333 0.07
1.0 0.29910269192422734 14.995 10.0 0.08
1.0 0.28215353938185445 14.995 9.433333333333334 0.09
1.0 0.26719840478564305 14.995 8.933333333333334 0.09999999999999999
1.0 0.25623130608175476 14.995 8.566666666666666 0.10999999999999999
1.0 0.24825523429710866 14.995 8.3 0.11999999999999998
1.0 0.23529411764705882 14.995 7.866666666666666 0.12999999999999998
1.0 0.22432701894317048 14.995 7.5 0.13999999999999999
1.0 0.21535393818544366 14.995 7.2 0.15
1.0 0.2033898305084746 14.995 6.8 0.16
1.0 0.19441674975074777 14.995 6.5 0.17
1.0 0.17547357926221335 14.995 5.866666666666666 0.18000000000000002
1.0 0.16350947158524426 14.995 5.466666666666667 0.19000000000000003
1.0 0.15653040877367896 14.995 5.233333333333333 0.20000000000000004
1.0 0.15154536390827517 14.995 5.066666666666666 0.21000000000000005
1.0 0.14755732801595214 14.995 4.933333333333334 0.22000000000000006
1.0 0.14257228315054835 14.995 4.766666666666667 0.23000000000000007
1.0 0.13858424725822532 14.995 4.633333333333334 0.24000000000000007
1.0 0.1365902293120638 14.995 4.566666666666666 0.25000000000000006
1.0 0.1345962113659023 14.995 4.5 0.26000000000000006
1.0 0.13260219341974078 14.995 4.433333333333334 0.2700000000000001
1.0 0.13160518444666003 14.995 4.4 0.2800000000000001
1.0 0.12662013958125623 14.995 4.233333333333333 0.2900000000000001
1.0 0.12362911266201396 14.995 4.133333333333334 0.3000000000000001
1.0 0.11864406779661017 14.995 3.966666666666667 0.3100000000000001
1.0 0.11365902293120637 14.995 3.8 0.3200000000000001
1.0 0.11166500498504486 14.995 3.7333333333333334 0.3300000000000001
1.0 0.1106679960119641 14.995 3.7 0.34000000000000014
1.0 0.10867397806580259 14.995 3.6333333333333333 0.35000000000000014
1.0 0.10568295114656032 14.995 3.533333333333333 0.36000000000000015
1.0 0.1036889332003988 14.995 3.466666666666667 0.37000000000000016
1.0 0.10269192422731804 14.995 3.433333333333333 0.38000000000000017
1.0 0.09970089730807577 14.995 3.3333333333333335 0.3900000000000002
1.0 0.09272183449651047 14.995 3.1 0.4000000000000002
1.0 0.08773678963110668 14.995 2.933333333333333 0.4100000000000002
1.0 0.0847457627118644 14.995 2.8333333333333335 0.4200000000000002
1.0 0.07876370887337986 14.995 2.6333333333333333 0.4300000000000002
1.0 0.07477567298105683 14.995 2.5 0.4400000000000002
1.0 0.07377866400797607 14.995 2.466666666666667 0.45000000000000023
1.0 0.06580259222333001 14.995 2.2 0.46000000000000024
1.0 0.06380857427716849 14.995 2.1333333333333333 0.47000000000000025
1.0 0.05982053838484546 14.995 2.0 0.48000000000000026
1.0 0.05782652043868395 14.995 1.9333333333333333 0.49000000000000027
1.0 0.05682951146560319 14.995 1.9 0.5000000000000002
1.0 0.05284147557328016 14.995 1.7666666666666666 0.5100000000000002
1.0 0.0518444666001994 14.995 1.7333333333333334 0.5200000000000002
1.0 0.049850448654037885 14.995 1.6666666666666667 0.5300000000000002
1.0 0.04885343968095713 14.995 1.6333333333333333 0.5400000000000003
1.0 0.04885343968095713 14.995 1.6333333333333333 0.5500000000000003
1.0 0.047856430707876374 14.995 1.6 0.5600000000000003
1.0 0.047856430707876374 14.995 1.6 0.5700000000000003
1.0 0.045862412761714856 14.995 1.5333333333333334 0.5800000000000003
1.0 0.04386839481555334 14.995 1.4666666666666666 0.5900000000000003
1.0 0.04287138584247258 14.995 1.4333333333333333 0.6000000000000003
1.0 0.04187437686939183 14.995 1.4 0.6100000000000003
1.0 0.040877367896311065 14.995 1.3666666666666667 0.6200000000000003
1.0 0.038883349950149554 14.995 1.3 0.6300000000000003
1.0 0.036889332003988036 14.995 1.2333333333333334 0.6400000000000003
1.0 0.03589232303090728 14.995 1.2 0.6500000000000004
1.0 0.028913260219341975 14.995 0.9666666666666667 0.6600000000000004
1.0 0.026919242273180457 14.995 0.9 0.6700000000000004
1.0 0.0259222333000997 14.995 0.8666666666666667 0.6800000000000004
1.0 0.020937188434695914 14.995 0.7 0.6900000000000004
1.0 0.019940179461615155 14.995 0.6666666666666666 0.7000000000000004
1.0 0.01694915254237288 14.995 0.5666666666666667 0.7100000000000004
1.0 0.014955134596211365 14.995 0.5 0.7200000000000004
1.0 0.011964107676969093 14.995 0.4 0.7300000000000004
1.0 0.010967098703888335 14.995 0.36666666666666664 0.7400000000000004
1.0 0.009970089730807577 14.995 0.3333333333333333 0.7500000000000004
1.0 0.007976071784646061 14.995 0.26666666666666666 0.7600000000000005
1.0 0.007976071784646061 14.995 0.26666666666666666 0.7700000000000005
1.0 0.006979062811565304 14.995 0.23333333333333334 0.7800000000000005
1.0 0.006979062811565304 14.995 0.23333333333333334 0.7900000000000005
1.0 0.005982053838484547 14.995 0.2 0.8000000000000005
1.0 0.005982053838484547 14.995 0.2 0.8100000000000005
1.0 0.005982053838484547 14.995 0.2 0.8200000000000005
0.999888851839502 0.004985044865403789 14.993333333333334 0.16666666666666666 0.8300000000000005
0.999888851839502 0.004985044865403789 14.993333333333334 0.16666666666666666 0.8400000000000005
0.999888851839502 0.0029910269192422734 14.993333333333334 0.1 0.8500000000000005
0.9997777036790041 0.0019940179461615153 14.991666666666667 0.06666666666666667 0.8600000000000005
0.9995554073580082 0.0019940179461615153 14.988333333333333 0.06666666666666667 0.8700000000000006
0.9994442591975102 9.970089730807576E-4 14.986666666666666 0.03333333333333333 0.8800000000000006
0.9993331110370124 0.0 14.985 0.0 0.8900000000000006
0.9986662220740247 0.0 14.975 0.0 0.9000000000000006
0.9984439257530288 0.0 14.971666666666666 0.0 0.9100000000000006
0.998110481271535 0.0 14.966666666666667 0.0 0.9200000000000006
0.9978881849505391 0.0 14.963333333333333 0.0 0.9300000000000006
0.9974435923085473 0.0 14.956666666666667 0.0 0.9400000000000006
0.9967767033455597 0.0 14.946666666666667 0.0 0.9500000000000006
0.995887518061576 0.0 14.933333333333334 0.0 0.9600000000000006
0.9945537401356007 0.0 14.913333333333334 0.0 0.9700000000000006
0.9923307769256419 0.0 14.88 0.0 0.9800000000000006
0.9819939979993331 0.0 14.725 0.0 0.9900000000000007
0.0 0.0 0.0 0.0
