1.0 1.0 14.995 66.86666666666666 0.0
1.0 0.7168494516450648 14.995 47.93333333333333 0.01
1.0 0.559322033898305 14.995 37.4 0.02
1.0 0.4715852442671984 14.995 31.533333333333335 0.03
1.0 0.4107676969092722 14.995 27.466666666666665 0.04
1.0 0.37886340977068794 14.995 25.333333333333332 0.05
1.0 0.3230309072781655 14.995 21.6 0.060000000000000005
1.0 0.3230309072781655 14.995 21.6 0.07
1.0 0.29810568295114653 14.995 19.933333333333334 0.08
1.0 0.2761714855433699 14.995 18.466666666666665 0.09
1.0 0.25523429710867396 14.995 17.066666666666666 0.09999999999999999
1.0 0.23928215353938184 14.995 16.0 0.10999999999999999
1.0 0.22532402791625125 14.995 15.066666666666666 0.11999999999999998
1.0 0.2123629112662014 14.995 14.2 0.12999999999999998
1.0 0.2033898305084746 14.995 13.6 0.13999999999999999
1.0 0.19242273180458624 14.995 12.866666666666667 0.15
1.0 0.18245264207377868 14.995 12.2 0.16
1.0 0.17547357926221335 14.995 11.733333333333333 0.17
1.0 0.15553339980059822 14.995 10.4 0.18000000000000002
1.0 0.1465603190428714 14.995 9.8 0.19000000000000003
1.0 0.1345962113659023 14.995 9.0 0.20000000000000004
1.0 0.12761714855433698 14.995 8.533333333333333 0.21000000000000005
1.0 0.11964107676969092 14.995 8.0 0.22000000000000006
1.0 0.1156530408773679 14.995 7.733333333333333 0.23000000000000007
1.0 0.11365902293120637 14.995 7.6 0.24000000000000007
1.0 0.11266201395812563 14.995 7.533333333333333 0.25000000000000006
1.0 0.1106679960119641 14.995 7.4 0.26000000000000006
1.0 0.10667996011964108 14.995 7.133333333333334 0.2700000000000001
1.0 0.1036889332003988 14.995 6.933333333333334 0.2800000000000001
1.0 0.10069790628115653 14.995 6.733333333333333 0.2900000000000001
1.0 0.0967098703888335 14.995 6.466666666666667 0.3000000000000001
1.0 0.09571286141575275 14.995 6.4 0.3100000000000001
1.0 0.09172482552342971 14.995 6.133333333333334 0.3200000000000001
1.0 0.08773678963110668 14.995 5.866666666666666 0.3300000000000001
1.0 0.08175473579262213 14.995 5.466666666666667 0.34000000000000014
1.0 0.07377866400797607 14.995 4.933333333333334 0.35000000000000014
1.0 0.06879361914257229 14.995 4.6 0.36000000000000015
1.0 0.06779661016949153 14.995 4.533333333333333 0.37000000000000016
1.0 0.06679960119641076 14.995 4.466666666666667 0.38000000000000017
1.0 0.06281156530408774 14.995 4.2 0.3900000000000002
1.0 0.06081754735792622 14.995 4.066666666666666 0.4000000000000002
1.0 0.058823529411764705 14.995 3.933333333333333 0.4100000000000002
1.0 0.054835493519441676 14.995 3.6666666666666665 0.4200000000000002
1.0 0.05284147557328016 14.995 3.533333333333333 0.4300000000000002
1.0 0.05284147557328016 14.995 3.533333333333333 0.4400000000000002
1.0 0.0518444666001994 14.995 3.466666666666667 0.45000000000000023
1.0 0.04885343968095713 14.995 3.2666666666666666 0.46000000000000024
1.0 0.047856430707876374 14.995 3.2 0.47000000000000025
1.0 0.045862412761714856 14.995 3.066666666666667 0.48000000000000026
1.0 0.04386839481555334 14.995 2.933333333333333 0.49000000000000027
1.0 0.04287138584247258 14.995 2.8666666666666667 0.5000000000000002
1.0 0.04187437686939183 14.995 2.8 0.5100000000000002
1.0 0.03988035892323031 14.995 2.6666666666666665 0.5200000000000002
1.0 0.03988035892323031 14.995 2.6666666666666665 0.5300000000000002
1.0 0.038883349950149554 14.995 2.6 0.5400000000000003
1.0 0.038883349950149554 14.995 2.6 0.5500000000000003
1.0 0.03589232303090728 14.995 2.4 0.5600000000000003
1.0 0.03489531405782652 14.995 2.3333333333333335 0.5700000000000003
1.0 0.031904287138584245 14.995 2.1333333333333333 0.5800000000000003
1.0 0.03090727816550349 14.995 2.066666666666667 0.5900000000000003
1.0 0.028913260219341975 14.995 1.9333333333333333 0.6000000000000003
1.0 0.027916251246261216 14.995 1.8666666666666667 0.6100000000000003
1.0 0.026919242273180457 14.995 1.8 0.6200000000000003
1.0 0.024925224327018942 14.995 1.6666666666666667 0.6300000000000003
1.0 0.023928215353938187 14.995 1.6 0.6400000000000003
1.0 0.02193419740777667 14.995 1.4666666666666666 0.6500000000000004
1.0 0.019940179461615155 14.995 1.3333333333333333 0.6600000000000004
1.0 0.01694915254237288 14.995 1.1333333333333333 0.6700000000000004
1.0 0.015952143569292122 14.995 1.0666666666666667 0.6800000000000004
1.0 0.014955134596211365 14.995 1.0 0.6900000000000004
1.0 0.011964107676969093 14.995 0.8 0.7000000000000004
1.0 0.011964107676969093 14.995 0.8 0.7100000000000004
1.0 0.00897308075772682 14.995 0.6 0.7200000000000004
1.0 0.005982053838484547 14.995 0.4 0.7300000000000004
1.0 0.003988035892323031 14.995 0.26666666666666666 0.7400000000000004
1.0 0.003988035892323031 14.995 0.26666666666666666 0.7500000000000004
1.0 0.003988035892323031 14.995 0.26666666666666666 0.7600000000000005
1.0 0.0029910269192422734 14.995 0.2 0.7700000000000005
1.0 0.0019940179461615153 14.995 0.13333333333333333 0.7800000000000005
1.0 0.0019940179461615153 14.995 0.13333333333333333 0.7900000000000005
1.0 0.0019940179461615153 14.995 0.13333333333333333 0.8000000000000005
1.0 0.0019940179461615153 14.995 0.13333333333333333 0.8100000000000005
1.0 0.0019940179461615153 14.995 0.13333333333333333 0.8200000000000005
1.0 0.0019940179461615153 14.995 0.13333333333333333 0.8300000000000005
1.0 0.0019940179461615153 14.995 0.13333333333333333 0.8400000000000005
1.0 9.970089730807576E-4 14.995 0.06666666666666667 0.8500000000000005
1.0 9.970089730807576E-4 14.995 0.06666666666666667 0.8600000000000005
1.0 9.970089730807576E-4 14.995 0.06666666666666667 0.8700000000000006
0.999888851839502 9.970089730807576E-4 14.993333333333334 0.06666666666666667 0.8800000000000006
0.9997777036790041 0.0 14.991666666666667 0.0 0.8900000000000006
0.9997777036790041 0.0 14.991666666666667 0.0 0.9000000000000006
0.9997777036790041 0.0 14.991666666666667 0.0 0.9100000000000006
0.9996665555185061 0.0 14.99 0.0 0.9200000000000006
0.9993331110370124 0.0 14.985 0.0 0.9300000000000006
0.9991108147160165 0.0 14.981666666666667 0.0 0.9400000000000006
0.9991108147160165 0.0 14.981666666666667 0.0 0.9500000000000006
0.9986662220740247 0.0 14.975 0.0 0.9600000000000006
0.9979993331110371 0.0 14.965 0.0 0.9700000000000006
0.9963321107035679 0.0 14.94 0.0 0.9800000000000006
0.9899966655551851 0.0 14.845 0.0 0.9900000000000007
0.0 0.0 0.0 0.0
