1.0 1.0 14.995 50.15 0.0
1.0 0.7138584247258225 14.995 35.8 0.01
1.0 0.5603190428713859 14.995 28.1 0.02
1.0 0.4955134596211366 14.995 24.85 0.03
1.0 0.46161515453639085 14.995 23.15 0.04
1.0 0.42572283150548357 14.995 21.35 0.05
1.0 0.38085742771684944 14.995 19.1 0.060000000000000005
1.0 0.38085742771684944 14.995 19.1 0.07
1.0 0.3609172482552343 14.995 18.1 0.08
1.0 0.3509471585244267 14.995 17.6 0.09
1.0 0.33798604187437686 14.995 16.95 0.09999999999999999
1.0 0.3270189431704885 14.995 16.4 0.10999999999999999
1.0 0.3160518444666002 14.995 15.85 0.11999999999999998
1.0 0.3050847457627119 14.995 15.3 0.12999999999999998
1.0 0.29411764705882354 14.995 14.75 0.13999999999999999
1.0 0.28414755732801594 14.995 14.25 0.15
1.0 0.2741774675972084 14.995 13.75 0.16
1.0 0.26719840478564305 14.995 13.4 0.17
1.0 0.24626121635094717 14.995 12.35 0.18000000000000002
1.0 0.23928215353938184 14.995 12.0 0.19000000000000003
1.0 0.23429710867397807 14.995 11.75 0.20000000000000004
1.0 0.2313060817547358 14.995 11.6 0.21000000000000005
1.0 0.22532402791625125 14.995 11.3 0.22000000000000006
1.0 0.21834496510468593 14.995 10.95 0.23000000000000007
1.0 0.21335992023928216 14.995 10.7 0.24000000000000007
1.0 0.20438683948155534 14.995 10.25 0.25000000000000006
1.0 0.2033898305084746 14.995 10.2 0.26000000000000006
1.0 0.2023928215353938 14.995 10.15 0.2700000000000001
1.0 0.20039880358923232 14.995 10.05 0.2800000000000001
1.0 0.1984047856430708 14.995 9.95 0.2900000000000001
1.0 0.19441674975074777 14.995 9.75 0.3000000000000001
1.0 0.18943170488534397 14.995 9.5 0.3100000000000001
1.0 0.1864406779661017 14.995 9.35 0.3200000000000001
1.0 0.18344965104685942 14.995 9.2 0.3300000000000001
1.0 0.17846460618145563 14.995 8.95 0.34000000000000014
1.0 0.17547357926221335 14.995 8.8 0.35000000000000014
1.0 0.17347956131605186 14.995 8.7 0.36000000000000015
1.0 0.16650049850448653 14.995 8.35 0.37000000000000016
1.0 0.16350947158524426 14.995 8.2 0.38000000000000017
1.0 0.16151545363908276 14.995 8.1 0.3900000000000002
1.0 0.1585244267198405 14.995 7.95 0.4000000000000002
1.0 0.15453639082751744 14.995 7.75 0.4100000000000002
1.0 0.1485543369890329 14.995 7.45 0.4200000000000002
1.0 0.14456630109670987 14.995 7.25 0.4300000000000002
1.0 0.1415752741774676 14.995 7.1 0.4400000000000002
1.0 0.14057826520438685 14.995 7.05 0.45000000000000023
1.0 0.1365902293120638 14.995 6.85 0.46000000000000024
1.0 0.1345962113659023 14.995 6.75 0.47000000000000025
1.0 0.13160518444666003 14.995 6.6 0.48000000000000026
1.0 0.12761714855433698 14.995 6.4 0.49000000000000027
1.0 0.12462612163509472 14.995 6.25 0.5000000000000002
1.0 0.12362911266201396 14.995 6.2 0.5100000000000002
1.0 0.11964107676969092 14.995 6.0 0.5200000000000002
1.0 0.11764705882352941 14.995 5.9 0.5300000000000002
1.0 0.11365902293120637 14.995 5.7 0.5400000000000003
1.0 0.11166500498504486 14.995 5.6 0.5500000000000003
1.0 0.10767696909272183 14.995 5.4 0.5600000000000003
1.0 0.1036889332003988 14.995 5.2 0.5700000000000003
1.0 0.09970089730807577 14.995 5.0 0.5800000000000003
1.0 0.09770687936191426 14.995 4.9 0.5900000000000003
1.0 0.09272183449651047 14.995 4.65 0.6000000000000003
1.0 0.09172482552342971 14.995 4.6 0.6100000000000003
1.0 0.08873379860418744 14.995 4.45 0.6200000000000003
1.0 0.08574277168494517 14.995 4.3 0.6300000000000003
1.0 0.08275174476570289 14.995 4.15 0.6400000000000003
1.0 0.08075772681954138 14.995 4.05 0.6500000000000004
1.0 0.07477567298105683 14.995 3.75 0.6600000000000004
1.0 0.07178464606181456 14.995 3.6 0.6700000000000004
1.0 0.06979062811565304 14.995 3.5 0.6800000000000004
1.0 0.06779661016949153 14.995 3.4 0.6900000000000004
1.0 0.06580259222333001 14.995 3.3 0.7000000000000004
1.0 0.06480558325024925 14.995 3.25 0.7100000000000004
1.0 0.06480558325024925 14.995 3.25 0.7200000000000004
1.0 0.06181455633100698 14.995 3.1 0.7300000000000004
1.0 0.06081754735792622 14.995 3.05 0.7400000000000004
1.0 0.058823529411764705 14.995 2.95 0.7500000000000004
1.0 0.058823529411764705 14.995 2.95 0.7600000000000005
1.0 0.05583250249252243 14.995 2.8 0.7700000000000005
1.0 0.05284147557328016 14.995 2.65 0.7800000000000005
1.0 0.049850448654037885 14.995 2.5 0.7900000000000005
1.0 0.04885343968095713 14.995 2.45 0.8000000000000005
1.0 0.047856430707876374 14.995 2.4 0.8100000000000005
1.0 0.045862412761714856 14.995 2.3 0.8200000000000005
1.0 0.04386839481555334 14.995 2.2 0.8300000000000005
1.0 0.04187437686939183 14.995 2.1 0.8400000000000005
1.0 0.040877367896311065 14.995 2.05 0.8500000000000005
0.999888851839502 0.038883349950149554 14.993333333333334 1.95 0.8600000000000005
0.9997777036790041 0.03788634097706879 14.991666666666667 1.9 0.8700000000000006
0.9996665555185061 0.036889332003988036 14.99 1.85 0.8800000000000006
0.9996665555185061 0.03489531405782652 14.99 1.75 0.8900000000000006
0.9996665555185061 0.03290129611166501 14.99 1.65 0.9000000000000006
0.9995554073580082 0.03090727816550349 14.988333333333333 1.55 0.9100000000000006
0.9995554073580082 0.0259222333000997 14.988333333333333 1.3 0.9200000000000006
0.9995554073580082 0.023928215353938187 14.988333333333333 1.2 0.9300000000000006
0.9994442591975102 0.022931206380857428 14.986666666666666 1.15 0.9400000000000006
0.9994442591975102 0.019940179461615155 14.986666666666666 1.0 0.9500000000000006
0.9991108147160165 0.014955134596211365 14.981666666666667 0.75 0.9600000000000006
0.9987773702345226 0.01296111665004985 14.976666666666667 0.65 0.9700000000000006
0.9977770367900411 0.009970089730807577 14.961666666666666 0.5 0.9800000000000006
0.9925530732466378 0.006979062811565304 14.883333333333333 0.35 0.9900000000000007
0.0 0.0 0.0 0.0
