1.0 1.0 29.99 40.12 0.0
1.0 0.9621136590229312 29.99 38.6 0.01
1.0 0.9252243270189432 29.99 37.12 0.02
1.0 0.8863409770687937 29.99 35.56 0.03
1.0 0.864406779661017 29.99 34.68 0.04
1.0 0.8344965104685942 29.99 33.48 0.05
1.0 0.7876370887337986 29.99 31.6 0.060000000000000005
1.0 0.7876370887337986 29.99 31.6 0.07
1.0 0.7716849451645065 29.99 30.96 0.08
1.0 0.7547357926221336 29.99 30.28 0.09
1.0 0.732801595214357 29.99 29.4 0.09999999999999999
1.0 0.7208374875373879 29.99 28.92 0.10999999999999999
1.0 0.711864406779661 29.99 28.56 0.11999999999999998
1.0 0.7028913260219342 29.99 28.2 0.12999999999999998
1.0 0.6949152542372882 29.99 27.88 0.13999999999999999
1.0 0.6729810568295115 29.99 27.0 0.15
1.0 0.6620139581256231 29.99 26.56 0.16
1.0 0.6530408773678963 29.99 26.2 0.17
1.0 0.6111665004985045 29.99 24.52 0.18000000000000002
1.0 0.5912263210368893 29.99 23.72 0.19000000000000003
1.0 0.5812562313060817 29.99 23.32 0.20000000000000004
1.0 0.5722831505483549 29.99 22.96 0.21000000000000005
1.0 0.5613160518444666 29.99 22.52 0.22000000000000006
1.0 0.5523429710867398 29.99 22.16 0.23000000000000007
1.0 0.5373878364905285 29.99 21.56 0.24000000000000007
1.0 0.5324027916251246 29.99 21.36 0.25000000000000006
1.0 0.5264207377866401 29.99 21.12 0.26000000000000006
1.0 0.5174476570289133 29.99 20.76 0.2700000000000001
1.0 0.5084745762711864 29.99 20.4 0.2800000000000001
1.0 0.5024925224327019 29.99 20.16 0.2900000000000001
1.0 0.49750747756729813 29.99 19.96 0.3000000000000001
1.0 0.48953140578265203 29.99 19.64 0.3100000000000001
1.0 0.48055832502492524 29.99 19.28 0.3200000000000001
1.0 0.4695912263210369 29.99 18.84 0.3300000000000001
1.0 0.46360917248255235 29.99 18.6 0.34000000000000014
1.0 0.45663010967098705 29.99 18.32 0.35000000000000014
1.0 0.4436689930209372 29.99 17.8 0.36000000000000015
1.0 0.43270189431704886 29.99 17.36 0.37000000000000016
1.0 0.42273180458624127 29.99 16.96 0.38000000000000017
1.0 0.4127617148554337 29.99 16.56 0.3900000000000002
1.0 0.4017946161515454 29.99 16.12 0.4000000000000002
1.0 0.39082751744765704 29.99 15.68 0.4100000000000002
1.0 0.37686939182452645 29.99 15.12 0.4200000000000002
1.0 0.3629112662013958 29.99 14.56 0.4300000000000002
1.0 0.35294117647058826 29.99 14.16 0.4400000000000002
1.0 0.3459621136590229 29.99 13.88 0.45000000000000023
1.0 0.3339980059820538 29.99 13.4 0.46000000000000024
1.0 0.3270189431704885 29.99 13.12 0.47000000000000025
1.0 0.3220338983050847 29.99 12.92 0.48000000000000026
1.0 0.3180458624127617 29.99 12.76 0.49000000000000027
1.0 0.3120638085742772 29.99 12.52 0.5000000000000002
1.0 0.30807577268195413 29.99 12.36 0.5100000000000002
1.0 0.30608175473579263 29.99 12.28 0.5200000000000002
1.0 0.3020937188434696 29.99 12.12 0.5300000000000002
1.0 0.3000997008973081 29.99 12.04 0.5400000000000003
1.0 0.2951146560319043 29.99 11.84 0.5500000000000003
1.0 0.2901296111665005 29.99 11.64 0.5600000000000003
1.0 0.2851445663010967 29.99 11.44 0.5700000000000003
1.0 0.28215353938185445 29.99 11.32 0.5800000000000003
1.0 0.28015952143569295 29.99 11.24 0.5900000000000003
1.0 0.27517447657028915 29.99 11.04 0.6000000000000003
1.0 0.2662013958125623 29.99 10.68 0.6100000000000003
1.0 0.2612163509471585 29.99 10.48 0.6200000000000003
1.0 0.25523429710867396 29.99 10.24 0.6300000000000003
1.0 0.24825523429710866 29.99 9.96 0.6400000000000003
1.0 0.24027916251246262 29.99 9.64 0.6500000000000004
1.0 0.22532402791625125 29.99 9.04 0.6600000000000004
1.0 0.21734795613160518 29.99 8.72 0.6700000000000004
1.0 0.2123629112662014 29.99 8.52 0.6800000000000004
1.0 0.19740777666999004 29.99 7.92 0.6900000000000004
1.0 0.18743768693918245 29.99 7.52 0.7000000000000004
1.0 0.17547357926221335 29.99 7.04 0.7100000000000004
1.0 0.16151545363908276 29.99 6.48 0.7200000000000004
1.0 0.1465603190428714 29.99 5.88 0.7300000000000004
1.0 0.13559322033898305 29.99 5.44 0.7400000000000004
1.0 0.12562313060817548 29.99 5.04 0.7500000000000004
1.0 0.11365902293120637 29.99 4.56 0.7600000000000005
1.0 0.10568295114656032 29.99 4.24 0.7700000000000005
1.0 0.10468594217347957 29.99 4.2 0.7800000000000005
1.0 0.09970089730807577 29.99 4.0 0.7900000000000005
1.0 0.09371884346959122 29.99 3.76 0.8000000000000005
1.0 0.09172482552342971 29.99 3.68 0.8100000000000005
0.999888851839502 0.08574277168494517 29.986666666666668 3.44 0.8200000000000005
0.9995554073580082 0.08075772681954138 29.976666666666667 3.24 0.8300000000000005
0.9991108147160165 0.07676969092721835 29.963333333333335 3.08 0.8400000000000005
0.9979993331110371 0.07178464606181456 29.93 2.88 0.8500000000000005
0.9969989996665555 0.06679960119641076 29.9 2.68 0.8600000000000005
0.9948871846170946 0.058823529411764705 29.836666666666666 2.36 0.8700000000000006
0.9926642214071357 0.0518444666001994 29.77 2.08 0.8800000000000006
0.9892186284316995 0.04187437686939183 29.666666666666668 1.68 0.8900000000000006
0.9858841836167611 0.03589232303090728 29.566666666666666 1.44 0.9000000000000006
0.982105146159831 0.02991026919242273 29.453333333333333 1.2 0.9100000000000006
0.9797710347893742 0.026919242273180457 29.383333333333333 1.08 0.9200000000000006
0.9768811826164276 0.022931206380857428 29.296666666666667 0.92 0.9300000000000006
0.9741024786039791 0.020937188434695914 29.213333333333335 0.84 0.9400000000000006
0.970545737468045 0.019940179461615155 29.106666666666666 0.8 0.9500000000000006
0.9649883294431477 0.019940179461615155 28.94 0.8 0.9600000000000006
0.9582082916527731 0.019940179461615155 28.736666666666668 0.8 0.9700000000000006
0.942869845504057 0.019940179461615155 28.276666666666667 0.8 0.9800000000000006
0.8947426920084472 0.019940179461615155 26.833333333333332 0.8 0.9900000000000007
0.0 0.0 0.0 0.0
