1.0 1.0 11.24625 100.3 0.0
1.0 0.3050847457627119 11.24625 30.6 0.01
1.0 0.1485543369890329 11.24625 14.9 0.02
1.0 0.11665004985044865 11.24625 11.7 0.03
1.0 0.1016949152542373 11.24625 10.2 0.04
1.0 0.08673978065802593 11.24625 8.7 0.05
1.0 0.06081754735792622 11.24625 6.1 0.060000000000000005
1.0 0.06081754735792622 11.24625 6.1 0.07
1.0 0.05782652043868395 11.24625 5.8 0.08
1.0 0.05284147557328016 11.24625 5.3 0.09
1.0 0.0518444666001994 11.24625 5.2 0.09999999999999999
1.0 0.047856430707876374 11.24625 4.8 0.10999999999999999
1.0 0.0448654037886341 11.24625 4.5 0.11999999999999998
1.0 0.04386839481555334 11.24625 4.4 0.12999999999999998
1.0 0.04187437686939183 11.24625 4.2 0.13999999999999999
1.0 0.040877367896311065 11.24625 4.1 0.15
1.0 0.03988035892323031 11.24625 4.0 0.16
1.0 0.03988035892323031 11.24625 4.0 0.17
1.0 0.03589232303090728 11.24625 3.6 0.18000000000000002
1.0 0.03489531405782652 11.24625 3.5 0.19000000000000003
1.0 0.03489531405782652 11.24625 3.5 0.20000000000000004
1.0 0.03290129611166501 11.24625 3.3 0.21000000000000005
1.0 0.031904287138584245 11.24625 3.2 0.22000000000000006
1.0 0.031904287138584245 11.24625 3.2 0.23000000000000007
1.0 0.03090727816550349 11.24625 3.1 0.24000000000000007
1.0 0.03090727816550349 11.24625 3.1 0.25000000000000006
1.0 0.03090727816550349 11.24625 3.1 0.26000000000000006
1.0 0.03090727816550349 11.24625 3.1 0.2700000000000001
1.0 0.02991026919242273 11.24625 3.0 0.2800000000000001
1.0 0.02991026919242273 11.24625 3.0 0.2900000000000001
1.0 0.027916251246261216 11.24625 2.8 0.3000000000000001
1.0 0.027916251246261216 11.24625 2.8 0.3100000000000001
1.0 0.027916251246261216 11.24625 2.8 0.3200000000000001
1.0 0.027916251246261216 11.24625 2.8 0.3300000000000001
1.0 0.027916251246261216 11.24625 2.8 0.34000000000000014
1.0 0.027916251246261216 11.24625 2.8 0.35000000000000014
1.0 0.027916251246261216 11.24625 2.8 0.36000000000000015
1.0 0.026919242273180457 11.24625 2.7 0.37000000000000016
1.0 0.026919242273180457 11.24625 2.7 0.38000000000000017
1.0 0.026919242273180457 11.24625 2.7 0.3900000000000002
1.0 0.0259222333000997 11.24625 2.6 0.4000000000000002
1.0 0.024925224327018942 11.24625 2.5 0.4100000000000002
1.0 0.024925224327018942 11.24625 2.5 0.4200000000000002
1.0 0.023928215353938187 11.24625 2.4 0.4300000000000002
1.0 0.023928215353938187 11.24625 2.4 0.4400000000000002
1.0 0.022931206380857428 11.24625 2.3 0.45000000000000023
1.0 0.022931206380857428 11.24625 2.3 0.46000000000000024
1.0 0.022931206380857428 11.24625 2.3 0.47000000000000025
1.0 0.022931206380857428 11.24625 2.3 0.48000000000000026
1.0 0.022931206380857428 11.24625 2.3 0.49000000000000027
1.0 0.022931206380857428 11.24625 2.3 0.5000000000000002
1.0 0.022931206380857428 11.24625 2.3 0.5100000000000002
1.0 0.022931206380857428 11.24625 2.3 0.5200000000000002
1.0 0.022931206380857428 11.24625 2.3 0.5300000000000002
1.0 0.022931206380857428 11.24625 2.3 0.5400000000000003
1.0 0.022931206380857428 11.24625 2.3 0.5500000000000003
1.0 0.022931206380857428 11.24625 2.3 0.5600000000000003
1.0 0.022931206380857428 11.24625 2.3 0.5700000000000003
1.0 0.022931206380857428 11.24625 2.3 0.5800000000000003
1.0 0.022931206380857428 11.24625 2.3 0.5900000000000003
1.0 0.022931206380857428 11.24625 2.3 0.6000000000000003
1.0 0.02193419740777667 11.24625 2.2 0.6100000000000003
1.0 0.02193419740777667 11.24625 2.2 0.6200000000000003
1.0 0.02193419740777667 11.24625 2.2 0.6300000000000003
1.0 0.02193419740777667 11.24625 2.2 0.6400000000000003
1.0 0.02193419740777667 11.24625 2.2 0.6500000000000004
1.0 0.02193419740777667 11.24625 2.2 0.6600000000000004
1.0 0.02193419740777667 11.24625 2.2 0.6700000000000004
1.0 0.02193419740777667 11.24625 2.2 0.6800000000000004
1.0 0.02193419740777667 11.24625 2.2 0.6900000000000004
1.0 0.02193419740777667 11.24625 2.2 0.7000000000000004
1.0 0.02193419740777667 11.24625 2.2 0.7100000000000004
1.0 0.020937188434695914 11.24625 2.1 0.7200000000000004
1.0 0.020937188434695914 11.24625 2.1 0.7300000000000004
1.0 0.020937188434695914 11.24625 2.1 0.7400000000000004
1.0 0.020937188434695914 11.24625 2.1 0.7500000000000004
1.0 0.020937188434695914 11.24625 2.1 0.7600000000000005
1.0 0.019940179461615155 11.24625 2.0 0.7700000000000005
1.0 0.019940179461615155 11.24625 2.0 0.7800000000000005
1.0 0.019940179461615155 11.24625 2.0 0.7900000000000005
1.0 0.019940179461615155 11.24625 2.0 0.8000000000000005
1.0 0.019940179461615155 11.24625 2.0 0.8100000000000005
1.0 0.019940179461615155 11.24625 2.0 0.8200000000000005
1.0 0.019940179461615155 11.24625 2.0 0.8300000000000005
1.0 0.019940179461615155 11.24625 2.0 0.8400000000000005
1.0 0.019940179461615155 11.24625 2.0 0.8500000000000005
1.0 0.019940179461615155 11.24625 2.0 0.8600000000000005
1.0 0.019940179461615155 11.24625 2.0 0.8700000000000006
1.0 0.019940179461615155 11.24625 2.0 0.8800000000000006
1.0 0.019940179461615155 11.24625 2.0 0.8900000000000006
1.0 0.019940179461615155 11.24625 2.0 0.9000000000000006
1.0 0.019940179461615155 11.24625 2.0 0.9100000000000006
1.0 0.019940179461615155 11.24625 2.0 0.9200000000000006
1.0 0.019940179461615155 11.24625 2.0 0.9300000000000006
1.0 0.019940179461615155 11.24625 2.0 0.9400000000000006
0.999888851839502 0.019940179461615155 11.245 2.0 0.9500000000000006
0.9997777036790041 0.019940179461615155 11.24375 2.0 0.9600000000000006
0.9997777036790041 0.019940179461615155 11.24375 2.0 0.9700000000000006
0.9997777036790041 0.019940179461615155 11.24375 2.0 0.9800000000000006
0.9996665555185061 0.019940179461615155 11.2425 2.0 0.9900000000000007
0.0 0.0 0.0 0.0
