1.0 1.0 22.4925 25.075 0.0
1.0 0.8983050847457628 22.4925 22.525 0.01
1.0 0.8325024925224327 22.4925 20.875 0.02
1.0 0.7607178464606181 22.4925 19.075 0.03
1.0 0.7248255234297108 22.4925 18.175 0.04
1.0 0.6839481555333998 22.4925 17.15 0.05
1.0 0.6390827517447657 22.4925 16.025 0.060000000000000005
1.0 0.6390827517447657 22.4925 16.025 0.07
1.0 0.6161515453639083 22.4925 15.45 0.08
1.0 0.5892323030907278 22.4925 14.775 0.09
1.0 0.5712861415752741 22.4925 14.325 0.09999999999999999
1.0 0.5523429710867398 22.4925 13.85 0.10999999999999999
1.0 0.5304087736789631 22.4925 13.3 0.11999999999999998
1.0 0.5194416749750748 22.4925 13.025 0.12999999999999998
1.0 0.5004985044865404 22.4925 12.55 0.13999999999999999
1.0 0.4865403788634098 22.4925 12.2 0.15
1.0 0.46560319042871384 22.4925 11.675 0.16
1.0 0.4456630109670987 22.4925 11.175 0.17
1.0 0.4147557328015952 22.4925 10.4 0.18000000000000002
1.0 0.39980059820538383 22.4925 10.025 0.19000000000000003
1.0 0.39082751744765704 22.4925 9.8 0.20000000000000004
1.0 0.37686939182452645 22.4925 9.45 0.21000000000000005
1.0 0.36889332003988035 22.4925 9.25 0.22000000000000006
1.0 0.36191425722831505 22.4925 9.075 0.23000000000000007
1.0 0.357926221335992 22.4925 8.975 0.24000000000000007
1.0 0.3469591226321037 22.4925 8.7 0.25000000000000006
1.0 0.33998005982053836 22.4925 8.525 0.26000000000000006
1.0 0.33100697906281157 22.4925 8.3 0.2700000000000001
1.0 0.32801595214356927 22.4925 8.225 0.2800000000000001
1.0 0.3240279162512463 22.4925 8.125 0.2900000000000001
1.0 0.3150548354935194 22.4925 7.9 0.3000000000000001
1.0 0.31106679960119643 22.4925 7.8 0.3100000000000001
1.0 0.3040877367896311 22.4925 7.625 0.3200000000000001
1.0 0.29411764705882354 22.4925 7.375 0.3300000000000001
1.0 0.28913260219341974 22.4925 7.25 0.34000000000000014
1.0 0.2811565304087737 22.4925 7.05 0.35000000000000014
1.0 0.2711864406779661 22.4925 6.8 0.36000000000000015
1.0 0.26021934197407776 22.4925 6.525 0.37000000000000016
1.0 0.25124626121635096 22.4925 6.3 0.38000000000000017
1.0 0.24227318045862412 22.4925 6.075 0.3900000000000002
1.0 0.2382851445663011 22.4925 5.975 0.4000000000000002
1.0 0.22831505483549352 22.4925 5.725 0.4100000000000002
1.0 0.21834496510468593 22.4925 5.475 0.4200000000000002
1.0 0.21136590229312063 22.4925 5.3 0.4300000000000002
1.0 0.2053838484546361 22.4925 5.15 0.4400000000000002
1.0 0.20039880358923232 22.4925 5.025 0.45000000000000023
1.0 0.19740777666999004 22.4925 4.95 0.46000000000000024
1.0 0.19541375872382852 22.4925 4.9 0.47000000000000025
1.0 0.19042871385842472 22.4925 4.775 0.48000000000000026
1.0 0.1864406779661017 22.4925 4.675 0.49000000000000027
1.0 0.18344965104685942 22.4925 4.6 0.5000000000000002
1.0 0.1814556331006979 22.4925 4.55 0.5100000000000002
1.0 0.18045862412761715 22.4925 4.525 0.5200000000000002
1.0 0.17746759720837488 22.4925 4.45 0.5300000000000002
1.0 0.17347956131605186 22.4925 4.35 0.5400000000000003
1.0 0.17248255234297108 22.4925 4.325 0.5500000000000003
1.0 0.17048853439680958 22.4925 4.275 0.5600000000000003
1.0 0.16550348953140578 22.4925 4.15 0.5700000000000003
1.0 0.1585244267198405 22.4925 3.975 0.5800000000000003
1.0 0.1535393818544367 22.4925 3.85 0.5900000000000003
1.0 0.14955134596211367 22.4925 3.75 0.6000000000000003
1.0 0.14057826520438685 22.4925 3.525 0.6100000000000003
1.0 0.13559322033898305 22.4925 3.4 0.6200000000000003
1.0 0.12761714855433698 22.4925 3.2 0.6300000000000003
1.0 0.12063808574277168 22.4925 3.025 0.6400000000000003
1.0 0.11665004985044865 22.4925 2.925 0.6500000000000004
1.0 0.10967098703888335 22.4925 2.75 0.6600000000000004
1.0 0.10269192422731804 22.4925 2.575 0.6700000000000004
1.0 0.09870388833499502 22.4925 2.475 0.6800000000000004
1.0 0.08075772681954138 22.4925 2.025 0.6900000000000004
1.0 0.07577268195413758 22.4925 1.9 0.7000000000000004
1.0 0.06779661016949153 22.4925 1.7 0.7100000000000004
1.0 0.058823529411764705 22.4925 1.475 0.7200000000000004
1.0 0.05583250249252243 22.4925 1.4 0.7300000000000004
1.0 0.049850448654037885 22.4925 1.25 0.7400000000000004
1.0 0.047856430707876374 22.4925 1.2 0.7500000000000004
1.0 0.045862412761714856 22.4925 1.15 0.7600000000000005
1.0 0.04187437686939183 22.4925 1.05 0.7700000000000005
1.0 0.040877367896311065 22.4925 1.025 0.7800000000000005
1.0 0.040877367896311065 22.4925 1.025 0.7900000000000005
0.999888851839502 0.03788634097706879 22.49 0.95 0.8000000000000005
0.9997777036790041 0.036889332003988036 22.4875 0.925 0.8100000000000005
0.9997777036790041 0.036889332003988036 22.4875 0.925 0.8200000000000005
0.9996665555185061 0.03489531405782652 22.485 0.875 0.8300000000000005
0.9995554073580082 0.03290129611166501 22.4825 0.825 0.8400000000000005
0.9993331110370124 0.03090727816550349 22.4775 0.775 0.8500000000000005
0.9986662220740247 0.026919242273180457 22.4625 0.675 0.8600000000000005
0.9977770367900411 0.020937188434695914 22.4425 0.525 0.8700000000000006
0.9966655551850617 0.014955134596211365 22.4175 0.375 0.8800000000000006
0.9953317772590864 0.010967098703888335 22.3875 0.275 0.8900000000000006
0.9934422585306213 0.007976071784646061 22.345 0.2 0.9000000000000006
0.992108480604646 0.0029910269192422734 22.315 0.075 0.9100000000000006
0.9911081471601645 0.0029910269192422734 22.2925 0.075 0.9200000000000006
0.9896632210736912 9.970089730807576E-4 22.26 0.025 0.9300000000000006
0.9884405913082138 0.0 22.2325 0.0 0.9400000000000006
0.9859953317772591 0.0 22.1775 0.0 0.9500000000000006
0.9833277759253084 0.0 22.1175 0.0 0.9600000000000006
0.9795487384683783 0.0 22.0325 0.0 0.9700000000000006
0.9709903301100367 0.0 21.84 0.0 0.9800000000000006
0.9452039568745138 0.0 21.26 0.0 0.9900000000000007
0.0 0.0 0.0 0.0
