1.0 1.0 8.997 28.65714285714286 0.0
1.0 0.2382851445663011 8.997 6.828571428571428 0.01
1.0 0.08873379860418744 8.997 2.5428571428571427 0.02
1.0 0.06081754735792622 8.997 1.7428571428571429 0.03
1.0 0.047856430707876374 8.997 1.3714285714285714 0.04
1.0 0.03788634097706879 8.997 1.0857142857142856 0.05
1.0 0.023928215353938187 8.997 0.6857142857142857 0.060000000000000005
1.0 0.023928215353938187 8.997 0.6857142857142857 0.07
1.0 0.01694915254237288 8.997 0.4857142857142857 0.08
1.0 0.015952143569292122 8.997 0.45714285714285713 0.09
1.0 0.015952143569292122 8.997 0.45714285714285713 0.09999999999999999
1.0 0.014955134596211365 8.997 0.42857142857142855 0.10999999999999999
1.0 0.011964107676969093 8.997 0.34285714285714286 0.11999999999999998
1.0 0.010967098703888335 8.997 0.3142857142857143 0.12999999999999998
1.0 0.009970089730807577 8.997 0.2857142857142857 0.13999999999999999
1.0 0.007976071784646061 8.997 0.22857142857142856 0.15
1.0 0.006979062811565304 8.997 0.2 0.16
1.0 0.006979062811565304 8.997 0.2 0.17
1.0 0.006979062811565304 8.997 0.2 0.18000000000000002
1.0 0.006979062811565304 8.997 0.2 0.19000000000000003
1.0 0.006979062811565304 8.997 0.2 0.20000000000000004
1.0 0.006979062811565304 8.997 0.2 0.21000000000000005
1.0 0.006979062811565304 8.997 0.2 0.22000000000000006
1.0 0.006979062811565304 8.997 0.2 0.23000000000000007
1.0 0.006979062811565304 8.997 0.2 0.24000000000000007
1.0 0.005982053838484547 8.997 0.17142857142857143 0.25000000000000006
1.0 0.004985044865403789 8.997 0.14285714285714285 0.26000000000000006
1.0 0.004985044865403789 8.997 0.14285714285714285 0.2700000000000001
1.0 0.004985044865403789 8.997 0.14285714285714285 0.2800000000000001
1.0 0.004985044865403789 8.997 0.14285714285714285 0.2900000000000001
1.0 0.003988035892323031 8.997 0.11428571428571428 0.3000000000000001
1.0 0.003988035892323031 8.997 0.11428571428571428 0.3100000000000001
1.0 0.003988035892323031 8.997 0.11428571428571428 0.3200000000000001
1.0 0.003988035892323031 8.997 0.11428571428571428 0.3300000000000001
1.0 0.0029910269192422734 8.997 0.08571428571428572 0.34000000000000014
1.0 0.0019940179461615153 8.997 0.05714285714285714 0.35000000000000014
1.0 0.0019940179461615153 8.997 0.05714285714285714 0.36000000000000015
1.0 9.970089730807576E-4 8.997 0.02857142857142857 0.37000000000000016
1.0 9.970089730807576E-4 8.997 0.02857142857142857 0.38000000000000017
1.0 9.970089730807576E-4 8.997 0.02857142857142857 0.3900000000000002
1.0 9.970089730807576E-4 8.997 0.02857142857142857 0.4000000000000002
1.0 9.970089730807576E-4 8.997 0.02857142857142857 0.4100000000000002
1.0 9.970089730807576E-4 8.997 0.02857142857142857 0.4200000000000002
1.0 9.970089730807576E-4 8.997 0.02857142857142857 0.4300000000000002
1.0 9.970089730807576E-4 8.997 0.02857142857142857 0.4400000000000002
1.0 9.970089730807576E-4 8.997 0.02857142857142857 0.45000000000000023
1.0 9.970089730807576E-4 8.997 0.02857142857142857 0.46000000000000024
1.0 9.970089730807576E-4 8.997 0.02857142857142857 0.47000000000000025
1.0 9.970089730807576E-4 8.997 0.02857142857142857 0.48000000000000026
1.0 9.970089730807576E-4 8.997 0.02857142857142857 0.49000000000000027
1.0 9.970089730807576E-4 8.997 0.02857142857142857 0.5000000000000002
1.0 9.970089730807576E-4 8.997 0.02857142857142857 0.5100000000000002
1.0 9.970089730807576E-4 8.997 0.02857142857142857 0.5200000000000002
1.0 0.0 8.997 0.0 0.5300000000000002
1.0 0.0 8.997 0.0 0.5400000000000003
1.0 0.0 8.997 0.0 0.5500000000000003
1.0 0.0 8.997 0.0 0.5600000000000003
1.0 0.0 8.997 0.0 0.5700000000000003
1.0 0.0 8.997 0.0 0.5800000000000003
1.0 0.0 8.997 0.0 0.5900000000000003
1.0 0.0 8.997 0.0 0.6000000000000003
1.0 0.0 8.997 0.0 0.6100000000000003
1.0 0.0 8.997 0.0 0.6200000000000003
1.0 0.0 8.997 0.0 0.6300000000000003
1.0 0.0 8.997 0.0 0.6400000000000003
1.0 0.0 8.997 0.0 0.6500000000000004
1.0 0.0 8.997 0.0 0.6600000000000004
1.0 0.0 8.997 0.0 0.6700000000000004
1.0 0.0 8.997 0.0 0.6800000000000004
1.0 0.0 8.997 0.0 0.6900000000000004
1.0 0.0 8.997 0.0 0.7000000000000004
1.0 0.0 8.997 0.0 0.7100000000000004
1.0 0.0 8.997 0.0 0.7200000000000004
1.0 0.0 8.997 0.0 0.7300000000000004
1.0 0.0 8.997 0.0 0.7400000000000004
1.0 0.0 8.997 0.0 0.7500000000000004
1.0 0.0 8.997 0.0 0.7600000000000005
1.0 0.0 8.997 0.0 0.7700000000000005
1.0 0.0 8.997 0.0 0.7800000000000005
1.0 0.0 8.997 0.0 0.7900000000000005
1.0 0.0 8.997 0.0 0.8000000000000005
1.0 0.0 8.997 0.0 0.8100000000000005
1.0 0.0 8.997 0.0 0.8200000000000005
1.0 0.0 8.997 0.0 0.8300000000000005
1.0 0.0 8.997 0.0 0.8400000000000005
1.0 0.0 8.997 0.0 0.8500000000000005
1.0 0.0 8.997 0.0 0.8600000000000005
1.0 0.0 8.997 0.0 0.8700000000000006
1.0 0.0 8.997 0.0 0.8800000000000006
0.999888851839502 0.0 8.996 0.0 0.8900000000000006
0.999888851839502 0.0 8.996 0.0 0.9000000000000006
0.999888851839502 0.0 8.996 0.0 0.9100000000000006
0.999888851839502 0.0 8.996 0.0 0.9200000000000006
0.999888851839502 0.0 8.996 0.0 0.9300000000000006
0.999888851839502 0.0 8.996 0.0 0.9400000000000006
0.999888851839502 0.0 8.996 0.0 0.9500000000000006
0.999888851839502 0.0 8.996 0.0 0.9600000000000006
0.9997777036790041 0.0 8.995 0.0 0.9700000000000006
0.9996665555185061 0.0 8.994 0.0 0.9800000000000006
0.9995554073580082 0.0 8.993 0.0 0.9900000000000007
0.0 0.0 0.0 0.0
