0.0 0.6979062811565304 0.0 20.0 0.0
0.0 0.46360917248255235 0.0 13.285714285714286 0.01
0.0 0.29810568295114653 0.0 8.542857142857143 0.02
0.0 0.2502492522432702 0.0 7.171428571428572 0.03
0.0 0.23529411764705882 0.0 6.742857142857143 0.04
0.0 0.2073778664007976 0.0 5.942857142857143 0.05
0.0 0.17347956131605186 0.0 4.9714285714285715 0.060000000000000005
0.0 0.17347956131605186 0.0 4.9714285714285715 0.07
0.0 0.16550348953140578 0.0 4.742857142857143 0.08
0.0 0.1535393818544367 0.0 4.4 0.09
0.0 0.15054835493519442 0.0 4.314285714285714 0.09999999999999999
0.0 0.14257228315054835 0.0 4.085714285714285 0.10999999999999999
0.0 0.13359920239282153 0.0 3.8285714285714287 0.11999999999999998
0.0 0.12861415752741776 0.0 3.6857142857142855 0.12999999999999998
0.0 0.11764705882352941 0.0 3.3714285714285714 0.13999999999999999
0.0 0.11764705882352941 0.0 3.3714285714285714 0.15
0.0 0.11465603190428714 0.0 3.2857142857142856 0.16
0.0 0.1106679960119641 0.0 3.1714285714285713 0.17
0.0 0.10867397806580259 0.0 3.1142857142857143 0.18000000000000002
0.0 0.10667996011964108 0.0 3.057142857142857 0.19000000000000003
0.0 0.1036889332003988 0.0 2.9714285714285715 0.20000000000000004
0.0 0.10069790628115653 0.0 2.8857142857142857 0.21000000000000005
0.0 0.09770687936191426 0.0 2.8 0.22000000000000006
0.0 0.09471585244267199 0.0 2.7142857142857144 0.23000000000000007
0.0 0.09471585244267199 0.0 2.7142857142857144 0.24000000000000007
0.0 0.09471585244267199 0.0 2.7142857142857144 0.25000000000000006
0.0 0.09371884346959122 0.0 2.6857142857142855 0.26000000000000006
0.0 0.09371884346959122 0.0 2.6857142857142855 0.2700000000000001
0.0 0.09371884346959122 0.0 2.6857142857142855 0.2800000000000001
0.0 0.09272183449651047 0.0 2.657142857142857 0.2900000000000001
0.0 0.09272183449651047 0.0 2.657142857142857 0.3000000000000001
0.0 0.09172482552342971 0.0 2.6285714285714286 0.3100000000000001
0.0 0.09172482552342971 0.0 2.6285714285714286 0.3200000000000001
0.0 0.09172482552342971 0.0 2.6285714285714286 0.3300000000000001
0.0 0.09172482552342971 0.0 2.6285714285714286 0.34000000000000014
0.0 0.09172482552342971 0.0 2.6285714285714286 0.35000000000000014
0.0 0.09172482552342971 0.0 2.6285714285714286 0.36000000000000015
0.0 0.09172482552342971 0.0 2.6285714285714286 0.37000000000000016
0.0 0.09172482552342971 0.0 2.6285714285714286 0.38000000000000017
0.0 0.08773678963110668 0.0 2.5142857142857142 0.3900000000000002
0.0 0.08374875373878365 0.0 2.4 0.4000000000000002
0.0 0.08075772681954138 0.0 2.3142857142857145 0.4100000000000002
0.0 0.07876370887337986 0.0 2.257142857142857 0.4200000000000002
0.0 0.07876370887337986 0.0 2.257142857142857 0.4300000000000002
0.0 0.07577268195413758 0.0 2.1714285714285713 0.4400000000000002
0.0 0.07577268195413758 0.0 2.1714285714285713 0.45000000000000023
0.0 0.07377866400797607 0.0 2.1142857142857143 0.46000000000000024
0.0 0.07377866400797607 0.0 2.1142857142857143 0.47000000000000025
0.0 0.07278165503489531 0.0 2.085714285714286 0.48000000000000026
0.0 0.07178464606181456 0.0 2.057142857142857 0.49000000000000027
0.0 0.06979062811565304 0.0 2.0 0.5000000000000002
0.0 0.06979062811565304 0.0 2.0 0.5100000000000002
0.0 0.06679960119641076 0.0 1.9142857142857144 0.5200000000000002
0.0 0.06480558325024925 0.0 1.8571428571428572 0.5300000000000002
0.0 0.06380857427716849 0.0 1.8285714285714285 0.5400000000000003
0.0 0.06380857427716849 0.0 1.8285714285714285 0.5500000000000003
0.0 0.06380857427716849 0.0 1.8285714285714285 0.5600000000000003
0.0 0.06380857427716849 0.0 1.8285714285714285 0.5700000000000003
0.0 0.06081754735792622 0.0 1.7428571428571429 0.5800000000000003
0.0 0.058823529411764705 0.0 1.6857142857142857 0.5900000000000003
0.0 0.05682951146560319 0.0 1.6285714285714286 0.6000000000000003
0.0 0.05682951146560319 0.0 1.6285714285714286 0.6100000000000003
0.0 0.05284147557328016 0.0 1.5142857142857142 0.6200000000000003
0.0 0.05284147557328016 0.0 1.5142857142857142 0.6300000000000003
0.0 0.05284147557328016 0.0 1.5142857142857142 0.6400000000000003
0.0 0.05284147557328016 0.0 1.5142857142857142 0.6500000000000004
0.0 0.05284147557328016 0.0 1.5142857142857142 0.6600000000000004
0.0 0.05284147557328016 0.0 1.5142857142857142 0.6700000000000004
0.0 0.05284147557328016 0.0 1.5142857142857142 0.6800000000000004
0.0 0.05284147557328016 0.0 1.5142857142857142 0.6900000000000004
0.0 0.05284147557328016 0.0 1.5142857142857142 0.7000000000000004
0.0 0.05284147557328016 0.0 1.5142857142857142 0.7100000000000004
0.0 0.0518444666001994 0.0 1.4857142857142858 0.7200000000000004
0.0 0.04885343968095713 0.0 1.4 0.7300000000000004
0.0 0.04287138584247258 0.0 1.2285714285714286 0.7400000000000004
0.0 0.04287138584247258 0.0 1.2285714285714286 0.7500000000000004
0.0 0.04287138584247258 0.0 1.2285714285714286 0.7600000000000005
0.0 0.040877367896311065 0.0 1.1714285714285715 0.7700000000000005
0.0 0.040877367896311065 0.0 1.1714285714285715 0.7800000000000005
0.0 0.038883349950149554 0.0 1.1142857142857143 0.7900000000000005
0.0 0.038883349950149554 0.0 1.1142857142857143 0.8000000000000005
0.0 0.038883349950149554 0.0 1.1142857142857143 0.8100000000000005
0.0 0.03788634097706879 0.0 1.0857142857142856 0.8200000000000005
0.0 0.03589232303090728 0.0 1.0285714285714285 0.8300000000000005
0.0 0.03290129611166501 0.0 0.9428571428571428 0.8400000000000005
0.0 0.03290129611166501 0.0 0.9428571428571428 0.8500000000000005
0.0 0.03290129611166501 0.0 0.9428571428571428 0.8600000000000005
0.0 0.02991026919242273 0.0 0.8571428571428571 0.8700000000000006
0.0 0.02991026919242273 0.0 0.8571428571428571 0.8800000000000006
0.0 0.02991026919242273 0.0 0.8571428571428571 0.8900000000000006
0.0 0.02991026919242273 0.0 0.8571428571428571 0.9000000000000006
0.0 0.02991026919242273 0.0 0.8571428571428571 0.9100000000000006
0.0 0.027916251246261216 0.0 0.8 0.9200000000000006
0.0 0.027916251246261216 0.0 0.8 0.9300000000000006
0.0 0.027916251246261216 0.0 0.8 0.9400000000000006
0.0 0.0259222333000997 0.0 0.7428571428571429 0.9500000000000006
0.0 0.01694915254237288 0.0 0.4857142857142857 0.9600000000000006
0.0 0.011964107676969093 0.0 0.34285714285714286 0.9700000000000006
0.0 0.0029910269192422734 0.0 0.08571428571428572 0.9800000000000006
0.0 0.0 0.0 0.0 0.9900000000000007
0.0 0.0 0.0 0.0
