1.0 1.0 89.97 33.43333333333333 0.0
1.0 1.0 89.97 33.43333333333333 0.01
1.0 0.9980059820538385 89.97 33.36666666666667 0.02
1.0 0.9950149551345963 89.97 33.266666666666666 0.03
1.0 0.9930209371884346 89.97 33.2 0.04
1.0 0.9890329012961117 89.97 33.06666666666667 0.05
1.0 0.9840478564307079 89.97 32.9 0.060000000000000005
1.0 0.9840478564307079 89.97 32.9 0.07
0.999888851839502 0.9830508474576272 89.96 32.86666666666667 0.08
0.9997777036790041 0.9830508474576272 89.95 32.86666666666667 0.09
0.9997777036790041 0.9830508474576272 89.95 32.86666666666667 0.09999999999999999
0.9996665555185061 0.9810568295114656 89.94 32.8 0.10999999999999999
0.9995554073580082 0.9780658025922233 89.93 32.7 0.11999999999999998
0.9995554073580082 0.9770687936191426 89.93 32.666666666666664 0.12999999999999998
0.9995554073580082 0.9760717846460618 89.93 32.63333333333333 0.13999999999999999
0.9994442591975102 0.9730807577268196 89.92 32.53333333333333 0.15
0.9994442591975102 0.9700897308075773 89.92 32.43333333333333 0.16
0.9993331110370124 0.9680957128614157 89.91 32.36666666666667 0.17
0.9993331110370124 0.9561316051844466 89.91 31.966666666666665 0.18000000000000002
0.9993331110370124 0.9541375872382851 89.91 31.9 0.19000000000000003
0.9993331110370124 0.9501495513459621 89.91 31.766666666666666 0.20000000000000004
0.9993331110370124 0.9461615154536391 89.91 31.633333333333333 0.21000000000000005
0.9993331110370124 0.9451645064805583 89.91 31.6 0.22000000000000006
0.9993331110370124 0.942173479561316 89.91 31.5 0.23000000000000007
0.9993331110370124 0.9401794616151545 89.91 31.433333333333334 0.24000000000000007
0.9993331110370124 0.9391824526420738 89.91 31.4 0.25000000000000006
0.9993331110370124 0.938185443668993 89.91 31.366666666666667 0.26000000000000006
0.9993331110370124 0.9371884346959123 89.91 31.333333333333332 0.2700000000000001
0.9993331110370124 0.9371884346959123 89.91 31.333333333333332 0.2800000000000001
0.9993331110370124 0.9361914257228315 89.91 31.3 0.2900000000000001
0.9993331110370124 0.9361914257228315 89.91 31.3 0.3000000000000001
0.9993331110370124 0.9322033898305084 89.91 31.166666666666668 0.3100000000000001
0.9993331110370124 0.9302093718843469 89.91 31.1 0.3200000000000001
0.9993331110370124 0.9292123629112662 89.91 31.066666666666666 0.3300000000000001
0.9993331110370124 0.9272183449651047 89.91 31.0 0.34000000000000014
0.9993331110370124 0.9252243270189432 89.91 30.933333333333334 0.35000000000000014
0.9993331110370124 0.9142572283150548 89.91 30.566666666666666 0.36000000000000015
0.9993331110370124 0.9102691924227319 89.91 30.433333333333334 0.37000000000000016
0.9993331110370124 0.909272183449651 89.91 30.4 0.38000000000000017
0.9993331110370124 0.9002991026919243 89.91 30.1 0.3900000000000002
0.9993331110370124 0.8943170488534397 89.91 29.9 0.4000000000000002
0.9993331110370124 0.8833499501495513 89.91 29.533333333333335 0.4100000000000002
0.9993331110370124 0.8693918245264207 89.91 29.066666666666666 0.4200000000000002
0.9993331110370124 0.8654037886340977 89.91 28.933333333333334 0.4300000000000002
0.9993331110370124 0.8614157527417746 89.91 28.8 0.4400000000000002
0.9993331110370124 0.8494516450648056 89.91 28.4 0.45000000000000023
0.9993331110370124 0.8414755732801595 89.91 28.133333333333333 0.46000000000000024
0.9993331110370124 0.8315054835493519 89.91 27.8 0.47000000000000025
0.9993331110370124 0.8295114656031904 89.91 27.733333333333334 0.48000000000000026
0.9993331110370124 0.8215353938185443 89.91 27.466666666666665 0.49000000000000027
0.9993331110370124 0.8165503489531406 89.91 27.3 0.5000000000000002
0.9993331110370124 0.8145563310069791 89.91 27.233333333333334 0.5100000000000002
0.9993331110370124 0.8135593220338984 89.91 27.2 0.5200000000000002
0.9993331110370124 0.8115653040877367 89.91 27.133333333333333 0.5300000000000002
0.9993331110370124 0.8075772681954138 89.91 27.0 0.5400000000000003
0.9993331110370124 0.8055832502492523 89.91 26.933333333333334 0.5500000000000003
0.9993331110370124 0.8035892323030908 89.91 26.866666666666667 0.5600000000000003
0.9993331110370124 0.8015952143569293 89.91 26.8 0.5700000000000003
0.9993331110370124 0.8005982053838484 89.91 26.766666666666666 0.5800000000000003
0.9993331110370124 0.7996011964107677 89.91 26.733333333333334 0.5900000000000003
0.9993331110370124 0.7966101694915254 89.91 26.633333333333333 0.6000000000000003
0.9993331110370124 0.7946161515453639 89.91 26.566666666666666 0.6100000000000003
0.9993331110370124 0.7906281156530409 89.91 26.433333333333334 0.6200000000000003
0.9993331110370124 0.7836490528414756 89.91 26.2 0.6300000000000003
0.9993331110370124 0.7746759720837487 89.91 25.9 0.6400000000000003
0.9993331110370124 0.7647058823529411 89.91 25.566666666666666 0.6500000000000004
0.9993331110370124 0.7507477567298105 89.91 25.1 0.6600000000000004
0.9992219628765144 0.7387836490528414 89.9 24.7 0.6700000000000004
0.9992219628765144 0.7178464606181456 89.9 24.0 0.6800000000000004
0.9992219628765144 0.7028913260219342 89.9 23.5 0.6900000000000004
0.9992219628765144 0.6769690927218345 89.9 22.633333333333333 0.7000000000000004
0.9991108147160165 0.6400797607178464 89.89 21.4 0.7100000000000004
0.9991108147160165 0.6081754735792622 89.89 20.333333333333332 0.7200000000000004
0.9988885183950206 0.5832502492522432 89.87 19.5 0.7300000000000004
0.9988885183950206 0.559322033898305 89.87 18.7 0.7400000000000004
0.9986662220740247 0.5403788634097707 89.85 18.066666666666666 0.7500000000000004
0.9986662220740247 0.5194416749750748 89.85 17.366666666666667 0.7600000000000005
0.9985550739135267 0.5064805583250249 89.84 16.933333333333334 0.7700000000000005
0.9983327775925308 0.48953140578265203 89.82 16.366666666666667 0.7800000000000005
0.998110481271535 0.47258225324027914 89.8 15.8 0.7900000000000005
0.9978881849505391 0.4556331006979063 89.78 15.233333333333333 0.8000000000000005
0.9966655551850617 0.44865403788634095 89.67 15.0 0.8100000000000005
0.9949983327775925 0.4426719840478564 89.52 14.8 0.8200000000000005
0.9923307769256419 0.42971086739780656 89.28 14.366666666666667 0.8300000000000005
0.9856618872957652 0.42073778664007977 88.68 14.066666666666666 0.8400000000000005
0.9745470712459708 0.4057826520438684 87.68 13.566666666666666 0.8500000000000005
0.9573191063687896 0.36689930209371885 86.13 12.266666666666667 0.8600000000000005
0.9305323996887852 0.32801595214356927 83.72 10.966666666666667 0.8700000000000006
0.8984105813048794 0.29910269192422734 80.83 10.0 0.8800000000000006
0.8567300211181504 0.2522432701894317 77.08 8.433333333333334 0.8900000000000006
0.8137156830054463 0.18444666001994017 73.21 6.166666666666667 0.9000000000000006
0.7654773813493386 0.12462612163509472 68.87 4.166666666666667 0.9100000000000006
0.7262420806935646 0.07477567298105683 65.34 2.5 0.9200000000000006
0.6950094475936424 0.03290129611166501 62.53 1.1 0.9300000000000006
0.6683338890741358 0.01794616151545364 60.13 0.6 0.9400000000000006
0.6461042569745471 0.007976071784646061 58.13 0.26666666666666666 0.9500000000000006
0.6254306991219295 0.0019940179461615153 56.27 0.06666666666666667 0.9600000000000006
0.6000889185283984 9.970089730807576E-4 53.99 0.03333333333333333 0.9700000000000006
0.5484050238968545 0.0 49.34 0.0 0.9800000000000006
0.4264754918306102 0.0 38.37 0.0 0.9900000000000007
0.0 0.0 0.0 0.0
