0.0 0.8973080757726819 0.0 25.0 0.0
0.0 0.8414755732801595 0.0 23.444444444444443 0.01
0.0 0.7796610169491526 0.0 21.72222222222222 0.02
0.0 0.7417746759720838 0.0 20.666666666666668 0.03
0.0 0.7098703888334995 0.0 19.77777777777778 0.04
0.0 0.6909272183449651 0.0 19.25 0.05
0.0 0.6719840478564307 0.0 18.72222222222222 0.060000000000000005
0.0 0.6719840478564307 0.0 18.72222222222222 0.07
0.0 0.6560319042871385 0.0 18.27777777777778 0.08
0.0 0.6440677966101694 0.0 17.944444444444443 0.09
0.0 0.6370887337986042 0.0 17.75 0.09999999999999999
0.0 0.6301096709870389 0.0 17.555555555555557 0.10999999999999999
0.0 0.6221335992023929 0.0 17.333333333333332 0.11999999999999998
0.0 0.617148554336989 0.0 17.194444444444443 0.12999999999999998
0.0 0.6061814556331007 0.0 16.88888888888889 0.13999999999999999
0.0 0.6021934197407777 0.0 16.77777777777778 0.15
0.0 0.5982053838484547 0.0 16.666666666666668 0.16
0.0 0.5892323030907278 0.0 16.416666666666668 0.17
0.0 0.5742771684945165 0.0 16.0 0.18000000000000002
0.0 0.5732801595214357 0.0 15.972222222222221 0.19000000000000003
0.0 0.5682951146560319 0.0 15.833333333333334 0.20000000000000004
0.0 0.5573280159521435 0.0 15.527777777777779 0.21000000000000005
0.0 0.551345962113659 0.0 15.36111111111111 0.22000000000000006
0.0 0.5503489531405783 0.0 15.333333333333334 0.23000000000000007
0.0 0.5473579262213359 0.0 15.25 0.24000000000000007
0.0 0.5443668993020937 0.0 15.166666666666666 0.25000000000000006
0.0 0.5443668993020937 0.0 15.166666666666666 0.26000000000000006
0.0 0.5423728813559322 0.0 15.11111111111111 0.2700000000000001
0.0 0.5413758723828515 0.0 15.083333333333334 0.2800000000000001
0.0 0.5403788634097707 0.0 15.055555555555555 0.2900000000000001
0.0 0.5353938185443669 0.0 14.916666666666666 0.3000000000000001
0.0 0.5343968095712861 0.0 14.88888888888889 0.3100000000000001
0.0 0.5274177467597209 0.0 14.694444444444445 0.3200000000000001
0.0 0.5244267198404786 0.0 14.61111111111111 0.3300000000000001
0.0 0.5134596211365903 0.0 14.305555555555555 0.34000000000000014
0.0 0.5094715852442672 0.0 14.194444444444445 0.35000000000000014
0.0 0.5054835493519442 0.0 14.083333333333334 0.36000000000000015
0.0 0.4995014955134596 0.0 13.916666666666666 0.37000000000000016
0.0 0.4955134596211366 0.0 13.805555555555555 0.38000000000000017
0.0 0.4915254237288136 0.0 13.694444444444445 0.3900000000000002
0.0 0.48554336989032904 0.0 13.527777777777779 0.4000000000000002
0.0 0.48255234297108673 0.0 13.444444444444445 0.4100000000000002
0.0 0.4795613160518445 0.0 13.36111111111111 0.4200000000000002
0.0 0.4765702891326022 0.0 13.277777777777779 0.4300000000000002
0.0 0.47258225324027914 0.0 13.166666666666666 0.4400000000000002
0.0 0.4715852442671984 0.0 13.13888888888889 0.45000000000000023
0.0 0.46859421734795614 0.0 13.055555555555555 0.46000000000000024
0.0 0.4646061814556331 0.0 12.944444444444445 0.47000000000000025
0.0 0.4556331006979063 0.0 12.694444444444445 0.48000000000000026
0.0 0.44965104685942175 0.0 12.527777777777779 0.49000000000000027
0.0 0.44167497507477566 0.0 12.305555555555555 0.5000000000000002
0.0 0.43968095712861416 0.0 12.25 0.5100000000000002
0.0 0.4386839481555334 0.0 12.222222222222221 0.5200000000000002
0.0 0.42971086739780656 0.0 11.972222222222221 0.5300000000000002
0.0 0.4287138584247258 0.0 11.944444444444445 0.5400000000000003
0.0 0.4187437686939183 0.0 11.666666666666666 0.5500000000000003
0.0 0.41774675972083747 0.0 11.63888888888889 0.5600000000000003
0.0 0.4117647058823529 0.0 11.472222222222221 0.5700000000000003
0.0 0.4037886340977069 0.0 11.25 0.5800000000000003
0.0 0.4037886340977069 0.0 11.25 0.5900000000000003
0.0 0.39980059820538383 0.0 11.13888888888889 0.6000000000000003
0.0 0.39780658025922233 0.0 11.083333333333334 0.6100000000000003
0.0 0.39780658025922233 0.0 11.083333333333334 0.6200000000000003
0.0 0.39581256231306083 0.0 11.027777777777779 0.6300000000000003
0.0 0.39082751744765704 0.0 10.88888888888889 0.6400000000000003
0.0 0.38584247258225324 0.0 10.75 0.6500000000000004
0.0 0.38384845463609174 0.0 10.694444444444445 0.6600000000000004
0.0 0.3798604187437687 0.0 10.583333333333334 0.6700000000000004
0.0 0.3778664007976072 0.0 10.527777777777779 0.6800000000000004
0.0 0.3728813559322034 0.0 10.38888888888889 0.6900000000000004
0.0 0.35992023928215355 0.0 10.027777777777779 0.7000000000000004
0.0 0.3559322033898305 0.0 9.916666666666666 0.7100000000000004
0.0 0.353938185443669 0.0 9.86111111111111 0.7200000000000004
0.0 0.34995014955134596 0.0 9.75 0.7300000000000004
0.0 0.34995014955134596 0.0 9.75 0.7400000000000004
0.0 0.34097706879361916 0.0 9.5 0.7500000000000004
0.0 0.3369890329012961 0.0 9.38888888888889 0.7600000000000005
0.0 0.3369890329012961 0.0 9.38888888888889 0.7700000000000005
0.0 0.3369890329012961 0.0 9.38888888888889 0.7800000000000005
0.0 0.3270189431704885 0.0 9.11111111111111 0.7900000000000005
0.0 0.3240279162512463 0.0 9.027777777777779 0.8000000000000005
0.0 0.3190428713858425 0.0 8.88888888888889 0.8100000000000005
0.0 0.3140578265204387 0.0 8.75 0.8200000000000005
0.0 0.30608175473579263 0.0 8.527777777777779 0.8300000000000005
0.0 0.30109670987038883 0.0 8.38888888888889 0.8400000000000005
0.0 0.29910269192422734 0.0 8.333333333333334 0.8500000000000005
0.0 0.28713858424725824 0.0 8.0 0.8600000000000005
0.0 0.27716849451645065 0.0 7.722222222222222 0.8700000000000006
0.0 0.2642073778664008 0.0 7.361111111111111 0.8800000000000006
0.0 0.25623130608175476 0.0 7.138888888888889 0.8900000000000006
0.0 0.25523429710867396 0.0 7.111111111111111 0.9000000000000006
0.0 0.2472582253240279 0.0 6.888888888888889 0.9100000000000006
0.0 0.2452642073778664 0.0 6.833333333333333 0.9200000000000006
0.0 0.23928215353938184 0.0 6.666666666666667 0.9300000000000006
0.0 0.23030907278165502 0.0 6.416666666666667 0.9400000000000006
0.0 0.2123629112662014 0.0 5.916666666666667 0.9500000000000006
0.0 0.18544366899302095 0.0 5.166666666666667 0.9600000000000006
0.0 0.17347956131605186 0.0 4.833333333333333 0.9700000000000006
0.0 0.14955134596211367 0.0 4.166666666666667 0.9800000000000006
0.0 0.1226321036889332 0.0 3.4166666666666665 0.9900000000000007
0.0 0.0 0.0 0.0
