1.0 1.0 17.994 200.6 0.0
1.0 0.7397806580259222 17.994 148.4 0.01
1.0 0.5752741774675972 17.994 115.4 0.02
1.0 0.49252243270189433 17.994 98.8 0.03
1.0 0.44865403788634095 17.994 90.0 0.04
1.0 0.4077766699900299 17.994 81.8 0.05
1.0 0.33998005982053836 17.994 68.2 0.060000000000000005
1.0 0.33998005982053836 17.994 68.2 0.07
1.0 0.317048853439681 17.994 63.6 0.08
1.0 0.292123629112662 17.994 58.6 0.09
1.0 0.27916251246261214 17.994 56.0 0.09999999999999999
1.0 0.26819541375872386 17.994 53.8 0.10999999999999999
1.0 0.25324027916251246 17.994 50.8 0.11999999999999998
1.0 0.2432701894317049 17.994 48.8 0.12999999999999998
1.0 0.23030907278165502 17.994 46.2 0.13999999999999999
1.0 0.20937188434695914 17.994 42.0 0.15
1.0 0.19740777666999004 17.994 39.6 0.16
1.0 0.19242273180458624 17.994 38.6 0.17
1.0 0.17647058823529413 17.994 35.4 0.18000000000000002
1.0 0.17048853439680958 17.994 34.2 0.19000000000000003
1.0 0.1585244267198405 17.994 31.8 0.20000000000000004
1.0 0.15154536390827517 17.994 30.4 0.21000000000000005
1.0 0.14356929212362912 17.994 28.8 0.22000000000000006
1.0 0.13858424725822532 17.994 27.8 0.23000000000000007
1.0 0.13359920239282153 17.994 26.8 0.24000000000000007
1.0 0.13160518444666003 17.994 26.4 0.25000000000000006
1.0 0.1296111665004985 17.994 26.0 0.26000000000000006
1.0 0.12163509471585245 17.994 24.4 0.2700000000000001
1.0 0.11764705882352941 17.994 23.6 0.2800000000000001
1.0 0.11465603190428714 17.994 23.0 0.2900000000000001
1.0 0.10967098703888335 17.994 22.0 0.3000000000000001
1.0 0.10867397806580259 17.994 21.8 0.3100000000000001
1.0 0.10667996011964108 17.994 21.4 0.3200000000000001
1.0 0.10069790628115653 17.994 20.2 0.3300000000000001
1.0 0.0967098703888335 17.994 19.4 0.34000000000000014
1.0 0.09371884346959122 17.994 18.8 0.35000000000000014
1.0 0.09172482552342971 17.994 18.4 0.36000000000000015
1.0 0.08574277168494517 17.994 17.2 0.37000000000000016
1.0 0.08075772681954138 17.994 16.2 0.38000000000000017
1.0 0.07876370887337986 17.994 15.8 0.3900000000000002
1.0 0.07776669990029911 17.994 15.6 0.4000000000000002
1.0 0.0707876370887338 17.994 14.2 0.4100000000000002
1.0 0.06380857427716849 17.994 12.8 0.4200000000000002
1.0 0.06181455633100698 17.994 12.4 0.4300000000000002
1.0 0.05982053838484546 17.994 12.0 0.4400000000000002
1.0 0.05782652043868395 17.994 11.6 0.45000000000000023
1.0 0.05284147557328016 17.994 10.6 0.46000000000000024
1.0 0.049850448654037885 17.994 10.0 0.47000000000000025
1.0 0.04885343968095713 17.994 9.8 0.48000000000000026
1.0 0.04885343968095713 17.994 9.8 0.49000000000000027
1.0 0.047856430707876374 17.994 9.6 0.5000000000000002
1.0 0.04386839481555334 17.994 8.8 0.5100000000000002
1.0 0.04287138584247258 17.994 8.6 0.5200000000000002
1.0 0.04187437686939183 17.994 8.4 0.5300000000000002
1.0 0.040877367896311065 17.994 8.2 0.5400000000000003
1.0 0.040877367896311065 17.994 8.2 0.5500000000000003
1.0 0.040877367896311065 17.994 8.2 0.5600000000000003
1.0 0.03988035892323031 17.994 8.0 0.5700000000000003
1.0 0.03988035892323031 17.994 8.0 0.5800000000000003
1.0 0.03988035892323031 17.994 8.0 0.5900000000000003
1.0 0.03788634097706879 17.994 7.6 0.6000000000000003
1.0 0.03589232303090728 17.994 7.2 0.6100000000000003
1.0 0.03589232303090728 17.994 7.2 0.6200000000000003
1.0 0.03290129611166501 17.994 6.6 0.6300000000000003
1.0 0.03090727816550349 17.994 6.2 0.6400000000000003
1.0 0.0259222333000997 17.994 5.2 0.6500000000000004
1.0 0.02193419740777667 17.994 4.4 0.6600000000000004
1.0 0.018943170488534396 17.994 3.8 0.6700000000000004
1.0 0.01794616151545364 17.994 3.6 0.6800000000000004
1.0 0.01694915254237288 17.994 3.4 0.6900000000000004
1.0 0.015952143569292122 17.994 3.2 0.7000000000000004
1.0 0.01296111665004985 17.994 2.6 0.7100000000000004
1.0 0.010967098703888335 17.994 2.2 0.7200000000000004
1.0 0.009970089730807577 17.994 2.0 0.7300000000000004
1.0 0.00897308075772682 17.994 1.8 0.7400000000000004
1.0 0.007976071784646061 17.994 1.6 0.7500000000000004
1.0 0.007976071784646061 17.994 1.6 0.7600000000000005
1.0 0.005982053838484547 17.994 1.2 0.7700000000000005
1.0 0.005982053838484547 17.994 1.2 0.7800000000000005
1.0 0.003988035892323031 17.994 0.8 0.7900000000000005
1.0 0.003988035892323031 17.994 0.8 0.8000000000000005
1.0 0.0029910269192422734 17.994 0.6 0.8100000000000005
1.0 0.0029910269192422734 17.994 0.6 0.8200000000000005
1.0 0.0029910269192422734 17.994 0.6 0.8300000000000005
1.0 0.0019940179461615153 17.994 0.4 0.8400000000000005
1.0 0.0019940179461615153 17.994 0.4 0.8500000000000005
0.9997777036790041 0.0019940179461615153 17.99 0.4 0.8600000000000005
0.9996665555185061 0.0 17.988 0.0 0.8700000000000006
0.9993331110370124 0.0 17.982 0.0 0.8800000000000006
0.9992219628765144 0.0 17.98 0.0 0.8900000000000006
0.9988885183950206 0.0 17.974 0.0 0.9000000000000006
0.9985550739135267 0.0 17.968 0.0 0.9100000000000006
0.9982216294320329 0.0 17.962 0.0 0.9200000000000006
0.998110481271535 0.0 17.96 0.0 0.9300000000000006
0.9979993331110371 0.0 17.958 0.0 0.9400000000000006
0.9977770367900411 0.0 17.954 0.0 0.9500000000000006
0.9972212959875514 0.0 17.944 0.0 0.9600000000000006
0.9967767033455597 0.0 17.936 0.0 0.9700000000000006
0.9947760364565966 0.0 17.9 0.0 0.9800000000000006
0.9875514060242303 0.0 17.77 0.0 0.9900000000000007
0.0 0.0 0.0 0.0
