1.0 1.0 14.995 66.86666666666666 0.0
1.0 0.6580259222333001 14.995 44.0 0.01
1.0 0.5034895314057827 14.995 33.666666666666664 0.02
1.0 0.4267198404785643 14.995 28.533333333333335 0.03
1.0 0.37886340977068794 14.995 25.333333333333332 0.04
1.0 0.35493519441674976 14.995 23.733333333333334 0.05
1.0 0.3120638085742772 14.995 20.866666666666667 0.060000000000000005
1.0 0.3120638085742772 14.995 20.866666666666667 0.07
1.0 0.29810568295114653 14.995 19.933333333333334 0.08
1.0 0.28215353938185445 14.995 18.866666666666667 0.09
1.0 0.26719840478564305 14.995 17.866666666666667 0.09999999999999999
1.0 0.25324027916251246 14.995 16.933333333333334 0.10999999999999999
1.0 0.2432701894317049 14.995 16.266666666666666 0.11999999999999998
1.0 0.2333000997008973 14.995 15.6 0.12999999999999998
1.0 0.22233300099700898 14.995 14.866666666666667 0.13999999999999999
1.0 0.21335992023928216 14.995 14.266666666666667 0.15
1.0 0.2053838484546361 14.995 13.733333333333333 0.16
1.0 0.19541375872382852 14.995 13.066666666666666 0.17
1.0 0.18444666001994017 14.995 12.333333333333334 0.18000000000000002
1.0 0.18245264207377868 14.995 12.2 0.19000000000000003
1.0 0.17647058823529413 14.995 11.8 0.20000000000000004
1.0 0.17248255234297108 14.995 11.533333333333333 0.21000000000000005
1.0 0.16550348953140578 14.995 11.066666666666666 0.22000000000000006
1.0 0.15952143569292124 14.995 10.666666666666666 0.23000000000000007
1.0 0.15553339980059822 14.995 10.4 0.24000000000000007
1.0 0.14955134596211367 14.995 10.0 0.25000000000000006
1.0 0.14356929212362912 14.995 9.6 0.26000000000000006
1.0 0.1415752741774676 14.995 9.466666666666667 0.2700000000000001
1.0 0.13758723828514458 14.995 9.2 0.2800000000000001
1.0 0.1365902293120638 14.995 9.133333333333333 0.2900000000000001
1.0 0.13160518444666003 14.995 8.8 0.3000000000000001
1.0 0.12761714855433698 14.995 8.533333333333333 0.3100000000000001
1.0 0.12362911266201396 14.995 8.266666666666667 0.3200000000000001
1.0 0.12362911266201396 14.995 8.266666666666667 0.3300000000000001
1.0 0.12163509471585245 14.995 8.133333333333333 0.34000000000000014
1.0 0.11964107676969092 14.995 8.0 0.35000000000000014
1.0 0.1156530408773679 14.995 7.733333333333333 0.36000000000000015
1.0 0.11166500498504486 14.995 7.466666666666667 0.37000000000000016
1.0 0.10967098703888335 14.995 7.333333333333333 0.38000000000000017
1.0 0.10667996011964108 14.995 7.133333333333334 0.3900000000000002
1.0 0.10568295114656032 14.995 7.066666666666666 0.4000000000000002
1.0 0.1036889332003988 14.995 6.933333333333334 0.4100000000000002
1.0 0.1016949152542373 14.995 6.8 0.4200000000000002
1.0 0.09970089730807577 14.995 6.666666666666667 0.4300000000000002
1.0 0.09870388833499502 14.995 6.6 0.4400000000000002
1.0 0.09272183449651047 14.995 6.2 0.45000000000000023
1.0 0.09072781655034895 14.995 6.066666666666666 0.46000000000000024
1.0 0.08574277168494517 14.995 5.733333333333333 0.47000000000000025
1.0 0.08374875373878365 14.995 5.6 0.48000000000000026
1.0 0.08075772681954138 14.995 5.4 0.49000000000000027
1.0 0.07676969092721835 14.995 5.133333333333334 0.5000000000000002
1.0 0.07477567298105683 14.995 5.0 0.5100000000000002
1.0 0.07178464606181456 14.995 4.8 0.5200000000000002
1.0 0.06879361914257229 14.995 4.6 0.5300000000000002
1.0 0.06779661016949153 14.995 4.533333333333333 0.5400000000000003
1.0 0.06580259222333001 14.995 4.4 0.5500000000000003
1.0 0.06380857427716849 14.995 4.266666666666667 0.5600000000000003
1.0 0.06181455633100698 14.995 4.133333333333334 0.5700000000000003
1.0 0.06181455633100698 14.995 4.133333333333334 0.5800000000000003
1.0 0.05982053838484546 14.995 4.0 0.5900000000000003
1.0 0.05782652043868395 14.995 3.8666666666666667 0.6000000000000003
1.0 0.05583250249252243 14.995 3.7333333333333334 0.6100000000000003
1.0 0.053838484546360914 14.995 3.6 0.6200000000000003
1.0 0.0518444666001994 14.995 3.466666666666667 0.6300000000000003
1.0 0.0518444666001994 14.995 3.466666666666667 0.6400000000000003
1.0 0.0518444666001994 14.995 3.466666666666667 0.6500000000000004
1.0 0.05084745762711865 14.995 3.4 0.6600000000000004
1.0 0.05084745762711865 14.995 3.4 0.6700000000000004
1.0 0.05084745762711865 14.995 3.4 0.6800000000000004
1.0 0.04885343968095713 14.995 3.2666666666666666 0.6900000000000004
1.0 0.047856430707876374 14.995 3.2 0.7000000000000004
1.0 0.0448654037886341 14.995 3.0 0.7100000000000004
1.0 0.04287138584247258 14.995 2.8666666666666667 0.7200000000000004
1.0 0.040877367896311065 14.995 2.7333333333333334 0.7300000000000004
1.0 0.038883349950149554 14.995 2.6 0.7400000000000004
1.0 0.038883349950149554 14.995 2.6 0.7500000000000004
1.0 0.036889332003988036 14.995 2.466666666666667 0.7600000000000005
1.0 0.03489531405782652 14.995 2.3333333333333335 0.7700000000000005
1.0 0.03389830508474576 14.995 2.2666666666666666 0.7800000000000005
1.0 0.03290129611166501 14.995 2.2 0.7900000000000005
1.0 0.031904287138584245 14.995 2.1333333333333333 0.8000000000000005
1.0 0.03090727816550349 14.995 2.066666666666667 0.8100000000000005
1.0 0.03090727816550349 14.995 2.066666666666667 0.8200000000000005
1.0 0.028913260219341975 14.995 1.9333333333333333 0.8300000000000005
1.0 0.026919242273180457 14.995 1.8 0.8400000000000005
1.0 0.026919242273180457 14.995 1.8 0.8500000000000005
1.0 0.023928215353938187 14.995 1.6 0.8600000000000005
1.0 0.022931206380857428 14.995 1.5333333333333334 0.8700000000000006
1.0 0.02193419740777667 14.995 1.4666666666666666 0.8800000000000006
1.0 0.020937188434695914 14.995 1.4 0.8900000000000006
1.0 0.018943170488534396 14.995 1.2666666666666666 0.9000000000000006
1.0 0.014955134596211365 14.995 1.0 0.9100000000000006
0.999888851839502 0.01296111665004985 14.993333333333334 0.8666666666666667 0.9200000000000006
0.999888851839502 0.01296111665004985 14.993333333333334 0.8666666666666667 0.9300000000000006
0.999888851839502 0.00897308075772682 14.993333333333334 0.6 0.9400000000000006
0.999888851839502 0.006979062811565304 14.993333333333334 0.4666666666666667 0.9500000000000006
0.9997777036790041 0.006979062811565304 14.991666666666667 0.4666666666666667 0.9600000000000006
0.9994442591975102 0.006979062811565304 14.986666666666666 0.4666666666666667 0.9700000000000006
0.9987773702345226 0.005982053838484547 14.976666666666667 0.4 0.9800000000000006
0.9963321107035679 0.003988035892323031 14.94 0.26666666666666666 0.9900000000000007
0.0 0.0 0.0 0.0
