0.0 0.29910269192422734 0.0 20.0 0.0
0.0 0.26719840478564305 0.0 17.866666666666667 0.01
0.0 0.22333000997008973 0.0 14.933333333333334 0.02
0.0 0.20837487537387836 0.0 13.933333333333334 0.03
0.0 0.19541375872382852 0.0 13.066666666666666 0.04
0.0 0.19242273180458624 0.0 12.866666666666667 0.05
0.0 0.17746759720837488 0.0 11.866666666666667 0.060000000000000005
0.0 0.17746759720837488 0.0 11.866666666666667 0.07
0.0 0.17048853439680958 0.0 11.4 0.08
0.0 0.16550348953140578 0.0 11.066666666666666 0.09
0.0 0.16151545363908276 0.0 10.8 0.09999999999999999
0.0 0.1575274177467597 0.0 10.533333333333333 0.10999999999999999
0.0 0.1535393818544367 0.0 10.266666666666667 0.11999999999999998
0.0 0.1485543369890329 0.0 9.933333333333334 0.12999999999999998
0.0 0.14755732801595214 0.0 9.866666666666667 0.13999999999999999
0.0 0.14556331006979062 0.0 9.733333333333333 0.15
0.0 0.14057826520438685 0.0 9.4 0.16
0.0 0.13858424725822532 0.0 9.266666666666667 0.17
0.0 0.1345962113659023 0.0 9.0 0.18000000000000002
0.0 0.13359920239282153 0.0 8.933333333333334 0.19000000000000003
0.0 0.1296111665004985 0.0 8.666666666666666 0.20000000000000004
0.0 0.12861415752741776 0.0 8.6 0.21000000000000005
0.0 0.12462612163509472 0.0 8.333333333333334 0.22000000000000006
0.0 0.1226321036889332 0.0 8.2 0.23000000000000007
0.0 0.12163509471585245 0.0 8.133333333333333 0.24000000000000007
0.0 0.11964107676969092 0.0 8.0 0.25000000000000006
0.0 0.11964107676969092 0.0 8.0 0.26000000000000006
0.0 0.11764705882352941 0.0 7.866666666666666 0.2700000000000001
0.0 0.1156530408773679 0.0 7.733333333333333 0.2800000000000001
0.0 0.1156530408773679 0.0 7.733333333333333 0.2900000000000001
0.0 0.11465603190428714 0.0 7.666666666666667 0.3000000000000001
0.0 0.11266201395812563 0.0 7.533333333333333 0.3100000000000001
0.0 0.10967098703888335 0.0 7.333333333333333 0.3200000000000001
0.0 0.10967098703888335 0.0 7.333333333333333 0.3300000000000001
0.0 0.10667996011964108 0.0 7.133333333333334 0.34000000000000014
0.0 0.10468594217347957 0.0 7.0 0.35000000000000014
0.0 0.10069790628115653 0.0 6.733333333333333 0.36000000000000015
0.0 0.09970089730807577 0.0 6.666666666666667 0.37000000000000016
0.0 0.09970089730807577 0.0 6.666666666666667 0.38000000000000017
0.0 0.09571286141575275 0.0 6.4 0.3900000000000002
0.0 0.09471585244267199 0.0 6.333333333333333 0.4000000000000002
0.0 0.09272183449651047 0.0 6.2 0.4100000000000002
0.0 0.09272183449651047 0.0 6.2 0.4200000000000002
0.0 0.09272183449651047 0.0 6.2 0.4300000000000002
0.0 0.09072781655034895 0.0 6.066666666666666 0.4400000000000002
0.0 0.0897308075772682 0.0 6.0 0.45000000000000023
0.0 0.08873379860418744 0.0 5.933333333333334 0.46000000000000024
0.0 0.08773678963110668 0.0 5.866666666666666 0.47000000000000025
0.0 0.0847457627118644 0.0 5.666666666666667 0.48000000000000026
0.0 0.0847457627118644 0.0 5.666666666666667 0.49000000000000027
0.0 0.08175473579262213 0.0 5.466666666666667 0.5000000000000002
0.0 0.08075772681954138 0.0 5.4 0.5100000000000002
0.0 0.07876370887337986 0.0 5.266666666666667 0.5200000000000002
0.0 0.07776669990029911 0.0 5.2 0.5300000000000002
0.0 0.07477567298105683 0.0 5.0 0.5400000000000003
0.0 0.06580259222333001 0.0 4.4 0.5500000000000003
0.0 0.06480558325024925 0.0 4.333333333333333 0.5600000000000003
0.0 0.06480558325024925 0.0 4.333333333333333 0.5700000000000003
0.0 0.06380857427716849 0.0 4.266666666666667 0.5800000000000003
0.0 0.06181455633100698 0.0 4.133333333333334 0.5900000000000003
0.0 0.05782652043868395 0.0 3.8666666666666667 0.6000000000000003
0.0 0.05782652043868395 0.0 3.8666666666666667 0.6100000000000003
0.0 0.05682951146560319 0.0 3.8 0.6200000000000003
0.0 0.05583250249252243 0.0 3.7333333333333334 0.6300000000000003
0.0 0.053838484546360914 0.0 3.6 0.6400000000000003
0.0 0.05284147557328016 0.0 3.533333333333333 0.6500000000000004
0.0 0.05284147557328016 0.0 3.533333333333333 0.6600000000000004
0.0 0.04885343968095713 0.0 3.2666666666666666 0.6700000000000004
0.0 0.04287138584247258 0.0 2.8666666666666667 0.6800000000000004
0.0 0.04287138584247258 0.0 2.8666666666666667 0.6900000000000004
0.0 0.04287138584247258 0.0 2.8666666666666667 0.7000000000000004
0.0 0.04287138584247258 0.0 2.8666666666666667 0.7100000000000004
0.0 0.04287138584247258 0.0 2.8666666666666667 0.7200000000000004
0.0 0.040877367896311065 0.0 2.7333333333333334 0.7300000000000004
0.0 0.040877367896311065 0.0 2.7333333333333334 0.7400000000000004
0.0 0.040877367896311065 0.0 2.7333333333333334 0.7500000000000004
0.0 0.03788634097706879 0.0 2.533333333333333 0.7600000000000005
0.0 0.03788634097706879 0.0 2.533333333333333 0.7700000000000005
0.0 0.03589232303090728 0.0 2.4 0.7800000000000005
0.0 0.03489531405782652 0.0 2.3333333333333335 0.7900000000000005
0.0 0.031904287138584245 0.0 2.1333333333333333 0.8000000000000005
0.0 0.031904287138584245 0.0 2.1333333333333333 0.8100000000000005
0.0 0.031904287138584245 0.0 2.1333333333333333 0.8200000000000005
0.0 0.028913260219341975 0.0 1.9333333333333333 0.8300000000000005
0.0 0.028913260219341975 0.0 1.9333333333333333 0.8400000000000005
0.0 0.026919242273180457 0.0 1.8 0.8500000000000005
0.0 0.026919242273180457 0.0 1.8 0.8600000000000005
0.0 0.023928215353938187 0.0 1.6 0.8700000000000006
0.0 0.023928215353938187 0.0 1.6 0.8800000000000006
0.0 0.022931206380857428 0.0 1.5333333333333334 0.8900000000000006
0.0 0.019940179461615155 0.0 1.3333333333333333 0.9000000000000006
0.0 0.014955134596211365 0.0 1.0 0.9100000000000006
0.0 0.011964107676969093 0.0 0.8 0.9200000000000006
0.0 0.011964107676969093 0.0 0.8 0.9300000000000006
0.0 0.011964107676969093 0.0 0.8 0.9400000000000006
0.0 0.011964107676969093 0.0 0.8 0.9500000000000006
0.0 0.011964107676969093 0.0 0.8 0.9600000000000006
0.0 0.011964107676969093 0.0 0.8 0.9700000000000006
0.0 0.007976071784646061 0.0 0.5333333333333333 0.9800000000000006
0.0 0.005982053838484547 0.0 0.4 0.9900000000000007
0.0 0.0 0.0 0.0
