1.0 1.0 12.852857142857143 25.075 0.0
1.0 0.4795613160518445 12.852857142857143 12.025 0.01
1.0 0.31106679960119643 12.852857142857143 7.8 0.02
1.0 0.25324027916251246 12.852857142857143 6.35 0.03
1.0 0.21734795613160518 12.852857142857143 5.45 0.04
1.0 0.193419740777667 12.852857142857143 4.85 0.05
1.0 0.14955134596211367 12.852857142857143 3.75 0.060000000000000005
1.0 0.14955134596211367 12.852857142857143 3.75 0.07
1.0 0.1345962113659023 12.852857142857143 3.375 0.08
1.0 0.12761714855433698 12.852857142857143 3.2 0.09
1.0 0.11964107676969092 12.852857142857143 3.0 0.09999999999999999
1.0 0.11166500498504486 12.852857142857143 2.8 0.10999999999999999
1.0 0.10667996011964108 12.852857142857143 2.675 0.11999999999999998
1.0 0.10269192422731804 12.852857142857143 2.575 0.12999999999999998
1.0 0.09970089730807577 12.852857142857143 2.5 0.13999999999999999
1.0 0.09571286141575275 12.852857142857143 2.4 0.15
1.0 0.0897308075772682 12.852857142857143 2.25 0.16
1.0 0.0897308075772682 12.852857142857143 2.25 0.17
1.0 0.08175473579262213 12.852857142857143 2.05 0.18000000000000002
1.0 0.08075772681954138 12.852857142857143 2.025 0.19000000000000003
1.0 0.07676969092721835 12.852857142857143 1.925 0.20000000000000004
1.0 0.07377866400797607 12.852857142857143 1.85 0.21000000000000005
1.0 0.07278165503489531 12.852857142857143 1.825 0.22000000000000006
1.0 0.0707876370887338 12.852857142857143 1.775 0.23000000000000007
1.0 0.06979062811565304 12.852857142857143 1.75 0.24000000000000007
1.0 0.06779661016949153 12.852857142857143 1.7 0.25000000000000006
1.0 0.06480558325024925 12.852857142857143 1.625 0.26000000000000006
1.0 0.06380857427716849 12.852857142857143 1.6 0.2700000000000001
1.0 0.06380857427716849 12.852857142857143 1.6 0.2800000000000001
1.0 0.06181455633100698 12.852857142857143 1.55 0.2900000000000001
1.0 0.05982053838484546 12.852857142857143 1.5 0.3000000000000001
1.0 0.058823529411764705 12.852857142857143 1.475 0.3100000000000001
1.0 0.05782652043868395 12.852857142857143 1.45 0.3200000000000001
1.0 0.054835493519441676 12.852857142857143 1.375 0.3300000000000001
1.0 0.053838484546360914 12.852857142857143 1.35 0.34000000000000014
1.0 0.053838484546360914 12.852857142857143 1.35 0.35000000000000014
1.0 0.05284147557328016 12.852857142857143 1.325 0.36000000000000015
1.0 0.049850448654037885 12.852857142857143 1.25 0.37000000000000016
1.0 0.04885343968095713 12.852857142857143 1.225 0.38000000000000017
1.0 0.04685942173479561 12.852857142857143 1.175 0.3900000000000002
1.0 0.045862412761714856 12.852857142857143 1.15 0.4000000000000002
1.0 0.04287138584247258 12.852857142857143 1.075 0.4100000000000002
1.0 0.04187437686939183 12.852857142857143 1.05 0.4200000000000002
1.0 0.04187437686939183 12.852857142857143 1.05 0.4300000000000002
1.0 0.040877367896311065 12.852857142857143 1.025 0.4400000000000002
1.0 0.040877367896311065 12.852857142857143 1.025 0.45000000000000023
1.0 0.03988035892323031 12.852857142857143 1.0 0.46000000000000024
1.0 0.03988035892323031 12.852857142857143 1.0 0.47000000000000025
1.0 0.038883349950149554 12.852857142857143 0.975 0.48000000000000026
1.0 0.038883349950149554 12.852857142857143 0.975 0.49000000000000027
1.0 0.038883349950149554 12.852857142857143 0.975 0.5000000000000002
1.0 0.03788634097706879 12.852857142857143 0.95 0.5100000000000002
1.0 0.036889332003988036 12.852857142857143 0.925 0.5200000000000002
1.0 0.03489531405782652 12.852857142857143 0.875 0.5300000000000002
1.0 0.03489531405782652 12.852857142857143 0.875 0.5400000000000003
1.0 0.03489531405782652 12.852857142857143 0.875 0.5500000000000003
1.0 0.03389830508474576 12.852857142857143 0.85 0.5600000000000003
1.0 0.03389830508474576 12.852857142857143 0.85 0.5700000000000003
1.0 0.03389830508474576 12.852857142857143 0.85 0.5800000000000003
1.0 0.03290129611166501 12.852857142857143 0.825 0.5900000000000003
1.0 0.03290129611166501 12.852857142857143 0.825 0.6000000000000003
1.0 0.03290129611166501 12.852857142857143 0.825 0.6100000000000003
1.0 0.031904287138584245 12.852857142857143 0.8 0.6200000000000003
1.0 0.03090727816550349 12.852857142857143 0.775 0.6300000000000003
1.0 0.03090727816550349 12.852857142857143 0.775 0.6400000000000003
1.0 0.03090727816550349 12.852857142857143 0.775 0.6500000000000004
1.0 0.02991026919242273 12.852857142857143 0.75 0.6600000000000004
1.0 0.027916251246261216 12.852857142857143 0.7 0.6700000000000004
1.0 0.027916251246261216 12.852857142857143 0.7 0.6800000000000004
1.0 0.026919242273180457 12.852857142857143 0.675 0.6900000000000004
1.0 0.0259222333000997 12.852857142857143 0.65 0.7000000000000004
1.0 0.0259222333000997 12.852857142857143 0.65 0.7100000000000004
1.0 0.0259222333000997 12.852857142857143 0.65 0.7200000000000004
1.0 0.0259222333000997 12.852857142857143 0.65 0.7300000000000004
1.0 0.0259222333000997 12.852857142857143 0.65 0.7400000000000004
1.0 0.024925224327018942 12.852857142857143 0.625 0.7500000000000004
1.0 0.023928215353938187 12.852857142857143 0.6 0.7600000000000005
1.0 0.023928215353938187 12.852857142857143 0.6 0.7700000000000005
1.0 0.023928215353938187 12.852857142857143 0.6 0.7800000000000005
1.0 0.022931206380857428 12.852857142857143 0.575 0.7900000000000005
1.0 0.02193419740777667 12.852857142857143 0.55 0.8000000000000005
1.0 0.020937188434695914 12.852857142857143 0.525 0.8100000000000005
1.0 0.020937188434695914 12.852857142857143 0.525 0.8200000000000005
1.0 0.020937188434695914 12.852857142857143 0.525 0.8300000000000005
1.0 0.020937188434695914 12.852857142857143 0.525 0.8400000000000005
1.0 0.020937188434695914 12.852857142857143 0.525 0.8500000000000005
1.0 0.020937188434695914 12.852857142857143 0.525 0.8600000000000005
1.0 0.020937188434695914 12.852857142857143 0.525 0.8700000000000006
1.0 0.020937188434695914 12.852857142857143 0.525 0.8800000000000006
1.0 0.019940179461615155 12.852857142857143 0.5 0.8900000000000006
1.0 0.019940179461615155 12.852857142857143 0.5 0.9000000000000006
1.0 0.019940179461615155 12.852857142857143 0.5 0.9100000000000006
1.0 0.019940179461615155 12.852857142857143 0.5 0.9200000000000006
1.0 0.019940179461615155 12.852857142857143 0.5 0.9300000000000006
0.999888851839502 0.019940179461615155 12.851428571428572 0.5 0.9400000000000006
0.9996665555185061 0.019940179461615155 12.848571428571429 0.5 0.9500000000000006
0.9996665555185061 0.019940179461615155 12.848571428571429 0.5 0.9600000000000006
0.9995554073580082 0.019940179461615155 12.847142857142858 0.5 0.9700000000000006
0.9992219628765144 0.019940179461615155 12.842857142857143 0.5 0.9800000000000006
0.9983327775925308 0.019940179461615155 12.831428571428571 0.5 0.9900000000000007
0.0 0.0 0.0 0.0
