1.0 1.0 17.994 25.075 0.0
1.0 0.8404785643070788 17.994 21.075 0.01
1.0 0.7228315054835494 17.994 18.125 0.02
1.0 0.6689930209371885 17.994 16.775 0.03
1.0 0.6370887337986042 17.994 15.975 0.04
1.0 0.6001994017946162 17.994 15.05 0.05
1.0 0.5573280159521435 17.994 13.975 0.060000000000000005
1.0 0.5573280159521435 17.994 13.975 0.07
1.0 0.5413758723828515 17.994 13.575 0.08
1.0 0.522432701894317 17.994 13.1 0.09
1.0 0.5024925224327019 17.994 12.6 0.09999999999999999
1.0 0.4885343968095713 17.994 12.25 0.10999999999999999
1.0 0.48055832502492524 17.994 12.05 0.11999999999999998
1.0 0.47258225324027914 17.994 11.85 0.12999999999999998
1.0 0.4646061814556331 17.994 11.65 0.13999999999999999
1.0 0.4506480558325025 17.994 11.3 0.15
1.0 0.4406779661016949 17.994 11.05 0.16
1.0 0.43469591226321036 17.994 10.9 0.17
1.0 0.4267198404785643 17.994 10.7 0.18000000000000002
1.0 0.41774675972083747 17.994 10.475 0.19000000000000003
1.0 0.4107676969092722 17.994 10.3 0.20000000000000004
1.0 0.4077766699900299 17.994 10.225 0.21000000000000005
1.0 0.4037886340977069 17.994 10.125 0.22000000000000006
1.0 0.39780658025922233 17.994 9.975 0.23000000000000007
1.0 0.3918245264207378 17.994 9.825 0.24000000000000007
1.0 0.3848454636091725 17.994 9.65 0.25000000000000006
1.0 0.3818544366899302 17.994 9.575 0.26000000000000006
1.0 0.37387836490528414 17.994 9.375 0.2700000000000001
1.0 0.3708873379860419 17.994 9.3 0.2800000000000001
1.0 0.3678963110667996 17.994 9.225 0.2900000000000001
1.0 0.36390827517447655 17.994 9.125 0.3000000000000001
1.0 0.3629112662013958 17.994 9.1 0.3100000000000001
1.0 0.3609172482552343 17.994 9.05 0.3200000000000001
1.0 0.35194416749750745 17.994 8.825 0.3300000000000001
1.0 0.3469591226321037 17.994 8.7 0.34000000000000014
1.0 0.34496510468594216 17.994 8.65 0.35000000000000014
1.0 0.34297108673978066 17.994 8.6 0.36000000000000015
1.0 0.3389830508474576 17.994 8.5 0.37000000000000016
1.0 0.3369890329012961 17.994 8.45 0.38000000000000017
1.0 0.3320039880358923 17.994 8.325 0.3900000000000002
1.0 0.325024925224327 17.994 8.15 0.4000000000000002
1.0 0.32103688933200397 17.994 8.05 0.4100000000000002
1.0 0.3160518444666002 17.994 7.925 0.4200000000000002
1.0 0.3140578265204387 17.994 7.875 0.4300000000000002
1.0 0.3090727816550349 17.994 7.75 0.4400000000000002
1.0 0.3050847457627119 17.994 7.65 0.45000000000000023
1.0 0.3000997008973081 17.994 7.525 0.46000000000000024
1.0 0.2951146560319043 17.994 7.4 0.47000000000000025
1.0 0.28913260219341974 17.994 7.25 0.48000000000000026
1.0 0.2831505483549352 17.994 7.1 0.49000000000000027
1.0 0.28015952143569295 17.994 7.025 0.5000000000000002
1.0 0.27517447657028915 17.994 6.9 0.5100000000000002
1.0 0.2691924227318046 17.994 6.75 0.5200000000000002
1.0 0.2612163509471585 17.994 6.55 0.5300000000000002
1.0 0.25822532402791626 17.994 6.475 0.5400000000000003
1.0 0.2542372881355932 17.994 6.375 0.5500000000000003
1.0 0.2502492522432702 17.994 6.275 0.5600000000000003
1.0 0.24925224327018944 17.994 6.25 0.5700000000000003
1.0 0.24626121635094717 17.994 6.175 0.5800000000000003
1.0 0.2432701894317049 17.994 6.1 0.5900000000000003
1.0 0.24127617148554337 17.994 6.05 0.6000000000000003
1.0 0.23728813559322035 17.994 5.95 0.6100000000000003
1.0 0.23529411764705882 17.994 5.9 0.6200000000000003
1.0 0.23429710867397807 17.994 5.875 0.6300000000000003
1.0 0.23230309072781655 17.994 5.825 0.6400000000000003
1.0 0.23030907278165502 17.994 5.775 0.6500000000000004
1.0 0.22532402791625125 17.994 5.65 0.6600000000000004
1.0 0.22233300099700898 17.994 5.575 0.6700000000000004
1.0 0.21834496510468593 17.994 5.475 0.6800000000000004
1.0 0.21834496510468593 17.994 5.475 0.6900000000000004
1.0 0.21535393818544366 17.994 5.4 0.7000000000000004
1.0 0.2123629112662014 17.994 5.325 0.7100000000000004
1.0 0.20638085742771686 17.994 5.175 0.7200000000000004
1.0 0.20039880358923232 17.994 5.025 0.7300000000000004
1.0 0.19940179461615154 17.994 5.0 0.7400000000000004
1.0 0.1984047856430708 17.994 4.975 0.7500000000000004
1.0 0.19441674975074777 17.994 4.875 0.7600000000000005
1.0 0.19242273180458624 17.994 4.825 0.7700000000000005
1.0 0.18245264207377868 17.994 4.575 0.7800000000000005
1.0 0.1744765702891326 17.994 4.375 0.7900000000000005
1.0 0.16849451645064806 17.994 4.225 0.8000000000000005
1.0 0.16550348953140578 17.994 4.15 0.8100000000000005
1.0 0.16151545363908276 17.994 4.05 0.8200000000000005
1.0 0.15653040877367896 17.994 3.925 0.8300000000000005
1.0 0.15453639082751744 17.994 3.875 0.8400000000000005
1.0 0.15254237288135594 17.994 3.825 0.8500000000000005
0.999888851839502 0.1485543369890329 17.992 3.725 0.8600000000000005
0.999888851839502 0.14057826520438685 17.992 3.525 0.8700000000000006
0.9997777036790041 0.13559322033898305 17.99 3.4 0.8800000000000006
0.9996665555185061 0.13160518444666003 17.988 3.3 0.8900000000000006
0.9995554073580082 0.12761714855433698 17.986 3.2 0.9000000000000006
0.9993331110370124 0.12063808574277168 17.982 3.025 0.9100000000000006
0.9991108147160165 0.11764705882352941 17.978 2.95 0.9200000000000006
0.9988885183950206 0.1106679960119641 17.974 2.775 0.9300000000000006
0.9984439257530288 0.10069790628115653 17.966 2.525 0.9400000000000006
0.9979993331110371 0.09272183449651047 17.958 2.325 0.9500000000000006
0.9976658886295432 0.08673978065802593 17.952 2.175 0.9600000000000006
0.9968878515060575 0.08075772681954138 17.938 2.025 0.9700000000000006
0.9952206290985884 0.06979062811565304 17.908 1.75 0.9800000000000006
0.9889963321107036 0.045862412761714856 17.796 1.15 0.9900000000000007
0.0 0.0 0.0 0.0
