1.0 1.0 14.995 200.6 0.0
1.0 0.6849451645064806 14.995 137.4 0.01
1.0 0.5314057826520439 14.995 106.6 0.02
1.0 0.45164506480558325 14.995 90.6 0.03
1.0 0.39980059820538383 14.995 80.2 0.04
1.0 0.3589232303090728 14.995 72.0 0.05
1.0 0.29112662013958124 14.995 58.4 0.060000000000000005
1.0 0.29112662013958124 14.995 58.4 0.07
1.0 0.26819541375872386 14.995 53.8 0.08
1.0 0.2502492522432702 14.995 50.2 0.09
1.0 0.24127617148554337 14.995 48.4 0.09999999999999999
1.0 0.2333000997008973 14.995 46.8 0.10999999999999999
1.0 0.21734795613160518 14.995 43.6 0.11999999999999998
1.0 0.2123629112662014 14.995 42.6 0.12999999999999998
1.0 0.20139581256231306 14.995 40.4 0.13999999999999999
1.0 0.1914257228315055 14.995 38.4 0.15
1.0 0.1794616151545364 14.995 36.0 0.16
1.0 0.17547357926221335 14.995 35.2 0.17
1.0 0.1575274177467597 14.995 31.6 0.18000000000000002
1.0 0.14456630109670987 14.995 29.0 0.19000000000000003
1.0 0.1345962113659023 14.995 27.0 0.20000000000000004
1.0 0.12761714855433698 14.995 25.6 0.21000000000000005
1.0 0.12562313060817548 14.995 25.2 0.22000000000000006
1.0 0.12063808574277168 14.995 24.2 0.23000000000000007
1.0 0.11864406779661017 14.995 23.8 0.24000000000000007
1.0 0.1156530408773679 14.995 23.2 0.25000000000000006
1.0 0.11365902293120637 14.995 22.8 0.26000000000000006
1.0 0.11166500498504486 14.995 22.4 0.2700000000000001
1.0 0.1106679960119641 14.995 22.2 0.2800000000000001
1.0 0.1106679960119641 14.995 22.2 0.2900000000000001
1.0 0.10468594217347957 14.995 21.0 0.3000000000000001
1.0 0.1016949152542373 14.995 20.4 0.3100000000000001
1.0 0.09571286141575275 14.995 19.2 0.3200000000000001
1.0 0.09371884346959122 14.995 18.8 0.3300000000000001
1.0 0.0897308075772682 14.995 18.0 0.34000000000000014
1.0 0.08773678963110668 14.995 17.6 0.35000000000000014
1.0 0.08275174476570289 14.995 16.6 0.36000000000000015
1.0 0.07776669990029911 14.995 15.6 0.37000000000000016
1.0 0.07178464606181456 14.995 14.4 0.38000000000000017
1.0 0.06879361914257229 14.995 13.8 0.3900000000000002
1.0 0.05982053838484546 14.995 12.0 0.4000000000000002
1.0 0.053838484546360914 14.995 10.8 0.4100000000000002
1.0 0.0518444666001994 14.995 10.4 0.4200000000000002
1.0 0.047856430707876374 14.995 9.6 0.4300000000000002
1.0 0.04685942173479561 14.995 9.4 0.4400000000000002
1.0 0.04386839481555334 14.995 8.8 0.45000000000000023
1.0 0.04287138584247258 14.995 8.6 0.46000000000000024
1.0 0.03988035892323031 14.995 8.0 0.47000000000000025
1.0 0.03988035892323031 14.995 8.0 0.48000000000000026
1.0 0.038883349950149554 14.995 7.8 0.49000000000000027
1.0 0.038883349950149554 14.995 7.8 0.5000000000000002
1.0 0.03788634097706879 14.995 7.6 0.5100000000000002
1.0 0.036889332003988036 14.995 7.4 0.5200000000000002
1.0 0.036889332003988036 14.995 7.4 0.5300000000000002
1.0 0.036889332003988036 14.995 7.4 0.5400000000000003
1.0 0.03489531405782652 14.995 7.0 0.5500000000000003
1.0 0.03389830508474576 14.995 6.8 0.5600000000000003
1.0 0.03389830508474576 14.995 6.8 0.5700000000000003
1.0 0.03389830508474576 14.995 6.8 0.5800000000000003
1.0 0.031904287138584245 14.995 6.4 0.5900000000000003
1.0 0.03090727816550349 14.995 6.2 0.6000000000000003
1.0 0.03090727816550349 14.995 6.2 0.6100000000000003
1.0 0.03090727816550349 14.995 6.2 0.6200000000000003
1.0 0.03090727816550349 14.995 6.2 0.6300000000000003
1.0 0.03090727816550349 14.995 6.2 0.6400000000000003
1.0 0.028913260219341975 14.995 5.8 0.6500000000000004
1.0 0.02193419740777667 14.995 4.4 0.6600000000000004
1.0 0.02193419740777667 14.995 4.4 0.6700000000000004
1.0 0.02193419740777667 14.995 4.4 0.6800000000000004
1.0 0.019940179461615155 14.995 4.0 0.6900000000000004
1.0 0.01794616151545364 14.995 3.6 0.7000000000000004
1.0 0.01794616151545364 14.995 3.6 0.7100000000000004
1.0 0.015952143569292122 14.995 3.2 0.7200000000000004
1.0 0.015952143569292122 14.995 3.2 0.7300000000000004
1.0 0.010967098703888335 14.995 2.2 0.7400000000000004
1.0 0.005982053838484547 14.995 1.2 0.7500000000000004
1.0 0.004985044865403789 14.995 1.0 0.7600000000000005
1.0 0.003988035892323031 14.995 0.8 0.7700000000000005
1.0 0.0029910269192422734 14.995 0.6 0.7800000000000005
1.0 0.0029910269192422734 14.995 0.6 0.7900000000000005
1.0 0.0029910269192422734 14.995 0.6 0.8000000000000005
1.0 0.0019940179461615153 14.995 0.4 0.8100000000000005
1.0 0.0019940179461615153 14.995 0.4 0.8200000000000005
1.0 0.0019940179461615153 14.995 0.4 0.8300000000000005
1.0 0.0019940179461615153 14.995 0.4 0.8400000000000005
1.0 0.0019940179461615153 14.995 0.4 0.8500000000000005
1.0 0.0019940179461615153 14.995 0.4 0.8600000000000005
1.0 0.0019940179461615153 14.995 0.4 0.8700000000000006
1.0 0.0019940179461615153 14.995 0.4 0.8800000000000006
1.0 0.0019940179461615153 14.995 0.4 0.8900000000000006
0.9996665555185061 0.0019940179461615153 14.99 0.4 0.9000000000000006
0.9995554073580082 9.970089730807576E-4 14.988333333333333 0.2 0.9100000000000006
0.9992219628765144 0.0 14.983333333333333 0.0 0.9200000000000006
0.9989996665555185 0.0 14.98 0.0 0.9300000000000006
0.9989996665555185 0.0 14.98 0.0 0.9400000000000006
0.9987773702345226 0.0 14.976666666666667 0.0 0.9500000000000006
0.9984439257530288 0.0 14.971666666666666 0.0 0.9600000000000006
0.9974435923085473 0.0 14.956666666666667 0.0 0.9700000000000006
0.9965544070245638 0.0 14.943333333333333 0.0 0.9800000000000006
0.991997332444148 0.0 14.875 0.0 0.9900000000000007
0.0 0.0 0.0 0.0
