1.0 1.0 89.97 200.6 0.0
1.0 1.0 89.97 200.6 0.01
1.0 1.0 89.97 200.6 0.02
1.0 1.0 89.97 200.6 0.03
1.0 0.9990029910269193 89.97 200.4 0.04
1.0 0.9990029910269193 89.97 200.4 0.05
1.0 0.9980059820538385 89.97 200.2 0.060000000000000005
1.0 0.9980059820538385 89.97 200.2 0.07
1.0 0.9980059820538385 89.97 200.2 0.08
1.0 0.9980059820538385 89.97 200.2 0.09
1.0 0.996011964107677 89.97 199.8 0.09999999999999999
1.0 0.996011964107677 89.97 199.8 0.10999999999999999
1.0 0.9940179461615155 89.97 199.4 0.11999999999999998
1.0 0.9930209371884346 89.97 199.2 0.12999999999999998
1.0 0.9910269192422732 89.97 198.8 0.13999999999999999
1.0 0.9900299102691924 89.97 198.6 0.15
1.0 0.9890329012961117 89.97 198.4 0.16
1.0 0.9880358923230309 89.97 198.2 0.17
1.0 0.9810568295114656 89.97 196.8 0.18000000000000002
1.0 0.9770687936191426 89.97 196.0 0.19000000000000003
1.0 0.9750747756729811 89.97 195.6 0.20000000000000004
1.0 0.9730807577268196 89.97 195.2 0.21000000000000005
1.0 0.9720837487537388 89.97 195.0 0.22000000000000006
1.0 0.9720837487537388 89.97 195.0 0.23000000000000007
1.0 0.9700897308075773 89.97 194.6 0.24000000000000007
1.0 0.9700897308075773 89.97 194.6 0.25000000000000006
1.0 0.9700897308075773 89.97 194.6 0.26000000000000006
1.0 0.9661016949152542 89.97 193.8 0.2700000000000001
1.0 0.9651046859421735 89.97 193.6 0.2800000000000001
1.0 0.9641076769690927 89.97 193.4 0.2900000000000001
1.0 0.9641076769690927 89.97 193.4 0.3000000000000001
1.0 0.9611166500498505 89.97 192.8 0.3100000000000001
1.0 0.9561316051844466 89.97 191.8 0.3200000000000001
1.0 0.9521435692921236 89.97 191.0 0.3300000000000001
1.0 0.9491525423728814 89.97 190.4 0.34000000000000014
1.0 0.9461615154536391 89.97 189.8 0.35000000000000014
1.0 0.9411764705882353 89.97 188.8 0.36000000000000015
1.0 0.9361914257228315 89.97 187.8 0.37000000000000016
1.0 0.9361914257228315 89.97 187.8 0.38000000000000017
1.0 0.9312063808574277 89.97 186.8 0.3900000000000002
1.0 0.9232303090727817 89.97 185.2 0.4000000000000002
1.0 0.9132602193419741 89.97 183.2 0.4100000000000002
1.0 0.8993020937188435 89.97 180.4 0.4200000000000002
1.0 0.8913260219341974 89.97 178.8 0.4300000000000002
1.0 0.8863409770687937 89.97 177.8 0.4400000000000002
1.0 0.8753738783649053 89.97 175.6 0.45000000000000023
1.0 0.872382851445663 89.97 175.0 0.46000000000000024
1.0 0.864406779661017 89.97 173.4 0.47000000000000025
1.0 0.8564307078763709 89.97 171.8 0.48000000000000026
1.0 0.8504486540378864 89.97 170.6 0.49000000000000027
1.0 0.8484546360917248 89.97 170.2 0.5000000000000002
1.0 0.843469591226321 89.97 169.2 0.5100000000000002
1.0 0.8424725822532403 89.97 169.0 0.5200000000000002
1.0 0.8404785643070788 89.97 168.6 0.5300000000000002
1.0 0.8384845463609173 89.97 168.2 0.5400000000000003
1.0 0.8344965104685942 89.97 167.4 0.5500000000000003
1.0 0.8334995014955134 89.97 167.2 0.5600000000000003
1.0 0.8334995014955134 89.97 167.2 0.5700000000000003
1.0 0.8295114656031904 89.97 166.4 0.5800000000000003
1.0 0.8265204386839482 89.97 165.8 0.5900000000000003
1.0 0.8215353938185443 89.97 164.8 0.6000000000000003
1.0 0.8135593220338984 89.97 163.2 0.6100000000000003
1.0 0.8085742771684945 89.97 162.2 0.6200000000000003
1.0 0.80259222333001 89.97 161.0 0.6300000000000003
1.0 0.7936191425722832 89.97 159.2 0.6400000000000003
1.0 0.7806580259222333 89.97 156.6 0.6500000000000004
1.0 0.7666999002991027 89.97 153.8 0.6600000000000004
1.0 0.752741774675972 89.97 151.0 0.6700000000000004
1.0 0.7377866400797607 89.97 148.0 0.6800000000000004
1.0 0.7138584247258225 89.97 143.2 0.6900000000000004
1.0 0.6889332003988036 89.97 138.2 0.7000000000000004
1.0 0.6620139581256231 89.97 132.8 0.7100000000000004
1.0 0.6291126620139581 89.97 126.2 0.7200000000000004
1.0 0.5992023928215354 89.97 120.2 0.7300000000000004
1.0 0.5663010967098704 89.97 113.6 0.7400000000000004
1.0 0.5423728813559322 89.97 108.8 0.7500000000000004
1.0 0.5214356929212363 89.97 104.6 0.7600000000000005
0.999888851839502 0.5054835493519442 89.96 101.4 0.7700000000000005
0.999888851839502 0.49252243270189433 89.96 98.8 0.7800000000000005
0.9997777036790041 0.4865403788634098 89.95 97.6 0.7900000000000005
0.9994442591975102 0.4765702891326022 89.92 95.6 0.8000000000000005
0.998110481271535 0.46560319042871384 89.8 93.4 0.8100000000000005
0.995887518061576 0.4556331006979063 89.6 91.4 0.8200000000000005
0.99188618428365 0.4436689930209372 89.24 89.0 0.8300000000000005
0.986106479937757 0.4317048853439681 88.72 86.6 0.8400000000000005
0.97621429365344 0.4037886340977069 87.83 81.0 0.8500000000000005
0.96054240302323 0.37387836490528414 86.42 75.0 0.8600000000000005
0.9353117705901968 0.3320039880358923 84.15 66.6 0.8700000000000006
0.9001889518728465 0.2931206380857428 80.99 58.8 0.8800000000000006
0.8607313548960764 0.24426719840478564 77.44 49.0 0.8900000000000006
0.8186062020673558 0.18544366899302095 73.65 37.2 0.9000000000000006
0.7715905301767255 0.12362911266201396 69.42 24.8 0.9100000000000006
0.7325775258419474 0.07876370887337986 65.91 15.8 0.9200000000000006
0.7009003001000333 0.0448654037886341 63.06 9.0 0.9300000000000006
0.6704457041235967 0.023928215353938187 60.32 4.8 0.9400000000000006
0.648327220184506 0.011964107676969093 58.33 2.4 0.9500000000000006
0.6259864399244193 0.0019940179461615153 56.32 0.4 0.9600000000000006
0.5956429921084806 9.970089730807576E-4 53.59 0.2 0.9700000000000006
0.5445148382794265 0.0 48.99 0.0 0.9800000000000006
0.42336334333666775 0.0 38.09 0.0 0.9900000000000007
0.0 0.0 0.0 0.0
