1.0 1.0 22.4925 50.15 0.0
1.0 0.938185443668993 22.4925 47.05 0.01
1.0 0.8664007976071785 22.4925 43.45 0.02
1.0 0.8195413758723828 22.4925 41.1 0.03
1.0 0.7846460618145563 22.4925 39.35 0.04
1.0 0.748753738783649 22.4925 37.55 0.05
1.0 0.6849451645064806 22.4925 34.35 0.060000000000000005
1.0 0.6849451645064806 22.4925 34.35 0.07
1.0 0.6620139581256231 22.4925 33.2 0.08
1.0 0.6470588235294118 22.4925 32.45 0.09
1.0 0.6271186440677966 22.4925 31.45 0.09999999999999999
1.0 0.6101694915254238 22.4925 30.6 0.10999999999999999
1.0 0.6001994017946162 22.4925 30.1 0.11999999999999998
1.0 0.5832502492522432 22.4925 29.25 0.12999999999999998
1.0 0.5663010967098704 22.4925 28.4 0.13999999999999999
1.0 0.53938185443669 22.4925 27.05 0.15
1.0 0.5164506480558325 22.4925 25.9 0.16
1.0 0.4995014955134596 22.4925 25.05 0.17
1.0 0.47058823529411764 22.4925 23.6 0.18000000000000002
1.0 0.46061814556331004 22.4925 23.1 0.19000000000000003
1.0 0.44666001994017945 22.4925 22.4 0.20000000000000004
1.0 0.43469591226321036 22.4925 21.8 0.21000000000000005
1.0 0.4287138584247258 22.4925 21.5 0.22000000000000006
1.0 0.4187437686939183 22.4925 21.0 0.23000000000000007
1.0 0.4127617148554337 22.4925 20.7 0.24000000000000007
1.0 0.4057826520438684 22.4925 20.35 0.25000000000000006
1.0 0.40079760717846463 22.4925 20.1 0.26000000000000006
1.0 0.3938185443668993 22.4925 19.75 0.2700000000000001
1.0 0.38783649052841473 22.4925 19.45 0.2800000000000001
1.0 0.38085742771684944 22.4925 19.1 0.2900000000000001
1.0 0.36889332003988035 22.4925 18.5 0.3000000000000001
1.0 0.35992023928215355 22.4925 18.05 0.3100000000000001
1.0 0.3489531405782652 22.4925 17.5 0.3200000000000001
1.0 0.3339980059820538 22.4925 16.75 0.3300000000000001
1.0 0.3240279162512463 22.4925 16.25 0.34000000000000014
1.0 0.3160518444666002 22.4925 15.85 0.35000000000000014
1.0 0.30608175473579263 22.4925 15.35 0.36000000000000015
1.0 0.29910269192422734 22.4925 15.0 0.37000000000000016
1.0 0.2831505483549352 22.4925 14.2 0.38000000000000017
1.0 0.2731804586241276 22.4925 13.7 0.3900000000000002
1.0 0.2612163509471585 22.4925 13.1 0.4000000000000002
1.0 0.2542372881355932 22.4925 12.75 0.4100000000000002
1.0 0.2432701894317049 22.4925 12.2 0.4200000000000002
1.0 0.22831505483549352 22.4925 11.45 0.4300000000000002
1.0 0.22033898305084745 22.4925 11.05 0.4400000000000002
1.0 0.21535393818544366 22.4925 10.8 0.45000000000000023
1.0 0.20937188434695914 22.4925 10.5 0.46000000000000024
1.0 0.20438683948155534 22.4925 10.25 0.47000000000000025
1.0 0.20139581256231306 22.4925 10.1 0.48000000000000026
1.0 0.19740777666999004 22.4925 9.9 0.49000000000000027
1.0 0.18943170488534397 22.4925 9.5 0.5000000000000002
1.0 0.18743768693918245 22.4925 9.4 0.5100000000000002
1.0 0.18544366899302095 22.4925 9.3 0.5200000000000002
1.0 0.18245264207377868 22.4925 9.15 0.5300000000000002
1.0 0.1794616151545364 22.4925 9.0 0.5400000000000003
1.0 0.17647058823529413 22.4925 8.85 0.5500000000000003
1.0 0.17647058823529413 22.4925 8.85 0.5600000000000003
1.0 0.17347956131605186 22.4925 8.7 0.5700000000000003
1.0 0.1694915254237288 22.4925 8.5 0.5800000000000003
1.0 0.16450648055832504 22.4925 8.25 0.5900000000000003
1.0 0.15653040877367896 22.4925 7.85 0.6000000000000003
1.0 0.15154536390827517 22.4925 7.6 0.6100000000000003
1.0 0.14955134596211367 22.4925 7.5 0.6200000000000003
1.0 0.14755732801595214 22.4925 7.4 0.6300000000000003
1.0 0.13958125623130607 22.4925 7.0 0.6400000000000003
1.0 0.13359920239282153 22.4925 6.7 0.6500000000000004
1.0 0.12761714855433698 22.4925 6.4 0.6600000000000004
1.0 0.12063808574277168 22.4925 6.05 0.6700000000000004
1.0 0.11266201395812563 22.4925 5.65 0.6800000000000004
1.0 0.10269192422731804 22.4925 5.15 0.6900000000000004
1.0 0.09371884346959122 22.4925 4.7 0.7000000000000004
1.0 0.0897308075772682 22.4925 4.5 0.7100000000000004
1.0 0.07676969092721835 22.4925 3.85 0.7200000000000004
1.0 0.06679960119641076 22.4925 3.35 0.7300000000000004
1.0 0.05782652043868395 22.4925 2.9 0.7400000000000004
1.0 0.05284147557328016 22.4925 2.65 0.7500000000000004
1.0 0.04685942173479561 22.4925 2.35 0.7600000000000005
1.0 0.045862412761714856 22.4925 2.3 0.7700000000000005
0.999888851839502 0.040877367896311065 22.49 2.05 0.7800000000000005
0.999888851839502 0.03788634097706879 22.49 1.9 0.7900000000000005
0.999888851839502 0.03788634097706879 22.49 1.9 0.8000000000000005
0.999888851839502 0.03489531405782652 22.49 1.75 0.8100000000000005
0.999888851839502 0.03389830508474576 22.49 1.7 0.8200000000000005
0.999888851839502 0.031904287138584245 22.49 1.6 0.8300000000000005
0.999888851839502 0.027916251246261216 22.49 1.4 0.8400000000000005
0.9997777036790041 0.024925224327018942 22.4875 1.25 0.8500000000000005
0.9996665555185061 0.019940179461615155 22.485 1.0 0.8600000000000005
0.9991108147160165 0.015952143569292122 22.4725 0.8 0.8700000000000006
0.9983327775925308 0.01296111665004985 22.455 0.65 0.8800000000000006
0.9972212959875514 0.007976071784646061 22.43 0.4 0.8900000000000006
0.9966655551850617 0.003988035892323031 22.4175 0.2 0.9000000000000006
0.9948871846170946 9.970089730807576E-4 22.3775 0.05 0.9100000000000006
0.9938868511726131 0.0 22.355 0.0 0.9200000000000006
0.9927753695676337 0.0 22.33 0.0 0.9300000000000006
0.9911081471601645 0.0 22.2925 0.0 0.9400000000000006
0.9888851839502056 0.0 22.2425 0.0 0.9500000000000006
0.9857730354562632 0.0 22.1725 0.0 0.9600000000000006
0.9807713682338557 0.0 22.06 0.0 0.9700000000000006
0.9726575525175059 0.0 21.8775 0.0 0.9800000000000006
0.942869845504057 0.0 21.2075 0.0 0.9900000000000007
0.0 0.0 0.0 0.0
