1.0 1.0 17.994 33.43333333333333 0.0
1.0 0.8843469591226321 17.994 29.566666666666666 0.01
1.0 0.7986041874376869 17.994 26.7 0.02
1.0 0.7427716849451645 17.994 24.833333333333332 0.03
1.0 0.7088733798604188 17.994 23.7 0.04
1.0 0.6739780658025922 17.994 22.533333333333335 0.05
1.0 0.617148554336989 17.994 20.633333333333333 0.060000000000000005
1.0 0.617148554336989 17.994 20.633333333333333 0.07
1.0 0.5972083748753739 17.994 19.966666666666665 0.08
1.0 0.5722831505483549 17.994 19.133333333333333 0.09
1.0 0.5533399800598205 17.994 18.5 0.09999999999999999
1.0 0.5373878364905285 17.994 17.966666666666665 0.10999999999999999
1.0 0.5194416749750748 17.994 17.366666666666667 0.11999999999999998
1.0 0.5084745762711864 17.994 17.0 0.12999999999999998
1.0 0.4905284147557328 17.994 16.4 0.13999999999999999
1.0 0.4795613160518445 17.994 16.033333333333335 0.15
1.0 0.46560319042871384 17.994 15.566666666666666 0.16
1.0 0.4546360917248255 17.994 15.2 0.17
1.0 0.42572283150548357 17.994 14.233333333333333 0.18000000000000002
1.0 0.4087736789631107 17.994 13.666666666666666 0.19000000000000003
1.0 0.3938185443668993 17.994 13.166666666666666 0.20000000000000004
1.0 0.386839481555334 17.994 12.933333333333334 0.21000000000000005
1.0 0.37886340977068794 17.994 12.666666666666666 0.22000000000000006
1.0 0.3748753738783649 17.994 12.533333333333333 0.23000000000000007
1.0 0.36689930209371885 17.994 12.266666666666667 0.24000000000000007
1.0 0.357926221335992 17.994 11.966666666666667 0.25000000000000006
1.0 0.3559322033898305 17.994 11.9 0.26000000000000006
1.0 0.3509471585244267 17.994 11.733333333333333 0.2700000000000001
1.0 0.34496510468594216 17.994 11.533333333333333 0.2800000000000001
1.0 0.34097706879361916 17.994 11.4 0.2900000000000001
1.0 0.3339980059820538 17.994 11.166666666666666 0.3000000000000001
1.0 0.32602193419740777 17.994 10.9 0.3100000000000001
1.0 0.317048853439681 17.994 10.6 0.3200000000000001
1.0 0.30608175473579263 17.994 10.233333333333333 0.3300000000000001
1.0 0.29910269192422734 17.994 10.0 0.34000000000000014
1.0 0.29411764705882354 17.994 9.833333333333334 0.35000000000000014
1.0 0.28614157527417744 17.994 9.566666666666666 0.36000000000000015
1.0 0.28215353938185445 17.994 9.433333333333334 0.37000000000000016
1.0 0.2731804586241276 17.994 9.133333333333333 0.38000000000000017
1.0 0.2642073778664008 17.994 8.833333333333334 0.3900000000000002
1.0 0.24825523429710866 17.994 8.3 0.4000000000000002
1.0 0.24027916251246262 17.994 8.033333333333333 0.4100000000000002
1.0 0.2313060817547358 17.994 7.733333333333333 0.4200000000000002
1.0 0.22233300099700898 17.994 7.433333333333334 0.4300000000000002
1.0 0.21535393818544366 17.994 7.2 0.4400000000000002
1.0 0.20837487537387836 17.994 6.966666666666667 0.45000000000000023
1.0 0.2023928215353938 17.994 6.766666666666667 0.46000000000000024
1.0 0.19740777666999004 17.994 6.6 0.47000000000000025
1.0 0.19042871385842472 17.994 6.366666666666666 0.48000000000000026
1.0 0.18544366899302095 17.994 6.2 0.49000000000000027
1.0 0.18245264207377868 17.994 6.1 0.5000000000000002
1.0 0.1794616151545364 17.994 6.0 0.5100000000000002
1.0 0.17547357926221335 17.994 5.866666666666666 0.5200000000000002
1.0 0.17347956131605186 17.994 5.8 0.5300000000000002
1.0 0.17148554336989033 17.994 5.733333333333333 0.5400000000000003
1.0 0.16849451645064806 17.994 5.633333333333334 0.5500000000000003
1.0 0.16350947158524426 17.994 5.466666666666667 0.5600000000000003
1.0 0.1625124626121635 17.994 5.433333333333334 0.5700000000000003
1.0 0.1585244267198405 17.994 5.3 0.5800000000000003
1.0 0.15553339980059822 17.994 5.2 0.5900000000000003
1.0 0.15154536390827517 17.994 5.066666666666666 0.6000000000000003
1.0 0.14456630109670987 17.994 4.833333333333333 0.6100000000000003
1.0 0.13858424725822532 17.994 4.633333333333334 0.6200000000000003
1.0 0.1365902293120638 17.994 4.566666666666666 0.6300000000000003
1.0 0.1296111665004985 17.994 4.333333333333333 0.6400000000000003
1.0 0.12362911266201396 17.994 4.133333333333334 0.6500000000000004
1.0 0.11864406779661017 17.994 3.966666666666667 0.6600000000000004
1.0 0.1106679960119641 17.994 3.7 0.6700000000000004
1.0 0.1036889332003988 17.994 3.466666666666667 0.6800000000000004
1.0 0.09770687936191426 17.994 3.2666666666666666 0.6900000000000004
1.0 0.0967098703888335 17.994 3.2333333333333334 0.7000000000000004
1.0 0.08773678963110668 17.994 2.933333333333333 0.7100000000000004
1.0 0.08374875373878365 17.994 2.8 0.7200000000000004
1.0 0.07577268195413758 17.994 2.533333333333333 0.7300000000000004
1.0 0.06979062811565304 17.994 2.3333333333333335 0.7400000000000004
1.0 0.06679960119641076 17.994 2.2333333333333334 0.7500000000000004
1.0 0.06580259222333001 17.994 2.2 0.7600000000000005
1.0 0.06380857427716849 17.994 2.1333333333333333 0.7700000000000005
1.0 0.06181455633100698 17.994 2.066666666666667 0.7800000000000005
1.0 0.05782652043868395 17.994 1.9333333333333333 0.7900000000000005
1.0 0.05284147557328016 17.994 1.7666666666666666 0.8000000000000005
1.0 0.05284147557328016 17.994 1.7666666666666666 0.8100000000000005
0.9997777036790041 0.05284147557328016 17.99 1.7666666666666666 0.8200000000000005
0.9997777036790041 0.0518444666001994 17.99 1.7333333333333334 0.8300000000000005
0.9996665555185061 0.047856430707876374 17.988 1.6 0.8400000000000005
0.9996665555185061 0.04287138584247258 17.988 1.4333333333333333 0.8500000000000005
0.9994442591975102 0.038883349950149554 17.984 1.3 0.8600000000000005
0.9989996665555185 0.036889332003988036 17.976 1.2333333333333334 0.8700000000000006
0.9985550739135267 0.03589232303090728 17.968 1.2 0.8800000000000006
0.9972212959875514 0.03090727816550349 17.944 1.0333333333333334 0.8900000000000006
0.9965544070245638 0.027916251246261216 17.932 0.9333333333333333 0.9000000000000006
0.9953317772590864 0.023928215353938187 17.91 0.8 0.9100000000000006
0.9944425919751028 0.02193419740777667 17.894 0.7333333333333333 0.9200000000000006
0.9936645548516172 0.018943170488534396 17.88 0.6333333333333333 0.9300000000000006
0.99188618428365 0.018943170488534396 17.848 0.6333333333333333 0.9400000000000006
0.9905524063576748 0.018943170488534396 17.824 0.6333333333333333 0.9500000000000006
0.9873291097032344 0.018943170488534396 17.766 0.6333333333333333 0.9600000000000006
0.9826608869623208 0.018943170488534396 17.682 0.6333333333333333 0.9700000000000006
0.9758808491719462 0.018943170488534396 17.56 0.6333333333333333 0.9800000000000006
0.9529843281093698 0.018943170488534396 17.148 0.6333333333333333 0.9900000000000007
0.0 0.0 0.0 0.0
