0 0.0  0 1 10000 9002.670000000026 0.9002670000000026
10 200.0  200 1.0 10000 9003.870000000028 0.9003870000000028
20 400.0  400 1.0 10000 9004.910000000018 0.9004910000000018
30 600.0  600 1.0 10000 9004.230000000023 0.9004230000000023
0 0.0  0 NaN 10000 9000.610000000017 0.9000610000000017
10 200.0  200 1.0 10000 9003.750000000025 0.9003750000000026
20 400.0  400 1.0 10000 9002.30000000002 0.900230000000002
30 600.0  600 1.0 10000 9002.37000000002 0.9002370000000021
0 0.0  0 NaN 10000 8999.990000000018 0.8999990000000018
5 100.0  100 1.0 10000 9002.04000000002 0.9002040000000021
10 200.0  200 1.0 10000 9004.460000000025 0.9004460000000024
15 300.0  300 1.0 10000 9000.570000000022 0.9000570000000021
20 400.0  400 1.0 10000 9004.950000000024 0.9004950000000025
25 500.0  500 1.0 10000 9003.270000000019 0.9003270000000019
30 600.0  600 1.0 10000 9003.170000000018 0.9003170000000018
35 700.0  700 1.0 10000 9004.50000000003 0.9004500000000029
40 800.0  800 1.0 10000 9001.090000000022 0.9001090000000022
45 900.0  900 1.0 10000 9003.760000000026 0.9003760000000026
50 1000.0  1000 1.0 10000 9005.370000000024 0.9005370000000025
