1.0 1.0 17.994 40.12 0.0
1.0 0.8145563310069791 17.994 32.68 0.01
1.0 0.6759720837487537 17.994 27.12 0.02
1.0 0.6081754735792622 17.994 24.4 0.03
1.0 0.5613160518444666 17.994 22.52 0.04
1.0 0.5244267198404786 17.994 21.04 0.05
1.0 0.4596211365902293 17.994 18.44 0.060000000000000005
1.0 0.4596211365902293 17.994 18.44 0.07
1.0 0.4406779661016949 17.994 17.68 0.08
1.0 0.419740777666999 17.994 16.84 0.09
1.0 0.39581256231306083 17.994 15.88 0.09999999999999999
1.0 0.37686939182452645 17.994 15.12 0.10999999999999999
1.0 0.3629112662013958 17.994 14.56 0.11999999999999998
1.0 0.3469591226321037 17.994 13.92 0.12999999999999998
1.0 0.33300099700897307 17.994 13.36 0.13999999999999999
1.0 0.3190428713858425 17.994 12.8 0.15
1.0 0.30807577268195413 17.994 12.36 0.16
1.0 0.2931206380857428 17.994 11.76 0.17
1.0 0.27218344965104685 17.994 10.92 0.18000000000000002
1.0 0.259222333000997 17.994 10.4 0.19000000000000003
1.0 0.2522432701894317 17.994 10.12 0.20000000000000004
1.0 0.2432701894317049 17.994 9.76 0.21000000000000005
1.0 0.23230309072781655 17.994 9.32 0.22000000000000006
1.0 0.22831505483549352 17.994 9.16 0.23000000000000007
1.0 0.22532402791625125 17.994 9.04 0.24000000000000007
1.0 0.2213359920239282 17.994 8.88 0.25000000000000006
1.0 0.21335992023928216 17.994 8.56 0.26000000000000006
1.0 0.2053838484546361 17.994 8.24 0.2700000000000001
1.0 0.20438683948155534 17.994 8.2 0.2800000000000001
1.0 0.19940179461615154 17.994 8.0 0.2900000000000001
1.0 0.19242273180458624 17.994 7.72 0.3000000000000001
1.0 0.18943170488534397 17.994 7.6 0.3100000000000001
1.0 0.1794616151545364 17.994 7.2 0.3200000000000001
1.0 0.17248255234297108 17.994 6.92 0.3300000000000001
1.0 0.1674975074775673 17.994 6.72 0.34000000000000014
1.0 0.16051844466600199 17.994 6.44 0.35000000000000014
1.0 0.15254237288135594 17.994 6.12 0.36000000000000015
1.0 0.1485543369890329 17.994 5.96 0.37000000000000016
1.0 0.14356929212362912 17.994 5.76 0.38000000000000017
1.0 0.13858424725822532 17.994 5.56 0.3900000000000002
1.0 0.12761714855433698 17.994 5.12 0.4000000000000002
1.0 0.11764705882352941 17.994 4.72 0.4100000000000002
1.0 0.11465603190428714 17.994 4.6 0.4200000000000002
1.0 0.11166500498504486 17.994 4.48 0.4300000000000002
1.0 0.10667996011964108 17.994 4.28 0.4400000000000002
1.0 0.09870388833499502 17.994 3.96 0.45000000000000023
1.0 0.09371884346959122 17.994 3.76 0.46000000000000024
1.0 0.0897308075772682 17.994 3.6 0.47000000000000025
1.0 0.08673978065802593 17.994 3.48 0.48000000000000026
1.0 0.08275174476570289 17.994 3.32 0.49000000000000027
1.0 0.07976071784646062 17.994 3.2 0.5000000000000002
1.0 0.07976071784646062 17.994 3.2 0.5100000000000002
1.0 0.07377866400797607 17.994 2.96 0.5200000000000002
1.0 0.07278165503489531 17.994 2.92 0.5300000000000002
1.0 0.07178464606181456 17.994 2.88 0.5400000000000003
1.0 0.06879361914257229 17.994 2.76 0.5500000000000003
1.0 0.06779661016949153 17.994 2.72 0.5600000000000003
1.0 0.06580259222333001 17.994 2.64 0.5700000000000003
1.0 0.06281156530408774 17.994 2.52 0.5800000000000003
1.0 0.06181455633100698 17.994 2.48 0.5900000000000003
1.0 0.05782652043868395 17.994 2.32 0.6000000000000003
1.0 0.05682951146560319 17.994 2.28 0.6100000000000003
1.0 0.05583250249252243 17.994 2.24 0.6200000000000003
1.0 0.05583250249252243 17.994 2.24 0.6300000000000003
1.0 0.0518444666001994 17.994 2.08 0.6400000000000003
1.0 0.047856430707876374 17.994 1.92 0.6500000000000004
1.0 0.0448654037886341 17.994 1.8 0.6600000000000004
1.0 0.04287138584247258 17.994 1.72 0.6700000000000004
1.0 0.040877367896311065 17.994 1.64 0.6800000000000004
1.0 0.03788634097706879 17.994 1.52 0.6900000000000004
1.0 0.03090727816550349 17.994 1.24 0.7000000000000004
1.0 0.0259222333000997 17.994 1.04 0.7100000000000004
1.0 0.024925224327018942 17.994 1.0 0.7200000000000004
1.0 0.022931206380857428 17.994 0.92 0.7300000000000004
1.0 0.020937188434695914 17.994 0.84 0.7400000000000004
1.0 0.019940179461615155 17.994 0.8 0.7500000000000004
1.0 0.01694915254237288 17.994 0.68 0.7600000000000005
1.0 0.013958125623130608 17.994 0.56 0.7700000000000005
1.0 0.013958125623130608 17.994 0.56 0.7800000000000005
1.0 0.01296111665004985 17.994 0.52 0.7900000000000005
1.0 0.009970089730807577 17.994 0.4 0.8000000000000005
1.0 0.009970089730807577 17.994 0.4 0.8100000000000005
0.999888851839502 0.009970089730807577 17.992 0.4 0.8200000000000005
0.999888851839502 0.009970089730807577 17.992 0.4 0.8300000000000005
0.999888851839502 0.009970089730807577 17.992 0.4 0.8400000000000005
0.9995554073580082 0.00897308075772682 17.986 0.36 0.8500000000000005
0.9992219628765144 0.007976071784646061 17.98 0.32 0.8600000000000005
0.9991108147160165 0.006979062811565304 17.978 0.28 0.8700000000000006
0.9989996665555185 0.005982053838484547 17.976 0.24 0.8800000000000006
0.9983327775925308 0.004985044865403789 17.964 0.2 0.8900000000000006
0.9978881849505391 0.004985044865403789 17.956 0.2 0.9000000000000006
0.9977770367900411 0.0029910269192422734 17.954 0.12 0.9100000000000006
0.9971101478270534 9.970089730807576E-4 17.942 0.04 0.9200000000000006
0.9967767033455597 0.0 17.936 0.0 0.9300000000000006
0.9962209625430699 0.0 17.926 0.0 0.9400000000000006
0.9954429254195843 0.0 17.912 0.0 0.9500000000000006
0.9943314438146049 0.0 17.892 0.0 0.9600000000000006
0.9922196287651439 0.0 17.854 0.0 0.9700000000000006
0.9872179615427364 0.0 17.764 0.0 0.9800000000000006
0.9747693675669667 0.0 17.54 0.0 0.9900000000000007
0.0 0.0 0.0 0.0
