1.0 1.0 14.995 28.65714285714286 0.0
1.0 0.6650049850448654 14.995 19.057142857142857 0.01
1.0 0.4945164506480558 14.995 14.17142857142857 0.02
1.0 0.4047856430707876 14.995 11.6 0.03
1.0 0.357926221335992 14.995 10.257142857142858 0.04
1.0 0.317048853439681 14.995 9.085714285714285 0.05
1.0 0.26021934197407776 14.995 7.457142857142857 0.060000000000000005
1.0 0.26021934197407776 14.995 7.457142857142857 0.07
1.0 0.24027916251246262 14.995 6.885714285714286 0.08
1.0 0.226321036889332 14.995 6.485714285714286 0.09
1.0 0.2193419740777667 14.995 6.285714285714286 0.09999999999999999
1.0 0.2073778664007976 14.995 5.942857142857143 0.10999999999999999
1.0 0.19641076769690927 14.995 5.628571428571429 0.11999999999999998
1.0 0.18544366899302095 14.995 5.314285714285714 0.12999999999999998
1.0 0.1794616151545364 14.995 5.142857142857143 0.13999999999999999
1.0 0.17248255234297108 14.995 4.942857142857143 0.15
1.0 0.16650049850448653 14.995 4.771428571428571 0.16
1.0 0.15553339980059822 14.995 4.457142857142857 0.17
1.0 0.13958125623130607 14.995 4.0 0.18000000000000002
1.0 0.1345962113659023 14.995 3.857142857142857 0.19000000000000003
1.0 0.12562313060817548 14.995 3.6 0.20000000000000004
1.0 0.1226321036889332 14.995 3.5142857142857142 0.21000000000000005
1.0 0.11864406779661017 14.995 3.4 0.22000000000000006
1.0 0.11665004985044865 14.995 3.342857142857143 0.23000000000000007
1.0 0.11365902293120637 14.995 3.257142857142857 0.24000000000000007
1.0 0.10667996011964108 14.995 3.057142857142857 0.25000000000000006
1.0 0.10568295114656032 14.995 3.0285714285714285 0.26000000000000006
1.0 0.1036889332003988 14.995 2.9714285714285715 0.2700000000000001
1.0 0.10269192422731804 14.995 2.942857142857143 0.2800000000000001
1.0 0.09970089730807577 14.995 2.857142857142857 0.2900000000000001
1.0 0.09970089730807577 14.995 2.857142857142857 0.3000000000000001
1.0 0.09870388833499502 14.995 2.8285714285714287 0.3100000000000001
1.0 0.09571286141575275 14.995 2.742857142857143 0.3200000000000001
1.0 0.09172482552342971 14.995 2.6285714285714286 0.3300000000000001
1.0 0.08873379860418744 14.995 2.5428571428571427 0.34000000000000014
1.0 0.08574277168494517 14.995 2.4571428571428573 0.35000000000000014
1.0 0.08175473579262213 14.995 2.342857142857143 0.36000000000000015
1.0 0.07876370887337986 14.995 2.257142857142857 0.37000000000000016
1.0 0.07377866400797607 14.995 2.1142857142857143 0.38000000000000017
1.0 0.07278165503489531 14.995 2.085714285714286 0.3900000000000002
1.0 0.06779661016949153 14.995 1.9428571428571428 0.4000000000000002
1.0 0.05982053838484546 14.995 1.7142857142857142 0.4100000000000002
1.0 0.05682951146560319 14.995 1.6285714285714286 0.4200000000000002
1.0 0.0518444666001994 14.995 1.4857142857142858 0.4300000000000002
1.0 0.04885343968095713 14.995 1.4 0.4400000000000002
1.0 0.045862412761714856 14.995 1.3142857142857143 0.45000000000000023
1.0 0.0448654037886341 14.995 1.2857142857142858 0.46000000000000024
1.0 0.04386839481555334 14.995 1.2571428571428571 0.47000000000000025
1.0 0.040877367896311065 14.995 1.1714285714285715 0.48000000000000026
1.0 0.040877367896311065 14.995 1.1714285714285715 0.49000000000000027
1.0 0.03589232303090728 14.995 1.0285714285714285 0.5000000000000002
1.0 0.03489531405782652 14.995 1.0 0.5100000000000002
1.0 0.031904287138584245 14.995 0.9142857142857143 0.5200000000000002
1.0 0.02991026919242273 14.995 0.8571428571428571 0.5300000000000002
1.0 0.028913260219341975 14.995 0.8285714285714286 0.5400000000000003
1.0 0.026919242273180457 14.995 0.7714285714285715 0.5500000000000003
1.0 0.026919242273180457 14.995 0.7714285714285715 0.5600000000000003
1.0 0.026919242273180457 14.995 0.7714285714285715 0.5700000000000003
1.0 0.026919242273180457 14.995 0.7714285714285715 0.5800000000000003
1.0 0.026919242273180457 14.995 0.7714285714285715 0.5900000000000003
1.0 0.024925224327018942 14.995 0.7142857142857143 0.6000000000000003
1.0 0.024925224327018942 14.995 0.7142857142857143 0.6100000000000003
1.0 0.024925224327018942 14.995 0.7142857142857143 0.6200000000000003
1.0 0.024925224327018942 14.995 0.7142857142857143 0.6300000000000003
1.0 0.023928215353938187 14.995 0.6857142857142857 0.6400000000000003
1.0 0.023928215353938187 14.995 0.6857142857142857 0.6500000000000004
1.0 0.022931206380857428 14.995 0.6571428571428571 0.6600000000000004
1.0 0.02193419740777667 14.995 0.6285714285714286 0.6700000000000004
1.0 0.02193419740777667 14.995 0.6285714285714286 0.6800000000000004
1.0 0.019940179461615155 14.995 0.5714285714285714 0.6900000000000004
1.0 0.018943170488534396 14.995 0.5428571428571428 0.7000000000000004
1.0 0.01794616151545364 14.995 0.5142857142857142 0.7100000000000004
1.0 0.015952143569292122 14.995 0.45714285714285713 0.7200000000000004
1.0 0.014955134596211365 14.995 0.42857142857142855 0.7300000000000004
1.0 0.010967098703888335 14.995 0.3142857142857143 0.7400000000000004
1.0 0.009970089730807577 14.995 0.2857142857142857 0.7500000000000004
1.0 0.00897308075772682 14.995 0.2571428571428571 0.7600000000000005
1.0 0.00897308075772682 14.995 0.2571428571428571 0.7700000000000005
1.0 0.007976071784646061 14.995 0.22857142857142856 0.7800000000000005
1.0 0.007976071784646061 14.995 0.22857142857142856 0.7900000000000005
1.0 0.006979062811565304 14.995 0.2 0.8000000000000005
1.0 0.006979062811565304 14.995 0.2 0.8100000000000005
0.999888851839502 0.006979062811565304 14.993333333333334 0.2 0.8200000000000005
0.999888851839502 0.005982053838484547 14.993333333333334 0.17142857142857143 0.8300000000000005
0.999888851839502 0.005982053838484547 14.993333333333334 0.17142857142857143 0.8400000000000005
0.9997777036790041 0.005982053838484547 14.991666666666667 0.17142857142857143 0.8500000000000005
0.9997777036790041 0.005982053838484547 14.991666666666667 0.17142857142857143 0.8600000000000005
0.9995554073580082 0.004985044865403789 14.988333333333333 0.14285714285714285 0.8700000000000006
0.9995554073580082 0.003988035892323031 14.988333333333333 0.11428571428571428 0.8800000000000006
0.9995554073580082 0.0019940179461615153 14.988333333333333 0.05714285714285714 0.8900000000000006
0.9994442591975102 0.0019940179461615153 14.986666666666666 0.05714285714285714 0.9000000000000006
0.9994442591975102 9.970089730807576E-4 14.986666666666666 0.02857142857142857 0.9100000000000006
0.9991108147160165 9.970089730807576E-4 14.981666666666667 0.02857142857142857 0.9200000000000006
0.9989996665555185 0.0 14.98 0.0 0.9300000000000006
0.9989996665555185 0.0 14.98 0.0 0.9400000000000006
0.9986662220740247 0.0 14.975 0.0 0.9500000000000006
0.9985550739135267 0.0 14.973333333333333 0.0 0.9600000000000006
0.9978881849505391 0.0 14.963333333333333 0.0 0.9700000000000006
0.9968878515060575 0.0 14.948333333333334 0.0 0.9800000000000006
0.9893297765921975 0.0 14.835 0.0 0.9900000000000007
0.0 0.0 0.0 0.0
