1.0 1.0 11.24625 22.288888888888888 0.0
1.0 0.36689930209371885 11.24625 8.177777777777777 0.01
1.0 0.2193419740777667 11.24625 4.888888888888889 0.02
1.0 0.17846460618145563 11.24625 3.977777777777778 0.03
1.0 0.1535393818544367 11.24625 3.422222222222222 0.04
1.0 0.12362911266201396 11.24625 2.7555555555555555 0.05
1.0 0.09272183449651047 11.24625 2.066666666666667 0.060000000000000005
1.0 0.09272183449651047 11.24625 2.066666666666667 0.07
1.0 0.0847457627118644 11.24625 1.8888888888888888 0.08
1.0 0.07976071784646062 11.24625 1.7777777777777777 0.09
1.0 0.0707876370887338 11.24625 1.5777777777777777 0.09999999999999999
1.0 0.06580259222333001 11.24625 1.4666666666666666 0.10999999999999999
1.0 0.06380857427716849 11.24625 1.4222222222222223 0.11999999999999998
1.0 0.06081754735792622 11.24625 1.3555555555555556 0.12999999999999998
1.0 0.05782652043868395 11.24625 1.288888888888889 0.13999999999999999
1.0 0.053838484546360914 11.24625 1.2 0.15
1.0 0.04885343968095713 11.24625 1.0888888888888888 0.16
1.0 0.04885343968095713 11.24625 1.0888888888888888 0.17
1.0 0.045862412761714856 11.24625 1.0222222222222221 0.18000000000000002
1.0 0.04386839481555334 11.24625 0.9777777777777777 0.19000000000000003
1.0 0.040877367896311065 11.24625 0.9111111111111111 0.20000000000000004
1.0 0.038883349950149554 11.24625 0.8666666666666667 0.21000000000000005
1.0 0.036889332003988036 11.24625 0.8222222222222222 0.22000000000000006
1.0 0.036889332003988036 11.24625 0.8222222222222222 0.23000000000000007
1.0 0.036889332003988036 11.24625 0.8222222222222222 0.24000000000000007
1.0 0.036889332003988036 11.24625 0.8222222222222222 0.25000000000000006
1.0 0.03589232303090728 11.24625 0.8 0.26000000000000006
1.0 0.03589232303090728 11.24625 0.8 0.2700000000000001
1.0 0.03489531405782652 11.24625 0.7777777777777778 0.2800000000000001
1.0 0.03489531405782652 11.24625 0.7777777777777778 0.2900000000000001
1.0 0.03489531405782652 11.24625 0.7777777777777778 0.3000000000000001
1.0 0.03489531405782652 11.24625 0.7777777777777778 0.3100000000000001
1.0 0.03389830508474576 11.24625 0.7555555555555555 0.3200000000000001
1.0 0.03389830508474576 11.24625 0.7555555555555555 0.3300000000000001
1.0 0.03389830508474576 11.24625 0.7555555555555555 0.34000000000000014
1.0 0.03290129611166501 11.24625 0.7333333333333333 0.35000000000000014
1.0 0.031904287138584245 11.24625 0.7111111111111111 0.36000000000000015
1.0 0.031904287138584245 11.24625 0.7111111111111111 0.37000000000000016
1.0 0.031904287138584245 11.24625 0.7111111111111111 0.38000000000000017
1.0 0.031904287138584245 11.24625 0.7111111111111111 0.3900000000000002
1.0 0.02991026919242273 11.24625 0.6666666666666666 0.4000000000000002
1.0 0.028913260219341975 11.24625 0.6444444444444445 0.4100000000000002
1.0 0.028913260219341975 11.24625 0.6444444444444445 0.4200000000000002
1.0 0.028913260219341975 11.24625 0.6444444444444445 0.4300000000000002
1.0 0.028913260219341975 11.24625 0.6444444444444445 0.4400000000000002
1.0 0.027916251246261216 11.24625 0.6222222222222222 0.45000000000000023
1.0 0.027916251246261216 11.24625 0.6222222222222222 0.46000000000000024
1.0 0.026919242273180457 11.24625 0.6 0.47000000000000025
1.0 0.026919242273180457 11.24625 0.6 0.48000000000000026
1.0 0.0259222333000997 11.24625 0.5777777777777777 0.49000000000000027
1.0 0.0259222333000997 11.24625 0.5777777777777777 0.5000000000000002
1.0 0.0259222333000997 11.24625 0.5777777777777777 0.5100000000000002
1.0 0.0259222333000997 11.24625 0.5777777777777777 0.5200000000000002
1.0 0.0259222333000997 11.24625 0.5777777777777777 0.5300000000000002
1.0 0.0259222333000997 11.24625 0.5777777777777777 0.5400000000000003
1.0 0.0259222333000997 11.24625 0.5777777777777777 0.5500000000000003
1.0 0.0259222333000997 11.24625 0.5777777777777777 0.5600000000000003
1.0 0.0259222333000997 11.24625 0.5777777777777777 0.5700000000000003
1.0 0.024925224327018942 11.24625 0.5555555555555556 0.5800000000000003
1.0 0.024925224327018942 11.24625 0.5555555555555556 0.5900000000000003
1.0 0.024925224327018942 11.24625 0.5555555555555556 0.6000000000000003
1.0 0.022931206380857428 11.24625 0.5111111111111111 0.6100000000000003
1.0 0.022931206380857428 11.24625 0.5111111111111111 0.6200000000000003
1.0 0.022931206380857428 11.24625 0.5111111111111111 0.6300000000000003
1.0 0.022931206380857428 11.24625 0.5111111111111111 0.6400000000000003
1.0 0.022931206380857428 11.24625 0.5111111111111111 0.6500000000000004
1.0 0.022931206380857428 11.24625 0.5111111111111111 0.6600000000000004
1.0 0.022931206380857428 11.24625 0.5111111111111111 0.6700000000000004
1.0 0.022931206380857428 11.24625 0.5111111111111111 0.6800000000000004
1.0 0.02193419740777667 11.24625 0.4888888888888889 0.6900000000000004
1.0 0.02193419740777667 11.24625 0.4888888888888889 0.7000000000000004
1.0 0.02193419740777667 11.24625 0.4888888888888889 0.7100000000000004
1.0 0.02193419740777667 11.24625 0.4888888888888889 0.7200000000000004
1.0 0.02193419740777667 11.24625 0.4888888888888889 0.7300000000000004
1.0 0.02193419740777667 11.24625 0.4888888888888889 0.7400000000000004
1.0 0.02193419740777667 11.24625 0.4888888888888889 0.7500000000000004
1.0 0.020937188434695914 11.24625 0.4666666666666667 0.7600000000000005
1.0 0.020937188434695914 11.24625 0.4666666666666667 0.7700000000000005
1.0 0.020937188434695914 11.24625 0.4666666666666667 0.7800000000000005
1.0 0.020937188434695914 11.24625 0.4666666666666667 0.7900000000000005
1.0 0.020937188434695914 11.24625 0.4666666666666667 0.8000000000000005
1.0 0.020937188434695914 11.24625 0.4666666666666667 0.8100000000000005
1.0 0.020937188434695914 11.24625 0.4666666666666667 0.8200000000000005
1.0 0.020937188434695914 11.24625 0.4666666666666667 0.8300000000000005
1.0 0.020937188434695914 11.24625 0.4666666666666667 0.8400000000000005
1.0 0.020937188434695914 11.24625 0.4666666666666667 0.8500000000000005
1.0 0.020937188434695914 11.24625 0.4666666666666667 0.8600000000000005
1.0 0.020937188434695914 11.24625 0.4666666666666667 0.8700000000000006
0.999888851839502 0.020937188434695914 11.245 0.4666666666666667 0.8800000000000006
0.999888851839502 0.020937188434695914 11.245 0.4666666666666667 0.8900000000000006
0.999888851839502 0.020937188434695914 11.245 0.4666666666666667 0.9000000000000006
0.999888851839502 0.020937188434695914 11.245 0.4666666666666667 0.9100000000000006
0.999888851839502 0.020937188434695914 11.245 0.4666666666666667 0.9200000000000006
0.999888851839502 0.020937188434695914 11.245 0.4666666666666667 0.9300000000000006
0.999888851839502 0.019940179461615155 11.245 0.4444444444444444 0.9400000000000006
0.999888851839502 0.019940179461615155 11.245 0.4444444444444444 0.9500000000000006
0.999888851839502 0.019940179461615155 11.245 0.4444444444444444 0.9600000000000006
0.999888851839502 0.019940179461615155 11.245 0.4444444444444444 0.9700000000000006
0.9995554073580082 0.019940179461615155 11.24125 0.4444444444444444 0.9800000000000006
0.9991108147160165 0.019940179461615155 11.23625 0.4444444444444444 0.9900000000000007
0.0 0.0 0.0 0.0
