1.0 1.0 17.994 31.34375 0.0
1.0 0.7178464606181456 17.994 22.5 0.01
1.0 0.5573280159521435 17.994 17.46875 0.02
1.0 0.48554336989032904 17.994 15.21875 0.03
1.0 0.43270189431704886 17.994 13.5625 0.04
1.0 0.39780658025922233 17.994 12.46875 0.05
1.0 0.3369890329012961 17.994 10.5625 0.060000000000000005
1.0 0.3369890329012961 17.994 10.5625 0.07
1.0 0.3160518444666002 17.994 9.90625 0.08
1.0 0.28414755732801594 17.994 8.90625 0.09
1.0 0.26819541375872386 17.994 8.40625 0.09999999999999999
1.0 0.26021934197407776 17.994 8.15625 0.10999999999999999
1.0 0.2472582253240279 17.994 7.75 0.11999999999999998
1.0 0.23928215353938184 17.994 7.5 0.12999999999999998
1.0 0.22532402791625125 17.994 7.0625 0.13999999999999999
1.0 0.2193419740777667 17.994 6.875 0.15
1.0 0.20837487537387836 17.994 6.53125 0.16
1.0 0.19242273180458624 17.994 6.03125 0.17
1.0 0.17148554336989033 17.994 5.375 0.18000000000000002
0.999888851839502 0.15653040877367896 17.992 4.90625 0.19000000000000003
0.999888851839502 0.15054835493519442 17.992 4.71875 0.20000000000000004
0.999888851839502 0.14456630109670987 17.992 4.53125 0.21000000000000005
0.999888851839502 0.13758723828514458 17.992 4.3125 0.22000000000000006
0.999888851839502 0.1365902293120638 17.992 4.28125 0.23000000000000007
0.999888851839502 0.13359920239282153 17.992 4.1875 0.24000000000000007
0.999888851839502 0.13060817547357925 17.992 4.09375 0.25000000000000006
0.999888851839502 0.12362911266201396 17.992 3.875 0.26000000000000006
0.999888851839502 0.12163509471585245 17.992 3.8125 0.2700000000000001
0.999888851839502 0.11964107676969092 17.992 3.75 0.2800000000000001
0.999888851839502 0.1156530408773679 17.992 3.625 0.2900000000000001
0.999888851839502 0.11465603190428714 17.992 3.59375 0.3000000000000001
0.999888851839502 0.11365902293120637 17.992 3.5625 0.3100000000000001
0.999888851839502 0.11266201395812563 17.992 3.53125 0.3200000000000001
0.999888851839502 0.11166500498504486 17.992 3.5 0.3300000000000001
0.999888851839502 0.10667996011964108 17.992 3.34375 0.34000000000000014
0.999888851839502 0.10069790628115653 17.992 3.15625 0.35000000000000014
0.999888851839502 0.0967098703888335 17.992 3.03125 0.36000000000000015
0.999888851839502 0.09172482552342971 17.992 2.875 0.37000000000000016
0.999888851839502 0.0847457627118644 17.992 2.65625 0.38000000000000017
0.999888851839502 0.08075772681954138 17.992 2.53125 0.3900000000000002
0.999888851839502 0.07577268195413758 17.992 2.375 0.4000000000000002
0.999888851839502 0.0707876370887338 17.992 2.21875 0.4100000000000002
0.999888851839502 0.06480558325024925 17.992 2.03125 0.4200000000000002
0.999888851839502 0.06081754735792622 17.992 1.90625 0.4300000000000002
0.999888851839502 0.05583250249252243 17.992 1.75 0.4400000000000002
0.999888851839502 0.053838484546360914 17.992 1.6875 0.45000000000000023
0.999888851839502 0.049850448654037885 17.992 1.5625 0.46000000000000024
0.999888851839502 0.0448654037886341 17.992 1.40625 0.47000000000000025
0.999888851839502 0.0448654037886341 17.992 1.40625 0.48000000000000026
0.999888851839502 0.04187437686939183 17.992 1.3125 0.49000000000000027
0.999888851839502 0.04187437686939183 17.992 1.3125 0.5000000000000002
0.999888851839502 0.03988035892323031 17.992 1.25 0.5100000000000002
0.999888851839502 0.03988035892323031 17.992 1.25 0.5200000000000002
0.999888851839502 0.038883349950149554 17.992 1.21875 0.5300000000000002
0.999888851839502 0.038883349950149554 17.992 1.21875 0.5400000000000003
0.999888851839502 0.036889332003988036 17.992 1.15625 0.5500000000000003
0.999888851839502 0.03589232303090728 17.992 1.125 0.5600000000000003
0.9997777036790041 0.03589232303090728 17.99 1.125 0.5700000000000003
0.9997777036790041 0.03290129611166501 17.99 1.03125 0.5800000000000003
0.9997777036790041 0.03290129611166501 17.99 1.03125 0.5900000000000003
0.9997777036790041 0.031904287138584245 17.99 1.0 0.6000000000000003
0.9997777036790041 0.03090727816550349 17.99 0.96875 0.6100000000000003
0.9997777036790041 0.028913260219341975 17.99 0.90625 0.6200000000000003
0.9997777036790041 0.026919242273180457 17.99 0.84375 0.6300000000000003
0.9997777036790041 0.0259222333000997 17.99 0.8125 0.6400000000000003
0.9997777036790041 0.023928215353938187 17.99 0.75 0.6500000000000004
0.9997777036790041 0.02193419740777667 17.99 0.6875 0.6600000000000004
0.9997777036790041 0.01794616151545364 17.99 0.5625 0.6700000000000004
0.9997777036790041 0.01694915254237288 17.99 0.53125 0.6800000000000004
0.9997777036790041 0.015952143569292122 17.99 0.5 0.6900000000000004
0.9997777036790041 0.01296111665004985 17.99 0.40625 0.7000000000000004
0.9997777036790041 0.011964107676969093 17.99 0.375 0.7100000000000004
0.9996665555185061 0.010967098703888335 17.988 0.34375 0.7200000000000004
0.9996665555185061 0.009970089730807577 17.988 0.3125 0.7300000000000004
0.9996665555185061 0.005982053838484547 17.988 0.1875 0.7400000000000004
0.9996665555185061 0.004985044865403789 17.988 0.15625 0.7500000000000004
0.9996665555185061 0.003988035892323031 17.988 0.125 0.7600000000000005
0.9996665555185061 0.0019940179461615153 17.988 0.0625 0.7700000000000005
0.9996665555185061 0.0019940179461615153 17.988 0.0625 0.7800000000000005
0.9996665555185061 0.0019940179461615153 17.988 0.0625 0.7900000000000005
0.9996665555185061 0.0019940179461615153 17.988 0.0625 0.8000000000000005
0.9996665555185061 0.0019940179461615153 17.988 0.0625 0.8100000000000005
0.9995554073580082 0.0019940179461615153 17.986 0.0625 0.8200000000000005
0.9995554073580082 0.0019940179461615153 17.986 0.0625 0.8300000000000005
0.9994442591975102 0.0019940179461615153 17.984 0.0625 0.8400000000000005
0.9993331110370124 0.0019940179461615153 17.982 0.0625 0.8500000000000005
0.9993331110370124 0.0019940179461615153 17.982 0.0625 0.8600000000000005
0.9993331110370124 0.0019940179461615153 17.982 0.0625 0.8700000000000006
0.9993331110370124 0.0019940179461615153 17.982 0.0625 0.8800000000000006
0.9991108147160165 0.0019940179461615153 17.978 0.0625 0.8900000000000006
0.9987773702345226 0.0019940179461615153 17.972 0.0625 0.9000000000000006
0.9979993331110371 9.970089730807576E-4 17.958 0.03125 0.9100000000000006
0.9975547404690452 0.0 17.95 0.0 0.9200000000000006
0.9971101478270534 0.0 17.942 0.0 0.9300000000000006
0.9964432588640658 0.0 17.93 0.0 0.9400000000000006
0.996109814382572 0.0 17.924 0.0 0.9500000000000006
0.9952206290985884 0.0 17.908 0.0 0.9600000000000006
0.9937757030121152 0.0 17.882 0.0 0.9700000000000006
0.992108480604646 0.0 17.852 0.0 0.9800000000000006
0.9844392575302878 0.0 17.714 0.0 0.9900000000000007
0.0 0.0 0.0 0.0
