0.0 0.4985044865403789 0.0 20.0 0.0
0.0 0.4985044865403789 0.0 20.0 0.01
0.0 0.4985044865403789 0.0 20.0 0.02
0.0 0.4985044865403789 0.0 20.0 0.03
0.0 0.4985044865403789 0.0 20.0 0.04
0.0 0.4985044865403789 0.0 20.0 0.05
0.0 0.4985044865403789 0.0 20.0 0.060000000000000005
0.0 0.4985044865403789 0.0 20.0 0.07
0.0 0.4985044865403789 0.0 20.0 0.08
0.0 0.4985044865403789 0.0 20.0 0.09
0.0 0.4985044865403789 0.0 20.0 0.09999999999999999
0.0 0.4985044865403789 0.0 20.0 0.10999999999999999
0.0 0.4985044865403789 0.0 20.0 0.11999999999999998
0.0 0.4985044865403789 0.0 20.0 0.12999999999999998
0.0 0.49750747756729813 0.0 19.96 0.13999999999999999
0.0 0.49750747756729813 0.0 19.96 0.15
0.0 0.49750747756729813 0.0 19.96 0.16
0.0 0.49750747756729813 0.0 19.96 0.17
0.0 0.49750747756729813 0.0 19.96 0.18000000000000002
0.0 0.49750747756729813 0.0 19.96 0.19000000000000003
0.0 0.49750747756729813 0.0 19.96 0.20000000000000004
0.0 0.49750747756729813 0.0 19.96 0.21000000000000005
0.0 0.49750747756729813 0.0 19.96 0.22000000000000006
0.0 0.49750747756729813 0.0 19.96 0.23000000000000007
0.0 0.4965104685942173 0.0 19.92 0.24000000000000007
0.0 0.4965104685942173 0.0 19.92 0.25000000000000006
0.0 0.4955134596211366 0.0 19.88 0.26000000000000006
0.0 0.4945164506480558 0.0 19.84 0.2700000000000001
0.0 0.4935194416749751 0.0 19.8 0.2800000000000001
0.0 0.4935194416749751 0.0 19.8 0.2900000000000001
0.0 0.49252243270189433 0.0 19.76 0.3000000000000001
0.0 0.49252243270189433 0.0 19.76 0.3100000000000001
0.0 0.49252243270189433 0.0 19.76 0.3200000000000001
0.0 0.49252243270189433 0.0 19.76 0.3300000000000001
0.0 0.49252243270189433 0.0 19.76 0.34000000000000014
0.0 0.49252243270189433 0.0 19.76 0.35000000000000014
0.0 0.49252243270189433 0.0 19.76 0.36000000000000015
0.0 0.49252243270189433 0.0 19.76 0.37000000000000016
0.0 0.49252243270189433 0.0 19.76 0.38000000000000017
0.0 0.4915254237288136 0.0 19.72 0.3900000000000002
0.0 0.4915254237288136 0.0 19.72 0.4000000000000002
0.0 0.4915254237288136 0.0 19.72 0.4100000000000002
0.0 0.4915254237288136 0.0 19.72 0.4200000000000002
0.0 0.4915254237288136 0.0 19.72 0.4300000000000002
0.0 0.48953140578265203 0.0 19.64 0.4400000000000002
0.0 0.4885343968095713 0.0 19.6 0.45000000000000023
0.0 0.48753738783649053 0.0 19.56 0.46000000000000024
0.0 0.4865403788634098 0.0 19.52 0.47000000000000025
0.0 0.4865403788634098 0.0 19.52 0.48000000000000026
0.0 0.4865403788634098 0.0 19.52 0.49000000000000027
0.0 0.48554336989032904 0.0 19.48 0.5000000000000002
0.0 0.48454636091724823 0.0 19.44 0.5100000000000002
0.0 0.4835493519441675 0.0 19.4 0.5200000000000002
0.0 0.4795613160518445 0.0 19.24 0.5300000000000002
0.0 0.47557328015952144 0.0 19.08 0.5400000000000003
0.0 0.47357926221335994 0.0 19.0 0.5500000000000003
0.0 0.47357926221335994 0.0 19.0 0.5600000000000003
0.0 0.4715852442671984 0.0 18.92 0.5700000000000003
0.0 0.4695912263210369 0.0 18.84 0.5800000000000003
0.0 0.4695912263210369 0.0 18.84 0.5900000000000003
0.0 0.4695912263210369 0.0 18.84 0.6000000000000003
0.0 0.4695912263210369 0.0 18.84 0.6100000000000003
0.0 0.4695912263210369 0.0 18.84 0.6200000000000003
0.0 0.4695912263210369 0.0 18.84 0.6300000000000003
0.0 0.46859421734795614 0.0 18.8 0.6400000000000003
0.0 0.46859421734795614 0.0 18.8 0.6500000000000004
0.0 0.46859421734795614 0.0 18.8 0.6600000000000004
0.0 0.46859421734795614 0.0 18.8 0.6700000000000004
0.0 0.46859421734795614 0.0 18.8 0.6800000000000004
0.0 0.46859421734795614 0.0 18.8 0.6900000000000004
0.0 0.4675972083748754 0.0 18.76 0.7000000000000004
0.0 0.4675972083748754 0.0 18.76 0.7100000000000004
0.0 0.4646061814556331 0.0 18.64 0.7200000000000004
0.0 0.4646061814556331 0.0 18.64 0.7300000000000004
0.0 0.4626121635094716 0.0 18.56 0.7400000000000004
0.0 0.46161515453639085 0.0 18.52 0.7500000000000004
0.0 0.46161515453639085 0.0 18.52 0.7600000000000005
0.0 0.4576271186440678 0.0 18.36 0.7700000000000005
0.0 0.4556331006979063 0.0 18.28 0.7800000000000005
0.0 0.4546360917248255 0.0 18.24 0.7900000000000005
0.0 0.44965104685942175 0.0 18.04 0.8000000000000005
0.0 0.4476570289132602 0.0 17.96 0.8100000000000005
0.0 0.4436689930209372 0.0 17.8 0.8200000000000005
0.0 0.4426719840478564 0.0 17.76 0.8300000000000005
0.0 0.4386839481555334 0.0 17.6 0.8400000000000005
0.0 0.43668993020937186 0.0 17.52 0.8500000000000005
0.0 0.4317048853439681 0.0 17.32 0.8600000000000005
0.0 0.42971086739780656 0.0 17.24 0.8700000000000006
0.0 0.4267198404785643 0.0 17.12 0.8800000000000006
0.0 0.423728813559322 0.0 17.0 0.8900000000000006
0.0 0.4147557328015952 0.0 16.64 0.9000000000000006
0.0 0.4097706879361914 0.0 16.44 0.9100000000000006
0.0 0.39980059820538383 0.0 16.04 0.9200000000000006
0.0 0.38783649052841473 0.0 15.56 0.9300000000000006
0.0 0.36889332003988035 0.0 14.8 0.9400000000000006
0.0 0.3609172482552343 0.0 14.48 0.9500000000000006
0.0 0.353938185443669 0.0 14.2 0.9600000000000006
0.0 0.3240279162512463 0.0 13.0 0.9700000000000006
0.0 0.29112662013958124 0.0 11.68 0.9800000000000006
0.0 0.22831505483549352 0.0 9.16 0.9900000000000007
0.0 0.0 0.0 0.0
