1.0 1.0 11.24625 25.075 0.0
1.0 0.6679960119641076 11.24625 16.75 0.01
1.0 0.48255234297108673 11.24625 12.1 0.02
1.0 0.4077766699900299 11.24625 10.225 0.03
1.0 0.36689930209371885 11.24625 9.2 0.04
1.0 0.34795613160518446 11.24625 8.725 0.05
1.0 0.3120638085742772 11.24625 7.825 0.060000000000000005
1.0 0.3120638085742772 11.24625 7.825 0.07
1.0 0.29411764705882354 11.24625 7.375 0.08
1.0 0.28215353938185445 11.24625 7.075 0.09
1.0 0.27218344965104685 11.24625 6.825 0.09999999999999999
1.0 0.25822532402791626 11.24625 6.475 0.10999999999999999
1.0 0.2522432701894317 11.24625 6.325 0.11999999999999998
1.0 0.24127617148554337 11.24625 6.05 0.12999999999999998
1.0 0.23429710867397807 11.24625 5.875 0.13999999999999999
1.0 0.22532402791625125 11.24625 5.65 0.15
1.0 0.22233300099700898 11.24625 5.575 0.16
1.0 0.21635094715852443 11.24625 5.425 0.17
1.0 0.20438683948155534 11.24625 5.125 0.18000000000000002
1.0 0.1984047856430708 11.24625 4.975 0.19000000000000003
1.0 0.193419740777667 11.24625 4.85 0.20000000000000004
1.0 0.1864406779661017 11.24625 4.675 0.21000000000000005
1.0 0.18344965104685942 11.24625 4.6 0.22000000000000006
1.0 0.17846460618145563 11.24625 4.475 0.23000000000000007
1.0 0.17248255234297108 11.24625 4.325 0.24000000000000007
1.0 0.16849451645064806 11.24625 4.225 0.25000000000000006
1.0 0.1674975074775673 11.24625 4.2 0.26000000000000006
1.0 0.16350947158524426 11.24625 4.1 0.2700000000000001
1.0 0.16151545363908276 11.24625 4.05 0.2800000000000001
1.0 0.16151545363908276 11.24625 4.05 0.2900000000000001
1.0 0.15952143569292124 11.24625 4.0 0.3000000000000001
1.0 0.1575274177467597 11.24625 3.95 0.3100000000000001
1.0 0.1535393818544367 11.24625 3.85 0.3200000000000001
1.0 0.14955134596211367 11.24625 3.75 0.3300000000000001
1.0 0.14755732801595214 11.24625 3.7 0.34000000000000014
1.0 0.14456630109670987 11.24625 3.625 0.35000000000000014
1.0 0.14356929212362912 11.24625 3.6 0.36000000000000015
1.0 0.13958125623130607 11.24625 3.5 0.37000000000000016
1.0 0.13958125623130607 11.24625 3.5 0.38000000000000017
1.0 0.1365902293120638 11.24625 3.425 0.3900000000000002
1.0 0.1345962113659023 11.24625 3.375 0.4000000000000002
1.0 0.1345962113659023 11.24625 3.375 0.4100000000000002
1.0 0.13060817547357925 11.24625 3.275 0.4200000000000002
1.0 0.1296111665004985 11.24625 3.25 0.4300000000000002
1.0 0.12662013958125623 11.24625 3.175 0.4400000000000002
1.0 0.12562313060817548 11.24625 3.15 0.45000000000000023
1.0 0.12462612163509472 11.24625 3.125 0.46000000000000024
1.0 0.12163509471585245 11.24625 3.05 0.47000000000000025
1.0 0.12163509471585245 11.24625 3.05 0.48000000000000026
1.0 0.11964107676969092 11.24625 3.0 0.49000000000000027
1.0 0.11764705882352941 11.24625 2.95 0.5000000000000002
1.0 0.11465603190428714 11.24625 2.875 0.5100000000000002
1.0 0.11166500498504486 11.24625 2.8 0.5200000000000002
1.0 0.10867397806580259 11.24625 2.725 0.5300000000000002
1.0 0.10867397806580259 11.24625 2.725 0.5400000000000003
1.0 0.10767696909272183 11.24625 2.7 0.5500000000000003
1.0 0.10568295114656032 11.24625 2.65 0.5600000000000003
1.0 0.10568295114656032 11.24625 2.65 0.5700000000000003
1.0 0.10568295114656032 11.24625 2.65 0.5800000000000003
1.0 0.10568295114656032 11.24625 2.65 0.5900000000000003
1.0 0.10468594217347957 11.24625 2.625 0.6000000000000003
1.0 0.1036889332003988 11.24625 2.6 0.6100000000000003
1.0 0.10269192422731804 11.24625 2.575 0.6200000000000003
1.0 0.10269192422731804 11.24625 2.575 0.6300000000000003
1.0 0.1016949152542373 11.24625 2.55 0.6400000000000003
1.0 0.10069790628115653 11.24625 2.525 0.6500000000000004
1.0 0.10069790628115653 11.24625 2.525 0.6600000000000004
1.0 0.09471585244267199 11.24625 2.375 0.6700000000000004
1.0 0.0897308075772682 11.24625 2.25 0.6800000000000004
1.0 0.08873379860418744 11.24625 2.225 0.6900000000000004
1.0 0.0847457627118644 11.24625 2.125 0.7000000000000004
1.0 0.08275174476570289 11.24625 2.075 0.7100000000000004
1.0 0.08175473579262213 11.24625 2.05 0.7200000000000004
1.0 0.07876370887337986 11.24625 1.975 0.7300000000000004
1.0 0.07876370887337986 11.24625 1.975 0.7400000000000004
1.0 0.07776669990029911 11.24625 1.95 0.7500000000000004
1.0 0.07477567298105683 11.24625 1.875 0.7600000000000005
1.0 0.07278165503489531 11.24625 1.825 0.7700000000000005
1.0 0.07178464606181456 11.24625 1.8 0.7800000000000005
1.0 0.07178464606181456 11.24625 1.8 0.7900000000000005
1.0 0.07178464606181456 11.24625 1.8 0.8000000000000005
1.0 0.0707876370887338 11.24625 1.775 0.8100000000000005
1.0 0.0707876370887338 11.24625 1.775 0.8200000000000005
1.0 0.06879361914257229 11.24625 1.725 0.8300000000000005
1.0 0.06779661016949153 11.24625 1.7 0.8400000000000005
1.0 0.06580259222333001 11.24625 1.65 0.8500000000000005
1.0 0.06480558325024925 11.24625 1.625 0.8600000000000005
1.0 0.06380857427716849 11.24625 1.6 0.8700000000000006
1.0 0.06181455633100698 11.24625 1.55 0.8800000000000006
1.0 0.05982053838484546 11.24625 1.5 0.8900000000000006
1.0 0.058823529411764705 11.24625 1.475 0.9000000000000006
1.0 0.054835493519441676 11.24625 1.375 0.9100000000000006
1.0 0.04885343968095713 11.24625 1.225 0.9200000000000006
1.0 0.0448654037886341 11.24625 1.125 0.9300000000000006
1.0 0.04187437686939183 11.24625 1.05 0.9400000000000006
1.0 0.036889332003988036 11.24625 0.925 0.9500000000000006
0.9997777036790041 0.031904287138584245 11.24375 0.8 0.9600000000000006
0.9996665555185061 0.03090727816550349 11.2425 0.775 0.9700000000000006
0.9994442591975102 0.0259222333000997 11.24 0.65 0.9800000000000006
0.9986662220740247 0.018943170488534396 11.23125 0.475 0.9900000000000007
0.0 0.0 0.0 0.0
