1.0 1.0 9.996666666666666 100.3 0.0
1.0 0.30608175473579263 9.996666666666666 30.7 0.01
1.0 0.1674975074775673 9.996666666666666 16.8 0.02
1.0 0.11964107676969092 9.996666666666666 12.0 0.03
1.0 0.1036889332003988 9.996666666666666 10.4 0.04
1.0 0.08873379860418744 9.996666666666666 8.9 0.05
1.0 0.07278165503489531 9.996666666666666 7.3 0.060000000000000005
1.0 0.07278165503489531 9.996666666666666 7.3 0.07
1.0 0.06580259222333001 9.996666666666666 6.6 0.08
1.0 0.058823529411764705 9.996666666666666 5.9 0.09
1.0 0.054835493519441676 9.996666666666666 5.5 0.09999999999999999
1.0 0.05284147557328016 9.996666666666666 5.3 0.10999999999999999
1.0 0.0518444666001994 9.996666666666666 5.2 0.11999999999999998
1.0 0.0518444666001994 9.996666666666666 5.2 0.12999999999999998
1.0 0.045862412761714856 9.996666666666666 4.6 0.13999999999999999
1.0 0.045862412761714856 9.996666666666666 4.6 0.15
1.0 0.04386839481555334 9.996666666666666 4.4 0.16
1.0 0.040877367896311065 9.996666666666666 4.1 0.17
1.0 0.038883349950149554 9.996666666666666 3.9 0.18000000000000002
1.0 0.03788634097706879 9.996666666666666 3.8 0.19000000000000003
1.0 0.03589232303090728 9.996666666666666 3.6 0.20000000000000004
1.0 0.03489531405782652 9.996666666666666 3.5 0.21000000000000005
1.0 0.03489531405782652 9.996666666666666 3.5 0.22000000000000006
1.0 0.03389830508474576 9.996666666666666 3.4 0.23000000000000007
1.0 0.03290129611166501 9.996666666666666 3.3 0.24000000000000007
1.0 0.03290129611166501 9.996666666666666 3.3 0.25000000000000006
1.0 0.031904287138584245 9.996666666666666 3.2 0.26000000000000006
1.0 0.03090727816550349 9.996666666666666 3.1 0.2700000000000001
1.0 0.03090727816550349 9.996666666666666 3.1 0.2800000000000001
1.0 0.02991026919242273 9.996666666666666 3.0 0.2900000000000001
1.0 0.02991026919242273 9.996666666666666 3.0 0.3000000000000001
1.0 0.02991026919242273 9.996666666666666 3.0 0.3100000000000001
1.0 0.028913260219341975 9.996666666666666 2.9 0.3200000000000001
1.0 0.028913260219341975 9.996666666666666 2.9 0.3300000000000001
1.0 0.028913260219341975 9.996666666666666 2.9 0.34000000000000014
1.0 0.028913260219341975 9.996666666666666 2.9 0.35000000000000014
1.0 0.028913260219341975 9.996666666666666 2.9 0.36000000000000015
1.0 0.028913260219341975 9.996666666666666 2.9 0.37000000000000016
1.0 0.027916251246261216 9.996666666666666 2.8 0.38000000000000017
1.0 0.027916251246261216 9.996666666666666 2.8 0.3900000000000002
1.0 0.0259222333000997 9.996666666666666 2.6 0.4000000000000002
1.0 0.0259222333000997 9.996666666666666 2.6 0.4100000000000002
1.0 0.024925224327018942 9.996666666666666 2.5 0.4200000000000002
1.0 0.024925224327018942 9.996666666666666 2.5 0.4300000000000002
1.0 0.024925224327018942 9.996666666666666 2.5 0.4400000000000002
1.0 0.024925224327018942 9.996666666666666 2.5 0.45000000000000023
1.0 0.023928215353938187 9.996666666666666 2.4 0.46000000000000024
1.0 0.023928215353938187 9.996666666666666 2.4 0.47000000000000025
1.0 0.023928215353938187 9.996666666666666 2.4 0.48000000000000026
1.0 0.023928215353938187 9.996666666666666 2.4 0.49000000000000027
1.0 0.022931206380857428 9.996666666666666 2.3 0.5000000000000002
1.0 0.02193419740777667 9.996666666666666 2.2 0.5100000000000002
1.0 0.020937188434695914 9.996666666666666 2.1 0.5200000000000002
1.0 0.020937188434695914 9.996666666666666 2.1 0.5300000000000002
1.0 0.020937188434695914 9.996666666666666 2.1 0.5400000000000003
1.0 0.020937188434695914 9.996666666666666 2.1 0.5500000000000003
1.0 0.020937188434695914 9.996666666666666 2.1 0.5600000000000003
1.0 0.020937188434695914 9.996666666666666 2.1 0.5700000000000003
1.0 0.020937188434695914 9.996666666666666 2.1 0.5800000000000003
1.0 0.020937188434695914 9.996666666666666 2.1 0.5900000000000003
1.0 0.020937188434695914 9.996666666666666 2.1 0.6000000000000003
1.0 0.020937188434695914 9.996666666666666 2.1 0.6100000000000003
1.0 0.020937188434695914 9.996666666666666 2.1 0.6200000000000003
1.0 0.020937188434695914 9.996666666666666 2.1 0.6300000000000003
1.0 0.020937188434695914 9.996666666666666 2.1 0.6400000000000003
1.0 0.020937188434695914 9.996666666666666 2.1 0.6500000000000004
1.0 0.019940179461615155 9.996666666666666 2.0 0.6600000000000004
1.0 0.019940179461615155 9.996666666666666 2.0 0.6700000000000004
1.0 0.019940179461615155 9.996666666666666 2.0 0.6800000000000004
1.0 0.019940179461615155 9.996666666666666 2.0 0.6900000000000004
1.0 0.019940179461615155 9.996666666666666 2.0 0.7000000000000004
1.0 0.019940179461615155 9.996666666666666 2.0 0.7100000000000004
1.0 0.019940179461615155 9.996666666666666 2.0 0.7200000000000004
1.0 0.019940179461615155 9.996666666666666 2.0 0.7300000000000004
1.0 0.019940179461615155 9.996666666666666 2.0 0.7400000000000004
1.0 0.019940179461615155 9.996666666666666 2.0 0.7500000000000004
1.0 0.019940179461615155 9.996666666666666 2.0 0.7600000000000005
1.0 0.019940179461615155 9.996666666666666 2.0 0.7700000000000005
1.0 0.019940179461615155 9.996666666666666 2.0 0.7800000000000005
1.0 0.019940179461615155 9.996666666666666 2.0 0.7900000000000005
1.0 0.019940179461615155 9.996666666666666 2.0 0.8000000000000005
1.0 0.019940179461615155 9.996666666666666 2.0 0.8100000000000005
1.0 0.019940179461615155 9.996666666666666 2.0 0.8200000000000005
1.0 0.019940179461615155 9.996666666666666 2.0 0.8300000000000005
1.0 0.019940179461615155 9.996666666666666 2.0 0.8400000000000005
1.0 0.019940179461615155 9.996666666666666 2.0 0.8500000000000005
1.0 0.019940179461615155 9.996666666666666 2.0 0.8600000000000005
1.0 0.019940179461615155 9.996666666666666 2.0 0.8700000000000006
1.0 0.019940179461615155 9.996666666666666 2.0 0.8800000000000006
1.0 0.019940179461615155 9.996666666666666 2.0 0.8900000000000006
1.0 0.019940179461615155 9.996666666666666 2.0 0.9000000000000006
1.0 0.019940179461615155 9.996666666666666 2.0 0.9100000000000006
1.0 0.019940179461615155 9.996666666666666 2.0 0.9200000000000006
1.0 0.019940179461615155 9.996666666666666 2.0 0.9300000000000006
1.0 0.019940179461615155 9.996666666666666 2.0 0.9400000000000006
1.0 0.019940179461615155 9.996666666666666 2.0 0.9500000000000006
0.9997777036790041 0.019940179461615155 9.994444444444444 2.0 0.9600000000000006
0.9997777036790041 0.019940179461615155 9.994444444444444 2.0 0.9700000000000006
0.9995554073580082 0.019940179461615155 9.992222222222223 2.0 0.9800000000000006
0.9991108147160165 0.019940179461615155 9.987777777777778 2.0 0.9900000000000007
0.0 0.0 0.0 0.0
