1.0 1.0 29.99 40.12 0.0
1.0 0.93419740777667 29.99 37.48 0.01
1.0 0.8524426719840479 29.99 34.2 0.02
1.0 0.8125623130608175 29.99 32.6 0.03
1.0 0.7856430707876371 29.99 31.52 0.04
1.0 0.7547357926221336 29.99 30.28 0.05
1.0 0.6829511465603191 29.99 27.4 0.060000000000000005
1.0 0.6829511465603191 29.99 27.4 0.07
1.0 0.654037886340977 29.99 26.24 0.08
1.0 0.6410767696909272 29.99 25.72 0.09
1.0 0.6211365902293121 29.99 24.92 0.09999999999999999
1.0 0.6081754735792622 29.99 24.4 0.10999999999999999
1.0 0.5982053838484547 29.99 24.0 0.11999999999999998
1.0 0.5882352941176471 29.99 23.6 0.12999999999999998
1.0 0.5682951146560319 29.99 22.8 0.13999999999999999
1.0 0.5523429710867398 29.99 22.16 0.15
1.0 0.5333998005982054 29.99 21.4 0.16
1.0 0.5174476570289133 29.99 20.76 0.17
1.0 0.48055832502492524 29.99 19.28 0.18000000000000002
1.0 0.4666001994017946 29.99 18.72 0.19000000000000003
1.0 0.44666001994017945 29.99 17.92 0.20000000000000004
1.0 0.43668993020937186 29.99 17.52 0.21000000000000005
1.0 0.42771684945164506 29.99 17.16 0.22000000000000006
1.0 0.4147557328015952 29.99 16.64 0.23000000000000007
1.0 0.4077766699900299 29.99 16.36 0.24000000000000007
1.0 0.4017946161515454 29.99 16.12 0.25000000000000006
1.0 0.3968095712861416 29.99 15.92 0.26000000000000006
1.0 0.3918245264207378 29.99 15.72 0.2700000000000001
1.0 0.386839481555334 29.99 15.52 0.2800000000000001
1.0 0.38085742771684944 29.99 15.28 0.2900000000000001
1.0 0.37686939182452645 29.99 15.12 0.3000000000000001
1.0 0.37188434695912265 29.99 14.92 0.3100000000000001
1.0 0.36390827517447655 29.99 14.6 0.3200000000000001
1.0 0.357926221335992 29.99 14.36 0.3300000000000001
1.0 0.35294117647058826 29.99 14.16 0.34000000000000014
1.0 0.3439680957128614 29.99 13.8 0.35000000000000014
1.0 0.33300099700897307 29.99 13.36 0.36000000000000015
1.0 0.32602193419740777 29.99 13.08 0.37000000000000016
1.0 0.3120638085742772 29.99 12.52 0.38000000000000017
1.0 0.30309072781655033 29.99 12.16 0.3900000000000002
1.0 0.28614157527417744 29.99 11.48 0.4000000000000002
1.0 0.2731804586241276 29.99 10.96 0.4100000000000002
1.0 0.259222333000997 29.99 10.4 0.4200000000000002
1.0 0.24426719840478564 29.99 9.8 0.4300000000000002
1.0 0.23230309072781655 29.99 9.32 0.4400000000000002
1.0 0.22233300099700898 29.99 8.92 0.45000000000000023
1.0 0.2213359920239282 29.99 8.88 0.46000000000000024
1.0 0.2143569292123629 29.99 8.6 0.47000000000000025
1.0 0.21136590229312063 29.99 8.48 0.48000000000000026
1.0 0.20837487537387836 29.99 8.36 0.49000000000000027
1.0 0.2053838484546361 29.99 8.24 0.5000000000000002
1.0 0.19940179461615154 29.99 8.0 0.5100000000000002
1.0 0.19641076769690927 29.99 7.88 0.5200000000000002
1.0 0.19441674975074777 29.99 7.8 0.5300000000000002
1.0 0.19242273180458624 29.99 7.72 0.5400000000000003
1.0 0.19042871385842472 29.99 7.64 0.5500000000000003
1.0 0.18843469591226322 29.99 7.56 0.5600000000000003
1.0 0.18245264207377868 29.99 7.32 0.5700000000000003
1.0 0.1794616151545364 29.99 7.2 0.5800000000000003
1.0 0.17846460618145563 29.99 7.16 0.5900000000000003
1.0 0.17746759720837488 29.99 7.12 0.6000000000000003
1.0 0.1744765702891326 29.99 7.0 0.6100000000000003
1.0 0.17048853439680958 29.99 6.84 0.6200000000000003
1.0 0.1625124626121635 29.99 6.52 0.6300000000000003
1.0 0.15952143569292124 29.99 6.4 0.6400000000000003
1.0 0.15453639082751744 29.99 6.2 0.6500000000000004
1.0 0.14755732801595214 29.99 5.92 0.6600000000000004
1.0 0.13559322033898305 29.99 5.44 0.6700000000000004
1.0 0.12562313060817548 29.99 5.04 0.6800000000000004
1.0 0.1106679960119641 29.99 4.44 0.6900000000000004
1.0 0.09272183449651047 29.99 3.72 0.7000000000000004
1.0 0.08175473579262213 29.99 3.28 0.7100000000000004
1.0 0.07178464606181456 29.99 2.88 0.7200000000000004
1.0 0.06480558325024925 29.99 2.6 0.7300000000000004
1.0 0.054835493519441676 29.99 2.2 0.7400000000000004
1.0 0.05284147557328016 29.99 2.12 0.7500000000000004
1.0 0.04685942173479561 29.99 1.88 0.7600000000000005
1.0 0.04386839481555334 29.99 1.76 0.7700000000000005
1.0 0.040877367896311065 29.99 1.64 0.7800000000000005
1.0 0.03788634097706879 29.99 1.52 0.7900000000000005
1.0 0.03589232303090728 29.99 1.44 0.8000000000000005
1.0 0.03489531405782652 29.99 1.4 0.8100000000000005
1.0 0.031904287138584245 29.99 1.28 0.8200000000000005
0.9996665555185061 0.03090727816550349 29.98 1.24 0.8300000000000005
0.9991108147160165 0.028913260219341975 29.963333333333335 1.16 0.8400000000000005
0.9985550739135267 0.026919242273180457 29.946666666666665 1.08 0.8500000000000005
0.9974435923085473 0.023928215353938187 29.913333333333334 0.96 0.8600000000000005
0.9965544070245638 0.01794616151545364 29.886666666666667 0.72 0.8700000000000006
0.9951094809380905 0.01694915254237288 29.843333333333334 0.68 0.8800000000000006
0.9933311103701233 0.013958125623130608 29.79 0.56 0.8900000000000006
0.9904412581971769 0.011964107676969093 29.703333333333333 0.48 0.9000000000000006
0.9888851839502056 0.006979062811565304 29.656666666666666 0.28 0.9100000000000006
0.9867733689007447 0.004985044865403789 29.593333333333334 0.2 0.9200000000000006
0.9855507391352674 0.0019940179461615153 29.55666666666667 0.08 0.9300000000000006
0.982105146159831 0.0 29.453333333333333 0.0 0.9400000000000006
0.9795487384683783 0.0 29.376666666666665 0.0 0.9500000000000006
0.9767700344559298 0.0 29.293333333333333 0.0 0.9600000000000006
0.972212959875514 0.0 29.156666666666666 0.0 0.9700000000000006
0.9608758475047238 0.0 28.816666666666666 0.0 0.9800000000000006
0.9264199177503613 0.0 27.783333333333335 0.0 0.9900000000000007
0.0 0.0 0.0 0.0
