1.0 1.0 29.99 25.075 0.0
1.0 0.9800598205383848 29.99 24.575 0.01
1.0 0.9611166500498505 29.99 24.1 0.02
1.0 0.942173479561316 29.99 23.625 0.03
1.0 0.9232303090727817 29.99 23.15 0.04
1.0 0.9102691924227319 29.99 22.825 0.05
1.0 0.8823529411764706 29.99 22.125 0.060000000000000005
1.0 0.8823529411764706 29.99 22.125 0.07
1.0 0.8763708873379861 29.99 21.975 0.08
1.0 0.8693918245264207 29.99 21.8 0.09
1.0 0.8624127617148555 29.99 21.625 0.09999999999999999
1.0 0.8544366899302094 29.99 21.425 0.10999999999999999
1.0 0.847457627118644 29.99 21.25 0.11999999999999998
1.0 0.8404785643070788 29.99 21.075 0.12999999999999998
1.0 0.8334995014955134 29.99 20.9 0.13999999999999999
1.0 0.8265204386839482 29.99 20.725 0.15
1.0 0.8125623130608175 29.99 20.375 0.16
1.0 0.80259222333001 29.99 20.125 0.17
1.0 0.7906281156530409 29.99 19.825 0.18000000000000002
1.0 0.7786640079760718 29.99 19.525 0.19000000000000003
1.0 0.773678963110668 29.99 19.4 0.20000000000000004
1.0 0.7666999002991027 29.99 19.225 0.21000000000000005
1.0 0.7647058823529411 29.99 19.175 0.22000000000000006
1.0 0.7577268195413759 29.99 19.0 0.23000000000000007
1.0 0.7537387836490529 29.99 18.9 0.24000000000000007
1.0 0.748753738783649 29.99 18.775 0.25000000000000006
1.0 0.7437686939182453 29.99 18.65 0.26000000000000006
1.0 0.7417746759720838 29.99 18.6 0.2700000000000001
1.0 0.7377866400797607 29.99 18.5 0.2800000000000001
1.0 0.732801595214357 29.99 18.375 0.2900000000000001
1.0 0.7318045862412762 29.99 18.35 0.3000000000000001
1.0 0.7298105682951147 29.99 18.3 0.3100000000000001
1.0 0.7208374875373879 29.99 18.075 0.3200000000000001
1.0 0.715852442671984 29.99 17.95 0.3300000000000001
1.0 0.7128614157527418 29.99 17.875 0.34000000000000014
1.0 0.7108673978065803 29.99 17.825 0.35000000000000014
1.0 0.7048853439680958 29.99 17.675 0.36000000000000015
1.0 0.6969092721834497 29.99 17.475 0.37000000000000016
1.0 0.6879361914257228 29.99 17.25 0.38000000000000017
1.0 0.678963110667996 29.99 17.025 0.3900000000000002
1.0 0.6669990029910269 29.99 16.725 0.4000000000000002
1.0 0.6620139581256231 29.99 16.6 0.4100000000000002
1.0 0.6550348953140578 29.99 16.425 0.4200000000000002
1.0 0.6440677966101694 29.99 16.15 0.4300000000000002
1.0 0.634097706879362 29.99 15.9 0.4400000000000002
1.0 0.6281156530408774 29.99 15.75 0.45000000000000023
1.0 0.6201395812562313 29.99 15.55 0.46000000000000024
1.0 0.6111665004985045 29.99 15.325 0.47000000000000025
1.0 0.6071784646061814 29.99 15.225 0.48000000000000026
1.0 0.6011964107676969 29.99 15.075 0.49000000000000027
1.0 0.5952143569292123 29.99 14.925 0.5000000000000002
1.0 0.5852442671984048 29.99 14.675 0.5100000000000002
1.0 0.5792622133599202 29.99 14.525 0.5200000000000002
1.0 0.5792622133599202 29.99 14.525 0.5300000000000002
1.0 0.5712861415752741 29.99 14.325 0.5400000000000003
1.0 0.5672981056829511 29.99 14.225 0.5500000000000003
1.0 0.5623130608175474 29.99 14.1 0.5600000000000003
1.0 0.5603190428713859 29.99 14.05 0.5700000000000003
1.0 0.5563310069790628 29.99 13.95 0.5800000000000003
1.0 0.5503489531405783 29.99 13.8 0.5900000000000003
1.0 0.5483549351944168 29.99 13.75 0.6000000000000003
1.0 0.5453639082751744 29.99 13.675 0.6100000000000003
1.0 0.543369890329013 29.99 13.625 0.6200000000000003
1.0 0.5403788634097707 29.99 13.55 0.6300000000000003
1.0 0.5353938185443669 29.99 13.425 0.6400000000000003
1.0 0.5304087736789631 29.99 13.3 0.6500000000000004
1.0 0.5254237288135594 29.99 13.175 0.6600000000000004
1.0 0.514456630109671 29.99 12.9 0.6700000000000004
1.0 0.5094715852442672 29.99 12.775 0.6800000000000004
1.0 0.5054835493519442 29.99 12.675 0.6900000000000004
1.0 0.4915254237288136 29.99 12.325 0.7000000000000004
1.0 0.481555333998006 29.99 12.075 0.7100000000000004
1.0 0.47557328015952144 29.99 11.925 0.7200000000000004
1.0 0.47058823529411764 29.99 11.8 0.7300000000000004
1.0 0.46161515453639085 29.99 11.575 0.7400000000000004
1.0 0.4546360917248255 29.99 11.4 0.7500000000000004
1.0 0.4506480558325025 29.99 11.3 0.7600000000000005
1.0 0.4456630109670987 29.99 11.175 0.7700000000000005
1.0 0.4386839481555334 29.99 11.0 0.7800000000000005
1.0 0.42971086739780656 29.99 10.775 0.7900000000000005
0.999888851839502 0.423728813559322 29.986666666666668 10.625 0.8000000000000005
0.999888851839502 0.419740777666999 29.986666666666668 10.525 0.8100000000000005
0.999888851839502 0.4087736789631107 29.986666666666668 10.25 0.8200000000000005
0.9994442591975102 0.40279162512462613 29.973333333333333 10.1 0.8300000000000005
0.9987773702345226 0.39581256231306083 29.953333333333333 9.925 0.8400000000000005
0.9984439257530288 0.386839481555334 29.94333333333333 9.7 0.8500000000000005
0.9975547404690452 0.3798604187437687 29.916666666666668 9.525 0.8600000000000005
0.9954429254195843 0.37188434695912265 29.85333333333333 9.325 0.8700000000000006
0.992108480604646 0.3629112662013958 29.753333333333334 9.1 0.8800000000000006
0.9887740357897077 0.34496510468594216 29.653333333333332 8.65 0.8900000000000006
0.9851061464932755 0.3300099700897308 29.543333333333333 8.275 0.9000000000000006
0.9804379237523619 0.32103688933200397 29.403333333333332 8.05 0.9100000000000006
0.9757697010114482 0.30807577268195413 29.263333333333332 7.725 0.9200000000000006
0.9738801822829832 0.2971086739780658 29.206666666666667 7.45 0.9300000000000006
0.9708791819495387 0.28414755732801594 29.116666666666667 7.125 0.9400000000000006
0.9674335889741025 0.26021934197407776 29.013333333333332 6.525 0.9500000000000006
0.9608758475047238 0.23728813559322035 28.816666666666666 5.95 0.9600000000000006
0.9518728465043903 0.20638085742771686 28.546666666666667 5.175 0.9700000000000006
0.9375347338001556 0.17248255234297108 28.116666666666667 4.325 0.9800000000000006
0.8917416916750027 0.11365902293120637 26.743333333333332 2.85 0.9900000000000007
0.0 0.0 0.0 0.0
