1.0 1.0 11.24625 25.075 0.0
1.0 0.6679960119641076 11.24625 16.75 0.01
1.0 0.5064805583250249 11.24625 12.7 0.02
1.0 0.43469591226321036 11.24625 10.9 0.03
1.0 0.4067796610169492 11.24625 10.2 0.04
1.0 0.3778664007976072 11.24625 9.475 0.05
1.0 0.34297108673978066 11.24625 8.6 0.060000000000000005
1.0 0.34297108673978066 11.24625 8.6 0.07
1.0 0.3270189431704885 11.24625 8.2 0.08
1.0 0.30608175473579263 11.24625 7.675 0.09
1.0 0.2931206380857428 11.24625 7.35 0.09999999999999999
1.0 0.28215353938185445 11.24625 7.075 0.10999999999999999
1.0 0.2741774675972084 11.24625 6.875 0.11999999999999998
1.0 0.26719840478564305 11.24625 6.7 0.12999999999999998
1.0 0.2622133599202393 11.24625 6.575 0.13999999999999999
1.0 0.2542372881355932 11.24625 6.375 0.15
1.0 0.24825523429710866 11.24625 6.225 0.16
1.0 0.2432701894317049 11.24625 6.1 0.17
1.0 0.23728813559322035 11.24625 5.95 0.18000000000000002
1.0 0.2333000997008973 11.24625 5.85 0.19000000000000003
1.0 0.23030907278165502 11.24625 5.775 0.20000000000000004
1.0 0.22432701894317048 11.24625 5.625 0.21000000000000005
1.0 0.21535393818544366 11.24625 5.4 0.22000000000000006
1.0 0.21335992023928216 11.24625 5.35 0.23000000000000007
1.0 0.21136590229312063 11.24625 5.3 0.24000000000000007
1.0 0.20837487537387836 11.24625 5.225 0.25000000000000006
1.0 0.2033898305084746 11.24625 5.1 0.26000000000000006
1.0 0.20039880358923232 11.24625 5.025 0.2700000000000001
1.0 0.19740777666999004 11.24625 4.95 0.2800000000000001
1.0 0.19641076769690927 11.24625 4.925 0.2900000000000001
1.0 0.193419740777667 11.24625 4.85 0.3000000000000001
1.0 0.18943170488534397 11.24625 4.75 0.3100000000000001
1.0 0.18743768693918245 11.24625 4.7 0.3200000000000001
1.0 0.18444666001994017 11.24625 4.625 0.3300000000000001
1.0 0.18344965104685942 11.24625 4.6 0.34000000000000014
1.0 0.1794616151545364 11.24625 4.5 0.35000000000000014
1.0 0.1744765702891326 11.24625 4.375 0.36000000000000015
1.0 0.17347956131605186 11.24625 4.35 0.37000000000000016
1.0 0.17248255234297108 11.24625 4.325 0.38000000000000017
1.0 0.17048853439680958 11.24625 4.275 0.3900000000000002
1.0 0.1674975074775673 11.24625 4.2 0.4000000000000002
1.0 0.16550348953140578 11.24625 4.15 0.4100000000000002
1.0 0.16051844466600199 11.24625 4.025 0.4200000000000002
1.0 0.15952143569292124 11.24625 4.0 0.4300000000000002
1.0 0.1585244267198405 11.24625 3.975 0.4400000000000002
1.0 0.15553339980059822 11.24625 3.9 0.45000000000000023
1.0 0.15453639082751744 11.24625 3.875 0.46000000000000024
1.0 0.15254237288135594 11.24625 3.825 0.47000000000000025
1.0 0.15254237288135594 11.24625 3.825 0.48000000000000026
1.0 0.1485543369890329 11.24625 3.725 0.49000000000000027
1.0 0.1415752741774676 11.24625 3.55 0.5000000000000002
1.0 0.13958125623130607 11.24625 3.5 0.5100000000000002
1.0 0.1345962113659023 11.24625 3.375 0.5200000000000002
1.0 0.13359920239282153 11.24625 3.35 0.5300000000000002
1.0 0.13260219341974078 11.24625 3.325 0.5400000000000003
1.0 0.1296111665004985 11.24625 3.25 0.5500000000000003
1.0 0.12761714855433698 11.24625 3.2 0.5600000000000003
1.0 0.12662013958125623 11.24625 3.175 0.5700000000000003
1.0 0.12562313060817548 11.24625 3.15 0.5800000000000003
1.0 0.12562313060817548 11.24625 3.15 0.5900000000000003
1.0 0.12362911266201396 11.24625 3.1 0.6000000000000003
1.0 0.1226321036889332 11.24625 3.075 0.6100000000000003
1.0 0.11764705882352941 11.24625 2.95 0.6200000000000003
1.0 0.11465603190428714 11.24625 2.875 0.6300000000000003
1.0 0.11266201395812563 11.24625 2.825 0.6400000000000003
1.0 0.11266201395812563 11.24625 2.825 0.6500000000000004
1.0 0.11166500498504486 11.24625 2.8 0.6600000000000004
1.0 0.11166500498504486 11.24625 2.8 0.6700000000000004
1.0 0.1106679960119641 11.24625 2.775 0.6800000000000004
1.0 0.10667996011964108 11.24625 2.675 0.6900000000000004
1.0 0.10667996011964108 11.24625 2.675 0.7000000000000004
1.0 0.10468594217347957 11.24625 2.625 0.7100000000000004
1.0 0.1036889332003988 11.24625 2.6 0.7200000000000004
1.0 0.1036889332003988 11.24625 2.6 0.7300000000000004
1.0 0.1016949152542373 11.24625 2.55 0.7400000000000004
1.0 0.09970089730807577 11.24625 2.5 0.7500000000000004
1.0 0.09770687936191426 11.24625 2.45 0.7600000000000005
1.0 0.09471585244267199 11.24625 2.375 0.7700000000000005
1.0 0.09371884346959122 11.24625 2.35 0.7800000000000005
1.0 0.09072781655034895 11.24625 2.275 0.7900000000000005
1.0 0.08873379860418744 11.24625 2.225 0.8000000000000005
1.0 0.08374875373878365 11.24625 2.1 0.8100000000000005
1.0 0.08175473579262213 11.24625 2.05 0.8200000000000005
1.0 0.07776669990029911 11.24625 1.95 0.8300000000000005
1.0 0.07577268195413758 11.24625 1.9 0.8400000000000005
1.0 0.07377866400797607 11.24625 1.85 0.8500000000000005
0.999888851839502 0.06879361914257229 11.245 1.725 0.8600000000000005
0.999888851839502 0.06679960119641076 11.245 1.675 0.8700000000000006
0.999888851839502 0.06480558325024925 11.245 1.625 0.8800000000000006
0.999888851839502 0.06181455633100698 11.245 1.55 0.8900000000000006
0.999888851839502 0.058823529411764705 11.245 1.475 0.9000000000000006
0.999888851839502 0.058823529411764705 11.245 1.475 0.9100000000000006
0.999888851839502 0.05782652043868395 11.245 1.45 0.9200000000000006
0.999888851839502 0.054835493519441676 11.245 1.375 0.9300000000000006
0.999888851839502 0.053838484546360914 11.245 1.35 0.9400000000000006
0.999888851839502 0.04885343968095713 11.245 1.225 0.9500000000000006
0.9997777036790041 0.0448654037886341 11.24375 1.125 0.9600000000000006
0.9996665555185061 0.038883349950149554 11.2425 0.975 0.9700000000000006
0.9996665555185061 0.03389830508474576 11.2425 0.85 0.9800000000000006
0.9986662220740247 0.02193419740777667 11.23125 0.55 0.9900000000000007
0.0 0.0 0.0 0.0
