1.0 1.0 44.985 100.3 0.0
1.0 0.9890329012961117 44.985 99.2 0.01
1.0 0.9641076769690927 44.985 96.7 0.02
1.0 0.9491525423728814 44.985 95.2 0.03
1.0 0.942173479561316 44.985 94.5 0.04
1.0 0.9272183449651047 44.985 93.0 0.05
1.0 0.9022931206380858 44.985 90.5 0.060000000000000005
1.0 0.9022931206380858 44.985 90.5 0.07
1.0 0.8913260219341974 44.985 89.4 0.08
1.0 0.8773678963110668 44.985 88.0 0.09
1.0 0.8733798604187437 44.985 87.6 0.09999999999999999
1.0 0.8624127617148555 44.985 86.5 0.10999999999999999
1.0 0.8524426719840479 44.985 85.5 0.11999999999999998
1.0 0.843469591226321 44.985 84.6 0.12999999999999998
1.0 0.8404785643070788 44.985 84.3 0.13999999999999999
1.0 0.8334995014955134 44.985 83.6 0.15
1.0 0.8225324027916251 44.985 82.5 0.16
1.0 0.8125623130608175 44.985 81.5 0.17
1.0 0.7746759720837487 44.985 77.7 0.18000000000000002
1.0 0.7607178464606181 44.985 76.3 0.19000000000000003
1.0 0.7477567298105683 44.985 75.0 0.20000000000000004
1.0 0.7397806580259222 44.985 74.2 0.21000000000000005
1.0 0.7308075772681955 44.985 73.3 0.22000000000000006
1.0 0.7218344965104686 44.985 72.4 0.23000000000000007
1.0 0.7178464606181456 44.985 72.0 0.24000000000000007
1.0 0.7128614157527418 44.985 71.5 0.25000000000000006
1.0 0.7098703888334995 44.985 71.2 0.26000000000000006
1.0 0.7068793619142573 44.985 70.9 0.2700000000000001
1.0 0.7048853439680958 44.985 70.7 0.2800000000000001
1.0 0.7018943170488534 44.985 70.4 0.2900000000000001
1.0 0.6989032901296112 44.985 70.1 0.3000000000000001
1.0 0.6969092721834497 44.985 69.9 0.3100000000000001
1.0 0.6939182452642074 44.985 69.6 0.3200000000000001
1.0 0.6879361914257228 44.985 69.0 0.3300000000000001
1.0 0.6839481555333998 44.985 68.6 0.34000000000000014
1.0 0.6799601196410767 44.985 68.2 0.35000000000000014
1.0 0.674975074775673 44.985 67.7 0.36000000000000015
1.0 0.6689930209371885 44.985 67.1 0.37000000000000016
1.0 0.6530408773678963 44.985 65.5 0.38000000000000017
1.0 0.6370887337986042 44.985 63.9 0.3900000000000002
1.0 0.6161515453639083 44.985 61.8 0.4000000000000002
1.0 0.5982053838484547 44.985 60.0 0.4100000000000002
1.0 0.576271186440678 44.985 57.8 0.4200000000000002
1.0 0.5503489531405783 44.985 55.2 0.4300000000000002
1.0 0.5254237288135594 44.985 52.7 0.4400000000000002
1.0 0.5064805583250249 44.985 50.8 0.45000000000000023
1.0 0.4915254237288136 44.985 49.3 0.46000000000000024
1.0 0.47756729810568294 44.985 47.9 0.47000000000000025
1.0 0.46061814556331004 44.985 46.2 0.48000000000000026
1.0 0.4506480558325025 44.985 45.2 0.49000000000000027
1.0 0.4436689930209372 44.985 44.5 0.5000000000000002
1.0 0.4356929212362911 44.985 43.7 0.5100000000000002
1.0 0.4317048853439681 44.985 43.3 0.5200000000000002
1.0 0.42771684945164506 44.985 42.9 0.5300000000000002
1.0 0.4267198404785643 44.985 42.8 0.5400000000000003
1.0 0.4217347956131605 44.985 42.3 0.5500000000000003
1.0 0.419740777666999 44.985 42.1 0.5600000000000003
1.0 0.41774675972083747 44.985 41.9 0.5700000000000003
1.0 0.41774675972083747 44.985 41.9 0.5800000000000003
1.0 0.4167497507477567 44.985 41.8 0.5900000000000003
1.0 0.4137587238285145 44.985 41.5 0.6000000000000003
1.0 0.4107676969092722 44.985 41.2 0.6100000000000003
1.0 0.4077766699900299 44.985 40.9 0.6200000000000003
1.0 0.39980059820538383 44.985 40.1 0.6300000000000003
1.0 0.39082751744765704 44.985 39.2 0.6400000000000003
1.0 0.382851445663011 44.985 38.4 0.6500000000000004
1.0 0.3728813559322034 44.985 37.4 0.6600000000000004
1.0 0.36390827517447655 44.985 36.5 0.6700000000000004
1.0 0.35294117647058826 44.985 35.4 0.6800000000000004
1.0 0.3389830508474576 44.985 34.0 0.6900000000000004
1.0 0.3180458624127617 44.985 31.9 0.7000000000000004
1.0 0.29910269192422734 44.985 30.0 0.7100000000000004
1.0 0.2781655034895314 44.985 27.9 0.7200000000000004
1.0 0.25822532402791626 44.985 25.9 0.7300000000000004
1.0 0.23629112662013957 44.985 23.7 0.7400000000000004
1.0 0.21635094715852443 44.985 21.7 0.7500000000000004
1.0 0.1984047856430708 44.985 19.9 0.7600000000000005
1.0 0.18843469591226322 44.985 18.9 0.7700000000000005
1.0 0.17746759720837488 44.985 17.8 0.7800000000000005
0.9997777036790041 0.17248255234297108 44.975 17.3 0.7900000000000005
0.9996665555185061 0.1694915254237288 44.97 17.0 0.8000000000000005
0.9992219628765144 0.1674975074775673 44.95 16.8 0.8100000000000005
0.9984439257530288 0.16450648055832504 44.915 16.5 0.8200000000000005
0.9975547404690452 0.16051844466600199 44.875 16.1 0.8300000000000005
0.9956652217405801 0.15952143569292124 44.79 16.0 0.8400000000000005
0.9925530732466378 0.15254237288135594 44.65 15.3 0.8500000000000005
0.9876625541847283 0.1465603190428714 44.43 14.7 0.8600000000000005
0.980215627431366 0.13359920239282153 44.095 13.4 0.8700000000000006
0.9708791819495387 0.11764705882352941 43.675 11.8 0.8800000000000006
0.9590974769367567 0.09571286141575275 43.145 9.6 0.8900000000000006
0.9437590307880405 0.08075772681954138 42.455 8.1 0.9000000000000006
0.9319773257752584 0.06480558325024925 41.925 6.5 0.9100000000000006
0.9206402134044681 0.047856430707876374 41.415 4.8 0.9200000000000006
0.9118595087251306 0.03788634097706879 41.02 3.8 0.9300000000000006
0.903078804045793 0.03389830508474576 40.625 3.4 0.9400000000000006
0.8961876180949205 0.022931206380857428 40.315 2.3 0.9500000000000006
0.8897410247860398 0.018943170488534396 40.025 1.9 0.9600000000000006
0.879404245859731 0.018943170488534396 39.56 1.9 0.9700000000000006
0.8495053906857841 0.018943170488534396 38.215 1.9 0.9800000000000006
0.7592530843614538 0.018943170488534396 34.155 1.9 0.9900000000000007
0.0 0.0 0.0 0.0
