1.0 1.0 89.97 200.6 0.0
1.0 1.0 89.97 200.6 0.01
1.0 0.9990029910269193 89.97 200.4 0.02
1.0 0.996011964107677 89.97 199.8 0.03
1.0 0.9910269192422732 89.97 198.8 0.04
1.0 0.9880358923230309 89.97 198.2 0.05
1.0 0.9820538384845464 89.97 197.0 0.060000000000000005
1.0 0.9820538384845464 89.97 197.0 0.07
1.0 0.9820538384845464 89.97 197.0 0.08
1.0 0.9790628115653041 89.97 196.4 0.09
1.0 0.9780658025922233 89.97 196.2 0.09999999999999999
1.0 0.9770687936191426 89.97 196.0 0.10999999999999999
1.0 0.9750747756729811 89.97 195.6 0.11999999999999998
1.0 0.9720837487537388 89.97 195.0 0.12999999999999998
1.0 0.9700897308075773 89.97 194.6 0.13999999999999999
1.0 0.9690927218344965 89.97 194.4 0.15
1.0 0.9690927218344965 89.97 194.4 0.16
1.0 0.9661016949152542 89.97 193.8 0.17
1.0 0.9611166500498505 89.97 192.8 0.18000000000000002
1.0 0.9581256231306082 89.97 192.2 0.19000000000000003
1.0 0.9521435692921236 89.97 191.0 0.20000000000000004
1.0 0.9471585244267199 89.97 190.0 0.21000000000000005
1.0 0.9441674975074775 89.97 189.4 0.22000000000000006
1.0 0.942173479561316 89.97 189.0 0.23000000000000007
1.0 0.9401794616151545 89.97 188.6 0.24000000000000007
1.0 0.9391824526420738 89.97 188.4 0.25000000000000006
1.0 0.9391824526420738 89.97 188.4 0.26000000000000006
1.0 0.9391824526420738 89.97 188.4 0.2700000000000001
1.0 0.938185443668993 89.97 188.2 0.2800000000000001
1.0 0.9371884346959123 89.97 188.0 0.2900000000000001
1.0 0.9371884346959123 89.97 188.0 0.3000000000000001
1.0 0.9371884346959123 89.97 188.0 0.3100000000000001
1.0 0.9361914257228315 89.97 187.8 0.3200000000000001
1.0 0.9361914257228315 89.97 187.8 0.3300000000000001
1.0 0.9312063808574277 89.97 186.8 0.34000000000000014
1.0 0.9302093718843469 89.97 186.6 0.35000000000000014
1.0 0.9262213359920239 89.97 185.8 0.36000000000000015
1.0 0.922233300099701 89.97 185.0 0.37000000000000016
1.0 0.9152542372881356 89.97 183.6 0.38000000000000017
1.0 0.9022931206380858 89.97 181.0 0.3900000000000002
1.0 0.8923230309072782 89.97 179.0 0.4000000000000002
1.0 0.8783649052841476 89.97 176.2 0.4100000000000002
1.0 0.8703888334995015 89.97 174.6 0.4200000000000002
1.0 0.8634097706879362 89.97 173.2 0.4300000000000002
1.0 0.8504486540378864 89.97 170.6 0.4400000000000002
1.0 0.8414755732801595 89.97 168.8 0.45000000000000023
1.0 0.8334995014955134 89.97 167.2 0.46000000000000024
1.0 0.827517447657029 89.97 166.0 0.47000000000000025
1.0 0.8215353938185443 89.97 164.8 0.48000000000000026
1.0 0.8185443668993021 89.97 164.2 0.49000000000000027
1.0 0.8145563310069791 89.97 163.4 0.5000000000000002
1.0 0.810568295114656 89.97 162.6 0.5100000000000002
1.0 0.8095712861415753 89.97 162.4 0.5200000000000002
1.0 0.8045862412761715 89.97 161.4 0.5300000000000002
1.0 0.80259222333001 89.97 161.0 0.5400000000000003
1.0 0.8005982053838484 89.97 160.6 0.5500000000000003
1.0 0.7956131605184447 89.97 159.6 0.5600000000000003
1.0 0.7946161515453639 89.97 159.4 0.5700000000000003
1.0 0.7936191425722832 89.97 159.2 0.5800000000000003
1.0 0.7906281156530409 89.97 158.6 0.5900000000000003
1.0 0.7876370887337986 89.97 158.0 0.6000000000000003
1.0 0.7846460618145563 89.97 157.4 0.6100000000000003
1.0 0.7776669990029911 89.97 156.0 0.6200000000000003
1.0 0.769690927218345 89.97 154.4 0.6300000000000003
1.0 0.7637088733798604 89.97 153.2 0.6400000000000003
1.0 0.752741774675972 89.97 151.0 0.6500000000000004
1.0 0.7377866400797607 89.97 148.0 0.6600000000000004
1.0 0.7238285144566301 89.97 145.2 0.6700000000000004
1.0 0.7098703888334995 89.97 142.4 0.6800000000000004
1.0 0.6829511465603191 89.97 137.0 0.6900000000000004
1.0 0.6719840478564307 89.97 134.8 0.7000000000000004
1.0 0.6490528414755733 89.97 130.2 0.7100000000000004
1.0 0.6201395812562313 89.97 124.4 0.7200000000000004
1.0 0.5982053838484547 89.97 120.0 0.7300000000000004
1.0 0.5742771684945165 89.97 115.2 0.7400000000000004
1.0 0.5463609172482552 89.97 109.6 0.7500000000000004
1.0 0.5164506480558325 89.97 103.6 0.7600000000000005
1.0 0.5024925224327019 89.97 100.8 0.7700000000000005
0.999888851839502 0.48454636091724823 89.96 97.2 0.7800000000000005
0.9996665555185061 0.4765702891326022 89.94 95.6 0.7900000000000005
0.9995554073580082 0.4666001994017946 89.93 93.6 0.8000000000000005
0.9988885183950206 0.4576271186440678 89.87 91.8 0.8100000000000005
0.9969989996665555 0.4506480558325025 89.7 90.4 0.8200000000000005
0.994109147493609 0.4386839481555334 89.44 88.0 0.8300000000000005
0.9894409247526953 0.4247258225324028 89.02 85.2 0.8400000000000005
0.982105146159831 0.4097706879361914 88.36 82.2 0.8500000000000005
0.9698788485050572 0.37886340977068794 87.26 76.0 0.8600000000000005
0.9506502167389129 0.3509471585244267 85.53 70.4 0.8700000000000006
0.9217516950094476 0.3070787637088734 82.93 61.6 0.8800000000000006
0.8884072468600644 0.27218344965104685 79.93 54.6 0.8900000000000006
0.8519506502167389 0.22432701894317048 76.65 45.0 0.9000000000000006
0.8150494609314216 0.17647058823529413 73.33 35.4 0.9100000000000006
0.7841502723129932 0.13958125623130607 70.55 28.0 0.9200000000000006
0.7576970101144826 0.10468594217347957 68.17 21.0 0.9300000000000006
0.7333555629654329 0.08873379860418744 65.98 17.8 0.9400000000000006
0.7113482271868401 0.07876370887337986 64.0 15.8 0.9500000000000006
0.6888962987662555 0.0707876370887338 61.98 14.2 0.9600000000000006
0.6613315549627654 0.05982053838484546 59.5 12.0 0.9700000000000006
0.6143158830721351 0.049850448654037885 55.27 10.0 0.9800000000000006
0.4892742025119484 0.027916251246261216 44.02 5.6 0.9900000000000007
0.0 0.0 0.0 0.0
