1.0 1.0 17.994 66.86666666666666 0.0
1.0 0.6939182452642074 17.994 46.4 0.01
1.0 0.5563310069790628 17.994 37.2 0.02
1.0 0.4835493519441675 17.994 32.333333333333336 0.03
1.0 0.4476570289132602 17.994 29.933333333333334 0.04
1.0 0.4057826520438684 17.994 27.133333333333333 0.05
1.0 0.35493519441674976 17.994 23.733333333333334 0.060000000000000005
1.0 0.35493519441674976 17.994 23.733333333333334 0.07
1.0 0.3339980059820538 17.994 22.333333333333332 0.08
1.0 0.31306081754735793 17.994 20.933333333333334 0.09
1.0 0.2971086739780658 17.994 19.866666666666667 0.09999999999999999
1.0 0.28713858424725824 17.994 19.2 0.10999999999999999
1.0 0.2781655034895314 17.994 18.6 0.11999999999999998
1.0 0.26321036889332006 17.994 17.6 0.12999999999999998
1.0 0.25324027916251246 17.994 16.933333333333334 0.13999999999999999
1.0 0.24426719840478564 17.994 16.333333333333332 0.15
1.0 0.23629112662013957 17.994 15.8 0.16
1.0 0.22532402791625125 17.994 15.066666666666666 0.17
1.0 0.20438683948155534 17.994 13.666666666666666 0.18000000000000002
1.0 0.19441674975074777 17.994 13.0 0.19000000000000003
1.0 0.18943170488534397 17.994 12.666666666666666 0.20000000000000004
1.0 0.18444666001994017 17.994 12.333333333333334 0.21000000000000005
1.0 0.17248255234297108 17.994 11.533333333333333 0.22000000000000006
1.0 0.16550348953140578 17.994 11.066666666666666 0.23000000000000007
1.0 0.16151545363908276 17.994 10.8 0.24000000000000007
1.0 0.1585244267198405 17.994 10.6 0.25000000000000006
1.0 0.15254237288135594 17.994 10.2 0.26000000000000006
1.0 0.15054835493519442 17.994 10.066666666666666 0.2700000000000001
1.0 0.14955134596211367 17.994 10.0 0.2800000000000001
1.0 0.1465603190428714 17.994 9.8 0.2900000000000001
1.0 0.1465603190428714 17.994 9.8 0.3000000000000001
1.0 0.14257228315054835 17.994 9.533333333333333 0.3100000000000001
1.0 0.13758723828514458 17.994 9.2 0.3200000000000001
1.0 0.13359920239282153 17.994 8.933333333333334 0.3300000000000001
1.0 0.12861415752741776 17.994 8.6 0.34000000000000014
1.0 0.11964107676969092 17.994 8.0 0.35000000000000014
1.0 0.11665004985044865 17.994 7.8 0.36000000000000015
1.0 0.1106679960119641 17.994 7.4 0.37000000000000016
1.0 0.10468594217347957 17.994 7.0 0.38000000000000017
1.0 0.10069790628115653 17.994 6.733333333333333 0.3900000000000002
1.0 0.09770687936191426 17.994 6.533333333333333 0.4000000000000002
1.0 0.09471585244267199 17.994 6.333333333333333 0.4100000000000002
1.0 0.08773678963110668 17.994 5.866666666666666 0.4200000000000002
1.0 0.08673978065802593 17.994 5.8 0.4300000000000002
1.0 0.07876370887337986 17.994 5.266666666666667 0.4400000000000002
1.0 0.07377866400797607 17.994 4.933333333333334 0.45000000000000023
1.0 0.0707876370887338 17.994 4.733333333333333 0.46000000000000024
1.0 0.06779661016949153 17.994 4.533333333333333 0.47000000000000025
1.0 0.06580259222333001 17.994 4.4 0.48000000000000026
1.0 0.06580259222333001 17.994 4.4 0.49000000000000027
1.0 0.06380857427716849 17.994 4.266666666666667 0.5000000000000002
1.0 0.06181455633100698 17.994 4.133333333333334 0.5100000000000002
1.0 0.058823529411764705 17.994 3.933333333333333 0.5200000000000002
1.0 0.05782652043868395 17.994 3.8666666666666667 0.5300000000000002
1.0 0.05583250249252243 17.994 3.7333333333333334 0.5400000000000003
1.0 0.05583250249252243 17.994 3.7333333333333334 0.5500000000000003
1.0 0.054835493519441676 17.994 3.6666666666666665 0.5600000000000003
1.0 0.053838484546360914 17.994 3.6 0.5700000000000003
1.0 0.049850448654037885 17.994 3.3333333333333335 0.5800000000000003
1.0 0.049850448654037885 17.994 3.3333333333333335 0.5900000000000003
1.0 0.04885343968095713 17.994 3.2666666666666666 0.6000000000000003
1.0 0.047856430707876374 17.994 3.2 0.6100000000000003
1.0 0.04685942173479561 17.994 3.1333333333333333 0.6200000000000003
1.0 0.0448654037886341 17.994 3.0 0.6300000000000003
1.0 0.04287138584247258 17.994 2.8666666666666667 0.6400000000000003
1.0 0.04287138584247258 17.994 2.8666666666666667 0.6500000000000004
1.0 0.04187437686939183 17.994 2.8 0.6600000000000004
1.0 0.040877367896311065 17.994 2.7333333333333334 0.6700000000000004
1.0 0.03788634097706879 17.994 2.533333333333333 0.6800000000000004
1.0 0.036889332003988036 17.994 2.466666666666667 0.6900000000000004
1.0 0.03489531405782652 17.994 2.3333333333333335 0.7000000000000004
1.0 0.03290129611166501 17.994 2.2 0.7100000000000004
1.0 0.031904287138584245 17.994 2.1333333333333333 0.7200000000000004
1.0 0.02991026919242273 17.994 2.0 0.7300000000000004
1.0 0.028913260219341975 17.994 1.9333333333333333 0.7400000000000004
1.0 0.027916251246261216 17.994 1.8666666666666667 0.7500000000000004
1.0 0.027916251246261216 17.994 1.8666666666666667 0.7600000000000005
1.0 0.027916251246261216 17.994 1.8666666666666667 0.7700000000000005
1.0 0.027916251246261216 17.994 1.8666666666666667 0.7800000000000005
1.0 0.0259222333000997 17.994 1.7333333333333334 0.7900000000000005
1.0 0.0259222333000997 17.994 1.7333333333333334 0.8000000000000005
1.0 0.0259222333000997 17.994 1.7333333333333334 0.8100000000000005
1.0 0.0259222333000997 17.994 1.7333333333333334 0.8200000000000005
1.0 0.0259222333000997 17.994 1.7333333333333334 0.8300000000000005
1.0 0.023928215353938187 17.994 1.6 0.8400000000000005
1.0 0.023928215353938187 17.994 1.6 0.8500000000000005
1.0 0.023928215353938187 17.994 1.6 0.8600000000000005
1.0 0.023928215353938187 17.994 1.6 0.8700000000000006
0.9997777036790041 0.022931206380857428 17.99 1.5333333333333334 0.8800000000000006
0.9995554073580082 0.02193419740777667 17.986 1.4666666666666666 0.8900000000000006
0.9994442591975102 0.020937188434695914 17.984 1.4 0.9000000000000006
0.9991108147160165 0.019940179461615155 17.978 1.3333333333333333 0.9100000000000006
0.9991108147160165 0.019940179461615155 17.978 1.3333333333333333 0.9200000000000006
0.9986662220740247 0.019940179461615155 17.97 1.3333333333333333 0.9300000000000006
0.9983327775925308 0.019940179461615155 17.964 1.3333333333333333 0.9400000000000006
0.998110481271535 0.019940179461615155 17.96 1.3333333333333333 0.9500000000000006
0.9974435923085473 0.019940179461615155 17.948 1.3333333333333333 0.9600000000000006
0.9966655551850617 0.019940179461615155 17.934 1.3333333333333333 0.9700000000000006
0.9955540735800823 0.019940179461615155 17.914 1.3333333333333333 0.9800000000000006
0.9874402578637324 0.019940179461615155 17.768 1.3333333333333333 0.9900000000000007
0.0 0.0 0.0 0.0
