1.0 1.0 29.99 20.06 0.0
1.0 0.9541375872382851 29.99 19.14 0.01
1.0 0.9082751744765702 29.99 18.22 0.02
1.0 0.8753738783649053 29.99 17.56 0.03
1.0 0.8544366899302094 29.99 17.14 0.04
1.0 0.8295114656031904 29.99 16.64 0.05
1.0 0.7856430707876371 29.99 15.76 0.060000000000000005
1.0 0.7856430707876371 29.99 15.76 0.07
1.0 0.7637088733798604 29.99 15.32 0.08
1.0 0.7387836490528414 29.99 14.82 0.09
1.0 0.7238285144566301 29.99 14.52 0.09999999999999999
1.0 0.7098703888334995 29.99 14.24 0.10999999999999999
1.0 0.7058823529411765 29.99 14.16 0.11999999999999998
1.0 0.6969092721834497 29.99 13.98 0.12999999999999998
1.0 0.6849451645064806 29.99 13.74 0.13999999999999999
1.0 0.6679960119641076 29.99 13.4 0.15
1.0 0.6550348953140578 29.99 13.14 0.16
1.0 0.6360917248255235 29.99 12.76 0.17
1.0 0.6031904287138584 29.99 12.1 0.18000000000000002
1.0 0.5912263210368893 29.99 11.86 0.19000000000000003
1.0 0.5782652043868395 29.99 11.6 0.20000000000000004
1.0 0.5633100697906281 29.99 11.3 0.21000000000000005
1.0 0.5503489531405783 29.99 11.04 0.22000000000000006
1.0 0.5453639082751744 29.99 10.94 0.23000000000000007
1.0 0.53938185443669 29.99 10.82 0.24000000000000007
1.0 0.5353938185443669 29.99 10.74 0.25000000000000006
1.0 0.5324027916251246 29.99 10.68 0.26000000000000006
1.0 0.5234297108673978 29.99 10.5 0.2700000000000001
1.0 0.518444666001994 29.99 10.4 0.2800000000000001
1.0 0.5174476570289133 29.99 10.38 0.2900000000000001
1.0 0.5154536390827518 29.99 10.34 0.3000000000000001
1.0 0.5114656031904287 29.99 10.26 0.3100000000000001
1.0 0.5034895314057827 29.99 10.1 0.3200000000000001
1.0 0.4985044865403789 29.99 10.0 0.3300000000000001
1.0 0.4935194416749751 29.99 9.9 0.34000000000000014
1.0 0.4865403788634098 29.99 9.76 0.35000000000000014
1.0 0.47557328015952144 29.99 9.54 0.36000000000000015
1.0 0.46560319042871384 29.99 9.34 0.37000000000000016
1.0 0.4506480558325025 29.99 9.04 0.38000000000000017
1.0 0.4317048853439681 29.99 8.66 0.3900000000000002
1.0 0.4187437686939183 29.99 8.4 0.4000000000000002
1.0 0.39980059820538383 29.99 8.02 0.4100000000000002
1.0 0.38584247258225324 29.99 7.74 0.4200000000000002
1.0 0.3728813559322034 29.99 7.48 0.4300000000000002
1.0 0.3609172482552343 29.99 7.24 0.4400000000000002
1.0 0.3489531405782652 29.99 7.0 0.45000000000000023
1.0 0.3389830508474576 29.99 6.8 0.46000000000000024
1.0 0.33100697906281157 29.99 6.64 0.47000000000000025
1.0 0.3220338983050847 29.99 6.46 0.48000000000000026
1.0 0.3140578265204387 29.99 6.3 0.49000000000000027
1.0 0.31106679960119643 29.99 6.24 0.5000000000000002
1.0 0.3070787637088734 29.99 6.16 0.5100000000000002
1.0 0.3050847457627119 29.99 6.12 0.5200000000000002
1.0 0.29810568295114653 29.99 5.98 0.5300000000000002
1.0 0.29611166500498504 29.99 5.94 0.5400000000000003
1.0 0.29411764705882354 29.99 5.9 0.5500000000000003
1.0 0.29112662013958124 29.99 5.84 0.5600000000000003
1.0 0.29112662013958124 29.99 5.84 0.5700000000000003
1.0 0.2901296111665005 29.99 5.82 0.5800000000000003
1.0 0.28713858424725824 29.99 5.76 0.5900000000000003
1.0 0.2831505483549352 29.99 5.68 0.6000000000000003
1.0 0.28015952143569295 29.99 5.62 0.6100000000000003
1.0 0.28015952143569295 29.99 5.62 0.6200000000000003
1.0 0.27716849451645065 29.99 5.56 0.6300000000000003
1.0 0.2741774675972084 29.99 5.5 0.6400000000000003
1.0 0.26520438683948155 29.99 5.32 0.6500000000000004
1.0 0.25324027916251246 29.99 5.08 0.6600000000000004
1.0 0.24426719840478564 29.99 4.9 0.6700000000000004
1.0 0.23429710867397807 29.99 4.7 0.6800000000000004
1.0 0.21834496510468593 29.99 4.38 0.6900000000000004
1.0 0.1984047856430708 29.99 3.98 0.7000000000000004
1.0 0.18045862412761715 29.99 3.62 0.7100000000000004
1.0 0.16849451645064806 29.99 3.38 0.7200000000000004
1.0 0.15254237288135594 29.99 3.06 0.7300000000000004
1.0 0.13858424725822532 29.99 2.78 0.7400000000000004
1.0 0.12462612163509472 29.99 2.5 0.7500000000000004
1.0 0.11764705882352941 29.99 2.36 0.7600000000000005
1.0 0.11465603190428714 29.99 2.3 0.7700000000000005
1.0 0.11266201395812563 29.99 2.26 0.7800000000000005
1.0 0.10967098703888335 29.99 2.2 0.7900000000000005
1.0 0.10767696909272183 29.99 2.16 0.8000000000000005
0.9997777036790041 0.10468594217347957 29.983333333333334 2.1 0.8100000000000005
0.9996665555185061 0.09970089730807577 29.98 2.0 0.8200000000000005
0.9994442591975102 0.09272183449651047 29.973333333333333 1.86 0.8300000000000005
0.9984439257530288 0.09072781655034895 29.94333333333333 1.82 0.8400000000000005
0.9971101478270534 0.08673978065802593 29.903333333333332 1.74 0.8500000000000005
0.9954429254195843 0.08075772681954138 29.85333333333333 1.62 0.8600000000000005
0.9927753695676337 0.07278165503489531 29.773333333333333 1.46 0.8700000000000006
0.9894409247526953 0.06679960119641076 29.673333333333332 1.34 0.8800000000000006
0.9839946648882961 0.06081754735792622 29.51 1.22 0.8900000000000006
0.9777703679004113 0.04885343968095713 29.323333333333334 0.98 0.9000000000000006
0.9713237745915305 0.03589232303090728 29.13 0.72 0.9100000000000006
0.966544403690119 0.03090727816550349 28.986666666666668 0.62 0.9200000000000006
0.962431921751695 0.0259222333000997 28.863333333333333 0.52 0.9300000000000006
0.9583194398132711 0.022931206380857428 28.74 0.46 0.9400000000000006
0.9532066244303656 0.022931206380857428 28.586666666666666 0.46 0.9500000000000006
0.9473157719239746 0.019940179461615155 28.41 0.4 0.9600000000000006
0.938868511726131 0.019940179461615155 28.156666666666666 0.4 0.9700000000000006
0.920862509725464 0.019940179461615155 27.616666666666667 0.4 0.9800000000000006
0.8595087251305991 0.019940179461615155 25.776666666666667 0.4 0.9900000000000007
0.0 0.0 0.0 0.0
