0.0 0.7976071784646062 0.0 20.0 0.0
0.0 0.7976071784646062 0.0 20.0 0.01
0.0 0.7976071784646062 0.0 20.0 0.02
0.0 0.7976071784646062 0.0 20.0 0.03
0.0 0.7976071784646062 0.0 20.0 0.04
0.0 0.7976071784646062 0.0 20.0 0.05
0.0 0.7976071784646062 0.0 20.0 0.060000000000000005
0.0 0.7976071784646062 0.0 20.0 0.07
0.0 0.7976071784646062 0.0 20.0 0.08
0.0 0.7976071784646062 0.0 20.0 0.09
0.0 0.7976071784646062 0.0 20.0 0.09999999999999999
0.0 0.7976071784646062 0.0 20.0 0.10999999999999999
0.0 0.7976071784646062 0.0 20.0 0.11999999999999998
0.0 0.7976071784646062 0.0 20.0 0.12999999999999998
0.0 0.7976071784646062 0.0 20.0 0.13999999999999999
0.0 0.7976071784646062 0.0 20.0 0.15
0.0 0.7976071784646062 0.0 20.0 0.16
0.0 0.7976071784646062 0.0 20.0 0.17
0.0 0.7976071784646062 0.0 20.0 0.18000000000000002
0.0 0.7976071784646062 0.0 20.0 0.19000000000000003
0.0 0.7976071784646062 0.0 20.0 0.20000000000000004
0.0 0.7976071784646062 0.0 20.0 0.21000000000000005
0.0 0.7976071784646062 0.0 20.0 0.22000000000000006
0.0 0.7976071784646062 0.0 20.0 0.23000000000000007
0.0 0.7976071784646062 0.0 20.0 0.24000000000000007
0.0 0.7976071784646062 0.0 20.0 0.25000000000000006
0.0 0.7976071784646062 0.0 20.0 0.26000000000000006
0.0 0.7976071784646062 0.0 20.0 0.2700000000000001
0.0 0.7976071784646062 0.0 20.0 0.2800000000000001
0.0 0.7976071784646062 0.0 20.0 0.2900000000000001
0.0 0.7976071784646062 0.0 20.0 0.3000000000000001
0.0 0.7976071784646062 0.0 20.0 0.3100000000000001
0.0 0.7976071784646062 0.0 20.0 0.3200000000000001
0.0 0.7976071784646062 0.0 20.0 0.3300000000000001
0.0 0.7976071784646062 0.0 20.0 0.34000000000000014
0.0 0.7976071784646062 0.0 20.0 0.35000000000000014
0.0 0.7976071784646062 0.0 20.0 0.36000000000000015
0.0 0.7976071784646062 0.0 20.0 0.37000000000000016
0.0 0.7976071784646062 0.0 20.0 0.38000000000000017
0.0 0.7976071784646062 0.0 20.0 0.3900000000000002
0.0 0.7976071784646062 0.0 20.0 0.4000000000000002
0.0 0.7976071784646062 0.0 20.0 0.4100000000000002
0.0 0.7976071784646062 0.0 20.0 0.4200000000000002
0.0 0.7976071784646062 0.0 20.0 0.4300000000000002
0.0 0.7976071784646062 0.0 20.0 0.4400000000000002
0.0 0.7976071784646062 0.0 20.0 0.45000000000000023
0.0 0.7976071784646062 0.0 20.0 0.46000000000000024
0.0 0.7976071784646062 0.0 20.0 0.47000000000000025
0.0 0.7976071784646062 0.0 20.0 0.48000000000000026
0.0 0.7976071784646062 0.0 20.0 0.49000000000000027
0.0 0.7976071784646062 0.0 20.0 0.5000000000000002
0.0 0.7976071784646062 0.0 20.0 0.5100000000000002
0.0 0.7976071784646062 0.0 20.0 0.5200000000000002
0.0 0.7976071784646062 0.0 20.0 0.5300000000000002
0.0 0.7966101694915254 0.0 19.975 0.5400000000000003
0.0 0.7966101694915254 0.0 19.975 0.5500000000000003
0.0 0.7966101694915254 0.0 19.975 0.5600000000000003
0.0 0.7966101694915254 0.0 19.975 0.5700000000000003
0.0 0.7966101694915254 0.0 19.975 0.5800000000000003
0.0 0.7966101694915254 0.0 19.975 0.5900000000000003
0.0 0.7966101694915254 0.0 19.975 0.6000000000000003
0.0 0.7966101694915254 0.0 19.975 0.6100000000000003
0.0 0.7966101694915254 0.0 19.975 0.6200000000000003
0.0 0.7966101694915254 0.0 19.975 0.6300000000000003
0.0 0.7966101694915254 0.0 19.975 0.6400000000000003
0.0 0.7966101694915254 0.0 19.975 0.6500000000000004
0.0 0.7966101694915254 0.0 19.975 0.6600000000000004
0.0 0.7966101694915254 0.0 19.975 0.6700000000000004
0.0 0.7966101694915254 0.0 19.975 0.6800000000000004
0.0 0.7966101694915254 0.0 19.975 0.6900000000000004
0.0 0.7966101694915254 0.0 19.975 0.7000000000000004
0.0 0.7966101694915254 0.0 19.975 0.7100000000000004
0.0 0.7966101694915254 0.0 19.975 0.7200000000000004
0.0 0.7966101694915254 0.0 19.975 0.7300000000000004
0.0 0.7966101694915254 0.0 19.975 0.7400000000000004
0.0 0.7956131605184447 0.0 19.95 0.7500000000000004
0.0 0.7946161515453639 0.0 19.925 0.7600000000000005
0.0 0.7946161515453639 0.0 19.925 0.7700000000000005
0.0 0.7936191425722832 0.0 19.9 0.7800000000000005
0.0 0.7926221335992024 0.0 19.875 0.7900000000000005
0.0 0.7926221335992024 0.0 19.875 0.8000000000000005
0.0 0.7906281156530409 0.0 19.825 0.8100000000000005
0.0 0.7896311066799602 0.0 19.8 0.8200000000000005
0.0 0.7876370887337986 0.0 19.75 0.8300000000000005
0.0 0.7876370887337986 0.0 19.75 0.8400000000000005
0.0 0.7866400797607178 0.0 19.725 0.8500000000000005
0.0 0.7866400797607178 0.0 19.725 0.8600000000000005
0.0 0.7846460618145563 0.0 19.675 0.8700000000000006
0.0 0.7826520438683948 0.0 19.625 0.8800000000000006
0.0 0.7806580259222333 0.0 19.575 0.8900000000000006
0.0 0.7756729810568295 0.0 19.45 0.9000000000000006
0.0 0.7706879361914257 0.0 19.325 0.9100000000000006
0.0 0.7666999002991027 0.0 19.225 0.9200000000000006
0.0 0.7627118644067796 0.0 19.125 0.9300000000000006
0.0 0.7597208374875374 0.0 19.05 0.9400000000000006
0.0 0.748753738783649 0.0 18.775 0.9500000000000006
0.0 0.7258225324027916 0.0 18.2 0.9600000000000006
0.0 0.6959122632103689 0.0 17.45 0.9700000000000006
0.0 0.6430707876370887 0.0 16.125 0.9800000000000006
0.0 0.5363908275174477 0.0 13.45 0.9900000000000007
0.0 0.0 0.0 0.0
