0.0 0.29910269192422734 0.0 20.0 0.0
0.0 0.29910269192422734 0.0 20.0 0.01
0.0 0.29910269192422734 0.0 20.0 0.02
0.0 0.29910269192422734 0.0 20.0 0.03
0.0 0.29910269192422734 0.0 20.0 0.04
0.0 0.29910269192422734 0.0 20.0 0.05
0.0 0.29910269192422734 0.0 20.0 0.060000000000000005
0.0 0.29910269192422734 0.0 20.0 0.07
0.0 0.29910269192422734 0.0 20.0 0.08
0.0 0.29910269192422734 0.0 20.0 0.09
0.0 0.29910269192422734 0.0 20.0 0.09999999999999999
0.0 0.29910269192422734 0.0 20.0 0.10999999999999999
0.0 0.29910269192422734 0.0 20.0 0.11999999999999998
0.0 0.29910269192422734 0.0 20.0 0.12999999999999998
0.0 0.29910269192422734 0.0 20.0 0.13999999999999999
0.0 0.29910269192422734 0.0 20.0 0.15
0.0 0.29910269192422734 0.0 20.0 0.16
0.0 0.29910269192422734 0.0 20.0 0.17
0.0 0.29910269192422734 0.0 20.0 0.18000000000000002
0.0 0.29910269192422734 0.0 20.0 0.19000000000000003
0.0 0.29910269192422734 0.0 20.0 0.20000000000000004
0.0 0.29910269192422734 0.0 20.0 0.21000000000000005
0.0 0.29910269192422734 0.0 20.0 0.22000000000000006
0.0 0.29910269192422734 0.0 20.0 0.23000000000000007
0.0 0.29910269192422734 0.0 20.0 0.24000000000000007
0.0 0.29910269192422734 0.0 20.0 0.25000000000000006
0.0 0.29910269192422734 0.0 20.0 0.26000000000000006
0.0 0.29910269192422734 0.0 20.0 0.2700000000000001
0.0 0.29910269192422734 0.0 20.0 0.2800000000000001
0.0 0.29910269192422734 0.0 20.0 0.2900000000000001
0.0 0.29910269192422734 0.0 20.0 0.3000000000000001
0.0 0.29910269192422734 0.0 20.0 0.3100000000000001
0.0 0.29910269192422734 0.0 20.0 0.3200000000000001
0.0 0.29910269192422734 0.0 20.0 0.3300000000000001
0.0 0.29910269192422734 0.0 20.0 0.34000000000000014
0.0 0.29910269192422734 0.0 20.0 0.35000000000000014
0.0 0.29910269192422734 0.0 20.0 0.36000000000000015
0.0 0.29910269192422734 0.0 20.0 0.37000000000000016
0.0 0.29910269192422734 0.0 20.0 0.38000000000000017
0.0 0.29910269192422734 0.0 20.0 0.3900000000000002
0.0 0.29910269192422734 0.0 20.0 0.4000000000000002
0.0 0.29910269192422734 0.0 20.0 0.4100000000000002
0.0 0.29910269192422734 0.0 20.0 0.4200000000000002
0.0 0.29910269192422734 0.0 20.0 0.4300000000000002
0.0 0.29910269192422734 0.0 20.0 0.4400000000000002
0.0 0.29910269192422734 0.0 20.0 0.45000000000000023
0.0 0.29910269192422734 0.0 20.0 0.46000000000000024
0.0 0.29910269192422734 0.0 20.0 0.47000000000000025
0.0 0.29910269192422734 0.0 20.0 0.48000000000000026
0.0 0.29910269192422734 0.0 20.0 0.49000000000000027
0.0 0.29910269192422734 0.0 20.0 0.5000000000000002
0.0 0.29910269192422734 0.0 20.0 0.5100000000000002
0.0 0.29910269192422734 0.0 20.0 0.5200000000000002
0.0 0.29910269192422734 0.0 20.0 0.5300000000000002
0.0 0.29910269192422734 0.0 20.0 0.5400000000000003
0.0 0.29810568295114653 0.0 19.933333333333334 0.5500000000000003
0.0 0.29810568295114653 0.0 19.933333333333334 0.5600000000000003
0.0 0.2971086739780658 0.0 19.866666666666667 0.5700000000000003
0.0 0.2971086739780658 0.0 19.866666666666667 0.5800000000000003
0.0 0.2971086739780658 0.0 19.866666666666667 0.5900000000000003
0.0 0.2971086739780658 0.0 19.866666666666667 0.6000000000000003
0.0 0.2971086739780658 0.0 19.866666666666667 0.6100000000000003
0.0 0.2971086739780658 0.0 19.866666666666667 0.6200000000000003
0.0 0.2971086739780658 0.0 19.866666666666667 0.6300000000000003
0.0 0.2971086739780658 0.0 19.866666666666667 0.6400000000000003
0.0 0.2971086739780658 0.0 19.866666666666667 0.6500000000000004
0.0 0.2951146560319043 0.0 19.733333333333334 0.6600000000000004
0.0 0.2951146560319043 0.0 19.733333333333334 0.6700000000000004
0.0 0.2951146560319043 0.0 19.733333333333334 0.6800000000000004
0.0 0.2951146560319043 0.0 19.733333333333334 0.6900000000000004
0.0 0.2951146560319043 0.0 19.733333333333334 0.7000000000000004
0.0 0.2951146560319043 0.0 19.733333333333334 0.7100000000000004
0.0 0.2951146560319043 0.0 19.733333333333334 0.7200000000000004
0.0 0.2951146560319043 0.0 19.733333333333334 0.7300000000000004
0.0 0.2951146560319043 0.0 19.733333333333334 0.7400000000000004
0.0 0.2951146560319043 0.0 19.733333333333334 0.7500000000000004
0.0 0.2951146560319043 0.0 19.733333333333334 0.7600000000000005
0.0 0.2951146560319043 0.0 19.733333333333334 0.7700000000000005
0.0 0.29411764705882354 0.0 19.666666666666668 0.7800000000000005
0.0 0.2931206380857428 0.0 19.6 0.7900000000000005
0.0 0.288135593220339 0.0 19.266666666666666 0.8000000000000005
0.0 0.28713858424725824 0.0 19.2 0.8100000000000005
0.0 0.28614157527417744 0.0 19.133333333333333 0.8200000000000005
0.0 0.2851445663010967 0.0 19.066666666666666 0.8300000000000005
0.0 0.28414755732801594 0.0 19.0 0.8400000000000005
0.0 0.28414755732801594 0.0 19.0 0.8500000000000005
0.0 0.28414755732801594 0.0 19.0 0.8600000000000005
0.0 0.28215353938185445 0.0 18.866666666666667 0.8700000000000006
0.0 0.28015952143569295 0.0 18.733333333333334 0.8800000000000006
0.0 0.2761714855433699 0.0 18.466666666666665 0.8900000000000006
0.0 0.27218344965104685 0.0 18.2 0.9000000000000006
0.0 0.26719840478564305 0.0 17.866666666666667 0.9100000000000006
0.0 0.2642073778664008 0.0 17.666666666666668 0.9200000000000006
0.0 0.259222333000997 0.0 17.333333333333332 0.9300000000000006
0.0 0.2502492522432702 0.0 16.733333333333334 0.9400000000000006
0.0 0.2432701894317049 0.0 16.266666666666666 0.9500000000000006
0.0 0.22532402791625125 0.0 15.066666666666666 0.9600000000000006
0.0 0.20438683948155534 0.0 13.666666666666666 0.9700000000000006
0.0 0.16650049850448653 0.0 11.133333333333333 0.9800000000000006
0.0 0.09072781655034895 0.0 6.066666666666666 0.9900000000000007
0.0 0.0 0.0 0.0
