1.0 1.0 89.97 25.075 0.0
1.0 1.0 89.97 25.075 0.01
1.0 0.9990029910269193 89.97 25.05 0.02
1.0 0.9990029910269193 89.97 25.05 0.03
1.0 0.9970089730807578 89.97 25.0 0.04
1.0 0.996011964107677 89.97 24.975 0.05
1.0 0.9950149551345963 89.97 24.95 0.060000000000000005
1.0 0.9950149551345963 89.97 24.95 0.07
1.0 0.9950149551345963 89.97 24.95 0.08
1.0 0.9950149551345963 89.97 24.95 0.09
1.0 0.9940179461615155 89.97 24.925 0.09999999999999999
1.0 0.9930209371884346 89.97 24.9 0.10999999999999999
1.0 0.9910269192422732 89.97 24.85 0.11999999999999998
1.0 0.9910269192422732 89.97 24.85 0.12999999999999998
1.0 0.9910269192422732 89.97 24.85 0.13999999999999999
1.0 0.9890329012961117 89.97 24.8 0.15
1.0 0.9850448654037887 89.97 24.7 0.16
1.0 0.9800598205383848 89.97 24.575 0.17
1.0 0.9750747756729811 89.97 24.45 0.18000000000000002
1.0 0.9730807577268196 89.97 24.4 0.19000000000000003
1.0 0.9730807577268196 89.97 24.4 0.20000000000000004
1.0 0.9720837487537388 89.97 24.375 0.21000000000000005
1.0 0.9700897308075773 89.97 24.325 0.22000000000000006
1.0 0.9680957128614157 89.97 24.275 0.23000000000000007
1.0 0.967098703888335 89.97 24.25 0.24000000000000007
1.0 0.967098703888335 89.97 24.25 0.25000000000000006
1.0 0.9621136590229312 89.97 24.125 0.26000000000000006
1.0 0.9611166500498505 89.97 24.1 0.2700000000000001
1.0 0.9601196410767697 89.97 24.075 0.2800000000000001
1.0 0.959122632103689 89.97 24.05 0.2900000000000001
1.0 0.9581256231306082 89.97 24.025 0.3000000000000001
1.0 0.9561316051844466 89.97 23.975 0.3100000000000001
1.0 0.9521435692921236 89.97 23.875 0.3200000000000001
1.0 0.9491525423728814 89.97 23.8 0.3300000000000001
1.0 0.9471585244267199 89.97 23.75 0.34000000000000014
1.0 0.9431704885343968 89.97 23.65 0.35000000000000014
1.0 0.9391824526420738 89.97 23.55 0.36000000000000015
1.0 0.93419740777667 89.97 23.425 0.37000000000000016
1.0 0.9322033898305084 89.97 23.375 0.38000000000000017
1.0 0.9282153539381854 89.97 23.275 0.3900000000000002
1.0 0.9172482552342971 89.97 23.0 0.4000000000000002
1.0 0.9112662013958126 89.97 22.85 0.4100000000000002
1.0 0.9032901296111665 89.97 22.65 0.4200000000000002
1.0 0.8963110667996012 89.97 22.475 0.4300000000000002
1.0 0.8913260219341974 89.97 22.35 0.4400000000000002
1.0 0.8873379860418744 89.97 22.25 0.45000000000000023
1.0 0.8793619142572283 89.97 22.05 0.46000000000000024
1.0 0.8763708873379861 89.97 21.975 0.47000000000000025
1.0 0.86839481555334 89.97 21.775 0.48000000000000026
1.0 0.8624127617148555 89.97 21.625 0.49000000000000027
1.0 0.8584247258225324 89.97 21.525 0.5000000000000002
1.0 0.8554336989032901 89.97 21.45 0.5100000000000002
1.0 0.8514456630109671 89.97 21.35 0.5200000000000002
1.0 0.8494516450648056 89.97 21.3 0.5300000000000002
1.0 0.8484546360917248 89.97 21.275 0.5400000000000003
1.0 0.8444666001994018 89.97 21.175 0.5500000000000003
1.0 0.843469591226321 89.97 21.15 0.5600000000000003
1.0 0.8424725822532403 89.97 21.125 0.5700000000000003
1.0 0.839481555333998 89.97 21.05 0.5800000000000003
1.0 0.8354935194416749 89.97 20.95 0.5900000000000003
1.0 0.8285144566301097 89.97 20.775 0.6000000000000003
1.0 0.8255234297108675 89.97 20.7 0.6100000000000003
1.0 0.8235294117647058 89.97 20.65 0.6200000000000003
1.0 0.8145563310069791 89.97 20.425 0.6300000000000003
1.0 0.8115653040877367 89.97 20.35 0.6400000000000003
1.0 0.8015952143569293 89.97 20.1 0.6500000000000004
1.0 0.7906281156530409 89.97 19.825 0.6600000000000004
1.0 0.7776669990029911 89.97 19.5 0.6700000000000004
1.0 0.765702891326022 89.97 19.2 0.6800000000000004
1.0 0.7457627118644068 89.97 18.7 0.6900000000000004
1.0 0.7208374875373879 89.97 18.075 0.7000000000000004
1.0 0.6989032901296112 89.97 17.525 0.7100000000000004
1.0 0.6679960119641076 89.97 16.75 0.7200000000000004
1.0 0.6410767696909272 89.97 16.075 0.7300000000000004
1.0 0.6121635094715853 89.97 15.35 0.7400000000000004
1.0 0.5892323030907278 89.97 14.775 0.7500000000000004
1.0 0.5702891326021934 89.97 14.3 0.7600000000000005
1.0 0.555333998005982 89.97 13.925 0.7700000000000005
0.999888851839502 0.5413758723828515 89.96 13.575 0.7800000000000005
0.9996665555185061 0.5264207377866401 89.94 13.2 0.7900000000000005
0.9992219628765144 0.5114656031904287 89.9 12.825 0.8000000000000005
0.9983327775925308 0.4985044865403789 89.82 12.5 0.8100000000000005
0.9965544070245638 0.4915254237288136 89.66 12.325 0.8200000000000005
0.9929976658886296 0.4765702891326022 89.34 11.95 0.8300000000000005
0.9874402578637324 0.4666001994017946 88.84 11.7 0.8400000000000005
0.9774369234189174 0.4426719840478564 87.94 11.1 0.8500000000000005
0.9607646993442258 0.4047856430707876 86.44 10.15 0.8600000000000005
0.9349783261087029 0.3659022931206381 84.12 9.175 0.8700000000000006
0.9036345448482828 0.32103688933200397 81.3 8.05 0.8800000000000006
0.8610647993775703 0.2642073778664008 77.47 6.625 0.8900000000000006
0.8151606090919196 0.1984047856430708 73.34 4.975 0.9000000000000006
0.7644770479048572 0.14257228315054835 68.78 3.575 0.9100000000000006
0.7229076358786262 0.09272183449651047 65.04 2.325 0.9200000000000006
0.6892297432477492 0.058823529411764705 62.01 1.475 0.9300000000000006
0.6586639991108147 0.03788634097706879 59.26 0.95 0.9400000000000006
0.632544181393798 0.027916251246261216 56.91 0.7 0.9500000000000006
0.6024230298988552 0.020937188434695914 54.2 0.525 0.9600000000000006
0.5644103590085584 0.020937188434695914 50.78 0.525 0.9700000000000006
0.5116149827720351 0.019940179461615155 46.03 0.5 0.9800000000000006
0.3945759697677003 0.019940179461615155 35.5 0.5 0.9900000000000007
0.0 0.0 0.0 0.0
