1.0 1.0 14.995 28.65714285714286 0.0
1.0 0.6430707876370887 14.995 18.428571428571427 0.01
1.0 0.47258225324027914 14.995 13.542857142857143 0.02
1.0 0.3938185443668993 14.995 11.285714285714286 0.03
1.0 0.34496510468594216 14.995 9.885714285714286 0.04
1.0 0.30807577268195413 14.995 8.82857142857143 0.05
1.0 0.2522432701894317 14.995 7.228571428571429 0.060000000000000005
1.0 0.2522432701894317 14.995 7.228571428571429 0.07
1.0 0.22532402791625125 14.995 6.457142857142857 0.08
1.0 0.21036889332003988 14.995 6.0285714285714285 0.09
1.0 0.19740777666999004 14.995 5.6571428571428575 0.09999999999999999
1.0 0.18743768693918245 14.995 5.371428571428571 0.10999999999999999
1.0 0.1814556331006979 14.995 5.2 0.11999999999999998
1.0 0.17248255234297108 14.995 4.942857142857143 0.12999999999999998
1.0 0.1625124626121635 14.995 4.6571428571428575 0.13999999999999999
1.0 0.1535393818544367 14.995 4.4 0.15
1.0 0.14755732801595214 14.995 4.228571428571429 0.16
1.0 0.13858424725822532 14.995 3.9714285714285715 0.17
1.0 0.1226321036889332 14.995 3.5142857142857142 0.18000000000000002
1.0 0.1156530408773679 14.995 3.3142857142857145 0.19000000000000003
1.0 0.1106679960119641 14.995 3.1714285714285713 0.20000000000000004
1.0 0.10468594217347957 14.995 3.0 0.21000000000000005
1.0 0.09970089730807577 14.995 2.857142857142857 0.22000000000000006
1.0 0.09870388833499502 14.995 2.8285714285714287 0.23000000000000007
1.0 0.09272183449651047 14.995 2.657142857142857 0.24000000000000007
1.0 0.08873379860418744 14.995 2.5428571428571427 0.25000000000000006
1.0 0.08673978065802593 14.995 2.4857142857142858 0.26000000000000006
1.0 0.0847457627118644 14.995 2.4285714285714284 0.2700000000000001
1.0 0.08374875373878365 14.995 2.4 0.2800000000000001
1.0 0.08275174476570289 14.995 2.3714285714285714 0.2900000000000001
1.0 0.08075772681954138 14.995 2.3142857142857145 0.3000000000000001
1.0 0.07676969092721835 14.995 2.2 0.3100000000000001
1.0 0.07577268195413758 14.995 2.1714285714285713 0.3200000000000001
1.0 0.07278165503489531 14.995 2.085714285714286 0.3300000000000001
1.0 0.0707876370887338 14.995 2.0285714285714285 0.34000000000000014
1.0 0.06779661016949153 14.995 1.9428571428571428 0.35000000000000014
1.0 0.06380857427716849 14.995 1.8285714285714285 0.36000000000000015
1.0 0.05982053838484546 14.995 1.7142857142857142 0.37000000000000016
1.0 0.058823529411764705 14.995 1.6857142857142857 0.38000000000000017
1.0 0.054835493519441676 14.995 1.5714285714285714 0.3900000000000002
1.0 0.05284147557328016 14.995 1.5142857142857142 0.4000000000000002
1.0 0.0518444666001994 14.995 1.4857142857142858 0.4100000000000002
1.0 0.04885343968095713 14.995 1.4 0.4200000000000002
1.0 0.04685942173479561 14.995 1.3428571428571427 0.4300000000000002
1.0 0.0448654037886341 14.995 1.2857142857142858 0.4400000000000002
1.0 0.04287138584247258 14.995 1.2285714285714286 0.45000000000000023
1.0 0.04187437686939183 14.995 1.2 0.46000000000000024
1.0 0.03988035892323031 14.995 1.1428571428571428 0.47000000000000025
1.0 0.038883349950149554 14.995 1.1142857142857143 0.48000000000000026
1.0 0.03788634097706879 14.995 1.0857142857142856 0.49000000000000027
1.0 0.03788634097706879 14.995 1.0857142857142856 0.5000000000000002
1.0 0.03788634097706879 14.995 1.0857142857142856 0.5100000000000002
1.0 0.03489531405782652 14.995 1.0 0.5200000000000002
1.0 0.03489531405782652 14.995 1.0 0.5300000000000002
1.0 0.03489531405782652 14.995 1.0 0.5400000000000003
1.0 0.03389830508474576 14.995 0.9714285714285714 0.5500000000000003
1.0 0.03389830508474576 14.995 0.9714285714285714 0.5600000000000003
1.0 0.03389830508474576 14.995 0.9714285714285714 0.5700000000000003
1.0 0.03290129611166501 14.995 0.9428571428571428 0.5800000000000003
1.0 0.03090727816550349 14.995 0.8857142857142857 0.5900000000000003
1.0 0.02991026919242273 14.995 0.8571428571428571 0.6000000000000003
1.0 0.02991026919242273 14.995 0.8571428571428571 0.6100000000000003
1.0 0.02991026919242273 14.995 0.8571428571428571 0.6200000000000003
1.0 0.02991026919242273 14.995 0.8571428571428571 0.6300000000000003
1.0 0.02991026919242273 14.995 0.8571428571428571 0.6400000000000003
1.0 0.028913260219341975 14.995 0.8285714285714286 0.6500000000000004
1.0 0.027916251246261216 14.995 0.8 0.6600000000000004
1.0 0.026919242273180457 14.995 0.7714285714285715 0.6700000000000004
1.0 0.0259222333000997 14.995 0.7428571428571429 0.6800000000000004
1.0 0.0259222333000997 14.995 0.7428571428571429 0.6900000000000004
1.0 0.023928215353938187 14.995 0.6857142857142857 0.7000000000000004
1.0 0.023928215353938187 14.995 0.6857142857142857 0.7100000000000004
1.0 0.022931206380857428 14.995 0.6571428571428571 0.7200000000000004
1.0 0.022931206380857428 14.995 0.6571428571428571 0.7300000000000004
1.0 0.022931206380857428 14.995 0.6571428571428571 0.7400000000000004
1.0 0.02193419740777667 14.995 0.6285714285714286 0.7500000000000004
1.0 0.02193419740777667 14.995 0.6285714285714286 0.7600000000000005
1.0 0.02193419740777667 14.995 0.6285714285714286 0.7700000000000005
1.0 0.02193419740777667 14.995 0.6285714285714286 0.7800000000000005
1.0 0.02193419740777667 14.995 0.6285714285714286 0.7900000000000005
1.0 0.02193419740777667 14.995 0.6285714285714286 0.8000000000000005
1.0 0.02193419740777667 14.995 0.6285714285714286 0.8100000000000005
1.0 0.02193419740777667 14.995 0.6285714285714286 0.8200000000000005
1.0 0.02193419740777667 14.995 0.6285714285714286 0.8300000000000005
1.0 0.02193419740777667 14.995 0.6285714285714286 0.8400000000000005
1.0 0.02193419740777667 14.995 0.6285714285714286 0.8500000000000005
1.0 0.02193419740777667 14.995 0.6285714285714286 0.8600000000000005
1.0 0.02193419740777667 14.995 0.6285714285714286 0.8700000000000006
0.999888851839502 0.02193419740777667 14.993333333333334 0.6285714285714286 0.8800000000000006
0.999888851839502 0.020937188434695914 14.993333333333334 0.6 0.8900000000000006
0.9997777036790041 0.020937188434695914 14.991666666666667 0.6 0.9000000000000006
0.9997777036790041 0.020937188434695914 14.991666666666667 0.6 0.9100000000000006
0.9996665555185061 0.019940179461615155 14.99 0.5714285714285714 0.9200000000000006
0.9995554073580082 0.019940179461615155 14.988333333333333 0.5714285714285714 0.9300000000000006
0.9995554073580082 0.019940179461615155 14.988333333333333 0.5714285714285714 0.9400000000000006
0.9994442591975102 0.019940179461615155 14.986666666666666 0.5714285714285714 0.9500000000000006
0.9992219628765144 0.019940179461615155 14.983333333333333 0.5714285714285714 0.9600000000000006
0.9992219628765144 0.019940179461615155 14.983333333333333 0.5714285714285714 0.9700000000000006
0.9987773702345226 0.019940179461615155 14.976666666666667 0.5714285714285714 0.9800000000000006
0.9955540735800823 0.019940179461615155 14.928333333333333 0.5714285714285714 0.9900000000000007
0.0 0.0 0.0 0.0
