1.0 1.0 22.4925 22.288888888888888 0.0
1.0 0.8743768693918246 22.4925 19.488888888888887 0.01
1.0 0.7397806580259222 22.4925 16.488888888888887 0.02
1.0 0.6610169491525424 22.4925 14.733333333333333 0.03
1.0 0.6251246261216351 22.4925 13.933333333333334 0.04
1.0 0.5812562313060817 22.4925 12.955555555555556 0.05
1.0 0.5284147557328016 22.4925 11.777777777777779 0.060000000000000005
1.0 0.5284147557328016 22.4925 11.777777777777779 0.07
1.0 0.5034895314057827 22.4925 11.222222222222221 0.08
1.0 0.4795613160518445 22.4925 10.688888888888888 0.09
1.0 0.4576271186440678 22.4925 10.2 0.09999999999999999
1.0 0.4436689930209372 22.4925 9.88888888888889 0.10999999999999999
1.0 0.4287138584247258 22.4925 9.555555555555555 0.11999999999999998
1.0 0.4167497507477567 22.4925 9.28888888888889 0.12999999999999998
1.0 0.39780658025922233 22.4925 8.866666666666667 0.13999999999999999
1.0 0.38384845463609174 22.4925 8.555555555555555 0.15
1.0 0.3728813559322034 22.4925 8.311111111111112 0.16
1.0 0.35992023928215355 22.4925 8.022222222222222 0.17
1.0 0.3240279162512463 22.4925 7.222222222222222 0.18000000000000002
1.0 0.3040877367896311 22.4925 6.777777777777778 0.19000000000000003
1.0 0.28614157527417744 22.4925 6.377777777777778 0.20000000000000004
1.0 0.27517447657028915 22.4925 6.133333333333334 0.21000000000000005
1.0 0.2691924227318046 22.4925 6.0 0.22000000000000006
1.0 0.2612163509471585 22.4925 5.822222222222222 0.23000000000000007
1.0 0.2502492522432702 22.4925 5.5777777777777775 0.24000000000000007
1.0 0.24227318045862412 22.4925 5.4 0.25000000000000006
1.0 0.23529411764705882 22.4925 5.2444444444444445 0.26000000000000006
1.0 0.2313060817547358 22.4925 5.155555555555556 0.2700000000000001
1.0 0.22831505483549352 22.4925 5.088888888888889 0.2800000000000001
1.0 0.226321036889332 22.4925 5.044444444444444 0.2900000000000001
1.0 0.2213359920239282 22.4925 4.933333333333334 0.3000000000000001
1.0 0.21335992023928216 22.4925 4.7555555555555555 0.3100000000000001
1.0 0.2123629112662014 22.4925 4.733333333333333 0.3200000000000001
1.0 0.20837487537387836 22.4925 4.644444444444445 0.3300000000000001
1.0 0.2023928215353938 22.4925 4.511111111111111 0.34000000000000014
1.0 0.19740777666999004 22.4925 4.4 0.35000000000000014
1.0 0.19042871385842472 22.4925 4.2444444444444445 0.36000000000000015
1.0 0.18444666001994017 22.4925 4.111111111111111 0.37000000000000016
1.0 0.1794616151545364 22.4925 4.0 0.38000000000000017
1.0 0.17547357926221335 22.4925 3.911111111111111 0.3900000000000002
1.0 0.16350947158524426 22.4925 3.6444444444444444 0.4000000000000002
1.0 0.1535393818544367 22.4925 3.422222222222222 0.4100000000000002
1.0 0.14257228315054835 22.4925 3.1777777777777776 0.4200000000000002
1.0 0.13260219341974078 22.4925 2.9555555555555557 0.4300000000000002
1.0 0.1296111665004985 22.4925 2.888888888888889 0.4400000000000002
1.0 0.12362911266201396 22.4925 2.7555555555555555 0.45000000000000023
1.0 0.11665004985044865 22.4925 2.6 0.46000000000000024
1.0 0.11266201395812563 22.4925 2.511111111111111 0.47000000000000025
1.0 0.10967098703888335 22.4925 2.4444444444444446 0.48000000000000026
1.0 0.1016949152542373 22.4925 2.2666666666666666 0.49000000000000027
1.0 0.09870388833499502 22.4925 2.2 0.5000000000000002
1.0 0.09571286141575275 22.4925 2.1333333333333333 0.5100000000000002
1.0 0.09272183449651047 22.4925 2.066666666666667 0.5200000000000002
1.0 0.09172482552342971 22.4925 2.0444444444444443 0.5300000000000002
1.0 0.09072781655034895 22.4925 2.022222222222222 0.5400000000000003
1.0 0.08873379860418744 22.4925 1.9777777777777779 0.5500000000000003
1.0 0.08873379860418744 22.4925 1.9777777777777779 0.5600000000000003
1.0 0.08773678963110668 22.4925 1.9555555555555555 0.5700000000000003
1.0 0.0847457627118644 22.4925 1.8888888888888888 0.5800000000000003
1.0 0.08374875373878365 22.4925 1.8666666666666667 0.5900000000000003
1.0 0.07976071784646062 22.4925 1.7777777777777777 0.6000000000000003
1.0 0.07976071784646062 22.4925 1.7777777777777777 0.6100000000000003
1.0 0.07876370887337986 22.4925 1.7555555555555555 0.6200000000000003
1.0 0.07876370887337986 22.4925 1.7555555555555555 0.6300000000000003
1.0 0.07676969092721835 22.4925 1.711111111111111 0.6400000000000003
1.0 0.07676969092721835 22.4925 1.711111111111111 0.6500000000000004
1.0 0.07377866400797607 22.4925 1.6444444444444444 0.6600000000000004
1.0 0.0707876370887338 22.4925 1.5777777777777777 0.6700000000000004
1.0 0.06879361914257229 22.4925 1.5333333333333334 0.6800000000000004
1.0 0.05982053838484546 22.4925 1.3333333333333333 0.6900000000000004
1.0 0.053838484546360914 22.4925 1.2 0.7000000000000004
1.0 0.047856430707876374 22.4925 1.0666666666666667 0.7100000000000004
1.0 0.04187437686939183 22.4925 0.9333333333333333 0.7200000000000004
1.0 0.03788634097706879 22.4925 0.8444444444444444 0.7300000000000004
1.0 0.03290129611166501 22.4925 0.7333333333333333 0.7400000000000004
1.0 0.028913260219341975 22.4925 0.6444444444444445 0.7500000000000004
1.0 0.024925224327018942 22.4925 0.5555555555555556 0.7600000000000005
1.0 0.02193419740777667 22.4925 0.4888888888888889 0.7700000000000005
1.0 0.019940179461615155 22.4925 0.4444444444444444 0.7800000000000005
1.0 0.018943170488534396 22.4925 0.4222222222222222 0.7900000000000005
1.0 0.015952143569292122 22.4925 0.35555555555555557 0.8000000000000005
1.0 0.014955134596211365 22.4925 0.3333333333333333 0.8100000000000005
1.0 0.014955134596211365 22.4925 0.3333333333333333 0.8200000000000005
0.9997777036790041 0.013958125623130608 22.4875 0.3111111111111111 0.8300000000000005
0.9993331110370124 0.013958125623130608 22.4775 0.3111111111111111 0.8400000000000005
0.9992219628765144 0.01296111665004985 22.475 0.28888888888888886 0.8500000000000005
0.9987773702345226 0.011964107676969093 22.465 0.26666666666666666 0.8600000000000005
0.9975547404690452 0.009970089730807577 22.4375 0.2222222222222222 0.8700000000000006
0.9964432588640658 0.004985044865403789 22.4125 0.1111111111111111 0.8800000000000006
0.9951094809380905 0.003988035892323031 22.3825 0.08888888888888889 0.8900000000000006
0.9935534066911192 9.970089730807576E-4 22.3475 0.022222222222222223 0.9000000000000006
0.9913304434811604 9.970089730807576E-4 22.2975 0.022222222222222223 0.9100000000000006
0.9905524063576748 9.970089730807576E-4 22.28 0.022222222222222223 0.9200000000000006
0.9895520729131932 0.0 22.2575 0.0 0.9300000000000006
0.9886628876292097 0.0 22.2375 0.0 0.9400000000000006
0.9874402578637324 0.0 22.21 0.0 0.9500000000000006
0.9859953317772591 0.0 22.1775 0.0 0.9600000000000006
0.9827720351228187 0.0 22.105 0.0 0.9700000000000006
0.9766588862954318 0.0 21.9675 0.0 0.9800000000000006
0.9549849949983328 0.0 21.48 0.0 0.9900000000000007
0.0 0.0 0.0 0.0
