0.0 0.6979062811565304 0.0 20.0 0.0
0.0 0.6809571286141576 0.0 19.514285714285716 0.01
0.0 0.654037886340977 0.0 18.742857142857144 0.02
0.0 0.638085742771685 0.0 18.285714285714285 0.03
0.0 0.6211365902293121 0.0 17.8 0.04
0.0 0.6141575274177468 0.0 17.6 0.05
0.0 0.5972083748753739 0.0 17.114285714285714 0.060000000000000005
0.0 0.5972083748753739 0.0 17.114285714285714 0.07
0.0 0.5862412761714856 0.0 16.8 0.08
0.0 0.5792622133599202 0.0 16.6 0.09
0.0 0.5672981056829511 0.0 16.257142857142856 0.09999999999999999
0.0 0.555333998005982 0.0 15.914285714285715 0.10999999999999999
0.0 0.5423728813559322 0.0 15.542857142857143 0.11999999999999998
0.0 0.5413758723828515 0.0 15.514285714285714 0.12999999999999998
0.0 0.5343968095712861 0.0 15.314285714285715 0.13999999999999999
0.0 0.5294117647058824 0.0 15.17142857142857 0.15
0.0 0.522432701894317 0.0 14.971428571428572 0.16
0.0 0.5214356929212363 0.0 14.942857142857143 0.17
0.0 0.5124626121635095 0.0 14.685714285714285 0.18000000000000002
0.0 0.5114656031904287 0.0 14.657142857142857 0.19000000000000003
0.0 0.5044865403788634 0.0 14.457142857142857 0.20000000000000004
0.0 0.4935194416749751 0.0 14.142857142857142 0.21000000000000005
0.0 0.4935194416749751 0.0 14.142857142857142 0.22000000000000006
0.0 0.48753738783649053 0.0 13.971428571428572 0.23000000000000007
0.0 0.4795613160518445 0.0 13.742857142857142 0.24000000000000007
0.0 0.47756729810568294 0.0 13.685714285714285 0.25000000000000006
0.0 0.4745762711864407 0.0 13.6 0.26000000000000006
0.0 0.4745762711864407 0.0 13.6 0.2700000000000001
0.0 0.47058823529411764 0.0 13.485714285714286 0.2800000000000001
0.0 0.4675972083748754 0.0 13.4 0.2900000000000001
0.0 0.4646061814556331 0.0 13.314285714285715 0.3000000000000001
0.0 0.46161515453639085 0.0 13.228571428571428 0.3100000000000001
0.0 0.46161515453639085 0.0 13.228571428571428 0.3200000000000001
0.0 0.46161515453639085 0.0 13.228571428571428 0.3300000000000001
0.0 0.4596211365902293 0.0 13.17142857142857 0.34000000000000014
0.0 0.45862412761714855 0.0 13.142857142857142 0.35000000000000014
0.0 0.4576271186440678 0.0 13.114285714285714 0.36000000000000015
0.0 0.4546360917248255 0.0 13.028571428571428 0.37000000000000016
0.0 0.44666001994017945 0.0 12.8 0.38000000000000017
0.0 0.4426719840478564 0.0 12.685714285714285 0.3900000000000002
0.0 0.4406779661016949 0.0 12.628571428571428 0.4000000000000002
0.0 0.4406779661016949 0.0 12.628571428571428 0.4100000000000002
0.0 0.43968095712861416 0.0 12.6 0.4200000000000002
0.0 0.43668993020937186 0.0 12.514285714285714 0.4300000000000002
0.0 0.4356929212362911 0.0 12.485714285714286 0.4400000000000002
0.0 0.43270189431704886 0.0 12.4 0.45000000000000023
0.0 0.4317048853439681 0.0 12.371428571428572 0.46000000000000024
0.0 0.42771684945164506 0.0 12.257142857142858 0.47000000000000025
0.0 0.423728813559322 0.0 12.142857142857142 0.48000000000000026
0.0 0.41774675972083747 0.0 11.971428571428572 0.49000000000000027
0.0 0.4147557328015952 0.0 11.885714285714286 0.5000000000000002
0.0 0.4087736789631107 0.0 11.714285714285714 0.5100000000000002
0.0 0.40079760717846463 0.0 11.485714285714286 0.5200000000000002
0.0 0.39581256231306083 0.0 11.342857142857143 0.5300000000000002
0.0 0.39082751744765704 0.0 11.2 0.5400000000000003
0.0 0.3898305084745763 0.0 11.17142857142857 0.5500000000000003
0.0 0.38783649052841473 0.0 11.114285714285714 0.5600000000000003
0.0 0.38584247258225324 0.0 11.057142857142857 0.5700000000000003
0.0 0.38384845463609174 0.0 11.0 0.5800000000000003
0.0 0.382851445663011 0.0 10.971428571428572 0.5900000000000003
0.0 0.3778664007976072 0.0 10.82857142857143 0.6000000000000003
0.0 0.37188434695912265 0.0 10.657142857142857 0.6100000000000003
0.0 0.36889332003988035 0.0 10.571428571428571 0.6200000000000003
0.0 0.3659022931206381 0.0 10.485714285714286 0.6300000000000003
0.0 0.36490528414755735 0.0 10.457142857142857 0.6400000000000003
0.0 0.35992023928215355 0.0 10.314285714285715 0.6500000000000004
0.0 0.357926221335992 0.0 10.257142857142858 0.6600000000000004
0.0 0.3559322033898305 0.0 10.2 0.6700000000000004
0.0 0.3559322033898305 0.0 10.2 0.6800000000000004
0.0 0.3559322033898305 0.0 10.2 0.6900000000000004
0.0 0.353938185443669 0.0 10.142857142857142 0.7000000000000004
0.0 0.34995014955134596 0.0 10.028571428571428 0.7100000000000004
0.0 0.3489531405782652 0.0 10.0 0.7200000000000004
0.0 0.3439680957128614 0.0 9.857142857142858 0.7300000000000004
0.0 0.3389830508474576 0.0 9.714285714285714 0.7400000000000004
0.0 0.33300099700897307 0.0 9.542857142857143 0.7500000000000004
0.0 0.33100697906281157 0.0 9.485714285714286 0.7600000000000005
0.0 0.32602193419740777 0.0 9.342857142857143 0.7700000000000005
0.0 0.3190428713858425 0.0 9.142857142857142 0.7800000000000005
0.0 0.3070787637088734 0.0 8.8 0.7900000000000005
0.0 0.30309072781655033 0.0 8.685714285714285 0.8000000000000005
0.0 0.2951146560319043 0.0 8.457142857142857 0.8100000000000005
0.0 0.2901296111665005 0.0 8.314285714285715 0.8200000000000005
0.0 0.288135593220339 0.0 8.257142857142858 0.8300000000000005
0.0 0.2811565304087737 0.0 8.057142857142857 0.8400000000000005
0.0 0.27517447657028915 0.0 7.885714285714286 0.8500000000000005
0.0 0.2622133599202393 0.0 7.514285714285714 0.8600000000000005
0.0 0.25623130608175476 0.0 7.3428571428571425 0.8700000000000006
0.0 0.2472582253240279 0.0 7.085714285714285 0.8800000000000006
0.0 0.2432701894317049 0.0 6.9714285714285715 0.8900000000000006
0.0 0.2382851445663011 0.0 6.828571428571428 0.9000000000000006
0.0 0.23030907278165502 0.0 6.6 0.9100000000000006
0.0 0.21834496510468593 0.0 6.257142857142857 0.9200000000000006
0.0 0.21036889332003988 0.0 6.0285714285714285 0.9300000000000006
0.0 0.19541375872382852 0.0 5.6 0.9400000000000006
0.0 0.18544366899302095 0.0 5.314285714285714 0.9500000000000006
0.0 0.1744765702891326 0.0 5.0 0.9600000000000006
0.0 0.16051844466600199 0.0 4.6 0.9700000000000006
0.0 0.14556331006979062 0.0 4.171428571428572 0.9800000000000006
0.0 0.1036889332003988 0.0 2.9714285714285715 0.9900000000000007
0.0 0.0 0.0 0.0
