1.0 1.0 12.852857142857143 100.3 0.0
1.0 0.5413758723828515 12.852857142857143 54.3 0.01
1.0 0.3698903290129611 12.852857142857143 37.1 0.02
1.0 0.29810568295114653 12.852857142857143 29.9 0.03
1.0 0.24925224327018944 12.852857142857143 25.0 0.04
1.0 0.2193419740777667 12.852857142857143 22.0 0.05
1.0 0.18245264207377868 12.852857142857143 18.3 0.060000000000000005
1.0 0.18245264207377868 12.852857142857143 18.3 0.07
1.0 0.17148554336989033 12.852857142857143 17.2 0.08
1.0 0.15154536390827517 12.852857142857143 15.2 0.09
1.0 0.14257228315054835 12.852857142857143 14.3 0.09999999999999999
1.0 0.13160518444666003 12.852857142857143 13.2 0.10999999999999999
1.0 0.12462612163509472 12.852857142857143 12.5 0.11999999999999998
1.0 0.12063808574277168 12.852857142857143 12.1 0.12999999999999998
1.0 0.11266201395812563 12.852857142857143 11.3 0.13999999999999999
1.0 0.10568295114656032 12.852857142857143 10.6 0.15
1.0 0.0967098703888335 12.852857142857143 9.7 0.16
1.0 0.08574277168494517 12.852857142857143 8.6 0.17
1.0 0.07876370887337986 12.852857142857143 7.9 0.18000000000000002
1.0 0.07477567298105683 12.852857142857143 7.5 0.19000000000000003
1.0 0.07178464606181456 12.852857142857143 7.2 0.20000000000000004
1.0 0.06979062811565304 12.852857142857143 7.0 0.21000000000000005
1.0 0.06779661016949153 12.852857142857143 6.8 0.22000000000000006
1.0 0.06679960119641076 12.852857142857143 6.7 0.23000000000000007
1.0 0.06580259222333001 12.852857142857143 6.6 0.24000000000000007
1.0 0.06480558325024925 12.852857142857143 6.5 0.25000000000000006
1.0 0.06480558325024925 12.852857142857143 6.5 0.26000000000000006
1.0 0.06380857427716849 12.852857142857143 6.4 0.2700000000000001
1.0 0.06281156530408774 12.852857142857143 6.3 0.2800000000000001
1.0 0.058823529411764705 12.852857142857143 5.9 0.2900000000000001
1.0 0.05682951146560319 12.852857142857143 5.7 0.3000000000000001
1.0 0.054835493519441676 12.852857142857143 5.5 0.3100000000000001
1.0 0.05284147557328016 12.852857142857143 5.3 0.3200000000000001
1.0 0.0518444666001994 12.852857142857143 5.2 0.3300000000000001
1.0 0.0518444666001994 12.852857142857143 5.2 0.34000000000000014
1.0 0.05084745762711865 12.852857142857143 5.1 0.35000000000000014
1.0 0.049850448654037885 12.852857142857143 5.0 0.36000000000000015
1.0 0.047856430707876374 12.852857142857143 4.8 0.37000000000000016
1.0 0.04685942173479561 12.852857142857143 4.7 0.38000000000000017
1.0 0.04685942173479561 12.852857142857143 4.7 0.3900000000000002
1.0 0.045862412761714856 12.852857142857143 4.6 0.4000000000000002
1.0 0.045862412761714856 12.852857142857143 4.6 0.4100000000000002
1.0 0.0448654037886341 12.852857142857143 4.5 0.4200000000000002
1.0 0.04386839481555334 12.852857142857143 4.4 0.4300000000000002
1.0 0.04287138584247258 12.852857142857143 4.3 0.4400000000000002
1.0 0.04287138584247258 12.852857142857143 4.3 0.45000000000000023
1.0 0.040877367896311065 12.852857142857143 4.1 0.46000000000000024
1.0 0.040877367896311065 12.852857142857143 4.1 0.47000000000000025
1.0 0.040877367896311065 12.852857142857143 4.1 0.48000000000000026
1.0 0.03788634097706879 12.852857142857143 3.8 0.49000000000000027
1.0 0.03489531405782652 12.852857142857143 3.5 0.5000000000000002
1.0 0.03489531405782652 12.852857142857143 3.5 0.5100000000000002
1.0 0.03489531405782652 12.852857142857143 3.5 0.5200000000000002
1.0 0.03389830508474576 12.852857142857143 3.4 0.5300000000000002
1.0 0.03389830508474576 12.852857142857143 3.4 0.5400000000000003
1.0 0.03290129611166501 12.852857142857143 3.3 0.5500000000000003
1.0 0.03290129611166501 12.852857142857143 3.3 0.5600000000000003
1.0 0.031904287138584245 12.852857142857143 3.2 0.5700000000000003
1.0 0.031904287138584245 12.852857142857143 3.2 0.5800000000000003
1.0 0.03090727816550349 12.852857142857143 3.1 0.5900000000000003
1.0 0.028913260219341975 12.852857142857143 2.9 0.6000000000000003
1.0 0.028913260219341975 12.852857142857143 2.9 0.6100000000000003
1.0 0.027916251246261216 12.852857142857143 2.8 0.6200000000000003
1.0 0.0259222333000997 12.852857142857143 2.6 0.6300000000000003
1.0 0.0259222333000997 12.852857142857143 2.6 0.6400000000000003
1.0 0.0259222333000997 12.852857142857143 2.6 0.6500000000000004
1.0 0.024925224327018942 12.852857142857143 2.5 0.6600000000000004
1.0 0.023928215353938187 12.852857142857143 2.4 0.6700000000000004
1.0 0.023928215353938187 12.852857142857143 2.4 0.6800000000000004
1.0 0.023928215353938187 12.852857142857143 2.4 0.6900000000000004
1.0 0.022931206380857428 12.852857142857143 2.3 0.7000000000000004
1.0 0.022931206380857428 12.852857142857143 2.3 0.7100000000000004
1.0 0.022931206380857428 12.852857142857143 2.3 0.7200000000000004
1.0 0.022931206380857428 12.852857142857143 2.3 0.7300000000000004
1.0 0.02193419740777667 12.852857142857143 2.2 0.7400000000000004
1.0 0.020937188434695914 12.852857142857143 2.1 0.7500000000000004
1.0 0.020937188434695914 12.852857142857143 2.1 0.7600000000000005
1.0 0.020937188434695914 12.852857142857143 2.1 0.7700000000000005
1.0 0.020937188434695914 12.852857142857143 2.1 0.7800000000000005
1.0 0.020937188434695914 12.852857142857143 2.1 0.7900000000000005
1.0 0.019940179461615155 12.852857142857143 2.0 0.8000000000000005
1.0 0.019940179461615155 12.852857142857143 2.0 0.8100000000000005
1.0 0.019940179461615155 12.852857142857143 2.0 0.8200000000000005
1.0 0.019940179461615155 12.852857142857143 2.0 0.8300000000000005
1.0 0.019940179461615155 12.852857142857143 2.0 0.8400000000000005
1.0 0.019940179461615155 12.852857142857143 2.0 0.8500000000000005
1.0 0.019940179461615155 12.852857142857143 2.0 0.8600000000000005
1.0 0.019940179461615155 12.852857142857143 2.0 0.8700000000000006
1.0 0.019940179461615155 12.852857142857143 2.0 0.8800000000000006
1.0 0.019940179461615155 12.852857142857143 2.0 0.8900000000000006
1.0 0.019940179461615155 12.852857142857143 2.0 0.9000000000000006
0.999888851839502 0.019940179461615155 12.851428571428572 2.0 0.9100000000000006
0.999888851839502 0.019940179461615155 12.851428571428572 2.0 0.9200000000000006
0.999888851839502 0.019940179461615155 12.851428571428572 2.0 0.9300000000000006
0.9997777036790041 0.019940179461615155 12.85 2.0 0.9400000000000006
0.9997777036790041 0.019940179461615155 12.85 2.0 0.9500000000000006
0.9996665555185061 0.019940179461615155 12.848571428571429 2.0 0.9600000000000006
0.9994442591975102 0.019940179461615155 12.845714285714285 2.0 0.9700000000000006
0.9988885183950206 0.019940179461615155 12.838571428571429 2.0 0.9800000000000006
0.9973324441480493 0.019940179461615155 12.81857142857143 2.0 0.9900000000000007
0.0 0.0 0.0 0.0
