1.0 1.0 29.99 40.12 0.0
1.0 0.9431704885343968 29.99 37.84 0.01
1.0 0.8793619142572283 29.99 35.28 0.02
1.0 0.839481555333998 29.99 33.68 0.03
1.0 0.8095712861415753 29.99 32.48 0.04
1.0 0.7876370887337986 29.99 31.6 0.05
1.0 0.7298105682951147 29.99 29.28 0.060000000000000005
1.0 0.7298105682951147 29.99 29.28 0.07
1.0 0.7028913260219342 29.99 28.2 0.08
1.0 0.6809571286141576 29.99 27.32 0.09
1.0 0.6689930209371885 29.99 26.84 0.09999999999999999
1.0 0.6590229312063809 29.99 26.44 0.10999999999999999
1.0 0.6470588235294118 29.99 25.96 0.11999999999999998
1.0 0.6360917248255235 29.99 25.52 0.12999999999999998
1.0 0.6251246261216351 29.99 25.08 0.13999999999999999
1.0 0.6081754735792622 29.99 24.4 0.15
1.0 0.5932203389830508 29.99 23.8 0.16
1.0 0.5812562313060817 29.99 23.32 0.17
1.0 0.5483549351944168 29.99 22.0 0.18000000000000002
1.0 0.5324027916251246 29.99 21.36 0.19000000000000003
1.0 0.5134596211365903 29.99 20.6 0.20000000000000004
1.0 0.4985044865403789 29.99 20.0 0.21000000000000005
1.0 0.4905284147557328 29.99 19.68 0.22000000000000006
1.0 0.48255234297108673 29.99 19.36 0.23000000000000007
1.0 0.4765702891326022 29.99 19.12 0.24000000000000007
1.0 0.47357926221335994 29.99 19.0 0.25000000000000006
1.0 0.47258225324027914 29.99 18.96 0.26000000000000006
1.0 0.4666001994017946 29.99 18.72 0.2700000000000001
1.0 0.46161515453639085 29.99 18.52 0.2800000000000001
1.0 0.4556331006979063 29.99 18.28 0.2900000000000001
1.0 0.45164506480558325 29.99 18.12 0.3000000000000001
1.0 0.44666001994017945 29.99 17.92 0.3100000000000001
1.0 0.4406779661016949 29.99 17.68 0.3200000000000001
1.0 0.4317048853439681 29.99 17.32 0.3300000000000001
1.0 0.4267198404785643 29.99 17.12 0.34000000000000014
1.0 0.4187437686939183 29.99 16.8 0.35000000000000014
1.0 0.4107676969092722 29.99 16.48 0.36000000000000015
1.0 0.39282153539381853 29.99 15.76 0.37000000000000016
1.0 0.382851445663011 29.99 15.36 0.38000000000000017
1.0 0.37188434695912265 29.99 14.92 0.3900000000000002
1.0 0.36390827517447655 29.99 14.6 0.4000000000000002
1.0 0.35194416749750745 29.99 14.12 0.4100000000000002
1.0 0.3419740777666999 29.99 13.72 0.4200000000000002
1.0 0.32901296111665007 29.99 13.2 0.4300000000000002
1.0 0.3160518444666002 29.99 12.68 0.4400000000000002
0.999888851839502 0.3020937188434696 29.986666666666668 12.12 0.45000000000000023
0.999888851839502 0.292123629112662 29.986666666666668 11.72 0.46000000000000024
0.999888851839502 0.28215353938185445 29.986666666666668 11.32 0.47000000000000025
0.999888851839502 0.2731804586241276 29.986666666666668 10.96 0.48000000000000026
0.999888851839502 0.2612163509471585 29.986666666666668 10.48 0.49000000000000027
0.999888851839502 0.2542372881355932 29.986666666666668 10.2 0.5000000000000002
0.999888851839502 0.2522432701894317 29.986666666666668 10.12 0.5100000000000002
0.999888851839502 0.2432701894317049 29.986666666666668 9.76 0.5200000000000002
0.999888851839502 0.24227318045862412 29.986666666666668 9.72 0.5300000000000002
0.999888851839502 0.24027916251246262 29.986666666666668 9.64 0.5400000000000003
0.999888851839502 0.23728813559322035 29.986666666666668 9.52 0.5500000000000003
0.999888851839502 0.23629112662013957 29.986666666666668 9.48 0.5600000000000003
0.999888851839502 0.23629112662013957 29.986666666666668 9.48 0.5700000000000003
0.999888851839502 0.23030907278165502 29.986666666666668 9.24 0.5800000000000003
0.999888851839502 0.226321036889332 29.986666666666668 9.08 0.5900000000000003
0.999888851839502 0.2193419740777667 29.986666666666668 8.8 0.6000000000000003
0.999888851839502 0.2123629112662014 29.986666666666668 8.52 0.6100000000000003
0.999888851839502 0.20937188434695914 29.986666666666668 8.4 0.6200000000000003
0.999888851839502 0.2033898305084746 29.986666666666668 8.16 0.6300000000000003
0.999888851839502 0.19940179461615154 29.986666666666668 8.0 0.6400000000000003
0.999888851839502 0.1914257228315055 29.986666666666668 7.68 0.6500000000000004
0.999888851839502 0.18544366899302095 29.986666666666668 7.44 0.6600000000000004
0.999888851839502 0.17846460618145563 29.986666666666668 7.16 0.6700000000000004
0.999888851839502 0.16849451645064806 29.986666666666668 6.76 0.6800000000000004
0.999888851839502 0.15553339980059822 29.986666666666668 6.24 0.6900000000000004
0.999888851839502 0.1465603190428714 29.986666666666668 5.88 0.7000000000000004
0.999888851839502 0.13260219341974078 29.986666666666668 5.32 0.7100000000000004
0.999888851839502 0.12562313060817548 29.986666666666668 5.04 0.7200000000000004
0.999888851839502 0.11365902293120637 29.986666666666668 4.56 0.7300000000000004
0.999888851839502 0.10667996011964108 29.986666666666668 4.28 0.7400000000000004
0.999888851839502 0.1036889332003988 29.986666666666668 4.16 0.7500000000000004
0.999888851839502 0.09272183449651047 29.986666666666668 3.72 0.7600000000000005
0.999888851839502 0.08275174476570289 29.986666666666668 3.32 0.7700000000000005
0.999888851839502 0.07676969092721835 29.986666666666668 3.08 0.7800000000000005
0.999888851839502 0.07377866400797607 29.986666666666668 2.96 0.7900000000000005
0.9997777036790041 0.0707876370887338 29.983333333333334 2.84 0.8000000000000005
0.9995554073580082 0.06879361914257229 29.976666666666667 2.76 0.8100000000000005
0.9995554073580082 0.06380857427716849 29.976666666666667 2.56 0.8200000000000005
0.9992219628765144 0.06380857427716849 29.966666666666665 2.56 0.8300000000000005
0.9989996665555185 0.06380857427716849 29.96 2.56 0.8400000000000005
0.998110481271535 0.06081754735792622 29.933333333333334 2.44 0.8500000000000005
0.9973324441480493 0.054835493519441676 29.91 2.2 0.8600000000000005
0.9953317772590864 0.049850448654037885 29.85 2.0 0.8700000000000006
0.9925530732466378 0.036889332003988036 29.766666666666666 1.48 0.8800000000000006
0.9883294431477159 0.031904287138584245 29.64 1.28 0.8900000000000006
0.9848838501722796 0.024925224327018942 29.536666666666665 1.0 0.9000000000000006
0.9811048127153496 0.014955134596211365 29.423333333333332 0.6 0.9100000000000006
0.9777703679004113 0.010967098703888335 29.323333333333334 0.44 0.9200000000000006
0.974324774924975 0.004985044865403789 29.22 0.2 0.9300000000000006
0.9697677003445593 0.0 29.083333333333332 0.0 0.9400000000000006
0.9660998110481271 0.0 28.973333333333333 0.0 0.9500000000000006
0.9622096254306991 0.0 28.856666666666666 0.0 0.9600000000000006
0.9547626986773369 0.0 28.633333333333333 0.0 0.9700000000000006
0.9407580304545959 0.0 28.213333333333335 0.0 0.9800000000000006
0.8944092475269534 0.0 26.823333333333334 0.0 0.9900000000000007
0.0 0.0 0.0 0.0
