0.0 0.9970089730807578 0.0 20.0 0.0
0.0 0.9970089730807578 0.0 20.0 0.01
0.0 0.9970089730807578 0.0 20.0 0.02
0.0 0.9970089730807578 0.0 20.0 0.03
0.0 0.9970089730807578 0.0 20.0 0.04
0.0 0.9970089730807578 0.0 20.0 0.05
0.0 0.9970089730807578 0.0 20.0 0.060000000000000005
0.0 0.9970089730807578 0.0 20.0 0.07
0.0 0.9970089730807578 0.0 20.0 0.08
0.0 0.9970089730807578 0.0 20.0 0.09
0.0 0.9970089730807578 0.0 20.0 0.09999999999999999
0.0 0.9970089730807578 0.0 20.0 0.10999999999999999
0.0 0.9970089730807578 0.0 20.0 0.11999999999999998
0.0 0.9970089730807578 0.0 20.0 0.12999999999999998
0.0 0.9970089730807578 0.0 20.0 0.13999999999999999
0.0 0.9970089730807578 0.0 20.0 0.15
0.0 0.9970089730807578 0.0 20.0 0.16
0.0 0.9970089730807578 0.0 20.0 0.17
0.0 0.996011964107677 0.0 19.98 0.18000000000000002
0.0 0.996011964107677 0.0 19.98 0.19000000000000003
0.0 0.996011964107677 0.0 19.98 0.20000000000000004
0.0 0.996011964107677 0.0 19.98 0.21000000000000005
0.0 0.996011964107677 0.0 19.98 0.22000000000000006
0.0 0.996011964107677 0.0 19.98 0.23000000000000007
0.0 0.996011964107677 0.0 19.98 0.24000000000000007
0.0 0.996011964107677 0.0 19.98 0.25000000000000006
0.0 0.996011964107677 0.0 19.98 0.26000000000000006
0.0 0.996011964107677 0.0 19.98 0.2700000000000001
0.0 0.996011964107677 0.0 19.98 0.2800000000000001
0.0 0.996011964107677 0.0 19.98 0.2900000000000001
0.0 0.996011964107677 0.0 19.98 0.3000000000000001
0.0 0.996011964107677 0.0 19.98 0.3100000000000001
0.0 0.996011964107677 0.0 19.98 0.3200000000000001
0.0 0.996011964107677 0.0 19.98 0.3300000000000001
0.0 0.996011964107677 0.0 19.98 0.34000000000000014
0.0 0.996011964107677 0.0 19.98 0.35000000000000014
0.0 0.996011964107677 0.0 19.98 0.36000000000000015
0.0 0.996011964107677 0.0 19.98 0.37000000000000016
0.0 0.996011964107677 0.0 19.98 0.38000000000000017
0.0 0.996011964107677 0.0 19.98 0.3900000000000002
0.0 0.996011964107677 0.0 19.98 0.4000000000000002
0.0 0.996011964107677 0.0 19.98 0.4100000000000002
0.0 0.996011964107677 0.0 19.98 0.4200000000000002
0.0 0.996011964107677 0.0 19.98 0.4300000000000002
0.0 0.996011964107677 0.0 19.98 0.4400000000000002
0.0 0.996011964107677 0.0 19.98 0.45000000000000023
0.0 0.996011964107677 0.0 19.98 0.46000000000000024
0.0 0.996011964107677 0.0 19.98 0.47000000000000025
0.0 0.996011964107677 0.0 19.98 0.48000000000000026
0.0 0.996011964107677 0.0 19.98 0.49000000000000027
0.0 0.9950149551345963 0.0 19.96 0.5000000000000002
0.0 0.9940179461615155 0.0 19.94 0.5100000000000002
0.0 0.9940179461615155 0.0 19.94 0.5200000000000002
0.0 0.9940179461615155 0.0 19.94 0.5300000000000002
0.0 0.9930209371884346 0.0 19.92 0.5400000000000003
0.0 0.9920239282153539 0.0 19.9 0.5500000000000003
0.0 0.9920239282153539 0.0 19.9 0.5600000000000003
0.0 0.9920239282153539 0.0 19.9 0.5700000000000003
0.0 0.9910269192422732 0.0 19.88 0.5800000000000003
0.0 0.9910269192422732 0.0 19.88 0.5900000000000003
0.0 0.9910269192422732 0.0 19.88 0.6000000000000003
0.0 0.9910269192422732 0.0 19.88 0.6100000000000003
0.0 0.9910269192422732 0.0 19.88 0.6200000000000003
0.0 0.9910269192422732 0.0 19.88 0.6300000000000003
0.0 0.9910269192422732 0.0 19.88 0.6400000000000003
0.0 0.9910269192422732 0.0 19.88 0.6500000000000004
0.0 0.9910269192422732 0.0 19.88 0.6600000000000004
0.0 0.9900299102691924 0.0 19.86 0.6700000000000004
0.0 0.9900299102691924 0.0 19.86 0.6800000000000004
0.0 0.9900299102691924 0.0 19.86 0.6900000000000004
0.0 0.9900299102691924 0.0 19.86 0.7000000000000004
0.0 0.9900299102691924 0.0 19.86 0.7100000000000004
0.0 0.9900299102691924 0.0 19.86 0.7200000000000004
0.0 0.9900299102691924 0.0 19.86 0.7300000000000004
0.0 0.9880358923230309 0.0 19.82 0.7400000000000004
0.0 0.9860418743768694 0.0 19.78 0.7500000000000004
0.0 0.9840478564307079 0.0 19.74 0.7600000000000005
0.0 0.9830508474576272 0.0 19.72 0.7700000000000005
0.0 0.9810568295114656 0.0 19.68 0.7800000000000005
0.0 0.9800598205383848 0.0 19.66 0.7900000000000005
0.0 0.9790628115653041 0.0 19.64 0.8000000000000005
0.0 0.9780658025922233 0.0 19.62 0.8100000000000005
0.0 0.9750747756729811 0.0 19.56 0.8200000000000005
0.0 0.9740777666999003 0.0 19.54 0.8300000000000005
0.0 0.9730807577268196 0.0 19.52 0.8400000000000005
0.0 0.9730807577268196 0.0 19.52 0.8500000000000005
0.0 0.9730807577268196 0.0 19.52 0.8600000000000005
0.0 0.9710867397806581 0.0 19.48 0.8700000000000006
0.0 0.9690927218344965 0.0 19.44 0.8800000000000006
0.0 0.9680957128614157 0.0 19.42 0.8900000000000006
0.0 0.9641076769690927 0.0 19.34 0.9000000000000006
0.0 0.959122632103689 0.0 19.24 0.9100000000000006
0.0 0.9461615154536391 0.0 18.98 0.9200000000000006
0.0 0.942173479561316 0.0 18.9 0.9300000000000006
0.0 0.9272183449651047 0.0 18.6 0.9400000000000006
0.0 0.9162512462612163 0.0 18.38 0.9500000000000006
0.0 0.8953140578265204 0.0 17.96 0.9600000000000006
0.0 0.8743768693918246 0.0 17.54 0.9700000000000006
0.0 0.8205383848454636 0.0 16.46 0.9800000000000006
0.0 0.6679960119641076 0.0 13.4 0.9900000000000007
0.0 0.0 0.0 0.0
