1.0 1.0 12.852857142857143 28.65714285714286 0.0
1.0 0.5124626121635095 12.852857142857143 14.685714285714285 0.01
1.0 0.325024925224327 12.852857142857143 9.314285714285715 0.02
1.0 0.2731804586241276 12.852857142857143 7.828571428571428 0.03
1.0 0.23030907278165502 12.852857142857143 6.6 0.04
1.0 0.2053838484546361 12.852857142857143 5.885714285714286 0.05
1.0 0.16550348953140578 12.852857142857143 4.742857142857143 0.060000000000000005
1.0 0.16550348953140578 12.852857142857143 4.742857142857143 0.07
1.0 0.15254237288135594 12.852857142857143 4.371428571428571 0.08
1.0 0.1465603190428714 12.852857142857143 4.2 0.09
1.0 0.1345962113659023 12.852857142857143 3.857142857142857 0.09999999999999999
1.0 0.12761714855433698 12.852857142857143 3.657142857142857 0.10999999999999999
1.0 0.12163509471585245 12.852857142857143 3.4857142857142858 0.11999999999999998
1.0 0.1156530408773679 12.852857142857143 3.3142857142857145 0.12999999999999998
1.0 0.1106679960119641 12.852857142857143 3.1714285714285713 0.13999999999999999
1.0 0.10468594217347957 12.852857142857143 3.0 0.15
1.0 0.09770687936191426 12.852857142857143 2.8 0.16
1.0 0.09172482552342971 12.852857142857143 2.6285714285714286 0.17
1.0 0.08374875373878365 12.852857142857143 2.4 0.18000000000000002
1.0 0.08374875373878365 12.852857142857143 2.4 0.19000000000000003
1.0 0.08075772681954138 12.852857142857143 2.3142857142857145 0.20000000000000004
1.0 0.07876370887337986 12.852857142857143 2.257142857142857 0.21000000000000005
1.0 0.07577268195413758 12.852857142857143 2.1714285714285713 0.22000000000000006
1.0 0.07577268195413758 12.852857142857143 2.1714285714285713 0.23000000000000007
1.0 0.07377866400797607 12.852857142857143 2.1142857142857143 0.24000000000000007
1.0 0.06979062811565304 12.852857142857143 2.0 0.25000000000000006
1.0 0.06979062811565304 12.852857142857143 2.0 0.26000000000000006
1.0 0.06979062811565304 12.852857142857143 2.0 0.2700000000000001
1.0 0.06879361914257229 12.852857142857143 1.9714285714285715 0.2800000000000001
1.0 0.06779661016949153 12.852857142857143 1.9428571428571428 0.2900000000000001
1.0 0.06679960119641076 12.852857142857143 1.9142857142857144 0.3000000000000001
1.0 0.06580259222333001 12.852857142857143 1.8857142857142857 0.3100000000000001
1.0 0.06480558325024925 12.852857142857143 1.8571428571428572 0.3200000000000001
1.0 0.06380857427716849 12.852857142857143 1.8285714285714285 0.3300000000000001
1.0 0.06181455633100698 12.852857142857143 1.7714285714285714 0.34000000000000014
1.0 0.05982053838484546 12.852857142857143 1.7142857142857142 0.35000000000000014
1.0 0.05982053838484546 12.852857142857143 1.7142857142857142 0.36000000000000015
1.0 0.05782652043868395 12.852857142857143 1.6571428571428573 0.37000000000000016
1.0 0.05682951146560319 12.852857142857143 1.6285714285714286 0.38000000000000017
1.0 0.054835493519441676 12.852857142857143 1.5714285714285714 0.3900000000000002
1.0 0.054835493519441676 12.852857142857143 1.5714285714285714 0.4000000000000002
1.0 0.0518444666001994 12.852857142857143 1.4857142857142858 0.4100000000000002
1.0 0.0518444666001994 12.852857142857143 1.4857142857142858 0.4200000000000002
1.0 0.04885343968095713 12.852857142857143 1.4 0.4300000000000002
1.0 0.0448654037886341 12.852857142857143 1.2857142857142858 0.4400000000000002
1.0 0.040877367896311065 12.852857142857143 1.1714285714285715 0.45000000000000023
1.0 0.040877367896311065 12.852857142857143 1.1714285714285715 0.46000000000000024
1.0 0.038883349950149554 12.852857142857143 1.1142857142857143 0.47000000000000025
1.0 0.03788634097706879 12.852857142857143 1.0857142857142856 0.48000000000000026
1.0 0.03788634097706879 12.852857142857143 1.0857142857142856 0.49000000000000027
1.0 0.03589232303090728 12.852857142857143 1.0285714285714285 0.5000000000000002
1.0 0.03489531405782652 12.852857142857143 1.0 0.5100000000000002
1.0 0.03489531405782652 12.852857142857143 1.0 0.5200000000000002
1.0 0.03489531405782652 12.852857142857143 1.0 0.5300000000000002
1.0 0.03489531405782652 12.852857142857143 1.0 0.5400000000000003
1.0 0.03489531405782652 12.852857142857143 1.0 0.5500000000000003
1.0 0.03389830508474576 12.852857142857143 0.9714285714285714 0.5600000000000003
1.0 0.03389830508474576 12.852857142857143 0.9714285714285714 0.5700000000000003
1.0 0.03389830508474576 12.852857142857143 0.9714285714285714 0.5800000000000003
1.0 0.03389830508474576 12.852857142857143 0.9714285714285714 0.5900000000000003
1.0 0.03389830508474576 12.852857142857143 0.9714285714285714 0.6000000000000003
1.0 0.03389830508474576 12.852857142857143 0.9714285714285714 0.6100000000000003
1.0 0.03389830508474576 12.852857142857143 0.9714285714285714 0.6200000000000003
1.0 0.03290129611166501 12.852857142857143 0.9428571428571428 0.6300000000000003
1.0 0.031904287138584245 12.852857142857143 0.9142857142857143 0.6400000000000003
1.0 0.031904287138584245 12.852857142857143 0.9142857142857143 0.6500000000000004
1.0 0.031904287138584245 12.852857142857143 0.9142857142857143 0.6600000000000004
1.0 0.031904287138584245 12.852857142857143 0.9142857142857143 0.6700000000000004
1.0 0.03090727816550349 12.852857142857143 0.8857142857142857 0.6800000000000004
1.0 0.03090727816550349 12.852857142857143 0.8857142857142857 0.6900000000000004
1.0 0.02991026919242273 12.852857142857143 0.8571428571428571 0.7000000000000004
1.0 0.02991026919242273 12.852857142857143 0.8571428571428571 0.7100000000000004
1.0 0.027916251246261216 12.852857142857143 0.8 0.7200000000000004
1.0 0.026919242273180457 12.852857142857143 0.7714285714285715 0.7300000000000004
1.0 0.0259222333000997 12.852857142857143 0.7428571428571429 0.7400000000000004
1.0 0.023928215353938187 12.852857142857143 0.6857142857142857 0.7500000000000004
1.0 0.022931206380857428 12.852857142857143 0.6571428571428571 0.7600000000000005
1.0 0.022931206380857428 12.852857142857143 0.6571428571428571 0.7700000000000005
1.0 0.022931206380857428 12.852857142857143 0.6571428571428571 0.7800000000000005
1.0 0.022931206380857428 12.852857142857143 0.6571428571428571 0.7900000000000005
1.0 0.022931206380857428 12.852857142857143 0.6571428571428571 0.8000000000000005
1.0 0.022931206380857428 12.852857142857143 0.6571428571428571 0.8100000000000005
1.0 0.022931206380857428 12.852857142857143 0.6571428571428571 0.8200000000000005
1.0 0.022931206380857428 12.852857142857143 0.6571428571428571 0.8300000000000005
1.0 0.022931206380857428 12.852857142857143 0.6571428571428571 0.8400000000000005
0.999888851839502 0.022931206380857428 12.851428571428572 0.6571428571428571 0.8500000000000005
0.999888851839502 0.022931206380857428 12.851428571428572 0.6571428571428571 0.8600000000000005
0.9997777036790041 0.022931206380857428 12.85 0.6571428571428571 0.8700000000000006
0.9995554073580082 0.022931206380857428 12.847142857142858 0.6571428571428571 0.8800000000000006
0.9992219628765144 0.02193419740777667 12.842857142857143 0.6285714285714286 0.8900000000000006
0.9989996665555185 0.020937188434695914 12.84 0.6 0.9000000000000006
0.9987773702345226 0.019940179461615155 12.837142857142856 0.5714285714285714 0.9100000000000006
0.9986662220740247 0.019940179461615155 12.835714285714285 0.5714285714285714 0.9200000000000006
0.9986662220740247 0.019940179461615155 12.835714285714285 0.5714285714285714 0.9300000000000006
0.9985550739135267 0.019940179461615155 12.834285714285715 0.5714285714285714 0.9400000000000006
0.9985550739135267 0.019940179461615155 12.834285714285715 0.5714285714285714 0.9500000000000006
0.9984439257530288 0.019940179461615155 12.832857142857144 0.5714285714285714 0.9600000000000006
0.9984439257530288 0.019940179461615155 12.832857142857144 0.5714285714285714 0.9700000000000006
0.9977770367900411 0.019940179461615155 12.824285714285715 0.5714285714285714 0.9800000000000006
0.9947760364565966 0.019940179461615155 12.785714285714286 0.5714285714285714 0.9900000000000007
0.0 0.0 0.0 0.0
