1.0 1.0 11.24625 20.06 0.0
1.0 0.34995014955134596 11.24625 7.02 0.01
1.0 0.18544366899302095 11.24625 3.72 0.02
1.0 0.14456630109670987 11.24625 2.9 0.03
1.0 0.12462612163509472 11.24625 2.5 0.04
1.0 0.11365902293120637 11.24625 2.28 0.05
1.0 0.08873379860418744 11.24625 1.78 0.060000000000000005
1.0 0.08873379860418744 11.24625 1.78 0.07
1.0 0.07876370887337986 11.24625 1.58 0.08
1.0 0.07178464606181456 11.24625 1.44 0.09
1.0 0.06679960119641076 11.24625 1.34 0.09999999999999999
1.0 0.05982053838484546 11.24625 1.2 0.10999999999999999
1.0 0.05682951146560319 11.24625 1.14 0.11999999999999998
1.0 0.05583250249252243 11.24625 1.12 0.12999999999999998
1.0 0.053838484546360914 11.24625 1.08 0.13999999999999999
1.0 0.0518444666001994 11.24625 1.04 0.15
1.0 0.05084745762711865 11.24625 1.02 0.16
1.0 0.05084745762711865 11.24625 1.02 0.17
1.0 0.04287138584247258 11.24625 0.86 0.18000000000000002
1.0 0.03788634097706879 11.24625 0.76 0.19000000000000003
1.0 0.036889332003988036 11.24625 0.74 0.20000000000000004
1.0 0.036889332003988036 11.24625 0.74 0.21000000000000005
1.0 0.03489531405782652 11.24625 0.7 0.22000000000000006
1.0 0.03389830508474576 11.24625 0.68 0.23000000000000007
1.0 0.03389830508474576 11.24625 0.68 0.24000000000000007
1.0 0.03290129611166501 11.24625 0.66 0.25000000000000006
1.0 0.03290129611166501 11.24625 0.66 0.26000000000000006
1.0 0.031904287138584245 11.24625 0.64 0.2700000000000001
1.0 0.03090727816550349 11.24625 0.62 0.2800000000000001
1.0 0.03090727816550349 11.24625 0.62 0.2900000000000001
1.0 0.02991026919242273 11.24625 0.6 0.3000000000000001
1.0 0.02991026919242273 11.24625 0.6 0.3100000000000001
1.0 0.02991026919242273 11.24625 0.6 0.3200000000000001
1.0 0.02991026919242273 11.24625 0.6 0.3300000000000001
1.0 0.028913260219341975 11.24625 0.58 0.34000000000000014
1.0 0.028913260219341975 11.24625 0.58 0.35000000000000014
1.0 0.028913260219341975 11.24625 0.58 0.36000000000000015
1.0 0.027916251246261216 11.24625 0.56 0.37000000000000016
1.0 0.026919242273180457 11.24625 0.54 0.38000000000000017
1.0 0.026919242273180457 11.24625 0.54 0.3900000000000002
1.0 0.0259222333000997 11.24625 0.52 0.4000000000000002
1.0 0.024925224327018942 11.24625 0.5 0.4100000000000002
1.0 0.023928215353938187 11.24625 0.48 0.4200000000000002
1.0 0.023928215353938187 11.24625 0.48 0.4300000000000002
1.0 0.023928215353938187 11.24625 0.48 0.4400000000000002
1.0 0.023928215353938187 11.24625 0.48 0.45000000000000023
1.0 0.023928215353938187 11.24625 0.48 0.46000000000000024
1.0 0.022931206380857428 11.24625 0.46 0.47000000000000025
1.0 0.022931206380857428 11.24625 0.46 0.48000000000000026
1.0 0.022931206380857428 11.24625 0.46 0.49000000000000027
1.0 0.022931206380857428 11.24625 0.46 0.5000000000000002
1.0 0.022931206380857428 11.24625 0.46 0.5100000000000002
1.0 0.022931206380857428 11.24625 0.46 0.5200000000000002
1.0 0.022931206380857428 11.24625 0.46 0.5300000000000002
1.0 0.022931206380857428 11.24625 0.46 0.5400000000000003
1.0 0.022931206380857428 11.24625 0.46 0.5500000000000003
1.0 0.022931206380857428 11.24625 0.46 0.5600000000000003
1.0 0.022931206380857428 11.24625 0.46 0.5700000000000003
1.0 0.022931206380857428 11.24625 0.46 0.5800000000000003
1.0 0.022931206380857428 11.24625 0.46 0.5900000000000003
1.0 0.022931206380857428 11.24625 0.46 0.6000000000000003
1.0 0.022931206380857428 11.24625 0.46 0.6100000000000003
1.0 0.022931206380857428 11.24625 0.46 0.6200000000000003
1.0 0.022931206380857428 11.24625 0.46 0.6300000000000003
1.0 0.022931206380857428 11.24625 0.46 0.6400000000000003
1.0 0.022931206380857428 11.24625 0.46 0.6500000000000004
1.0 0.022931206380857428 11.24625 0.46 0.6600000000000004
1.0 0.022931206380857428 11.24625 0.46 0.6700000000000004
1.0 0.022931206380857428 11.24625 0.46 0.6800000000000004
1.0 0.022931206380857428 11.24625 0.46 0.6900000000000004
1.0 0.022931206380857428 11.24625 0.46 0.7000000000000004
1.0 0.022931206380857428 11.24625 0.46 0.7100000000000004
1.0 0.022931206380857428 11.24625 0.46 0.7200000000000004
1.0 0.022931206380857428 11.24625 0.46 0.7300000000000004
1.0 0.022931206380857428 11.24625 0.46 0.7400000000000004
1.0 0.022931206380857428 11.24625 0.46 0.7500000000000004
1.0 0.02193419740777667 11.24625 0.44 0.7600000000000005
1.0 0.020937188434695914 11.24625 0.42 0.7700000000000005
1.0 0.020937188434695914 11.24625 0.42 0.7800000000000005
1.0 0.020937188434695914 11.24625 0.42 0.7900000000000005
1.0 0.020937188434695914 11.24625 0.42 0.8000000000000005
1.0 0.020937188434695914 11.24625 0.42 0.8100000000000005
1.0 0.020937188434695914 11.24625 0.42 0.8200000000000005
1.0 0.019940179461615155 11.24625 0.4 0.8300000000000005
1.0 0.019940179461615155 11.24625 0.4 0.8400000000000005
1.0 0.019940179461615155 11.24625 0.4 0.8500000000000005
1.0 0.019940179461615155 11.24625 0.4 0.8600000000000005
1.0 0.019940179461615155 11.24625 0.4 0.8700000000000006
1.0 0.019940179461615155 11.24625 0.4 0.8800000000000006
1.0 0.019940179461615155 11.24625 0.4 0.8900000000000006
1.0 0.019940179461615155 11.24625 0.4 0.9000000000000006
1.0 0.019940179461615155 11.24625 0.4 0.9100000000000006
1.0 0.019940179461615155 11.24625 0.4 0.9200000000000006
1.0 0.019940179461615155 11.24625 0.4 0.9300000000000006
1.0 0.019940179461615155 11.24625 0.4 0.9400000000000006
1.0 0.019940179461615155 11.24625 0.4 0.9500000000000006
1.0 0.019940179461615155 11.24625 0.4 0.9600000000000006
0.999888851839502 0.019940179461615155 11.245 0.4 0.9700000000000006
0.9996665555185061 0.019940179461615155 11.2425 0.4 0.9800000000000006
0.9989996665555185 0.019940179461615155 11.235 0.4 0.9900000000000007
0.0 0.0 0.0 0.0
