1.0 1.0 44.985 200.6 0.0
1.0 0.9930209371884346 44.985 199.2 0.01
1.0 0.9780658025922233 44.985 196.2 0.02
1.0 0.9621136590229312 44.985 193.0 0.03
1.0 0.9431704885343968 44.985 189.2 0.04
1.0 0.9361914257228315 44.985 187.8 0.05
1.0 0.909272183449651 44.985 182.4 0.060000000000000005
1.0 0.909272183449651 44.985 182.4 0.07
1.0 0.8963110667996012 44.985 179.8 0.08
1.0 0.8893320039880359 44.985 178.4 0.09
1.0 0.8833499501495513 44.985 177.2 0.09999999999999999
1.0 0.8753738783649053 44.985 175.6 0.10999999999999999
1.0 0.8693918245264207 44.985 174.4 0.11999999999999998
1.0 0.8594217347956131 44.985 172.4 0.12999999999999998
1.0 0.8564307078763709 44.985 171.8 0.13999999999999999
1.0 0.843469591226321 44.985 169.2 0.15
1.0 0.8344965104685942 44.985 167.4 0.16
1.0 0.8215353938185443 44.985 164.8 0.17
1.0 0.7956131605184447 44.985 159.6 0.18000000000000002
1.0 0.7796610169491526 44.985 156.4 0.19000000000000003
1.0 0.7706879361914257 44.985 154.6 0.20000000000000004
1.0 0.7577268195413759 44.985 152.0 0.21000000000000005
1.0 0.7417746759720838 44.985 148.8 0.22000000000000006
1.0 0.7377866400797607 44.985 148.0 0.23000000000000007
1.0 0.7298105682951147 44.985 146.4 0.24000000000000007
1.0 0.7258225324027916 44.985 145.6 0.25000000000000006
1.0 0.7238285144566301 44.985 145.2 0.26000000000000006
1.0 0.7168494516450648 44.985 143.8 0.2700000000000001
1.0 0.7138584247258225 44.985 143.2 0.2800000000000001
1.0 0.7088733798604188 44.985 142.2 0.2900000000000001
1.0 0.7038883349950149 44.985 141.2 0.3000000000000001
1.0 0.7028913260219342 44.985 141.0 0.3100000000000001
1.0 0.6999002991026919 44.985 140.4 0.3200000000000001
1.0 0.6929212362911267 44.985 139.0 0.3300000000000001
1.0 0.6839481555333998 44.985 137.2 0.34000000000000014
1.0 0.6689930209371885 44.985 134.2 0.35000000000000014
1.0 0.6570289132602194 44.985 131.8 0.36000000000000015
1.0 0.6440677966101694 44.985 129.2 0.37000000000000016
1.0 0.634097706879362 44.985 127.2 0.38000000000000017
1.0 0.609172482552343 44.985 122.2 0.3900000000000002
1.0 0.5882352941176471 44.985 118.0 0.4000000000000002
1.0 0.5722831505483549 44.985 114.8 0.4100000000000002
1.0 0.559322033898305 44.985 112.2 0.4200000000000002
1.0 0.5453639082751744 44.985 109.4 0.4300000000000002
1.0 0.5294117647058824 44.985 106.2 0.4400000000000002
1.0 0.5134596211365903 44.985 103.0 0.45000000000000023
1.0 0.5004985044865404 44.985 100.4 0.46000000000000024
1.0 0.48953140578265203 44.985 98.2 0.47000000000000025
1.0 0.4785643070787637 44.985 96.0 0.48000000000000026
1.0 0.4695912263210369 44.985 94.2 0.49000000000000027
1.0 0.46560319042871384 44.985 93.4 0.5000000000000002
1.0 0.46161515453639085 44.985 92.6 0.5100000000000002
1.0 0.4546360917248255 44.985 91.2 0.5200000000000002
1.0 0.44965104685942175 44.985 90.2 0.5300000000000002
1.0 0.44865403788634095 44.985 90.0 0.5400000000000003
1.0 0.44666001994017945 44.985 89.6 0.5500000000000003
1.0 0.4436689930209372 44.985 89.0 0.5600000000000003
1.0 0.4426719840478564 44.985 88.8 0.5700000000000003
1.0 0.43668993020937186 44.985 87.6 0.5800000000000003
1.0 0.4356929212362911 44.985 87.4 0.5900000000000003
1.0 0.42971086739780656 44.985 86.2 0.6000000000000003
1.0 0.42572283150548357 44.985 85.4 0.6100000000000003
1.0 0.4217347956131605 44.985 84.6 0.6200000000000003
1.0 0.4187437686939183 44.985 84.0 0.6300000000000003
1.0 0.4147557328015952 44.985 83.2 0.6400000000000003
1.0 0.4037886340977069 44.985 81.0 0.6500000000000004
1.0 0.386839481555334 44.985 77.6 0.6600000000000004
1.0 0.3748753738783649 44.985 75.2 0.6700000000000004
1.0 0.36191425722831505 44.985 72.6 0.6800000000000004
1.0 0.34097706879361916 44.985 68.4 0.6900000000000004
1.0 0.3270189431704885 44.985 65.6 0.7000000000000004
1.0 0.3070787637088734 44.985 61.6 0.7100000000000004
1.0 0.2711864406779661 44.985 54.4 0.7200000000000004
1.0 0.24825523429710866 44.985 49.8 0.7300000000000004
1.0 0.23429710867397807 44.985 47.0 0.7400000000000004
1.0 0.21335992023928216 44.985 42.8 0.7500000000000004
1.0 0.19541375872382852 44.985 39.2 0.7600000000000005
1.0 0.1814556331006979 44.985 36.4 0.7700000000000005
0.999888851839502 0.1744765702891326 44.98 35.0 0.7800000000000005
0.999888851839502 0.16450648055832504 44.98 33.0 0.7900000000000005
0.9997777036790041 0.16051844466600199 44.975 32.2 0.8000000000000005
0.9994442591975102 0.1575274177467597 44.96 31.6 0.8100000000000005
0.9989996665555185 0.14955134596211367 44.94 30.0 0.8200000000000005
0.998110481271535 0.13758723828514458 44.9 27.6 0.8300000000000005
0.9964432588640658 0.13559322033898305 44.825 27.2 0.8400000000000005
0.9938868511726131 0.12761714855433698 44.71 25.6 0.8500000000000005
0.9895520729131932 0.11665004985044865 44.515 23.4 0.8600000000000005
0.9819939979993331 0.10269192422731804 44.175 20.6 0.8700000000000006
0.972324108036012 0.09471585244267199 43.74 19.0 0.8800000000000006
0.962320773591197 0.07477567298105683 43.29 15.0 0.8900000000000006
0.9510948093809047 0.054835493519441676 42.785 11.0 0.9000000000000006
0.9394242525286206 0.03788634097706879 42.26 7.6 0.9100000000000006
0.9290874736023119 0.022931206380857428 41.795 4.6 0.9200000000000006
0.9210848060464599 0.013958125623130608 41.435 2.8 0.9300000000000006
0.9114149160831388 0.007976071784646061 41.0 1.6 0.9400000000000006
0.9045237301322663 0.003988035892323031 40.69 0.8 0.9500000000000006
0.8941869512059576 0.0 40.225 0.0 0.9600000000000006
0.8781816160942536 0.0 39.505 0.0 0.9700000000000006
0.8491719462042904 0.0 38.2 0.0 0.9800000000000006
0.7545848616205402 0.0 33.945 0.0 0.9900000000000007
0.0 0.0 0.0 0.0
