1.0 1.0 44.985 28.65714285714286 0.0
1.0 0.9920239282153539 44.985 28.428571428571427 0.01
1.0 0.9740777666999003 44.985 27.914285714285715 0.02
1.0 0.9571286141575274 44.985 27.428571428571427 0.03
1.0 0.942173479561316 44.985 27.0 0.04
1.0 0.9232303090727817 44.985 26.457142857142856 0.05
1.0 0.8963110667996012 44.985 25.685714285714287 0.060000000000000005
1.0 0.8963110667996012 44.985 25.685714285714287 0.07
1.0 0.8843469591226321 44.985 25.34285714285714 0.08
1.0 0.8713858424725822 44.985 24.97142857142857 0.09
1.0 0.8554336989032901 44.985 24.514285714285716 0.09999999999999999
1.0 0.8504486540378864 44.985 24.37142857142857 0.10999999999999999
1.0 0.8414755732801595 44.985 24.114285714285714 0.11999999999999998
1.0 0.8344965104685942 44.985 23.914285714285715 0.12999999999999998
1.0 0.8205383848454636 44.985 23.514285714285716 0.13999999999999999
1.0 0.806580259222333 44.985 23.114285714285714 0.15
1.0 0.7926221335992024 44.985 22.714285714285715 0.16
1.0 0.7846460618145563 44.985 22.485714285714284 0.17
1.0 0.748753738783649 44.985 21.457142857142856 0.18000000000000002
1.0 0.7377866400797607 44.985 21.142857142857142 0.19000000000000003
1.0 0.7298105682951147 44.985 20.914285714285715 0.20000000000000004
1.0 0.7258225324027916 44.985 20.8 0.21000000000000005
1.0 0.7178464606181456 44.985 20.571428571428573 0.22000000000000006
1.0 0.715852442671984 44.985 20.514285714285716 0.23000000000000007
1.0 0.7088733798604188 44.985 20.314285714285713 0.24000000000000007
1.0 0.7048853439680958 44.985 20.2 0.25000000000000006
1.0 0.6969092721834497 44.985 19.97142857142857 0.26000000000000006
1.0 0.6929212362911267 44.985 19.857142857142858 0.2700000000000001
1.0 0.6909272183449651 44.985 19.8 0.2800000000000001
1.0 0.6869391824526421 44.985 19.685714285714287 0.2900000000000001
1.0 0.6839481555333998 44.985 19.6 0.3000000000000001
1.0 0.6759720837487537 44.985 19.37142857142857 0.3100000000000001
1.0 0.6660019940179461 44.985 19.085714285714285 0.3200000000000001
1.0 0.6560319042871385 44.985 18.8 0.3300000000000001
1.0 0.646061814556331 44.985 18.514285714285716 0.34000000000000014
1.0 0.6370887337986042 44.985 18.257142857142856 0.35000000000000014
1.0 0.6281156530408774 44.985 18.0 0.36000000000000015
1.0 0.609172482552343 44.985 17.457142857142856 0.37000000000000016
1.0 0.6011964107676969 44.985 17.228571428571428 0.38000000000000017
1.0 0.5862412761714856 44.985 16.8 0.3900000000000002
1.0 0.576271186440678 44.985 16.514285714285716 0.4000000000000002
1.0 0.559322033898305 44.985 16.02857142857143 0.4100000000000002
1.0 0.5463609172482552 44.985 15.657142857142857 0.4200000000000002
1.0 0.5373878364905285 44.985 15.4 0.4300000000000002
1.0 0.522432701894317 44.985 14.971428571428572 0.4400000000000002
1.0 0.5094715852442672 44.985 14.6 0.45000000000000023
1.0 0.4965104685942173 44.985 14.228571428571428 0.46000000000000024
1.0 0.4865403788634098 44.985 13.942857142857143 0.47000000000000025
1.0 0.47557328015952144 44.985 13.628571428571428 0.48000000000000026
1.0 0.4626121635094716 44.985 13.257142857142858 0.49000000000000027
1.0 0.4576271186440678 44.985 13.114285714285714 0.5000000000000002
1.0 0.4546360917248255 44.985 13.028571428571428 0.5100000000000002
1.0 0.45164506480558325 44.985 12.942857142857143 0.5200000000000002
1.0 0.44865403788634095 44.985 12.857142857142858 0.5300000000000002
1.0 0.4476570289132602 44.985 12.82857142857143 0.5400000000000003
1.0 0.4476570289132602 44.985 12.82857142857143 0.5500000000000003
1.0 0.4426719840478564 44.985 12.685714285714285 0.5600000000000003
1.0 0.43668993020937186 44.985 12.514285714285714 0.5700000000000003
1.0 0.4356929212362911 44.985 12.485714285714286 0.5800000000000003
1.0 0.4307078763708873 44.985 12.342857142857143 0.5900000000000003
1.0 0.4267198404785643 44.985 12.228571428571428 0.6000000000000003
1.0 0.4217347956131605 44.985 12.085714285714285 0.6100000000000003
1.0 0.4167497507477567 44.985 11.942857142857143 0.6200000000000003
1.0 0.4077766699900299 44.985 11.685714285714285 0.6300000000000003
1.0 0.39780658025922233 44.985 11.4 0.6400000000000003
1.0 0.38085742771684944 44.985 10.914285714285715 0.6500000000000004
1.0 0.36689930209371885 44.985 10.514285714285714 0.6600000000000004
1.0 0.35194416749750745 44.985 10.085714285714285 0.6700000000000004
1.0 0.33998005982053836 44.985 9.742857142857142 0.6800000000000004
1.0 0.32602193419740777 44.985 9.342857142857143 0.6900000000000004
1.0 0.30608175473579263 44.985 8.771428571428572 0.7000000000000004
1.0 0.2831505483549352 44.985 8.114285714285714 0.7100000000000004
1.0 0.2522432701894317 44.985 7.228571428571429 0.7200000000000004
1.0 0.22731804586241275 44.985 6.514285714285714 0.7300000000000004
1.0 0.21335992023928216 44.985 6.114285714285714 0.7400000000000004
1.0 0.193419740777667 44.985 5.542857142857143 0.7500000000000004
1.0 0.18444666001994017 44.985 5.285714285714286 0.7600000000000005
1.0 0.17547357926221335 44.985 5.0285714285714285 0.7700000000000005
0.999888851839502 0.1694915254237288 44.98 4.857142857142857 0.7800000000000005
0.9997777036790041 0.1674975074775673 44.975 4.8 0.7900000000000005
0.9997777036790041 0.16350947158524426 44.975 4.685714285714286 0.8000000000000005
0.9995554073580082 0.1575274177467597 44.965 4.514285714285714 0.8100000000000005
0.9992219628765144 0.15254237288135594 44.95 4.371428571428571 0.8200000000000005
0.9986662220740247 0.14456630109670987 44.925 4.142857142857143 0.8300000000000005
0.9977770367900411 0.13758723828514458 44.885 3.942857142857143 0.8400000000000005
0.9955540735800823 0.12362911266201396 44.785 3.5428571428571427 0.8500000000000005
0.9916638879626543 0.10269192422731804 44.61 2.942857142857143 0.8600000000000005
0.9876625541847283 0.08773678963110668 44.43 2.5142857142857142 0.8700000000000006
0.9818828498388351 0.07477567298105683 44.17 2.142857142857143 0.8800000000000006
0.9758808491719462 0.06081754735792622 43.9 1.7428571428571429 0.8900000000000006
0.9673224408136045 0.045862412761714856 43.515 1.3142857142857143 0.9000000000000006
0.9593197732577526 0.03389830508474576 43.155 0.9714285714285714 0.9100000000000006
0.9530954762698677 0.018943170488534396 42.875 0.5428571428571428 0.9200000000000006
0.9464265866399911 0.00897308075772682 42.575 0.2571428571428571 0.9300000000000006
0.938868511726131 0.0029910269192422734 42.235 0.08571428571428572 0.9400000000000006
0.9297543625652995 9.970089730807576E-4 41.825 0.02857142857142857 0.9500000000000006
0.9176392130710237 0.0 41.28 0.0 0.9600000000000006
0.901189285317328 0.0 40.54 0.0 0.9700000000000006
0.8707346893408914 0.0 39.17 0.0 0.9800000000000006
0.7875958652884295 0.0 35.43 0.0 0.9900000000000007
0.0 0.0 0.0 0.0
