1.0 1.0 11.24625 25.075 0.0
1.0 0.49750747756729813 11.24625 12.475 0.01
1.0 0.3389830508474576 11.24625 8.5 0.02
1.0 0.2731804586241276 11.24625 6.85 0.03
1.0 0.2213359920239282 11.24625 5.55 0.04
1.0 0.1814556331006979 11.24625 4.55 0.05
1.0 0.15054835493519442 11.24625 3.775 0.060000000000000005
1.0 0.15054835493519442 11.24625 3.775 0.07
1.0 0.1415752741774676 11.24625 3.55 0.08
1.0 0.13260219341974078 11.24625 3.325 0.09
1.0 0.12662013958125623 11.24625 3.175 0.09999999999999999
1.0 0.1226321036889332 11.24625 3.075 0.10999999999999999
1.0 0.1156530408773679 11.24625 2.9 0.11999999999999998
1.0 0.10867397806580259 11.24625 2.725 0.12999999999999998
1.0 0.1016949152542373 11.24625 2.55 0.13999999999999999
1.0 0.09471585244267199 11.24625 2.375 0.15
1.0 0.09272183449651047 11.24625 2.325 0.16
1.0 0.09072781655034895 11.24625 2.275 0.17
1.0 0.08275174476570289 11.24625 2.075 0.18000000000000002
1.0 0.07876370887337986 11.24625 1.975 0.19000000000000003
1.0 0.07577268195413758 11.24625 1.9 0.20000000000000004
1.0 0.06979062811565304 11.24625 1.75 0.21000000000000005
1.0 0.06779661016949153 11.24625 1.7 0.22000000000000006
1.0 0.06679960119641076 11.24625 1.675 0.23000000000000007
1.0 0.06580259222333001 11.24625 1.65 0.24000000000000007
1.0 0.06380857427716849 11.24625 1.6 0.25000000000000006
1.0 0.06281156530408774 11.24625 1.575 0.26000000000000006
1.0 0.06281156530408774 11.24625 1.575 0.2700000000000001
1.0 0.06281156530408774 11.24625 1.575 0.2800000000000001
1.0 0.06181455633100698 11.24625 1.55 0.2900000000000001
1.0 0.05982053838484546 11.24625 1.5 0.3000000000000001
1.0 0.058823529411764705 11.24625 1.475 0.3100000000000001
1.0 0.058823529411764705 11.24625 1.475 0.3200000000000001
1.0 0.054835493519441676 11.24625 1.375 0.3300000000000001
1.0 0.05284147557328016 11.24625 1.325 0.34000000000000014
1.0 0.0518444666001994 11.24625 1.3 0.35000000000000014
1.0 0.05084745762711865 11.24625 1.275 0.36000000000000015
1.0 0.049850448654037885 11.24625 1.25 0.37000000000000016
1.0 0.049850448654037885 11.24625 1.25 0.38000000000000017
1.0 0.049850448654037885 11.24625 1.25 0.3900000000000002
1.0 0.04685942173479561 11.24625 1.175 0.4000000000000002
1.0 0.0448654037886341 11.24625 1.125 0.4100000000000002
1.0 0.0448654037886341 11.24625 1.125 0.4200000000000002
1.0 0.04287138584247258 11.24625 1.075 0.4300000000000002
1.0 0.04287138584247258 11.24625 1.075 0.4400000000000002
1.0 0.04287138584247258 11.24625 1.075 0.45000000000000023
1.0 0.04287138584247258 11.24625 1.075 0.46000000000000024
1.0 0.04287138584247258 11.24625 1.075 0.47000000000000025
1.0 0.04187437686939183 11.24625 1.05 0.48000000000000026
1.0 0.04187437686939183 11.24625 1.05 0.49000000000000027
1.0 0.040877367896311065 11.24625 1.025 0.5000000000000002
1.0 0.038883349950149554 11.24625 0.975 0.5100000000000002
1.0 0.038883349950149554 11.24625 0.975 0.5200000000000002
1.0 0.038883349950149554 11.24625 0.975 0.5300000000000002
1.0 0.03788634097706879 11.24625 0.95 0.5400000000000003
1.0 0.03788634097706879 11.24625 0.95 0.5500000000000003
1.0 0.03788634097706879 11.24625 0.95 0.5600000000000003
1.0 0.03788634097706879 11.24625 0.95 0.5700000000000003
1.0 0.036889332003988036 11.24625 0.925 0.5800000000000003
1.0 0.036889332003988036 11.24625 0.925 0.5900000000000003
1.0 0.036889332003988036 11.24625 0.925 0.6000000000000003
1.0 0.036889332003988036 11.24625 0.925 0.6100000000000003
1.0 0.03589232303090728 11.24625 0.9 0.6200000000000003
1.0 0.03389830508474576 11.24625 0.85 0.6300000000000003
1.0 0.03389830508474576 11.24625 0.85 0.6400000000000003
1.0 0.03389830508474576 11.24625 0.85 0.6500000000000004
1.0 0.03290129611166501 11.24625 0.825 0.6600000000000004
1.0 0.031904287138584245 11.24625 0.8 0.6700000000000004
1.0 0.031904287138584245 11.24625 0.8 0.6800000000000004
1.0 0.028913260219341975 11.24625 0.725 0.6900000000000004
1.0 0.028913260219341975 11.24625 0.725 0.7000000000000004
1.0 0.027916251246261216 11.24625 0.7 0.7100000000000004
1.0 0.026919242273180457 11.24625 0.675 0.7200000000000004
1.0 0.026919242273180457 11.24625 0.675 0.7300000000000004
1.0 0.024925224327018942 11.24625 0.625 0.7400000000000004
1.0 0.022931206380857428 11.24625 0.575 0.7500000000000004
1.0 0.022931206380857428 11.24625 0.575 0.7600000000000005
1.0 0.022931206380857428 11.24625 0.575 0.7700000000000005
1.0 0.02193419740777667 11.24625 0.55 0.7800000000000005
1.0 0.02193419740777667 11.24625 0.55 0.7900000000000005
1.0 0.020937188434695914 11.24625 0.525 0.8000000000000005
1.0 0.020937188434695914 11.24625 0.525 0.8100000000000005
1.0 0.020937188434695914 11.24625 0.525 0.8200000000000005
1.0 0.020937188434695914 11.24625 0.525 0.8300000000000005
1.0 0.020937188434695914 11.24625 0.525 0.8400000000000005
1.0 0.020937188434695914 11.24625 0.525 0.8500000000000005
1.0 0.020937188434695914 11.24625 0.525 0.8600000000000005
1.0 0.019940179461615155 11.24625 0.5 0.8700000000000006
0.9996665555185061 0.019940179461615155 11.2425 0.5 0.8800000000000006
0.9996665555185061 0.019940179461615155 11.2425 0.5 0.8900000000000006
0.9995554073580082 0.019940179461615155 11.24125 0.5 0.9000000000000006
0.9995554073580082 0.019940179461615155 11.24125 0.5 0.9100000000000006
0.9995554073580082 0.019940179461615155 11.24125 0.5 0.9200000000000006
0.9995554073580082 0.019940179461615155 11.24125 0.5 0.9300000000000006
0.9994442591975102 0.019940179461615155 11.24 0.5 0.9400000000000006
0.9994442591975102 0.019940179461615155 11.24 0.5 0.9500000000000006
0.9993331110370124 0.019940179461615155 11.23875 0.5 0.9600000000000006
0.9992219628765144 0.019940179461615155 11.2375 0.5 0.9700000000000006
0.9985550739135267 0.019940179461615155 11.23 0.5 0.9800000000000006
0.9968878515060575 0.019940179461615155 11.21125 0.5 0.9900000000000007
0.0 0.0 0.0 0.0
