0.0 0.8973080757726819 0.0 20.0 0.0
0.0 0.8973080757726819 0.0 20.0 0.01
0.0 0.8973080757726819 0.0 20.0 0.02
0.0 0.8973080757726819 0.0 20.0 0.03
0.0 0.8973080757726819 0.0 20.0 0.04
0.0 0.8973080757726819 0.0 20.0 0.05
0.0 0.8963110667996012 0.0 19.977777777777778 0.060000000000000005
0.0 0.8963110667996012 0.0 19.977777777777778 0.07
0.0 0.8963110667996012 0.0 19.977777777777778 0.08
0.0 0.8963110667996012 0.0 19.977777777777778 0.09
0.0 0.8963110667996012 0.0 19.977777777777778 0.09999999999999999
0.0 0.8953140578265204 0.0 19.955555555555556 0.10999999999999999
0.0 0.8933200398803589 0.0 19.91111111111111 0.11999999999999998
0.0 0.8933200398803589 0.0 19.91111111111111 0.12999999999999998
0.0 0.8923230309072782 0.0 19.88888888888889 0.13999999999999999
0.0 0.8923230309072782 0.0 19.88888888888889 0.15
0.0 0.8923230309072782 0.0 19.88888888888889 0.16
0.0 0.8923230309072782 0.0 19.88888888888889 0.17
0.0 0.8923230309072782 0.0 19.88888888888889 0.18000000000000002
0.0 0.8923230309072782 0.0 19.88888888888889 0.19000000000000003
0.0 0.8923230309072782 0.0 19.88888888888889 0.20000000000000004
0.0 0.8923230309072782 0.0 19.88888888888889 0.21000000000000005
0.0 0.8903290129611167 0.0 19.844444444444445 0.22000000000000006
0.0 0.8903290129611167 0.0 19.844444444444445 0.23000000000000007
0.0 0.8903290129611167 0.0 19.844444444444445 0.24000000000000007
0.0 0.8903290129611167 0.0 19.844444444444445 0.25000000000000006
0.0 0.8903290129611167 0.0 19.844444444444445 0.26000000000000006
0.0 0.8903290129611167 0.0 19.844444444444445 0.2700000000000001
0.0 0.8903290129611167 0.0 19.844444444444445 0.2800000000000001
0.0 0.8903290129611167 0.0 19.844444444444445 0.2900000000000001
0.0 0.8903290129611167 0.0 19.844444444444445 0.3000000000000001
0.0 0.8903290129611167 0.0 19.844444444444445 0.3100000000000001
0.0 0.8893320039880359 0.0 19.822222222222223 0.3200000000000001
0.0 0.8883349950149552 0.0 19.8 0.3300000000000001
0.0 0.8883349950149552 0.0 19.8 0.34000000000000014
0.0 0.8883349950149552 0.0 19.8 0.35000000000000014
0.0 0.8883349950149552 0.0 19.8 0.36000000000000015
0.0 0.8883349950149552 0.0 19.8 0.37000000000000016
0.0 0.8883349950149552 0.0 19.8 0.38000000000000017
0.0 0.8883349950149552 0.0 19.8 0.3900000000000002
0.0 0.8883349950149552 0.0 19.8 0.4000000000000002
0.0 0.8883349950149552 0.0 19.8 0.4100000000000002
0.0 0.8883349950149552 0.0 19.8 0.4200000000000002
0.0 0.8883349950149552 0.0 19.8 0.4300000000000002
0.0 0.8883349950149552 0.0 19.8 0.4400000000000002
0.0 0.8883349950149552 0.0 19.8 0.45000000000000023
0.0 0.8883349950149552 0.0 19.8 0.46000000000000024
0.0 0.8883349950149552 0.0 19.8 0.47000000000000025
0.0 0.8873379860418744 0.0 19.77777777777778 0.48000000000000026
0.0 0.8853439680957128 0.0 19.733333333333334 0.49000000000000027
0.0 0.8843469591226321 0.0 19.711111111111112 0.5000000000000002
0.0 0.8843469591226321 0.0 19.711111111111112 0.5100000000000002
0.0 0.8843469591226321 0.0 19.711111111111112 0.5200000000000002
0.0 0.8833499501495513 0.0 19.68888888888889 0.5300000000000002
0.0 0.8823529411764706 0.0 19.666666666666668 0.5400000000000003
0.0 0.8823529411764706 0.0 19.666666666666668 0.5500000000000003
0.0 0.8823529411764706 0.0 19.666666666666668 0.5600000000000003
0.0 0.8813559322033898 0.0 19.644444444444446 0.5700000000000003
0.0 0.8803589232303091 0.0 19.622222222222224 0.5800000000000003
0.0 0.8803589232303091 0.0 19.622222222222224 0.5900000000000003
0.0 0.8803589232303091 0.0 19.622222222222224 0.6000000000000003
0.0 0.8793619142572283 0.0 19.6 0.6100000000000003
0.0 0.8793619142572283 0.0 19.6 0.6200000000000003
0.0 0.8793619142572283 0.0 19.6 0.6300000000000003
0.0 0.8793619142572283 0.0 19.6 0.6400000000000003
0.0 0.8773678963110668 0.0 19.555555555555557 0.6500000000000004
0.0 0.8763708873379861 0.0 19.533333333333335 0.6600000000000004
0.0 0.8763708873379861 0.0 19.533333333333335 0.6700000000000004
0.0 0.8763708873379861 0.0 19.533333333333335 0.6800000000000004
0.0 0.8753738783649053 0.0 19.511111111111113 0.6900000000000004
0.0 0.8743768693918246 0.0 19.488888888888887 0.7000000000000004
0.0 0.872382851445663 0.0 19.444444444444443 0.7100000000000004
0.0 0.86839481555334 0.0 19.355555555555554 0.7200000000000004
0.0 0.8654037886340977 0.0 19.288888888888888 0.7300000000000004
0.0 0.8624127617148555 0.0 19.22222222222222 0.7400000000000004
0.0 0.8554336989032901 0.0 19.066666666666666 0.7500000000000004
0.0 0.8554336989032901 0.0 19.066666666666666 0.7600000000000005
0.0 0.8514456630109671 0.0 18.977777777777778 0.7700000000000005
0.0 0.8484546360917248 0.0 18.91111111111111 0.7800000000000005
0.0 0.843469591226321 0.0 18.8 0.7900000000000005
0.0 0.8424725822532403 0.0 18.77777777777778 0.8000000000000005
0.0 0.8414755732801595 0.0 18.755555555555556 0.8100000000000005
0.0 0.8374875373878365 0.0 18.666666666666668 0.8200000000000005
0.0 0.8344965104685942 0.0 18.6 0.8300000000000005
0.0 0.8334995014955134 0.0 18.57777777777778 0.8400000000000005
0.0 0.8265204386839482 0.0 18.42222222222222 0.8500000000000005
0.0 0.8235294117647058 0.0 18.355555555555554 0.8600000000000005
0.0 0.8215353938185443 0.0 18.31111111111111 0.8700000000000006
0.0 0.8155533399800599 0.0 18.177777777777777 0.8800000000000006
0.0 0.8125623130608175 0.0 18.11111111111111 0.8900000000000006
0.0 0.8035892323030908 0.0 17.91111111111111 0.9000000000000006
0.0 0.7926221335992024 0.0 17.666666666666668 0.9100000000000006
0.0 0.7766699900299102 0.0 17.31111111111111 0.9200000000000006
0.0 0.7637088733798604 0.0 17.022222222222222 0.9300000000000006
0.0 0.7467597208374875 0.0 16.644444444444446 0.9400000000000006
0.0 0.7298105682951147 0.0 16.266666666666666 0.9500000000000006
0.0 0.7028913260219342 0.0 15.666666666666666 0.9600000000000006
0.0 0.6650049850448654 0.0 14.822222222222223 0.9700000000000006
0.0 0.6051844466600199 0.0 13.488888888888889 0.9800000000000006
0.0 0.49750747756729813 0.0 11.088888888888889 0.9900000000000007
0.0 0.0 0.0 0.0
