0.0 0.5982053838484547 0.0 20.0 0.0
0.0 0.4047856430707876 0.0 13.533333333333333 0.01
0.0 0.2662013958125623 0.0 8.9 0.02
0.0 0.22731804586241275 0.0 7.6 0.03
0.0 0.2023928215353938 0.0 6.766666666666667 0.04
0.0 0.17647058823529413 0.0 5.9 0.05
0.0 0.15054835493519442 0.0 5.033333333333333 0.060000000000000005
0.0 0.15054835493519442 0.0 5.033333333333333 0.07
0.0 0.14057826520438685 0.0 4.7 0.08
0.0 0.1345962113659023 0.0 4.5 0.09
0.0 0.12662013958125623 0.0 4.233333333333333 0.09999999999999999
0.0 0.1156530408773679 0.0 3.8666666666666667 0.10999999999999999
0.0 0.11465603190428714 0.0 3.8333333333333335 0.11999999999999998
0.0 0.11365902293120637 0.0 3.8 0.12999999999999998
0.0 0.10568295114656032 0.0 3.533333333333333 0.13999999999999999
0.0 0.0967098703888335 0.0 3.2333333333333334 0.15
0.0 0.09371884346959122 0.0 3.1333333333333333 0.16
0.0 0.09172482552342971 0.0 3.066666666666667 0.17
0.0 0.0847457627118644 0.0 2.8333333333333335 0.18000000000000002
0.0 0.08275174476570289 0.0 2.7666666666666666 0.19000000000000003
0.0 0.08275174476570289 0.0 2.7666666666666666 0.20000000000000004
0.0 0.07876370887337986 0.0 2.6333333333333333 0.21000000000000005
0.0 0.07776669990029911 0.0 2.6 0.22000000000000006
0.0 0.07676969092721835 0.0 2.566666666666667 0.23000000000000007
0.0 0.07577268195413758 0.0 2.533333333333333 0.24000000000000007
0.0 0.07178464606181456 0.0 2.4 0.25000000000000006
0.0 0.0707876370887338 0.0 2.3666666666666667 0.26000000000000006
0.0 0.06979062811565304 0.0 2.3333333333333335 0.2700000000000001
0.0 0.06779661016949153 0.0 2.2666666666666666 0.2800000000000001
0.0 0.06679960119641076 0.0 2.2333333333333334 0.2900000000000001
0.0 0.06679960119641076 0.0 2.2333333333333334 0.3000000000000001
0.0 0.06480558325024925 0.0 2.1666666666666665 0.3100000000000001
0.0 0.06281156530408774 0.0 2.1 0.3200000000000001
0.0 0.06281156530408774 0.0 2.1 0.3300000000000001
0.0 0.06081754735792622 0.0 2.033333333333333 0.34000000000000014
0.0 0.06081754735792622 0.0 2.033333333333333 0.35000000000000014
0.0 0.06081754735792622 0.0 2.033333333333333 0.36000000000000015
0.0 0.06081754735792622 0.0 2.033333333333333 0.37000000000000016
0.0 0.06081754735792622 0.0 2.033333333333333 0.38000000000000017
0.0 0.06081754735792622 0.0 2.033333333333333 0.3900000000000002
0.0 0.05982053838484546 0.0 2.0 0.4000000000000002
0.0 0.05682951146560319 0.0 1.9 0.4100000000000002
0.0 0.05583250249252243 0.0 1.8666666666666667 0.4200000000000002
0.0 0.05583250249252243 0.0 1.8666666666666667 0.4300000000000002
0.0 0.05583250249252243 0.0 1.8666666666666667 0.4400000000000002
0.0 0.05583250249252243 0.0 1.8666666666666667 0.45000000000000023
0.0 0.05284147557328016 0.0 1.7666666666666666 0.46000000000000024
0.0 0.05284147557328016 0.0 1.7666666666666666 0.47000000000000025
0.0 0.049850448654037885 0.0 1.6666666666666667 0.48000000000000026
0.0 0.049850448654037885 0.0 1.6666666666666667 0.49000000000000027
0.0 0.049850448654037885 0.0 1.6666666666666667 0.5000000000000002
0.0 0.049850448654037885 0.0 1.6666666666666667 0.5100000000000002
0.0 0.047856430707876374 0.0 1.6 0.5200000000000002
0.0 0.04287138584247258 0.0 1.4333333333333333 0.5300000000000002
0.0 0.04287138584247258 0.0 1.4333333333333333 0.5400000000000003
0.0 0.04287138584247258 0.0 1.4333333333333333 0.5500000000000003
0.0 0.04287138584247258 0.0 1.4333333333333333 0.5600000000000003
0.0 0.04287138584247258 0.0 1.4333333333333333 0.5700000000000003
0.0 0.04287138584247258 0.0 1.4333333333333333 0.5800000000000003
0.0 0.04287138584247258 0.0 1.4333333333333333 0.5900000000000003
0.0 0.04287138584247258 0.0 1.4333333333333333 0.6000000000000003
0.0 0.04287138584247258 0.0 1.4333333333333333 0.6100000000000003
0.0 0.04287138584247258 0.0 1.4333333333333333 0.6200000000000003
0.0 0.04287138584247258 0.0 1.4333333333333333 0.6300000000000003
0.0 0.04287138584247258 0.0 1.4333333333333333 0.6400000000000003
0.0 0.038883349950149554 0.0 1.3 0.6500000000000004
0.0 0.03788634097706879 0.0 1.2666666666666666 0.6600000000000004
0.0 0.03788634097706879 0.0 1.2666666666666666 0.6700000000000004
0.0 0.03788634097706879 0.0 1.2666666666666666 0.6800000000000004
0.0 0.03788634097706879 0.0 1.2666666666666666 0.6900000000000004
0.0 0.03589232303090728 0.0 1.2 0.7000000000000004
0.0 0.03589232303090728 0.0 1.2 0.7100000000000004
0.0 0.03290129611166501 0.0 1.1 0.7200000000000004
0.0 0.03290129611166501 0.0 1.1 0.7300000000000004
0.0 0.03290129611166501 0.0 1.1 0.7400000000000004
0.0 0.03090727816550349 0.0 1.0333333333333334 0.7500000000000004
0.0 0.03090727816550349 0.0 1.0333333333333334 0.7600000000000005
0.0 0.027916251246261216 0.0 0.9333333333333333 0.7700000000000005
0.0 0.0259222333000997 0.0 0.8666666666666667 0.7800000000000005
0.0 0.0259222333000997 0.0 0.8666666666666667 0.7900000000000005
0.0 0.0259222333000997 0.0 0.8666666666666667 0.8000000000000005
0.0 0.0259222333000997 0.0 0.8666666666666667 0.8100000000000005
0.0 0.0259222333000997 0.0 0.8666666666666667 0.8200000000000005
0.0 0.022931206380857428 0.0 0.7666666666666667 0.8300000000000005
0.0 0.019940179461615155 0.0 0.6666666666666666 0.8400000000000005
0.0 0.01794616151545364 0.0 0.6 0.8500000000000005
0.0 0.01794616151545364 0.0 0.6 0.8600000000000005
0.0 0.014955134596211365 0.0 0.5 0.8700000000000006
0.0 0.014955134596211365 0.0 0.5 0.8800000000000006
0.0 0.014955134596211365 0.0 0.5 0.8900000000000006
0.0 0.011964107676969093 0.0 0.4 0.9000000000000006
0.0 0.011964107676969093 0.0 0.4 0.9100000000000006
0.0 0.010967098703888335 0.0 0.36666666666666664 0.9200000000000006
0.0 0.009970089730807577 0.0 0.3333333333333333 0.9300000000000006
0.0 0.007976071784646061 0.0 0.26666666666666666 0.9400000000000006
0.0 0.005982053838484547 0.0 0.2 0.9500000000000006
0.0 0.005982053838484547 0.0 0.2 0.9600000000000006
0.0 0.005982053838484547 0.0 0.2 0.9700000000000006
0.0 0.005982053838484547 0.0 0.2 0.9800000000000006
0.0 0.003988035892323031 0.0 0.13333333333333333 0.9900000000000007
0.0 0.0 0.0 0.0
