1.0 1.0 8.997 20.06 0.0
1.0 0.5523429710867398 8.997 11.08 0.01
1.0 0.3898305084745763 8.997 7.82 0.02
1.0 0.3339980059820538 8.997 6.7 0.03
1.0 0.31106679960119643 8.997 6.24 0.04
1.0 0.2951146560319043 8.997 5.92 0.05
1.0 0.26719840478564305 8.997 5.36 0.060000000000000005
1.0 0.26719840478564305 8.997 5.36 0.07
1.0 0.25623130608175476 8.997 5.14 0.08
1.0 0.2472582253240279 8.997 4.96 0.09
1.0 0.23030907278165502 8.997 4.62 0.09999999999999999
1.0 0.22931206380857427 8.997 4.6 0.10999999999999999
1.0 0.22333000997008973 8.997 4.48 0.11999999999999998
1.0 0.2213359920239282 8.997 4.44 0.12999999999999998
1.0 0.2143569292123629 8.997 4.3 0.13999999999999999
1.0 0.20837487537387836 8.997 4.18 0.15
1.0 0.19541375872382852 8.997 3.92 0.16
1.0 0.19242273180458624 8.997 3.86 0.17
1.0 0.18943170488534397 8.997 3.8 0.18000000000000002
1.0 0.18544366899302095 8.997 3.72 0.19000000000000003
1.0 0.18245264207377868 8.997 3.66 0.20000000000000004
1.0 0.17647058823529413 8.997 3.54 0.21000000000000005
1.0 0.17547357926221335 8.997 3.52 0.22000000000000006
1.0 0.17148554336989033 8.997 3.44 0.23000000000000007
1.0 0.16650049850448653 8.997 3.34 0.24000000000000007
1.0 0.16151545363908276 8.997 3.24 0.25000000000000006
1.0 0.1585244267198405 8.997 3.18 0.26000000000000006
1.0 0.15453639082751744 8.997 3.1 0.2700000000000001
1.0 0.15254237288135594 8.997 3.06 0.2800000000000001
1.0 0.15054835493519442 8.997 3.02 0.2900000000000001
1.0 0.15054835493519442 8.997 3.02 0.3000000000000001
1.0 0.14456630109670987 8.997 2.9 0.3100000000000001
1.0 0.1415752741774676 8.997 2.84 0.3200000000000001
1.0 0.13858424725822532 8.997 2.78 0.3300000000000001
1.0 0.1365902293120638 8.997 2.74 0.34000000000000014
1.0 0.1345962113659023 8.997 2.7 0.35000000000000014
1.0 0.13160518444666003 8.997 2.64 0.36000000000000015
1.0 0.1296111665004985 8.997 2.6 0.37000000000000016
1.0 0.12861415752741776 8.997 2.58 0.38000000000000017
1.0 0.12662013958125623 8.997 2.54 0.3900000000000002
1.0 0.1226321036889332 8.997 2.46 0.4000000000000002
1.0 0.12063808574277168 8.997 2.42 0.4100000000000002
1.0 0.12063808574277168 8.997 2.42 0.4200000000000002
1.0 0.11665004985044865 8.997 2.34 0.4300000000000002
1.0 0.1156530408773679 8.997 2.32 0.4400000000000002
1.0 0.11465603190428714 8.997 2.3 0.45000000000000023
1.0 0.11365902293120637 8.997 2.28 0.46000000000000024
1.0 0.11365902293120637 8.997 2.28 0.47000000000000025
1.0 0.1106679960119641 8.997 2.22 0.48000000000000026
1.0 0.10867397806580259 8.997 2.18 0.49000000000000027
1.0 0.10667996011964108 8.997 2.14 0.5000000000000002
1.0 0.10468594217347957 8.997 2.1 0.5100000000000002
1.0 0.1036889332003988 8.997 2.08 0.5200000000000002
1.0 0.1016949152542373 8.997 2.04 0.5300000000000002
1.0 0.1016949152542373 8.997 2.04 0.5400000000000003
1.0 0.09970089730807577 8.997 2.0 0.5500000000000003
1.0 0.09870388833499502 8.997 1.98 0.5600000000000003
1.0 0.09870388833499502 8.997 1.98 0.5700000000000003
1.0 0.09770687936191426 8.997 1.96 0.5800000000000003
1.0 0.0967098703888335 8.997 1.94 0.5900000000000003
1.0 0.09471585244267199 8.997 1.9 0.6000000000000003
1.0 0.0897308075772682 8.997 1.8 0.6100000000000003
1.0 0.0897308075772682 8.997 1.8 0.6200000000000003
1.0 0.08873379860418744 8.997 1.78 0.6300000000000003
1.0 0.08773678963110668 8.997 1.76 0.6400000000000003
1.0 0.08574277168494517 8.997 1.72 0.6500000000000004
1.0 0.08574277168494517 8.997 1.72 0.6600000000000004
1.0 0.08574277168494517 8.997 1.72 0.6700000000000004
1.0 0.0847457627118644 8.997 1.7 0.6800000000000004
1.0 0.08175473579262213 8.997 1.64 0.6900000000000004
1.0 0.08075772681954138 8.997 1.62 0.7000000000000004
1.0 0.07776669990029911 8.997 1.56 0.7100000000000004
1.0 0.07676969092721835 8.997 1.54 0.7200000000000004
1.0 0.07676969092721835 8.997 1.54 0.7300000000000004
1.0 0.07676969092721835 8.997 1.54 0.7400000000000004
1.0 0.07477567298105683 8.997 1.5 0.7500000000000004
1.0 0.07377866400797607 8.997 1.48 0.7600000000000005
1.0 0.0707876370887338 8.997 1.42 0.7700000000000005
1.0 0.06679960119641076 8.997 1.34 0.7800000000000005
1.0 0.06281156530408774 8.997 1.26 0.7900000000000005
1.0 0.06281156530408774 8.997 1.26 0.8000000000000005
1.0 0.06281156530408774 8.997 1.26 0.8100000000000005
1.0 0.05982053838484546 8.997 1.2 0.8200000000000005
1.0 0.05982053838484546 8.997 1.2 0.8300000000000005
1.0 0.05782652043868395 8.997 1.16 0.8400000000000005
1.0 0.05682951146560319 8.997 1.14 0.8500000000000005
1.0 0.05583250249252243 8.997 1.12 0.8600000000000005
1.0 0.053838484546360914 8.997 1.08 0.8700000000000006
1.0 0.0518444666001994 8.997 1.04 0.8800000000000006
1.0 0.04885343968095713 8.997 0.98 0.8900000000000006
1.0 0.04885343968095713 8.997 0.98 0.9000000000000006
1.0 0.04386839481555334 8.997 0.88 0.9100000000000006
1.0 0.04287138584247258 8.997 0.86 0.9200000000000006
1.0 0.036889332003988036 8.997 0.74 0.9300000000000006
1.0 0.03589232303090728 8.997 0.72 0.9400000000000006
1.0 0.03489531405782652 8.997 0.7 0.9500000000000006
1.0 0.026919242273180457 8.997 0.54 0.9600000000000006
1.0 0.023928215353938187 8.997 0.48 0.9700000000000006
0.999888851839502 0.018943170488534396 8.996 0.38 0.9800000000000006
0.9997777036790041 0.013958125623130608 8.995 0.28 0.9900000000000007
0.0 0.0 0.0 0.0
