1.0 1.0 17.994 40.12 0.0
1.0 0.7637088733798604 17.994 30.64 0.01
1.0 0.6430707876370887 17.994 25.8 0.02
1.0 0.5692921236291126 17.994 22.84 0.03
1.0 0.5114656031904287 17.994 20.52 0.04
1.0 0.4695912263210369 17.994 18.84 0.05
1.0 0.4067796610169492 17.994 16.32 0.060000000000000005
1.0 0.4067796610169492 17.994 16.32 0.07
1.0 0.38384845463609174 17.994 15.4 0.08
1.0 0.36689930209371885 17.994 14.72 0.09
1.0 0.353938185443669 17.994 14.2 0.09999999999999999
1.0 0.3389830508474576 17.994 13.6 0.10999999999999999
1.0 0.3240279162512463 17.994 13.0 0.11999999999999998
1.0 0.3100697906281156 17.994 12.44 0.12999999999999998
1.0 0.29611166500498504 17.994 11.88 0.13999999999999999
1.0 0.2851445663010967 17.994 11.44 0.15
1.0 0.27218344965104685 17.994 10.92 0.16
1.0 0.2612163509471585 17.994 10.48 0.17
1.0 0.23529411764705882 17.994 9.44 0.18000000000000002
1.0 0.22931206380857427 17.994 9.2 0.19000000000000003
1.0 0.21635094715852443 17.994 8.68 0.20000000000000004
1.0 0.21036889332003988 17.994 8.44 0.21000000000000005
1.0 0.20638085742771686 17.994 8.28 0.22000000000000006
1.0 0.20139581256231306 17.994 8.08 0.23000000000000007
1.0 0.19441674975074777 17.994 7.8 0.24000000000000007
1.0 0.1914257228315055 17.994 7.68 0.25000000000000006
1.0 0.18444666001994017 17.994 7.4 0.26000000000000006
1.0 0.1794616151545364 17.994 7.2 0.2700000000000001
1.0 0.17746759720837488 17.994 7.12 0.2800000000000001
1.0 0.17647058823529413 17.994 7.08 0.2900000000000001
1.0 0.17148554336989033 17.994 6.88 0.3000000000000001
1.0 0.1674975074775673 17.994 6.72 0.3100000000000001
1.0 0.1625124626121635 17.994 6.52 0.3200000000000001
1.0 0.1575274177467597 17.994 6.32 0.3300000000000001
1.0 0.15254237288135594 17.994 6.12 0.34000000000000014
1.0 0.14755732801595214 17.994 5.92 0.35000000000000014
1.0 0.1415752741774676 17.994 5.68 0.36000000000000015
1.0 0.13559322033898305 17.994 5.44 0.37000000000000016
1.0 0.13060817547357925 17.994 5.24 0.38000000000000017
1.0 0.12861415752741776 17.994 5.16 0.3900000000000002
1.0 0.12362911266201396 17.994 4.96 0.4000000000000002
1.0 0.11665004985044865 17.994 4.68 0.4100000000000002
1.0 0.1106679960119641 17.994 4.44 0.4200000000000002
1.0 0.10269192422731804 17.994 4.12 0.4300000000000002
1.0 0.0967098703888335 17.994 3.88 0.4400000000000002
1.0 0.09272183449651047 17.994 3.72 0.45000000000000023
1.0 0.08374875373878365 17.994 3.36 0.46000000000000024
1.0 0.08075772681954138 17.994 3.24 0.47000000000000025
1.0 0.07876370887337986 17.994 3.16 0.48000000000000026
1.0 0.07278165503489531 17.994 2.92 0.49000000000000027
1.0 0.07178464606181456 17.994 2.88 0.5000000000000002
1.0 0.06979062811565304 17.994 2.8 0.5100000000000002
1.0 0.06979062811565304 17.994 2.8 0.5200000000000002
1.0 0.06979062811565304 17.994 2.8 0.5300000000000002
1.0 0.06979062811565304 17.994 2.8 0.5400000000000003
1.0 0.06779661016949153 17.994 2.72 0.5500000000000003
1.0 0.06679960119641076 17.994 2.68 0.5600000000000003
1.0 0.06480558325024925 17.994 2.6 0.5700000000000003
1.0 0.06281156530408774 17.994 2.52 0.5800000000000003
1.0 0.06281156530408774 17.994 2.52 0.5900000000000003
1.0 0.06081754735792622 17.994 2.44 0.6000000000000003
1.0 0.05982053838484546 17.994 2.4 0.6100000000000003
1.0 0.058823529411764705 17.994 2.36 0.6200000000000003
1.0 0.05682951146560319 17.994 2.28 0.6300000000000003
1.0 0.05682951146560319 17.994 2.28 0.6400000000000003
1.0 0.05682951146560319 17.994 2.28 0.6500000000000004
1.0 0.053838484546360914 17.994 2.16 0.6600000000000004
1.0 0.0518444666001994 17.994 2.08 0.6700000000000004
1.0 0.04885343968095713 17.994 1.96 0.6800000000000004
1.0 0.0448654037886341 17.994 1.8 0.6900000000000004
1.0 0.04287138584247258 17.994 1.72 0.7000000000000004
1.0 0.04187437686939183 17.994 1.68 0.7100000000000004
1.0 0.03788634097706879 17.994 1.52 0.7200000000000004
1.0 0.03290129611166501 17.994 1.32 0.7300000000000004
1.0 0.031904287138584245 17.994 1.28 0.7400000000000004
1.0 0.03090727816550349 17.994 1.24 0.7500000000000004
1.0 0.02991026919242273 17.994 1.2 0.7600000000000005
1.0 0.02991026919242273 17.994 1.2 0.7700000000000005
1.0 0.028913260219341975 17.994 1.16 0.7800000000000005
1.0 0.027916251246261216 17.994 1.12 0.7900000000000005
1.0 0.027916251246261216 17.994 1.12 0.8000000000000005
1.0 0.026919242273180457 17.994 1.08 0.8100000000000005
1.0 0.0259222333000997 17.994 1.04 0.8200000000000005
0.999888851839502 0.024925224327018942 17.992 1.0 0.8300000000000005
0.9996665555185061 0.024925224327018942 17.988 1.0 0.8400000000000005
0.9995554073580082 0.024925224327018942 17.986 1.0 0.8500000000000005
0.9994442591975102 0.024925224327018942 17.984 1.0 0.8600000000000005
0.9993331110370124 0.023928215353938187 17.982 0.96 0.8700000000000006
0.9993331110370124 0.023928215353938187 17.982 0.96 0.8800000000000006
0.9991108147160165 0.02193419740777667 17.978 0.88 0.8900000000000006
0.9986662220740247 0.02193419740777667 17.97 0.88 0.9000000000000006
0.9978881849505391 0.02193419740777667 17.956 0.88 0.9100000000000006
0.9975547404690452 0.020937188434695914 17.95 0.84 0.9200000000000006
0.9972212959875514 0.019940179461615155 17.944 0.8 0.9300000000000006
0.9969989996665555 0.019940179461615155 17.94 0.8 0.9400000000000006
0.9962209625430699 0.019940179461615155 17.926 0.8 0.9500000000000006
0.9952206290985884 0.019940179461615155 17.908 0.8 0.9600000000000006
0.994109147493609 0.019940179461615155 17.888 0.8 0.9700000000000006
0.991997332444148 0.019940179461615155 17.85 0.8 0.9800000000000006
0.9833277759253084 0.019940179461615155 17.694 0.8 0.9900000000000007
0.0 0.0 0.0 0.0
