1.0 1.0 44.985 40.12 0.0
1.0 0.9990029910269193 44.985 40.08 0.01
1.0 0.9940179461615155 44.985 39.88 0.02
1.0 0.9910269192422732 44.985 39.76 0.03
1.0 0.9810568295114656 44.985 39.36 0.04
1.0 0.9700897308075773 44.985 38.92 0.05
1.0 0.9581256231306082 44.985 38.44 0.060000000000000005
1.0 0.9581256231306082 44.985 38.44 0.07
1.0 0.9531405782652044 44.985 38.24 0.08
1.0 0.9481555333998006 44.985 38.04 0.09
1.0 0.9431704885343968 44.985 37.84 0.09999999999999999
1.0 0.938185443668993 44.985 37.64 0.10999999999999999
1.0 0.9371884346959123 44.985 37.6 0.11999999999999998
1.0 0.9351944167497508 44.985 37.52 0.12999999999999998
1.0 0.9322033898305084 44.985 37.4 0.13999999999999999
1.0 0.9282153539381854 44.985 37.24 0.15
1.0 0.9182452642073778 44.985 36.84 0.16
1.0 0.9142572283150548 44.985 36.68 0.17
1.0 0.8913260219341974 44.985 35.76 0.18000000000000002
1.0 0.8873379860418744 44.985 35.6 0.19000000000000003
1.0 0.8753738783649053 44.985 35.12 0.20000000000000004
1.0 0.8733798604187437 44.985 35.04 0.21000000000000005
1.0 0.8703888334995015 44.985 34.92 0.22000000000000006
1.0 0.8654037886340977 44.985 34.72 0.23000000000000007
1.0 0.8614157527417746 44.985 34.56 0.24000000000000007
1.0 0.8584247258225324 44.985 34.44 0.25000000000000006
1.0 0.8554336989032901 44.985 34.32 0.26000000000000006
1.0 0.8534396809571286 44.985 34.24 0.2700000000000001
1.0 0.8514456630109671 44.985 34.16 0.2800000000000001
1.0 0.8514456630109671 44.985 34.16 0.2900000000000001
1.0 0.8504486540378864 44.985 34.12 0.3000000000000001
1.0 0.8484546360917248 44.985 34.04 0.3100000000000001
1.0 0.8444666001994018 44.985 33.88 0.3200000000000001
1.0 0.8424725822532403 44.985 33.8 0.3300000000000001
1.0 0.8374875373878365 44.985 33.6 0.34000000000000014
1.0 0.8334995014955134 44.985 33.44 0.35000000000000014
1.0 0.8315054835493519 44.985 33.36 0.36000000000000015
1.0 0.8255234297108675 44.985 33.12 0.37000000000000016
1.0 0.8145563310069791 44.985 32.68 0.38000000000000017
1.0 0.806580259222333 44.985 32.36 0.3900000000000002
1.0 0.7946161515453639 44.985 31.88 0.4000000000000002
1.0 0.7846460618145563 44.985 31.48 0.4100000000000002
1.0 0.7666999002991027 44.985 30.76 0.4200000000000002
1.0 0.752741774675972 44.985 30.2 0.4300000000000002
1.0 0.7427716849451645 44.985 29.8 0.4400000000000002
1.0 0.7357926221335992 44.985 29.52 0.45000000000000023
1.0 0.7258225324027916 44.985 29.12 0.46000000000000024
1.0 0.7168494516450648 44.985 28.76 0.47000000000000025
1.0 0.7138584247258225 44.985 28.64 0.48000000000000026
1.0 0.7068793619142573 44.985 28.36 0.49000000000000027
1.0 0.7008973080757727 44.985 28.12 0.5000000000000002
1.0 0.6979062811565304 44.985 28.0 0.5100000000000002
1.0 0.6929212362911267 44.985 27.8 0.5200000000000002
1.0 0.6859421734795613 44.985 27.52 0.5300000000000002
1.0 0.6819541375872383 44.985 27.36 0.5400000000000003
1.0 0.678963110667996 44.985 27.24 0.5500000000000003
1.0 0.678963110667996 44.985 27.24 0.5600000000000003
1.0 0.6769690927218345 44.985 27.16 0.5700000000000003
1.0 0.6739780658025922 44.985 27.04 0.5800000000000003
1.0 0.6739780658025922 44.985 27.04 0.5900000000000003
1.0 0.6719840478564307 44.985 26.96 0.6000000000000003
1.0 0.6719840478564307 44.985 26.96 0.6100000000000003
1.0 0.67098703888335 44.985 26.92 0.6200000000000003
1.0 0.6660019940179461 44.985 26.72 0.6300000000000003
1.0 0.6610169491525424 44.985 26.52 0.6400000000000003
1.0 0.6530408773678963 44.985 26.2 0.6500000000000004
1.0 0.6420737786640079 44.985 25.76 0.6600000000000004
1.0 0.6350947158524427 44.985 25.48 0.6700000000000004
1.0 0.6241276171485544 44.985 25.04 0.6800000000000004
1.0 0.617148554336989 44.985 24.76 0.6900000000000004
1.0 0.6041874376869392 44.985 24.24 0.7000000000000004
1.0 0.5952143569292123 44.985 23.88 0.7100000000000004
1.0 0.5702891326021934 44.985 22.88 0.7200000000000004
1.0 0.5583250249252243 44.985 22.4 0.7300000000000004
1.0 0.5463609172482552 44.985 21.92 0.7400000000000004
1.0 0.522432701894317 44.985 20.96 0.7500000000000004
1.0 0.5084745762711864 44.985 20.4 0.7600000000000005
1.0 0.49750747756729813 44.985 19.96 0.7700000000000005
0.999888851839502 0.48454636091724823 44.98 19.44 0.7800000000000005
0.999888851839502 0.47756729810568294 44.98 19.16 0.7900000000000005
0.9994442591975102 0.46360917248255235 44.96 18.6 0.8000000000000005
0.9986662220740247 0.46161515453639085 44.925 18.52 0.8100000000000005
0.9978881849505391 0.4576271186440678 44.89 18.36 0.8200000000000005
0.9962209625430699 0.4546360917248255 44.815 18.24 0.8300000000000005
0.9931088140491275 0.44965104685942175 44.675 18.04 0.8400000000000005
0.9885517394687118 0.44167497507477566 44.47 17.72 0.8500000000000005
0.9791041458263866 0.4247258225324028 44.045 17.04 0.8600000000000005
0.966433255529621 0.4087736789631107 43.475 16.4 0.8700000000000006
0.9512059575414027 0.39082751744765704 42.79 15.68 0.8800000000000006
0.9324219184172502 0.37686939182452645 41.945 15.12 0.8900000000000006
0.9119706568856285 0.34297108673978066 41.025 13.76 0.9000000000000006
0.8879626542180727 0.32602193419740777 39.945 13.08 0.9100000000000006
0.8671779482049572 0.3050847457627119 39.01 12.24 0.9200000000000006
0.851728353895743 0.2851445663010967 38.315 11.44 0.9300000000000006
0.8347226853395576 0.2622133599202393 37.55 10.52 0.9400000000000006
0.82216294320329 0.25124626121635096 36.985 10.08 0.9500000000000006
0.808269423141047 0.2432701894317049 36.36 9.76 0.9600000000000006
0.7899299766588863 0.21635094715852443 35.535 8.68 0.9700000000000006
0.7511392686451039 0.1864406779661017 33.79 7.48 0.9800000000000006
0.6436589974435923 0.12861415752741776 28.955 5.16 0.9900000000000007
0.0 0.0 0.0 0.0
