0 20.0 10000 9008.93000000003
10 19.990000000000002 10000 9004.990000000029
20 19.98 10000 9002.22000000002
30 19.9 10000 8999.65000000002
0 20.0 10000 9005.880000000034
10 20.0 10000 9002.590000000027
20 19.83 10000 9003.840000000022
30 15.850000000000001 10000 8996.820000000016
0 20.0 10000 9004.760000000018
5 20.0 10000 9001.930000000024
10 20.0 10000 9002.000000000024
15 19.990000000000002 10000 9002.830000000024
20 20.0 10000 9004.740000000025
25 19.8 10000 9005.410000000024
30 4.7 10000 8992.610000000022
35 2.8000000000000003 10000 8987.59000000003
40 0.38999999999999996 10000 8988.840000000031
45 0.55 10000 8986.81000000002
50 0.03 10000 8982.960000000015
