1.0 1.0 17.994 22.288888888888888 0.0
1.0 0.7557328015952144 17.994 16.844444444444445 0.01
1.0 0.6101694915254238 17.994 13.6 0.02
1.0 0.5463609172482552 17.994 12.177777777777777 0.03
1.0 0.4905284147557328 17.994 10.933333333333334 0.04
1.0 0.4596211365902293 17.994 10.244444444444444 0.05
1.0 0.3988035892323031 17.994 8.88888888888889 0.060000000000000005
1.0 0.3988035892323031 17.994 8.88888888888889 0.07
1.0 0.36889332003988035 17.994 8.222222222222221 0.08
1.0 0.34995014955134596 17.994 7.8 0.09
1.0 0.33599202392821537 17.994 7.488888888888889 0.09999999999999999
1.0 0.32103688933200397 17.994 7.155555555555556 0.10999999999999999
1.0 0.3090727816550349 17.994 6.888888888888889 0.11999999999999998
1.0 0.3000997008973081 17.994 6.688888888888889 0.12999999999999998
1.0 0.28414755732801594 17.994 6.333333333333333 0.13999999999999999
1.0 0.27218344965104685 17.994 6.066666666666666 0.15
1.0 0.26021934197407776 17.994 5.8 0.16
1.0 0.24825523429710866 17.994 5.533333333333333 0.17
1.0 0.2313060817547358 17.994 5.155555555555556 0.18000000000000002
1.0 0.2213359920239282 17.994 4.933333333333334 0.19000000000000003
1.0 0.2143569292123629 17.994 4.777777777777778 0.20000000000000004
1.0 0.21036889332003988 17.994 4.688888888888889 0.21000000000000005
1.0 0.2023928215353938 17.994 4.511111111111111 0.22000000000000006
1.0 0.19740777666999004 17.994 4.4 0.23000000000000007
1.0 0.19242273180458624 17.994 4.288888888888889 0.24000000000000007
1.0 0.18943170488534397 17.994 4.222222222222222 0.25000000000000006
1.0 0.1864406779661017 17.994 4.155555555555556 0.26000000000000006
1.0 0.1794616151545364 17.994 4.0 0.2700000000000001
1.0 0.17746759720837488 17.994 3.9555555555555557 0.2800000000000001
1.0 0.17347956131605186 17.994 3.8666666666666667 0.2900000000000001
1.0 0.16849451645064806 17.994 3.7555555555555555 0.3000000000000001
1.0 0.16151545363908276 17.994 3.6 0.3100000000000001
1.0 0.1575274177467597 17.994 3.511111111111111 0.3200000000000001
1.0 0.15453639082751744 17.994 3.4444444444444446 0.3300000000000001
1.0 0.14755732801595214 17.994 3.2888888888888888 0.34000000000000014
1.0 0.1365902293120638 17.994 3.0444444444444443 0.35000000000000014
1.0 0.13060817547357925 17.994 2.911111111111111 0.36000000000000015
1.0 0.12562313060817548 17.994 2.8 0.37000000000000016
1.0 0.12163509471585245 17.994 2.7111111111111112 0.38000000000000017
1.0 0.1156530408773679 17.994 2.577777777777778 0.3900000000000002
1.0 0.11166500498504486 17.994 2.488888888888889 0.4000000000000002
1.0 0.10667996011964108 17.994 2.3777777777777778 0.4100000000000002
1.0 0.1016949152542373 17.994 2.2666666666666666 0.4200000000000002
1.0 0.09870388833499502 17.994 2.2 0.4300000000000002
1.0 0.0967098703888335 17.994 2.1555555555555554 0.4400000000000002
1.0 0.09371884346959122 17.994 2.088888888888889 0.45000000000000023
1.0 0.08873379860418744 17.994 1.9777777777777779 0.46000000000000024
1.0 0.08374875373878365 17.994 1.8666666666666667 0.47000000000000025
1.0 0.07976071784646062 17.994 1.7777777777777777 0.48000000000000026
1.0 0.07477567298105683 17.994 1.6666666666666667 0.49000000000000027
1.0 0.07377866400797607 17.994 1.6444444444444444 0.5000000000000002
1.0 0.07178464606181456 17.994 1.6 0.5100000000000002
1.0 0.0707876370887338 17.994 1.5777777777777777 0.5200000000000002
1.0 0.06879361914257229 17.994 1.5333333333333334 0.5300000000000002
1.0 0.06879361914257229 17.994 1.5333333333333334 0.5400000000000003
1.0 0.06580259222333001 17.994 1.4666666666666666 0.5500000000000003
1.0 0.06380857427716849 17.994 1.4222222222222223 0.5600000000000003
1.0 0.06181455633100698 17.994 1.3777777777777778 0.5700000000000003
1.0 0.06181455633100698 17.994 1.3777777777777778 0.5800000000000003
1.0 0.058823529411764705 17.994 1.3111111111111111 0.5900000000000003
1.0 0.05682951146560319 17.994 1.2666666666666666 0.6000000000000003
1.0 0.053838484546360914 17.994 1.2 0.6100000000000003
1.0 0.05284147557328016 17.994 1.1777777777777778 0.6200000000000003
1.0 0.0518444666001994 17.994 1.1555555555555554 0.6300000000000003
1.0 0.047856430707876374 17.994 1.0666666666666667 0.6400000000000003
1.0 0.0448654037886341 17.994 1.0 0.6500000000000004
1.0 0.04187437686939183 17.994 0.9333333333333333 0.6600000000000004
1.0 0.04187437686939183 17.994 0.9333333333333333 0.6700000000000004
1.0 0.03389830508474576 17.994 0.7555555555555555 0.6800000000000004
1.0 0.03090727816550349 17.994 0.6888888888888889 0.6900000000000004
1.0 0.028913260219341975 17.994 0.6444444444444445 0.7000000000000004
1.0 0.02193419740777667 17.994 0.4888888888888889 0.7100000000000004
1.0 0.020937188434695914 17.994 0.4666666666666667 0.7200000000000004
1.0 0.019940179461615155 17.994 0.4444444444444444 0.7300000000000004
1.0 0.01794616151545364 17.994 0.4 0.7400000000000004
1.0 0.01794616151545364 17.994 0.4 0.7500000000000004
1.0 0.015952143569292122 17.994 0.35555555555555557 0.7600000000000005
1.0 0.014955134596211365 17.994 0.3333333333333333 0.7700000000000005
1.0 0.013958125623130608 17.994 0.3111111111111111 0.7800000000000005
1.0 0.01296111665004985 17.994 0.28888888888888886 0.7900000000000005
1.0 0.010967098703888335 17.994 0.24444444444444444 0.8000000000000005
1.0 0.009970089730807577 17.994 0.2222222222222222 0.8100000000000005
1.0 0.009970089730807577 17.994 0.2222222222222222 0.8200000000000005
1.0 0.007976071784646061 17.994 0.17777777777777778 0.8300000000000005
1.0 0.004985044865403789 17.994 0.1111111111111111 0.8400000000000005
0.999888851839502 0.004985044865403789 17.992 0.1111111111111111 0.8500000000000005
0.999888851839502 0.004985044865403789 17.992 0.1111111111111111 0.8600000000000005
0.9997777036790041 0.0029910269192422734 17.99 0.06666666666666667 0.8700000000000006
0.9997777036790041 0.0029910269192422734 17.99 0.06666666666666667 0.8800000000000006
0.9993331110370124 0.0019940179461615153 17.982 0.044444444444444446 0.8900000000000006
0.9992219628765144 0.0019940179461615153 17.98 0.044444444444444446 0.9000000000000006
0.9989996665555185 0.0 17.976 0.0 0.9100000000000006
0.9988885183950206 0.0 17.974 0.0 0.9200000000000006
0.9986662220740247 0.0 17.97 0.0 0.9300000000000006
0.9985550739135267 0.0 17.968 0.0 0.9400000000000006
0.998110481271535 0.0 17.96 0.0 0.9500000000000006
0.9979993331110371 0.0 17.958 0.0 0.9600000000000006
0.9968878515060575 0.0 17.938 0.0 0.9700000000000006
0.994220295654107 0.0 17.89 0.0 0.9800000000000006
0.9868845170612426 0.0 17.758 0.0 0.9900000000000007
0.0 0.0 0.0 0.0
