1.0 1.0 9.996666666666666 33.43333333333333 0.0
1.0 0.5004985044865404 9.996666666666666 16.733333333333334 0.01
1.0 0.3160518444666002 9.996666666666666 10.566666666666666 0.02
1.0 0.27517447657028915 9.996666666666666 9.2 0.03
1.0 0.23529411764705882 9.996666666666666 7.866666666666666 0.04
1.0 0.21635094715852443 9.996666666666666 7.233333333333333 0.05
1.0 0.18843469591226322 9.996666666666666 6.3 0.060000000000000005
1.0 0.18843469591226322 9.996666666666666 6.3 0.07
1.0 0.1744765702891326 9.996666666666666 5.833333333333333 0.08
1.0 0.16849451645064806 9.996666666666666 5.633333333333334 0.09
1.0 0.15653040877367896 9.996666666666666 5.233333333333333 0.09999999999999999
1.0 0.14955134596211367 9.996666666666666 5.0 0.10999999999999999
1.0 0.14755732801595214 9.996666666666666 4.933333333333334 0.11999999999999998
1.0 0.14057826520438685 9.996666666666666 4.7 0.12999999999999998
1.0 0.1365902293120638 9.996666666666666 4.566666666666666 0.13999999999999999
1.0 0.13060817547357925 9.996666666666666 4.366666666666666 0.15
1.0 0.12662013958125623 9.996666666666666 4.233333333333333 0.16
1.0 0.12362911266201396 9.996666666666666 4.133333333333334 0.17
1.0 0.1156530408773679 9.996666666666666 3.8666666666666667 0.18000000000000002
1.0 0.1106679960119641 9.996666666666666 3.7 0.19000000000000003
1.0 0.10667996011964108 9.996666666666666 3.566666666666667 0.20000000000000004
1.0 0.1036889332003988 9.996666666666666 3.466666666666667 0.21000000000000005
1.0 0.10269192422731804 9.996666666666666 3.433333333333333 0.22000000000000006
1.0 0.10069790628115653 9.996666666666666 3.3666666666666667 0.23000000000000007
1.0 0.10069790628115653 9.996666666666666 3.3666666666666667 0.24000000000000007
1.0 0.09970089730807577 9.996666666666666 3.3333333333333335 0.25000000000000006
1.0 0.09870388833499502 9.996666666666666 3.3 0.26000000000000006
1.0 0.0967098703888335 9.996666666666666 3.2333333333333334 0.2700000000000001
1.0 0.09571286141575275 9.996666666666666 3.2 0.2800000000000001
1.0 0.09471585244267199 9.996666666666666 3.1666666666666665 0.2900000000000001
1.0 0.09272183449651047 9.996666666666666 3.1 0.3000000000000001
1.0 0.09072781655034895 9.996666666666666 3.033333333333333 0.3100000000000001
1.0 0.08873379860418744 9.996666666666666 2.966666666666667 0.3200000000000001
1.0 0.08773678963110668 9.996666666666666 2.933333333333333 0.3300000000000001
1.0 0.08773678963110668 9.996666666666666 2.933333333333333 0.34000000000000014
1.0 0.08673978065802593 9.996666666666666 2.9 0.35000000000000014
1.0 0.08673978065802593 9.996666666666666 2.9 0.36000000000000015
1.0 0.0847457627118644 9.996666666666666 2.8333333333333335 0.37000000000000016
1.0 0.08374875373878365 9.996666666666666 2.8 0.38000000000000017
1.0 0.08175473579262213 9.996666666666666 2.7333333333333334 0.3900000000000002
1.0 0.07876370887337986 9.996666666666666 2.6333333333333333 0.4000000000000002
1.0 0.07776669990029911 9.996666666666666 2.6 0.4100000000000002
1.0 0.07477567298105683 9.996666666666666 2.5 0.4200000000000002
1.0 0.07178464606181456 9.996666666666666 2.4 0.4300000000000002
1.0 0.06879361914257229 9.996666666666666 2.3 0.4400000000000002
1.0 0.06879361914257229 9.996666666666666 2.3 0.45000000000000023
1.0 0.06580259222333001 9.996666666666666 2.2 0.46000000000000024
1.0 0.06480558325024925 9.996666666666666 2.1666666666666665 0.47000000000000025
1.0 0.06281156530408774 9.996666666666666 2.1 0.48000000000000026
1.0 0.06181455633100698 9.996666666666666 2.066666666666667 0.49000000000000027
1.0 0.06081754735792622 9.996666666666666 2.033333333333333 0.5000000000000002
1.0 0.05782652043868395 9.996666666666666 1.9333333333333333 0.5100000000000002
1.0 0.05782652043868395 9.996666666666666 1.9333333333333333 0.5200000000000002
1.0 0.05682951146560319 9.996666666666666 1.9 0.5300000000000002
1.0 0.05583250249252243 9.996666666666666 1.8666666666666667 0.5400000000000003
1.0 0.054835493519441676 9.996666666666666 1.8333333333333333 0.5500000000000003
1.0 0.053838484546360914 9.996666666666666 1.8 0.5600000000000003
1.0 0.0518444666001994 9.996666666666666 1.7333333333333334 0.5700000000000003
1.0 0.05084745762711865 9.996666666666666 1.7 0.5800000000000003
1.0 0.05084745762711865 9.996666666666666 1.7 0.5900000000000003
1.0 0.04885343968095713 9.996666666666666 1.6333333333333333 0.6000000000000003
1.0 0.04885343968095713 9.996666666666666 1.6333333333333333 0.6100000000000003
1.0 0.047856430707876374 9.996666666666666 1.6 0.6200000000000003
1.0 0.04685942173479561 9.996666666666666 1.5666666666666667 0.6300000000000003
1.0 0.04685942173479561 9.996666666666666 1.5666666666666667 0.6400000000000003
1.0 0.0448654037886341 9.996666666666666 1.5 0.6500000000000004
1.0 0.0448654037886341 9.996666666666666 1.5 0.6600000000000004
1.0 0.04287138584247258 9.996666666666666 1.4333333333333333 0.6700000000000004
1.0 0.04187437686939183 9.996666666666666 1.4 0.6800000000000004
1.0 0.03988035892323031 9.996666666666666 1.3333333333333333 0.6900000000000004
1.0 0.03988035892323031 9.996666666666666 1.3333333333333333 0.7000000000000004
1.0 0.03988035892323031 9.996666666666666 1.3333333333333333 0.7100000000000004
1.0 0.03988035892323031 9.996666666666666 1.3333333333333333 0.7200000000000004
1.0 0.038883349950149554 9.996666666666666 1.3 0.7300000000000004
1.0 0.03788634097706879 9.996666666666666 1.2666666666666666 0.7400000000000004
1.0 0.03788634097706879 9.996666666666666 1.2666666666666666 0.7500000000000004
1.0 0.036889332003988036 9.996666666666666 1.2333333333333334 0.7600000000000005
1.0 0.03589232303090728 9.996666666666666 1.2 0.7700000000000005
1.0 0.03489531405782652 9.996666666666666 1.1666666666666667 0.7800000000000005
1.0 0.03290129611166501 9.996666666666666 1.1 0.7900000000000005
1.0 0.03290129611166501 9.996666666666666 1.1 0.8000000000000005
1.0 0.03090727816550349 9.996666666666666 1.0333333333333334 0.8100000000000005
1.0 0.03090727816550349 9.996666666666666 1.0333333333333334 0.8200000000000005
1.0 0.02991026919242273 9.996666666666666 1.0 0.8300000000000005
1.0 0.028913260219341975 9.996666666666666 0.9666666666666667 0.8400000000000005
1.0 0.0259222333000997 9.996666666666666 0.8666666666666667 0.8500000000000005
1.0 0.0259222333000997 9.996666666666666 0.8666666666666667 0.8600000000000005
1.0 0.023928215353938187 9.996666666666666 0.8 0.8700000000000006
1.0 0.02193419740777667 9.996666666666666 0.7333333333333333 0.8800000000000006
1.0 0.02193419740777667 9.996666666666666 0.7333333333333333 0.8900000000000006
1.0 0.020937188434695914 9.996666666666666 0.7 0.9000000000000006
1.0 0.01794616151545364 9.996666666666666 0.6 0.9100000000000006
1.0 0.01694915254237288 9.996666666666666 0.5666666666666667 0.9200000000000006
1.0 0.015952143569292122 9.996666666666666 0.5333333333333333 0.9300000000000006
1.0 0.014955134596211365 9.996666666666666 0.5 0.9400000000000006
1.0 0.011964107676969093 9.996666666666666 0.4 0.9500000000000006
1.0 0.007976071784646061 9.996666666666666 0.26666666666666666 0.9600000000000006
1.0 0.006979062811565304 9.996666666666666 0.23333333333333334 0.9700000000000006
1.0 0.005982053838484547 9.996666666666666 0.2 0.9800000000000006
0.999888851839502 0.0019940179461615153 9.995555555555555 0.06666666666666667 0.9900000000000007
0.0 0.0 0.0 0.0
