1.0 1.0 89.97 40.12 0.0
1.0 1.0 89.97 40.12 0.01
1.0 0.9990029910269193 89.97 40.08 0.02
1.0 0.996011964107677 89.97 39.96 0.03
1.0 0.996011964107677 89.97 39.96 0.04
1.0 0.9940179461615155 89.97 39.88 0.05
1.0 0.9920239282153539 89.97 39.8 0.060000000000000005
1.0 0.9920239282153539 89.97 39.8 0.07
1.0 0.9920239282153539 89.97 39.8 0.08
1.0 0.9910269192422732 89.97 39.76 0.09
1.0 0.9910269192422732 89.97 39.76 0.09999999999999999
1.0 0.9890329012961117 89.97 39.68 0.10999999999999999
1.0 0.9890329012961117 89.97 39.68 0.11999999999999998
1.0 0.9840478564307079 89.97 39.48 0.12999999999999998
1.0 0.9840478564307079 89.97 39.48 0.13999999999999999
1.0 0.9830508474576272 89.97 39.44 0.15
1.0 0.9780658025922233 89.97 39.24 0.16
1.0 0.9730807577268196 89.97 39.04 0.17
1.0 0.959122632103689 89.97 38.48 0.18000000000000002
1.0 0.9551345962113659 89.97 38.32 0.19000000000000003
1.0 0.9471585244267199 89.97 38.0 0.20000000000000004
0.999888851839502 0.9461615154536391 89.96 37.96 0.21000000000000005
0.999888851839502 0.9441674975074775 89.96 37.88 0.22000000000000006
0.9997777036790041 0.9431704885343968 89.95 37.84 0.23000000000000007
0.9997777036790041 0.9401794616151545 89.95 37.72 0.24000000000000007
0.9997777036790041 0.9391824526420738 89.95 37.68 0.25000000000000006
0.9997777036790041 0.9391824526420738 89.95 37.68 0.26000000000000006
0.9997777036790041 0.9391824526420738 89.95 37.68 0.2700000000000001
0.9997777036790041 0.938185443668993 89.95 37.64 0.2800000000000001
0.9997777036790041 0.938185443668993 89.95 37.64 0.2900000000000001
0.9997777036790041 0.9371884346959123 89.95 37.6 0.3000000000000001
0.9997777036790041 0.9361914257228315 89.95 37.56 0.3100000000000001
0.9997777036790041 0.9312063808574277 89.95 37.36 0.3200000000000001
0.9997777036790041 0.9312063808574277 89.95 37.36 0.3300000000000001
0.9997777036790041 0.9272183449651047 89.95 37.2 0.34000000000000014
0.9997777036790041 0.9242273180458624 89.95 37.08 0.35000000000000014
0.9997777036790041 0.9192422731804586 89.95 36.88 0.36000000000000015
0.9997777036790041 0.9152542372881356 89.95 36.72 0.37000000000000016
0.9997777036790041 0.9022931206380858 89.95 36.2 0.38000000000000017
0.9997777036790041 0.8973080757726819 89.95 36.0 0.3900000000000002
0.9997777036790041 0.8883349950149552 89.95 35.64 0.4000000000000002
0.9997777036790041 0.8793619142572283 89.95 35.28 0.4100000000000002
0.9997777036790041 0.8654037886340977 89.95 34.72 0.4200000000000002
0.9997777036790041 0.8524426719840479 89.95 34.2 0.4300000000000002
0.9997777036790041 0.8404785643070788 89.95 33.72 0.4400000000000002
0.9997777036790041 0.8325024925224327 89.95 33.4 0.45000000000000023
0.9997777036790041 0.8185443668993021 89.95 32.84 0.46000000000000024
0.9996665555185061 0.8115653040877367 89.94 32.56 0.47000000000000025
0.9995554073580082 0.8015952143569293 89.93 32.16 0.48000000000000026
0.9995554073580082 0.7976071784646062 89.93 32.0 0.49000000000000027
0.9995554073580082 0.7946161515453639 89.93 31.88 0.5000000000000002
0.9995554073580082 0.7916251246261217 89.93 31.76 0.5100000000000002
0.9995554073580082 0.7896311066799602 89.93 31.68 0.5200000000000002
0.9995554073580082 0.7866400797607178 89.93 31.56 0.5300000000000002
0.9995554073580082 0.7856430707876371 89.93 31.52 0.5400000000000003
0.9995554073580082 0.7826520438683948 89.93 31.4 0.5500000000000003
0.9995554073580082 0.7806580259222333 89.93 31.32 0.5600000000000003
0.9995554073580082 0.7786640079760718 89.93 31.24 0.5700000000000003
0.9994442591975102 0.7756729810568295 89.92 31.12 0.5800000000000003
0.9994442591975102 0.7746759720837487 89.92 31.08 0.5900000000000003
0.9994442591975102 0.769690927218345 89.92 30.88 0.6000000000000003
0.9994442591975102 0.765702891326022 89.92 30.72 0.6100000000000003
0.9994442591975102 0.7597208374875374 89.92 30.48 0.6200000000000003
0.9994442591975102 0.752741774675972 89.92 30.2 0.6300000000000003
0.9994442591975102 0.7477567298105683 89.92 30.0 0.6400000000000003
0.9994442591975102 0.7337986041874377 89.92 29.44 0.6500000000000004
0.9994442591975102 0.7178464606181456 89.92 28.8 0.6600000000000004
0.9994442591975102 0.6969092721834497 89.92 27.96 0.6700000000000004
0.9994442591975102 0.6739780658025922 89.92 27.04 0.6800000000000004
0.9994442591975102 0.646061814556331 89.92 25.92 0.6900000000000004
0.9994442591975102 0.6211365902293121 89.92 24.92 0.7000000000000004
0.9994442591975102 0.5942173479561316 89.92 23.84 0.7100000000000004
0.9994442591975102 0.5663010967098704 89.92 22.72 0.7200000000000004
0.9994442591975102 0.5294117647058824 89.92 21.24 0.7300000000000004
0.9994442591975102 0.5024925224327019 89.92 20.16 0.7400000000000004
0.9994442591975102 0.47357926221335994 89.92 19.0 0.7500000000000004
0.9994442591975102 0.45363908275174475 89.92 18.2 0.7600000000000005
0.9994442591975102 0.43668993020937186 89.92 17.52 0.7700000000000005
0.9993331110370124 0.42572283150548357 89.91 17.08 0.7800000000000005
0.9991108147160165 0.4167497507477567 89.89 16.72 0.7900000000000005
0.9988885183950206 0.4047856430707876 89.87 16.24 0.8000000000000005
0.9979993331110371 0.3988035892323031 89.79 16.0 0.8100000000000005
0.9967767033455597 0.3938185443668993 89.68 15.8 0.8200000000000005
0.9945537401356007 0.3778664007976072 89.48 15.16 0.8300000000000005
0.9898855173946871 0.35992023928215355 89.06 14.44 0.8400000000000005
0.9816605535178393 0.33998005982053836 88.32 13.64 0.8500000000000005
0.9695454040235634 0.31106679960119643 87.23 12.48 0.8600000000000005
0.9509836612204068 0.2761714855433699 85.56 11.08 0.8700000000000006
0.9280871401578303 0.24027916251246262 83.5 9.64 0.8800000000000006
0.8968545070579081 0.19242273180458624 80.69 7.72 0.8900000000000006
0.8618428365010559 0.13758723828514458 77.54 5.52 0.9000000000000006
0.8250527953762365 0.09072781655034895 74.23 3.64 0.9100000000000006
0.7921529398688452 0.054835493519441676 71.27 2.2 0.9200000000000006
0.7651439368678449 0.026919242273180457 68.84 1.08 0.9300000000000006
0.741024786039791 0.010967098703888335 66.67 0.44 0.9400000000000006
0.721351561631655 0.005982053838484547 64.9 0.24 0.9500000000000006
0.6951205957541403 0.0019940179461615153 62.54 0.08 0.9600000000000006
0.6595531843947983 9.970089730807576E-4 59.34 0.04 0.9700000000000006
0.6083138824052462 0.0 54.73 0.0 0.9800000000000006
0.4872735356229854 0.0 43.84 0.0 0.9900000000000007
0.0 0.0 0.0 0.0
