1.0 1.0 44.985 66.86666666666666 0.0
1.0 0.9970089730807578 44.985 66.66666666666667 0.01
1.0 0.9920239282153539 44.985 66.33333333333333 0.02
1.0 0.9860418743768694 44.985 65.93333333333334 0.03
1.0 0.9790628115653041 44.985 65.46666666666667 0.04
1.0 0.9730807577268196 44.985 65.06666666666666 0.05
1.0 0.9601196410767697 44.985 64.2 0.060000000000000005
1.0 0.9601196410767697 44.985 64.2 0.07
1.0 0.9571286141575274 44.985 64.0 0.08
1.0 0.9561316051844466 44.985 63.93333333333333 0.09
1.0 0.9521435692921236 44.985 63.666666666666664 0.09999999999999999
1.0 0.9431704885343968 44.985 63.06666666666667 0.10999999999999999
1.0 0.942173479561316 44.985 63.0 0.11999999999999998
1.0 0.9401794616151545 44.985 62.86666666666667 0.12999999999999998
1.0 0.938185443668993 44.985 62.733333333333334 0.13999999999999999
1.0 0.93419740777667 44.985 62.46666666666667 0.15
1.0 0.9272183449651047 44.985 62.0 0.16
1.0 0.922233300099701 44.985 61.666666666666664 0.17
1.0 0.9142572283150548 44.985 61.13333333333333 0.18000000000000002
1.0 0.909272183449651 44.985 60.8 0.19000000000000003
1.0 0.9032901296111665 44.985 60.4 0.20000000000000004
1.0 0.8973080757726819 44.985 60.0 0.21000000000000005
1.0 0.8903290129611167 44.985 59.53333333333333 0.22000000000000006
1.0 0.8853439680957128 44.985 59.2 0.23000000000000007
1.0 0.8823529411764706 44.985 59.0 0.24000000000000007
1.0 0.8783649052841476 44.985 58.733333333333334 0.25000000000000006
1.0 0.8753738783649053 44.985 58.53333333333333 0.26000000000000006
1.0 0.8713858424725822 44.985 58.266666666666666 0.2700000000000001
1.0 0.8713858424725822 44.985 58.266666666666666 0.2800000000000001
1.0 0.86839481555334 44.985 58.06666666666667 0.2900000000000001
1.0 0.8673978065802592 44.985 58.0 0.3000000000000001
1.0 0.8673978065802592 44.985 58.0 0.3100000000000001
1.0 0.8634097706879362 44.985 57.733333333333334 0.3200000000000001
1.0 0.8604187437686939 44.985 57.53333333333333 0.3300000000000001
1.0 0.8534396809571286 44.985 57.06666666666667 0.34000000000000014
1.0 0.8494516450648056 44.985 56.8 0.35000000000000014
1.0 0.843469591226321 44.985 56.4 0.36000000000000015
1.0 0.8334995014955134 44.985 55.733333333333334 0.37000000000000016
1.0 0.8305084745762712 44.985 55.53333333333333 0.38000000000000017
1.0 0.8185443668993021 44.985 54.733333333333334 0.3900000000000002
1.0 0.8005982053838484 44.985 53.53333333333333 0.4000000000000002
1.0 0.7816550348953141 44.985 52.266666666666666 0.4100000000000002
1.0 0.765702891326022 44.985 51.2 0.4200000000000002
1.0 0.7557328015952144 44.985 50.53333333333333 0.4300000000000002
1.0 0.7407776669990029 44.985 49.53333333333333 0.4400000000000002
1.0 0.7268195413758723 44.985 48.6 0.45000000000000023
1.0 0.7128614157527418 44.985 47.666666666666664 0.46000000000000024
1.0 0.6999002991026919 44.985 46.8 0.47000000000000025
1.0 0.6899302093718843 44.985 46.13333333333333 0.48000000000000026
1.0 0.6819541375872383 44.985 45.6 0.49000000000000027
1.0 0.6769690927218345 44.985 45.266666666666666 0.5000000000000002
1.0 0.6719840478564307 44.985 44.93333333333333 0.5100000000000002
1.0 0.6660019940179461 44.985 44.53333333333333 0.5200000000000002
1.0 0.6650049850448654 44.985 44.46666666666667 0.5300000000000002
1.0 0.6610169491525424 44.985 44.2 0.5400000000000003
1.0 0.6580259222333001 44.985 44.0 0.5500000000000003
1.0 0.6560319042871385 44.985 43.86666666666667 0.5600000000000003
1.0 0.6550348953140578 44.985 43.8 0.5700000000000003
1.0 0.654037886340977 44.985 43.733333333333334 0.5800000000000003
1.0 0.6490528414755733 44.985 43.4 0.5900000000000003
1.0 0.6470588235294118 44.985 43.266666666666666 0.6000000000000003
1.0 0.6440677966101694 44.985 43.06666666666667 0.6100000000000003
1.0 0.6400797607178464 44.985 42.8 0.6200000000000003
1.0 0.6321036889332003 44.985 42.266666666666666 0.6300000000000003
1.0 0.6281156530408774 44.985 42.0 0.6400000000000003
1.0 0.6241276171485544 44.985 41.733333333333334 0.6500000000000004
1.0 0.6141575274177468 44.985 41.06666666666667 0.6600000000000004
1.0 0.6021934197407777 44.985 40.266666666666666 0.6700000000000004
1.0 0.5922233300099701 44.985 39.6 0.6800000000000004
1.0 0.5712861415752741 44.985 38.2 0.6900000000000004
1.0 0.5563310069790628 44.985 37.2 0.7000000000000004
1.0 0.5333998005982054 44.985 35.666666666666664 0.7100000000000004
1.0 0.5104685942173479 44.985 34.13333333333333 0.7200000000000004
1.0 0.5004985044865404 44.985 33.46666666666667 0.7300000000000004
1.0 0.48454636091724823 44.985 32.4 0.7400000000000004
1.0 0.4646061814556331 44.985 31.066666666666666 0.7500000000000004
1.0 0.45164506480558325 44.985 30.2 0.7600000000000005
1.0 0.43668993020937186 44.985 29.2 0.7700000000000005
1.0 0.42572283150548357 44.985 28.466666666666665 0.7800000000000005
0.9996665555185061 0.4187437686939183 44.97 28.0 0.7900000000000005
0.9993331110370124 0.4107676969092722 44.955 27.466666666666665 0.8000000000000005
0.9989996665555185 0.4017946161515454 44.94 26.866666666666667 0.8100000000000005
0.9977770367900411 0.4017946161515454 44.885 26.866666666666667 0.8200000000000005
0.9967767033455597 0.3918245264207378 44.84 26.2 0.8300000000000005
0.9928865177281316 0.382851445663011 44.665 25.6 0.8400000000000005
0.9879959986662221 0.3778664007976072 44.445 25.266666666666666 0.8500000000000005
0.9774369234189174 0.3609172482552343 43.97 24.133333333333333 0.8600000000000005
0.9630988107146826 0.34297108673978066 43.325 22.933333333333334 0.8700000000000006
0.944648216072024 0.325024925224327 42.495 21.733333333333334 0.8800000000000006
0.9240858063799045 0.3040877367896311 41.57 20.333333333333332 0.8900000000000006
0.9007446926753362 0.28215353938185445 40.52 18.866666666666667 0.9000000000000006
0.8756252084028009 0.25324027916251246 39.39 16.933333333333334 0.9100000000000006
0.8523952428587307 0.22831505483549352 38.345 15.266666666666667 0.9200000000000006
0.8326108702900967 0.20139581256231306 37.455 13.466666666666667 0.9300000000000006
0.8188284983883517 0.18544366899302095 36.835 12.4 0.9400000000000006
0.8070467933755696 0.1694915254237288 36.305 11.333333333333334 0.9500000000000006
0.7947093475602979 0.14955134596211367 35.75 10.0 0.9600000000000006
0.7777036790041125 0.12562313060817548 34.985 8.4 0.9700000000000006
0.7396910081138157 0.1036889332003988 33.275 6.933333333333334 0.9800000000000006
0.6227631432699788 0.05682951146560319 28.015 3.8 0.9900000000000007
0.0 0.0 0.0 0.0
