1.0 1.0 89.97 66.86666666666666 0.0
1.0 1.0 89.97 66.86666666666666 0.01
1.0 1.0 89.97 66.86666666666666 0.02
1.0 0.9980059820538385 89.97 66.73333333333333 0.03
1.0 0.996011964107677 89.97 66.6 0.04
1.0 0.9940179461615155 89.97 66.46666666666667 0.05
1.0 0.9880358923230309 89.97 66.06666666666666 0.060000000000000005
1.0 0.9880358923230309 89.97 66.06666666666666 0.07
1.0 0.9880358923230309 89.97 66.06666666666666 0.08
1.0 0.9860418743768694 89.97 65.93333333333334 0.09
1.0 0.9850448654037887 89.97 65.86666666666666 0.09999999999999999
1.0 0.9820538384845464 89.97 65.66666666666667 0.10999999999999999
1.0 0.9820538384845464 89.97 65.66666666666667 0.11999999999999998
1.0 0.9790628115653041 89.97 65.46666666666667 0.12999999999999998
1.0 0.9770687936191426 89.97 65.33333333333333 0.13999999999999999
1.0 0.9760717846460618 89.97 65.26666666666667 0.15
1.0 0.9750747756729811 89.97 65.2 0.16
1.0 0.9710867397806581 89.97 64.93333333333334 0.17
1.0 0.9641076769690927 89.97 64.46666666666667 0.18000000000000002
1.0 0.9621136590229312 89.97 64.33333333333333 0.19000000000000003
1.0 0.9601196410767697 89.97 64.2 0.20000000000000004
1.0 0.959122632103689 89.97 64.13333333333334 0.21000000000000005
1.0 0.9571286141575274 89.97 64.0 0.22000000000000006
1.0 0.9531405782652044 89.97 63.733333333333334 0.23000000000000007
1.0 0.9511465603190429 89.97 63.6 0.24000000000000007
1.0 0.9491525423728814 89.97 63.46666666666667 0.25000000000000006
1.0 0.9481555333998006 89.97 63.4 0.26000000000000006
1.0 0.9481555333998006 89.97 63.4 0.2700000000000001
1.0 0.9481555333998006 89.97 63.4 0.2800000000000001
1.0 0.9471585244267199 89.97 63.333333333333336 0.2900000000000001
1.0 0.9461615154536391 89.97 63.266666666666666 0.3000000000000001
1.0 0.9431704885343968 89.97 63.06666666666667 0.3100000000000001
1.0 0.9411764705882353 89.97 62.93333333333333 0.3200000000000001
1.0 0.9371884346959123 89.97 62.666666666666664 0.3300000000000001
1.0 0.9332003988035892 89.97 62.4 0.34000000000000014
1.0 0.9262213359920239 89.97 61.93333333333333 0.35000000000000014
1.0 0.922233300099701 89.97 61.666666666666664 0.36000000000000015
1.0 0.9152542372881356 89.97 61.2 0.37000000000000016
1.0 0.9062811565304087 89.97 60.6 0.38000000000000017
1.0 0.8973080757726819 89.97 60.0 0.3900000000000002
1.0 0.8863409770687937 89.97 59.266666666666666 0.4000000000000002
1.0 0.8703888334995015 89.97 58.2 0.4100000000000002
1.0 0.8634097706879362 89.97 57.733333333333334 0.4200000000000002
1.0 0.8574277168494516 89.97 57.333333333333336 0.4300000000000002
1.0 0.8504486540378864 89.97 56.86666666666667 0.4400000000000002
1.0 0.8484546360917248 89.97 56.733333333333334 0.45000000000000023
1.0 0.8424725822532403 89.97 56.333333333333336 0.46000000000000024
1.0 0.8374875373878365 89.97 56.0 0.47000000000000025
1.0 0.8295114656031904 89.97 55.46666666666667 0.48000000000000026
1.0 0.8255234297108675 89.97 55.2 0.49000000000000027
1.0 0.8225324027916251 89.97 55.0 0.5000000000000002
1.0 0.8215353938185443 89.97 54.93333333333333 0.5100000000000002
1.0 0.8215353938185443 89.97 54.93333333333333 0.5200000000000002
1.0 0.8185443668993021 89.97 54.733333333333334 0.5300000000000002
1.0 0.8165503489531406 89.97 54.6 0.5400000000000003
1.0 0.8145563310069791 89.97 54.46666666666667 0.5500000000000003
1.0 0.8145563310069791 89.97 54.46666666666667 0.5600000000000003
1.0 0.810568295114656 89.97 54.2 0.5700000000000003
1.0 0.810568295114656 89.97 54.2 0.5800000000000003
1.0 0.8095712861415753 89.97 54.13333333333333 0.5900000000000003
1.0 0.806580259222333 89.97 53.93333333333333 0.6000000000000003
1.0 0.8005982053838484 89.97 53.53333333333333 0.6100000000000003
1.0 0.7946161515453639 89.97 53.13333333333333 0.6200000000000003
1.0 0.7916251246261217 89.97 52.93333333333333 0.6300000000000003
1.0 0.7816550348953141 89.97 52.266666666666666 0.6400000000000003
1.0 0.7716849451645065 89.97 51.6 0.6500000000000004
1.0 0.7547357926221336 89.97 50.46666666666667 0.6600000000000004
1.0 0.7407776669990029 89.97 49.53333333333333 0.6700000000000004
1.0 0.7298105682951147 89.97 48.8 0.6800000000000004
1.0 0.715852442671984 89.97 47.86666666666667 0.6900000000000004
1.0 0.6969092721834497 89.97 46.6 0.7000000000000004
1.0 0.6829511465603191 89.97 45.666666666666664 0.7100000000000004
1.0 0.6660019940179461 89.97 44.53333333333333 0.7200000000000004
1.0 0.6400797607178464 89.97 42.8 0.7300000000000004
1.0 0.6141575274177468 89.97 41.06666666666667 0.7400000000000004
1.0 0.5992023928215354 89.97 40.06666666666667 0.7500000000000004
1.0 0.5812562313060817 89.97 38.86666666666667 0.7600000000000005
1.0 0.5653040877367896 89.97 37.8 0.7700000000000005
0.999888851839502 0.5473579262213359 89.96 36.6 0.7800000000000005
0.9997777036790041 0.5363908275174477 89.95 35.86666666666667 0.7900000000000005
0.9997777036790041 0.5274177467597209 89.95 35.266666666666666 0.8000000000000005
0.9989996665555185 0.5214356929212363 89.88 34.86666666666667 0.8100000000000005
0.9976658886295432 0.5154536390827518 89.76 34.46666666666667 0.8200000000000005
0.9953317772590864 0.5034895314057827 89.55 33.666666666666664 0.8300000000000005
0.992108480604646 0.4885343968095713 89.26 32.666666666666664 0.8400000000000005
0.986217628098255 0.47557328015952144 88.73 31.8 0.8500000000000005
0.9755474046904524 0.46161515453639085 87.77 30.866666666666667 0.8600000000000005
0.9612092919862176 0.4386839481555334 86.48 29.333333333333332 0.8700000000000006
0.9415360675780816 0.4087736789631107 84.71 27.333333333333332 0.8800000000000006
0.9170834722685339 0.37587238285144564 82.51 25.133333333333333 0.8900000000000006
0.8908525063910192 0.34297108673978066 80.15 22.933333333333334 0.9000000000000006
0.8627320217850395 0.29810568295114653 77.62 19.933333333333334 0.9100000000000006
0.8405023896854507 0.27218344965104685 75.62 18.2 0.9200000000000006
0.8183839057463599 0.2432701894317049 73.63 16.266666666666666 0.9300000000000006
0.7960431254862732 0.22731804586241275 71.62 15.2 0.9400000000000006
0.77459153051017 0.21635094715852443 69.69 14.466666666666667 0.9500000000000006
0.7513615649660998 0.19641076769690927 67.6 13.133333333333333 0.9600000000000006
0.7183505612982105 0.17547357926221335 64.63 11.733333333333333 0.9700000000000006
0.663999110814716 0.13858424725822532 59.74 9.266666666666667 0.9800000000000006
0.5427364677114593 0.0707876370887338 48.83 4.733333333333333 0.9900000000000007
0.0 0.0 0.0 0.0
