1.0 1.0 89.97 40.12 0.0
1.0 1.0 89.97 40.12 0.01
1.0 0.9980059820538385 89.97 40.04 0.02
1.0 0.996011964107677 89.97 39.96 0.03
1.0 0.996011964107677 89.97 39.96 0.04
1.0 0.996011964107677 89.97 39.96 0.05
1.0 0.9940179461615155 89.97 39.88 0.060000000000000005
1.0 0.9940179461615155 89.97 39.88 0.07
1.0 0.9940179461615155 89.97 39.88 0.08
1.0 0.9930209371884346 89.97 39.84 0.09
1.0 0.9930209371884346 89.97 39.84 0.09999999999999999
1.0 0.9910269192422732 89.97 39.76 0.10999999999999999
1.0 0.9900299102691924 89.97 39.72 0.11999999999999998
1.0 0.9890329012961117 89.97 39.68 0.12999999999999998
1.0 0.9890329012961117 89.97 39.68 0.13999999999999999
1.0 0.9880358923230309 89.97 39.64 0.15
1.0 0.9880358923230309 89.97 39.64 0.16
1.0 0.9880358923230309 89.97 39.64 0.17
1.0 0.9810568295114656 89.97 39.36 0.18000000000000002
1.0 0.9770687936191426 89.97 39.2 0.19000000000000003
1.0 0.9750747756729811 89.97 39.12 0.20000000000000004
1.0 0.9740777666999003 89.97 39.08 0.21000000000000005
1.0 0.9720837487537388 89.97 39.0 0.22000000000000006
1.0 0.9690927218344965 89.97 38.88 0.23000000000000007
1.0 0.9690927218344965 89.97 38.88 0.24000000000000007
1.0 0.9680957128614157 89.97 38.84 0.25000000000000006
1.0 0.9680957128614157 89.97 38.84 0.26000000000000006
1.0 0.967098703888335 89.97 38.8 0.2700000000000001
1.0 0.967098703888335 89.97 38.8 0.2800000000000001
1.0 0.967098703888335 89.97 38.8 0.2900000000000001
1.0 0.9661016949152542 89.97 38.76 0.3000000000000001
1.0 0.963110667996012 89.97 38.64 0.3100000000000001
1.0 0.9621136590229312 89.97 38.6 0.3200000000000001
1.0 0.9611166500498505 89.97 38.56 0.3300000000000001
1.0 0.9611166500498505 89.97 38.56 0.34000000000000014
1.0 0.9571286141575274 89.97 38.4 0.35000000000000014
1.0 0.9511465603190429 89.97 38.16 0.36000000000000015
1.0 0.9431704885343968 89.97 37.84 0.37000000000000016
1.0 0.9391824526420738 89.97 37.68 0.38000000000000017
1.0 0.9371884346959123 89.97 37.6 0.3900000000000002
1.0 0.9292123629112662 89.97 37.28 0.4000000000000002
1.0 0.9232303090727817 89.97 37.04 0.4100000000000002
1.0 0.9122632103688934 89.97 36.6 0.4200000000000002
1.0 0.9042871385842473 89.97 36.28 0.4300000000000002
1.0 0.8943170488534397 89.97 35.88 0.4400000000000002
1.0 0.8853439680957128 89.97 35.52 0.45000000000000023
1.0 0.8783649052841476 89.97 35.24 0.46000000000000024
1.0 0.8733798604187437 89.97 35.04 0.47000000000000025
1.0 0.86839481555334 89.97 34.84 0.48000000000000026
1.0 0.8634097706879362 89.97 34.64 0.49000000000000027
1.0 0.8604187437686939 89.97 34.52 0.5000000000000002
1.0 0.8564307078763709 89.97 34.36 0.5100000000000002
1.0 0.8544366899302094 89.97 34.28 0.5200000000000002
1.0 0.8544366899302094 89.97 34.28 0.5300000000000002
1.0 0.8544366899302094 89.97 34.28 0.5400000000000003
1.0 0.8534396809571286 89.97 34.24 0.5500000000000003
1.0 0.8534396809571286 89.97 34.24 0.5600000000000003
1.0 0.8524426719840479 89.97 34.2 0.5700000000000003
1.0 0.8524426719840479 89.97 34.2 0.5800000000000003
1.0 0.8494516450648056 89.97 34.08 0.5900000000000003
1.0 0.8464606181455633 89.97 33.96 0.6000000000000003
1.0 0.8444666001994018 89.97 33.88 0.6100000000000003
1.0 0.8414755732801595 89.97 33.76 0.6200000000000003
1.0 0.8364905284147557 89.97 33.56 0.6300000000000003
1.0 0.8305084745762712 89.97 33.32 0.6400000000000003
1.0 0.8215353938185443 89.97 32.96 0.6500000000000004
1.0 0.8055832502492523 89.97 32.32 0.6600000000000004
1.0 0.7866400797607178 89.97 31.56 0.6700000000000004
1.0 0.7666999002991027 89.97 30.76 0.6800000000000004
1.0 0.7377866400797607 89.97 29.6 0.6900000000000004
1.0 0.7038883349950149 89.97 28.24 0.7000000000000004
1.0 0.6869391824526421 89.97 27.56 0.7100000000000004
1.0 0.6550348953140578 89.97 26.28 0.7200000000000004
1.0 0.634097706879362 89.97 25.44 0.7300000000000004
1.0 0.6111665004985045 89.97 24.52 0.7400000000000004
1.0 0.5852442671984048 89.97 23.48 0.7500000000000004
1.0 0.5672981056829511 89.97 22.76 0.7600000000000005
1.0 0.5443668993020937 89.97 21.84 0.7700000000000005
0.999888851839502 0.5284147557328016 89.96 21.2 0.7800000000000005
0.9994442591975102 0.514456630109671 89.92 20.64 0.7900000000000005
0.9991108147160165 0.5044865403788634 89.89 20.24 0.8000000000000005
0.9979993331110371 0.5004985044865404 89.79 20.08 0.8100000000000005
0.995998666222074 0.4935194416749751 89.61 19.8 0.8200000000000005
0.9922196287651439 0.48255234297108673 89.27 19.36 0.8300000000000005
0.9852172946537735 0.4695912263210369 88.64 18.84 0.8400000000000005
0.9737690341224853 0.4556331006979063 87.61 18.28 0.8500000000000005
0.952650883627876 0.4267198404785643 85.71 17.12 0.8600000000000005
0.9269756585528509 0.3938185443668993 83.4 15.8 0.8700000000000006
0.8899633211070357 0.34995014955134596 80.07 14.04 0.8800000000000006
0.8426142047349117 0.3040877367896311 75.81 12.2 0.8900000000000006
0.7897076803378904 0.22432701894317048 71.05 9.0 0.9000000000000006
0.7351339335334001 0.16350947158524426 66.14 6.56 0.9100000000000006
0.6876736690007781 0.10568295114656032 61.87 4.24 0.9200000000000006
0.6527731466044236 0.058823529411764705 58.73 2.36 0.9300000000000006
0.6212070690230077 0.045862412761714856 55.89 1.84 0.9400000000000006
0.5955318439479826 0.03290129611166501 53.58 1.32 0.9500000000000006
0.5676336556629987 0.02193419740777667 51.07 0.88 0.9600000000000006
0.5405135045015005 0.019940179461615155 48.63 0.8 0.9700000000000006
0.4927197954873847 0.019940179461615155 44.33 0.8 0.9800000000000006
0.37823719017450264 0.019940179461615155 34.03 0.8 0.9900000000000007
0.0 0.0 0.0 0.0
