1.0 1.0 89.97 66.86666666666666 0.0
1.0 0.9990029910269193 89.97 66.8 0.01
1.0 0.9950149551345963 89.97 66.53333333333333 0.02
1.0 0.9910269192422732 89.97 66.26666666666667 0.03
1.0 0.9850448654037887 89.97 65.86666666666666 0.04
1.0 0.9760717846460618 89.97 65.26666666666667 0.05
1.0 0.9661016949152542 89.97 64.6 0.060000000000000005
1.0 0.9661016949152542 89.97 64.6 0.07
1.0 0.959122632103689 89.97 64.13333333333334 0.08
1.0 0.9531405782652044 89.97 63.733333333333334 0.09
1.0 0.9501495513459621 89.97 63.53333333333333 0.09999999999999999
1.0 0.9451645064805583 89.97 63.2 0.10999999999999999
1.0 0.9391824526420738 89.97 62.8 0.11999999999999998
1.0 0.9371884346959123 89.97 62.666666666666664 0.12999999999999998
1.0 0.9322033898305084 89.97 62.333333333333336 0.13999999999999999
1.0 0.9302093718843469 89.97 62.2 0.15
1.0 0.9252243270189432 89.97 61.86666666666667 0.16
1.0 0.9212362911266201 89.97 61.6 0.17
1.0 0.905284147557328 89.97 60.53333333333333 0.18000000000000002
1.0 0.8963110667996012 89.97 59.93333333333333 0.19000000000000003
1.0 0.8813559322033898 89.97 58.93333333333333 0.20000000000000004
1.0 0.872382851445663 89.97 58.333333333333336 0.21000000000000005
1.0 0.8624127617148555 89.97 57.666666666666664 0.22000000000000006
1.0 0.8574277168494516 89.97 57.333333333333336 0.23000000000000007
1.0 0.8504486540378864 89.97 56.86666666666667 0.24000000000000007
1.0 0.8494516450648056 89.97 56.8 0.25000000000000006
1.0 0.847457627118644 89.97 56.666666666666664 0.26000000000000006
1.0 0.843469591226321 89.97 56.4 0.2700000000000001
1.0 0.8384845463609173 89.97 56.06666666666667 0.2800000000000001
1.0 0.8374875373878365 89.97 56.0 0.2900000000000001
1.0 0.8354935194416749 89.97 55.86666666666667 0.3000000000000001
1.0 0.8325024925224327 89.97 55.666666666666664 0.3100000000000001
1.0 0.8325024925224327 89.97 55.666666666666664 0.3200000000000001
1.0 0.8305084745762712 89.97 55.53333333333333 0.3300000000000001
1.0 0.8265204386839482 89.97 55.266666666666666 0.34000000000000014
1.0 0.8195413758723828 89.97 54.8 0.35000000000000014
1.0 0.8135593220338984 89.97 54.4 0.36000000000000015
1.0 0.8075772681954138 89.97 54.0 0.37000000000000016
1.0 0.8015952143569293 89.97 53.6 0.38000000000000017
1.0 0.7936191425722832 89.97 53.06666666666667 0.3900000000000002
1.0 0.7866400797607178 89.97 52.6 0.4000000000000002
1.0 0.7706879361914257 89.97 51.53333333333333 0.4100000000000002
1.0 0.7607178464606181 89.97 50.86666666666667 0.4200000000000002
1.0 0.748753738783649 89.97 50.06666666666667 0.4300000000000002
0.999888851839502 0.7367896311066799 89.96 49.266666666666666 0.4400000000000002
0.999888851839502 0.7278165503489531 89.96 48.666666666666664 0.45000000000000023
0.999888851839502 0.7178464606181456 89.96 48.0 0.46000000000000024
0.999888851839502 0.7088733798604188 89.96 47.4 0.47000000000000025
0.999888851839502 0.7018943170488534 89.96 46.93333333333333 0.48000000000000026
0.9997777036790041 0.6899302093718843 89.95 46.13333333333333 0.49000000000000027
0.9997777036790041 0.6819541375872383 89.95 45.6 0.5000000000000002
0.9996665555185061 0.6739780658025922 89.94 45.06666666666667 0.5100000000000002
0.9996665555185061 0.67098703888335 89.94 44.86666666666667 0.5200000000000002
0.9996665555185061 0.6660019940179461 89.94 44.53333333333333 0.5300000000000002
0.9996665555185061 0.6600199401794616 89.94 44.13333333333333 0.5400000000000003
0.9996665555185061 0.6560319042871385 89.94 43.86666666666667 0.5500000000000003
0.9996665555185061 0.654037886340977 89.94 43.733333333333334 0.5600000000000003
0.9996665555185061 0.6530408773678963 89.94 43.666666666666664 0.5700000000000003
0.9996665555185061 0.6480558325024925 89.94 43.333333333333336 0.5800000000000003
0.9996665555185061 0.6450648055832503 89.94 43.13333333333333 0.5900000000000003
0.9996665555185061 0.6440677966101694 89.94 43.06666666666667 0.6000000000000003
0.9995554073580082 0.6390827517447657 89.93 42.733333333333334 0.6100000000000003
0.9995554073580082 0.6331006979062812 89.93 42.333333333333336 0.6200000000000003
0.9995554073580082 0.6221335992023929 89.93 41.6 0.6300000000000003
0.9995554073580082 0.6151545363908275 89.93 41.13333333333333 0.6400000000000003
0.9995554073580082 0.6051844466600199 89.93 40.46666666666667 0.6500000000000004
0.9995554073580082 0.5972083748753739 89.93 39.93333333333333 0.6600000000000004
0.9995554073580082 0.5872382851445663 89.93 39.266666666666666 0.6700000000000004
0.9995554073580082 0.5653040877367896 89.93 37.8 0.6800000000000004
0.9995554073580082 0.543369890329013 89.93 36.333333333333336 0.6900000000000004
0.9995554073580082 0.5174476570289133 89.93 34.6 0.7000000000000004
0.9995554073580082 0.4955134596211366 89.93 33.13333333333333 0.7100000000000004
0.9995554073580082 0.4695912263210369 89.93 31.4 0.7200000000000004
0.9995554073580082 0.4426719840478564 89.93 29.6 0.7300000000000004
0.9994442591975102 0.41575274177467597 89.92 27.8 0.7400000000000004
0.9994442591975102 0.39282153539381853 89.92 26.266666666666666 0.7500000000000004
0.9994442591975102 0.3708873379860419 89.92 24.8 0.7600000000000005
0.9993331110370124 0.35992023928215355 89.91 24.066666666666666 0.7700000000000005
0.9992219628765144 0.33998005982053836 89.9 22.733333333333334 0.7800000000000005
0.9991108147160165 0.32602193419740777 89.89 21.8 0.7900000000000005
0.9986662220740247 0.3160518444666002 89.85 21.133333333333333 0.8000000000000005
0.9979993331110371 0.30807577268195413 89.79 20.6 0.8100000000000005
0.9971101478270534 0.29910269192422734 89.71 20.0 0.8200000000000005
0.994220295654107 0.28713858424725824 89.45 19.2 0.8300000000000005
0.9899966655551851 0.2741774675972084 89.07 18.333333333333332 0.8400000000000005
0.9839946648882961 0.2662013958125623 88.53 17.8 0.8500000000000005
0.972212959875514 0.24626121635094717 87.47 16.466666666666665 0.8600000000000005
0.9540958097143493 0.21136590229312063 85.84 14.133333333333333 0.8700000000000006
0.9314215849727687 0.19042871385842472 83.8 12.733333333333333 0.8800000000000006
0.9036345448482828 0.16650049850448653 81.3 11.133333333333333 0.8900000000000006
0.8722907635878626 0.12063808574277168 78.48 8.066666666666666 0.9000000000000006
0.8406135378459486 0.08275174476570289 75.63 5.533333333333333 0.9100000000000006
0.8153829054129155 0.0518444666001994 73.36 3.466666666666667 0.9200000000000006
0.7948204957207958 0.027916251246261216 71.51 1.8666666666666667 0.9300000000000006
0.7768144937201289 0.01296111665004985 69.89 0.8666666666666667 0.9400000000000006
0.7603645659664332 0.005982053838484547 68.41 0.4 0.9500000000000006
0.7446926753362232 0.0019940179461615153 67.0 0.13333333333333333 0.9600000000000006
0.7265755251750583 9.970089730807576E-4 65.37 0.06666666666666667 0.9700000000000006
0.6774480382349672 9.970089730807576E-4 60.95 0.06666666666666667 0.9800000000000006
0.5650772479715461 9.970089730807576E-4 50.84 0.06666666666666667 0.9900000000000007
0.0 0.0 0.0 0.0
