0.0 0.5982053838484547 0.0 20.0 0.0
0.0 0.5363908275174477 0.0 17.933333333333334 0.01
0.0 0.4695912263210369 0.0 15.7 0.02
0.0 0.4456630109670987 0.0 14.9 0.03
0.0 0.4287138584247258 0.0 14.333333333333334 0.04
0.0 0.4037886340977069 0.0 13.5 0.05
0.0 0.3798604187437687 0.0 12.7 0.060000000000000005
0.0 0.3798604187437687 0.0 12.7 0.07
0.0 0.3629112662013958 0.0 12.133333333333333 0.08
0.0 0.3559322033898305 0.0 11.9 0.09
0.0 0.3509471585244267 0.0 11.733333333333333 0.09999999999999999
0.0 0.3469591226321037 0.0 11.6 0.10999999999999999
0.0 0.34097706879361916 0.0 11.4 0.11999999999999998
0.0 0.33798604187437686 0.0 11.3 0.12999999999999998
0.0 0.33100697906281157 0.0 11.066666666666666 0.13999999999999999
0.0 0.3270189431704885 0.0 10.933333333333334 0.15
0.0 0.3240279162512463 0.0 10.833333333333334 0.16
0.0 0.32103688933200397 0.0 10.733333333333333 0.17
0.0 0.3140578265204387 0.0 10.5 0.18000000000000002
0.0 0.3100697906281156 0.0 10.366666666666667 0.19000000000000003
0.0 0.30608175473579263 0.0 10.233333333333333 0.20000000000000004
0.0 0.29910269192422734 0.0 10.0 0.21000000000000005
0.0 0.29810568295114653 0.0 9.966666666666667 0.22000000000000006
0.0 0.29411764705882354 0.0 9.833333333333334 0.23000000000000007
0.0 0.292123629112662 0.0 9.766666666666667 0.24000000000000007
0.0 0.28614157527417744 0.0 9.566666666666666 0.25000000000000006
0.0 0.2831505483549352 0.0 9.466666666666667 0.26000000000000006
0.0 0.2811565304087737 0.0 9.4 0.2700000000000001
0.0 0.27716849451645065 0.0 9.266666666666667 0.2800000000000001
0.0 0.27517447657028915 0.0 9.2 0.2900000000000001
0.0 0.27517447657028915 0.0 9.2 0.3000000000000001
0.0 0.2741774675972084 0.0 9.166666666666666 0.3100000000000001
0.0 0.2731804586241276 0.0 9.133333333333333 0.3200000000000001
0.0 0.2691924227318046 0.0 9.0 0.3300000000000001
0.0 0.26719840478564305 0.0 8.933333333333334 0.34000000000000014
0.0 0.2642073778664008 0.0 8.833333333333334 0.35000000000000014
0.0 0.259222333000997 0.0 8.666666666666666 0.36000000000000015
0.0 0.25623130608175476 0.0 8.566666666666666 0.37000000000000016
0.0 0.25623130608175476 0.0 8.566666666666666 0.38000000000000017
0.0 0.2502492522432702 0.0 8.366666666666667 0.3900000000000002
0.0 0.24626121635094717 0.0 8.233333333333333 0.4000000000000002
0.0 0.24426719840478564 0.0 8.166666666666666 0.4100000000000002
0.0 0.24027916251246262 0.0 8.033333333333333 0.4200000000000002
0.0 0.2333000997008973 0.0 7.8 0.4300000000000002
0.0 0.22831505483549352 0.0 7.633333333333334 0.4400000000000002
0.0 0.226321036889332 0.0 7.566666666666666 0.45000000000000023
0.0 0.22033898305084745 0.0 7.366666666666666 0.46000000000000024
0.0 0.21734795613160518 0.0 7.266666666666667 0.47000000000000025
0.0 0.2143569292123629 0.0 7.166666666666667 0.48000000000000026
0.0 0.20937188434695914 0.0 7.0 0.49000000000000027
0.0 0.2023928215353938 0.0 6.766666666666667 0.5000000000000002
0.0 0.20139581256231306 0.0 6.733333333333333 0.5100000000000002
0.0 0.20039880358923232 0.0 6.7 0.5200000000000002
0.0 0.19740777666999004 0.0 6.6 0.5300000000000002
0.0 0.193419740777667 0.0 6.466666666666667 0.5400000000000003
0.0 0.19242273180458624 0.0 6.433333333333334 0.5500000000000003
0.0 0.18943170488534397 0.0 6.333333333333333 0.5600000000000003
0.0 0.18743768693918245 0.0 6.266666666666667 0.5700000000000003
0.0 0.18743768693918245 0.0 6.266666666666667 0.5800000000000003
0.0 0.18544366899302095 0.0 6.2 0.5900000000000003
0.0 0.18544366899302095 0.0 6.2 0.6000000000000003
0.0 0.18444666001994017 0.0 6.166666666666667 0.6100000000000003
0.0 0.17248255234297108 0.0 5.766666666666667 0.6200000000000003
0.0 0.1694915254237288 0.0 5.666666666666667 0.6300000000000003
0.0 0.16550348953140578 0.0 5.533333333333333 0.6400000000000003
0.0 0.16550348953140578 0.0 5.533333333333333 0.6500000000000004
0.0 0.16350947158524426 0.0 5.466666666666667 0.6600000000000004
0.0 0.16350947158524426 0.0 5.466666666666667 0.6700000000000004
0.0 0.16151545363908276 0.0 5.4 0.6800000000000004
0.0 0.15653040877367896 0.0 5.233333333333333 0.6900000000000004
0.0 0.15553339980059822 0.0 5.2 0.7000000000000004
0.0 0.1535393818544367 0.0 5.133333333333334 0.7100000000000004
0.0 0.15254237288135594 0.0 5.1 0.7200000000000004
0.0 0.15054835493519442 0.0 5.033333333333333 0.7300000000000004
0.0 0.14955134596211367 0.0 5.0 0.7400000000000004
0.0 0.14456630109670987 0.0 4.833333333333333 0.7500000000000004
0.0 0.14257228315054835 0.0 4.766666666666667 0.7600000000000005
0.0 0.1415752741774676 0.0 4.733333333333333 0.7700000000000005
0.0 0.13758723828514458 0.0 4.6 0.7800000000000005
0.0 0.13160518444666003 0.0 4.4 0.7900000000000005
0.0 0.13060817547357925 0.0 4.366666666666666 0.8000000000000005
0.0 0.12562313060817548 0.0 4.2 0.8100000000000005
0.0 0.12063808574277168 0.0 4.033333333333333 0.8200000000000005
0.0 0.11764705882352941 0.0 3.933333333333333 0.8300000000000005
0.0 0.1156530408773679 0.0 3.8666666666666667 0.8400000000000005
0.0 0.1036889332003988 0.0 3.466666666666667 0.8500000000000005
0.0 0.09870388833499502 0.0 3.3 0.8600000000000005
0.0 0.09571286141575275 0.0 3.2 0.8700000000000006
0.0 0.09371884346959122 0.0 3.1333333333333333 0.8800000000000006
0.0 0.0897308075772682 0.0 3.0 0.8900000000000006
0.0 0.08673978065802593 0.0 2.9 0.9000000000000006
0.0 0.08673978065802593 0.0 2.9 0.9100000000000006
0.0 0.08275174476570289 0.0 2.7666666666666666 0.9200000000000006
0.0 0.07776669990029911 0.0 2.6 0.9300000000000006
0.0 0.07278165503489531 0.0 2.433333333333333 0.9400000000000006
0.0 0.07178464606181456 0.0 2.4 0.9500000000000006
0.0 0.06779661016949153 0.0 2.2666666666666666 0.9600000000000006
0.0 0.0518444666001994 0.0 1.7333333333333334 0.9700000000000006
0.0 0.04386839481555334 0.0 1.4666666666666666 0.9800000000000006
0.0 0.027916251246261216 0.0 0.9333333333333333 0.9900000000000007
0.0 0.0 0.0 0.0
