1.0 1.0 89.97 22.288888888888888 0.0
1.0 1.0 89.97 22.288888888888888 0.01
1.0 0.9990029910269193 89.97 22.266666666666666 0.02
1.0 0.9980059820538385 89.97 22.244444444444444 0.03
1.0 0.9980059820538385 89.97 22.244444444444444 0.04
1.0 0.9980059820538385 89.97 22.244444444444444 0.05
1.0 0.9950149551345963 89.97 22.177777777777777 0.060000000000000005
1.0 0.9950149551345963 89.97 22.177777777777777 0.07
1.0 0.9950149551345963 89.97 22.177777777777777 0.08
1.0 0.9950149551345963 89.97 22.177777777777777 0.09
1.0 0.9940179461615155 89.97 22.155555555555555 0.09999999999999999
1.0 0.9930209371884346 89.97 22.133333333333333 0.10999999999999999
1.0 0.9910269192422732 89.97 22.08888888888889 0.11999999999999998
1.0 0.9910269192422732 89.97 22.08888888888889 0.12999999999999998
1.0 0.9850448654037887 89.97 21.955555555555556 0.13999999999999999
1.0 0.9840478564307079 89.97 21.933333333333334 0.15
1.0 0.9780658025922233 89.97 21.8 0.16
1.0 0.9730807577268196 89.97 21.68888888888889 0.17
1.0 0.967098703888335 89.97 21.555555555555557 0.18000000000000002
1.0 0.9641076769690927 89.97 21.488888888888887 0.19000000000000003
1.0 0.9611166500498505 89.97 21.42222222222222 0.20000000000000004
1.0 0.9561316051844466 89.97 21.31111111111111 0.21000000000000005
1.0 0.9541375872382851 89.97 21.266666666666666 0.22000000000000006
1.0 0.9511465603190429 89.97 21.2 0.23000000000000007
1.0 0.9481555333998006 89.97 21.133333333333333 0.24000000000000007
1.0 0.9471585244267199 89.97 21.11111111111111 0.25000000000000006
1.0 0.9451645064805583 89.97 21.066666666666666 0.26000000000000006
1.0 0.9451645064805583 89.97 21.066666666666666 0.2700000000000001
1.0 0.942173479561316 89.97 21.0 0.2800000000000001
1.0 0.9411764705882353 89.97 20.977777777777778 0.2900000000000001
1.0 0.9401794616151545 89.97 20.955555555555556 0.3000000000000001
1.0 0.9401794616151545 89.97 20.955555555555556 0.3100000000000001
1.0 0.9391824526420738 89.97 20.933333333333334 0.3200000000000001
1.0 0.9371884346959123 89.97 20.88888888888889 0.3300000000000001
1.0 0.9332003988035892 89.97 20.8 0.34000000000000014
1.0 0.9312063808574277 89.97 20.755555555555556 0.35000000000000014
1.0 0.9262213359920239 89.97 20.644444444444446 0.36000000000000015
1.0 0.9202392821535393 89.97 20.511111111111113 0.37000000000000016
1.0 0.9192422731804586 89.97 20.488888888888887 0.38000000000000017
1.0 0.9102691924227319 89.97 20.288888888888888 0.3900000000000002
1.0 0.905284147557328 89.97 20.177777777777777 0.4000000000000002
1.0 0.8983050847457628 89.97 20.022222222222222 0.4100000000000002
1.0 0.8883349950149552 89.97 19.8 0.4200000000000002
1.0 0.8803589232303091 89.97 19.622222222222224 0.4300000000000002
1.0 0.8743768693918246 89.97 19.488888888888887 0.4400000000000002
1.0 0.864406779661017 89.97 19.266666666666666 0.45000000000000023
1.0 0.8604187437686939 89.97 19.177777777777777 0.46000000000000024
1.0 0.8534396809571286 89.97 19.022222222222222 0.47000000000000025
1.0 0.8484546360917248 89.97 18.91111111111111 0.48000000000000026
1.0 0.8454636091724825 89.97 18.844444444444445 0.49000000000000027
1.0 0.843469591226321 89.97 18.8 0.5000000000000002
1.0 0.839481555333998 89.97 18.711111111111112 0.5100000000000002
1.0 0.8384845463609173 89.97 18.68888888888889 0.5200000000000002
1.0 0.8364905284147557 89.97 18.644444444444446 0.5300000000000002
1.0 0.8354935194416749 89.97 18.622222222222224 0.5400000000000003
1.0 0.8325024925224327 89.97 18.555555555555557 0.5500000000000003
1.0 0.8315054835493519 89.97 18.533333333333335 0.5600000000000003
1.0 0.8295114656031904 89.97 18.488888888888887 0.5700000000000003
1.0 0.827517447657029 89.97 18.444444444444443 0.5800000000000003
1.0 0.8245264207377866 89.97 18.377777777777776 0.5900000000000003
1.0 0.8185443668993021 89.97 18.244444444444444 0.6000000000000003
1.0 0.8115653040877367 89.97 18.08888888888889 0.6100000000000003
1.0 0.8055832502492523 89.97 17.955555555555556 0.6200000000000003
1.0 0.80259222333001 89.97 17.88888888888889 0.6300000000000003
1.0 0.7916251246261217 89.97 17.644444444444446 0.6400000000000003
1.0 0.7796610169491526 89.97 17.377777777777776 0.6500000000000004
1.0 0.7577268195413759 89.97 16.88888888888889 0.6600000000000004
1.0 0.7457627118644068 89.97 16.622222222222224 0.6700000000000004
1.0 0.7268195413758723 89.97 16.2 0.6800000000000004
1.0 0.6959122632103689 89.97 15.511111111111111 0.6900000000000004
1.0 0.678963110667996 89.97 15.133333333333333 0.7000000000000004
1.0 0.6570289132602194 89.97 14.644444444444444 0.7100000000000004
1.0 0.6261216350947159 89.97 13.955555555555556 0.7200000000000004
1.0 0.5992023928215354 89.97 13.355555555555556 0.7300000000000004
1.0 0.5812562313060817 89.97 12.955555555555556 0.7400000000000004
1.0 0.5583250249252243 89.97 12.444444444444445 0.7500000000000004
1.0 0.5403788634097707 89.97 12.044444444444444 0.7600000000000005
0.999888851839502 0.5284147557328016 89.96 11.777777777777779 0.7700000000000005
0.9997777036790041 0.5134596211365903 89.95 11.444444444444445 0.7800000000000005
0.9993331110370124 0.5034895314057827 89.91 11.222222222222221 0.7900000000000005
0.9989996665555185 0.4935194416749751 89.88 11.0 0.8000000000000005
0.9979993331110371 0.48953140578265203 89.79 10.911111111111111 0.8100000000000005
0.9956652217405801 0.48953140578265203 89.58 10.911111111111111 0.8200000000000005
0.99188618428365 0.4745762711864407 89.24 10.577777777777778 0.8300000000000005
0.9855507391352674 0.45663010967098705 88.67 10.177777777777777 0.8400000000000005
0.9742136267644771 0.42971086739780656 87.65 9.577777777777778 0.8500000000000005
0.956652217405802 0.3898305084745763 86.07 8.688888888888888 0.8600000000000005
0.9309769923307769 0.35294117647058826 83.76 7.866666666666666 0.8700000000000006
0.8999666555518506 0.31106679960119643 80.97 6.933333333333334 0.8800000000000006
0.8583972435256196 0.26021934197407776 77.23 5.8 0.8900000000000006
0.8129376458819606 0.193419740777667 73.14 4.311111111111111 0.9000000000000006
0.7660331221518284 0.12662013958125623 68.92 2.8222222222222224 0.9100000000000006
0.7281315994220295 0.07976071784646062 65.51 1.7777777777777777 0.9200000000000006
0.6938979659886629 0.045862412761714856 62.43 1.0222222222222221 0.9300000000000006
0.6658886295431811 0.022931206380857428 59.91 0.5111111111111111 0.9400000000000006
0.6397688118261643 0.01296111665004985 57.56 0.28888888888888886 0.9500000000000006
0.6122040680226742 0.003988035892323031 55.08 0.08888888888888889 0.9600000000000006
0.5783038790708014 0.0029910269192422734 52.03 0.06666666666666667 0.9700000000000006
0.5247304657107925 0.0019940179461615153 47.21 0.044444444444444446 0.9800000000000006
0.40858063799044125 9.970089730807576E-4 36.76 0.022222222222222223 0.9900000000000007
0.0 0.0 0.0 0.0
