1.0 1.0 17.994 22.288888888888888 0.0
0.9978881849505391 0.7956131605184447 17.956 17.733333333333334 0.01
0.9978881849505391 0.6570289132602194 17.956 14.644444444444444 0.02
0.9978881849505391 0.576271186440678 17.956 12.844444444444445 0.03
0.9978881849505391 0.522432701894317 17.956 11.644444444444444 0.04
0.9978881849505391 0.4885343968095713 17.956 10.88888888888889 0.05
0.9978881849505391 0.42572283150548357 17.956 9.488888888888889 0.060000000000000005
0.9978881849505391 0.42572283150548357 17.956 9.488888888888889 0.07
0.9978881849505391 0.39980059820538383 17.956 8.911111111111111 0.08
0.9978881849505391 0.38384845463609174 17.956 8.555555555555555 0.09
0.9978881849505391 0.37188434695912265 17.956 8.28888888888889 0.09999999999999999
0.9978881849505391 0.3629112662013958 17.956 8.088888888888889 0.10999999999999999
0.9977770367900411 0.3509471585244267 17.954 7.822222222222222 0.11999999999999998
0.9977770367900411 0.33100697906281157 17.954 7.377777777777778 0.12999999999999998
0.9977770367900411 0.3180458624127617 17.954 7.088888888888889 0.13999999999999999
0.9977770367900411 0.29611166500498504 17.954 6.6 0.15
0.9977770367900411 0.2851445663010967 17.954 6.355555555555555 0.16
0.9977770367900411 0.2741774675972084 17.954 6.111111111111111 0.17
0.9977770367900411 0.23728813559322035 17.954 5.288888888888889 0.18000000000000002
0.9977770367900411 0.22931206380857427 17.954 5.111111111111111 0.19000000000000003
0.9977770367900411 0.21834496510468593 17.954 4.866666666666666 0.20000000000000004
0.9977770367900411 0.2143569292123629 17.954 4.777777777777778 0.21000000000000005
0.9977770367900411 0.2023928215353938 17.954 4.511111111111111 0.22000000000000006
0.9977770367900411 0.19641076769690927 17.954 4.377777777777778 0.23000000000000007
0.9977770367900411 0.193419740777667 17.954 4.311111111111111 0.24000000000000007
0.9977770367900411 0.18743768693918245 17.954 4.177777777777778 0.25000000000000006
0.9977770367900411 0.18444666001994017 17.954 4.111111111111111 0.26000000000000006
0.9977770367900411 0.1814556331006979 17.954 4.044444444444444 0.2700000000000001
0.9977770367900411 0.1744765702891326 17.954 3.888888888888889 0.2800000000000001
0.9977770367900411 0.17148554336989033 17.954 3.8222222222222224 0.2900000000000001
0.9977770367900411 0.16849451645064806 17.954 3.7555555555555555 0.3000000000000001
0.9977770367900411 0.16350947158524426 17.954 3.6444444444444444 0.3100000000000001
0.9977770367900411 0.16051844466600199 17.954 3.577777777777778 0.3200000000000001
0.9977770367900411 0.15653040877367896 17.954 3.488888888888889 0.3300000000000001
0.9977770367900411 0.15154536390827517 17.954 3.3777777777777778 0.34000000000000014
0.9977770367900411 0.14556331006979062 17.954 3.2444444444444445 0.35000000000000014
0.9977770367900411 0.14257228315054835 17.954 3.1777777777777776 0.36000000000000015
0.9977770367900411 0.1345962113659023 17.954 3.0 0.37000000000000016
0.9977770367900411 0.12761714855433698 17.954 2.8444444444444446 0.38000000000000017
0.9977770367900411 0.12362911266201396 17.954 2.7555555555555555 0.3900000000000002
0.9977770367900411 0.11665004985044865 17.954 2.6 0.4000000000000002
0.9977770367900411 0.10468594217347957 17.954 2.3333333333333335 0.4100000000000002
0.9977770367900411 0.09870388833499502 17.954 2.2 0.4200000000000002
0.9977770367900411 0.09072781655034895 17.954 2.022222222222222 0.4300000000000002
0.9977770367900411 0.08673978065802593 17.954 1.9333333333333333 0.4400000000000002
0.9977770367900411 0.0847457627118644 17.954 1.8888888888888888 0.45000000000000023
0.9977770367900411 0.07776669990029911 17.954 1.7333333333333334 0.46000000000000024
0.9977770367900411 0.07477567298105683 17.954 1.6666666666666667 0.47000000000000025
0.9977770367900411 0.0707876370887338 17.954 1.5777777777777777 0.48000000000000026
0.9977770367900411 0.06879361914257229 17.954 1.5333333333333334 0.49000000000000027
0.9977770367900411 0.06879361914257229 17.954 1.5333333333333334 0.5000000000000002
0.9977770367900411 0.06779661016949153 17.954 1.511111111111111 0.5100000000000002
0.9977770367900411 0.06480558325024925 17.954 1.4444444444444444 0.5200000000000002
0.9977770367900411 0.06480558325024925 17.954 1.4444444444444444 0.5300000000000002
0.9977770367900411 0.06281156530408774 17.954 1.4 0.5400000000000003
0.9977770367900411 0.05982053838484546 17.954 1.3333333333333333 0.5500000000000003
0.9977770367900411 0.05982053838484546 17.954 1.3333333333333333 0.5600000000000003
0.9977770367900411 0.058823529411764705 17.954 1.3111111111111111 0.5700000000000003
0.9977770367900411 0.058823529411764705 17.954 1.3111111111111111 0.5800000000000003
0.9977770367900411 0.05682951146560319 17.954 1.2666666666666666 0.5900000000000003
0.9977770367900411 0.054835493519441676 17.954 1.2222222222222223 0.6000000000000003
0.9977770367900411 0.05284147557328016 17.954 1.1777777777777778 0.6100000000000003
0.9977770367900411 0.05284147557328016 17.954 1.1777777777777778 0.6200000000000003
0.9977770367900411 0.0518444666001994 17.954 1.1555555555555554 0.6300000000000003
0.9977770367900411 0.047856430707876374 17.954 1.0666666666666667 0.6400000000000003
0.9977770367900411 0.0448654037886341 17.954 1.0 0.6500000000000004
0.9977770367900411 0.04287138584247258 17.954 0.9555555555555556 0.6600000000000004
0.9977770367900411 0.04287138584247258 17.954 0.9555555555555556 0.6700000000000004
0.9977770367900411 0.038883349950149554 17.954 0.8666666666666667 0.6800000000000004
0.9977770367900411 0.03389830508474576 17.954 0.7555555555555555 0.6900000000000004
0.9977770367900411 0.031904287138584245 17.954 0.7111111111111111 0.7000000000000004
0.9977770367900411 0.027916251246261216 17.954 0.6222222222222222 0.7100000000000004
0.9977770367900411 0.0259222333000997 17.954 0.5777777777777777 0.7200000000000004
0.9977770367900411 0.02193419740777667 17.954 0.4888888888888889 0.7300000000000004
0.9977770367900411 0.01794616151545364 17.954 0.4 0.7400000000000004
0.9977770367900411 0.01694915254237288 17.954 0.37777777777777777 0.7500000000000004
0.9977770367900411 0.01694915254237288 17.954 0.37777777777777777 0.7600000000000005
0.9977770367900411 0.01694915254237288 17.954 0.37777777777777777 0.7700000000000005
0.9977770367900411 0.015952143569292122 17.954 0.35555555555555557 0.7800000000000005
0.9977770367900411 0.014955134596211365 17.954 0.3333333333333333 0.7900000000000005
0.9977770367900411 0.01296111665004985 17.954 0.28888888888888886 0.8000000000000005
0.9977770367900411 0.011964107676969093 17.954 0.26666666666666666 0.8100000000000005
0.9975547404690452 0.011964107676969093 17.95 0.26666666666666666 0.8200000000000005
0.9974435923085473 0.011964107676969093 17.948 0.26666666666666666 0.8300000000000005
0.9974435923085473 0.011964107676969093 17.948 0.26666666666666666 0.8400000000000005
0.9972212959875514 0.011964107676969093 17.944 0.26666666666666666 0.8500000000000005
0.9968878515060575 0.011964107676969093 17.938 0.26666666666666666 0.8600000000000005
0.9964432588640658 0.011964107676969093 17.93 0.26666666666666666 0.8700000000000006
0.995998666222074 0.011964107676969093 17.922 0.26666666666666666 0.8800000000000006
0.9957763699010781 0.00897308075772682 17.918 0.2 0.8900000000000006
0.994220295654107 0.004985044865403789 17.89 0.1111111111111111 0.9000000000000006
0.9936645548516172 0.003988035892323031 17.88 0.08888888888888889 0.9100000000000006
0.9926642214071357 0.0029910269192422734 17.862 0.06666666666666667 0.9200000000000006
0.9926642214071357 0.0019940179461615153 17.862 0.044444444444444446 0.9300000000000006
0.9917750361231522 0.0 17.846 0.0 0.9400000000000006
0.9907747026786706 0.0 17.828 0.0 0.9500000000000006
0.990107813715683 0.0 17.816 0.0 0.9600000000000006
0.9881071468267201 0.0 17.78 0.0 0.9700000000000006
0.9834389240858064 0.0 17.696 0.0 0.9800000000000006
0.968433922418584 0.0 17.426 0.0 0.9900000000000007
0.0 0.0 0.0 0.0
