1.0 1.0 12.852857142857143 200.6 0.0
1.0 0.5573280159521435 12.852857142857143 111.8 0.01
1.0 0.3968095712861416 12.852857142857143 79.6 0.02
1.0 0.3230309072781655 12.852857142857143 64.8 0.03
1.0 0.29611166500498504 12.852857142857143 59.4 0.04
1.0 0.26321036889332006 12.852857142857143 52.8 0.05
1.0 0.22731804586241275 12.852857142857143 45.6 0.060000000000000005
1.0 0.22731804586241275 12.852857142857143 45.6 0.07
1.0 0.21635094715852443 12.852857142857143 43.4 0.08
1.0 0.20039880358923232 12.852857142857143 40.2 0.09
1.0 0.18843469591226322 12.852857142857143 37.8 0.09999999999999999
1.0 0.17248255234297108 12.852857142857143 34.6 0.10999999999999999
1.0 0.16650049850448653 12.852857142857143 33.4 0.11999999999999998
1.0 0.15453639082751744 12.852857142857143 31.0 0.12999999999999998
1.0 0.14456630109670987 12.852857142857143 29.0 0.13999999999999999
1.0 0.13160518444666003 12.852857142857143 26.4 0.15
1.0 0.12662013958125623 12.852857142857143 25.4 0.16
1.0 0.11764705882352941 12.852857142857143 23.6 0.17
1.0 0.10767696909272183 12.852857142857143 21.6 0.18000000000000002
1.0 0.10568295114656032 12.852857142857143 21.2 0.19000000000000003
1.0 0.10468594217347957 12.852857142857143 21.0 0.20000000000000004
1.0 0.10069790628115653 12.852857142857143 20.2 0.21000000000000005
1.0 0.0967098703888335 12.852857142857143 19.4 0.22000000000000006
1.0 0.09172482552342971 12.852857142857143 18.4 0.23000000000000007
1.0 0.09172482552342971 12.852857142857143 18.4 0.24000000000000007
1.0 0.08873379860418744 12.852857142857143 17.8 0.25000000000000006
1.0 0.08574277168494517 12.852857142857143 17.2 0.26000000000000006
1.0 0.07976071784646062 12.852857142857143 16.0 0.2700000000000001
1.0 0.07776669990029911 12.852857142857143 15.6 0.2800000000000001
1.0 0.07477567298105683 12.852857142857143 15.0 0.2900000000000001
1.0 0.07377866400797607 12.852857142857143 14.8 0.3000000000000001
1.0 0.07278165503489531 12.852857142857143 14.6 0.3100000000000001
1.0 0.07178464606181456 12.852857142857143 14.4 0.3200000000000001
1.0 0.06979062811565304 12.852857142857143 14.0 0.3300000000000001
1.0 0.06779661016949153 12.852857142857143 13.6 0.34000000000000014
1.0 0.06580259222333001 12.852857142857143 13.2 0.35000000000000014
1.0 0.06380857427716849 12.852857142857143 12.8 0.36000000000000015
1.0 0.06181455633100698 12.852857142857143 12.4 0.37000000000000016
1.0 0.05682951146560319 12.852857142857143 11.4 0.38000000000000017
1.0 0.053838484546360914 12.852857142857143 10.8 0.3900000000000002
1.0 0.0518444666001994 12.852857142857143 10.4 0.4000000000000002
1.0 0.049850448654037885 12.852857142857143 10.0 0.4100000000000002
1.0 0.0448654037886341 12.852857142857143 9.0 0.4200000000000002
1.0 0.040877367896311065 12.852857142857143 8.2 0.4300000000000002
1.0 0.038883349950149554 12.852857142857143 7.8 0.4400000000000002
1.0 0.03788634097706879 12.852857142857143 7.6 0.45000000000000023
1.0 0.036889332003988036 12.852857142857143 7.4 0.46000000000000024
1.0 0.036889332003988036 12.852857142857143 7.4 0.47000000000000025
1.0 0.036889332003988036 12.852857142857143 7.4 0.48000000000000026
1.0 0.03589232303090728 12.852857142857143 7.2 0.49000000000000027
1.0 0.03389830508474576 12.852857142857143 6.8 0.5000000000000002
1.0 0.03290129611166501 12.852857142857143 6.6 0.5100000000000002
1.0 0.031904287138584245 12.852857142857143 6.4 0.5200000000000002
1.0 0.031904287138584245 12.852857142857143 6.4 0.5300000000000002
1.0 0.028913260219341975 12.852857142857143 5.8 0.5400000000000003
1.0 0.0259222333000997 12.852857142857143 5.2 0.5500000000000003
1.0 0.0259222333000997 12.852857142857143 5.2 0.5600000000000003
1.0 0.024925224327018942 12.852857142857143 5.0 0.5700000000000003
1.0 0.024925224327018942 12.852857142857143 5.0 0.5800000000000003
1.0 0.024925224327018942 12.852857142857143 5.0 0.5900000000000003
1.0 0.023928215353938187 12.852857142857143 4.8 0.6000000000000003
1.0 0.023928215353938187 12.852857142857143 4.8 0.6100000000000003
1.0 0.022931206380857428 12.852857142857143 4.6 0.6200000000000003
1.0 0.022931206380857428 12.852857142857143 4.6 0.6300000000000003
1.0 0.02193419740777667 12.852857142857143 4.4 0.6400000000000003
1.0 0.019940179461615155 12.852857142857143 4.0 0.6500000000000004
1.0 0.018943170488534396 12.852857142857143 3.8 0.6600000000000004
1.0 0.01794616151545364 12.852857142857143 3.6 0.6700000000000004
1.0 0.01694915254237288 12.852857142857143 3.4 0.6800000000000004
1.0 0.015952143569292122 12.852857142857143 3.2 0.6900000000000004
1.0 0.015952143569292122 12.852857142857143 3.2 0.7000000000000004
1.0 0.015952143569292122 12.852857142857143 3.2 0.7100000000000004
1.0 0.014955134596211365 12.852857142857143 3.0 0.7200000000000004
1.0 0.014955134596211365 12.852857142857143 3.0 0.7300000000000004
1.0 0.01296111665004985 12.852857142857143 2.6 0.7400000000000004
1.0 0.010967098703888335 12.852857142857143 2.2 0.7500000000000004
1.0 0.010967098703888335 12.852857142857143 2.2 0.7600000000000005
1.0 0.010967098703888335 12.852857142857143 2.2 0.7700000000000005
1.0 0.010967098703888335 12.852857142857143 2.2 0.7800000000000005
1.0 0.010967098703888335 12.852857142857143 2.2 0.7900000000000005
1.0 0.010967098703888335 12.852857142857143 2.2 0.8000000000000005
1.0 0.010967098703888335 12.852857142857143 2.2 0.8100000000000005
1.0 0.010967098703888335 12.852857142857143 2.2 0.8200000000000005
0.999888851839502 0.010967098703888335 12.851428571428572 2.2 0.8300000000000005
0.999888851839502 0.009970089730807577 12.851428571428572 2.0 0.8400000000000005
0.999888851839502 0.009970089730807577 12.851428571428572 2.0 0.8500000000000005
0.999888851839502 0.009970089730807577 12.851428571428572 2.0 0.8600000000000005
0.999888851839502 0.00897308075772682 12.851428571428572 1.8 0.8700000000000006
0.9997777036790041 0.00897308075772682 12.85 1.8 0.8800000000000006
0.9997777036790041 0.005982053838484547 12.85 1.2 0.8900000000000006
0.9996665555185061 0.005982053838484547 12.848571428571429 1.2 0.9000000000000006
0.9996665555185061 0.005982053838484547 12.848571428571429 1.2 0.9100000000000006
0.9996665555185061 0.005982053838484547 12.848571428571429 1.2 0.9200000000000006
0.9995554073580082 0.003988035892323031 12.847142857142858 0.8 0.9300000000000006
0.9994442591975102 0.0029910269192422734 12.845714285714285 0.6 0.9400000000000006
0.9994442591975102 0.0019940179461615153 12.845714285714285 0.4 0.9500000000000006
0.9994442591975102 0.0 12.845714285714285 0.0 0.9600000000000006
0.9994442591975102 0.0 12.845714285714285 0.0 0.9700000000000006
0.9991108147160165 0.0 12.84142857142857 0.0 0.9800000000000006
0.9966655551850617 0.0 12.81 0.0 0.9900000000000007
0.0 0.0 0.0 0.0
