1.0 1.0 14.995 22.288888888888888 0.0
0.9984439257530288 0.646061814556331 14.971666666666666 14.4 0.01
0.998110481271535 0.5054835493519442 14.966666666666667 11.266666666666667 0.02
0.9977770367900411 0.4267198404785643 14.961666666666666 9.511111111111111 0.03
0.9977770367900411 0.3798604187437687 14.961666666666666 8.466666666666667 0.04
0.9977770367900411 0.33998005982053836 14.961666666666666 7.5777777777777775 0.05
0.9977770367900411 0.28015952143569295 14.961666666666666 6.2444444444444445 0.060000000000000005
0.9977770367900411 0.28015952143569295 14.961666666666666 6.2444444444444445 0.07
0.9977770367900411 0.25523429710867396 14.961666666666666 5.688888888888889 0.08
0.9977770367900411 0.24825523429710866 14.961666666666666 5.533333333333333 0.09
0.9977770367900411 0.2333000997008973 14.961666666666666 5.2 0.09999999999999999
0.9977770367900411 0.22233300099700898 14.961666666666666 4.955555555555556 0.10999999999999999
0.9977770367900411 0.20937188434695914 14.961666666666666 4.666666666666667 0.11999999999999998
0.9977770367900411 0.193419740777667 14.961666666666666 4.311111111111111 0.12999999999999998
0.9977770367900411 0.18843469591226322 14.961666666666666 4.2 0.13999999999999999
0.9977770367900411 0.17647058823529413 14.961666666666666 3.933333333333333 0.15
0.9977770367900411 0.1674975074775673 14.961666666666666 3.7333333333333334 0.16
0.9977770367900411 0.16350947158524426 14.961666666666666 3.6444444444444444 0.17
0.9977770367900411 0.14556331006979062 14.961666666666666 3.2444444444444445 0.18000000000000002
0.9977770367900411 0.14057826520438685 14.961666666666666 3.1333333333333333 0.19000000000000003
0.9977770367900411 0.13359920239282153 14.961666666666666 2.977777777777778 0.20000000000000004
0.9977770367900411 0.12761714855433698 14.961666666666666 2.8444444444444446 0.21000000000000005
0.9977770367900411 0.11665004985044865 14.961666666666666 2.6 0.22000000000000006
0.9977770367900411 0.11166500498504486 14.961666666666666 2.488888888888889 0.23000000000000007
0.9977770367900411 0.10867397806580259 14.961666666666666 2.422222222222222 0.24000000000000007
0.9977770367900411 0.10468594217347957 14.961666666666666 2.3333333333333335 0.25000000000000006
0.9977770367900411 0.1016949152542373 14.961666666666666 2.2666666666666666 0.26000000000000006
0.9977770367900411 0.10069790628115653 14.961666666666666 2.2444444444444445 0.2700000000000001
0.9977770367900411 0.09970089730807577 14.961666666666666 2.2222222222222223 0.2800000000000001
0.9977770367900411 0.09870388833499502 14.961666666666666 2.2 0.2900000000000001
0.9977770367900411 0.09571286141575275 14.961666666666666 2.1333333333333333 0.3000000000000001
0.9977770367900411 0.09371884346959122 14.961666666666666 2.088888888888889 0.3100000000000001
0.9977770367900411 0.09172482552342971 14.961666666666666 2.0444444444444443 0.3200000000000001
0.9977770367900411 0.09072781655034895 14.961666666666666 2.022222222222222 0.3300000000000001
0.9977770367900411 0.08673978065802593 14.961666666666666 1.9333333333333333 0.34000000000000014
0.9977770367900411 0.08574277168494517 14.961666666666666 1.9111111111111112 0.35000000000000014
0.9977770367900411 0.08075772681954138 14.961666666666666 1.8 0.36000000000000015
0.9977770367900411 0.07876370887337986 14.961666666666666 1.7555555555555555 0.37000000000000016
0.9977770367900411 0.06979062811565304 14.961666666666666 1.5555555555555556 0.38000000000000017
0.9977770367900411 0.06380857427716849 14.961666666666666 1.4222222222222223 0.3900000000000002
0.9977770367900411 0.058823529411764705 14.961666666666666 1.3111111111111111 0.4000000000000002
0.9977770367900411 0.053838484546360914 14.961666666666666 1.2 0.4100000000000002
0.9977770367900411 0.05284147557328016 14.961666666666666 1.1777777777777778 0.4200000000000002
0.9977770367900411 0.049850448654037885 14.961666666666666 1.1111111111111112 0.4300000000000002
0.9977770367900411 0.047856430707876374 14.961666666666666 1.0666666666666667 0.4400000000000002
0.9977770367900411 0.0448654037886341 14.961666666666666 1.0 0.45000000000000023
0.9977770367900411 0.04386839481555334 14.961666666666666 0.9777777777777777 0.46000000000000024
0.9977770367900411 0.04287138584247258 14.961666666666666 0.9555555555555556 0.47000000000000025
0.9977770367900411 0.03988035892323031 14.961666666666666 0.8888888888888888 0.48000000000000026
0.9977770367900411 0.03988035892323031 14.961666666666666 0.8888888888888888 0.49000000000000027
0.9977770367900411 0.03788634097706879 14.961666666666666 0.8444444444444444 0.5000000000000002
0.9977770367900411 0.03589232303090728 14.961666666666666 0.8 0.5100000000000002
0.9977770367900411 0.03589232303090728 14.961666666666666 0.8 0.5200000000000002
0.9977770367900411 0.03489531405782652 14.961666666666666 0.7777777777777778 0.5300000000000002
0.9977770367900411 0.03389830508474576 14.961666666666666 0.7555555555555555 0.5400000000000003
0.9977770367900411 0.03389830508474576 14.961666666666666 0.7555555555555555 0.5500000000000003
0.9977770367900411 0.031904287138584245 14.961666666666666 0.7111111111111111 0.5600000000000003
0.9977770367900411 0.02991026919242273 14.961666666666666 0.6666666666666666 0.5700000000000003
0.9977770367900411 0.027916251246261216 14.961666666666666 0.6222222222222222 0.5800000000000003
0.9977770367900411 0.027916251246261216 14.961666666666666 0.6222222222222222 0.5900000000000003
0.9977770367900411 0.026919242273180457 14.961666666666666 0.6 0.6000000000000003
0.9977770367900411 0.026919242273180457 14.961666666666666 0.6 0.6100000000000003
0.9977770367900411 0.023928215353938187 14.961666666666666 0.5333333333333333 0.6200000000000003
0.9977770367900411 0.023928215353938187 14.961666666666666 0.5333333333333333 0.6300000000000003
0.9977770367900411 0.022931206380857428 14.961666666666666 0.5111111111111111 0.6400000000000003
0.9977770367900411 0.020937188434695914 14.961666666666666 0.4666666666666667 0.6500000000000004
0.9977770367900411 0.018943170488534396 14.961666666666666 0.4222222222222222 0.6600000000000004
0.9977770367900411 0.01794616151545364 14.961666666666666 0.4 0.6700000000000004
0.9977770367900411 0.01694915254237288 14.961666666666666 0.37777777777777777 0.6800000000000004
0.9977770367900411 0.015952143569292122 14.961666666666666 0.35555555555555557 0.6900000000000004
0.9977770367900411 0.01296111665004985 14.961666666666666 0.28888888888888886 0.7000000000000004
0.9977770367900411 0.01296111665004985 14.961666666666666 0.28888888888888886 0.7100000000000004
0.9977770367900411 0.00897308075772682 14.961666666666666 0.2 0.7200000000000004
0.9977770367900411 0.006979062811565304 14.961666666666666 0.15555555555555556 0.7300000000000004
0.9977770367900411 0.006979062811565304 14.961666666666666 0.15555555555555556 0.7400000000000004
0.9977770367900411 0.006979062811565304 14.961666666666666 0.15555555555555556 0.7500000000000004
0.9977770367900411 0.006979062811565304 14.961666666666666 0.15555555555555556 0.7600000000000005
0.9977770367900411 0.006979062811565304 14.961666666666666 0.15555555555555556 0.7700000000000005
0.9977770367900411 0.006979062811565304 14.961666666666666 0.15555555555555556 0.7800000000000005
0.9977770367900411 0.005982053838484547 14.961666666666666 0.13333333333333333 0.7900000000000005
0.9977770367900411 0.005982053838484547 14.961666666666666 0.13333333333333333 0.8000000000000005
0.9977770367900411 0.004985044865403789 14.961666666666666 0.1111111111111111 0.8100000000000005
0.9977770367900411 0.004985044865403789 14.961666666666666 0.1111111111111111 0.8200000000000005
0.9976658886295432 0.004985044865403789 14.96 0.1111111111111111 0.8300000000000005
0.9976658886295432 0.004985044865403789 14.96 0.1111111111111111 0.8400000000000005
0.9976658886295432 0.004985044865403789 14.96 0.1111111111111111 0.8500000000000005
0.9975547404690452 0.004985044865403789 14.958333333333334 0.1111111111111111 0.8600000000000005
0.9975547404690452 0.004985044865403789 14.958333333333334 0.1111111111111111 0.8700000000000006
0.9974435923085473 0.0019940179461615153 14.956666666666667 0.044444444444444446 0.8800000000000006
0.9974435923085473 9.970089730807576E-4 14.956666666666667 0.022222222222222223 0.8900000000000006
0.9973324441480493 0.0 14.955 0.0 0.9000000000000006
0.9972212959875514 0.0 14.953333333333333 0.0 0.9100000000000006
0.9972212959875514 0.0 14.953333333333333 0.0 0.9200000000000006
0.9971101478270534 0.0 14.951666666666666 0.0 0.9300000000000006
0.9968878515060575 0.0 14.948333333333334 0.0 0.9400000000000006
0.9968878515060575 0.0 14.948333333333334 0.0 0.9500000000000006
0.9965544070245638 0.0 14.943333333333333 0.0 0.9600000000000006
0.995998666222074 0.0 14.935 0.0 0.9700000000000006
0.9945537401356007 0.0 14.913333333333334 0.0 0.9800000000000006
0.9888851839502056 0.0 14.828333333333333 0.0 0.9900000000000007
0.0 0.0 0.0 0.0
