1.0 1.0 9.996666666666666 28.65714285714286 0.0
1.0 0.5692921236291126 9.996666666666666 16.314285714285713 0.01
1.0 0.42572283150548357 9.996666666666666 12.2 0.02
1.0 0.36390827517447655 9.996666666666666 10.428571428571429 0.03
1.0 0.32801595214356927 9.996666666666666 9.4 0.04
1.0 0.30109670987038883 9.996666666666666 8.628571428571428 0.05
1.0 0.25822532402791626 9.996666666666666 7.4 0.060000000000000005
1.0 0.25822532402791626 9.996666666666666 7.4 0.07
1.0 0.24027916251246262 9.996666666666666 6.885714285714286 0.08
1.0 0.23230309072781655 9.996666666666666 6.6571428571428575 0.09
1.0 0.22333000997008973 9.996666666666666 6.4 0.09999999999999999
1.0 0.21036889332003988 9.996666666666666 6.0285714285714285 0.10999999999999999
1.0 0.2033898305084746 9.996666666666666 5.828571428571428 0.11999999999999998
1.0 0.19441674975074777 9.996666666666666 5.571428571428571 0.12999999999999998
1.0 0.1914257228315055 9.996666666666666 5.485714285714286 0.13999999999999999
1.0 0.18743768693918245 9.996666666666666 5.371428571428571 0.15
1.0 0.18245264207377868 9.996666666666666 5.228571428571429 0.16
1.0 0.17647058823529413 9.996666666666666 5.057142857142857 0.17
1.0 0.16849451645064806 9.996666666666666 4.828571428571428 0.18000000000000002
1.0 0.16350947158524426 9.996666666666666 4.685714285714286 0.19000000000000003
1.0 0.16051844466600199 9.996666666666666 4.6 0.20000000000000004
1.0 0.1575274177467597 9.996666666666666 4.514285714285714 0.21000000000000005
1.0 0.15653040877367896 9.996666666666666 4.485714285714286 0.22000000000000006
1.0 0.15154536390827517 9.996666666666666 4.3428571428571425 0.23000000000000007
1.0 0.14755732801595214 9.996666666666666 4.228571428571429 0.24000000000000007
1.0 0.14356929212362912 9.996666666666666 4.114285714285714 0.25000000000000006
1.0 0.13958125623130607 9.996666666666666 4.0 0.26000000000000006
1.0 0.13758723828514458 9.996666666666666 3.942857142857143 0.2700000000000001
1.0 0.13559322033898305 9.996666666666666 3.8857142857142857 0.2800000000000001
1.0 0.13260219341974078 9.996666666666666 3.8 0.2900000000000001
1.0 0.13260219341974078 9.996666666666666 3.8 0.3000000000000001
1.0 0.12761714855433698 9.996666666666666 3.657142857142857 0.3100000000000001
1.0 0.12462612163509472 9.996666666666666 3.5714285714285716 0.3200000000000001
1.0 0.1226321036889332 9.996666666666666 3.5142857142857142 0.3300000000000001
1.0 0.12163509471585245 9.996666666666666 3.4857142857142858 0.34000000000000014
1.0 0.11465603190428714 9.996666666666666 3.2857142857142856 0.35000000000000014
1.0 0.11365902293120637 9.996666666666666 3.257142857142857 0.36000000000000015
1.0 0.11266201395812563 9.996666666666666 3.2285714285714286 0.37000000000000016
1.0 0.1106679960119641 9.996666666666666 3.1714285714285713 0.38000000000000017
1.0 0.10967098703888335 9.996666666666666 3.142857142857143 0.3900000000000002
1.0 0.10667996011964108 9.996666666666666 3.057142857142857 0.4000000000000002
1.0 0.10568295114656032 9.996666666666666 3.0285714285714285 0.4100000000000002
1.0 0.10468594217347957 9.996666666666666 3.0 0.4200000000000002
1.0 0.09970089730807577 9.996666666666666 2.857142857142857 0.4300000000000002
1.0 0.0967098703888335 9.996666666666666 2.7714285714285714 0.4400000000000002
1.0 0.09272183449651047 9.996666666666666 2.657142857142857 0.45000000000000023
1.0 0.09172482552342971 9.996666666666666 2.6285714285714286 0.46000000000000024
1.0 0.09072781655034895 9.996666666666666 2.6 0.47000000000000025
1.0 0.09072781655034895 9.996666666666666 2.6 0.48000000000000026
1.0 0.0897308075772682 9.996666666666666 2.5714285714285716 0.49000000000000027
1.0 0.08574277168494517 9.996666666666666 2.4571428571428573 0.5000000000000002
1.0 0.08374875373878365 9.996666666666666 2.4 0.5100000000000002
1.0 0.08374875373878365 9.996666666666666 2.4 0.5200000000000002
1.0 0.08075772681954138 9.996666666666666 2.3142857142857145 0.5300000000000002
1.0 0.07876370887337986 9.996666666666666 2.257142857142857 0.5400000000000003
1.0 0.07876370887337986 9.996666666666666 2.257142857142857 0.5500000000000003
1.0 0.07876370887337986 9.996666666666666 2.257142857142857 0.5600000000000003
1.0 0.07776669990029911 9.996666666666666 2.2285714285714286 0.5700000000000003
1.0 0.07776669990029911 9.996666666666666 2.2285714285714286 0.5800000000000003
1.0 0.07776669990029911 9.996666666666666 2.2285714285714286 0.5900000000000003
1.0 0.07776669990029911 9.996666666666666 2.2285714285714286 0.6000000000000003
1.0 0.07676969092721835 9.996666666666666 2.2 0.6100000000000003
1.0 0.07577268195413758 9.996666666666666 2.1714285714285713 0.6200000000000003
1.0 0.07477567298105683 9.996666666666666 2.142857142857143 0.6300000000000003
1.0 0.07477567298105683 9.996666666666666 2.142857142857143 0.6400000000000003
1.0 0.07178464606181456 9.996666666666666 2.057142857142857 0.6500000000000004
1.0 0.06979062811565304 9.996666666666666 2.0 0.6600000000000004
1.0 0.06979062811565304 9.996666666666666 2.0 0.6700000000000004
1.0 0.06979062811565304 9.996666666666666 2.0 0.6800000000000004
1.0 0.06779661016949153 9.996666666666666 1.9428571428571428 0.6900000000000004
1.0 0.06580259222333001 9.996666666666666 1.8857142857142857 0.7000000000000004
1.0 0.06580259222333001 9.996666666666666 1.8857142857142857 0.7100000000000004
1.0 0.06580259222333001 9.996666666666666 1.8857142857142857 0.7200000000000004
1.0 0.06181455633100698 9.996666666666666 1.7714285714285714 0.7300000000000004
1.0 0.05982053838484546 9.996666666666666 1.7142857142857142 0.7400000000000004
1.0 0.05682951146560319 9.996666666666666 1.6285714285714286 0.7500000000000004
1.0 0.05583250249252243 9.996666666666666 1.6 0.7600000000000005
1.0 0.054835493519441676 9.996666666666666 1.5714285714285714 0.7700000000000005
1.0 0.05284147557328016 9.996666666666666 1.5142857142857142 0.7800000000000005
1.0 0.05284147557328016 9.996666666666666 1.5142857142857142 0.7900000000000005
1.0 0.05084745762711865 9.996666666666666 1.457142857142857 0.8000000000000005
1.0 0.04885343968095713 9.996666666666666 1.4 0.8100000000000005
1.0 0.047856430707876374 9.996666666666666 1.3714285714285714 0.8200000000000005
1.0 0.04386839481555334 9.996666666666666 1.2571428571428571 0.8300000000000005
1.0 0.04287138584247258 9.996666666666666 1.2285714285714286 0.8400000000000005
1.0 0.04287138584247258 9.996666666666666 1.2285714285714286 0.8500000000000005
1.0 0.04287138584247258 9.996666666666666 1.2285714285714286 0.8600000000000005
1.0 0.040877367896311065 9.996666666666666 1.1714285714285715 0.8700000000000006
0.999888851839502 0.040877367896311065 9.995555555555555 1.1714285714285715 0.8800000000000006
0.999888851839502 0.03988035892323031 9.995555555555555 1.1428571428571428 0.8900000000000006
0.999888851839502 0.038883349950149554 9.995555555555555 1.1142857142857143 0.9000000000000006
0.999888851839502 0.03589232303090728 9.995555555555555 1.0285714285714285 0.9100000000000006
0.999888851839502 0.03389830508474576 9.995555555555555 0.9714285714285714 0.9200000000000006
0.999888851839502 0.031904287138584245 9.995555555555555 0.9142857142857143 0.9300000000000006
0.999888851839502 0.02991026919242273 9.995555555555555 0.8571428571428571 0.9400000000000006
0.999888851839502 0.028913260219341975 9.995555555555555 0.8285714285714286 0.9500000000000006
0.999888851839502 0.028913260219341975 9.995555555555555 0.8285714285714286 0.9600000000000006
0.999888851839502 0.026919242273180457 9.995555555555555 0.7714285714285715 0.9700000000000006
0.999888851839502 0.019940179461615155 9.995555555555555 0.5714285714285714 0.9800000000000006
0.9987773702345226 0.013958125623130608 9.984444444444444 0.4 0.9900000000000007
0.0 0.0 0.0 0.0
