0.0 0.19940179461615154 0.0 20.0 0.0
0.0 0.18245264207377868 0.0 18.3 0.01
0.0 0.1744765702891326 0.0 17.5 0.02
0.0 0.1674975074775673 0.0 16.8 0.03
0.0 0.15952143569292124 0.0 16.0 0.04
0.0 0.1535393818544367 0.0 15.4 0.05
0.0 0.1465603190428714 0.0 14.7 0.060000000000000005
0.0 0.1465603190428714 0.0 14.7 0.07
0.0 0.14456630109670987 0.0 14.5 0.08
0.0 0.1365902293120638 0.0 13.7 0.09
0.0 0.1296111665004985 0.0 13.0 0.09999999999999999
0.0 0.12761714855433698 0.0 12.8 0.10999999999999999
0.0 0.12662013958125623 0.0 12.7 0.11999999999999998
0.0 0.12362911266201396 0.0 12.4 0.12999999999999998
0.0 0.12163509471585245 0.0 12.2 0.13999999999999999
0.0 0.12063808574277168 0.0 12.1 0.15
0.0 0.11964107676969092 0.0 12.0 0.16
0.0 0.11864406779661017 0.0 11.9 0.17
0.0 0.11365902293120637 0.0 11.4 0.18000000000000002
0.0 0.11166500498504486 0.0 11.2 0.19000000000000003
0.0 0.10967098703888335 0.0 11.0 0.20000000000000004
0.0 0.10767696909272183 0.0 10.8 0.21000000000000005
0.0 0.10667996011964108 0.0 10.7 0.22000000000000006
0.0 0.10568295114656032 0.0 10.6 0.23000000000000007
0.0 0.1036889332003988 0.0 10.4 0.24000000000000007
0.0 0.10269192422731804 0.0 10.3 0.25000000000000006
0.0 0.1016949152542373 0.0 10.2 0.26000000000000006
0.0 0.09870388833499502 0.0 9.9 0.2700000000000001
0.0 0.09770687936191426 0.0 9.8 0.2800000000000001
0.0 0.09770687936191426 0.0 9.8 0.2900000000000001
0.0 0.09571286141575275 0.0 9.6 0.3000000000000001
0.0 0.09172482552342971 0.0 9.2 0.3100000000000001
0.0 0.0897308075772682 0.0 9.0 0.3200000000000001
0.0 0.0897308075772682 0.0 9.0 0.3300000000000001
0.0 0.0897308075772682 0.0 9.0 0.34000000000000014
0.0 0.0897308075772682 0.0 9.0 0.35000000000000014
0.0 0.08773678963110668 0.0 8.8 0.36000000000000015
0.0 0.08673978065802593 0.0 8.7 0.37000000000000016
0.0 0.08574277168494517 0.0 8.6 0.38000000000000017
0.0 0.08574277168494517 0.0 8.6 0.3900000000000002
0.0 0.0847457627118644 0.0 8.5 0.4000000000000002
0.0 0.0847457627118644 0.0 8.5 0.4100000000000002
0.0 0.0847457627118644 0.0 8.5 0.4200000000000002
0.0 0.0847457627118644 0.0 8.5 0.4300000000000002
0.0 0.08275174476570289 0.0 8.3 0.4400000000000002
0.0 0.08175473579262213 0.0 8.2 0.45000000000000023
0.0 0.08175473579262213 0.0 8.2 0.46000000000000024
0.0 0.08175473579262213 0.0 8.2 0.47000000000000025
0.0 0.08075772681954138 0.0 8.1 0.48000000000000026
0.0 0.08075772681954138 0.0 8.1 0.49000000000000027
0.0 0.07976071784646062 0.0 8.0 0.5000000000000002
0.0 0.07876370887337986 0.0 7.9 0.5100000000000002
0.0 0.07776669990029911 0.0 7.8 0.5200000000000002
0.0 0.07776669990029911 0.0 7.8 0.5300000000000002
0.0 0.07776669990029911 0.0 7.8 0.5400000000000003
0.0 0.06979062811565304 0.0 7.0 0.5500000000000003
0.0 0.06879361914257229 0.0 6.9 0.5600000000000003
0.0 0.06879361914257229 0.0 6.9 0.5700000000000003
0.0 0.06879361914257229 0.0 6.9 0.5800000000000003
0.0 0.06679960119641076 0.0 6.7 0.5900000000000003
0.0 0.06580259222333001 0.0 6.6 0.6000000000000003
0.0 0.06580259222333001 0.0 6.6 0.6100000000000003
0.0 0.06580259222333001 0.0 6.6 0.6200000000000003
0.0 0.06480558325024925 0.0 6.5 0.6300000000000003
0.0 0.06380857427716849 0.0 6.4 0.6400000000000003
0.0 0.06281156530408774 0.0 6.3 0.6500000000000004
0.0 0.06281156530408774 0.0 6.3 0.6600000000000004
0.0 0.06081754735792622 0.0 6.1 0.6700000000000004
0.0 0.06081754735792622 0.0 6.1 0.6800000000000004
0.0 0.058823529411764705 0.0 5.9 0.6900000000000004
0.0 0.058823529411764705 0.0 5.9 0.7000000000000004
0.0 0.05782652043868395 0.0 5.8 0.7100000000000004
0.0 0.05782652043868395 0.0 5.8 0.7200000000000004
0.0 0.05782652043868395 0.0 5.8 0.7300000000000004
0.0 0.054835493519441676 0.0 5.5 0.7400000000000004
0.0 0.054835493519441676 0.0 5.5 0.7500000000000004
0.0 0.053838484546360914 0.0 5.4 0.7600000000000005
0.0 0.05284147557328016 0.0 5.3 0.7700000000000005
0.0 0.049850448654037885 0.0 5.0 0.7800000000000005
0.0 0.04885343968095713 0.0 4.9 0.7900000000000005
0.0 0.045862412761714856 0.0 4.6 0.8000000000000005
0.0 0.04386839481555334 0.0 4.4 0.8100000000000005
0.0 0.04187437686939183 0.0 4.2 0.8200000000000005
0.0 0.040877367896311065 0.0 4.1 0.8300000000000005
0.0 0.038883349950149554 0.0 3.9 0.8400000000000005
0.0 0.036889332003988036 0.0 3.7 0.8500000000000005
0.0 0.036889332003988036 0.0 3.7 0.8600000000000005
0.0 0.036889332003988036 0.0 3.7 0.8700000000000006
0.0 0.03589232303090728 0.0 3.6 0.8800000000000006
0.0 0.03290129611166501 0.0 3.3 0.8900000000000006
0.0 0.03090727816550349 0.0 3.1 0.9000000000000006
0.0 0.02991026919242273 0.0 3.0 0.9100000000000006
0.0 0.028913260219341975 0.0 2.9 0.9200000000000006
0.0 0.027916251246261216 0.0 2.8 0.9300000000000006
0.0 0.027916251246261216 0.0 2.8 0.9400000000000006
0.0 0.027916251246261216 0.0 2.8 0.9500000000000006
0.0 0.0259222333000997 0.0 2.6 0.9600000000000006
0.0 0.022931206380857428 0.0 2.3 0.9700000000000006
0.0 0.01694915254237288 0.0 1.7 0.9800000000000006
0.0 0.01296111665004985 0.0 1.3 0.9900000000000007
0.0 0.0 0.0 0.0
