1.0 1.0 12.852857142857143 Infinity 0.0
1.0 0.38584247258225324 12.852857142857143 Infinity 0.01
1.0 0.22333000997008973 12.852857142857143 Infinity 0.02
1.0 0.1744765702891326 12.852857142857143 Infinity 0.03
1.0 0.1365902293120638 12.852857142857143 Infinity 0.04
1.0 0.11365902293120637 12.852857142857143 Infinity 0.05
1.0 0.0847457627118644 12.852857142857143 Infinity 0.060000000000000005
1.0 0.0847457627118644 12.852857142857143 Infinity 0.07
1.0 0.07776669990029911 12.852857142857143 Infinity 0.08
1.0 0.07278165503489531 12.852857142857143 Infinity 0.09
1.0 0.06380857427716849 12.852857142857143 Infinity 0.09999999999999999
1.0 0.06081754735792622 12.852857142857143 Infinity 0.10999999999999999
1.0 0.05782652043868395 12.852857142857143 Infinity 0.11999999999999998
1.0 0.05583250249252243 12.852857142857143 Infinity 0.12999999999999998
1.0 0.04885343968095713 12.852857142857143 Infinity 0.13999999999999999
1.0 0.04685942173479561 12.852857142857143 Infinity 0.15
1.0 0.0448654037886341 12.852857142857143 Infinity 0.16
1.0 0.03988035892323031 12.852857142857143 Infinity 0.17
1.0 0.03389830508474576 12.852857142857143 Infinity 0.18000000000000002
1.0 0.02991026919242273 12.852857142857143 Infinity 0.19000000000000003
1.0 0.028913260219341975 12.852857142857143 Infinity 0.20000000000000004
1.0 0.027916251246261216 12.852857142857143 Infinity 0.21000000000000005
1.0 0.026919242273180457 12.852857142857143 Infinity 0.22000000000000006
1.0 0.0259222333000997 12.852857142857143 Infinity 0.23000000000000007
1.0 0.024925224327018942 12.852857142857143 Infinity 0.24000000000000007
1.0 0.024925224327018942 12.852857142857143 Infinity 0.25000000000000006
1.0 0.024925224327018942 12.852857142857143 Infinity 0.26000000000000006
1.0 0.024925224327018942 12.852857142857143 Infinity 0.2700000000000001
1.0 0.02193419740777667 12.852857142857143 Infinity 0.2800000000000001
1.0 0.020937188434695914 12.852857142857143 Infinity 0.2900000000000001
1.0 0.020937188434695914 12.852857142857143 Infinity 0.3000000000000001
1.0 0.020937188434695914 12.852857142857143 Infinity 0.3100000000000001
1.0 0.020937188434695914 12.852857142857143 Infinity 0.3200000000000001
1.0 0.020937188434695914 12.852857142857143 Infinity 0.3300000000000001
1.0 0.019940179461615155 12.852857142857143 Infinity 0.34000000000000014
1.0 0.018943170488534396 12.852857142857143 Infinity 0.35000000000000014
1.0 0.01794616151545364 12.852857142857143 Infinity 0.36000000000000015
1.0 0.014955134596211365 12.852857142857143 Infinity 0.37000000000000016
1.0 0.01296111665004985 12.852857142857143 Infinity 0.38000000000000017
1.0 0.011964107676969093 12.852857142857143 Infinity 0.3900000000000002
1.0 0.011964107676969093 12.852857142857143 Infinity 0.4000000000000002
1.0 0.009970089730807577 12.852857142857143 Infinity 0.4100000000000002
1.0 0.009970089730807577 12.852857142857143 Infinity 0.4200000000000002
1.0 0.009970089730807577 12.852857142857143 Infinity 0.4300000000000002
1.0 0.00897308075772682 12.852857142857143 Infinity 0.4400000000000002
1.0 0.00897308075772682 12.852857142857143 Infinity 0.45000000000000023
1.0 0.007976071784646061 12.852857142857143 Infinity 0.46000000000000024
1.0 0.007976071784646061 12.852857142857143 Infinity 0.47000000000000025
1.0 0.004985044865403789 12.852857142857143 Infinity 0.48000000000000026
1.0 0.004985044865403789 12.852857142857143 Infinity 0.49000000000000027
1.0 0.003988035892323031 12.852857142857143 Infinity 0.5000000000000002
1.0 0.0019940179461615153 12.852857142857143 Infinity 0.5100000000000002
1.0 0.0019940179461615153 12.852857142857143 Infinity 0.5200000000000002
1.0 0.0019940179461615153 12.852857142857143 Infinity 0.5300000000000002
1.0 0.0019940179461615153 12.852857142857143 Infinity 0.5400000000000003
1.0 0.0019940179461615153 12.852857142857143 Infinity 0.5500000000000003
1.0 0.0019940179461615153 12.852857142857143 Infinity 0.5600000000000003
1.0 0.0019940179461615153 12.852857142857143 Infinity 0.5700000000000003
1.0 0.0019940179461615153 12.852857142857143 Infinity 0.5800000000000003
1.0 0.0019940179461615153 12.852857142857143 Infinity 0.5900000000000003
1.0 0.0019940179461615153 12.852857142857143 Infinity 0.6000000000000003
1.0 0.0019940179461615153 12.852857142857143 Infinity 0.6100000000000003
1.0 0.0019940179461615153 12.852857142857143 Infinity 0.6200000000000003
1.0 9.970089730807576E-4 12.852857142857143 Infinity 0.6300000000000003
1.0 9.970089730807576E-4 12.852857142857143 Infinity 0.6400000000000003
1.0 9.970089730807576E-4 12.852857142857143 Infinity 0.6500000000000004
1.0 9.970089730807576E-4 12.852857142857143 Infinity 0.6600000000000004
1.0 9.970089730807576E-4 12.852857142857143 Infinity 0.6700000000000004
1.0 9.970089730807576E-4 12.852857142857143 Infinity 0.6800000000000004
1.0 0.0 12.852857142857143 NaN 0.6900000000000004
1.0 0.0 12.852857142857143 NaN 0.7000000000000004
1.0 0.0 12.852857142857143 NaN 0.7100000000000004
1.0 0.0 12.852857142857143 NaN 0.7200000000000004
1.0 0.0 12.852857142857143 NaN 0.7300000000000004
1.0 0.0 12.852857142857143 NaN 0.7400000000000004
1.0 0.0 12.852857142857143 NaN 0.7500000000000004
1.0 0.0 12.852857142857143 NaN 0.7600000000000005
1.0 0.0 12.852857142857143 NaN 0.7700000000000005
1.0 0.0 12.852857142857143 NaN 0.7800000000000005
1.0 0.0 12.852857142857143 NaN 0.7900000000000005
1.0 0.0 12.852857142857143 NaN 0.8000000000000005
1.0 0.0 12.852857142857143 NaN 0.8100000000000005
1.0 0.0 12.852857142857143 NaN 0.8200000000000005
1.0 0.0 12.852857142857143 NaN 0.8300000000000005
1.0 0.0 12.852857142857143 NaN 0.8400000000000005
1.0 0.0 12.852857142857143 NaN 0.8500000000000005
1.0 0.0 12.852857142857143 NaN 0.8600000000000005
1.0 0.0 12.852857142857143 NaN 0.8700000000000006
1.0 0.0 12.852857142857143 NaN 0.8800000000000006
0.999888851839502 0.0 12.851428571428572 NaN 0.8900000000000006
0.999888851839502 0.0 12.851428571428572 NaN 0.9000000000000006
0.999888851839502 0.0 12.851428571428572 NaN 0.9100000000000006
0.999888851839502 0.0 12.851428571428572 NaN 0.9200000000000006
0.999888851839502 0.0 12.851428571428572 NaN 0.9300000000000006
0.9996665555185061 0.0 12.848571428571429 NaN 0.9400000000000006
0.9993331110370124 0.0 12.844285714285714 NaN 0.9500000000000006
0.9993331110370124 0.0 12.844285714285714 NaN 0.9600000000000006
0.9991108147160165 0.0 12.84142857142857 NaN 0.9700000000000006
0.9986662220740247 0.0 12.835714285714285 NaN 0.9800000000000006
0.998110481271535 0.0 12.82857142857143 NaN 0.9900000000000007
0.0 0.0 0.0 0.0
