1.0 1.0 9.996666666666666 22.288888888888888 0.0
1.0 0.5663010967098704 9.996666666666666 12.622222222222222 0.01
1.0 0.41774675972083747 9.996666666666666 9.311111111111112 0.02
1.0 0.35992023928215355 9.996666666666666 8.022222222222222 0.03
1.0 0.325024925224327 9.996666666666666 7.2444444444444445 0.04
1.0 0.3000997008973081 9.996666666666666 6.688888888888889 0.05
1.0 0.2642073778664008 9.996666666666666 5.888888888888889 0.060000000000000005
1.0 0.2642073778664008 9.996666666666666 5.888888888888889 0.07
1.0 0.25324027916251246 9.996666666666666 5.644444444444445 0.08
1.0 0.24127617148554337 9.996666666666666 5.377777777777778 0.09
1.0 0.22931206380857427 9.996666666666666 5.111111111111111 0.09999999999999999
1.0 0.21734795613160518 9.996666666666666 4.844444444444444 0.10999999999999999
1.0 0.20837487537387836 9.996666666666666 4.644444444444445 0.11999999999999998
1.0 0.2033898305084746 9.996666666666666 4.533333333333333 0.12999999999999998
1.0 0.1984047856430708 9.996666666666666 4.4222222222222225 0.13999999999999999
1.0 0.18943170488534397 9.996666666666666 4.222222222222222 0.15
1.0 0.17846460618145563 9.996666666666666 3.977777777777778 0.16
1.0 0.17547357926221335 9.996666666666666 3.911111111111111 0.17
1.0 0.16450648055832504 9.996666666666666 3.6666666666666665 0.18000000000000002
1.0 0.16151545363908276 9.996666666666666 3.6 0.19000000000000003
1.0 0.1575274177467597 9.996666666666666 3.511111111111111 0.20000000000000004
1.0 0.15254237288135594 9.996666666666666 3.4 0.21000000000000005
1.0 0.14955134596211367 9.996666666666666 3.3333333333333335 0.22000000000000006
1.0 0.1485543369890329 9.996666666666666 3.311111111111111 0.23000000000000007
1.0 0.14456630109670987 9.996666666666666 3.2222222222222223 0.24000000000000007
1.0 0.14057826520438685 9.996666666666666 3.1333333333333333 0.25000000000000006
1.0 0.13958125623130607 9.996666666666666 3.111111111111111 0.26000000000000006
1.0 0.13758723828514458 9.996666666666666 3.066666666666667 0.2700000000000001
1.0 0.13260219341974078 9.996666666666666 2.9555555555555557 0.2800000000000001
1.0 0.13060817547357925 9.996666666666666 2.911111111111111 0.2900000000000001
1.0 0.1296111665004985 9.996666666666666 2.888888888888889 0.3000000000000001
1.0 0.12562313060817548 9.996666666666666 2.8 0.3100000000000001
1.0 0.12462612163509472 9.996666666666666 2.7777777777777777 0.3200000000000001
1.0 0.12362911266201396 9.996666666666666 2.7555555555555555 0.3300000000000001
1.0 0.12063808574277168 9.996666666666666 2.688888888888889 0.34000000000000014
1.0 0.11864406779661017 9.996666666666666 2.6444444444444444 0.35000000000000014
1.0 0.11665004985044865 9.996666666666666 2.6 0.36000000000000015
1.0 0.11266201395812563 9.996666666666666 2.511111111111111 0.37000000000000016
1.0 0.11266201395812563 9.996666666666666 2.511111111111111 0.38000000000000017
1.0 0.11166500498504486 9.996666666666666 2.488888888888889 0.3900000000000002
1.0 0.10967098703888335 9.996666666666666 2.4444444444444446 0.4000000000000002
1.0 0.10867397806580259 9.996666666666666 2.422222222222222 0.4100000000000002
1.0 0.10867397806580259 9.996666666666666 2.422222222222222 0.4200000000000002
1.0 0.10767696909272183 9.996666666666666 2.4 0.4300000000000002
1.0 0.10667996011964108 9.996666666666666 2.3777777777777778 0.4400000000000002
1.0 0.10568295114656032 9.996666666666666 2.3555555555555556 0.45000000000000023
1.0 0.10468594217347957 9.996666666666666 2.3333333333333335 0.46000000000000024
1.0 0.10468594217347957 9.996666666666666 2.3333333333333335 0.47000000000000025
1.0 0.10468594217347957 9.996666666666666 2.3333333333333335 0.48000000000000026
1.0 0.1036889332003988 9.996666666666666 2.311111111111111 0.49000000000000027
1.0 0.1016949152542373 9.996666666666666 2.2666666666666666 0.5000000000000002
1.0 0.10069790628115653 9.996666666666666 2.2444444444444445 0.5100000000000002
1.0 0.09870388833499502 9.996666666666666 2.2 0.5200000000000002
1.0 0.0967098703888335 9.996666666666666 2.1555555555555554 0.5300000000000002
1.0 0.09371884346959122 9.996666666666666 2.088888888888889 0.5400000000000003
1.0 0.09371884346959122 9.996666666666666 2.088888888888889 0.5500000000000003
1.0 0.09272183449651047 9.996666666666666 2.066666666666667 0.5600000000000003
1.0 0.09272183449651047 9.996666666666666 2.066666666666667 0.5700000000000003
1.0 0.09172482552342971 9.996666666666666 2.0444444444444443 0.5800000000000003
1.0 0.09072781655034895 9.996666666666666 2.022222222222222 0.5900000000000003
1.0 0.08873379860418744 9.996666666666666 1.9777777777777779 0.6000000000000003
1.0 0.08374875373878365 9.996666666666666 1.8666666666666667 0.6100000000000003
1.0 0.07876370887337986 9.996666666666666 1.7555555555555555 0.6200000000000003
1.0 0.07876370887337986 9.996666666666666 1.7555555555555555 0.6300000000000003
1.0 0.07776669990029911 9.996666666666666 1.7333333333333334 0.6400000000000003
1.0 0.07676969092721835 9.996666666666666 1.711111111111111 0.6500000000000004
1.0 0.07676969092721835 9.996666666666666 1.711111111111111 0.6600000000000004
1.0 0.07676969092721835 9.996666666666666 1.711111111111111 0.6700000000000004
1.0 0.07477567298105683 9.996666666666666 1.6666666666666667 0.6800000000000004
1.0 0.07377866400797607 9.996666666666666 1.6444444444444444 0.6900000000000004
1.0 0.07178464606181456 9.996666666666666 1.6 0.7000000000000004
1.0 0.06979062811565304 9.996666666666666 1.5555555555555556 0.7100000000000004
1.0 0.06879361914257229 9.996666666666666 1.5333333333333334 0.7200000000000004
1.0 0.06779661016949153 9.996666666666666 1.511111111111111 0.7300000000000004
1.0 0.06480558325024925 9.996666666666666 1.4444444444444444 0.7400000000000004
1.0 0.06281156530408774 9.996666666666666 1.4 0.7500000000000004
1.0 0.06281156530408774 9.996666666666666 1.4 0.7600000000000005
1.0 0.06181455633100698 9.996666666666666 1.3777777777777778 0.7700000000000005
1.0 0.06081754735792622 9.996666666666666 1.3555555555555556 0.7800000000000005
1.0 0.058823529411764705 9.996666666666666 1.3111111111111111 0.7900000000000005
1.0 0.05682951146560319 9.996666666666666 1.2666666666666666 0.8000000000000005
1.0 0.05583250249252243 9.996666666666666 1.2444444444444445 0.8100000000000005
1.0 0.05583250249252243 9.996666666666666 1.2444444444444445 0.8200000000000005
1.0 0.05583250249252243 9.996666666666666 1.2444444444444445 0.8300000000000005
1.0 0.054835493519441676 9.996666666666666 1.2222222222222223 0.8400000000000005
1.0 0.053838484546360914 9.996666666666666 1.2 0.8500000000000005
1.0 0.05284147557328016 9.996666666666666 1.1777777777777778 0.8600000000000005
1.0 0.0518444666001994 9.996666666666666 1.1555555555555554 0.8700000000000006
1.0 0.049850448654037885 9.996666666666666 1.1111111111111112 0.8800000000000006
1.0 0.04685942173479561 9.996666666666666 1.0444444444444445 0.8900000000000006
1.0 0.04386839481555334 9.996666666666666 0.9777777777777777 0.9000000000000006
1.0 0.04386839481555334 9.996666666666666 0.9777777777777777 0.9100000000000006
0.999888851839502 0.04187437686939183 9.995555555555555 0.9333333333333333 0.9200000000000006
0.999888851839502 0.03788634097706879 9.995555555555555 0.8444444444444444 0.9300000000000006
0.999888851839502 0.036889332003988036 9.995555555555555 0.8222222222222222 0.9400000000000006
0.999888851839502 0.031904287138584245 9.995555555555555 0.7111111111111111 0.9500000000000006
0.999888851839502 0.03090727816550349 9.995555555555555 0.6888888888888889 0.9600000000000006
0.999888851839502 0.026919242273180457 9.995555555555555 0.6 0.9700000000000006
0.999888851839502 0.02193419740777667 9.995555555555555 0.4888888888888889 0.9800000000000006
0.9992219628765144 0.01296111665004985 9.988888888888889 0.28888888888888886 0.9900000000000007
0.0 0.0 0.0 0.0
