0.0 0.8973080757726819 0.0 20.0 0.0
0.0 0.6640079760717846 0.0 14.8 0.01
0.0 0.4795613160518445 0.0 10.688888888888888 0.02
0.0 0.4307078763708873 0.0 9.6 0.03
0.0 0.39082751744765704 0.0 8.71111111111111 0.04
0.0 0.37886340977068794 0.0 8.444444444444445 0.05
0.0 0.3459621136590229 0.0 7.711111111111111 0.060000000000000005
0.0 0.3459621136590229 0.0 7.711111111111111 0.07
0.0 0.3369890329012961 0.0 7.511111111111111 0.08
0.0 0.32103688933200397 0.0 7.155555555555556 0.09
0.0 0.30309072781655033 0.0 6.7555555555555555 0.09999999999999999
0.0 0.2931206380857428 0.0 6.533333333333333 0.10999999999999999
0.0 0.28614157527417744 0.0 6.377777777777778 0.11999999999999998
0.0 0.2811565304087737 0.0 6.266666666666667 0.12999999999999998
0.0 0.27218344965104685 0.0 6.066666666666666 0.13999999999999999
0.0 0.26719840478564305 0.0 5.955555555555556 0.15
0.0 0.2622133599202393 0.0 5.844444444444444 0.16
0.0 0.259222333000997 0.0 5.777777777777778 0.17
0.0 0.24925224327018944 0.0 5.555555555555555 0.18000000000000002
0.0 0.2452642073778664 0.0 5.466666666666667 0.19000000000000003
0.0 0.2382851445663011 0.0 5.311111111111111 0.20000000000000004
0.0 0.2382851445663011 0.0 5.311111111111111 0.21000000000000005
0.0 0.23529411764705882 0.0 5.2444444444444445 0.22000000000000006
0.0 0.23429710867397807 0.0 5.222222222222222 0.23000000000000007
0.0 0.22931206380857427 0.0 5.111111111111111 0.24000000000000007
0.0 0.22233300099700898 0.0 4.955555555555556 0.25000000000000006
0.0 0.2213359920239282 0.0 4.933333333333334 0.26000000000000006
0.0 0.21834496510468593 0.0 4.866666666666666 0.2700000000000001
0.0 0.21734795613160518 0.0 4.844444444444444 0.2800000000000001
0.0 0.21535393818544366 0.0 4.8 0.2900000000000001
0.0 0.21036889332003988 0.0 4.688888888888889 0.3000000000000001
0.0 0.20837487537387836 0.0 4.644444444444445 0.3100000000000001
0.0 0.20837487537387836 0.0 4.644444444444445 0.3200000000000001
0.0 0.2033898305084746 0.0 4.533333333333333 0.3300000000000001
0.0 0.1984047856430708 0.0 4.4222222222222225 0.34000000000000014
0.0 0.19740777666999004 0.0 4.4 0.35000000000000014
0.0 0.19740777666999004 0.0 4.4 0.36000000000000015
0.0 0.19740777666999004 0.0 4.4 0.37000000000000016
0.0 0.193419740777667 0.0 4.311111111111111 0.38000000000000017
0.0 0.193419740777667 0.0 4.311111111111111 0.3900000000000002
0.0 0.193419740777667 0.0 4.311111111111111 0.4000000000000002
0.0 0.18943170488534397 0.0 4.222222222222222 0.4100000000000002
0.0 0.18943170488534397 0.0 4.222222222222222 0.4200000000000002
0.0 0.18943170488534397 0.0 4.222222222222222 0.4300000000000002
0.0 0.18943170488534397 0.0 4.222222222222222 0.4400000000000002
0.0 0.18843469591226322 0.0 4.2 0.45000000000000023
0.0 0.18843469591226322 0.0 4.2 0.46000000000000024
0.0 0.18843469591226322 0.0 4.2 0.47000000000000025
0.0 0.1864406779661017 0.0 4.155555555555556 0.48000000000000026
0.0 0.1814556331006979 0.0 4.044444444444444 0.49000000000000027
0.0 0.1814556331006979 0.0 4.044444444444444 0.5000000000000002
0.0 0.1814556331006979 0.0 4.044444444444444 0.5100000000000002
0.0 0.1814556331006979 0.0 4.044444444444444 0.5200000000000002
0.0 0.17846460618145563 0.0 3.977777777777778 0.5300000000000002
0.0 0.17846460618145563 0.0 3.977777777777778 0.5400000000000003
0.0 0.17746759720837488 0.0 3.9555555555555557 0.5500000000000003
0.0 0.1744765702891326 0.0 3.888888888888889 0.5600000000000003
0.0 0.17048853439680958 0.0 3.8 0.5700000000000003
0.0 0.17048853439680958 0.0 3.8 0.5800000000000003
0.0 0.1694915254237288 0.0 3.7777777777777777 0.5900000000000003
0.0 0.16849451645064806 0.0 3.7555555555555555 0.6000000000000003
0.0 0.16650049850448653 0.0 3.7111111111111112 0.6100000000000003
0.0 0.16450648055832504 0.0 3.6666666666666665 0.6200000000000003
0.0 0.16450648055832504 0.0 3.6666666666666665 0.6300000000000003
0.0 0.15952143569292124 0.0 3.5555555555555554 0.6400000000000003
0.0 0.15952143569292124 0.0 3.5555555555555554 0.6500000000000004
0.0 0.15952143569292124 0.0 3.5555555555555554 0.6600000000000004
0.0 0.1575274177467597 0.0 3.511111111111111 0.6700000000000004
0.0 0.15553339980059822 0.0 3.466666666666667 0.6800000000000004
0.0 0.15553339980059822 0.0 3.466666666666667 0.6900000000000004
0.0 0.15553339980059822 0.0 3.466666666666667 0.7000000000000004
0.0 0.15154536390827517 0.0 3.3777777777777778 0.7100000000000004
0.0 0.14955134596211367 0.0 3.3333333333333335 0.7200000000000004
0.0 0.14955134596211367 0.0 3.3333333333333335 0.7300000000000004
0.0 0.14955134596211367 0.0 3.3333333333333335 0.7400000000000004
0.0 0.14955134596211367 0.0 3.3333333333333335 0.7500000000000004
0.0 0.14456630109670987 0.0 3.2222222222222223 0.7600000000000005
0.0 0.13958125623130607 0.0 3.111111111111111 0.7700000000000005
0.0 0.13858424725822532 0.0 3.088888888888889 0.7800000000000005
0.0 0.13559322033898305 0.0 3.022222222222222 0.7900000000000005
0.0 0.13359920239282153 0.0 2.977777777777778 0.8000000000000005
0.0 0.13359920239282153 0.0 2.977777777777778 0.8100000000000005
0.0 0.1296111665004985 0.0 2.888888888888889 0.8200000000000005
0.0 0.12761714855433698 0.0 2.8444444444444446 0.8300000000000005
0.0 0.11465603190428714 0.0 2.5555555555555554 0.8400000000000005
0.0 0.10767696909272183 0.0 2.4 0.8500000000000005
0.0 0.10568295114656032 0.0 2.3555555555555556 0.8600000000000005
0.0 0.09970089730807577 0.0 2.2222222222222223 0.8700000000000006
0.0 0.09371884346959122 0.0 2.088888888888889 0.8800000000000006
0.0 0.09371884346959122 0.0 2.088888888888889 0.8900000000000006
0.0 0.09172482552342971 0.0 2.0444444444444443 0.9000000000000006
0.0 0.0847457627118644 0.0 1.8888888888888888 0.9100000000000006
0.0 0.0847457627118644 0.0 1.8888888888888888 0.9200000000000006
0.0 0.07976071784646062 0.0 1.7777777777777777 0.9300000000000006
0.0 0.06979062811565304 0.0 1.5555555555555556 0.9400000000000006
0.0 0.06081754735792622 0.0 1.3555555555555556 0.9500000000000006
0.0 0.058823529411764705 0.0 1.3111111111111111 0.9600000000000006
0.0 0.049850448654037885 0.0 1.1111111111111112 0.9700000000000006
0.0 0.04386839481555334 0.0 0.9777777777777777 0.9800000000000006
0.0 0.036889332003988036 0.0 0.8222222222222222 0.9900000000000007
0.0 0.0 0.0 0.0
