1.0 1.0 22.4925 200.6 0.0
1.0 0.8953140578265204 22.4925 179.6 0.01
1.0 0.7926221335992024 22.4925 159.0 0.02
1.0 0.7407776669990029 22.4925 148.6 0.03
1.0 0.6829511465603191 22.4925 137.0 0.04
1.0 0.6490528414755733 22.4925 130.2 0.05
1.0 0.5872382851445663 22.4925 117.8 0.060000000000000005
1.0 0.5872382851445663 22.4925 117.8 0.07
1.0 0.5663010967098704 22.4925 113.6 0.08
1.0 0.5423728813559322 22.4925 108.8 0.09
1.0 0.5194416749750748 22.4925 104.2 0.09999999999999999
1.0 0.5054835493519442 22.4925 101.4 0.10999999999999999
1.0 0.4955134596211366 22.4925 99.4 0.11999999999999998
1.0 0.48255234297108673 22.4925 96.8 0.12999999999999998
1.0 0.47058823529411764 22.4925 94.4 0.13999999999999999
1.0 0.44865403788634095 22.4925 90.0 0.15
1.0 0.42971086739780656 22.4925 86.2 0.16
1.0 0.4067796610169492 22.4925 81.6 0.17
1.0 0.38883349950149554 22.4925 78.0 0.18000000000000002
1.0 0.3748753738783649 22.4925 75.2 0.19000000000000003
1.0 0.36889332003988035 22.4925 74.0 0.20000000000000004
1.0 0.3589232303090728 22.4925 72.0 0.21000000000000005
1.0 0.3509471585244267 22.4925 70.4 0.22000000000000006
1.0 0.34496510468594216 22.4925 69.2 0.23000000000000007
1.0 0.33798604187437686 22.4925 67.8 0.24000000000000007
1.0 0.3339980059820538 22.4925 67.0 0.25000000000000006
1.0 0.3240279162512463 22.4925 65.0 0.26000000000000006
1.0 0.3190428713858425 22.4925 64.0 0.2700000000000001
1.0 0.31306081754735793 22.4925 62.8 0.2800000000000001
1.0 0.3100697906281156 22.4925 62.2 0.2900000000000001
1.0 0.30309072781655033 22.4925 60.8 0.3000000000000001
1.0 0.2971086739780658 22.4925 59.6 0.3100000000000001
1.0 0.28713858424725824 22.4925 57.6 0.3200000000000001
1.0 0.2831505483549352 22.4925 56.8 0.3300000000000001
1.0 0.2761714855433699 22.4925 55.4 0.34000000000000014
1.0 0.2642073778664008 22.4925 53.0 0.35000000000000014
1.0 0.2572283150548355 22.4925 51.6 0.36000000000000015
1.0 0.24825523429710866 22.4925 49.8 0.37000000000000016
1.0 0.24426719840478564 22.4925 49.0 0.38000000000000017
1.0 0.2382851445663011 22.4925 47.8 0.3900000000000002
1.0 0.22831505483549352 22.4925 45.8 0.4000000000000002
1.0 0.2123629112662014 22.4925 42.6 0.4100000000000002
1.0 0.2073778664007976 22.4925 41.6 0.4200000000000002
1.0 0.20139581256231306 22.4925 40.4 0.4300000000000002
1.0 0.19541375872382852 22.4925 39.2 0.4400000000000002
1.0 0.19042871385842472 22.4925 38.2 0.45000000000000023
1.0 0.17746759720837488 22.4925 35.6 0.46000000000000024
1.0 0.17647058823529413 22.4925 35.4 0.47000000000000025
1.0 0.16650049850448653 22.4925 33.4 0.48000000000000026
1.0 0.1625124626121635 22.4925 32.6 0.49000000000000027
1.0 0.15952143569292124 22.4925 32.0 0.5000000000000002
1.0 0.1535393818544367 22.4925 30.8 0.5100000000000002
1.0 0.15054835493519442 22.4925 30.2 0.5200000000000002
1.0 0.14955134596211367 22.4925 30.0 0.5300000000000002
1.0 0.1485543369890329 22.4925 29.8 0.5400000000000003
1.0 0.14556331006979062 22.4925 29.2 0.5500000000000003
1.0 0.13958125623130607 22.4925 28.0 0.5600000000000003
1.0 0.1365902293120638 22.4925 27.4 0.5700000000000003
1.0 0.13359920239282153 22.4925 26.8 0.5800000000000003
1.0 0.13060817547357925 22.4925 26.2 0.5900000000000003
1.0 0.12861415752741776 22.4925 25.8 0.6000000000000003
1.0 0.12662013958125623 22.4925 25.4 0.6100000000000003
1.0 0.12362911266201396 22.4925 24.8 0.6200000000000003
1.0 0.12063808574277168 22.4925 24.2 0.6300000000000003
1.0 0.11465603190428714 22.4925 23.0 0.6400000000000003
1.0 0.1106679960119641 22.4925 22.2 0.6500000000000004
1.0 0.10667996011964108 22.4925 21.4 0.6600000000000004
1.0 0.10468594217347957 22.4925 21.0 0.6700000000000004
1.0 0.09970089730807577 22.4925 20.0 0.6800000000000004
1.0 0.09272183449651047 22.4925 18.6 0.6900000000000004
1.0 0.08873379860418744 22.4925 17.8 0.7000000000000004
1.0 0.07876370887337986 22.4925 15.8 0.7100000000000004
1.0 0.07178464606181456 22.4925 14.4 0.7200000000000004
1.0 0.06679960119641076 22.4925 13.4 0.7300000000000004
1.0 0.06480558325024925 22.4925 13.0 0.7400000000000004
1.0 0.05982053838484546 22.4925 12.0 0.7500000000000004
1.0 0.05782652043868395 22.4925 11.6 0.7600000000000005
1.0 0.054835493519441676 22.4925 11.0 0.7700000000000005
1.0 0.053838484546360914 22.4925 10.8 0.7800000000000005
1.0 0.0518444666001994 22.4925 10.4 0.7900000000000005
1.0 0.049850448654037885 22.4925 10.0 0.8000000000000005
1.0 0.04685942173479561 22.4925 9.4 0.8100000000000005
1.0 0.04287138584247258 22.4925 8.6 0.8200000000000005
1.0 0.04187437686939183 22.4925 8.4 0.8300000000000005
1.0 0.040877367896311065 22.4925 8.2 0.8400000000000005
0.9997777036790041 0.03988035892323031 22.4875 8.0 0.8500000000000005
0.9994442591975102 0.03489531405782652 22.48 7.0 0.8600000000000005
0.9989996665555185 0.027916251246261216 22.47 5.6 0.8700000000000006
0.9987773702345226 0.024925224327018942 22.465 5.0 0.8800000000000006
0.9983327775925308 0.024925224327018942 22.455 5.0 0.8900000000000006
0.9975547404690452 0.022931206380857428 22.4375 4.6 0.9000000000000006
0.9971101478270534 0.02193419740777667 22.4275 4.4 0.9100000000000006
0.9968878515060575 0.02193419740777667 22.4225 4.4 0.9200000000000006
0.9964432588640658 0.018943170488534396 22.4125 3.8 0.9300000000000006
0.995887518061576 0.018943170488534396 22.4 3.8 0.9400000000000006
0.9948871846170946 0.014955134596211365 22.3775 3.0 0.9500000000000006
0.994109147493609 0.01296111665004985 22.36 2.6 0.9600000000000006
0.992108480604646 0.007976071784646061 22.315 1.6 0.9700000000000006
0.9869956652217405 0.004985044865403789 22.2 1.0 0.9800000000000006
0.9698788485050572 9.970089730807576E-4 21.815 0.2 0.9900000000000007
0.0 0.0 0.0 0.0
