1.0 1.0 44.985 66.86666666666666 0.0
1.0 0.9940179461615155 44.985 66.46666666666667 0.01
1.0 0.9840478564307079 44.985 65.8 0.02
1.0 0.9710867397806581 44.985 64.93333333333334 0.03
1.0 0.959122632103689 44.985 64.13333333333334 0.04
1.0 0.9521435692921236 44.985 63.666666666666664 0.05
1.0 0.9332003988035892 44.985 62.4 0.060000000000000005
1.0 0.9332003988035892 44.985 62.4 0.07
1.0 0.9272183449651047 44.985 62.0 0.08
1.0 0.9142572283150548 44.985 61.13333333333333 0.09
1.0 0.9022931206380858 44.985 60.333333333333336 0.09999999999999999
1.0 0.8953140578265204 44.985 59.86666666666667 0.10999999999999999
1.0 0.8903290129611167 44.985 59.53333333333333 0.11999999999999998
1.0 0.8863409770687937 44.985 59.266666666666666 0.12999999999999998
1.0 0.8733798604187437 44.985 58.4 0.13999999999999999
1.0 0.8673978065802592 44.985 58.0 0.15
1.0 0.8514456630109671 44.985 56.93333333333333 0.16
1.0 0.8344965104685942 44.985 55.8 0.17
1.0 0.806580259222333 44.985 53.93333333333333 0.18000000000000002
1.0 0.8015952143569293 44.985 53.6 0.19000000000000003
1.0 0.7936191425722832 44.985 53.06666666666667 0.20000000000000004
1.0 0.7876370887337986 44.985 52.666666666666664 0.21000000000000005
1.0 0.7746759720837487 44.985 51.8 0.22000000000000006
1.0 0.7686939182452642 44.985 51.4 0.23000000000000007
1.0 0.7647058823529411 44.985 51.13333333333333 0.24000000000000007
1.0 0.7637088733798604 44.985 51.06666666666667 0.25000000000000006
1.0 0.7637088733798604 44.985 51.06666666666667 0.26000000000000006
1.0 0.7607178464606181 44.985 50.86666666666667 0.2700000000000001
1.0 0.7597208374875374 44.985 50.8 0.2800000000000001
1.0 0.7567298105682951 44.985 50.6 0.2900000000000001
1.0 0.7557328015952144 44.985 50.53333333333333 0.3000000000000001
1.0 0.7517447657028913 44.985 50.266666666666666 0.3100000000000001
1.0 0.748753738783649 44.985 50.06666666666667 0.3200000000000001
1.0 0.7437686939182453 44.985 49.733333333333334 0.3300000000000001
1.0 0.7337986041874377 44.985 49.06666666666667 0.34000000000000014
1.0 0.7248255234297108 44.985 48.46666666666667 0.35000000000000014
1.0 0.7088733798604188 44.985 47.4 0.36000000000000015
1.0 0.6969092721834497 44.985 46.6 0.37000000000000016
1.0 0.6859421734795613 44.985 45.86666666666667 0.38000000000000017
1.0 0.678963110667996 44.985 45.4 0.3900000000000002
1.0 0.6660019940179461 44.985 44.53333333333333 0.4000000000000002
1.0 0.650049850448654 44.985 43.46666666666667 0.4100000000000002
1.0 0.6331006979062812 44.985 42.333333333333336 0.4200000000000002
1.0 0.613160518444666 44.985 41.0 0.4300000000000002
1.0 0.6021934197407777 44.985 40.266666666666666 0.4400000000000002
1.0 0.5912263210368893 44.985 39.53333333333333 0.45000000000000023
1.0 0.576271186440678 44.985 38.53333333333333 0.46000000000000024
1.0 0.5653040877367896 44.985 37.8 0.47000000000000025
1.0 0.5563310069790628 44.985 37.2 0.48000000000000026
1.0 0.5473579262213359 44.985 36.6 0.49000000000000027
1.0 0.5383848454636092 44.985 36.0 0.5000000000000002
1.0 0.5324027916251246 44.985 35.6 0.5100000000000002
1.0 0.5284147557328016 44.985 35.333333333333336 0.5200000000000002
1.0 0.5254237288135594 44.985 35.13333333333333 0.5300000000000002
1.0 0.5194416749750748 44.985 34.733333333333334 0.5400000000000003
1.0 0.5154536390827518 44.985 34.46666666666667 0.5500000000000003
1.0 0.5114656031904287 44.985 34.2 0.5600000000000003
1.0 0.5084745762711864 44.985 34.0 0.5700000000000003
1.0 0.5034895314057827 44.985 33.666666666666664 0.5800000000000003
1.0 0.4985044865403789 44.985 33.333333333333336 0.5900000000000003
1.0 0.4935194416749751 44.985 33.0 0.6000000000000003
1.0 0.4835493519441675 44.985 32.333333333333336 0.6100000000000003
1.0 0.47756729810568294 44.985 31.933333333333334 0.6200000000000003
1.0 0.46859421734795614 44.985 31.333333333333332 0.6300000000000003
1.0 0.45363908275174475 44.985 30.333333333333332 0.6400000000000003
1.0 0.4426719840478564 44.985 29.6 0.6500000000000004
1.0 0.4267198404785643 44.985 28.533333333333335 0.6600000000000004
1.0 0.4057826520438684 44.985 27.133333333333333 0.6700000000000004
1.0 0.39581256231306083 44.985 26.466666666666665 0.6800000000000004
1.0 0.37886340977068794 44.985 25.333333333333332 0.6900000000000004
1.0 0.3609172482552343 44.985 24.133333333333333 0.7000000000000004
1.0 0.3439680957128614 44.985 23.0 0.7100000000000004
1.0 0.3190428713858425 44.985 21.333333333333332 0.7200000000000004
1.0 0.29910269192422734 44.985 20.0 0.7300000000000004
1.0 0.28713858424725824 44.985 19.2 0.7400000000000004
1.0 0.26719840478564305 44.985 17.866666666666667 0.7500000000000004
1.0 0.259222333000997 44.985 17.333333333333332 0.7600000000000005
1.0 0.24626121635094717 44.985 16.466666666666665 0.7700000000000005
1.0 0.2333000997008973 44.985 15.6 0.7800000000000005
0.999888851839502 0.22033898305084745 44.98 14.733333333333333 0.7900000000000005
0.9996665555185061 0.21136590229312063 44.97 14.133333333333333 0.8000000000000005
0.9993331110370124 0.20638085742771686 44.955 13.8 0.8100000000000005
0.9986662220740247 0.19940179461615154 44.925 13.333333333333334 0.8200000000000005
0.9978881849505391 0.19242273180458624 44.89 12.866666666666667 0.8300000000000005
0.9964432588640658 0.1814556331006979 44.825 12.133333333333333 0.8400000000000005
0.9926642214071357 0.17248255234297108 44.655 11.533333333333333 0.8500000000000005
0.9882182949872179 0.1585244267198405 44.455 10.6 0.8600000000000005
0.9807713682338557 0.13858424725822532 44.12 9.266666666666667 0.8700000000000006
0.9719906635545181 0.12562313060817548 43.725 8.4 0.8800000000000006
0.958430587973769 0.10767696909272183 43.115 7.2 0.8900000000000006
0.9447593642325219 0.08175473579262213 42.5 5.466666666666667 0.9000000000000006
0.9335334000222296 0.06380857427716849 41.995 4.266666666666667 0.9100000000000006
0.9219739913304434 0.047856430707876374 41.475 3.2 0.9200000000000006
0.910970323441147 0.031904287138584245 40.98 2.1333333333333333 0.9300000000000006
0.8995220629098588 0.026919242273180457 40.465 1.8 0.9400000000000006
0.8902967655885295 0.024925224327018942 40.05 1.6666666666666667 0.9500000000000006
0.8767366900077803 0.02193419740777667 39.44 1.4666666666666666 0.9600000000000006
0.8586195398466155 0.02193419740777667 38.625 1.4666666666666666 0.9700000000000006
0.826164276981216 0.019940179461615155 37.165 1.3333333333333333 0.9800000000000006
0.7290207847060132 0.019940179461615155 32.795 1.3333333333333333 0.9900000000000007
0.0 0.0 0.0 0.0
