1.0 1.0 11.24625 28.65714285714286 0.0
0.9986662220740247 0.2781655034895314 11.23125 7.9714285714285715 0.01
0.9985550739135267 0.1345962113659023 11.23 3.857142857142857 0.02
0.9984439257530288 0.10269192422731804 11.22875 2.942857142857143 0.03
0.9984439257530288 0.07976071784646062 11.22875 2.2857142857142856 0.04
0.9983327775925308 0.06779661016949153 11.2275 1.9428571428571428 0.05
0.9983327775925308 0.049850448654037885 11.2275 1.4285714285714286 0.060000000000000005
0.9983327775925308 0.049850448654037885 11.2275 1.4285714285714286 0.07
0.9982216294320329 0.04386839481555334 11.22625 1.2571428571428571 0.08
0.9982216294320329 0.040877367896311065 11.22625 1.1714285714285715 0.09
0.9982216294320329 0.03788634097706879 11.22625 1.0857142857142856 0.09999999999999999
0.9982216294320329 0.03489531405782652 11.22625 1.0 0.10999999999999999
0.9982216294320329 0.03290129611166501 11.22625 0.9428571428571428 0.11999999999999998
0.9982216294320329 0.03090727816550349 11.22625 0.8857142857142857 0.12999999999999998
0.9982216294320329 0.024925224327018942 11.22625 0.7142857142857143 0.13999999999999999
0.998110481271535 0.022931206380857428 11.225 0.6571428571428571 0.15
0.998110481271535 0.020937188434695914 11.225 0.6 0.16
0.998110481271535 0.019940179461615155 11.225 0.5714285714285714 0.17
0.998110481271535 0.01794616151545364 11.225 0.5142857142857142 0.18000000000000002
0.998110481271535 0.01694915254237288 11.225 0.4857142857142857 0.19000000000000003
0.998110481271535 0.015952143569292122 11.225 0.45714285714285713 0.20000000000000004
0.998110481271535 0.013958125623130608 11.225 0.4 0.21000000000000005
0.998110481271535 0.013958125623130608 11.225 0.4 0.22000000000000006
0.998110481271535 0.013958125623130608 11.225 0.4 0.23000000000000007
0.998110481271535 0.011964107676969093 11.225 0.34285714285714286 0.24000000000000007
0.998110481271535 0.011964107676969093 11.225 0.34285714285714286 0.25000000000000006
0.998110481271535 0.011964107676969093 11.225 0.34285714285714286 0.26000000000000006
0.998110481271535 0.010967098703888335 11.225 0.3142857142857143 0.2700000000000001
0.998110481271535 0.009970089730807577 11.225 0.2857142857142857 0.2800000000000001
0.998110481271535 0.00897308075772682 11.225 0.2571428571428571 0.2900000000000001
0.998110481271535 0.00897308075772682 11.225 0.2571428571428571 0.3000000000000001
0.998110481271535 0.00897308075772682 11.225 0.2571428571428571 0.3100000000000001
0.998110481271535 0.007976071784646061 11.225 0.22857142857142856 0.3200000000000001
0.998110481271535 0.007976071784646061 11.225 0.22857142857142856 0.3300000000000001
0.998110481271535 0.007976071784646061 11.225 0.22857142857142856 0.34000000000000014
0.998110481271535 0.007976071784646061 11.225 0.22857142857142856 0.35000000000000014
0.998110481271535 0.007976071784646061 11.225 0.22857142857142856 0.36000000000000015
0.998110481271535 0.006979062811565304 11.225 0.2 0.37000000000000016
0.998110481271535 0.006979062811565304 11.225 0.2 0.38000000000000017
0.998110481271535 0.006979062811565304 11.225 0.2 0.3900000000000002
0.998110481271535 0.006979062811565304 11.225 0.2 0.4000000000000002
0.998110481271535 0.006979062811565304 11.225 0.2 0.4100000000000002
0.998110481271535 0.006979062811565304 11.225 0.2 0.4200000000000002
0.998110481271535 0.005982053838484547 11.225 0.17142857142857143 0.4300000000000002
0.998110481271535 0.005982053838484547 11.225 0.17142857142857143 0.4400000000000002
0.998110481271535 0.004985044865403789 11.225 0.14285714285714285 0.45000000000000023
0.998110481271535 0.004985044865403789 11.225 0.14285714285714285 0.46000000000000024
0.998110481271535 0.004985044865403789 11.225 0.14285714285714285 0.47000000000000025
0.998110481271535 0.003988035892323031 11.225 0.11428571428571428 0.48000000000000026
0.998110481271535 0.003988035892323031 11.225 0.11428571428571428 0.49000000000000027
0.998110481271535 0.003988035892323031 11.225 0.11428571428571428 0.5000000000000002
0.998110481271535 0.003988035892323031 11.225 0.11428571428571428 0.5100000000000002
0.998110481271535 0.003988035892323031 11.225 0.11428571428571428 0.5200000000000002
0.998110481271535 0.0029910269192422734 11.225 0.08571428571428572 0.5300000000000002
0.998110481271535 0.0019940179461615153 11.225 0.05714285714285714 0.5400000000000003
0.998110481271535 0.0019940179461615153 11.225 0.05714285714285714 0.5500000000000003
0.998110481271535 0.0019940179461615153 11.225 0.05714285714285714 0.5600000000000003
0.998110481271535 0.0019940179461615153 11.225 0.05714285714285714 0.5700000000000003
0.998110481271535 0.0019940179461615153 11.225 0.05714285714285714 0.5800000000000003
0.998110481271535 0.0019940179461615153 11.225 0.05714285714285714 0.5900000000000003
0.998110481271535 0.0019940179461615153 11.225 0.05714285714285714 0.6000000000000003
0.998110481271535 0.0019940179461615153 11.225 0.05714285714285714 0.6100000000000003
0.998110481271535 9.970089730807576E-4 11.225 0.02857142857142857 0.6200000000000003
0.998110481271535 9.970089730807576E-4 11.225 0.02857142857142857 0.6300000000000003
0.998110481271535 9.970089730807576E-4 11.225 0.02857142857142857 0.6400000000000003
0.998110481271535 9.970089730807576E-4 11.225 0.02857142857142857 0.6500000000000004
0.998110481271535 9.970089730807576E-4 11.225 0.02857142857142857 0.6600000000000004
0.998110481271535 9.970089730807576E-4 11.225 0.02857142857142857 0.6700000000000004
0.998110481271535 9.970089730807576E-4 11.225 0.02857142857142857 0.6800000000000004
0.998110481271535 9.970089730807576E-4 11.225 0.02857142857142857 0.6900000000000004
0.998110481271535 9.970089730807576E-4 11.225 0.02857142857142857 0.7000000000000004
0.998110481271535 9.970089730807576E-4 11.225 0.02857142857142857 0.7100000000000004
0.998110481271535 9.970089730807576E-4 11.225 0.02857142857142857 0.7200000000000004
0.998110481271535 9.970089730807576E-4 11.225 0.02857142857142857 0.7300000000000004
0.998110481271535 9.970089730807576E-4 11.225 0.02857142857142857 0.7400000000000004
0.998110481271535 9.970089730807576E-4 11.225 0.02857142857142857 0.7500000000000004
0.998110481271535 9.970089730807576E-4 11.225 0.02857142857142857 0.7600000000000005
0.998110481271535 9.970089730807576E-4 11.225 0.02857142857142857 0.7700000000000005
0.998110481271535 9.970089730807576E-4 11.225 0.02857142857142857 0.7800000000000005
0.998110481271535 9.970089730807576E-4 11.225 0.02857142857142857 0.7900000000000005
0.998110481271535 9.970089730807576E-4 11.225 0.02857142857142857 0.8000000000000005
0.998110481271535 9.970089730807576E-4 11.225 0.02857142857142857 0.8100000000000005
0.998110481271535 9.970089730807576E-4 11.225 0.02857142857142857 0.8200000000000005
0.998110481271535 9.970089730807576E-4 11.225 0.02857142857142857 0.8300000000000005
0.998110481271535 9.970089730807576E-4 11.225 0.02857142857142857 0.8400000000000005
0.998110481271535 0.0 11.225 0.0 0.8500000000000005
0.998110481271535 0.0 11.225 0.0 0.8600000000000005
0.998110481271535 0.0 11.225 0.0 0.8700000000000006
0.998110481271535 0.0 11.225 0.0 0.8800000000000006
0.998110481271535 0.0 11.225 0.0 0.8900000000000006
0.998110481271535 0.0 11.225 0.0 0.9000000000000006
0.998110481271535 0.0 11.225 0.0 0.9100000000000006
0.998110481271535 0.0 11.225 0.0 0.9200000000000006
0.998110481271535 0.0 11.225 0.0 0.9300000000000006
0.998110481271535 0.0 11.225 0.0 0.9400000000000006
0.998110481271535 0.0 11.225 0.0 0.9500000000000006
0.998110481271535 0.0 11.225 0.0 0.9600000000000006
0.998110481271535 0.0 11.225 0.0 0.9700000000000006
0.9978881849505391 0.0 11.2225 0.0 0.9800000000000006
0.9973324441480493 0.0 11.21625 0.0 0.9900000000000007
0.0 0.0 0.0 0.0
