0.0 0.29910269192422734 0.0 20.0 0.0
0.0 0.29910269192422734 0.0 20.0 0.01
0.0 0.29810568295114653 0.0 19.933333333333334 0.02
0.0 0.29810568295114653 0.0 19.933333333333334 0.03
0.0 0.29810568295114653 0.0 19.933333333333334 0.04
0.0 0.2971086739780658 0.0 19.866666666666667 0.05
0.0 0.29611166500498504 0.0 19.8 0.060000000000000005
0.0 0.29611166500498504 0.0 19.8 0.07
0.0 0.2951146560319043 0.0 19.733333333333334 0.08
0.0 0.2951146560319043 0.0 19.733333333333334 0.09
0.0 0.2951146560319043 0.0 19.733333333333334 0.09999999999999999
0.0 0.2931206380857428 0.0 19.6 0.10999999999999999
0.0 0.2931206380857428 0.0 19.6 0.11999999999999998
0.0 0.292123629112662 0.0 19.533333333333335 0.12999999999999998
0.0 0.292123629112662 0.0 19.533333333333335 0.13999999999999999
0.0 0.2901296111665005 0.0 19.4 0.15
0.0 0.2901296111665005 0.0 19.4 0.16
0.0 0.2901296111665005 0.0 19.4 0.17
0.0 0.28913260219341974 0.0 19.333333333333332 0.18000000000000002
0.0 0.28913260219341974 0.0 19.333333333333332 0.19000000000000003
0.0 0.2851445663010967 0.0 19.066666666666666 0.20000000000000004
0.0 0.2811565304087737 0.0 18.8 0.21000000000000005
0.0 0.27916251246261214 0.0 18.666666666666668 0.22000000000000006
0.0 0.27916251246261214 0.0 18.666666666666668 0.23000000000000007
0.0 0.2781655034895314 0.0 18.6 0.24000000000000007
0.0 0.27716849451645065 0.0 18.533333333333335 0.25000000000000006
0.0 0.2761714855433699 0.0 18.466666666666665 0.26000000000000006
0.0 0.27517447657028915 0.0 18.4 0.2700000000000001
0.0 0.2741774675972084 0.0 18.333333333333332 0.2800000000000001
0.0 0.27218344965104685 0.0 18.2 0.2900000000000001
0.0 0.27218344965104685 0.0 18.2 0.3000000000000001
0.0 0.2711864406779661 0.0 18.133333333333333 0.3100000000000001
0.0 0.2711864406779661 0.0 18.133333333333333 0.3200000000000001
0.0 0.2711864406779661 0.0 18.133333333333333 0.3300000000000001
0.0 0.2711864406779661 0.0 18.133333333333333 0.34000000000000014
0.0 0.2711864406779661 0.0 18.133333333333333 0.35000000000000014
0.0 0.2711864406779661 0.0 18.133333333333333 0.36000000000000015
0.0 0.2711864406779661 0.0 18.133333333333333 0.37000000000000016
0.0 0.2711864406779661 0.0 18.133333333333333 0.38000000000000017
0.0 0.27018943170488535 0.0 18.066666666666666 0.3900000000000002
0.0 0.27018943170488535 0.0 18.066666666666666 0.4000000000000002
0.0 0.2691924227318046 0.0 18.0 0.4100000000000002
0.0 0.26819541375872386 0.0 17.933333333333334 0.4200000000000002
0.0 0.26819541375872386 0.0 17.933333333333334 0.4300000000000002
0.0 0.26719840478564305 0.0 17.866666666666667 0.4400000000000002
0.0 0.26719840478564305 0.0 17.866666666666667 0.45000000000000023
0.0 0.26719840478564305 0.0 17.866666666666667 0.46000000000000024
0.0 0.2662013958125623 0.0 17.8 0.47000000000000025
0.0 0.26321036889332006 0.0 17.6 0.48000000000000026
0.0 0.2622133599202393 0.0 17.533333333333335 0.49000000000000027
0.0 0.25822532402791626 0.0 17.266666666666666 0.5000000000000002
0.0 0.2572283150548355 0.0 17.2 0.5100000000000002
0.0 0.25324027916251246 0.0 16.933333333333334 0.5200000000000002
0.0 0.25124626121635096 0.0 16.8 0.5300000000000002
0.0 0.24925224327018944 0.0 16.666666666666668 0.5400000000000003
0.0 0.24925224327018944 0.0 16.666666666666668 0.5500000000000003
0.0 0.24626121635094717 0.0 16.466666666666665 0.5600000000000003
0.0 0.2432701894317049 0.0 16.266666666666666 0.5700000000000003
0.0 0.2432701894317049 0.0 16.266666666666666 0.5800000000000003
0.0 0.24127617148554337 0.0 16.133333333333333 0.5900000000000003
0.0 0.23928215353938184 0.0 16.0 0.6000000000000003
0.0 0.2382851445663011 0.0 15.933333333333334 0.6100000000000003
0.0 0.23629112662013957 0.0 15.8 0.6200000000000003
0.0 0.23429710867397807 0.0 15.666666666666666 0.6300000000000003
0.0 0.2333000997008973 0.0 15.6 0.6400000000000003
0.0 0.2333000997008973 0.0 15.6 0.6500000000000004
0.0 0.2333000997008973 0.0 15.6 0.6600000000000004
0.0 0.2333000997008973 0.0 15.6 0.6700000000000004
0.0 0.2333000997008973 0.0 15.6 0.6800000000000004
0.0 0.23230309072781655 0.0 15.533333333333333 0.6900000000000004
0.0 0.22931206380857427 0.0 15.333333333333334 0.7000000000000004
0.0 0.22831505483549352 0.0 15.266666666666667 0.7100000000000004
0.0 0.22731804586241275 0.0 15.2 0.7200000000000004
0.0 0.22731804586241275 0.0 15.2 0.7300000000000004
0.0 0.22532402791625125 0.0 15.066666666666666 0.7400000000000004
0.0 0.22233300099700898 0.0 14.866666666666667 0.7500000000000004
0.0 0.22233300099700898 0.0 14.866666666666667 0.7600000000000005
0.0 0.2193419740777667 0.0 14.666666666666666 0.7700000000000005
0.0 0.21834496510468593 0.0 14.6 0.7800000000000005
0.0 0.21635094715852443 0.0 14.466666666666667 0.7900000000000005
0.0 0.21036889332003988 0.0 14.066666666666666 0.8000000000000005
0.0 0.2073778664007976 0.0 13.866666666666667 0.8100000000000005
0.0 0.2053838484546361 0.0 13.733333333333333 0.8200000000000005
0.0 0.1984047856430708 0.0 13.266666666666667 0.8300000000000005
0.0 0.19541375872382852 0.0 13.066666666666666 0.8400000000000005
0.0 0.193419740777667 0.0 12.933333333333334 0.8500000000000005
0.0 0.1914257228315055 0.0 12.8 0.8600000000000005
0.0 0.18943170488534397 0.0 12.666666666666666 0.8700000000000006
0.0 0.18943170488534397 0.0 12.666666666666666 0.8800000000000006
0.0 0.18344965104685942 0.0 12.266666666666667 0.8900000000000006
0.0 0.1814556331006979 0.0 12.133333333333333 0.9000000000000006
0.0 0.17547357926221335 0.0 11.733333333333333 0.9100000000000006
0.0 0.16550348953140578 0.0 11.066666666666666 0.9200000000000006
0.0 0.16051844466600199 0.0 10.733333333333333 0.9300000000000006
0.0 0.15154536390827517 0.0 10.133333333333333 0.9400000000000006
0.0 0.1415752741774676 0.0 9.466666666666667 0.9500000000000006
0.0 0.12761714855433698 0.0 8.533333333333333 0.9600000000000006
0.0 0.11266201395812563 0.0 7.533333333333333 0.9700000000000006
0.0 0.09371884346959122 0.0 6.266666666666667 0.9800000000000006
0.0 0.06580259222333001 0.0 4.4 0.9900000000000007
0.0 0.0 0.0 0.0
