1.0 1.0 14.995 20.06 0.0
1.0 0.5443668993020937 14.995 10.92 0.01
1.0 0.3369890329012961 14.995 6.76 0.02
1.0 0.28015952143569295 14.995 5.62 0.03
1.0 0.24426719840478564 14.995 4.9 0.04
1.0 0.21136590229312063 14.995 4.24 0.05
1.0 0.17148554336989033 14.995 3.44 0.060000000000000005
1.0 0.17148554336989033 14.995 3.44 0.07
1.0 0.15154536390827517 14.995 3.04 0.08
1.0 0.14456630109670987 14.995 2.9 0.09
1.0 0.13858424725822532 14.995 2.78 0.09999999999999999
1.0 0.13060817547357925 14.995 2.62 0.10999999999999999
1.0 0.12462612163509472 14.995 2.5 0.11999999999999998
1.0 0.11864406779661017 14.995 2.38 0.12999999999999998
1.0 0.11266201395812563 14.995 2.26 0.13999999999999999
1.0 0.10667996011964108 14.995 2.14 0.15
1.0 0.10069790628115653 14.995 2.02 0.16
1.0 0.09272183449651047 14.995 1.86 0.17
1.0 0.08673978065802593 14.995 1.74 0.18000000000000002
1.0 0.07976071784646062 14.995 1.6 0.19000000000000003
1.0 0.07676969092721835 14.995 1.54 0.20000000000000004
1.0 0.06879361914257229 14.995 1.38 0.21000000000000005
1.0 0.06679960119641076 14.995 1.34 0.22000000000000006
1.0 0.06380857427716849 14.995 1.28 0.23000000000000007
1.0 0.06281156530408774 14.995 1.26 0.24000000000000007
1.0 0.06181455633100698 14.995 1.24 0.25000000000000006
1.0 0.05982053838484546 14.995 1.2 0.26000000000000006
1.0 0.05782652043868395 14.995 1.16 0.2700000000000001
1.0 0.054835493519441676 14.995 1.1 0.2800000000000001
1.0 0.0518444666001994 14.995 1.04 0.2900000000000001
1.0 0.04885343968095713 14.995 0.98 0.3000000000000001
1.0 0.045862412761714856 14.995 0.92 0.3100000000000001
1.0 0.0448654037886341 14.995 0.9 0.3200000000000001
1.0 0.04287138584247258 14.995 0.86 0.3300000000000001
1.0 0.04287138584247258 14.995 0.86 0.34000000000000014
1.0 0.038883349950149554 14.995 0.78 0.35000000000000014
1.0 0.03788634097706879 14.995 0.76 0.36000000000000015
1.0 0.03589232303090728 14.995 0.72 0.37000000000000016
1.0 0.03489531405782652 14.995 0.7 0.38000000000000017
1.0 0.03389830508474576 14.995 0.68 0.3900000000000002
1.0 0.03290129611166501 14.995 0.66 0.4000000000000002
1.0 0.031904287138584245 14.995 0.64 0.4100000000000002
1.0 0.028913260219341975 14.995 0.58 0.4200000000000002
1.0 0.027916251246261216 14.995 0.56 0.4300000000000002
1.0 0.0259222333000997 14.995 0.52 0.4400000000000002
1.0 0.0259222333000997 14.995 0.52 0.45000000000000023
1.0 0.0259222333000997 14.995 0.52 0.46000000000000024
1.0 0.024925224327018942 14.995 0.5 0.47000000000000025
1.0 0.024925224327018942 14.995 0.5 0.48000000000000026
1.0 0.024925224327018942 14.995 0.5 0.49000000000000027
1.0 0.024925224327018942 14.995 0.5 0.5000000000000002
1.0 0.024925224327018942 14.995 0.5 0.5100000000000002
1.0 0.024925224327018942 14.995 0.5 0.5200000000000002
1.0 0.024925224327018942 14.995 0.5 0.5300000000000002
1.0 0.024925224327018942 14.995 0.5 0.5400000000000003
1.0 0.024925224327018942 14.995 0.5 0.5500000000000003
1.0 0.024925224327018942 14.995 0.5 0.5600000000000003
1.0 0.024925224327018942 14.995 0.5 0.5700000000000003
1.0 0.024925224327018942 14.995 0.5 0.5800000000000003
1.0 0.024925224327018942 14.995 0.5 0.5900000000000003
1.0 0.024925224327018942 14.995 0.5 0.6000000000000003
1.0 0.024925224327018942 14.995 0.5 0.6100000000000003
1.0 0.024925224327018942 14.995 0.5 0.6200000000000003
1.0 0.022931206380857428 14.995 0.46 0.6300000000000003
1.0 0.02193419740777667 14.995 0.44 0.6400000000000003
1.0 0.02193419740777667 14.995 0.44 0.6500000000000004
1.0 0.02193419740777667 14.995 0.44 0.6600000000000004
1.0 0.02193419740777667 14.995 0.44 0.6700000000000004
1.0 0.020937188434695914 14.995 0.42 0.6800000000000004
1.0 0.020937188434695914 14.995 0.42 0.6900000000000004
1.0 0.019940179461615155 14.995 0.4 0.7000000000000004
1.0 0.019940179461615155 14.995 0.4 0.7100000000000004
1.0 0.019940179461615155 14.995 0.4 0.7200000000000004
1.0 0.019940179461615155 14.995 0.4 0.7300000000000004
1.0 0.019940179461615155 14.995 0.4 0.7400000000000004
1.0 0.019940179461615155 14.995 0.4 0.7500000000000004
1.0 0.019940179461615155 14.995 0.4 0.7600000000000005
1.0 0.019940179461615155 14.995 0.4 0.7700000000000005
1.0 0.019940179461615155 14.995 0.4 0.7800000000000005
1.0 0.019940179461615155 14.995 0.4 0.7900000000000005
1.0 0.019940179461615155 14.995 0.4 0.8000000000000005
1.0 0.019940179461615155 14.995 0.4 0.8100000000000005
1.0 0.019940179461615155 14.995 0.4 0.8200000000000005
1.0 0.019940179461615155 14.995 0.4 0.8300000000000005
1.0 0.019940179461615155 14.995 0.4 0.8400000000000005
0.999888851839502 0.019940179461615155 14.993333333333334 0.4 0.8500000000000005
0.999888851839502 0.019940179461615155 14.993333333333334 0.4 0.8600000000000005
0.999888851839502 0.019940179461615155 14.993333333333334 0.4 0.8700000000000006
0.999888851839502 0.019940179461615155 14.993333333333334 0.4 0.8800000000000006
0.999888851839502 0.019940179461615155 14.993333333333334 0.4 0.8900000000000006
0.999888851839502 0.019940179461615155 14.993333333333334 0.4 0.9000000000000006
0.999888851839502 0.019940179461615155 14.993333333333334 0.4 0.9100000000000006
0.999888851839502 0.019940179461615155 14.993333333333334 0.4 0.9200000000000006
0.999888851839502 0.019940179461615155 14.993333333333334 0.4 0.9300000000000006
0.9996665555185061 0.019940179461615155 14.99 0.4 0.9400000000000006
0.9993331110370124 0.019940179461615155 14.985 0.4 0.9500000000000006
0.9989996665555185 0.019940179461615155 14.98 0.4 0.9600000000000006
0.9987773702345226 0.019940179461615155 14.976666666666667 0.4 0.9700000000000006
0.9982216294320329 0.019940179461615155 14.968333333333334 0.4 0.9800000000000006
0.9964432588640658 0.019940179461615155 14.941666666666666 0.4 0.9900000000000007
0.0 0.0 0.0 0.0
