1.0 1.0 44.985 200.6 0.0
1.0 0.9860418743768694 44.985 197.8 0.01
1.0 0.9740777666999003 44.985 195.4 0.02
1.0 0.9621136590229312 44.985 193.0 0.03
1.0 0.9511465603190429 44.985 190.8 0.04
1.0 0.9361914257228315 44.985 187.8 0.05
1.0 0.9162512462612163 44.985 183.8 0.060000000000000005
1.0 0.9162512462612163 44.985 183.8 0.07
1.0 0.9032901296111665 44.985 181.2 0.08
1.0 0.8933200398803589 44.985 179.2 0.09
1.0 0.8813559322033898 44.985 176.8 0.09999999999999999
1.0 0.8743768693918246 44.985 175.4 0.10999999999999999
1.0 0.8654037886340977 44.985 173.6 0.11999999999999998
1.0 0.8514456630109671 44.985 170.8 0.12999999999999998
1.0 0.8384845463609173 44.985 168.2 0.13999999999999999
1.0 0.827517447657029 44.985 166.0 0.15
1.0 0.8135593220338984 44.985 163.2 0.16
1.0 0.80259222333001 44.985 161.0 0.17
1.0 0.765702891326022 44.985 153.6 0.18000000000000002
1.0 0.752741774675972 44.985 151.0 0.19000000000000003
1.0 0.7397806580259222 44.985 148.4 0.20000000000000004
1.0 0.732801595214357 44.985 147.0 0.21000000000000005
1.0 0.7278165503489531 44.985 146.0 0.22000000000000006
1.0 0.7208374875373879 44.985 144.6 0.23000000000000007
1.0 0.7148554336989033 44.985 143.4 0.24000000000000007
1.0 0.7068793619142573 44.985 141.8 0.25000000000000006
1.0 0.7048853439680958 44.985 141.4 0.26000000000000006
1.0 0.6999002991026919 44.985 140.4 0.2700000000000001
1.0 0.6969092721834497 44.985 139.8 0.2800000000000001
1.0 0.6959122632103689 44.985 139.6 0.2900000000000001
1.0 0.6939182452642074 44.985 139.2 0.3000000000000001
1.0 0.6919242273180458 44.985 138.8 0.3100000000000001
1.0 0.6889332003988036 44.985 138.2 0.3200000000000001
1.0 0.6819541375872383 44.985 136.8 0.3300000000000001
1.0 0.6739780658025922 44.985 135.2 0.34000000000000014
1.0 0.6660019940179461 44.985 133.6 0.35000000000000014
1.0 0.6510468594217348 44.985 130.6 0.36000000000000015
1.0 0.638085742771685 44.985 128.0 0.37000000000000016
1.0 0.6191425722831505 44.985 124.2 0.38000000000000017
1.0 0.6071784646061814 44.985 121.8 0.3900000000000002
1.0 0.5902293120638086 44.985 118.4 0.4000000000000002
1.0 0.5682951146560319 44.985 114.0 0.4100000000000002
1.0 0.5523429710867398 44.985 110.8 0.4200000000000002
1.0 0.5363908275174477 44.985 107.6 0.4300000000000002
1.0 0.5214356929212363 44.985 104.6 0.4400000000000002
1.0 0.5044865403788634 44.985 101.2 0.45000000000000023
1.0 0.4945164506480558 44.985 99.2 0.46000000000000024
1.0 0.47756729810568294 44.985 95.8 0.47000000000000025
1.0 0.4646061814556331 44.985 93.2 0.48000000000000026
1.0 0.46161515453639085 44.985 92.6 0.49000000000000027
1.0 0.4556331006979063 44.985 91.4 0.5000000000000002
1.0 0.44865403788634095 44.985 90.0 0.5100000000000002
1.0 0.4456630109670987 44.985 89.4 0.5200000000000002
1.0 0.44466600199401796 44.985 89.2 0.5300000000000002
1.0 0.4426719840478564 44.985 88.8 0.5400000000000003
1.0 0.4406779661016949 44.985 88.4 0.5500000000000003
1.0 0.43968095712861416 44.985 88.2 0.5600000000000003
1.0 0.4386839481555334 44.985 88.0 0.5700000000000003
1.0 0.43668993020937186 44.985 87.6 0.5800000000000003
1.0 0.4356929212362911 44.985 87.4 0.5900000000000003
1.0 0.43270189431704886 44.985 86.8 0.6000000000000003
1.0 0.4307078763708873 44.985 86.4 0.6100000000000003
1.0 0.4267198404785643 44.985 85.6 0.6200000000000003
1.0 0.4167497507477567 44.985 83.6 0.6300000000000003
1.0 0.4067796610169492 44.985 81.6 0.6400000000000003
1.0 0.40279162512462613 44.985 80.8 0.6500000000000004
1.0 0.38883349950149554 44.985 78.0 0.6600000000000004
1.0 0.37188434695912265 44.985 74.6 0.6700000000000004
1.0 0.357926221335992 44.985 71.8 0.6800000000000004
1.0 0.3349950149551346 44.985 67.2 0.6900000000000004
1.0 0.3140578265204387 44.985 63.0 0.7000000000000004
1.0 0.2931206380857428 44.985 58.8 0.7100000000000004
1.0 0.27218344965104685 44.985 54.6 0.7200000000000004
1.0 0.2522432701894317 44.985 50.6 0.7300000000000004
1.0 0.24127617148554337 44.985 48.4 0.7400000000000004
1.0 0.22233300099700898 44.985 44.6 0.7500000000000004
1.0 0.21335992023928216 44.985 42.8 0.7600000000000005
1.0 0.20039880358923232 44.985 40.2 0.7700000000000005
1.0 0.1914257228315055 44.985 38.4 0.7800000000000005
1.0 0.18444666001994017 44.985 37.0 0.7900000000000005
1.0 0.18045862412761715 44.985 36.2 0.8000000000000005
0.999888851839502 0.17248255234297108 44.98 34.6 0.8100000000000005
0.9993331110370124 0.16849451645064806 44.955 33.8 0.8200000000000005
0.9978881849505391 0.16051844466600199 44.89 32.2 0.8300000000000005
0.9964432588640658 0.15453639082751744 44.825 31.0 0.8400000000000005
0.9929976658886296 0.14955134596211367 44.67 30.0 0.8500000000000005
0.9886628876292097 0.13758723828514458 44.475 27.6 0.8600000000000005
0.982216294320329 0.12562313060817548 44.185 25.2 0.8700000000000006
0.9735467378014894 0.10667996011964108 43.795 21.4 0.8800000000000006
0.9610981438257197 0.08175473579262213 43.235 16.4 0.8900000000000006
0.9474269200844726 0.05782652043868395 42.62 11.6 0.9000000000000006
0.9355340669111927 0.038883349950149554 42.085 7.8 0.9100000000000006
0.9239746582194065 0.022931206380857428 41.565 4.6 0.9200000000000006
0.9147493608980771 0.009970089730807577 41.15 2.0 0.9300000000000006
0.9065243970212293 0.004985044865403789 40.78 1.0 0.9400000000000006
0.8956318772924308 0.0019940179461615153 40.29 0.4 0.9500000000000006
0.883405579637657 0.0019940179461615153 39.74 0.4 0.9600000000000006
0.8680671334889407 9.970089730807576E-4 39.05 0.2 0.9700000000000006
0.8355007224630432 0.0 37.585 0.0 0.9800000000000006
0.7496943425586307 0.0 33.725 0.0 0.9900000000000007
0.0 0.0 0.0 0.0
