0.0 0.3988035892323031 0.0 20.0 0.0
0.0 0.37387836490528414 0.0 18.75 0.01
0.0 0.3300099700897308 0.0 16.55 0.02
0.0 0.30309072781655033 0.0 15.2 0.03
0.0 0.29411764705882354 0.0 14.75 0.04
0.0 0.2851445663010967 0.0 14.3 0.05
0.0 0.2741774675972084 0.0 13.75 0.060000000000000005
0.0 0.2741774675972084 0.0 13.75 0.07
0.0 0.2662013958125623 0.0 13.35 0.08
0.0 0.2612163509471585 0.0 13.1 0.09
0.0 0.2542372881355932 0.0 12.75 0.09999999999999999
0.0 0.24825523429710866 0.0 12.45 0.10999999999999999
0.0 0.2452642073778664 0.0 12.3 0.11999999999999998
0.0 0.24127617148554337 0.0 12.1 0.12999999999999998
0.0 0.23629112662013957 0.0 11.85 0.13999999999999999
0.0 0.23230309072781655 0.0 11.65 0.15
0.0 0.22731804586241275 0.0 11.4 0.16
0.0 0.22532402791625125 0.0 11.3 0.17
0.0 0.2193419740777667 0.0 11.0 0.18000000000000002
0.0 0.21635094715852443 0.0 10.85 0.19000000000000003
0.0 0.21335992023928216 0.0 10.7 0.20000000000000004
0.0 0.21136590229312063 0.0 10.6 0.21000000000000005
0.0 0.20937188434695914 0.0 10.5 0.22000000000000006
0.0 0.2073778664007976 0.0 10.4 0.23000000000000007
0.0 0.20438683948155534 0.0 10.25 0.24000000000000007
0.0 0.19641076769690927 0.0 9.85 0.25000000000000006
0.0 0.19641076769690927 0.0 9.85 0.26000000000000006
0.0 0.19541375872382852 0.0 9.8 0.2700000000000001
0.0 0.19441674975074777 0.0 9.75 0.2800000000000001
0.0 0.19242273180458624 0.0 9.65 0.2900000000000001
0.0 0.18943170488534397 0.0 9.5 0.3000000000000001
0.0 0.1864406779661017 0.0 9.35 0.3100000000000001
0.0 0.18344965104685942 0.0 9.2 0.3200000000000001
0.0 0.1814556331006979 0.0 9.1 0.3300000000000001
0.0 0.17647058823529413 0.0 8.85 0.34000000000000014
0.0 0.17647058823529413 0.0 8.85 0.35000000000000014
0.0 0.17547357926221335 0.0 8.8 0.36000000000000015
0.0 0.17347956131605186 0.0 8.7 0.37000000000000016
0.0 0.17347956131605186 0.0 8.7 0.38000000000000017
0.0 0.17347956131605186 0.0 8.7 0.3900000000000002
0.0 0.17347956131605186 0.0 8.7 0.4000000000000002
0.0 0.17148554336989033 0.0 8.6 0.4100000000000002
0.0 0.1694915254237288 0.0 8.5 0.4200000000000002
0.0 0.1674975074775673 0.0 8.4 0.4300000000000002
0.0 0.16550348953140578 0.0 8.3 0.4400000000000002
0.0 0.16550348953140578 0.0 8.3 0.45000000000000023
0.0 0.1625124626121635 0.0 8.15 0.46000000000000024
0.0 0.16151545363908276 0.0 8.1 0.47000000000000025
0.0 0.16051844466600199 0.0 8.05 0.48000000000000026
0.0 0.15653040877367896 0.0 7.85 0.49000000000000027
0.0 0.1535393818544367 0.0 7.7 0.5000000000000002
0.0 0.15154536390827517 0.0 7.6 0.5100000000000002
0.0 0.14755732801595214 0.0 7.4 0.5200000000000002
0.0 0.1465603190428714 0.0 7.35 0.5300000000000002
0.0 0.14356929212362912 0.0 7.2 0.5400000000000003
0.0 0.14057826520438685 0.0 7.05 0.5500000000000003
0.0 0.1345962113659023 0.0 6.75 0.5600000000000003
0.0 0.13160518444666003 0.0 6.6 0.5700000000000003
0.0 0.12861415752741776 0.0 6.45 0.5800000000000003
0.0 0.12662013958125623 0.0 6.35 0.5900000000000003
0.0 0.11964107676969092 0.0 6.0 0.6000000000000003
0.0 0.11964107676969092 0.0 6.0 0.6100000000000003
0.0 0.1156530408773679 0.0 5.8 0.6200000000000003
0.0 0.11365902293120637 0.0 5.7 0.6300000000000003
0.0 0.11166500498504486 0.0 5.6 0.6400000000000003
0.0 0.10967098703888335 0.0 5.5 0.6500000000000004
0.0 0.1016949152542373 0.0 5.1 0.6600000000000004
0.0 0.0967098703888335 0.0 4.85 0.6700000000000004
0.0 0.09471585244267199 0.0 4.75 0.6800000000000004
0.0 0.09371884346959122 0.0 4.7 0.6900000000000004
0.0 0.09072781655034895 0.0 4.55 0.7000000000000004
0.0 0.0897308075772682 0.0 4.5 0.7100000000000004
0.0 0.0897308075772682 0.0 4.5 0.7200000000000004
0.0 0.08773678963110668 0.0 4.4 0.7300000000000004
0.0 0.08673978065802593 0.0 4.35 0.7400000000000004
0.0 0.0847457627118644 0.0 4.25 0.7500000000000004
0.0 0.0847457627118644 0.0 4.25 0.7600000000000005
0.0 0.08075772681954138 0.0 4.05 0.7700000000000005
0.0 0.07776669990029911 0.0 3.9 0.7800000000000005
0.0 0.07377866400797607 0.0 3.7 0.7900000000000005
0.0 0.07278165503489531 0.0 3.65 0.8000000000000005
0.0 0.07178464606181456 0.0 3.6 0.8100000000000005
0.0 0.06779661016949153 0.0 3.4 0.8200000000000005
0.0 0.06580259222333001 0.0 3.3 0.8300000000000005
0.0 0.06281156530408774 0.0 3.15 0.8400000000000005
0.0 0.06181455633100698 0.0 3.1 0.8500000000000005
0.0 0.058823529411764705 0.0 2.95 0.8600000000000005
0.0 0.05782652043868395 0.0 2.9 0.8700000000000006
0.0 0.05682951146560319 0.0 2.85 0.8800000000000006
0.0 0.05583250249252243 0.0 2.8 0.8900000000000006
0.0 0.053838484546360914 0.0 2.7 0.9000000000000006
0.0 0.05084745762711865 0.0 2.55 0.9100000000000006
0.0 0.0448654037886341 0.0 2.25 0.9200000000000006
0.0 0.04287138584247258 0.0 2.15 0.9300000000000006
0.0 0.040877367896311065 0.0 2.05 0.9400000000000006
0.0 0.03589232303090728 0.0 1.8 0.9500000000000006
0.0 0.026919242273180457 0.0 1.35 0.9600000000000006
0.0 0.024925224327018942 0.0 1.25 0.9700000000000006
0.0 0.02193419740777667 0.0 1.1 0.9800000000000006
0.0 0.014955134596211365 0.0 0.75 0.9900000000000007
0.0 0.0 0.0 0.0
