1.0 1.0 22.4925 40.12 0.0
1.0 0.8973080757726819 22.4925 36.0 0.01
1.0 0.8215353938185443 22.4925 32.96 0.02
1.0 0.7587238285144566 22.4925 30.44 0.03
1.0 0.7088733798604188 22.4925 28.44 0.04
1.0 0.6819541375872383 22.4925 27.36 0.05
1.0 0.6201395812562313 22.4925 24.88 0.060000000000000005
1.0 0.6201395812562313 22.4925 24.88 0.07
1.0 0.5972083748753739 22.4925 23.96 0.08
1.0 0.5822532402791625 22.4925 23.36 0.09
1.0 0.5563310069790628 22.4925 22.32 0.09999999999999999
1.0 0.5383848454636092 22.4925 21.6 0.10999999999999999
1.0 0.5254237288135594 22.4925 21.08 0.11999999999999998
1.0 0.5134596211365903 22.4925 20.6 0.12999999999999998
1.0 0.49750747756729813 22.4925 19.96 0.13999999999999999
1.0 0.4765702891326022 22.4925 19.12 0.15
1.0 0.46061814556331004 22.4925 18.48 0.16
1.0 0.4336989032901296 22.4925 17.4 0.17
1.0 0.3948155533399801 22.4925 15.84 0.18000000000000002
1.0 0.37387836490528414 22.4925 15.0 0.19000000000000003
1.0 0.35992023928215355 22.4925 14.44 0.20000000000000004
1.0 0.35294117647058826 22.4925 14.16 0.21000000000000005
1.0 0.3439680957128614 22.4925 13.8 0.22000000000000006
1.0 0.33798604187437686 22.4925 13.56 0.23000000000000007
1.0 0.3320039880358923 22.4925 13.32 0.24000000000000007
1.0 0.3270189431704885 22.4925 13.12 0.25000000000000006
1.0 0.3230309072781655 22.4925 12.96 0.26000000000000006
1.0 0.317048853439681 22.4925 12.72 0.2700000000000001
1.0 0.31306081754735793 22.4925 12.56 0.2800000000000001
1.0 0.31106679960119643 22.4925 12.48 0.2900000000000001
1.0 0.3070787637088734 22.4925 12.32 0.3000000000000001
1.0 0.30608175473579263 22.4925 12.28 0.3100000000000001
1.0 0.3000997008973081 22.4925 12.04 0.3200000000000001
1.0 0.29810568295114653 22.4925 11.96 0.3300000000000001
1.0 0.2901296111665005 22.4925 11.64 0.34000000000000014
1.0 0.2811565304087737 22.4925 11.28 0.35000000000000014
1.0 0.27018943170488535 22.4925 10.84 0.36000000000000015
1.0 0.2622133599202393 22.4925 10.52 0.37000000000000016
1.0 0.24626121635094717 22.4925 9.88 0.38000000000000017
1.0 0.23429710867397807 22.4925 9.4 0.3900000000000002
1.0 0.22831505483549352 22.4925 9.16 0.4000000000000002
1.0 0.2143569292123629 22.4925 8.6 0.4100000000000002
1.0 0.2023928215353938 22.4925 8.12 0.4200000000000002
1.0 0.19042871385842472 22.4925 7.64 0.4300000000000002
1.0 0.18245264207377868 22.4925 7.32 0.4400000000000002
1.0 0.17248255234297108 22.4925 6.92 0.45000000000000023
1.0 0.16650049850448653 22.4925 6.68 0.46000000000000024
1.0 0.1625124626121635 22.4925 6.52 0.47000000000000025
1.0 0.15653040877367896 22.4925 6.28 0.48000000000000026
1.0 0.15254237288135594 22.4925 6.12 0.49000000000000027
1.0 0.14955134596211367 22.4925 6.0 0.5000000000000002
1.0 0.14755732801595214 22.4925 5.92 0.5100000000000002
1.0 0.1465603190428714 22.4925 5.88 0.5200000000000002
1.0 0.1415752741774676 22.4925 5.68 0.5300000000000002
1.0 0.14057826520438685 22.4925 5.64 0.5400000000000003
1.0 0.13958125623130607 22.4925 5.6 0.5500000000000003
1.0 0.13858424725822532 22.4925 5.56 0.5600000000000003
1.0 0.13559322033898305 22.4925 5.44 0.5700000000000003
1.0 0.13359920239282153 22.4925 5.36 0.5800000000000003
1.0 0.13260219341974078 22.4925 5.32 0.5900000000000003
1.0 0.12761714855433698 22.4925 5.12 0.6000000000000003
1.0 0.12462612163509472 22.4925 5.0 0.6100000000000003
1.0 0.12362911266201396 22.4925 4.96 0.6200000000000003
1.0 0.12063808574277168 22.4925 4.84 0.6300000000000003
1.0 0.11864406779661017 22.4925 4.76 0.6400000000000003
1.0 0.11665004985044865 22.4925 4.68 0.6500000000000004
1.0 0.10667996011964108 22.4925 4.28 0.6600000000000004
1.0 0.1016949152542373 22.4925 4.08 0.6700000000000004
1.0 0.09172482552342971 22.4925 3.68 0.6800000000000004
1.0 0.0847457627118644 22.4925 3.4 0.6900000000000004
1.0 0.08175473579262213 22.4925 3.28 0.7000000000000004
1.0 0.07776669990029911 22.4925 3.12 0.7100000000000004
1.0 0.06879361914257229 22.4925 2.76 0.7200000000000004
1.0 0.06281156530408774 22.4925 2.52 0.7300000000000004
1.0 0.058823529411764705 22.4925 2.36 0.7400000000000004
1.0 0.05782652043868395 22.4925 2.32 0.7500000000000004
1.0 0.049850448654037885 22.4925 2.0 0.7600000000000005
1.0 0.04685942173479561 22.4925 1.88 0.7700000000000005
1.0 0.04386839481555334 22.4925 1.76 0.7800000000000005
1.0 0.04287138584247258 22.4925 1.72 0.7900000000000005
1.0 0.040877367896311065 22.4925 1.64 0.8000000000000005
1.0 0.040877367896311065 22.4925 1.64 0.8100000000000005
1.0 0.03988035892323031 22.4925 1.6 0.8200000000000005
0.999888851839502 0.038883349950149554 22.49 1.56 0.8300000000000005
0.9997777036790041 0.03589232303090728 22.4875 1.44 0.8400000000000005
0.9996665555185061 0.03489531405782652 22.485 1.4 0.8500000000000005
0.9992219628765144 0.03290129611166501 22.475 1.32 0.8600000000000005
0.9984439257530288 0.03090727816550349 22.4575 1.24 0.8700000000000006
0.9973324441480493 0.03090727816550349 22.4325 1.24 0.8800000000000006
0.9964432588640658 0.028913260219341975 22.4125 1.16 0.8900000000000006
0.9954429254195843 0.026919242273180457 22.39 1.08 0.9000000000000006
0.9943314438146049 0.024925224327018942 22.365 1.0 0.9100000000000006
0.9935534066911192 0.022931206380857428 22.3475 0.92 0.9200000000000006
0.9926642214071357 0.02193419740777667 22.3275 0.88 0.9300000000000006
0.99188618428365 0.019940179461615155 22.31 0.8 0.9400000000000006
0.9899966655551851 0.019940179461615155 22.2675 0.8 0.9500000000000006
0.9883294431477159 0.019940179461615155 22.23 0.8 0.9600000000000006
0.9848838501722796 0.019940179461615155 22.1525 0.8 0.9700000000000006
0.9773257752584195 0.019940179461615155 21.9825 0.8 0.9800000000000006
0.9506502167389129 0.019940179461615155 21.3825 0.8 0.9900000000000007
0.0 0.0 0.0 0.0
