0.0 0.4985044865403789 0.0 20.0 0.0
0.0 0.3349950149551346 0.0 13.44 0.01
0.0 0.19042871385842472 0.0 7.64 0.02
0.0 0.15054835493519442 0.0 6.04 0.03
0.0 0.13160518444666003 0.0 5.28 0.04
0.0 0.11365902293120637 0.0 4.56 0.05
0.0 0.09471585244267199 0.0 3.8 0.060000000000000005
0.0 0.09471585244267199 0.0 3.8 0.07
0.0 0.08773678963110668 0.0 3.52 0.08
0.0 0.07976071784646062 0.0 3.2 0.09
0.0 0.06879361914257229 0.0 2.76 0.09999999999999999
0.0 0.06679960119641076 0.0 2.68 0.10999999999999999
0.0 0.06679960119641076 0.0 2.68 0.11999999999999998
0.0 0.06181455633100698 0.0 2.48 0.12999999999999998
0.0 0.06181455633100698 0.0 2.48 0.13999999999999999
0.0 0.06081754735792622 0.0 2.44 0.15
0.0 0.058823529411764705 0.0 2.36 0.16
0.0 0.058823529411764705 0.0 2.36 0.17
0.0 0.0518444666001994 0.0 2.08 0.18000000000000002
0.0 0.04685942173479561 0.0 1.88 0.19000000000000003
0.0 0.045862412761714856 0.0 1.84 0.20000000000000004
0.0 0.0448654037886341 0.0 1.8 0.21000000000000005
0.0 0.04187437686939183 0.0 1.68 0.22000000000000006
0.0 0.04187437686939183 0.0 1.68 0.23000000000000007
0.0 0.03988035892323031 0.0 1.6 0.24000000000000007
0.0 0.03988035892323031 0.0 1.6 0.25000000000000006
0.0 0.03988035892323031 0.0 1.6 0.26000000000000006
0.0 0.03788634097706879 0.0 1.52 0.2700000000000001
0.0 0.03788634097706879 0.0 1.52 0.2800000000000001
0.0 0.03589232303090728 0.0 1.44 0.2900000000000001
0.0 0.03589232303090728 0.0 1.44 0.3000000000000001
0.0 0.03589232303090728 0.0 1.44 0.3100000000000001
0.0 0.027916251246261216 0.0 1.12 0.3200000000000001
0.0 0.0259222333000997 0.0 1.04 0.3300000000000001
0.0 0.024925224327018942 0.0 1.0 0.34000000000000014
0.0 0.024925224327018942 0.0 1.0 0.35000000000000014
0.0 0.024925224327018942 0.0 1.0 0.36000000000000015
0.0 0.024925224327018942 0.0 1.0 0.37000000000000016
0.0 0.022931206380857428 0.0 0.92 0.38000000000000017
0.0 0.022931206380857428 0.0 0.92 0.3900000000000002
0.0 0.022931206380857428 0.0 0.92 0.4000000000000002
0.0 0.022931206380857428 0.0 0.92 0.4100000000000002
0.0 0.022931206380857428 0.0 0.92 0.4200000000000002
0.0 0.022931206380857428 0.0 0.92 0.4300000000000002
0.0 0.022931206380857428 0.0 0.92 0.4400000000000002
0.0 0.018943170488534396 0.0 0.76 0.45000000000000023
0.0 0.018943170488534396 0.0 0.76 0.46000000000000024
0.0 0.018943170488534396 0.0 0.76 0.47000000000000025
0.0 0.018943170488534396 0.0 0.76 0.48000000000000026
0.0 0.018943170488534396 0.0 0.76 0.49000000000000027
0.0 0.018943170488534396 0.0 0.76 0.5000000000000002
0.0 0.018943170488534396 0.0 0.76 0.5100000000000002
0.0 0.018943170488534396 0.0 0.76 0.5200000000000002
0.0 0.018943170488534396 0.0 0.76 0.5300000000000002
0.0 0.018943170488534396 0.0 0.76 0.5400000000000003
0.0 0.018943170488534396 0.0 0.76 0.5500000000000003
0.0 0.018943170488534396 0.0 0.76 0.5600000000000003
0.0 0.018943170488534396 0.0 0.76 0.5700000000000003
0.0 0.01794616151545364 0.0 0.72 0.5800000000000003
0.0 0.01794616151545364 0.0 0.72 0.5900000000000003
0.0 0.01794616151545364 0.0 0.72 0.6000000000000003
0.0 0.01794616151545364 0.0 0.72 0.6100000000000003
0.0 0.01794616151545364 0.0 0.72 0.6200000000000003
0.0 0.01794616151545364 0.0 0.72 0.6300000000000003
0.0 0.01794616151545364 0.0 0.72 0.6400000000000003
0.0 0.01794616151545364 0.0 0.72 0.6500000000000004
0.0 0.01794616151545364 0.0 0.72 0.6600000000000004
0.0 0.01794616151545364 0.0 0.72 0.6700000000000004
0.0 0.01794616151545364 0.0 0.72 0.6800000000000004
0.0 0.01794616151545364 0.0 0.72 0.6900000000000004
0.0 0.01694915254237288 0.0 0.68 0.7000000000000004
0.0 0.01694915254237288 0.0 0.68 0.7100000000000004
0.0 0.01694915254237288 0.0 0.68 0.7200000000000004
0.0 0.01694915254237288 0.0 0.68 0.7300000000000004
0.0 0.01694915254237288 0.0 0.68 0.7400000000000004
0.0 0.01694915254237288 0.0 0.68 0.7500000000000004
0.0 0.01694915254237288 0.0 0.68 0.7600000000000005
0.0 0.01694915254237288 0.0 0.68 0.7700000000000005
0.0 0.01694915254237288 0.0 0.68 0.7800000000000005
0.0 0.015952143569292122 0.0 0.64 0.7900000000000005
0.0 0.015952143569292122 0.0 0.64 0.8000000000000005
0.0 0.015952143569292122 0.0 0.64 0.8100000000000005
0.0 0.015952143569292122 0.0 0.64 0.8200000000000005
0.0 0.015952143569292122 0.0 0.64 0.8300000000000005
0.0 0.015952143569292122 0.0 0.64 0.8400000000000005
0.0 0.011964107676969093 0.0 0.48 0.8500000000000005
0.0 0.011964107676969093 0.0 0.48 0.8600000000000005
0.0 0.011964107676969093 0.0 0.48 0.8700000000000006
0.0 0.00897308075772682 0.0 0.36 0.8800000000000006
0.0 0.00897308075772682 0.0 0.36 0.8900000000000006
0.0 0.006979062811565304 0.0 0.28 0.9000000000000006
0.0 0.006979062811565304 0.0 0.28 0.9100000000000006
0.0 0.006979062811565304 0.0 0.28 0.9200000000000006
0.0 0.006979062811565304 0.0 0.28 0.9300000000000006
0.0 0.003988035892323031 0.0 0.16 0.9400000000000006
0.0 0.0019940179461615153 0.0 0.08 0.9500000000000006
0.0 0.0 0.0 0.0 0.9600000000000006
0.0 0.0 0.0 0.0 0.9700000000000006
0.0 0.0 0.0 0.0 0.9800000000000006
0.0 0.0 0.0 0.0 0.9900000000000007
0.0 0.0 0.0 0.0
