0.0 0.3988035892323031 0.0 20.0 0.0
0.0 0.3988035892323031 0.0 20.0 0.01
0.0 0.3988035892323031 0.0 20.0 0.02
0.0 0.3988035892323031 0.0 20.0 0.03
0.0 0.3988035892323031 0.0 20.0 0.04
0.0 0.3988035892323031 0.0 20.0 0.05
0.0 0.3988035892323031 0.0 20.0 0.060000000000000005
0.0 0.3988035892323031 0.0 20.0 0.07
0.0 0.3988035892323031 0.0 20.0 0.08
0.0 0.3988035892323031 0.0 20.0 0.09
0.0 0.3988035892323031 0.0 20.0 0.09999999999999999
0.0 0.3988035892323031 0.0 20.0 0.10999999999999999
0.0 0.3988035892323031 0.0 20.0 0.11999999999999998
0.0 0.3988035892323031 0.0 20.0 0.12999999999999998
0.0 0.3988035892323031 0.0 20.0 0.13999999999999999
0.0 0.3988035892323031 0.0 20.0 0.15
0.0 0.3988035892323031 0.0 20.0 0.16
0.0 0.3988035892323031 0.0 20.0 0.17
0.0 0.3988035892323031 0.0 20.0 0.18000000000000002
0.0 0.3988035892323031 0.0 20.0 0.19000000000000003
0.0 0.3988035892323031 0.0 20.0 0.20000000000000004
0.0 0.3988035892323031 0.0 20.0 0.21000000000000005
0.0 0.3988035892323031 0.0 20.0 0.22000000000000006
0.0 0.3988035892323031 0.0 20.0 0.23000000000000007
0.0 0.3988035892323031 0.0 20.0 0.24000000000000007
0.0 0.3988035892323031 0.0 20.0 0.25000000000000006
0.0 0.3988035892323031 0.0 20.0 0.26000000000000006
0.0 0.3988035892323031 0.0 20.0 0.2700000000000001
0.0 0.3988035892323031 0.0 20.0 0.2800000000000001
0.0 0.3988035892323031 0.0 20.0 0.2900000000000001
0.0 0.3988035892323031 0.0 20.0 0.3000000000000001
0.0 0.3988035892323031 0.0 20.0 0.3100000000000001
0.0 0.3988035892323031 0.0 20.0 0.3200000000000001
0.0 0.3988035892323031 0.0 20.0 0.3300000000000001
0.0 0.3988035892323031 0.0 20.0 0.34000000000000014
0.0 0.3988035892323031 0.0 20.0 0.35000000000000014
0.0 0.3988035892323031 0.0 20.0 0.36000000000000015
0.0 0.3988035892323031 0.0 20.0 0.37000000000000016
0.0 0.3988035892323031 0.0 20.0 0.38000000000000017
0.0 0.3988035892323031 0.0 20.0 0.3900000000000002
0.0 0.3988035892323031 0.0 20.0 0.4000000000000002
0.0 0.3988035892323031 0.0 20.0 0.4100000000000002
0.0 0.3988035892323031 0.0 20.0 0.4200000000000002
0.0 0.3988035892323031 0.0 20.0 0.4300000000000002
0.0 0.3988035892323031 0.0 20.0 0.4400000000000002
0.0 0.39780658025922233 0.0 19.95 0.45000000000000023
0.0 0.39780658025922233 0.0 19.95 0.46000000000000024
0.0 0.39780658025922233 0.0 19.95 0.47000000000000025
0.0 0.39780658025922233 0.0 19.95 0.48000000000000026
0.0 0.39780658025922233 0.0 19.95 0.49000000000000027
0.0 0.39780658025922233 0.0 19.95 0.5000000000000002
0.0 0.3968095712861416 0.0 19.9 0.5100000000000002
0.0 0.3968095712861416 0.0 19.9 0.5200000000000002
0.0 0.3968095712861416 0.0 19.9 0.5300000000000002
0.0 0.3968095712861416 0.0 19.9 0.5400000000000003
0.0 0.3968095712861416 0.0 19.9 0.5500000000000003
0.0 0.3968095712861416 0.0 19.9 0.5600000000000003
0.0 0.3968095712861416 0.0 19.9 0.5700000000000003
0.0 0.3968095712861416 0.0 19.9 0.5800000000000003
0.0 0.3968095712861416 0.0 19.9 0.5900000000000003
0.0 0.3968095712861416 0.0 19.9 0.6000000000000003
0.0 0.3968095712861416 0.0 19.9 0.6100000000000003
0.0 0.3968095712861416 0.0 19.9 0.6200000000000003
0.0 0.3968095712861416 0.0 19.9 0.6300000000000003
0.0 0.3968095712861416 0.0 19.9 0.6400000000000003
0.0 0.3968095712861416 0.0 19.9 0.6500000000000004
0.0 0.3968095712861416 0.0 19.9 0.6600000000000004
0.0 0.3968095712861416 0.0 19.9 0.6700000000000004
0.0 0.3968095712861416 0.0 19.9 0.6800000000000004
0.0 0.3968095712861416 0.0 19.9 0.6900000000000004
0.0 0.3968095712861416 0.0 19.9 0.7000000000000004
0.0 0.3968095712861416 0.0 19.9 0.7100000000000004
0.0 0.3968095712861416 0.0 19.9 0.7200000000000004
0.0 0.3968095712861416 0.0 19.9 0.7300000000000004
0.0 0.3968095712861416 0.0 19.9 0.7400000000000004
0.0 0.3968095712861416 0.0 19.9 0.7500000000000004
0.0 0.3968095712861416 0.0 19.9 0.7600000000000005
0.0 0.3968095712861416 0.0 19.9 0.7700000000000005
0.0 0.3968095712861416 0.0 19.9 0.7800000000000005
0.0 0.3948155533399801 0.0 19.8 0.7900000000000005
0.0 0.3948155533399801 0.0 19.8 0.8000000000000005
0.0 0.3938185443668993 0.0 19.75 0.8100000000000005
0.0 0.3938185443668993 0.0 19.75 0.8200000000000005
0.0 0.3938185443668993 0.0 19.75 0.8300000000000005
0.0 0.39282153539381853 0.0 19.7 0.8400000000000005
0.0 0.39082751744765704 0.0 19.6 0.8500000000000005
0.0 0.3898305084745763 0.0 19.55 0.8600000000000005
0.0 0.38883349950149554 0.0 19.5 0.8700000000000006
0.0 0.386839481555334 0.0 19.4 0.8800000000000006
0.0 0.38384845463609174 0.0 19.25 0.8900000000000006
0.0 0.38085742771684944 0.0 19.1 0.9000000000000006
0.0 0.38085742771684944 0.0 19.1 0.9100000000000006
0.0 0.37587238285144564 0.0 18.85 0.9200000000000006
0.0 0.3698903290129611 0.0 18.55 0.9300000000000006
0.0 0.3659022931206381 0.0 18.35 0.9400000000000006
0.0 0.3629112662013958 0.0 18.2 0.9500000000000006
0.0 0.34795613160518446 0.0 17.45 0.9600000000000006
0.0 0.3270189431704885 0.0 16.4 0.9700000000000006
0.0 0.2851445663010967 0.0 14.3 0.9800000000000006
0.0 0.2023928215353938 0.0 10.15 0.9900000000000007
0.0 0.0 0.0 0.0
