1.0 1.0 17.994 20.06 0.0
1.0 0.7956131605184447 17.994 15.96 0.01
1.0 0.6669990029910269 17.994 13.38 0.02
1.0 0.5912263210368893 17.994 11.86 0.03
1.0 0.5363908275174477 17.994 10.76 0.04
1.0 0.4945164506480558 17.994 9.92 0.05
1.0 0.44965104685942175 17.994 9.02 0.060000000000000005
1.0 0.44965104685942175 17.994 9.02 0.07
1.0 0.42771684945164506 17.994 8.58 0.08
1.0 0.4077766699900299 17.994 8.18 0.09
1.0 0.3938185443668993 17.994 7.9 0.09999999999999999
1.0 0.37188434695912265 17.994 7.46 0.10999999999999999
1.0 0.3589232303090728 17.994 7.2 0.11999999999999998
1.0 0.3459621136590229 17.994 6.94 0.12999999999999998
1.0 0.3389830508474576 17.994 6.8 0.13999999999999999
1.0 0.317048853439681 17.994 6.36 0.15
1.0 0.3100697906281156 17.994 6.22 0.16
1.0 0.3020937188434696 17.994 6.06 0.17
1.0 0.2711864406779661 17.994 5.44 0.18000000000000002
1.0 0.25623130608175476 17.994 5.14 0.19000000000000003
1.0 0.24426719840478564 17.994 4.9 0.20000000000000004
1.0 0.23529411764705882 17.994 4.72 0.21000000000000005
1.0 0.22831505483549352 17.994 4.58 0.22000000000000006
1.0 0.22033898305084745 17.994 4.42 0.23000000000000007
1.0 0.21036889332003988 17.994 4.22 0.24000000000000007
1.0 0.2073778664007976 17.994 4.16 0.25000000000000006
1.0 0.19740777666999004 17.994 3.96 0.26000000000000006
1.0 0.19242273180458624 17.994 3.86 0.2700000000000001
1.0 0.18544366899302095 17.994 3.72 0.2800000000000001
1.0 0.18045862412761715 17.994 3.62 0.2900000000000001
1.0 0.17647058823529413 17.994 3.54 0.3000000000000001
1.0 0.17248255234297108 17.994 3.46 0.3100000000000001
1.0 0.17048853439680958 17.994 3.42 0.3200000000000001
1.0 0.16151545363908276 17.994 3.24 0.3300000000000001
1.0 0.16151545363908276 17.994 3.24 0.34000000000000014
1.0 0.15653040877367896 17.994 3.14 0.35000000000000014
1.0 0.14955134596211367 17.994 3.0 0.36000000000000015
1.0 0.1465603190428714 17.994 2.94 0.37000000000000016
1.0 0.1415752741774676 17.994 2.84 0.38000000000000017
1.0 0.13359920239282153 17.994 2.68 0.3900000000000002
1.0 0.12761714855433698 17.994 2.56 0.4000000000000002
1.0 0.1226321036889332 17.994 2.46 0.4100000000000002
1.0 0.11964107676969092 17.994 2.4 0.4200000000000002
1.0 0.11764705882352941 17.994 2.36 0.4300000000000002
1.0 0.11266201395812563 17.994 2.26 0.4400000000000002
1.0 0.10967098703888335 17.994 2.2 0.45000000000000023
1.0 0.10468594217347957 17.994 2.1 0.46000000000000024
1.0 0.1036889332003988 17.994 2.08 0.47000000000000025
1.0 0.10069790628115653 17.994 2.02 0.48000000000000026
1.0 0.09970089730807577 17.994 2.0 0.49000000000000027
1.0 0.0967098703888335 17.994 1.94 0.5000000000000002
1.0 0.09272183449651047 17.994 1.86 0.5100000000000002
1.0 0.09172482552342971 17.994 1.84 0.5200000000000002
1.0 0.08773678963110668 17.994 1.76 0.5300000000000002
1.0 0.08673978065802593 17.994 1.74 0.5400000000000003
1.0 0.08574277168494517 17.994 1.72 0.5500000000000003
1.0 0.08574277168494517 17.994 1.72 0.5600000000000003
1.0 0.08275174476570289 17.994 1.66 0.5700000000000003
1.0 0.08175473579262213 17.994 1.64 0.5800000000000003
1.0 0.08075772681954138 17.994 1.62 0.5900000000000003
1.0 0.07976071784646062 17.994 1.6 0.6000000000000003
1.0 0.07776669990029911 17.994 1.56 0.6100000000000003
1.0 0.07377866400797607 17.994 1.48 0.6200000000000003
1.0 0.0707876370887338 17.994 1.42 0.6300000000000003
1.0 0.0707876370887338 17.994 1.42 0.6400000000000003
1.0 0.06380857427716849 17.994 1.28 0.6500000000000004
1.0 0.058823529411764705 17.994 1.18 0.6600000000000004
1.0 0.05583250249252243 17.994 1.12 0.6700000000000004
1.0 0.0518444666001994 17.994 1.04 0.6800000000000004
1.0 0.04685942173479561 17.994 0.94 0.6900000000000004
1.0 0.04187437686939183 17.994 0.84 0.7000000000000004
1.0 0.03988035892323031 17.994 0.8 0.7100000000000004
1.0 0.03788634097706879 17.994 0.76 0.7200000000000004
1.0 0.03589232303090728 17.994 0.72 0.7300000000000004
1.0 0.03489531405782652 17.994 0.7 0.7400000000000004
1.0 0.031904287138584245 17.994 0.64 0.7500000000000004
1.0 0.02991026919242273 17.994 0.6 0.7600000000000005
1.0 0.028913260219341975 17.994 0.58 0.7700000000000005
1.0 0.027916251246261216 17.994 0.56 0.7800000000000005
1.0 0.026919242273180457 17.994 0.54 0.7900000000000005
1.0 0.026919242273180457 17.994 0.54 0.8000000000000005
1.0 0.026919242273180457 17.994 0.54 0.8100000000000005
0.999888851839502 0.026919242273180457 17.992 0.54 0.8200000000000005
0.999888851839502 0.024925224327018942 17.992 0.5 0.8300000000000005
0.999888851839502 0.022931206380857428 17.992 0.46 0.8400000000000005
0.999888851839502 0.022931206380857428 17.992 0.46 0.8500000000000005
0.999888851839502 0.022931206380857428 17.992 0.46 0.8600000000000005
0.9997777036790041 0.02193419740777667 17.99 0.44 0.8700000000000006
0.9994442591975102 0.020937188434695914 17.984 0.42 0.8800000000000006
0.9992219628765144 0.020937188434695914 17.98 0.42 0.8900000000000006
0.9986662220740247 0.020937188434695914 17.97 0.42 0.9000000000000006
0.9982216294320329 0.020937188434695914 17.962 0.42 0.9100000000000006
0.9979993331110371 0.020937188434695914 17.958 0.42 0.9200000000000006
0.9978881849505391 0.019940179461615155 17.956 0.4 0.9300000000000006
0.9971101478270534 0.018943170488534396 17.942 0.38 0.9400000000000006
0.9963321107035679 0.018943170488534396 17.928 0.38 0.9500000000000006
0.9955540735800823 0.018943170488534396 17.914 0.38 0.9600000000000006
0.994220295654107 0.018943170488534396 17.89 0.38 0.9700000000000006
0.991997332444148 0.018943170488534396 17.85 0.38 0.9800000000000006
0.9815494053573414 0.018943170488534396 17.662 0.38 0.9900000000000007
0.0 0.0 0.0 0.0
