1.0 1.0 44.985 50.15 0.0
1.0 0.9910269192422732 44.985 49.7 0.01
1.0 0.9820538384845464 44.985 49.25 0.02
1.0 0.9690927218344965 44.985 48.6 0.03
1.0 0.9541375872382851 44.985 47.85 0.04
1.0 0.9431704885343968 44.985 47.3 0.05
1.0 0.9182452642073778 44.985 46.05 0.060000000000000005
1.0 0.9182452642073778 44.985 46.05 0.07
1.0 0.909272183449651 44.985 45.6 0.08
1.0 0.8993020937188435 44.985 45.1 0.09
1.0 0.8863409770687937 44.985 44.45 0.09999999999999999
1.0 0.872382851445663 44.985 43.75 0.10999999999999999
1.0 0.864406779661017 44.985 43.35 0.11999999999999998
1.0 0.8574277168494516 44.985 43.0 0.12999999999999998
1.0 0.847457627118644 44.985 42.5 0.13999999999999999
1.0 0.8424725822532403 44.985 42.25 0.15
1.0 0.8265204386839482 44.985 41.45 0.16
1.0 0.8165503489531406 44.985 40.95 0.17
1.0 0.7936191425722832 44.985 39.8 0.18000000000000002
1.0 0.7836490528414756 44.985 39.3 0.19000000000000003
1.0 0.7716849451645065 44.985 38.7 0.20000000000000004
1.0 0.765702891326022 44.985 38.4 0.21000000000000005
1.0 0.7537387836490529 44.985 37.8 0.22000000000000006
1.0 0.7467597208374875 44.985 37.45 0.23000000000000007
1.0 0.7397806580259222 44.985 37.1 0.24000000000000007
1.0 0.7337986041874377 44.985 36.8 0.25000000000000006
1.0 0.7298105682951147 44.985 36.6 0.26000000000000006
1.0 0.7258225324027916 44.985 36.4 0.2700000000000001
1.0 0.7208374875373879 44.985 36.15 0.2800000000000001
1.0 0.7168494516450648 44.985 35.95 0.2900000000000001
1.0 0.7138584247258225 44.985 35.8 0.3000000000000001
1.0 0.7038883349950149 44.985 35.3 0.3100000000000001
1.0 0.7008973080757727 44.985 35.15 0.3200000000000001
1.0 0.6899302093718843 44.985 34.6 0.3300000000000001
1.0 0.6799601196410767 44.985 34.1 0.34000000000000014
1.0 0.6729810568295115 44.985 33.75 0.35000000000000014
1.0 0.6620139581256231 44.985 33.2 0.36000000000000015
0.999888851839502 0.6530408773678963 44.98 32.75 0.37000000000000016
0.999888851839502 0.638085742771685 44.98 32.0 0.38000000000000017
0.999888851839502 0.6261216350947159 44.98 31.4 0.3900000000000002
0.999888851839502 0.6051844466600199 44.98 30.35 0.4000000000000002
0.999888851839502 0.5902293120638086 44.98 29.6 0.4100000000000002
0.999888851839502 0.576271186440678 44.98 28.9 0.4200000000000002
0.999888851839502 0.5583250249252243 44.98 28.0 0.4300000000000002
0.999888851839502 0.5413758723828515 44.98 27.15 0.4400000000000002
0.9997777036790041 0.5304087736789631 44.975 26.6 0.45000000000000023
0.9997777036790041 0.518444666001994 44.975 26.0 0.46000000000000024
0.9997777036790041 0.5014955134596212 44.975 25.15 0.47000000000000025
0.9997777036790041 0.4935194416749751 44.975 24.75 0.48000000000000026
0.9997777036790041 0.48454636091724823 44.975 24.3 0.49000000000000027
0.9997777036790041 0.4745762711864407 44.975 23.8 0.5000000000000002
0.9997777036790041 0.4626121635094716 44.975 23.2 0.5100000000000002
0.9997777036790041 0.4556331006979063 44.975 22.85 0.5200000000000002
0.9997777036790041 0.4506480558325025 44.975 22.6 0.5300000000000002
0.9997777036790041 0.4456630109670987 44.975 22.35 0.5400000000000003
0.9997777036790041 0.44466600199401796 44.975 22.3 0.5500000000000003
0.9997777036790041 0.44167497507477566 44.975 22.15 0.5600000000000003
0.9997777036790041 0.43768693918245266 44.975 21.95 0.5700000000000003
0.9997777036790041 0.4356929212362911 44.975 21.85 0.5800000000000003
0.9997777036790041 0.4336989032901296 44.975 21.75 0.5900000000000003
0.9997777036790041 0.4287138584247258 44.975 21.5 0.6000000000000003
0.9996665555185061 0.419740777666999 44.97 21.05 0.6100000000000003
0.9996665555185061 0.4117647058823529 44.97 20.65 0.6200000000000003
0.9996665555185061 0.4067796610169492 44.97 20.4 0.6300000000000003
0.9996665555185061 0.3968095712861416 44.97 19.9 0.6400000000000003
0.9996665555185061 0.38883349950149554 44.97 19.5 0.6500000000000004
0.9996665555185061 0.3778664007976072 44.97 18.95 0.6600000000000004
0.9996665555185061 0.36689930209371885 44.97 18.4 0.6700000000000004
0.9996665555185061 0.35493519441674976 44.97 17.8 0.6800000000000004
0.9996665555185061 0.3300099700897308 44.97 16.55 0.6900000000000004
0.9996665555185061 0.30309072781655033 44.97 15.2 0.7000000000000004
0.9996665555185061 0.2811565304087737 44.97 14.1 0.7100000000000004
0.9996665555185061 0.25822532402791626 44.97 12.95 0.7200000000000004
0.9996665555185061 0.2382851445663011 44.97 11.95 0.7300000000000004
0.9996665555185061 0.2213359920239282 44.97 11.1 0.7400000000000004
0.9996665555185061 0.19940179461615154 44.97 10.0 0.7500000000000004
0.9995554073580082 0.18743768693918245 44.965 9.4 0.7600000000000005
0.9994442591975102 0.17647058823529413 44.96 8.85 0.7700000000000005
0.9994442591975102 0.17048853439680958 44.96 8.55 0.7800000000000005
0.9992219628765144 0.1625124626121635 44.95 8.15 0.7900000000000005
0.9989996665555185 0.15553339980059822 44.94 7.8 0.8000000000000005
0.9988885183950206 0.14456630109670987 44.935 7.25 0.8100000000000005
0.9983327775925308 0.14257228315054835 44.91 7.15 0.8200000000000005
0.9976658886295432 0.1296111665004985 44.88 6.5 0.8300000000000005
0.995998666222074 0.12462612163509472 44.805 6.25 0.8400000000000005
0.9932199622096254 0.11964107676969092 44.68 6.0 0.8500000000000005
0.9887740357897077 0.1036889332003988 44.48 5.2 0.8600000000000005
0.9837723685673002 0.09571286141575275 44.255 4.8 0.8700000000000006
0.9759919973324441 0.08574277168494517 43.905 4.3 0.8800000000000006
0.9657663665666333 0.06979062811565304 43.445 3.5 0.8900000000000006
0.9549849949983328 0.05084745762711865 42.96 2.55 0.9000000000000006
0.9463154384794932 0.03389830508474576 42.57 1.7 0.9100000000000006
0.9360898077136823 0.01794616151545364 42.11 0.9 0.9200000000000006
0.9285317327998222 0.00897308075772682 41.77 0.45 0.9300000000000006
0.9195287317994887 0.004985044865403789 41.365 0.25 0.9400000000000006
0.9087473602311882 0.003988035892323031 40.88 0.2 0.9500000000000006
0.8979659886628877 9.970089730807576E-4 40.395 0.05 0.9600000000000006
0.8825163943536735 9.970089730807576E-4 39.7 0.05 0.9700000000000006
0.8499499833277759 9.970089730807576E-4 38.235 0.05 0.9800000000000006
0.7622540846948983 0.0 34.29 0.0 0.9900000000000007
0.0 0.0 0.0 0.0
