1.0 1.0 44.985 22.288888888888888 0.0
1.0 0.9850448654037887 44.985 21.955555555555556 0.01
1.0 0.9730807577268196 44.985 21.68888888888889 0.02
1.0 0.9611166500498505 44.985 21.42222222222222 0.03
1.0 0.942173479561316 44.985 21.0 0.04
1.0 0.9262213359920239 44.985 20.644444444444446 0.05
1.0 0.9102691924227319 44.985 20.288888888888888 0.060000000000000005
1.0 0.9102691924227319 44.985 20.288888888888888 0.07
1.0 0.9042871385842473 44.985 20.155555555555555 0.08
1.0 0.8923230309072782 44.985 19.88888888888889 0.09
1.0 0.8783649052841476 44.985 19.57777777777778 0.09999999999999999
1.0 0.8703888334995015 44.985 19.4 0.10999999999999999
1.0 0.8624127617148555 44.985 19.22222222222222 0.11999999999999998
1.0 0.8534396809571286 44.985 19.022222222222222 0.12999999999999998
1.0 0.8454636091724825 44.985 18.844444444444445 0.13999999999999999
1.0 0.8334995014955134 44.985 18.57777777777778 0.15
1.0 0.8235294117647058 44.985 18.355555555555554 0.16
1.0 0.8125623130608175 44.985 18.11111111111111 0.17
1.0 0.7816550348953141 44.985 17.42222222222222 0.18000000000000002
1.0 0.7716849451645065 44.985 17.2 0.19000000000000003
1.0 0.7537387836490529 44.985 16.8 0.20000000000000004
1.0 0.7437686939182453 44.985 16.57777777777778 0.21000000000000005
1.0 0.7357926221335992 44.985 16.4 0.22000000000000006
1.0 0.7298105682951147 44.985 16.266666666666666 0.23000000000000007
1.0 0.7258225324027916 44.985 16.177777777777777 0.24000000000000007
1.0 0.7218344965104686 44.985 16.08888888888889 0.25000000000000006
1.0 0.7198404785643071 44.985 16.044444444444444 0.26000000000000006
1.0 0.7148554336989033 44.985 15.933333333333334 0.2700000000000001
1.0 0.711864406779661 44.985 15.866666666666667 0.2800000000000001
1.0 0.7018943170488534 44.985 15.644444444444444 0.2900000000000001
1.0 0.6969092721834497 44.985 15.533333333333333 0.3000000000000001
1.0 0.6919242273180458 44.985 15.422222222222222 0.3100000000000001
1.0 0.6869391824526421 44.985 15.311111111111112 0.3200000000000001
1.0 0.6819541375872383 44.985 15.2 0.3300000000000001
1.0 0.6769690927218345 44.985 15.088888888888889 0.34000000000000014
1.0 0.6689930209371885 44.985 14.911111111111111 0.35000000000000014
1.0 0.6610169491525424 44.985 14.733333333333333 0.36000000000000015
1.0 0.650049850448654 44.985 14.488888888888889 0.37000000000000016
1.0 0.6311066799601196 44.985 14.066666666666666 0.38000000000000017
1.0 0.6201395812562313 44.985 13.822222222222223 0.3900000000000002
1.0 0.6071784646061814 44.985 13.533333333333333 0.4000000000000002
1.0 0.5912263210368893 44.985 13.177777777777777 0.4100000000000002
1.0 0.576271186440678 44.985 12.844444444444445 0.4200000000000002
1.0 0.5573280159521435 44.985 12.422222222222222 0.4300000000000002
1.0 0.53938185443669 44.985 12.022222222222222 0.4400000000000002
1.0 0.5194416749750748 44.985 11.577777777777778 0.45000000000000023
1.0 0.5094715852442672 44.985 11.355555555555556 0.46000000000000024
1.0 0.4985044865403789 44.985 11.11111111111111 0.47000000000000025
1.0 0.48953140578265203 44.985 10.911111111111111 0.48000000000000026
1.0 0.47557328015952144 44.985 10.6 0.49000000000000027
1.0 0.4666001994017946 44.985 10.4 0.5000000000000002
1.0 0.4626121635094716 44.985 10.311111111111112 0.5100000000000002
1.0 0.45862412761714855 44.985 10.222222222222221 0.5200000000000002
1.0 0.4556331006979063 44.985 10.155555555555555 0.5300000000000002
1.0 0.45363908275174475 44.985 10.11111111111111 0.5400000000000003
1.0 0.4506480558325025 44.985 10.044444444444444 0.5500000000000003
1.0 0.44666001994017945 44.985 9.955555555555556 0.5600000000000003
1.0 0.44666001994017945 44.985 9.955555555555556 0.5700000000000003
1.0 0.44167497507477566 44.985 9.844444444444445 0.5800000000000003
1.0 0.43768693918245266 44.985 9.755555555555556 0.5900000000000003
1.0 0.43469591226321036 44.985 9.688888888888888 0.6000000000000003
1.0 0.42572283150548357 44.985 9.488888888888889 0.6100000000000003
1.0 0.4187437686939183 44.985 9.333333333333334 0.6200000000000003
1.0 0.4127617148554337 44.985 9.2 0.6300000000000003
1.0 0.4037886340977069 44.985 9.0 0.6400000000000003
1.0 0.39082751744765704 44.985 8.71111111111111 0.6500000000000004
1.0 0.3778664007976072 44.985 8.422222222222222 0.6600000000000004
1.0 0.3659022931206381 44.985 8.155555555555555 0.6700000000000004
1.0 0.3469591226321037 44.985 7.733333333333333 0.6800000000000004
1.0 0.3230309072781655 44.985 7.2 0.6900000000000004
1.0 0.29910269192422734 44.985 6.666666666666667 0.7000000000000004
1.0 0.28713858424725824 44.985 6.4 0.7100000000000004
1.0 0.26719840478564305 44.985 5.955555555555556 0.7200000000000004
1.0 0.2542372881355932 44.985 5.666666666666667 0.7300000000000004
1.0 0.24027916251246262 44.985 5.355555555555555 0.7400000000000004
1.0 0.21734795613160518 44.985 4.844444444444444 0.7500000000000004
1.0 0.19641076769690927 44.985 4.377777777777778 0.7600000000000005
1.0 0.1864406779661017 44.985 4.155555555555556 0.7700000000000005
1.0 0.17647058823529413 44.985 3.933333333333333 0.7800000000000005
1.0 0.17048853439680958 44.985 3.8 0.7900000000000005
0.999888851839502 0.16350947158524426 44.98 3.6444444444444444 0.8000000000000005
0.9997777036790041 0.15952143569292124 44.975 3.5555555555555554 0.8100000000000005
0.9993331110370124 0.15254237288135594 44.955 3.4 0.8200000000000005
0.9984439257530288 0.15054835493519442 44.915 3.3555555555555556 0.8300000000000005
0.9969989996665555 0.14257228315054835 44.85 3.1777777777777776 0.8400000000000005
0.9945537401356007 0.13559322033898305 44.74 3.022222222222222 0.8500000000000005
0.9904412581971769 0.12562313060817548 44.555 2.8 0.8600000000000005
0.9849949983327776 0.11764705882352941 44.31 2.6222222222222222 0.8700000000000006
0.9772146270979215 0.10568295114656032 43.96 2.3555555555555556 0.8800000000000006
0.970323441147049 0.08873379860418744 43.65 1.9777777777777779 0.8900000000000006
0.9602089585417362 0.06679960119641076 43.195 1.488888888888889 0.9000000000000006
0.9503167722574192 0.05084745762711865 42.75 1.1333333333333333 0.9100000000000006
0.9415360675780816 0.03589232303090728 42.355 0.8 0.9200000000000006
0.9331999555407358 0.02991026919242273 41.98 0.6666666666666666 0.9300000000000006
0.924974991663888 0.027916251246261216 41.61 0.6222222222222222 0.9400000000000006
0.9174169167500278 0.023928215353938187 41.27 0.5333333333333333 0.9500000000000006
0.9073024341447149 0.022931206380857428 40.815 0.5111111111111111 0.9600000000000006
0.8915193953540069 0.02193419740777667 40.105 0.4888888888888889 0.9700000000000006
0.8633989107480271 0.020937188434695914 38.84 0.4666666666666667 0.9800000000000006
0.7813715683005447 0.020937188434695914 35.15 0.4666666666666667 0.9900000000000007
0.0 0.0 0.0 0.0
