1.0 1.0 14.995 28.65714285714286 0.0
1.0 0.6251246261216351 14.995 17.914285714285715 0.01
1.0 0.4675972083748754 14.995 13.4 0.02
1.0 0.4097706879361914 14.995 11.742857142857142 0.03
1.0 0.36390827517447655 14.995 10.428571428571429 0.04
1.0 0.3240279162512463 14.995 9.285714285714286 0.05
1.0 0.27018943170488535 14.995 7.742857142857143 0.060000000000000005
1.0 0.27018943170488535 14.995 7.742857142857143 0.07
1.0 0.2542372881355932 14.995 7.285714285714286 0.08
1.0 0.23728813559322035 14.995 6.8 0.09
1.0 0.22532402791625125 14.995 6.457142857142857 0.09999999999999999
1.0 0.20837487537387836 14.995 5.9714285714285715 0.10999999999999999
1.0 0.19940179461615154 14.995 5.714285714285714 0.11999999999999998
1.0 0.19242273180458624 14.995 5.514285714285714 0.12999999999999998
1.0 0.1794616151545364 14.995 5.142857142857143 0.13999999999999999
1.0 0.1744765702891326 14.995 5.0 0.15
1.0 0.16849451645064806 14.995 4.828571428571428 0.16
1.0 0.15453639082751744 14.995 4.428571428571429 0.17
1.0 0.13260219341974078 14.995 3.8 0.18000000000000002
1.0 0.12163509471585245 14.995 3.4857142857142858 0.19000000000000003
1.0 0.11864406779661017 14.995 3.4 0.20000000000000004
1.0 0.1106679960119641 14.995 3.1714285714285713 0.21000000000000005
1.0 0.10667996011964108 14.995 3.057142857142857 0.22000000000000006
1.0 0.1036889332003988 14.995 2.9714285714285715 0.23000000000000007
1.0 0.1016949152542373 14.995 2.914285714285714 0.24000000000000007
1.0 0.09870388833499502 14.995 2.8285714285714287 0.25000000000000006
1.0 0.09471585244267199 14.995 2.7142857142857144 0.26000000000000006
1.0 0.09172482552342971 14.995 2.6285714285714286 0.2700000000000001
1.0 0.08773678963110668 14.995 2.5142857142857142 0.2800000000000001
1.0 0.08673978065802593 14.995 2.4857142857142858 0.2900000000000001
1.0 0.08574277168494517 14.995 2.4571428571428573 0.3000000000000001
1.0 0.08075772681954138 14.995 2.3142857142857145 0.3100000000000001
1.0 0.07477567298105683 14.995 2.142857142857143 0.3200000000000001
1.0 0.07377866400797607 14.995 2.1142857142857143 0.3300000000000001
1.0 0.06779661016949153 14.995 1.9428571428571428 0.34000000000000014
1.0 0.06679960119641076 14.995 1.9142857142857144 0.35000000000000014
1.0 0.06480558325024925 14.995 1.8571428571428572 0.36000000000000015
1.0 0.06281156530408774 14.995 1.8 0.37000000000000016
1.0 0.05982053838484546 14.995 1.7142857142857142 0.38000000000000017
1.0 0.053838484546360914 14.995 1.542857142857143 0.3900000000000002
1.0 0.0518444666001994 14.995 1.4857142857142858 0.4000000000000002
1.0 0.049850448654037885 14.995 1.4285714285714286 0.4100000000000002
1.0 0.04685942173479561 14.995 1.3428571428571427 0.4200000000000002
1.0 0.04287138584247258 14.995 1.2285714285714286 0.4300000000000002
1.0 0.040877367896311065 14.995 1.1714285714285715 0.4400000000000002
1.0 0.03988035892323031 14.995 1.1428571428571428 0.45000000000000023
1.0 0.03988035892323031 14.995 1.1428571428571428 0.46000000000000024
1.0 0.03788634097706879 14.995 1.0857142857142856 0.47000000000000025
1.0 0.03589232303090728 14.995 1.0285714285714285 0.48000000000000026
1.0 0.03389830508474576 14.995 0.9714285714285714 0.49000000000000027
1.0 0.03389830508474576 14.995 0.9714285714285714 0.5000000000000002
1.0 0.03290129611166501 14.995 0.9428571428571428 0.5100000000000002
1.0 0.03290129611166501 14.995 0.9428571428571428 0.5200000000000002
1.0 0.03090727816550349 14.995 0.8857142857142857 0.5300000000000002
1.0 0.03090727816550349 14.995 0.8857142857142857 0.5400000000000003
1.0 0.02991026919242273 14.995 0.8571428571428571 0.5500000000000003
1.0 0.027916251246261216 14.995 0.8 0.5600000000000003
1.0 0.027916251246261216 14.995 0.8 0.5700000000000003
1.0 0.027916251246261216 14.995 0.8 0.5800000000000003
1.0 0.0259222333000997 14.995 0.7428571428571429 0.5900000000000003
1.0 0.023928215353938187 14.995 0.6857142857142857 0.6000000000000003
1.0 0.023928215353938187 14.995 0.6857142857142857 0.6100000000000003
1.0 0.022931206380857428 14.995 0.6571428571428571 0.6200000000000003
1.0 0.02193419740777667 14.995 0.6285714285714286 0.6300000000000003
1.0 0.02193419740777667 14.995 0.6285714285714286 0.6400000000000003
1.0 0.020937188434695914 14.995 0.6 0.6500000000000004
1.0 0.019940179461615155 14.995 0.5714285714285714 0.6600000000000004
1.0 0.01794616151545364 14.995 0.5142857142857142 0.6700000000000004
1.0 0.01794616151545364 14.995 0.5142857142857142 0.6800000000000004
1.0 0.01794616151545364 14.995 0.5142857142857142 0.6900000000000004
1.0 0.01794616151545364 14.995 0.5142857142857142 0.7000000000000004
1.0 0.014955134596211365 14.995 0.42857142857142855 0.7100000000000004
1.0 0.01296111665004985 14.995 0.37142857142857144 0.7200000000000004
1.0 0.01296111665004985 14.995 0.37142857142857144 0.7300000000000004
1.0 0.009970089730807577 14.995 0.2857142857142857 0.7400000000000004
1.0 0.009970089730807577 14.995 0.2857142857142857 0.7500000000000004
1.0 0.009970089730807577 14.995 0.2857142857142857 0.7600000000000005
1.0 0.00897308075772682 14.995 0.2571428571428571 0.7700000000000005
1.0 0.007976071784646061 14.995 0.22857142857142856 0.7800000000000005
1.0 0.007976071784646061 14.995 0.22857142857142856 0.7900000000000005
1.0 0.007976071784646061 14.995 0.22857142857142856 0.8000000000000005
1.0 0.006979062811565304 14.995 0.2 0.8100000000000005
1.0 0.006979062811565304 14.995 0.2 0.8200000000000005
1.0 0.005982053838484547 14.995 0.17142857142857143 0.8300000000000005
1.0 0.005982053838484547 14.995 0.17142857142857143 0.8400000000000005
0.999888851839502 0.005982053838484547 14.993333333333334 0.17142857142857143 0.8500000000000005
0.999888851839502 0.004985044865403789 14.993333333333334 0.14285714285714285 0.8600000000000005
0.9997777036790041 0.003988035892323031 14.991666666666667 0.11428571428571428 0.8700000000000006
0.9996665555185061 0.003988035892323031 14.99 0.11428571428571428 0.8800000000000006
0.9994442591975102 0.0019940179461615153 14.986666666666666 0.05714285714285714 0.8900000000000006
0.9993331110370124 9.970089730807576E-4 14.985 0.02857142857142857 0.9000000000000006
0.9991108147160165 0.0 14.981666666666667 0.0 0.9100000000000006
0.9989996665555185 0.0 14.98 0.0 0.9200000000000006
0.9988885183950206 0.0 14.978333333333333 0.0 0.9300000000000006
0.9985550739135267 0.0 14.973333333333333 0.0 0.9400000000000006
0.9984439257530288 0.0 14.971666666666666 0.0 0.9500000000000006
0.9983327775925308 0.0 14.97 0.0 0.9600000000000006
0.9977770367900411 0.0 14.961666666666666 0.0 0.9700000000000006
0.9963321107035679 0.0 14.94 0.0 0.9800000000000006
0.991997332444148 0.0 14.875 0.0 0.9900000000000007
0.0 0.0 0.0 0.0
