1.0 1.0 12.852857142857143 Infinity 0.0
1.0 0.53938185443669 12.852857142857143 Infinity 0.01
1.0 0.34795613160518446 12.852857142857143 Infinity 0.02
1.0 0.27716849451645065 12.852857142857143 Infinity 0.03
1.0 0.23629112662013957 12.852857142857143 Infinity 0.04
1.0 0.21136590229312063 12.852857142857143 Infinity 0.05
1.0 0.16350947158524426 12.852857142857143 Infinity 0.060000000000000005
1.0 0.16350947158524426 12.852857142857143 Infinity 0.07
1.0 0.14755732801595214 12.852857142857143 Infinity 0.08
1.0 0.13060817547357925 12.852857142857143 Infinity 0.09
1.0 0.11964107676969092 12.852857142857143 Infinity 0.09999999999999999
1.0 0.11665004985044865 12.852857142857143 Infinity 0.10999999999999999
1.0 0.1106679960119641 12.852857142857143 Infinity 0.11999999999999998
1.0 0.10568295114656032 12.852857142857143 Infinity 0.12999999999999998
1.0 0.10468594217347957 12.852857142857143 Infinity 0.13999999999999999
1.0 0.10269192422731804 12.852857142857143 Infinity 0.15
1.0 0.0967098703888335 12.852857142857143 Infinity 0.16
1.0 0.09571286141575275 12.852857142857143 Infinity 0.17
1.0 0.08075772681954138 12.852857142857143 Infinity 0.18000000000000002
1.0 0.07178464606181456 12.852857142857143 Infinity 0.19000000000000003
1.0 0.06879361914257229 12.852857142857143 Infinity 0.20000000000000004
1.0 0.06580259222333001 12.852857142857143 Infinity 0.21000000000000005
1.0 0.06380857427716849 12.852857142857143 Infinity 0.22000000000000006
1.0 0.06380857427716849 12.852857142857143 Infinity 0.23000000000000007
1.0 0.06081754735792622 12.852857142857143 Infinity 0.24000000000000007
1.0 0.05982053838484546 12.852857142857143 Infinity 0.25000000000000006
1.0 0.05982053838484546 12.852857142857143 Infinity 0.26000000000000006
1.0 0.05982053838484546 12.852857142857143 Infinity 0.2700000000000001
1.0 0.05982053838484546 12.852857142857143 Infinity 0.2800000000000001
1.0 0.058823529411764705 12.852857142857143 Infinity 0.2900000000000001
1.0 0.058823529411764705 12.852857142857143 Infinity 0.3000000000000001
1.0 0.058823529411764705 12.852857142857143 Infinity 0.3100000000000001
1.0 0.05782652043868395 12.852857142857143 Infinity 0.3200000000000001
1.0 0.05583250249252243 12.852857142857143 Infinity 0.3300000000000001
1.0 0.054835493519441676 12.852857142857143 Infinity 0.34000000000000014
1.0 0.0518444666001994 12.852857142857143 Infinity 0.35000000000000014
1.0 0.05084745762711865 12.852857142857143 Infinity 0.36000000000000015
1.0 0.04685942173479561 12.852857142857143 Infinity 0.37000000000000016
1.0 0.0448654037886341 12.852857142857143 Infinity 0.38000000000000017
1.0 0.03988035892323031 12.852857142857143 Infinity 0.3900000000000002
1.0 0.038883349950149554 12.852857142857143 Infinity 0.4000000000000002
1.0 0.038883349950149554 12.852857142857143 Infinity 0.4100000000000002
1.0 0.036889332003988036 12.852857142857143 Infinity 0.4200000000000002
1.0 0.03589232303090728 12.852857142857143 Infinity 0.4300000000000002
1.0 0.03290129611166501 12.852857142857143 Infinity 0.4400000000000002
1.0 0.03290129611166501 12.852857142857143 Infinity 0.45000000000000023
1.0 0.031904287138584245 12.852857142857143 Infinity 0.46000000000000024
1.0 0.031904287138584245 12.852857142857143 Infinity 0.47000000000000025
1.0 0.02991026919242273 12.852857142857143 Infinity 0.48000000000000026
1.0 0.026919242273180457 12.852857142857143 Infinity 0.49000000000000027
1.0 0.0259222333000997 12.852857142857143 Infinity 0.5000000000000002
1.0 0.0259222333000997 12.852857142857143 Infinity 0.5100000000000002
1.0 0.0259222333000997 12.852857142857143 Infinity 0.5200000000000002
1.0 0.0259222333000997 12.852857142857143 Infinity 0.5300000000000002
1.0 0.0259222333000997 12.852857142857143 Infinity 0.5400000000000003
1.0 0.0259222333000997 12.852857142857143 Infinity 0.5500000000000003
1.0 0.0259222333000997 12.852857142857143 Infinity 0.5600000000000003
1.0 0.0259222333000997 12.852857142857143 Infinity 0.5700000000000003
1.0 0.0259222333000997 12.852857142857143 Infinity 0.5800000000000003
1.0 0.0259222333000997 12.852857142857143 Infinity 0.5900000000000003
1.0 0.024925224327018942 12.852857142857143 Infinity 0.6000000000000003
1.0 0.023928215353938187 12.852857142857143 Infinity 0.6100000000000003
1.0 0.023928215353938187 12.852857142857143 Infinity 0.6200000000000003
1.0 0.022931206380857428 12.852857142857143 Infinity 0.6300000000000003
1.0 0.022931206380857428 12.852857142857143 Infinity 0.6400000000000003
1.0 0.02193419740777667 12.852857142857143 Infinity 0.6500000000000004
1.0 0.018943170488534396 12.852857142857143 Infinity 0.6600000000000004
1.0 0.01794616151545364 12.852857142857143 Infinity 0.6700000000000004
1.0 0.01296111665004985 12.852857142857143 Infinity 0.6800000000000004
1.0 0.01296111665004985 12.852857142857143 Infinity 0.6900000000000004
1.0 0.011964107676969093 12.852857142857143 Infinity 0.7000000000000004
1.0 0.011964107676969093 12.852857142857143 Infinity 0.7100000000000004
1.0 0.010967098703888335 12.852857142857143 Infinity 0.7200000000000004
1.0 0.009970089730807577 12.852857142857143 Infinity 0.7300000000000004
1.0 0.007976071784646061 12.852857142857143 Infinity 0.7400000000000004
1.0 0.007976071784646061 12.852857142857143 Infinity 0.7500000000000004
1.0 0.007976071784646061 12.852857142857143 Infinity 0.7600000000000005
1.0 0.006979062811565304 12.852857142857143 Infinity 0.7700000000000005
1.0 0.006979062811565304 12.852857142857143 Infinity 0.7800000000000005
1.0 0.005982053838484547 12.852857142857143 Infinity 0.7900000000000005
1.0 0.004985044865403789 12.852857142857143 Infinity 0.8000000000000005
1.0 0.004985044865403789 12.852857142857143 Infinity 0.8100000000000005
1.0 0.004985044865403789 12.852857142857143 Infinity 0.8200000000000005
1.0 0.003988035892323031 12.852857142857143 Infinity 0.8300000000000005
1.0 0.0029910269192422734 12.852857142857143 Infinity 0.8400000000000005
1.0 0.0029910269192422734 12.852857142857143 Infinity 0.8500000000000005
0.999888851839502 0.0019940179461615153 12.851428571428572 Infinity 0.8600000000000005
0.999888851839502 9.970089730807576E-4 12.851428571428572 Infinity 0.8700000000000006
0.999888851839502 9.970089730807576E-4 12.851428571428572 Infinity 0.8800000000000006
0.9996665555185061 9.970089730807576E-4 12.848571428571429 Infinity 0.8900000000000006
0.9994442591975102 0.0 12.845714285714285 NaN 0.9000000000000006
0.9992219628765144 0.0 12.842857142857143 NaN 0.9100000000000006
0.9989996665555185 0.0 12.84 NaN 0.9200000000000006
0.9989996665555185 0.0 12.84 NaN 0.9300000000000006
0.9987773702345226 0.0 12.837142857142856 NaN 0.9400000000000006
0.9982216294320329 0.0 12.83 NaN 0.9500000000000006
0.9979993331110371 0.0 12.827142857142857 NaN 0.9600000000000006
0.9974435923085473 0.0 12.82 NaN 0.9700000000000006
0.996109814382572 0.0 12.802857142857142 NaN 0.9800000000000006
0.9938868511726131 0.0 12.774285714285714 NaN 0.9900000000000007
0.0 0.0 0.0 0.0
