1.0 1.0 12.852857142857143 40.12 0.0
1.0 0.5772681954137587 12.852857142857143 23.16 0.01
1.0 0.4167497507477567 12.852857142857143 16.72 0.02
1.0 0.3489531405782652 12.852857142857143 14.0 0.03
1.0 0.3000997008973081 12.852857142857143 12.04 0.04
1.0 0.2691924227318046 12.852857142857143 10.8 0.05
1.0 0.226321036889332 12.852857142857143 9.08 0.060000000000000005
1.0 0.226321036889332 12.852857142857143 9.08 0.07
1.0 0.2073778664007976 12.852857142857143 8.32 0.08
1.0 0.19541375872382852 12.852857142857143 7.84 0.09
1.0 0.18843469591226322 12.852857142857143 7.56 0.09999999999999999
1.0 0.17347956131605186 12.852857142857143 6.96 0.10999999999999999
1.0 0.16550348953140578 12.852857142857143 6.64 0.11999999999999998
1.0 0.1585244267198405 12.852857142857143 6.36 0.12999999999999998
1.0 0.1465603190428714 12.852857142857143 5.88 0.13999999999999999
1.0 0.1415752741774676 12.852857142857143 5.68 0.15
1.0 0.13160518444666003 12.852857142857143 5.28 0.16
1.0 0.1226321036889332 12.852857142857143 4.92 0.17
1.0 0.1106679960119641 12.852857142857143 4.44 0.18000000000000002
1.0 0.10667996011964108 12.852857142857143 4.28 0.19000000000000003
1.0 0.1016949152542373 12.852857142857143 4.08 0.20000000000000004
1.0 0.09970089730807577 12.852857142857143 4.0 0.21000000000000005
1.0 0.0967098703888335 12.852857142857143 3.88 0.22000000000000006
1.0 0.09272183449651047 12.852857142857143 3.72 0.23000000000000007
1.0 0.08773678963110668 12.852857142857143 3.52 0.24000000000000007
1.0 0.08374875373878365 12.852857142857143 3.36 0.25000000000000006
1.0 0.08175473579262213 12.852857142857143 3.28 0.26000000000000006
1.0 0.07876370887337986 12.852857142857143 3.16 0.2700000000000001
1.0 0.07676969092721835 12.852857142857143 3.08 0.2800000000000001
1.0 0.07278165503489531 12.852857142857143 2.92 0.2900000000000001
1.0 0.06979062811565304 12.852857142857143 2.8 0.3000000000000001
1.0 0.06879361914257229 12.852857142857143 2.76 0.3100000000000001
1.0 0.06480558325024925 12.852857142857143 2.6 0.3200000000000001
1.0 0.06480558325024925 12.852857142857143 2.6 0.3300000000000001
1.0 0.06181455633100698 12.852857142857143 2.48 0.34000000000000014
1.0 0.06081754735792622 12.852857142857143 2.44 0.35000000000000014
1.0 0.058823529411764705 12.852857142857143 2.36 0.36000000000000015
1.0 0.05782652043868395 12.852857142857143 2.32 0.37000000000000016
1.0 0.05682951146560319 12.852857142857143 2.28 0.38000000000000017
1.0 0.05682951146560319 12.852857142857143 2.28 0.3900000000000002
1.0 0.054835493519441676 12.852857142857143 2.2 0.4000000000000002
1.0 0.0518444666001994 12.852857142857143 2.08 0.4100000000000002
1.0 0.0518444666001994 12.852857142857143 2.08 0.4200000000000002
1.0 0.05084745762711865 12.852857142857143 2.04 0.4300000000000002
1.0 0.049850448654037885 12.852857142857143 2.0 0.4400000000000002
1.0 0.045862412761714856 12.852857142857143 1.84 0.45000000000000023
1.0 0.04187437686939183 12.852857142857143 1.68 0.46000000000000024
1.0 0.038883349950149554 12.852857142857143 1.56 0.47000000000000025
1.0 0.03589232303090728 12.852857142857143 1.44 0.48000000000000026
1.0 0.03489531405782652 12.852857142857143 1.4 0.49000000000000027
1.0 0.03489531405782652 12.852857142857143 1.4 0.5000000000000002
1.0 0.03389830508474576 12.852857142857143 1.36 0.5100000000000002
1.0 0.03389830508474576 12.852857142857143 1.36 0.5200000000000002
1.0 0.03389830508474576 12.852857142857143 1.36 0.5300000000000002
1.0 0.03389830508474576 12.852857142857143 1.36 0.5400000000000003
1.0 0.03389830508474576 12.852857142857143 1.36 0.5500000000000003
1.0 0.03389830508474576 12.852857142857143 1.36 0.5600000000000003
1.0 0.03389830508474576 12.852857142857143 1.36 0.5700000000000003
1.0 0.03389830508474576 12.852857142857143 1.36 0.5800000000000003
1.0 0.03389830508474576 12.852857142857143 1.36 0.5900000000000003
1.0 0.03389830508474576 12.852857142857143 1.36 0.6000000000000003
1.0 0.03290129611166501 12.852857142857143 1.32 0.6100000000000003
1.0 0.03290129611166501 12.852857142857143 1.32 0.6200000000000003
1.0 0.03090727816550349 12.852857142857143 1.24 0.6300000000000003
1.0 0.02991026919242273 12.852857142857143 1.2 0.6400000000000003
1.0 0.02991026919242273 12.852857142857143 1.2 0.6500000000000004
1.0 0.02991026919242273 12.852857142857143 1.2 0.6600000000000004
1.0 0.02991026919242273 12.852857142857143 1.2 0.6700000000000004
1.0 0.02991026919242273 12.852857142857143 1.2 0.6800000000000004
1.0 0.028913260219341975 12.852857142857143 1.16 0.6900000000000004
1.0 0.026919242273180457 12.852857142857143 1.08 0.7000000000000004
1.0 0.024925224327018942 12.852857142857143 1.0 0.7100000000000004
1.0 0.023928215353938187 12.852857142857143 0.96 0.7200000000000004
1.0 0.023928215353938187 12.852857142857143 0.96 0.7300000000000004
1.0 0.023928215353938187 12.852857142857143 0.96 0.7400000000000004
1.0 0.023928215353938187 12.852857142857143 0.96 0.7500000000000004
1.0 0.023928215353938187 12.852857142857143 0.96 0.7600000000000005
1.0 0.022931206380857428 12.852857142857143 0.92 0.7700000000000005
1.0 0.022931206380857428 12.852857142857143 0.92 0.7800000000000005
1.0 0.02193419740777667 12.852857142857143 0.88 0.7900000000000005
1.0 0.02193419740777667 12.852857142857143 0.88 0.8000000000000005
1.0 0.02193419740777667 12.852857142857143 0.88 0.8100000000000005
1.0 0.02193419740777667 12.852857142857143 0.88 0.8200000000000005
1.0 0.02193419740777667 12.852857142857143 0.88 0.8300000000000005
1.0 0.02193419740777667 12.852857142857143 0.88 0.8400000000000005
1.0 0.02193419740777667 12.852857142857143 0.88 0.8500000000000005
0.9997777036790041 0.02193419740777667 12.85 0.88 0.8600000000000005
0.9997777036790041 0.02193419740777667 12.85 0.88 0.8700000000000006
0.9997777036790041 0.02193419740777667 12.85 0.88 0.8800000000000006
0.9997777036790041 0.02193419740777667 12.85 0.88 0.8900000000000006
0.9997777036790041 0.02193419740777667 12.85 0.88 0.9000000000000006
0.9996665555185061 0.020937188434695914 12.848571428571429 0.84 0.9100000000000006
0.9996665555185061 0.020937188434695914 12.848571428571429 0.84 0.9200000000000006
0.9996665555185061 0.019940179461615155 12.848571428571429 0.8 0.9300000000000006
0.9996665555185061 0.019940179461615155 12.848571428571429 0.8 0.9400000000000006
0.9994442591975102 0.019940179461615155 12.845714285714285 0.8 0.9500000000000006
0.9991108147160165 0.019940179461615155 12.84142857142857 0.8 0.9600000000000006
0.9991108147160165 0.019940179461615155 12.84142857142857 0.8 0.9700000000000006
0.9984439257530288 0.019940179461615155 12.832857142857144 0.8 0.9800000000000006
0.9955540735800823 0.019940179461615155 12.795714285714286 0.8 0.9900000000000007
0.0 0.0 0.0 0.0
