1.0 1.0 14.995 28.65714285714286 0.0
1.0 0.839481555333998 14.995 24.057142857142857 0.01
1.0 0.7218344965104686 14.995 20.685714285714287 0.02
1.0 0.6590229312063809 14.995 18.885714285714286 0.03
1.0 0.6211365902293121 14.995 17.8 0.04
1.0 0.5952143569292123 14.995 17.057142857142857 0.05
1.0 0.5493519441674976 14.995 15.742857142857142 0.060000000000000005
1.0 0.5493519441674976 14.995 15.742857142857142 0.07
1.0 0.5244267198404786 14.995 15.028571428571428 0.08
1.0 0.5064805583250249 14.995 14.514285714285714 0.09
1.0 0.48953140578265203 14.995 14.028571428571428 0.09999999999999999
1.0 0.47058823529411764 14.995 13.485714285714286 0.10999999999999999
1.0 0.4556331006979063 14.995 13.057142857142857 0.11999999999999998
1.0 0.44965104685942175 14.995 12.885714285714286 0.12999999999999998
1.0 0.43968095712861416 14.995 12.6 0.13999999999999999
1.0 0.4287138584247258 14.995 12.285714285714286 0.15
1.0 0.4187437686939183 14.995 12.0 0.16
1.0 0.4167497507477567 14.995 11.942857142857143 0.17
1.0 0.39980059820538383 14.995 11.457142857142857 0.18000000000000002
1.0 0.39282153539381853 14.995 11.257142857142858 0.19000000000000003
1.0 0.38584247258225324 14.995 11.057142857142857 0.20000000000000004
1.0 0.37188434695912265 14.995 10.657142857142857 0.21000000000000005
1.0 0.3708873379860419 14.995 10.628571428571428 0.22000000000000006
1.0 0.3629112662013958 14.995 10.4 0.23000000000000007
1.0 0.353938185443669 14.995 10.142857142857142 0.24000000000000007
1.0 0.3509471585244267 14.995 10.057142857142857 0.25000000000000006
1.0 0.3459621136590229 14.995 9.914285714285715 0.26000000000000006
1.0 0.3459621136590229 14.995 9.914285714285715 0.2700000000000001
1.0 0.3389830508474576 14.995 9.714285714285714 0.2800000000000001
1.0 0.3339980059820538 14.995 9.571428571428571 0.2900000000000001
1.0 0.3300099700897308 14.995 9.457142857142857 0.3000000000000001
1.0 0.3270189431704885 14.995 9.371428571428572 0.3100000000000001
1.0 0.325024925224327 14.995 9.314285714285715 0.3200000000000001
1.0 0.3240279162512463 14.995 9.285714285714286 0.3300000000000001
1.0 0.3200398803589232 14.995 9.17142857142857 0.34000000000000014
1.0 0.3140578265204387 14.995 9.0 0.35000000000000014
1.0 0.31106679960119643 14.995 8.914285714285715 0.36000000000000015
1.0 0.30807577268195413 14.995 8.82857142857143 0.37000000000000016
1.0 0.3000997008973081 14.995 8.6 0.38000000000000017
1.0 0.29411764705882354 14.995 8.428571428571429 0.3900000000000002
1.0 0.288135593220339 14.995 8.257142857142858 0.4000000000000002
1.0 0.28614157527417744 14.995 8.2 0.4100000000000002
1.0 0.28414755732801594 14.995 8.142857142857142 0.4200000000000002
1.0 0.28215353938185445 14.995 8.085714285714285 0.4300000000000002
1.0 0.27716849451645065 14.995 7.942857142857143 0.4400000000000002
1.0 0.27218344965104685 14.995 7.8 0.45000000000000023
1.0 0.27018943170488535 14.995 7.742857142857143 0.46000000000000024
1.0 0.26520438683948155 14.995 7.6 0.47000000000000025
1.0 0.2612163509471585 14.995 7.485714285714286 0.48000000000000026
1.0 0.2522432701894317 14.995 7.228571428571429 0.49000000000000027
1.0 0.2502492522432702 14.995 7.171428571428572 0.5000000000000002
1.0 0.24426719840478564 14.995 7.0 0.5100000000000002
1.0 0.23728813559322035 14.995 6.8 0.5200000000000002
1.0 0.2333000997008973 14.995 6.685714285714286 0.5300000000000002
1.0 0.22831505483549352 14.995 6.542857142857143 0.5400000000000003
1.0 0.22731804586241275 14.995 6.514285714285714 0.5500000000000003
1.0 0.22532402791625125 14.995 6.457142857142857 0.5600000000000003
1.0 0.22333000997008973 14.995 6.4 0.5700000000000003
1.0 0.2213359920239282 14.995 6.3428571428571425 0.5800000000000003
1.0 0.22033898305084745 14.995 6.314285714285714 0.5900000000000003
1.0 0.21635094715852443 14.995 6.2 0.6000000000000003
1.0 0.2123629112662014 14.995 6.085714285714285 0.6100000000000003
1.0 0.20937188434695914 14.995 6.0 0.6200000000000003
1.0 0.2073778664007976 14.995 5.942857142857143 0.6300000000000003
1.0 0.20638085742771686 14.995 5.914285714285715 0.6400000000000003
1.0 0.2023928215353938 14.995 5.8 0.6500000000000004
1.0 0.20039880358923232 14.995 5.742857142857143 0.6600000000000004
1.0 0.19740777666999004 14.995 5.6571428571428575 0.6700000000000004
1.0 0.19740777666999004 14.995 5.6571428571428575 0.6800000000000004
1.0 0.19641076769690927 14.995 5.628571428571429 0.6900000000000004
1.0 0.19042871385842472 14.995 5.457142857142857 0.7000000000000004
1.0 0.1864406779661017 14.995 5.3428571428571425 0.7100000000000004
1.0 0.18544366899302095 14.995 5.314285714285714 0.7200000000000004
1.0 0.18245264207377868 14.995 5.228571428571429 0.7300000000000004
1.0 0.17846460618145563 14.995 5.114285714285714 0.7400000000000004
1.0 0.17547357926221335 14.995 5.0285714285714285 0.7500000000000004
1.0 0.17347956131605186 14.995 4.9714285714285715 0.7600000000000005
1.0 0.16849451645064806 14.995 4.828571428571428 0.7700000000000005
1.0 0.16350947158524426 14.995 4.685714285714286 0.7800000000000005
1.0 0.1535393818544367 14.995 4.4 0.7900000000000005
1.0 0.14955134596211367 14.995 4.285714285714286 0.8000000000000005
1.0 0.14356929212362912 14.995 4.114285714285714 0.8100000000000005
1.0 0.14057826520438685 14.995 4.0285714285714285 0.8200000000000005
1.0 0.13958125623130607 14.995 4.0 0.8300000000000005
1.0 0.13559322033898305 14.995 3.8857142857142857 0.8400000000000005
0.999888851839502 0.13160518444666003 14.993333333333334 3.7714285714285714 0.8500000000000005
0.9997777036790041 0.12362911266201396 14.991666666666667 3.5428571428571427 0.8600000000000005
0.9995554073580082 0.11764705882352941 14.988333333333333 3.3714285714285714 0.8700000000000006
0.9995554073580082 0.11266201395812563 14.988333333333333 3.2285714285714286 0.8800000000000006
0.9993331110370124 0.10967098703888335 14.985 3.142857142857143 0.8900000000000006
0.9991108147160165 0.10667996011964108 14.981666666666667 3.057142857142857 0.9000000000000006
0.9989996665555185 0.1016949152542373 14.98 2.914285714285714 0.9100000000000006
0.9987773702345226 0.09571286141575275 14.976666666666667 2.742857142857143 0.9200000000000006
0.9987773702345226 0.0897308075772682 14.976666666666667 2.5714285714285716 0.9300000000000006
0.9985550739135267 0.08075772681954138 14.973333333333333 2.3142857142857145 0.9400000000000006
0.9984439257530288 0.07676969092721835 14.971666666666666 2.2 0.9500000000000006
0.9979993331110371 0.06979062811565304 14.965 2.0 0.9600000000000006
0.9973324441480493 0.06380857427716849 14.955 1.8285714285714285 0.9700000000000006
0.9953317772590864 0.054835493519441676 14.925 1.5714285714285714 0.9800000000000006
0.9909969989996665 0.03589232303090728 14.86 1.0285714285714285 0.9900000000000007
0.0 0.0 0.0 0.0
