1.0 1.0 12.852857142857143 40.12 0.0
1.0 0.5792622133599202 12.852857142857143 23.24 0.01
1.0 0.4187437686939183 12.852857142857143 16.8 0.02
1.0 0.35294117647058826 12.852857142857143 14.16 0.03
1.0 0.31106679960119643 12.852857142857143 12.48 0.04
1.0 0.27916251246261214 12.852857142857143 11.2 0.05
1.0 0.23529411764705882 12.852857142857143 9.44 0.060000000000000005
1.0 0.23529411764705882 12.852857142857143 9.44 0.07
1.0 0.22432701894317048 12.852857142857143 9.0 0.08
1.0 0.2123629112662014 12.852857142857143 8.52 0.09
1.0 0.2023928215353938 12.852857142857143 8.12 0.09999999999999999
1.0 0.18943170488534397 12.852857142857143 7.6 0.10999999999999999
1.0 0.1794616151545364 12.852857142857143 7.2 0.11999999999999998
1.0 0.1694915254237288 12.852857142857143 6.8 0.12999999999999998
1.0 0.16849451645064806 12.852857142857143 6.76 0.13999999999999999
1.0 0.16350947158524426 12.852857142857143 6.56 0.15
1.0 0.15553339980059822 12.852857142857143 6.24 0.16
1.0 0.15054835493519442 12.852857142857143 6.04 0.17
1.0 0.1415752741774676 12.852857142857143 5.68 0.18000000000000002
1.0 0.13958125623130607 12.852857142857143 5.6 0.19000000000000003
1.0 0.13858424725822532 12.852857142857143 5.56 0.20000000000000004
1.0 0.1345962113659023 12.852857142857143 5.4 0.21000000000000005
1.0 0.13160518444666003 12.852857142857143 5.28 0.22000000000000006
1.0 0.12362911266201396 12.852857142857143 4.96 0.23000000000000007
1.0 0.12362911266201396 12.852857142857143 4.96 0.24000000000000007
1.0 0.12163509471585245 12.852857142857143 4.88 0.25000000000000006
1.0 0.11864406779661017 12.852857142857143 4.76 0.26000000000000006
1.0 0.1156530408773679 12.852857142857143 4.64 0.2700000000000001
1.0 0.11166500498504486 12.852857142857143 4.48 0.2800000000000001
1.0 0.11166500498504486 12.852857142857143 4.48 0.2900000000000001
1.0 0.1106679960119641 12.852857142857143 4.44 0.3000000000000001
1.0 0.10767696909272183 12.852857142857143 4.32 0.3100000000000001
1.0 0.10667996011964108 12.852857142857143 4.28 0.3200000000000001
1.0 0.10667996011964108 12.852857142857143 4.28 0.3300000000000001
1.0 0.1036889332003988 12.852857142857143 4.16 0.34000000000000014
1.0 0.1016949152542373 12.852857142857143 4.08 0.35000000000000014
1.0 0.09970089730807577 12.852857142857143 4.0 0.36000000000000015
1.0 0.09770687936191426 12.852857142857143 3.92 0.37000000000000016
1.0 0.09371884346959122 12.852857142857143 3.76 0.38000000000000017
1.0 0.0897308075772682 12.852857142857143 3.6 0.3900000000000002
1.0 0.08275174476570289 12.852857142857143 3.32 0.4000000000000002
1.0 0.08175473579262213 12.852857142857143 3.28 0.4100000000000002
1.0 0.07876370887337986 12.852857142857143 3.16 0.4200000000000002
1.0 0.07876370887337986 12.852857142857143 3.16 0.4300000000000002
1.0 0.07776669990029911 12.852857142857143 3.12 0.4400000000000002
1.0 0.07676969092721835 12.852857142857143 3.08 0.45000000000000023
1.0 0.07278165503489531 12.852857142857143 2.92 0.46000000000000024
1.0 0.07178464606181456 12.852857142857143 2.88 0.47000000000000025
1.0 0.07178464606181456 12.852857142857143 2.88 0.48000000000000026
1.0 0.0707876370887338 12.852857142857143 2.84 0.49000000000000027
1.0 0.06879361914257229 12.852857142857143 2.76 0.5000000000000002
1.0 0.06679960119641076 12.852857142857143 2.68 0.5100000000000002
1.0 0.06580259222333001 12.852857142857143 2.64 0.5200000000000002
1.0 0.06480558325024925 12.852857142857143 2.6 0.5300000000000002
1.0 0.06380857427716849 12.852857142857143 2.56 0.5400000000000003
1.0 0.06281156530408774 12.852857142857143 2.52 0.5500000000000003
1.0 0.06181455633100698 12.852857142857143 2.48 0.5600000000000003
1.0 0.06081754735792622 12.852857142857143 2.44 0.5700000000000003
1.0 0.05982053838484546 12.852857142857143 2.4 0.5800000000000003
1.0 0.05982053838484546 12.852857142857143 2.4 0.5900000000000003
1.0 0.058823529411764705 12.852857142857143 2.36 0.6000000000000003
1.0 0.05782652043868395 12.852857142857143 2.32 0.6100000000000003
1.0 0.05682951146560319 12.852857142857143 2.28 0.6200000000000003
1.0 0.05583250249252243 12.852857142857143 2.24 0.6300000000000003
1.0 0.053838484546360914 12.852857142857143 2.16 0.6400000000000003
1.0 0.0518444666001994 12.852857142857143 2.08 0.6500000000000004
1.0 0.049850448654037885 12.852857142857143 2.0 0.6600000000000004
1.0 0.049850448654037885 12.852857142857143 2.0 0.6700000000000004
1.0 0.047856430707876374 12.852857142857143 1.92 0.6800000000000004
1.0 0.04685942173479561 12.852857142857143 1.88 0.6900000000000004
1.0 0.045862412761714856 12.852857142857143 1.84 0.7000000000000004
1.0 0.0448654037886341 12.852857142857143 1.8 0.7100000000000004
1.0 0.04187437686939183 12.852857142857143 1.68 0.7200000000000004
1.0 0.040877367896311065 12.852857142857143 1.64 0.7300000000000004
1.0 0.03988035892323031 12.852857142857143 1.6 0.7400000000000004
1.0 0.03788634097706879 12.852857142857143 1.52 0.7500000000000004
1.0 0.036889332003988036 12.852857142857143 1.48 0.7600000000000005
1.0 0.03589232303090728 12.852857142857143 1.44 0.7700000000000005
1.0 0.03589232303090728 12.852857142857143 1.44 0.7800000000000005
1.0 0.03589232303090728 12.852857142857143 1.44 0.7900000000000005
1.0 0.03489531405782652 12.852857142857143 1.4 0.8000000000000005
1.0 0.03489531405782652 12.852857142857143 1.4 0.8100000000000005
1.0 0.03389830508474576 12.852857142857143 1.36 0.8200000000000005
1.0 0.03290129611166501 12.852857142857143 1.32 0.8300000000000005
1.0 0.031904287138584245 12.852857142857143 1.28 0.8400000000000005
1.0 0.02991026919242273 12.852857142857143 1.2 0.8500000000000005
0.999888851839502 0.026919242273180457 12.851428571428572 1.08 0.8600000000000005
0.999888851839502 0.026919242273180457 12.851428571428572 1.08 0.8700000000000006
0.999888851839502 0.024925224327018942 12.851428571428572 1.0 0.8800000000000006
0.999888851839502 0.023928215353938187 12.851428571428572 0.96 0.8900000000000006
0.999888851839502 0.022931206380857428 12.851428571428572 0.92 0.9000000000000006
0.999888851839502 0.020937188434695914 12.851428571428572 0.84 0.9100000000000006
0.999888851839502 0.019940179461615155 12.851428571428572 0.8 0.9200000000000006
0.999888851839502 0.01694915254237288 12.851428571428572 0.68 0.9300000000000006
0.999888851839502 0.015952143569292122 12.851428571428572 0.64 0.9400000000000006
0.999888851839502 0.014955134596211365 12.851428571428572 0.6 0.9500000000000006
0.999888851839502 0.014955134596211365 12.851428571428572 0.6 0.9600000000000006
0.9997777036790041 0.009970089730807577 12.85 0.4 0.9700000000000006
0.9993331110370124 0.00897308075772682 12.844285714285714 0.36 0.9800000000000006
0.9978881849505391 0.004985044865403789 12.825714285714286 0.2 0.9900000000000007
0.0 0.0 0.0 0.0
