1.0 1.0 11.24625 66.86666666666666 0.0
1.0 0.4356929212362911 11.24625 29.133333333333333 0.01
1.0 0.2731804586241276 11.24625 18.266666666666666 0.02
1.0 0.2053838484546361 11.24625 13.733333333333333 0.03
1.0 0.16849451645064806 11.24625 11.266666666666667 0.04
1.0 0.14257228315054835 11.24625 9.533333333333333 0.05
1.0 0.11465603190428714 11.24625 7.666666666666667 0.060000000000000005
1.0 0.11465603190428714 11.24625 7.666666666666667 0.07
1.0 0.09770687936191426 11.24625 6.533333333333333 0.08
1.0 0.08574277168494517 11.24625 5.733333333333333 0.09
1.0 0.07776669990029911 11.24625 5.2 0.09999999999999999
1.0 0.06879361914257229 11.24625 4.6 0.10999999999999999
1.0 0.06480558325024925 11.24625 4.333333333333333 0.11999999999999998
1.0 0.06281156530408774 11.24625 4.2 0.12999999999999998
1.0 0.05682951146560319 11.24625 3.8 0.13999999999999999
1.0 0.049850448654037885 11.24625 3.3333333333333335 0.15
1.0 0.04287138584247258 11.24625 2.8666666666666667 0.16
1.0 0.03988035892323031 11.24625 2.6666666666666665 0.17
1.0 0.03489531405782652 11.24625 2.3333333333333335 0.18000000000000002
1.0 0.03489531405782652 11.24625 2.3333333333333335 0.19000000000000003
1.0 0.031904287138584245 11.24625 2.1333333333333333 0.20000000000000004
1.0 0.031904287138584245 11.24625 2.1333333333333333 0.21000000000000005
1.0 0.028913260219341975 11.24625 1.9333333333333333 0.22000000000000006
1.0 0.024925224327018942 11.24625 1.6666666666666667 0.23000000000000007
1.0 0.024925224327018942 11.24625 1.6666666666666667 0.24000000000000007
1.0 0.023928215353938187 11.24625 1.6 0.25000000000000006
1.0 0.023928215353938187 11.24625 1.6 0.26000000000000006
1.0 0.023928215353938187 11.24625 1.6 0.2700000000000001
1.0 0.022931206380857428 11.24625 1.5333333333333334 0.2800000000000001
1.0 0.020937188434695914 11.24625 1.4 0.2900000000000001
1.0 0.020937188434695914 11.24625 1.4 0.3000000000000001
1.0 0.019940179461615155 11.24625 1.3333333333333333 0.3100000000000001
1.0 0.01794616151545364 11.24625 1.2 0.3200000000000001
1.0 0.015952143569292122 11.24625 1.0666666666666667 0.3300000000000001
1.0 0.015952143569292122 11.24625 1.0666666666666667 0.34000000000000014
1.0 0.014955134596211365 11.24625 1.0 0.35000000000000014
1.0 0.013958125623130608 11.24625 0.9333333333333333 0.36000000000000015
1.0 0.011964107676969093 11.24625 0.8 0.37000000000000016
1.0 0.007976071784646061 11.24625 0.5333333333333333 0.38000000000000017
1.0 0.007976071784646061 11.24625 0.5333333333333333 0.3900000000000002
1.0 0.006979062811565304 11.24625 0.4666666666666667 0.4000000000000002
1.0 0.005982053838484547 11.24625 0.4 0.4100000000000002
1.0 0.005982053838484547 11.24625 0.4 0.4200000000000002
1.0 0.004985044865403789 11.24625 0.3333333333333333 0.4300000000000002
1.0 0.003988035892323031 11.24625 0.26666666666666666 0.4400000000000002
1.0 0.003988035892323031 11.24625 0.26666666666666666 0.45000000000000023
1.0 0.003988035892323031 11.24625 0.26666666666666666 0.46000000000000024
1.0 0.003988035892323031 11.24625 0.26666666666666666 0.47000000000000025
1.0 0.003988035892323031 11.24625 0.26666666666666666 0.48000000000000026
1.0 0.0029910269192422734 11.24625 0.2 0.49000000000000027
1.0 0.0029910269192422734 11.24625 0.2 0.5000000000000002
1.0 0.0029910269192422734 11.24625 0.2 0.5100000000000002
1.0 0.0029910269192422734 11.24625 0.2 0.5200000000000002
1.0 0.0029910269192422734 11.24625 0.2 0.5300000000000002
1.0 0.0029910269192422734 11.24625 0.2 0.5400000000000003
1.0 0.0029910269192422734 11.24625 0.2 0.5500000000000003
1.0 0.0029910269192422734 11.24625 0.2 0.5600000000000003
1.0 0.0029910269192422734 11.24625 0.2 0.5700000000000003
1.0 0.0029910269192422734 11.24625 0.2 0.5800000000000003
1.0 0.0019940179461615153 11.24625 0.13333333333333333 0.5900000000000003
1.0 0.0019940179461615153 11.24625 0.13333333333333333 0.6000000000000003
1.0 0.0019940179461615153 11.24625 0.13333333333333333 0.6100000000000003
1.0 0.0019940179461615153 11.24625 0.13333333333333333 0.6200000000000003
1.0 0.0019940179461615153 11.24625 0.13333333333333333 0.6300000000000003
1.0 0.0019940179461615153 11.24625 0.13333333333333333 0.6400000000000003
1.0 0.0019940179461615153 11.24625 0.13333333333333333 0.6500000000000004
1.0 0.0019940179461615153 11.24625 0.13333333333333333 0.6600000000000004
1.0 0.0019940179461615153 11.24625 0.13333333333333333 0.6700000000000004
1.0 0.0019940179461615153 11.24625 0.13333333333333333 0.6800000000000004
1.0 0.0019940179461615153 11.24625 0.13333333333333333 0.6900000000000004
1.0 0.0019940179461615153 11.24625 0.13333333333333333 0.7000000000000004
1.0 0.0019940179461615153 11.24625 0.13333333333333333 0.7100000000000004
1.0 0.0019940179461615153 11.24625 0.13333333333333333 0.7200000000000004
1.0 0.0019940179461615153 11.24625 0.13333333333333333 0.7300000000000004
1.0 0.0019940179461615153 11.24625 0.13333333333333333 0.7400000000000004
1.0 0.0019940179461615153 11.24625 0.13333333333333333 0.7500000000000004
1.0 0.0019940179461615153 11.24625 0.13333333333333333 0.7600000000000005
1.0 0.0019940179461615153 11.24625 0.13333333333333333 0.7700000000000005
1.0 0.0019940179461615153 11.24625 0.13333333333333333 0.7800000000000005
1.0 0.0019940179461615153 11.24625 0.13333333333333333 0.7900000000000005
1.0 0.0019940179461615153 11.24625 0.13333333333333333 0.8000000000000005
1.0 0.0019940179461615153 11.24625 0.13333333333333333 0.8100000000000005
1.0 0.0019940179461615153 11.24625 0.13333333333333333 0.8200000000000005
1.0 0.0019940179461615153 11.24625 0.13333333333333333 0.8300000000000005
1.0 0.0019940179461615153 11.24625 0.13333333333333333 0.8400000000000005
1.0 0.0019940179461615153 11.24625 0.13333333333333333 0.8500000000000005
1.0 9.970089730807576E-4 11.24625 0.06666666666666667 0.8600000000000005
1.0 9.970089730807576E-4 11.24625 0.06666666666666667 0.8700000000000006
1.0 0.0 11.24625 0.0 0.8800000000000006
1.0 0.0 11.24625 0.0 0.8900000000000006
1.0 0.0 11.24625 0.0 0.9000000000000006
1.0 0.0 11.24625 0.0 0.9100000000000006
1.0 0.0 11.24625 0.0 0.9200000000000006
1.0 0.0 11.24625 0.0 0.9300000000000006
0.999888851839502 0.0 11.245 0.0 0.9400000000000006
0.999888851839502 0.0 11.245 0.0 0.9500000000000006
0.999888851839502 0.0 11.245 0.0 0.9600000000000006
0.999888851839502 0.0 11.245 0.0 0.9700000000000006
0.9997777036790041 0.0 11.24375 0.0 0.9800000000000006
0.9989996665555185 0.0 11.235 0.0 0.9900000000000007
0.0 0.0 0.0 0.0
