1.0 1.0 89.97 50.15 0.0
1.0 1.0 89.97 50.15 0.01
1.0 0.9980059820538385 89.97 50.05 0.02
1.0 0.9970089730807578 89.97 50.0 0.03
1.0 0.996011964107677 89.97 49.95 0.04
1.0 0.9930209371884346 89.97 49.8 0.05
1.0 0.9860418743768694 89.97 49.45 0.060000000000000005
1.0 0.9860418743768694 89.97 49.45 0.07
1.0 0.9850448654037887 89.97 49.4 0.08
1.0 0.9840478564307079 89.97 49.35 0.09
1.0 0.9830508474576272 89.97 49.3 0.09999999999999999
1.0 0.9800598205383848 89.97 49.15 0.10999999999999999
1.0 0.9780658025922233 89.97 49.05 0.11999999999999998
1.0 0.9730807577268196 89.97 48.8 0.12999999999999998
1.0 0.9720837487537388 89.97 48.75 0.13999999999999999
1.0 0.967098703888335 89.97 48.5 0.15
1.0 0.963110667996012 89.97 48.3 0.16
1.0 0.9621136590229312 89.97 48.25 0.17
1.0 0.9561316051844466 89.97 47.95 0.18000000000000002
1.0 0.9521435692921236 89.97 47.75 0.19000000000000003
1.0 0.9501495513459621 89.97 47.65 0.20000000000000004
1.0 0.9451645064805583 89.97 47.4 0.21000000000000005
1.0 0.9431704885343968 89.97 47.3 0.22000000000000006
1.0 0.9401794616151545 89.97 47.15 0.23000000000000007
1.0 0.938185443668993 89.97 47.05 0.24000000000000007
1.0 0.9361914257228315 89.97 46.95 0.25000000000000006
1.0 0.9332003988035892 89.97 46.8 0.26000000000000006
1.0 0.9312063808574277 89.97 46.7 0.2700000000000001
1.0 0.9282153539381854 89.97 46.55 0.2800000000000001
1.0 0.9252243270189432 89.97 46.4 0.2900000000000001
1.0 0.9242273180458624 89.97 46.35 0.3000000000000001
1.0 0.922233300099701 89.97 46.25 0.3100000000000001
1.0 0.9202392821535393 89.97 46.15 0.3200000000000001
1.0 0.9182452642073778 89.97 46.05 0.3300000000000001
1.0 0.9152542372881356 89.97 45.9 0.34000000000000014
1.0 0.9082751744765702 89.97 45.55 0.35000000000000014
1.0 0.905284147557328 89.97 45.4 0.36000000000000015
1.0 0.8993020937188435 89.97 45.1 0.37000000000000016
1.0 0.8913260219341974 89.97 44.7 0.38000000000000017
1.0 0.8863409770687937 89.97 44.45 0.3900000000000002
1.0 0.8783649052841476 89.97 44.05 0.4000000000000002
1.0 0.8673978065802592 89.97 43.5 0.4100000000000002
1.0 0.8634097706879362 89.97 43.3 0.4200000000000002
1.0 0.8504486540378864 89.97 42.65 0.4300000000000002
1.0 0.8424725822532403 89.97 42.25 0.4400000000000002
1.0 0.8364905284147557 89.97 41.95 0.45000000000000023
1.0 0.8295114656031904 89.97 41.6 0.46000000000000024
1.0 0.8225324027916251 89.97 41.25 0.47000000000000025
1.0 0.8165503489531406 89.97 40.95 0.48000000000000026
1.0 0.8115653040877367 89.97 40.7 0.49000000000000027
1.0 0.8085742771684945 89.97 40.55 0.5000000000000002
1.0 0.8055832502492523 89.97 40.4 0.5100000000000002
1.0 0.80259222333001 89.97 40.25 0.5200000000000002
1.0 0.8015952143569293 89.97 40.2 0.5300000000000002
1.0 0.8015952143569293 89.97 40.2 0.5400000000000003
1.0 0.8005982053838484 89.97 40.15 0.5500000000000003
1.0 0.7976071784646062 89.97 40.0 0.5600000000000003
1.0 0.7916251246261217 89.97 39.7 0.5700000000000003
1.0 0.7886340977068793 89.97 39.55 0.5800000000000003
1.0 0.7826520438683948 89.97 39.25 0.5900000000000003
1.0 0.7806580259222333 89.97 39.15 0.6000000000000003
1.0 0.773678963110668 89.97 38.8 0.6100000000000003
1.0 0.765702891326022 89.97 38.4 0.6200000000000003
1.0 0.7557328015952144 89.97 37.9 0.6300000000000003
1.0 0.748753738783649 89.97 37.55 0.6400000000000003
1.0 0.7367896311066799 89.97 36.95 0.6500000000000004
1.0 0.7188434695912264 89.97 36.05 0.6600000000000004
1.0 0.7048853439680958 89.97 35.35 0.6700000000000004
1.0 0.6849451645064806 89.97 34.35 0.6800000000000004
1.0 0.6630109670987039 89.97 33.25 0.6900000000000004
1.0 0.6430707876370887 89.97 32.25 0.7000000000000004
1.0 0.6241276171485544 89.97 31.3 0.7100000000000004
1.0 0.5962113659022931 89.97 29.9 0.7200000000000004
1.0 0.559322033898305 89.97 28.05 0.7300000000000004
1.0 0.5333998005982054 89.97 26.75 0.7400000000000004
1.0 0.5164506480558325 89.97 25.9 0.7500000000000004
1.0 0.4865403788634098 89.97 24.4 0.7600000000000005
1.0 0.4666001994017946 89.97 23.4 0.7700000000000005
0.999888851839502 0.45363908275174475 89.96 22.75 0.7800000000000005
0.9995554073580082 0.44666001994017945 89.93 22.4 0.7900000000000005
0.9994442591975102 0.4406779661016949 89.92 22.1 0.8000000000000005
0.9983327775925308 0.43270189431704886 89.82 21.7 0.8100000000000005
0.9966655551850617 0.4267198404785643 89.67 21.4 0.8200000000000005
0.9933311103701233 0.4167497507477567 89.37 20.9 0.8300000000000005
0.9871068133822385 0.39581256231306083 88.81 19.85 0.8400000000000005
0.978214960542403 0.37188434695912265 88.01 18.65 0.8500000000000005
0.9640991441591642 0.3320039880358923 86.74 16.65 0.8600000000000005
0.9424252528620651 0.30109670987038883 84.79 15.1 0.8700000000000006
0.9157496943425586 0.2612163509471585 82.39 13.1 0.8800000000000006
0.8818495053906857 0.20438683948155534 79.34 10.25 0.8900000000000006
0.8462820940313438 0.15653040877367896 76.14 7.85 0.9000000000000006
0.8080471268200511 0.09770687936191426 72.7 4.9 0.9100000000000006
0.7751472713126598 0.06081754735792622 69.74 3.05 0.9200000000000006
0.74702678670668 0.031904287138584245 67.21 1.6 0.9300000000000006
0.7211292653106591 0.013958125623130608 64.88 0.7 0.9400000000000006
0.6947871512726465 0.006979062811565304 62.51 0.35 0.9500000000000006
0.6638879626542181 0.0019940179461615153 59.73 0.1 0.9600000000000006
0.622651995109481 9.970089730807576E-4 56.02 0.05 0.9700000000000006
0.5669667667000111 9.970089730807576E-4 51.01 0.05 0.9800000000000006
0.4460375680782483 9.970089730807576E-4 40.13 0.05 0.9900000000000007
0.0 0.0 0.0 0.0
