0.0 0.5982053838484547 0.0 25.0 0.0
0.0 0.5972083748753739 0.0 24.958333333333332 0.01
0.0 0.5952143569292123 0.0 24.875 0.02
0.0 0.5922233300099701 0.0 24.75 0.03
0.0 0.5892323030907278 0.0 24.625 0.04
0.0 0.5882352941176471 0.0 24.583333333333332 0.05
0.0 0.5852442671984048 0.0 24.458333333333332 0.060000000000000005
0.0 0.5852442671984048 0.0 24.458333333333332 0.07
0.0 0.5852442671984048 0.0 24.458333333333332 0.08
0.0 0.5822532402791625 0.0 24.333333333333332 0.09
0.0 0.580259222333001 0.0 24.25 0.09999999999999999
0.0 0.5782652043868395 0.0 24.166666666666668 0.10999999999999999
0.0 0.5772681954137587 0.0 24.125 0.11999999999999998
0.0 0.5752741774675972 0.0 24.041666666666668 0.12999999999999998
0.0 0.5742771684945165 0.0 24.0 0.13999999999999999
0.0 0.5732801595214357 0.0 23.958333333333332 0.15
0.0 0.5712861415752741 0.0 23.875 0.16
0.0 0.5702891326021934 0.0 23.833333333333332 0.17
0.0 0.5682951146560319 0.0 23.75 0.18000000000000002
0.0 0.5682951146560319 0.0 23.75 0.19000000000000003
0.0 0.5682951146560319 0.0 23.75 0.20000000000000004
0.0 0.5672981056829511 0.0 23.708333333333332 0.21000000000000005
0.0 0.5663010967098704 0.0 23.666666666666668 0.22000000000000006
0.0 0.5643070787637089 0.0 23.583333333333332 0.23000000000000007
0.0 0.5613160518444666 0.0 23.458333333333332 0.24000000000000007
0.0 0.5613160518444666 0.0 23.458333333333332 0.25000000000000006
0.0 0.5583250249252243 0.0 23.333333333333332 0.26000000000000006
0.0 0.5543369890329013 0.0 23.166666666666668 0.2700000000000001
0.0 0.5523429710867398 0.0 23.083333333333332 0.2800000000000001
0.0 0.551345962113659 0.0 23.041666666666668 0.2900000000000001
0.0 0.5503489531405783 0.0 23.0 0.3000000000000001
0.0 0.5503489531405783 0.0 23.0 0.3100000000000001
0.0 0.5493519441674976 0.0 22.958333333333332 0.3200000000000001
0.0 0.5483549351944168 0.0 22.916666666666668 0.3300000000000001
0.0 0.5483549351944168 0.0 22.916666666666668 0.34000000000000014
0.0 0.5483549351944168 0.0 22.916666666666668 0.35000000000000014
0.0 0.5483549351944168 0.0 22.916666666666668 0.36000000000000015
0.0 0.5483549351944168 0.0 22.916666666666668 0.37000000000000016
0.0 0.5483549351944168 0.0 22.916666666666668 0.38000000000000017
0.0 0.5483549351944168 0.0 22.916666666666668 0.3900000000000002
0.0 0.5483549351944168 0.0 22.916666666666668 0.4000000000000002
0.0 0.5483549351944168 0.0 22.916666666666668 0.4100000000000002
0.0 0.5483549351944168 0.0 22.916666666666668 0.4200000000000002
0.0 0.5483549351944168 0.0 22.916666666666668 0.4300000000000002
0.0 0.5463609172482552 0.0 22.833333333333332 0.4400000000000002
0.0 0.5463609172482552 0.0 22.833333333333332 0.45000000000000023
0.0 0.5463609172482552 0.0 22.833333333333332 0.46000000000000024
0.0 0.5443668993020937 0.0 22.75 0.47000000000000025
0.0 0.5413758723828515 0.0 22.625 0.48000000000000026
0.0 0.53938185443669 0.0 22.541666666666668 0.49000000000000027
0.0 0.5383848454636092 0.0 22.5 0.5000000000000002
0.0 0.5373878364905285 0.0 22.458333333333332 0.5100000000000002
0.0 0.5324027916251246 0.0 22.25 0.5200000000000002
0.0 0.5264207377866401 0.0 22.0 0.5300000000000002
0.0 0.5234297108673978 0.0 21.875 0.5400000000000003
0.0 0.5204386839481555 0.0 21.75 0.5500000000000003
0.0 0.5194416749750748 0.0 21.708333333333332 0.5600000000000003
0.0 0.5164506480558325 0.0 21.583333333333332 0.5700000000000003
0.0 0.5154536390827518 0.0 21.541666666666668 0.5800000000000003
0.0 0.5124626121635095 0.0 21.416666666666668 0.5900000000000003
0.0 0.5124626121635095 0.0 21.416666666666668 0.6000000000000003
0.0 0.5114656031904287 0.0 21.375 0.6100000000000003
0.0 0.5094715852442672 0.0 21.291666666666668 0.6200000000000003
0.0 0.5074775672981057 0.0 21.208333333333332 0.6300000000000003
0.0 0.5064805583250249 0.0 21.166666666666668 0.6400000000000003
0.0 0.5044865403788634 0.0 21.083333333333332 0.6500000000000004
0.0 0.5044865403788634 0.0 21.083333333333332 0.6600000000000004
0.0 0.5004985044865404 0.0 20.916666666666668 0.6700000000000004
0.0 0.4995014955134596 0.0 20.875 0.6800000000000004
0.0 0.4985044865403789 0.0 20.833333333333332 0.6900000000000004
0.0 0.4985044865403789 0.0 20.833333333333332 0.7000000000000004
0.0 0.4955134596211366 0.0 20.708333333333332 0.7100000000000004
0.0 0.4935194416749751 0.0 20.625 0.7200000000000004
0.0 0.48953140578265203 0.0 20.458333333333332 0.7300000000000004
0.0 0.48753738783649053 0.0 20.375 0.7400000000000004
0.0 0.481555333998006 0.0 20.125 0.7500000000000004
0.0 0.47756729810568294 0.0 19.958333333333332 0.7600000000000005
0.0 0.47557328015952144 0.0 19.875 0.7700000000000005
0.0 0.4745762711864407 0.0 19.833333333333332 0.7800000000000005
0.0 0.4666001994017946 0.0 19.5 0.7900000000000005
0.0 0.46360917248255235 0.0 19.375 0.8000000000000005
0.0 0.45663010967098705 0.0 19.083333333333332 0.8100000000000005
0.0 0.44965104685942175 0.0 18.791666666666668 0.8200000000000005
0.0 0.4426719840478564 0.0 18.5 0.8300000000000005
0.0 0.4356929212362911 0.0 18.208333333333332 0.8400000000000005
0.0 0.4307078763708873 0.0 18.0 0.8500000000000005
0.0 0.4267198404785643 0.0 17.833333333333332 0.8600000000000005
0.0 0.42073778664007977 0.0 17.583333333333332 0.8700000000000006
0.0 0.419740777666999 0.0 17.541666666666668 0.8800000000000006
0.0 0.4147557328015952 0.0 17.333333333333332 0.8900000000000006
0.0 0.4097706879361914 0.0 17.125 0.9000000000000006
0.0 0.40079760717846463 0.0 16.75 0.9100000000000006
0.0 0.38783649052841473 0.0 16.208333333333332 0.9200000000000006
0.0 0.3728813559322034 0.0 15.583333333333334 0.9300000000000006
0.0 0.36191425722831505 0.0 15.125 0.9400000000000006
0.0 0.34496510468594216 0.0 14.416666666666666 0.9500000000000006
0.0 0.3180458624127617 0.0 13.291666666666666 0.9600000000000006
0.0 0.29910269192422734 0.0 12.5 0.9700000000000006
0.0 0.26819541375872386 0.0 11.208333333333334 0.9800000000000006
0.0 0.19641076769690927 0.0 8.208333333333334 0.9900000000000007
0.0 0.0 0.0 0.0
