1.0 1.0 9.996666666666666 22.288888888888888 0.0
1.0 0.26819541375872386 9.996666666666666 5.977777777777778 0.01
1.0 0.12562313060817548 9.996666666666666 2.8 0.02
1.0 0.08574277168494517 9.996666666666666 1.9111111111111112 0.03
1.0 0.06380857427716849 9.996666666666666 1.4222222222222223 0.04
1.0 0.053838484546360914 9.996666666666666 1.2 0.05
1.0 0.0448654037886341 9.996666666666666 1.0 0.060000000000000005
1.0 0.0448654037886341 9.996666666666666 1.0 0.07
1.0 0.040877367896311065 9.996666666666666 0.9111111111111111 0.08
1.0 0.03788634097706879 9.996666666666666 0.8444444444444444 0.09
1.0 0.03589232303090728 9.996666666666666 0.8 0.09999999999999999
1.0 0.03090727816550349 9.996666666666666 0.6888888888888889 0.10999999999999999
1.0 0.026919242273180457 9.996666666666666 0.6 0.11999999999999998
1.0 0.0259222333000997 9.996666666666666 0.5777777777777777 0.12999999999999998
1.0 0.023928215353938187 9.996666666666666 0.5333333333333333 0.13999999999999999
1.0 0.023928215353938187 9.996666666666666 0.5333333333333333 0.15
1.0 0.019940179461615155 9.996666666666666 0.4444444444444444 0.16
1.0 0.01794616151545364 9.996666666666666 0.4 0.17
1.0 0.015952143569292122 9.996666666666666 0.35555555555555557 0.18000000000000002
1.0 0.013958125623130608 9.996666666666666 0.3111111111111111 0.19000000000000003
1.0 0.01296111665004985 9.996666666666666 0.28888888888888886 0.20000000000000004
1.0 0.010967098703888335 9.996666666666666 0.24444444444444444 0.21000000000000005
1.0 0.007976071784646061 9.996666666666666 0.17777777777777778 0.22000000000000006
1.0 0.007976071784646061 9.996666666666666 0.17777777777777778 0.23000000000000007
1.0 0.005982053838484547 9.996666666666666 0.13333333333333333 0.24000000000000007
1.0 0.004985044865403789 9.996666666666666 0.1111111111111111 0.25000000000000006
1.0 0.004985044865403789 9.996666666666666 0.1111111111111111 0.26000000000000006
1.0 0.004985044865403789 9.996666666666666 0.1111111111111111 0.2700000000000001
1.0 0.004985044865403789 9.996666666666666 0.1111111111111111 0.2800000000000001
1.0 0.004985044865403789 9.996666666666666 0.1111111111111111 0.2900000000000001
1.0 0.004985044865403789 9.996666666666666 0.1111111111111111 0.3000000000000001
1.0 0.003988035892323031 9.996666666666666 0.08888888888888889 0.3100000000000001
1.0 0.003988035892323031 9.996666666666666 0.08888888888888889 0.3200000000000001
1.0 0.003988035892323031 9.996666666666666 0.08888888888888889 0.3300000000000001
1.0 0.003988035892323031 9.996666666666666 0.08888888888888889 0.34000000000000014
1.0 0.003988035892323031 9.996666666666666 0.08888888888888889 0.35000000000000014
1.0 0.003988035892323031 9.996666666666666 0.08888888888888889 0.36000000000000015
1.0 0.003988035892323031 9.996666666666666 0.08888888888888889 0.37000000000000016
1.0 0.003988035892323031 9.996666666666666 0.08888888888888889 0.38000000000000017
1.0 0.003988035892323031 9.996666666666666 0.08888888888888889 0.3900000000000002
1.0 0.003988035892323031 9.996666666666666 0.08888888888888889 0.4000000000000002
1.0 0.0029910269192422734 9.996666666666666 0.06666666666666667 0.4100000000000002
1.0 0.0029910269192422734 9.996666666666666 0.06666666666666667 0.4200000000000002
1.0 0.0029910269192422734 9.996666666666666 0.06666666666666667 0.4300000000000002
1.0 0.0029910269192422734 9.996666666666666 0.06666666666666667 0.4400000000000002
1.0 0.0029910269192422734 9.996666666666666 0.06666666666666667 0.45000000000000023
1.0 0.0029910269192422734 9.996666666666666 0.06666666666666667 0.46000000000000024
1.0 0.0029910269192422734 9.996666666666666 0.06666666666666667 0.47000000000000025
1.0 0.0029910269192422734 9.996666666666666 0.06666666666666667 0.48000000000000026
1.0 9.970089730807576E-4 9.996666666666666 0.022222222222222223 0.49000000000000027
1.0 0.0 9.996666666666666 0.0 0.5000000000000002
1.0 0.0 9.996666666666666 0.0 0.5100000000000002
1.0 0.0 9.996666666666666 0.0 0.5200000000000002
1.0 0.0 9.996666666666666 0.0 0.5300000000000002
1.0 0.0 9.996666666666666 0.0 0.5400000000000003
1.0 0.0 9.996666666666666 0.0 0.5500000000000003
1.0 0.0 9.996666666666666 0.0 0.5600000000000003
1.0 0.0 9.996666666666666 0.0 0.5700000000000003
1.0 0.0 9.996666666666666 0.0 0.5800000000000003
1.0 0.0 9.996666666666666 0.0 0.5900000000000003
1.0 0.0 9.996666666666666 0.0 0.6000000000000003
1.0 0.0 9.996666666666666 0.0 0.6100000000000003
1.0 0.0 9.996666666666666 0.0 0.6200000000000003
1.0 0.0 9.996666666666666 0.0 0.6300000000000003
1.0 0.0 9.996666666666666 0.0 0.6400000000000003
1.0 0.0 9.996666666666666 0.0 0.6500000000000004
1.0 0.0 9.996666666666666 0.0 0.6600000000000004
1.0 0.0 9.996666666666666 0.0 0.6700000000000004
1.0 0.0 9.996666666666666 0.0 0.6800000000000004
1.0 0.0 9.996666666666666 0.0 0.6900000000000004
1.0 0.0 9.996666666666666 0.0 0.7000000000000004
1.0 0.0 9.996666666666666 0.0 0.7100000000000004
1.0 0.0 9.996666666666666 0.0 0.7200000000000004
1.0 0.0 9.996666666666666 0.0 0.7300000000000004
1.0 0.0 9.996666666666666 0.0 0.7400000000000004
1.0 0.0 9.996666666666666 0.0 0.7500000000000004
1.0 0.0 9.996666666666666 0.0 0.7600000000000005
1.0 0.0 9.996666666666666 0.0 0.7700000000000005
1.0 0.0 9.996666666666666 0.0 0.7800000000000005
1.0 0.0 9.996666666666666 0.0 0.7900000000000005
1.0 0.0 9.996666666666666 0.0 0.8000000000000005
1.0 0.0 9.996666666666666 0.0 0.8100000000000005
1.0 0.0 9.996666666666666 0.0 0.8200000000000005
1.0 0.0 9.996666666666666 0.0 0.8300000000000005
1.0 0.0 9.996666666666666 0.0 0.8400000000000005
1.0 0.0 9.996666666666666 0.0 0.8500000000000005
1.0 0.0 9.996666666666666 0.0 0.8600000000000005
1.0 0.0 9.996666666666666 0.0 0.8700000000000006
1.0 0.0 9.996666666666666 0.0 0.8800000000000006
1.0 0.0 9.996666666666666 0.0 0.8900000000000006
1.0 0.0 9.996666666666666 0.0 0.9000000000000006
1.0 0.0 9.996666666666666 0.0 0.9100000000000006
1.0 0.0 9.996666666666666 0.0 0.9200000000000006
1.0 0.0 9.996666666666666 0.0 0.9300000000000006
1.0 0.0 9.996666666666666 0.0 0.9400000000000006
1.0 0.0 9.996666666666666 0.0 0.9500000000000006
1.0 0.0 9.996666666666666 0.0 0.9600000000000006
1.0 0.0 9.996666666666666 0.0 0.9700000000000006
0.999888851839502 0.0 9.995555555555555 0.0 0.9800000000000006
0.9994442591975102 0.0 9.991111111111111 0.0 0.9900000000000007
0.0 0.0 0.0 0.0
