1.0 1.0 29.99 Infinity 0.0
1.0 0.9371884346959123 29.99 Infinity 0.01
1.0 0.8853439680957128 29.99 Infinity 0.02
1.0 0.8424725822532403 29.99 Infinity 0.03
1.0 0.8135593220338984 29.99 Infinity 0.04
1.0 0.7766699900299102 29.99 Infinity 0.05
1.0 0.7308075772681955 29.99 Infinity 0.060000000000000005
1.0 0.7308075772681955 29.99 Infinity 0.07
1.0 0.7098703888334995 29.99 Infinity 0.08
1.0 0.6919242273180458 29.99 Infinity 0.09
1.0 0.6739780658025922 29.99 Infinity 0.09999999999999999
1.0 0.6620139581256231 29.99 Infinity 0.10999999999999999
1.0 0.6490528414755733 29.99 Infinity 0.11999999999999998
1.0 0.6350947158524427 29.99 Infinity 0.12999999999999998
1.0 0.617148554336989 29.99 Infinity 0.13999999999999999
1.0 0.6001994017946162 29.99 Infinity 0.15
1.0 0.5782652043868395 29.99 Infinity 0.16
1.0 0.5633100697906281 29.99 Infinity 0.17
1.0 0.5294117647058824 29.99 Infinity 0.18000000000000002
1.0 0.5064805583250249 29.99 Infinity 0.19000000000000003
1.0 0.4985044865403789 29.99 Infinity 0.20000000000000004
1.0 0.4765702891326022 29.99 Infinity 0.21000000000000005
1.0 0.4646061814556331 29.99 Infinity 0.22000000000000006
1.0 0.4596211365902293 29.99 Infinity 0.23000000000000007
1.0 0.44865403788634095 29.99 Infinity 0.24000000000000007
1.0 0.4426719840478564 29.99 Infinity 0.25000000000000006
1.0 0.4356929212362911 29.99 Infinity 0.26000000000000006
1.0 0.4287138584247258 29.99 Infinity 0.2700000000000001
1.0 0.4247258225324028 29.99 Infinity 0.2800000000000001
1.0 0.42073778664007977 29.99 Infinity 0.2900000000000001
1.0 0.41575274177467597 29.99 Infinity 0.3000000000000001
1.0 0.4117647058823529 29.99 Infinity 0.3100000000000001
1.0 0.4037886340977069 29.99 Infinity 0.3200000000000001
1.0 0.39082751744765704 29.99 Infinity 0.3300000000000001
1.0 0.3848454636091725 29.99 Infinity 0.34000000000000014
1.0 0.37886340977068794 29.99 Infinity 0.35000000000000014
1.0 0.36490528414755735 29.99 Infinity 0.36000000000000015
1.0 0.35692921236291125 29.99 Infinity 0.37000000000000016
1.0 0.3419740777666999 29.99 Infinity 0.38000000000000017
1.0 0.33100697906281157 29.99 Infinity 0.3900000000000002
1.0 0.3200398803589232 29.99 Infinity 0.4000000000000002
1.0 0.31106679960119643 29.99 Infinity 0.4100000000000002
1.0 0.2971086739780658 29.99 Infinity 0.4200000000000002
1.0 0.28215353938185445 29.99 Infinity 0.4300000000000002
1.0 0.2691924227318046 29.99 Infinity 0.4400000000000002
1.0 0.2622133599202393 29.99 Infinity 0.45000000000000023
1.0 0.24925224327018944 29.99 Infinity 0.46000000000000024
1.0 0.23728813559322035 29.99 Infinity 0.47000000000000025
1.0 0.23030907278165502 29.99 Infinity 0.48000000000000026
1.0 0.22532402791625125 29.99 Infinity 0.49000000000000027
1.0 0.22033898305084745 29.99 Infinity 0.5000000000000002
1.0 0.21535393818544366 29.99 Infinity 0.5100000000000002
1.0 0.21036889332003988 29.99 Infinity 0.5200000000000002
1.0 0.2053838484546361 29.99 Infinity 0.5300000000000002
1.0 0.2033898305084746 29.99 Infinity 0.5400000000000003
1.0 0.20139581256231306 29.99 Infinity 0.5500000000000003
1.0 0.1984047856430708 29.99 Infinity 0.5600000000000003
1.0 0.19541375872382852 29.99 Infinity 0.5700000000000003
1.0 0.19042871385842472 29.99 Infinity 0.5800000000000003
1.0 0.18743768693918245 29.99 Infinity 0.5900000000000003
1.0 0.1814556331006979 29.99 Infinity 0.6000000000000003
1.0 0.1794616151545364 29.99 Infinity 0.6100000000000003
1.0 0.1794616151545364 29.99 Infinity 0.6200000000000003
1.0 0.17347956131605186 29.99 Infinity 0.6300000000000003
1.0 0.17248255234297108 29.99 Infinity 0.6400000000000003
1.0 0.16650049850448653 29.99 Infinity 0.6500000000000004
1.0 0.16151545363908276 29.99 Infinity 0.6600000000000004
1.0 0.14955134596211367 29.99 Infinity 0.6700000000000004
1.0 0.1415752741774676 29.99 Infinity 0.6800000000000004
1.0 0.1365902293120638 29.99 Infinity 0.6900000000000004
1.0 0.12462612163509472 29.99 Infinity 0.7000000000000004
1.0 0.1156530408773679 29.99 Infinity 0.7100000000000004
1.0 0.10269192422731804 29.99 Infinity 0.7200000000000004
1.0 0.08773678963110668 29.99 Infinity 0.7300000000000004
1.0 0.07278165503489531 29.99 Infinity 0.7400000000000004
1.0 0.06480558325024925 29.99 Infinity 0.7500000000000004
1.0 0.05682951146560319 29.99 Infinity 0.7600000000000005
1.0 0.0518444666001994 29.99 Infinity 0.7700000000000005
1.0 0.04885343968095713 29.99 Infinity 0.7800000000000005
1.0 0.045862412761714856 29.99 Infinity 0.7900000000000005
1.0 0.040877367896311065 29.99 Infinity 0.8000000000000005
0.9997777036790041 0.038883349950149554 29.983333333333334 Infinity 0.8100000000000005
0.9996665555185061 0.038883349950149554 29.98 Infinity 0.8200000000000005
0.9995554073580082 0.03589232303090728 29.976666666666667 Infinity 0.8300000000000005
0.9991108147160165 0.03090727816550349 29.963333333333335 Infinity 0.8400000000000005
0.9987773702345226 0.027916251246261216 29.953333333333333 Infinity 0.8500000000000005
0.9978881849505391 0.0259222333000997 29.926666666666666 Infinity 0.8600000000000005
0.9966655551850617 0.024925224327018942 29.89 Infinity 0.8700000000000006
0.9933311103701233 0.018943170488534396 29.79 Infinity 0.8800000000000006
0.9912192953206624 0.018943170488534396 29.726666666666667 Infinity 0.8900000000000006
0.9876625541847283 0.015952143569292122 29.62 Infinity 0.9000000000000006
0.9847727020117817 0.011964107676969093 29.533333333333335 Infinity 0.9100000000000006
0.9819939979993331 0.010967098703888335 29.45 Infinity 0.9200000000000006
0.9792152939868846 0.0019940179461615153 29.366666666666667 Infinity 0.9300000000000006
0.9771034789374236 0.0019940179461615153 29.303333333333335 Infinity 0.9400000000000006
0.9734355896409914 9.970089730807576E-4 29.19333333333333 Infinity 0.9500000000000006
0.9713237745915305 0.0 29.13 NaN 0.9600000000000006
0.966433255529621 0.0 28.983333333333334 NaN 0.9700000000000006
0.9549849949983328 0.0 28.64 NaN 0.9800000000000006
0.9128598421696121 0.0 27.376666666666665 NaN 0.9900000000000007
0.0 0.0 0.0 0.0
