1.0 1.0 22.4925 22.288888888888888 0.0
1.0 0.9431704885343968 22.4925 21.022222222222222 0.01
1.0 0.8803589232303091 22.4925 19.622222222222224 0.02
1.0 0.8584247258225324 22.4925 19.133333333333333 0.03
1.0 0.8185443668993021 22.4925 18.244444444444444 0.04
1.0 0.7966101694915254 22.4925 17.755555555555556 0.05
1.0 0.7497507477567298 22.4925 16.711111111111112 0.060000000000000005
1.0 0.7497507477567298 22.4925 16.711111111111112 0.07
1.0 0.732801595214357 22.4925 16.333333333333332 0.08
1.0 0.7188434695912264 22.4925 16.022222222222222 0.09
1.0 0.7038883349950149 22.4925 15.688888888888888 0.09999999999999999
1.0 0.6899302093718843 22.4925 15.377777777777778 0.10999999999999999
1.0 0.6809571286141576 22.4925 15.177777777777777 0.11999999999999998
1.0 0.6759720837487537 22.4925 15.066666666666666 0.12999999999999998
1.0 0.6669990029910269 22.4925 14.866666666666667 0.13999999999999999
1.0 0.6580259222333001 22.4925 14.666666666666666 0.15
1.0 0.646061814556331 22.4925 14.4 0.16
1.0 0.6370887337986042 22.4925 14.2 0.17
1.0 0.6211365902293121 22.4925 13.844444444444445 0.18000000000000002
1.0 0.6111665004985045 22.4925 13.622222222222222 0.19000000000000003
1.0 0.6051844466600199 22.4925 13.488888888888889 0.20000000000000004
1.0 0.5972083748753739 22.4925 13.311111111111112 0.21000000000000005
1.0 0.5902293120638086 22.4925 13.155555555555555 0.22000000000000006
1.0 0.5872382851445663 22.4925 13.088888888888889 0.23000000000000007
1.0 0.5782652043868395 22.4925 12.88888888888889 0.24000000000000007
1.0 0.5682951146560319 22.4925 12.666666666666666 0.25000000000000006
1.0 0.5583250249252243 22.4925 12.444444444444445 0.26000000000000006
1.0 0.5543369890329013 22.4925 12.355555555555556 0.2700000000000001
1.0 0.5523429710867398 22.4925 12.311111111111112 0.2800000000000001
1.0 0.5443668993020937 22.4925 12.133333333333333 0.2900000000000001
1.0 0.53938185443669 22.4925 12.022222222222222 0.3000000000000001
1.0 0.5353938185443669 22.4925 11.933333333333334 0.3100000000000001
1.0 0.5333998005982054 22.4925 11.88888888888889 0.3200000000000001
1.0 0.5304087736789631 22.4925 11.822222222222223 0.3300000000000001
1.0 0.5234297108673978 22.4925 11.666666666666666 0.34000000000000014
1.0 0.518444666001994 22.4925 11.555555555555555 0.35000000000000014
1.0 0.5134596211365903 22.4925 11.444444444444445 0.36000000000000015
1.0 0.5104685942173479 22.4925 11.377777777777778 0.37000000000000016
1.0 0.5064805583250249 22.4925 11.28888888888889 0.38000000000000017
1.0 0.5004985044865404 22.4925 11.155555555555555 0.3900000000000002
1.0 0.4935194416749751 22.4925 11.0 0.4000000000000002
1.0 0.48554336989032904 22.4925 10.822222222222223 0.4100000000000002
1.0 0.48255234297108673 22.4925 10.755555555555556 0.4200000000000002
1.0 0.4785643070787637 22.4925 10.666666666666666 0.4300000000000002
1.0 0.47557328015952144 22.4925 10.6 0.4400000000000002
1.0 0.4675972083748754 22.4925 10.422222222222222 0.45000000000000023
1.0 0.46560319042871384 22.4925 10.377777777777778 0.46000000000000024
1.0 0.46061814556331004 22.4925 10.266666666666667 0.47000000000000025
1.0 0.45164506480558325 22.4925 10.066666666666666 0.48000000000000026
1.0 0.4476570289132602 22.4925 9.977777777777778 0.49000000000000027
1.0 0.4426719840478564 22.4925 9.866666666666667 0.5000000000000002
1.0 0.43968095712861416 22.4925 9.8 0.5100000000000002
1.0 0.4356929212362911 22.4925 9.71111111111111 0.5200000000000002
1.0 0.43270189431704886 22.4925 9.644444444444444 0.5300000000000002
1.0 0.42273180458624127 22.4925 9.422222222222222 0.5400000000000003
1.0 0.4217347956131605 22.4925 9.4 0.5500000000000003
1.0 0.419740777666999 22.4925 9.355555555555556 0.5600000000000003
1.0 0.4147557328015952 22.4925 9.244444444444444 0.5700000000000003
1.0 0.4107676969092722 22.4925 9.155555555555555 0.5800000000000003
1.0 0.4067796610169492 22.4925 9.066666666666666 0.5900000000000003
1.0 0.4037886340977069 22.4925 9.0 0.6000000000000003
1.0 0.40279162512462613 22.4925 8.977777777777778 0.6100000000000003
1.0 0.3988035892323031 22.4925 8.88888888888889 0.6200000000000003
1.0 0.3968095712861416 22.4925 8.844444444444445 0.6300000000000003
1.0 0.3948155533399801 22.4925 8.8 0.6400000000000003
1.0 0.3918245264207378 22.4925 8.733333333333333 0.6500000000000004
1.0 0.3918245264207378 22.4925 8.733333333333333 0.6600000000000004
1.0 0.38783649052841473 22.4925 8.644444444444444 0.6700000000000004
1.0 0.38384845463609174 22.4925 8.555555555555555 0.6800000000000004
1.0 0.3818544366899302 22.4925 8.511111111111111 0.6900000000000004
1.0 0.3778664007976072 22.4925 8.422222222222222 0.7000000000000004
1.0 0.3708873379860419 22.4925 8.266666666666667 0.7100000000000004
1.0 0.36490528414755735 22.4925 8.133333333333333 0.7200000000000004
1.0 0.36390827517447655 22.4925 8.11111111111111 0.7300000000000004
1.0 0.3559322033898305 22.4925 7.933333333333334 0.7400000000000004
1.0 0.34795613160518446 22.4925 7.7555555555555555 0.7500000000000004
1.0 0.33998005982053836 22.4925 7.5777777777777775 0.7600000000000005
1.0 0.33798604187437686 22.4925 7.533333333333333 0.7700000000000005
1.0 0.3349950149551346 22.4925 7.466666666666667 0.7800000000000005
1.0 0.32901296111665007 22.4925 7.333333333333333 0.7900000000000005
1.0 0.325024925224327 22.4925 7.2444444444444445 0.8000000000000005
1.0 0.31306081754735793 22.4925 6.977777777777778 0.8100000000000005
1.0 0.3090727816550349 22.4925 6.888888888888889 0.8200000000000005
0.9997777036790041 0.3040877367896311 22.4875 6.777777777777778 0.8300000000000005
0.9996665555185061 0.29411764705882354 22.485 6.555555555555555 0.8400000000000005
0.9995554073580082 0.2901296111665005 22.4825 6.466666666666667 0.8500000000000005
0.9991108147160165 0.28215353938185445 22.4725 6.288888888888889 0.8600000000000005
0.9987773702345226 0.27716849451645065 22.465 6.177777777777778 0.8700000000000006
0.9982216294320329 0.27218344965104685 22.4525 6.066666666666666 0.8800000000000006
0.9974435923085473 0.2642073778664008 22.435 5.888888888888889 0.8900000000000006
0.9967767033455597 0.25523429710867396 22.42 5.688888888888889 0.9000000000000006
0.9954429254195843 0.2452642073778664 22.39 5.466666666666667 0.9100000000000006
0.994220295654107 0.23928215353938184 22.3625 5.333333333333333 0.9200000000000006
0.9934422585306213 0.22532402791625125 22.345 5.022222222222222 0.9300000000000006
0.9914415916416583 0.21136590229312063 22.3 4.711111111111111 0.9400000000000006
0.9897743692341892 0.19740777666999004 22.2625 4.4 0.9500000000000006
0.9882182949872179 0.18245264207377868 22.2275 4.066666666666666 0.9600000000000006
0.9849949983327776 0.16550348953140578 22.155 3.688888888888889 0.9700000000000006
0.9788818495053907 0.1365902293120638 22.0175 3.0444444444444443 0.9800000000000006
0.9553184394798266 0.10767696909272183 21.4875 2.4 0.9900000000000007
0.0 0.0 0.0 0.0
