0.0 0.3988035892323031 0.0 20.0 0.0
0.0 0.3190428713858425 0.0 16.0 0.01
0.0 0.23728813559322035 0.0 11.9 0.02
0.0 0.20638085742771686 0.0 10.35 0.03
0.0 0.1864406779661017 0.0 9.35 0.04
0.0 0.1794616151545364 0.0 9.0 0.05
0.0 0.16051844466600199 0.0 8.05 0.060000000000000005
0.0 0.16051844466600199 0.0 8.05 0.07
0.0 0.1465603190428714 0.0 7.35 0.08
0.0 0.1415752741774676 0.0 7.1 0.09
0.0 0.14057826520438685 0.0 7.05 0.09999999999999999
0.0 0.13559322033898305 0.0 6.8 0.10999999999999999
0.0 0.13060817547357925 0.0 6.55 0.11999999999999998
0.0 0.1226321036889332 0.0 6.15 0.12999999999999998
0.0 0.11964107676969092 0.0 6.0 0.13999999999999999
0.0 0.11365902293120637 0.0 5.7 0.15
0.0 0.10967098703888335 0.0 5.5 0.16
0.0 0.10967098703888335 0.0 5.5 0.17
0.0 0.10269192422731804 0.0 5.15 0.18000000000000002
0.0 0.1016949152542373 0.0 5.1 0.19000000000000003
0.0 0.1016949152542373 0.0 5.1 0.20000000000000004
0.0 0.09770687936191426 0.0 4.9 0.21000000000000005
0.0 0.0967098703888335 0.0 4.85 0.22000000000000006
0.0 0.09072781655034895 0.0 4.55 0.23000000000000007
0.0 0.0897308075772682 0.0 4.5 0.24000000000000007
0.0 0.0897308075772682 0.0 4.5 0.25000000000000006
0.0 0.0897308075772682 0.0 4.5 0.26000000000000006
0.0 0.08873379860418744 0.0 4.45 0.2700000000000001
0.0 0.08873379860418744 0.0 4.45 0.2800000000000001
0.0 0.08873379860418744 0.0 4.45 0.2900000000000001
0.0 0.08773678963110668 0.0 4.4 0.3000000000000001
0.0 0.08673978065802593 0.0 4.35 0.3100000000000001
0.0 0.08175473579262213 0.0 4.1 0.3200000000000001
0.0 0.08075772681954138 0.0 4.05 0.3300000000000001
0.0 0.08075772681954138 0.0 4.05 0.34000000000000014
0.0 0.08075772681954138 0.0 4.05 0.35000000000000014
0.0 0.07976071784646062 0.0 4.0 0.36000000000000015
0.0 0.07676969092721835 0.0 3.85 0.37000000000000016
0.0 0.07477567298105683 0.0 3.75 0.38000000000000017
0.0 0.07477567298105683 0.0 3.75 0.3900000000000002
0.0 0.06979062811565304 0.0 3.5 0.4000000000000002
0.0 0.06879361914257229 0.0 3.45 0.4100000000000002
0.0 0.06779661016949153 0.0 3.4 0.4200000000000002
0.0 0.06779661016949153 0.0 3.4 0.4300000000000002
0.0 0.06580259222333001 0.0 3.3 0.4400000000000002
0.0 0.06480558325024925 0.0 3.25 0.45000000000000023
0.0 0.06181455633100698 0.0 3.1 0.46000000000000024
0.0 0.058823529411764705 0.0 2.95 0.47000000000000025
0.0 0.058823529411764705 0.0 2.95 0.48000000000000026
0.0 0.058823529411764705 0.0 2.95 0.49000000000000027
0.0 0.05782652043868395 0.0 2.9 0.5000000000000002
0.0 0.04885343968095713 0.0 2.45 0.5100000000000002
0.0 0.04885343968095713 0.0 2.45 0.5200000000000002
0.0 0.047856430707876374 0.0 2.4 0.5300000000000002
0.0 0.047856430707876374 0.0 2.4 0.5400000000000003
0.0 0.04386839481555334 0.0 2.2 0.5500000000000003
0.0 0.04386839481555334 0.0 2.2 0.5600000000000003
0.0 0.04386839481555334 0.0 2.2 0.5700000000000003
0.0 0.04187437686939183 0.0 2.1 0.5800000000000003
0.0 0.040877367896311065 0.0 2.05 0.5900000000000003
0.0 0.040877367896311065 0.0 2.05 0.6000000000000003
0.0 0.03589232303090728 0.0 1.8 0.6100000000000003
0.0 0.03589232303090728 0.0 1.8 0.6200000000000003
0.0 0.03589232303090728 0.0 1.8 0.6300000000000003
0.0 0.03589232303090728 0.0 1.8 0.6400000000000003
0.0 0.03489531405782652 0.0 1.75 0.6500000000000004
0.0 0.03389830508474576 0.0 1.7 0.6600000000000004
0.0 0.03389830508474576 0.0 1.7 0.6700000000000004
0.0 0.03389830508474576 0.0 1.7 0.6800000000000004
0.0 0.03389830508474576 0.0 1.7 0.6900000000000004
0.0 0.03389830508474576 0.0 1.7 0.7000000000000004
0.0 0.031904287138584245 0.0 1.6 0.7100000000000004
0.0 0.031904287138584245 0.0 1.6 0.7200000000000004
0.0 0.02991026919242273 0.0 1.5 0.7300000000000004
0.0 0.0259222333000997 0.0 1.3 0.7400000000000004
0.0 0.0259222333000997 0.0 1.3 0.7500000000000004
0.0 0.0259222333000997 0.0 1.3 0.7600000000000005
0.0 0.0259222333000997 0.0 1.3 0.7700000000000005
0.0 0.024925224327018942 0.0 1.25 0.7800000000000005
0.0 0.024925224327018942 0.0 1.25 0.7900000000000005
0.0 0.024925224327018942 0.0 1.25 0.8000000000000005
0.0 0.020937188434695914 0.0 1.05 0.8100000000000005
0.0 0.018943170488534396 0.0 0.95 0.8200000000000005
0.0 0.018943170488534396 0.0 0.95 0.8300000000000005
0.0 0.018943170488534396 0.0 0.95 0.8400000000000005
0.0 0.01794616151545364 0.0 0.9 0.8500000000000005
0.0 0.01794616151545364 0.0 0.9 0.8600000000000005
0.0 0.014955134596211365 0.0 0.75 0.8700000000000006
0.0 0.014955134596211365 0.0 0.75 0.8800000000000006
0.0 0.014955134596211365 0.0 0.75 0.8900000000000006
0.0 0.014955134596211365 0.0 0.75 0.9000000000000006
0.0 0.014955134596211365 0.0 0.75 0.9100000000000006
0.0 0.014955134596211365 0.0 0.75 0.9200000000000006
0.0 0.011964107676969093 0.0 0.6 0.9300000000000006
0.0 0.011964107676969093 0.0 0.6 0.9400000000000006
0.0 0.011964107676969093 0.0 0.6 0.9500000000000006
0.0 0.009970089730807577 0.0 0.5 0.9600000000000006
0.0 0.007976071784646061 0.0 0.4 0.9700000000000006
0.0 0.003988035892323031 0.0 0.2 0.9800000000000006
0.0 0.0 0.0 0.0 0.9900000000000007
0.0 0.0 0.0 0.0
