0.0 0.9970089730807578 0.0 20.0 0.0
0.0 0.9042871385842473 0.0 18.14 0.01
0.0 0.7896311066799602 0.0 15.84 0.02
0.0 0.7477567298105683 0.0 15.0 0.03
0.0 0.7258225324027916 0.0 14.56 0.04
0.0 0.6959122632103689 0.0 13.96 0.05
0.0 0.6650049850448654 0.0 13.34 0.060000000000000005
0.0 0.6650049850448654 0.0 13.34 0.07
0.0 0.6560319042871385 0.0 13.16 0.08
0.0 0.6450648055832503 0.0 12.94 0.09
0.0 0.617148554336989 0.0 12.38 0.09999999999999999
0.0 0.6031904287138584 0.0 12.1 0.10999999999999999
0.0 0.5942173479561316 0.0 11.92 0.11999999999999998
0.0 0.5862412761714856 0.0 11.76 0.12999999999999998
0.0 0.576271186440678 0.0 11.56 0.13999999999999999
0.0 0.5682951146560319 0.0 11.4 0.15
0.0 0.5583250249252243 0.0 11.2 0.16
0.0 0.5473579262213359 0.0 10.98 0.17
0.0 0.5383848454636092 0.0 10.8 0.18000000000000002
0.0 0.5304087736789631 0.0 10.64 0.19000000000000003
0.0 0.5274177467597209 0.0 10.58 0.20000000000000004
0.0 0.518444666001994 0.0 10.4 0.21000000000000005
0.0 0.5074775672981057 0.0 10.18 0.22000000000000006
0.0 0.5024925224327019 0.0 10.08 0.23000000000000007
0.0 0.4965104685942173 0.0 9.96 0.24000000000000007
0.0 0.4935194416749751 0.0 9.9 0.25000000000000006
0.0 0.48454636091724823 0.0 9.72 0.26000000000000006
0.0 0.4795613160518445 0.0 9.62 0.2700000000000001
0.0 0.47756729810568294 0.0 9.58 0.2800000000000001
0.0 0.47357926221335994 0.0 9.5 0.2900000000000001
0.0 0.4675972083748754 0.0 9.38 0.3000000000000001
0.0 0.46560319042871384 0.0 9.34 0.3100000000000001
0.0 0.45663010967098705 0.0 9.16 0.3200000000000001
0.0 0.44666001994017945 0.0 8.96 0.3300000000000001
0.0 0.43968095712861416 0.0 8.82 0.34000000000000014
0.0 0.43668993020937186 0.0 8.76 0.35000000000000014
0.0 0.4317048853439681 0.0 8.66 0.36000000000000015
0.0 0.4287138584247258 0.0 8.6 0.37000000000000016
0.0 0.4247258225324028 0.0 8.52 0.38000000000000017
0.0 0.423728813559322 0.0 8.5 0.3900000000000002
0.0 0.42073778664007977 0.0 8.44 0.4000000000000002
0.0 0.4137587238285145 0.0 8.3 0.4100000000000002
0.0 0.4057826520438684 0.0 8.14 0.4200000000000002
0.0 0.4057826520438684 0.0 8.14 0.4300000000000002
0.0 0.4037886340977069 0.0 8.1 0.4400000000000002
0.0 0.3968095712861416 0.0 7.96 0.45000000000000023
0.0 0.39581256231306083 0.0 7.94 0.46000000000000024
0.0 0.38883349950149554 0.0 7.8 0.47000000000000025
0.0 0.3818544366899302 0.0 7.66 0.48000000000000026
0.0 0.3818544366899302 0.0 7.66 0.49000000000000027
0.0 0.38085742771684944 0.0 7.64 0.5000000000000002
0.0 0.37686939182452645 0.0 7.56 0.5100000000000002
0.0 0.3728813559322034 0.0 7.48 0.5200000000000002
0.0 0.36889332003988035 0.0 7.4 0.5300000000000002
0.0 0.36689930209371885 0.0 7.36 0.5400000000000003
0.0 0.3629112662013958 0.0 7.28 0.5500000000000003
0.0 0.3609172482552343 0.0 7.24 0.5600000000000003
0.0 0.357926221335992 0.0 7.18 0.5700000000000003
0.0 0.357926221335992 0.0 7.18 0.5800000000000003
0.0 0.353938185443669 0.0 7.1 0.5900000000000003
0.0 0.35194416749750745 0.0 7.06 0.6000000000000003
0.0 0.35194416749750745 0.0 7.06 0.6100000000000003
0.0 0.3469591226321037 0.0 6.96 0.6200000000000003
0.0 0.33998005982053836 0.0 6.82 0.6300000000000003
0.0 0.33599202392821537 0.0 6.74 0.6400000000000003
0.0 0.3320039880358923 0.0 6.66 0.6500000000000004
0.0 0.32602193419740777 0.0 6.54 0.6600000000000004
0.0 0.3200398803589232 0.0 6.42 0.6700000000000004
0.0 0.317048853439681 0.0 6.36 0.6800000000000004
0.0 0.3120638085742772 0.0 6.26 0.6900000000000004
0.0 0.3120638085742772 0.0 6.26 0.7000000000000004
0.0 0.3090727816550349 0.0 6.2 0.7100000000000004
0.0 0.3070787637088734 0.0 6.16 0.7200000000000004
0.0 0.2931206380857428 0.0 5.88 0.7300000000000004
0.0 0.2931206380857428 0.0 5.88 0.7400000000000004
0.0 0.28913260219341974 0.0 5.8 0.7500000000000004
0.0 0.2811565304087737 0.0 5.64 0.7600000000000005
0.0 0.27716849451645065 0.0 5.56 0.7700000000000005
0.0 0.2761714855433699 0.0 5.54 0.7800000000000005
0.0 0.2691924227318046 0.0 5.4 0.7900000000000005
0.0 0.26719840478564305 0.0 5.36 0.8000000000000005
0.0 0.2642073778664008 0.0 5.3 0.8100000000000005
0.0 0.2542372881355932 0.0 5.1 0.8200000000000005
0.0 0.2522432701894317 0.0 5.06 0.8300000000000005
0.0 0.24127617148554337 0.0 4.84 0.8400000000000005
0.0 0.23230309072781655 0.0 4.66 0.8500000000000005
0.0 0.22333000997008973 0.0 4.48 0.8600000000000005
0.0 0.2193419740777667 0.0 4.4 0.8700000000000006
0.0 0.21635094715852443 0.0 4.34 0.8800000000000006
0.0 0.20638085742771686 0.0 4.14 0.8900000000000006
0.0 0.19940179461615154 0.0 4.0 0.9000000000000006
0.0 0.1914257228315055 0.0 3.84 0.9100000000000006
0.0 0.18743768693918245 0.0 3.76 0.9200000000000006
0.0 0.17248255234297108 0.0 3.46 0.9300000000000006
0.0 0.1585244267198405 0.0 3.18 0.9400000000000006
0.0 0.14556331006979062 0.0 2.92 0.9500000000000006
0.0 0.13060817547357925 0.0 2.62 0.9600000000000006
0.0 0.11665004985044865 0.0 2.34 0.9700000000000006
0.0 0.09970089730807577 0.0 2.0 0.9800000000000006
0.0 0.054835493519441676 0.0 1.1 0.9900000000000007
0.0 0.0 0.0 0.0
