0 0.0  0 NaN 10000 9033.26000000004 0.9033260000000041
5 99.99  100 0.9998999999999999 10000 9084.970000000021 0.9084970000000021
10 200.0  200 1.0 10000 9033.420000000036 0.9033420000000036
15 299.97  300 0.9999000000000001 10000 9086.000000000035 0.9086000000000034
20 399.94000000000005  400 0.9998500000000001 10000 9086.140000000038 0.9086140000000038
25 499.99  500 0.99998 10000 9051.640000000036 0.9051640000000036
30 599.6600000000001  600 0.9994333333333335 10000 9096.090000000022 0.9096090000000022
35 699.8900000000001  700 0.9998428571428573 10000 9074.500000000042 0.9074500000000042
40 799.7400000000001  800 0.9996750000000002 10000 9088.45000000003 0.908845000000003
45 899.2900000000002  900 0.9992111111111113 10000 9097.640000000032 0.9097640000000032
50 999.7700000000002  1000 0.9997700000000002 10000 9091.140000000038 0.9091140000000038
