1.0 1.0 89.97 28.65714285714286 0.0
1.0 1.0 89.97 28.65714285714286 0.01
1.0 1.0 89.97 28.65714285714286 0.02
1.0 0.9980059820538385 89.97 28.6 0.03
1.0 0.9980059820538385 89.97 28.6 0.04
1.0 0.9970089730807578 89.97 28.571428571428573 0.05
1.0 0.9940179461615155 89.97 28.485714285714284 0.060000000000000005
1.0 0.9940179461615155 89.97 28.485714285714284 0.07
1.0 0.9920239282153539 89.97 28.428571428571427 0.08
1.0 0.9890329012961117 89.97 28.34285714285714 0.09
1.0 0.9880358923230309 89.97 28.314285714285713 0.09999999999999999
1.0 0.9880358923230309 89.97 28.314285714285713 0.10999999999999999
1.0 0.9870388833499502 89.97 28.285714285714285 0.11999999999999998
1.0 0.9860418743768694 89.97 28.257142857142856 0.12999999999999998
1.0 0.9850448654037887 89.97 28.228571428571428 0.13999999999999999
1.0 0.9810568295114656 89.97 28.114285714285714 0.15
1.0 0.9800598205383848 89.97 28.085714285714285 0.16
1.0 0.9800598205383848 89.97 28.085714285714285 0.17
1.0 0.9750747756729811 89.97 27.942857142857143 0.18000000000000002
1.0 0.9700897308075773 89.97 27.8 0.19000000000000003
1.0 0.9680957128614157 89.97 27.742857142857144 0.20000000000000004
1.0 0.9651046859421735 89.97 27.65714285714286 0.21000000000000005
1.0 0.9601196410767697 89.97 27.514285714285716 0.22000000000000006
1.0 0.959122632103689 89.97 27.485714285714284 0.23000000000000007
1.0 0.9571286141575274 89.97 27.428571428571427 0.24000000000000007
1.0 0.9551345962113659 89.97 27.37142857142857 0.25000000000000006
1.0 0.9551345962113659 89.97 27.37142857142857 0.26000000000000006
1.0 0.9541375872382851 89.97 27.34285714285714 0.2700000000000001
1.0 0.9531405782652044 89.97 27.314285714285713 0.2800000000000001
1.0 0.9531405782652044 89.97 27.314285714285713 0.2900000000000001
1.0 0.9531405782652044 89.97 27.314285714285713 0.3000000000000001
1.0 0.9531405782652044 89.97 27.314285714285713 0.3100000000000001
1.0 0.9501495513459621 89.97 27.228571428571428 0.3200000000000001
1.0 0.9481555333998006 89.97 27.17142857142857 0.3300000000000001
1.0 0.9471585244267199 89.97 27.142857142857142 0.34000000000000014
1.0 0.9451645064805583 89.97 27.085714285714285 0.35000000000000014
1.0 0.942173479561316 89.97 27.0 0.36000000000000015
1.0 0.938185443668993 89.97 26.885714285714286 0.37000000000000016
1.0 0.93419740777667 89.97 26.771428571428572 0.38000000000000017
1.0 0.9262213359920239 89.97 26.542857142857144 0.3900000000000002
1.0 0.9182452642073778 89.97 26.314285714285713 0.4000000000000002
1.0 0.9082751744765702 89.97 26.02857142857143 0.4100000000000002
1.0 0.901296111665005 89.97 25.82857142857143 0.4200000000000002
1.0 0.8903290129611167 89.97 25.514285714285716 0.4300000000000002
1.0 0.8833499501495513 89.97 25.314285714285713 0.4400000000000002
1.0 0.8753738783649053 89.97 25.085714285714285 0.45000000000000023
1.0 0.8624127617148555 89.97 24.714285714285715 0.46000000000000024
1.0 0.8604187437686939 89.97 24.65714285714286 0.47000000000000025
1.0 0.8554336989032901 89.97 24.514285714285716 0.48000000000000026
1.0 0.8524426719840479 89.97 24.428571428571427 0.49000000000000027
1.0 0.847457627118644 89.97 24.285714285714285 0.5000000000000002
1.0 0.8414755732801595 89.97 24.114285714285714 0.5100000000000002
1.0 0.8404785643070788 89.97 24.085714285714285 0.5200000000000002
1.0 0.8374875373878365 89.97 24.0 0.5300000000000002
1.0 0.8364905284147557 89.97 23.97142857142857 0.5400000000000003
1.0 0.8334995014955134 89.97 23.885714285714286 0.5500000000000003
1.0 0.8325024925224327 89.97 23.857142857142858 0.5600000000000003
1.0 0.8315054835493519 89.97 23.82857142857143 0.5700000000000003
1.0 0.8285144566301097 89.97 23.742857142857144 0.5800000000000003
1.0 0.8255234297108675 89.97 23.65714285714286 0.5900000000000003
1.0 0.8255234297108675 89.97 23.65714285714286 0.6000000000000003
1.0 0.8245264207377866 89.97 23.62857142857143 0.6100000000000003
1.0 0.8195413758723828 89.97 23.485714285714284 0.6200000000000003
1.0 0.8095712861415753 89.97 23.2 0.6300000000000003
1.0 0.80259222333001 89.97 23.0 0.6400000000000003
1.0 0.7926221335992024 89.97 22.714285714285715 0.6500000000000004
1.0 0.7706879361914257 89.97 22.085714285714285 0.6600000000000004
1.0 0.7627118644067796 89.97 21.857142857142858 0.6700000000000004
1.0 0.744765702891326 89.97 21.34285714285714 0.6800000000000004
1.0 0.7138584247258225 89.97 20.457142857142856 0.6900000000000004
1.0 0.6919242273180458 89.97 19.82857142857143 0.7000000000000004
1.0 0.6630109670987039 89.97 19.0 0.7100000000000004
1.0 0.6251246261216351 89.97 17.914285714285715 0.7200000000000004
1.0 0.5952143569292123 89.97 17.057142857142857 0.7300000000000004
1.0 0.5672981056829511 89.97 16.257142857142856 0.7400000000000004
1.0 0.5463609172482552 89.97 15.657142857142857 0.7500000000000004
1.0 0.5294117647058824 89.97 15.17142857142857 0.7600000000000005
1.0 0.5154536390827518 89.97 14.771428571428572 0.7700000000000005
0.999888851839502 0.4955134596211366 89.96 14.2 0.7800000000000005
0.9995554073580082 0.481555333998006 89.93 13.8 0.7900000000000005
0.9992219628765144 0.47357926221335994 89.9 13.571428571428571 0.8000000000000005
0.9983327775925308 0.46360917248255235 89.82 13.285714285714286 0.8100000000000005
0.9962209625430699 0.46061814556331004 89.63 13.2 0.8200000000000005
0.992108480604646 0.44965104685942175 89.26 12.885714285714286 0.8300000000000005
0.986217628098255 0.44167497507477566 88.73 12.657142857142857 0.8400000000000005
0.9752139602089586 0.4247258225324028 87.74 12.17142857142857 0.8500000000000005
0.9579859953317773 0.39282153539381853 86.19 11.257142857142858 0.8600000000000005
0.9319773257752584 0.35692921236291125 83.85 10.228571428571428 0.8700000000000006
0.8969656552184061 0.3190428713858425 80.7 9.142857142857142 0.8800000000000006
0.8510614649327554 0.27716849451645065 76.57 7.942857142857143 0.8900000000000006
0.8031566077581416 0.2193419740777667 72.26 6.285714285714286 0.9000000000000006
0.754918306102034 0.15952143569292124 67.92 4.571428571428571 0.9100000000000006
0.7130154495943092 0.11166500498504486 64.15 3.2 0.9200000000000006
0.6807824830499055 0.06380857427716849 61.25 1.8285714285714285 0.9300000000000006
0.6516616649994442 0.04287138584247258 58.63 1.2285714285714286 0.9400000000000006
0.6286539957763699 0.02991026919242273 56.56 0.8571428571428571 0.9500000000000006
0.6092030676892297 0.02193419740777667 54.81 0.6285714285714286 0.9600000000000006
0.5848616205401801 0.020937188434695914 52.62 0.6 0.9700000000000006
0.5388462820940313 0.019940179461615155 48.48 0.5714285714285714 0.9800000000000006
0.40858063799044125 0.019940179461615155 36.76 0.5714285714285714 0.9900000000000007
0.0 0.0 0.0 0.0
