1.0 1.0 12.852857142857143 40.12 0.0
1.0 0.45862412761714855 12.852857142857143 18.4 0.01
1.0 0.25623130608175476 12.852857142857143 10.28 0.02
1.0 0.20438683948155534 12.852857142857143 8.2 0.03
1.0 0.16849451645064806 12.852857142857143 6.76 0.04
1.0 0.14456630109670987 12.852857142857143 5.8 0.05
1.0 0.0967098703888335 12.852857142857143 3.88 0.060000000000000005
1.0 0.0967098703888335 12.852857142857143 3.88 0.07
1.0 0.08873379860418744 12.852857142857143 3.56 0.08
1.0 0.0847457627118644 12.852857142857143 3.4 0.09
1.0 0.08374875373878365 12.852857142857143 3.36 0.09999999999999999
1.0 0.07776669990029911 12.852857142857143 3.12 0.10999999999999999
1.0 0.07178464606181456 12.852857142857143 2.88 0.11999999999999998
1.0 0.06779661016949153 12.852857142857143 2.72 0.12999999999999998
1.0 0.06181455633100698 12.852857142857143 2.48 0.13999999999999999
1.0 0.053838484546360914 12.852857142857143 2.16 0.15
1.0 0.0518444666001994 12.852857142857143 2.08 0.16
1.0 0.049850448654037885 12.852857142857143 2.0 0.17
1.0 0.04287138584247258 12.852857142857143 1.72 0.18000000000000002
1.0 0.040877367896311065 12.852857142857143 1.64 0.19000000000000003
1.0 0.038883349950149554 12.852857142857143 1.56 0.20000000000000004
1.0 0.03788634097706879 12.852857142857143 1.52 0.21000000000000005
1.0 0.03489531405782652 12.852857142857143 1.4 0.22000000000000006
1.0 0.03290129611166501 12.852857142857143 1.32 0.23000000000000007
1.0 0.028913260219341975 12.852857142857143 1.16 0.24000000000000007
1.0 0.028913260219341975 12.852857142857143 1.16 0.25000000000000006
1.0 0.026919242273180457 12.852857142857143 1.08 0.26000000000000006
1.0 0.026919242273180457 12.852857142857143 1.08 0.2700000000000001
1.0 0.024925224327018942 12.852857142857143 1.0 0.2800000000000001
1.0 0.022931206380857428 12.852857142857143 0.92 0.2900000000000001
1.0 0.022931206380857428 12.852857142857143 0.92 0.3000000000000001
1.0 0.020937188434695914 12.852857142857143 0.84 0.3100000000000001
1.0 0.01694915254237288 12.852857142857143 0.68 0.3200000000000001
1.0 0.01694915254237288 12.852857142857143 0.68 0.3300000000000001
1.0 0.014955134596211365 12.852857142857143 0.6 0.34000000000000014
1.0 0.014955134596211365 12.852857142857143 0.6 0.35000000000000014
1.0 0.013958125623130608 12.852857142857143 0.56 0.36000000000000015
1.0 0.010967098703888335 12.852857142857143 0.44 0.37000000000000016
1.0 0.00897308075772682 12.852857142857143 0.36 0.38000000000000017
1.0 0.00897308075772682 12.852857142857143 0.36 0.3900000000000002
1.0 0.007976071784646061 12.852857142857143 0.32 0.4000000000000002
1.0 0.007976071784646061 12.852857142857143 0.32 0.4100000000000002
1.0 0.006979062811565304 12.852857142857143 0.28 0.4200000000000002
1.0 0.006979062811565304 12.852857142857143 0.28 0.4300000000000002
1.0 0.006979062811565304 12.852857142857143 0.28 0.4400000000000002
1.0 0.006979062811565304 12.852857142857143 0.28 0.45000000000000023
1.0 0.006979062811565304 12.852857142857143 0.28 0.46000000000000024
1.0 0.006979062811565304 12.852857142857143 0.28 0.47000000000000025
1.0 0.006979062811565304 12.852857142857143 0.28 0.48000000000000026
1.0 0.005982053838484547 12.852857142857143 0.24 0.49000000000000027
1.0 0.005982053838484547 12.852857142857143 0.24 0.5000000000000002
1.0 0.005982053838484547 12.852857142857143 0.24 0.5100000000000002
1.0 0.005982053838484547 12.852857142857143 0.24 0.5200000000000002
1.0 0.005982053838484547 12.852857142857143 0.24 0.5300000000000002
1.0 0.005982053838484547 12.852857142857143 0.24 0.5400000000000003
1.0 0.005982053838484547 12.852857142857143 0.24 0.5500000000000003
1.0 0.005982053838484547 12.852857142857143 0.24 0.5600000000000003
1.0 0.005982053838484547 12.852857142857143 0.24 0.5700000000000003
1.0 0.005982053838484547 12.852857142857143 0.24 0.5800000000000003
1.0 0.005982053838484547 12.852857142857143 0.24 0.5900000000000003
1.0 0.004985044865403789 12.852857142857143 0.2 0.6000000000000003
1.0 0.004985044865403789 12.852857142857143 0.2 0.6100000000000003
1.0 0.004985044865403789 12.852857142857143 0.2 0.6200000000000003
1.0 0.003988035892323031 12.852857142857143 0.16 0.6300000000000003
1.0 0.0029910269192422734 12.852857142857143 0.12 0.6400000000000003
1.0 0.0029910269192422734 12.852857142857143 0.12 0.6500000000000004
1.0 0.0029910269192422734 12.852857142857143 0.12 0.6600000000000004
1.0 0.0019940179461615153 12.852857142857143 0.08 0.6700000000000004
1.0 0.0019940179461615153 12.852857142857143 0.08 0.6800000000000004
1.0 0.0019940179461615153 12.852857142857143 0.08 0.6900000000000004
1.0 0.0019940179461615153 12.852857142857143 0.08 0.7000000000000004
1.0 0.0019940179461615153 12.852857142857143 0.08 0.7100000000000004
1.0 0.0019940179461615153 12.852857142857143 0.08 0.7200000000000004
1.0 0.0019940179461615153 12.852857142857143 0.08 0.7300000000000004
1.0 0.0019940179461615153 12.852857142857143 0.08 0.7400000000000004
1.0 0.0019940179461615153 12.852857142857143 0.08 0.7500000000000004
1.0 0.0019940179461615153 12.852857142857143 0.08 0.7600000000000005
1.0 0.0019940179461615153 12.852857142857143 0.08 0.7700000000000005
1.0 9.970089730807576E-4 12.852857142857143 0.04 0.7800000000000005
1.0 9.970089730807576E-4 12.852857142857143 0.04 0.7900000000000005
1.0 0.0 12.852857142857143 0.0 0.8000000000000005
1.0 0.0 12.852857142857143 0.0 0.8100000000000005
1.0 0.0 12.852857142857143 0.0 0.8200000000000005
1.0 0.0 12.852857142857143 0.0 0.8300000000000005
1.0 0.0 12.852857142857143 0.0 0.8400000000000005
1.0 0.0 12.852857142857143 0.0 0.8500000000000005
1.0 0.0 12.852857142857143 0.0 0.8600000000000005
1.0 0.0 12.852857142857143 0.0 0.8700000000000006
1.0 0.0 12.852857142857143 0.0 0.8800000000000006
1.0 0.0 12.852857142857143 0.0 0.8900000000000006
1.0 0.0 12.852857142857143 0.0 0.9000000000000006
1.0 0.0 12.852857142857143 0.0 0.9100000000000006
1.0 0.0 12.852857142857143 0.0 0.9200000000000006
1.0 0.0 12.852857142857143 0.0 0.9300000000000006
1.0 0.0 12.852857142857143 0.0 0.9400000000000006
1.0 0.0 12.852857142857143 0.0 0.9500000000000006
0.9996665555185061 0.0 12.848571428571429 0.0 0.9600000000000006
0.9996665555185061 0.0 12.848571428571429 0.0 0.9700000000000006
0.9993331110370124 0.0 12.844285714285714 0.0 0.9800000000000006
0.9972212959875514 0.0 12.817142857142857 0.0 0.9900000000000007
0.0 0.0 0.0 0.0
