0.0 0.6979062811565304 0.0 20.0 0.0
0.0 0.6939182452642074 0.0 19.885714285714286 0.01
0.0 0.6839481555333998 0.0 19.6 0.02
0.0 0.6719840478564307 0.0 19.257142857142856 0.03
0.0 0.6689930209371885 0.0 19.17142857142857 0.04
0.0 0.6660019940179461 0.0 19.085714285714285 0.05
0.0 0.6580259222333001 0.0 18.857142857142858 0.060000000000000005
0.0 0.6580259222333001 0.0 18.857142857142858 0.07
0.0 0.6570289132602194 0.0 18.82857142857143 0.08
0.0 0.6550348953140578 0.0 18.771428571428572 0.09
0.0 0.6530408773678963 0.0 18.714285714285715 0.09999999999999999
0.0 0.6480558325024925 0.0 18.571428571428573 0.10999999999999999
0.0 0.6440677966101694 0.0 18.457142857142856 0.11999999999999998
0.0 0.6420737786640079 0.0 18.4 0.12999999999999998
0.0 0.6400797607178464 0.0 18.34285714285714 0.13999999999999999
0.0 0.6390827517447657 0.0 18.314285714285713 0.15
0.0 0.6370887337986042 0.0 18.257142857142856 0.16
0.0 0.6331006979062812 0.0 18.142857142857142 0.17
0.0 0.6311066799601196 0.0 18.085714285714285 0.18000000000000002
0.0 0.6301096709870389 0.0 18.057142857142857 0.19000000000000003
0.0 0.6291126620139581 0.0 18.02857142857143 0.20000000000000004
0.0 0.6261216350947159 0.0 17.942857142857143 0.21000000000000005
0.0 0.6221335992023929 0.0 17.82857142857143 0.22000000000000006
0.0 0.6201395812562313 0.0 17.771428571428572 0.23000000000000007
0.0 0.6191425722831505 0.0 17.742857142857144 0.24000000000000007
0.0 0.6141575274177468 0.0 17.6 0.25000000000000006
0.0 0.6081754735792622 0.0 17.428571428571427 0.26000000000000006
0.0 0.6061814556331007 0.0 17.37142857142857 0.2700000000000001
0.0 0.6061814556331007 0.0 17.37142857142857 0.2800000000000001
0.0 0.6051844466600199 0.0 17.34285714285714 0.2900000000000001
0.0 0.6041874376869392 0.0 17.314285714285713 0.3000000000000001
0.0 0.5982053838484547 0.0 17.142857142857142 0.3100000000000001
0.0 0.5962113659022931 0.0 17.085714285714285 0.3200000000000001
0.0 0.5942173479561316 0.0 17.02857142857143 0.3300000000000001
0.0 0.5942173479561316 0.0 17.02857142857143 0.34000000000000014
0.0 0.5932203389830508 0.0 17.0 0.35000000000000014
0.0 0.5922233300099701 0.0 16.97142857142857 0.36000000000000015
0.0 0.5902293120638086 0.0 16.914285714285715 0.37000000000000016
0.0 0.5892323030907278 0.0 16.885714285714286 0.38000000000000017
0.0 0.5892323030907278 0.0 16.885714285714286 0.3900000000000002
0.0 0.5882352941176471 0.0 16.857142857142858 0.4000000000000002
0.0 0.5872382851445663 0.0 16.82857142857143 0.4100000000000002
0.0 0.5862412761714856 0.0 16.8 0.4200000000000002
0.0 0.584247258225324 0.0 16.742857142857144 0.4300000000000002
0.0 0.5832502492522432 0.0 16.714285714285715 0.4400000000000002
0.0 0.576271186440678 0.0 16.514285714285716 0.45000000000000023
0.0 0.5702891326021934 0.0 16.34285714285714 0.46000000000000024
0.0 0.5623130608175474 0.0 16.114285714285714 0.47000000000000025
0.0 0.559322033898305 0.0 16.02857142857143 0.48000000000000026
0.0 0.5543369890329013 0.0 15.885714285714286 0.49000000000000027
0.0 0.5493519441674976 0.0 15.742857142857142 0.5000000000000002
0.0 0.5463609172482552 0.0 15.657142857142857 0.5100000000000002
0.0 0.53938185443669 0.0 15.457142857142857 0.5200000000000002
0.0 0.5343968095712861 0.0 15.314285714285715 0.5300000000000002
0.0 0.5294117647058824 0.0 15.17142857142857 0.5400000000000003
0.0 0.5264207377866401 0.0 15.085714285714285 0.5500000000000003
0.0 0.5174476570289133 0.0 14.82857142857143 0.5600000000000003
0.0 0.5134596211365903 0.0 14.714285714285714 0.5700000000000003
0.0 0.5084745762711864 0.0 14.571428571428571 0.5800000000000003
0.0 0.5024925224327019 0.0 14.4 0.5900000000000003
0.0 0.4995014955134596 0.0 14.314285714285715 0.6000000000000003
0.0 0.49750747756729813 0.0 14.257142857142858 0.6100000000000003
0.0 0.4935194416749751 0.0 14.142857142857142 0.6200000000000003
0.0 0.4915254237288136 0.0 14.085714285714285 0.6300000000000003
0.0 0.4865403788634098 0.0 13.942857142857143 0.6400000000000003
0.0 0.4835493519441675 0.0 13.857142857142858 0.6500000000000004
0.0 0.481555333998006 0.0 13.8 0.6600000000000004
0.0 0.4785643070787637 0.0 13.714285714285714 0.6700000000000004
0.0 0.47557328015952144 0.0 13.628571428571428 0.6800000000000004
0.0 0.4745762711864407 0.0 13.6 0.6900000000000004
0.0 0.4745762711864407 0.0 13.6 0.7000000000000004
0.0 0.4715852442671984 0.0 13.514285714285714 0.7100000000000004
0.0 0.4666001994017946 0.0 13.371428571428572 0.7200000000000004
0.0 0.46061814556331004 0.0 13.2 0.7300000000000004
0.0 0.4596211365902293 0.0 13.17142857142857 0.7400000000000004
0.0 0.4596211365902293 0.0 13.17142857142857 0.7500000000000004
0.0 0.4546360917248255 0.0 13.028571428571428 0.7600000000000005
0.0 0.4506480558325025 0.0 12.914285714285715 0.7700000000000005
0.0 0.4476570289132602 0.0 12.82857142857143 0.7800000000000005
0.0 0.4426719840478564 0.0 12.685714285714285 0.7900000000000005
0.0 0.43469591226321036 0.0 12.457142857142857 0.8000000000000005
0.0 0.419740777666999 0.0 12.028571428571428 0.8100000000000005
0.0 0.4137587238285145 0.0 11.857142857142858 0.8200000000000005
0.0 0.4107676969092722 0.0 11.771428571428572 0.8300000000000005
0.0 0.4047856430707876 0.0 11.6 0.8400000000000005
0.0 0.40279162512462613 0.0 11.542857142857143 0.8500000000000005
0.0 0.3948155533399801 0.0 11.314285714285715 0.8600000000000005
0.0 0.38783649052841473 0.0 11.114285714285714 0.8700000000000006
0.0 0.3848454636091725 0.0 11.028571428571428 0.8800000000000006
0.0 0.37387836490528414 0.0 10.714285714285714 0.8900000000000006
0.0 0.36490528414755735 0.0 10.457142857142857 0.9000000000000006
0.0 0.35294117647058826 0.0 10.114285714285714 0.9100000000000006
0.0 0.3349950149551346 0.0 9.6 0.9200000000000006
0.0 0.32103688933200397 0.0 9.2 0.9300000000000006
0.0 0.3000997008973081 0.0 8.6 0.9400000000000006
0.0 0.288135593220339 0.0 8.257142857142858 0.9500000000000006
0.0 0.26719840478564305 0.0 7.6571428571428575 0.9600000000000006
0.0 0.23629112662013957 0.0 6.771428571428571 0.9700000000000006
0.0 0.21136590229312063 0.0 6.057142857142857 0.9800000000000006
0.0 0.16650049850448653 0.0 4.771428571428571 0.9900000000000007
0.0 0.0 0.0 0.0
