1.0 1.0 9.996666666666666 25.075 0.0
0.998110481271535 0.25523429710867396 9.977777777777778 6.4 0.01
0.9977770367900411 0.10667996011964108 9.974444444444444 2.675 0.02
0.9977770367900411 0.07577268195413758 9.974444444444444 1.9 0.03
0.9977770367900411 0.06081754735792622 9.974444444444444 1.525 0.04
0.9977770367900411 0.047856430707876374 9.974444444444444 1.2 0.05
0.9977770367900411 0.03290129611166501 9.974444444444444 0.825 0.060000000000000005
0.9977770367900411 0.03290129611166501 9.974444444444444 0.825 0.07
0.9977770367900411 0.03090727816550349 9.974444444444444 0.775 0.08
0.9977770367900411 0.026919242273180457 9.974444444444444 0.675 0.09
0.9977770367900411 0.024925224327018942 9.974444444444444 0.625 0.09999999999999999
0.9977770367900411 0.022931206380857428 9.974444444444444 0.575 0.10999999999999999
0.9977770367900411 0.02193419740777667 9.974444444444444 0.55 0.11999999999999998
0.9977770367900411 0.018943170488534396 9.974444444444444 0.475 0.12999999999999998
0.9977770367900411 0.01694915254237288 9.974444444444444 0.425 0.13999999999999999
0.9977770367900411 0.01296111665004985 9.974444444444444 0.325 0.15
0.9977770367900411 0.010967098703888335 9.974444444444444 0.275 0.16
0.9977770367900411 0.009970089730807577 9.974444444444444 0.25 0.17
0.9977770367900411 0.007976071784646061 9.974444444444444 0.2 0.18000000000000002
0.9977770367900411 0.005982053838484547 9.974444444444444 0.15 0.19000000000000003
0.9977770367900411 0.005982053838484547 9.974444444444444 0.15 0.20000000000000004
0.9977770367900411 0.005982053838484547 9.974444444444444 0.15 0.21000000000000005
0.9977770367900411 0.005982053838484547 9.974444444444444 0.15 0.22000000000000006
0.9977770367900411 0.005982053838484547 9.974444444444444 0.15 0.23000000000000007
0.9977770367900411 0.005982053838484547 9.974444444444444 0.15 0.24000000000000007
0.9977770367900411 0.004985044865403789 9.974444444444444 0.125 0.25000000000000006
0.9977770367900411 0.003988035892323031 9.974444444444444 0.1 0.26000000000000006
0.9977770367900411 0.003988035892323031 9.974444444444444 0.1 0.2700000000000001
0.9977770367900411 0.003988035892323031 9.974444444444444 0.1 0.2800000000000001
0.9977770367900411 0.003988035892323031 9.974444444444444 0.1 0.2900000000000001
0.9977770367900411 0.003988035892323031 9.974444444444444 0.1 0.3000000000000001
0.9977770367900411 0.003988035892323031 9.974444444444444 0.1 0.3100000000000001
0.9977770367900411 0.003988035892323031 9.974444444444444 0.1 0.3200000000000001
0.9977770367900411 0.003988035892323031 9.974444444444444 0.1 0.3300000000000001
0.9977770367900411 0.003988035892323031 9.974444444444444 0.1 0.34000000000000014
0.9977770367900411 0.003988035892323031 9.974444444444444 0.1 0.35000000000000014
0.9977770367900411 0.003988035892323031 9.974444444444444 0.1 0.36000000000000015
0.9977770367900411 0.0029910269192422734 9.974444444444444 0.075 0.37000000000000016
0.9977770367900411 0.0029910269192422734 9.974444444444444 0.075 0.38000000000000017
0.9977770367900411 0.0019940179461615153 9.974444444444444 0.05 0.3900000000000002
0.9977770367900411 0.0019940179461615153 9.974444444444444 0.05 0.4000000000000002
0.9977770367900411 0.0019940179461615153 9.974444444444444 0.05 0.4100000000000002
0.9977770367900411 0.0019940179461615153 9.974444444444444 0.05 0.4200000000000002
0.9977770367900411 9.970089730807576E-4 9.974444444444444 0.025 0.4300000000000002
0.9977770367900411 9.970089730807576E-4 9.974444444444444 0.025 0.4400000000000002
0.9977770367900411 9.970089730807576E-4 9.974444444444444 0.025 0.45000000000000023
0.9977770367900411 9.970089730807576E-4 9.974444444444444 0.025 0.46000000000000024
0.9977770367900411 9.970089730807576E-4 9.974444444444444 0.025 0.47000000000000025
0.9977770367900411 9.970089730807576E-4 9.974444444444444 0.025 0.48000000000000026
0.9977770367900411 9.970089730807576E-4 9.974444444444444 0.025 0.49000000000000027
0.9977770367900411 9.970089730807576E-4 9.974444444444444 0.025 0.5000000000000002
0.9977770367900411 9.970089730807576E-4 9.974444444444444 0.025 0.5100000000000002
0.9977770367900411 9.970089730807576E-4 9.974444444444444 0.025 0.5200000000000002
0.9977770367900411 9.970089730807576E-4 9.974444444444444 0.025 0.5300000000000002
0.9977770367900411 9.970089730807576E-4 9.974444444444444 0.025 0.5400000000000003
0.9977770367900411 9.970089730807576E-4 9.974444444444444 0.025 0.5500000000000003
0.9977770367900411 9.970089730807576E-4 9.974444444444444 0.025 0.5600000000000003
0.9977770367900411 9.970089730807576E-4 9.974444444444444 0.025 0.5700000000000003
0.9977770367900411 9.970089730807576E-4 9.974444444444444 0.025 0.5800000000000003
0.9977770367900411 9.970089730807576E-4 9.974444444444444 0.025 0.5900000000000003
0.9977770367900411 9.970089730807576E-4 9.974444444444444 0.025 0.6000000000000003
0.9977770367900411 9.970089730807576E-4 9.974444444444444 0.025 0.6100000000000003
0.9977770367900411 9.970089730807576E-4 9.974444444444444 0.025 0.6200000000000003
0.9977770367900411 9.970089730807576E-4 9.974444444444444 0.025 0.6300000000000003
0.9977770367900411 9.970089730807576E-4 9.974444444444444 0.025 0.6400000000000003
0.9977770367900411 9.970089730807576E-4 9.974444444444444 0.025 0.6500000000000004
0.9977770367900411 0.0 9.974444444444444 0.0 0.6600000000000004
0.9977770367900411 0.0 9.974444444444444 0.0 0.6700000000000004
0.9977770367900411 0.0 9.974444444444444 0.0 0.6800000000000004
0.9977770367900411 0.0 9.974444444444444 0.0 0.6900000000000004
0.9977770367900411 0.0 9.974444444444444 0.0 0.7000000000000004
0.9977770367900411 0.0 9.974444444444444 0.0 0.7100000000000004
0.9977770367900411 0.0 9.974444444444444 0.0 0.7200000000000004
0.9977770367900411 0.0 9.974444444444444 0.0 0.7300000000000004
0.9977770367900411 0.0 9.974444444444444 0.0 0.7400000000000004
0.9977770367900411 0.0 9.974444444444444 0.0 0.7500000000000004
0.9977770367900411 0.0 9.974444444444444 0.0 0.7600000000000005
0.9977770367900411 0.0 9.974444444444444 0.0 0.7700000000000005
0.9977770367900411 0.0 9.974444444444444 0.0 0.7800000000000005
0.9977770367900411 0.0 9.974444444444444 0.0 0.7900000000000005
0.9977770367900411 0.0 9.974444444444444 0.0 0.8000000000000005
0.9977770367900411 0.0 9.974444444444444 0.0 0.8100000000000005
0.9977770367900411 0.0 9.974444444444444 0.0 0.8200000000000005
0.9977770367900411 0.0 9.974444444444444 0.0 0.8300000000000005
0.9977770367900411 0.0 9.974444444444444 0.0 0.8400000000000005
0.9977770367900411 0.0 9.974444444444444 0.0 0.8500000000000005
0.9977770367900411 0.0 9.974444444444444 0.0 0.8600000000000005
0.9977770367900411 0.0 9.974444444444444 0.0 0.8700000000000006
0.9977770367900411 0.0 9.974444444444444 0.0 0.8800000000000006
0.9977770367900411 0.0 9.974444444444444 0.0 0.8900000000000006
0.9977770367900411 0.0 9.974444444444444 0.0 0.9000000000000006
0.9977770367900411 0.0 9.974444444444444 0.0 0.9100000000000006
0.9977770367900411 0.0 9.974444444444444 0.0 0.9200000000000006
0.9977770367900411 0.0 9.974444444444444 0.0 0.9300000000000006
0.9977770367900411 0.0 9.974444444444444 0.0 0.9400000000000006
0.9977770367900411 0.0 9.974444444444444 0.0 0.9500000000000006
0.9976658886295432 0.0 9.973333333333333 0.0 0.9600000000000006
0.9976658886295432 0.0 9.973333333333333 0.0 0.9700000000000006
0.9976658886295432 0.0 9.973333333333333 0.0 0.9800000000000006
0.9975547404690452 0.0 9.972222222222221 0.0 0.9900000000000007
0.0 0.0 0.0 0.0
