0.0 0.7976071784646062 0.0 20.0 0.0
0.0 0.7976071784646062 0.0 20.0 0.01
0.0 0.7976071784646062 0.0 20.0 0.02
0.0 0.7976071784646062 0.0 20.0 0.03
0.0 0.7976071784646062 0.0 20.0 0.04
0.0 0.7976071784646062 0.0 20.0 0.05
0.0 0.7976071784646062 0.0 20.0 0.060000000000000005
0.0 0.7976071784646062 0.0 20.0 0.07
0.0 0.7976071784646062 0.0 20.0 0.08
0.0 0.7966101694915254 0.0 19.975 0.09
0.0 0.7966101694915254 0.0 19.975 0.09999999999999999
0.0 0.7966101694915254 0.0 19.975 0.10999999999999999
0.0 0.7966101694915254 0.0 19.975 0.11999999999999998
0.0 0.7966101694915254 0.0 19.975 0.12999999999999998
0.0 0.7956131605184447 0.0 19.95 0.13999999999999999
0.0 0.7956131605184447 0.0 19.95 0.15
0.0 0.7956131605184447 0.0 19.95 0.16
0.0 0.7956131605184447 0.0 19.95 0.17
0.0 0.7956131605184447 0.0 19.95 0.18000000000000002
0.0 0.7956131605184447 0.0 19.95 0.19000000000000003
0.0 0.7956131605184447 0.0 19.95 0.20000000000000004
0.0 0.7936191425722832 0.0 19.9 0.21000000000000005
0.0 0.7926221335992024 0.0 19.875 0.22000000000000006
0.0 0.7926221335992024 0.0 19.875 0.23000000000000007
0.0 0.7926221335992024 0.0 19.875 0.24000000000000007
0.0 0.7926221335992024 0.0 19.875 0.25000000000000006
0.0 0.7926221335992024 0.0 19.875 0.26000000000000006
0.0 0.7926221335992024 0.0 19.875 0.2700000000000001
0.0 0.7916251246261217 0.0 19.85 0.2800000000000001
0.0 0.7896311066799602 0.0 19.8 0.2900000000000001
0.0 0.7896311066799602 0.0 19.8 0.3000000000000001
0.0 0.7866400797607178 0.0 19.725 0.3100000000000001
0.0 0.7856430707876371 0.0 19.7 0.3200000000000001
0.0 0.7856430707876371 0.0 19.7 0.3300000000000001
0.0 0.7856430707876371 0.0 19.7 0.34000000000000014
0.0 0.7846460618145563 0.0 19.675 0.35000000000000014
0.0 0.7846460618145563 0.0 19.675 0.36000000000000015
0.0 0.7846460618145563 0.0 19.675 0.37000000000000016
0.0 0.7846460618145563 0.0 19.675 0.38000000000000017
0.0 0.7826520438683948 0.0 19.625 0.3900000000000002
0.0 0.7816550348953141 0.0 19.6 0.4000000000000002
0.0 0.7806580259222333 0.0 19.575 0.4100000000000002
0.0 0.7806580259222333 0.0 19.575 0.4200000000000002
0.0 0.7806580259222333 0.0 19.575 0.4300000000000002
0.0 0.7796610169491526 0.0 19.55 0.4400000000000002
0.0 0.7796610169491526 0.0 19.55 0.45000000000000023
0.0 0.7786640079760718 0.0 19.525 0.46000000000000024
0.0 0.7786640079760718 0.0 19.525 0.47000000000000025
0.0 0.7786640079760718 0.0 19.525 0.48000000000000026
0.0 0.7786640079760718 0.0 19.525 0.49000000000000027
0.0 0.7786640079760718 0.0 19.525 0.5000000000000002
0.0 0.7776669990029911 0.0 19.5 0.5100000000000002
0.0 0.7766699900299102 0.0 19.475 0.5200000000000002
0.0 0.7766699900299102 0.0 19.475 0.5300000000000002
0.0 0.7746759720837487 0.0 19.425 0.5400000000000003
0.0 0.773678963110668 0.0 19.4 0.5500000000000003
0.0 0.7726819541375872 0.0 19.375 0.5600000000000003
0.0 0.7726819541375872 0.0 19.375 0.5700000000000003
0.0 0.7726819541375872 0.0 19.375 0.5800000000000003
0.0 0.7716849451645065 0.0 19.35 0.5900000000000003
0.0 0.7716849451645065 0.0 19.35 0.6000000000000003
0.0 0.7706879361914257 0.0 19.325 0.6100000000000003
0.0 0.7686939182452642 0.0 19.275 0.6200000000000003
0.0 0.7676969092721835 0.0 19.25 0.6300000000000003
0.0 0.7666999002991027 0.0 19.225 0.6400000000000003
0.0 0.765702891326022 0.0 19.2 0.6500000000000004
0.0 0.7637088733798604 0.0 19.15 0.6600000000000004
0.0 0.7637088733798604 0.0 19.15 0.6700000000000004
0.0 0.7637088733798604 0.0 19.15 0.6800000000000004
0.0 0.7617148554336989 0.0 19.1 0.6900000000000004
0.0 0.7587238285144566 0.0 19.025 0.7000000000000004
0.0 0.7557328015952144 0.0 18.95 0.7100000000000004
0.0 0.752741774675972 0.0 18.875 0.7200000000000004
0.0 0.7517447657028913 0.0 18.85 0.7300000000000004
0.0 0.7497507477567298 0.0 18.8 0.7400000000000004
0.0 0.748753738783649 0.0 18.775 0.7500000000000004
0.0 0.7477567298105683 0.0 18.75 0.7600000000000005
0.0 0.7467597208374875 0.0 18.725 0.7700000000000005
0.0 0.744765702891326 0.0 18.675 0.7800000000000005
0.0 0.7427716849451645 0.0 18.625 0.7900000000000005
0.0 0.7377866400797607 0.0 18.5 0.8000000000000005
0.0 0.7298105682951147 0.0 18.3 0.8100000000000005
0.0 0.7268195413758723 0.0 18.225 0.8200000000000005
0.0 0.7228315054835494 0.0 18.125 0.8300000000000005
0.0 0.7198404785643071 0.0 18.05 0.8400000000000005
0.0 0.7168494516450648 0.0 17.975 0.8500000000000005
0.0 0.7148554336989033 0.0 17.925 0.8600000000000005
0.0 0.7098703888334995 0.0 17.8 0.8700000000000006
0.0 0.7068793619142573 0.0 17.725 0.8800000000000006
0.0 0.6989032901296112 0.0 17.525 0.8900000000000006
0.0 0.6919242273180458 0.0 17.35 0.9000000000000006
0.0 0.6829511465603191 0.0 17.125 0.9100000000000006
0.0 0.6660019940179461 0.0 16.7 0.9200000000000006
0.0 0.654037886340977 0.0 16.4 0.9300000000000006
0.0 0.6410767696909272 0.0 16.075 0.9400000000000006
0.0 0.6191425722831505 0.0 15.525 0.9500000000000006
0.0 0.5902293120638086 0.0 14.8 0.9600000000000006
0.0 0.5543369890329013 0.0 13.9 0.9700000000000006
0.0 0.4965104685942173 0.0 12.45 0.9800000000000006
0.0 0.3918245264207378 0.0 9.825 0.9900000000000007
0.0 0.0 0.0 0.0
