1.0 1.0 14.995 25.075 0.0
1.0 0.8334995014955134 14.995 20.9 0.01
1.0 0.7238285144566301 14.995 18.15 0.02
1.0 0.6620139581256231 14.995 16.6 0.03
1.0 0.6231306081754736 14.995 15.625 0.04
1.0 0.6011964107676969 14.995 15.075 0.05
1.0 0.5633100697906281 14.995 14.125 0.060000000000000005
1.0 0.5633100697906281 14.995 14.125 0.07
1.0 0.5453639082751744 14.995 13.675 0.08
1.0 0.5254237288135594 14.995 13.175 0.09
1.0 0.5084745762711864 14.995 12.75 0.09999999999999999
1.0 0.4955134596211366 14.995 12.425 0.10999999999999999
1.0 0.4835493519441675 14.995 12.125 0.11999999999999998
1.0 0.47756729810568294 14.995 11.975 0.12999999999999998
1.0 0.45862412761714855 14.995 11.5 0.13999999999999999
1.0 0.44865403788634095 14.995 11.25 0.15
1.0 0.43469591226321036 14.995 10.9 0.16
1.0 0.4267198404785643 14.995 10.7 0.17
1.0 0.4127617148554337 14.995 10.35 0.18000000000000002
1.0 0.4047856430707876 14.995 10.15 0.19000000000000003
1.0 0.39581256231306083 14.995 9.925 0.20000000000000004
1.0 0.38783649052841473 14.995 9.725 0.21000000000000005
1.0 0.3798604187437687 14.995 9.525 0.22000000000000006
1.0 0.3778664007976072 14.995 9.475 0.23000000000000007
1.0 0.37587238285144564 14.995 9.425 0.24000000000000007
1.0 0.3698903290129611 14.995 9.275 0.25000000000000006
1.0 0.36689930209371885 14.995 9.2 0.26000000000000006
1.0 0.35992023928215355 14.995 9.025 0.2700000000000001
1.0 0.353938185443669 14.995 8.875 0.2800000000000001
1.0 0.35194416749750745 14.995 8.825 0.2900000000000001
1.0 0.3489531405782652 14.995 8.75 0.3000000000000001
1.0 0.34496510468594216 14.995 8.65 0.3100000000000001
1.0 0.34297108673978066 14.995 8.6 0.3200000000000001
1.0 0.34097706879361916 14.995 8.55 0.3300000000000001
1.0 0.3349950149551346 14.995 8.4 0.34000000000000014
1.0 0.33100697906281157 14.995 8.3 0.35000000000000014
1.0 0.3270189431704885 14.995 8.2 0.36000000000000015
1.0 0.3180458624127617 14.995 7.975 0.37000000000000016
1.0 0.3140578265204387 14.995 7.875 0.38000000000000017
1.0 0.3100697906281156 14.995 7.775 0.3900000000000002
1.0 0.3050847457627119 14.995 7.65 0.4000000000000002
1.0 0.2951146560319043 14.995 7.4 0.4100000000000002
1.0 0.292123629112662 14.995 7.325 0.4200000000000002
1.0 0.28713858424725824 14.995 7.2 0.4300000000000002
1.0 0.2851445663010967 14.995 7.15 0.4400000000000002
1.0 0.2831505483549352 14.995 7.1 0.45000000000000023
1.0 0.28215353938185445 14.995 7.075 0.46000000000000024
1.0 0.2781655034895314 14.995 6.975 0.47000000000000025
1.0 0.2761714855433699 14.995 6.925 0.48000000000000026
1.0 0.2711864406779661 14.995 6.8 0.49000000000000027
1.0 0.26719840478564305 14.995 6.7 0.5000000000000002
1.0 0.26321036889332006 14.995 6.6 0.5100000000000002
1.0 0.2572283150548355 14.995 6.45 0.5200000000000002
1.0 0.2522432701894317 14.995 6.325 0.5300000000000002
1.0 0.24925224327018944 14.995 6.25 0.5400000000000003
1.0 0.24626121635094717 14.995 6.175 0.5500000000000003
1.0 0.24426719840478564 14.995 6.125 0.5600000000000003
1.0 0.2432701894317049 14.995 6.1 0.5700000000000003
1.0 0.2382851445663011 14.995 5.975 0.5800000000000003
1.0 0.23728813559322035 14.995 5.95 0.5900000000000003
1.0 0.23230309072781655 14.995 5.825 0.6000000000000003
1.0 0.23030907278165502 14.995 5.775 0.6100000000000003
1.0 0.226321036889332 14.995 5.675 0.6200000000000003
1.0 0.22233300099700898 14.995 5.575 0.6300000000000003
1.0 0.22033898305084745 14.995 5.525 0.6400000000000003
1.0 0.21834496510468593 14.995 5.475 0.6500000000000004
1.0 0.21535393818544366 14.995 5.4 0.6600000000000004
1.0 0.20937188434695914 14.995 5.25 0.6700000000000004
1.0 0.20438683948155534 14.995 5.125 0.6800000000000004
1.0 0.19940179461615154 14.995 5.0 0.6900000000000004
1.0 0.19641076769690927 14.995 4.925 0.7000000000000004
1.0 0.19641076769690927 14.995 4.925 0.7100000000000004
1.0 0.193419740777667 14.995 4.85 0.7200000000000004
1.0 0.18943170488534397 14.995 4.75 0.7300000000000004
1.0 0.1864406779661017 14.995 4.675 0.7400000000000004
1.0 0.18544366899302095 14.995 4.65 0.7500000000000004
1.0 0.17846460618145563 14.995 4.475 0.7600000000000005
1.0 0.17148554336989033 14.995 4.3 0.7700000000000005
1.0 0.16450648055832504 14.995 4.125 0.7800000000000005
1.0 0.15952143569292124 14.995 4.0 0.7900000000000005
1.0 0.15453639082751744 14.995 3.875 0.8000000000000005
1.0 0.15054835493519442 14.995 3.775 0.8100000000000005
1.0 0.14356929212362912 14.995 3.6 0.8200000000000005
1.0 0.14257228315054835 14.995 3.575 0.8300000000000005
0.999888851839502 0.13559322033898305 14.993333333333334 3.4 0.8400000000000005
0.999888851839502 0.13060817547357925 14.993333333333334 3.275 0.8500000000000005
0.999888851839502 0.12861415752741776 14.993333333333334 3.225 0.8600000000000005
0.9997777036790041 0.12462612163509472 14.991666666666667 3.125 0.8700000000000006
0.9997777036790041 0.12163509471585245 14.991666666666667 3.05 0.8800000000000006
0.9997777036790041 0.11465603190428714 14.991666666666667 2.875 0.8900000000000006
0.9996665555185061 0.11166500498504486 14.99 2.8 0.9000000000000006
0.9993331110370124 0.10767696909272183 14.985 2.7 0.9100000000000006
0.9992219628765144 0.09970089730807577 14.983333333333333 2.5 0.9200000000000006
0.9988885183950206 0.0967098703888335 14.978333333333333 2.425 0.9300000000000006
0.9987773702345226 0.08574277168494517 14.976666666666667 2.15 0.9400000000000006
0.9984439257530288 0.08275174476570289 14.971666666666666 2.075 0.9500000000000006
0.998110481271535 0.07477567298105683 14.966666666666667 1.875 0.9600000000000006
0.9978881849505391 0.06580259222333001 14.963333333333333 1.65 0.9700000000000006
0.996109814382572 0.05084745762711865 14.936666666666667 1.275 0.9800000000000006
0.992108480604646 0.03489531405782652 14.876666666666667 0.875 0.9900000000000007
0.0 0.0 0.0 0.0
