1.0 1.0 14.995 100.3 0.0
1.0 0.5114656031904287 14.995 51.3 0.01
1.0 0.325024925224327 14.995 32.6 0.02
1.0 0.26021934197407776 14.995 26.1 0.03
1.0 0.2143569292123629 14.995 21.5 0.04
1.0 0.1794616151545364 14.995 18.0 0.05
1.0 0.1365902293120638 14.995 13.7 0.060000000000000005
1.0 0.1365902293120638 14.995 13.7 0.07
1.0 0.11465603190428714 14.995 11.5 0.08
1.0 0.10069790628115653 14.995 10.1 0.09
1.0 0.09371884346959122 14.995 9.4 0.09999999999999999
1.0 0.08773678963110668 14.995 8.8 0.10999999999999999
1.0 0.07776669990029911 14.995 7.8 0.11999999999999998
1.0 0.06779661016949153 14.995 6.8 0.12999999999999998
1.0 0.06480558325024925 14.995 6.5 0.13999999999999999
1.0 0.058823529411764705 14.995 5.9 0.15
1.0 0.05583250249252243 14.995 5.6 0.16
1.0 0.053838484546360914 14.995 5.4 0.17
1.0 0.04287138584247258 14.995 4.3 0.18000000000000002
1.0 0.040877367896311065 14.995 4.1 0.19000000000000003
1.0 0.040877367896311065 14.995 4.1 0.20000000000000004
1.0 0.038883349950149554 14.995 3.9 0.21000000000000005
1.0 0.03788634097706879 14.995 3.8 0.22000000000000006
1.0 0.03589232303090728 14.995 3.6 0.23000000000000007
1.0 0.03489531405782652 14.995 3.5 0.24000000000000007
1.0 0.03489531405782652 14.995 3.5 0.25000000000000006
1.0 0.03389830508474576 14.995 3.4 0.26000000000000006
1.0 0.03090727816550349 14.995 3.1 0.2700000000000001
1.0 0.03090727816550349 14.995 3.1 0.2800000000000001
1.0 0.02991026919242273 14.995 3.0 0.2900000000000001
1.0 0.02991026919242273 14.995 3.0 0.3000000000000001
1.0 0.027916251246261216 14.995 2.8 0.3100000000000001
1.0 0.027916251246261216 14.995 2.8 0.3200000000000001
1.0 0.026919242273180457 14.995 2.7 0.3300000000000001
1.0 0.0259222333000997 14.995 2.6 0.34000000000000014
1.0 0.0259222333000997 14.995 2.6 0.35000000000000014
1.0 0.023928215353938187 14.995 2.4 0.36000000000000015
1.0 0.023928215353938187 14.995 2.4 0.37000000000000016
1.0 0.023928215353938187 14.995 2.4 0.38000000000000017
1.0 0.02193419740777667 14.995 2.2 0.3900000000000002
1.0 0.02193419740777667 14.995 2.2 0.4000000000000002
1.0 0.02193419740777667 14.995 2.2 0.4100000000000002
1.0 0.020937188434695914 14.995 2.1 0.4200000000000002
1.0 0.019940179461615155 14.995 2.0 0.4300000000000002
1.0 0.018943170488534396 14.995 1.9 0.4400000000000002
1.0 0.01794616151545364 14.995 1.8 0.45000000000000023
1.0 0.01794616151545364 14.995 1.8 0.46000000000000024
1.0 0.01694915254237288 14.995 1.7 0.47000000000000025
1.0 0.014955134596211365 14.995 1.5 0.48000000000000026
1.0 0.014955134596211365 14.995 1.5 0.49000000000000027
1.0 0.014955134596211365 14.995 1.5 0.5000000000000002
1.0 0.013958125623130608 14.995 1.4 0.5100000000000002
1.0 0.013958125623130608 14.995 1.4 0.5200000000000002
1.0 0.013958125623130608 14.995 1.4 0.5300000000000002
1.0 0.013958125623130608 14.995 1.4 0.5400000000000003
1.0 0.013958125623130608 14.995 1.4 0.5500000000000003
1.0 0.01296111665004985 14.995 1.3 0.5600000000000003
1.0 0.011964107676969093 14.995 1.2 0.5700000000000003
1.0 0.011964107676969093 14.995 1.2 0.5800000000000003
1.0 0.010967098703888335 14.995 1.1 0.5900000000000003
1.0 0.010967098703888335 14.995 1.1 0.6000000000000003
1.0 0.010967098703888335 14.995 1.1 0.6100000000000003
1.0 0.010967098703888335 14.995 1.1 0.6200000000000003
1.0 0.00897308075772682 14.995 0.9 0.6300000000000003
1.0 0.00897308075772682 14.995 0.9 0.6400000000000003
1.0 0.00897308075772682 14.995 0.9 0.6500000000000004
1.0 0.00897308075772682 14.995 0.9 0.6600000000000004
1.0 0.007976071784646061 14.995 0.8 0.6700000000000004
1.0 0.006979062811565304 14.995 0.7 0.6800000000000004
1.0 0.005982053838484547 14.995 0.6 0.6900000000000004
1.0 0.005982053838484547 14.995 0.6 0.7000000000000004
1.0 0.005982053838484547 14.995 0.6 0.7100000000000004
1.0 0.004985044865403789 14.995 0.5 0.7200000000000004
1.0 0.004985044865403789 14.995 0.5 0.7300000000000004
1.0 0.003988035892323031 14.995 0.4 0.7400000000000004
1.0 0.003988035892323031 14.995 0.4 0.7500000000000004
1.0 0.0029910269192422734 14.995 0.3 0.7600000000000005
1.0 0.0029910269192422734 14.995 0.3 0.7700000000000005
1.0 0.0029910269192422734 14.995 0.3 0.7800000000000005
1.0 0.0029910269192422734 14.995 0.3 0.7900000000000005
1.0 0.0029910269192422734 14.995 0.3 0.8000000000000005
1.0 0.0029910269192422734 14.995 0.3 0.8100000000000005
1.0 0.0029910269192422734 14.995 0.3 0.8200000000000005
1.0 0.0029910269192422734 14.995 0.3 0.8300000000000005
1.0 0.0029910269192422734 14.995 0.3 0.8400000000000005
0.999888851839502 0.0029910269192422734 14.993333333333334 0.3 0.8500000000000005
0.999888851839502 0.0019940179461615153 14.993333333333334 0.2 0.8600000000000005
0.999888851839502 0.0019940179461615153 14.993333333333334 0.2 0.8700000000000006
0.9997777036790041 0.0019940179461615153 14.991666666666667 0.2 0.8800000000000006
0.9995554073580082 0.0019940179461615153 14.988333333333333 0.2 0.8900000000000006
0.9994442591975102 9.970089730807576E-4 14.986666666666666 0.1 0.9000000000000006
0.9994442591975102 0.0 14.986666666666666 0.0 0.9100000000000006
0.9994442591975102 0.0 14.986666666666666 0.0 0.9200000000000006
0.9993331110370124 0.0 14.985 0.0 0.9300000000000006
0.9991108147160165 0.0 14.981666666666667 0.0 0.9400000000000006
0.9987773702345226 0.0 14.976666666666667 0.0 0.9500000000000006
0.9986662220740247 0.0 14.975 0.0 0.9600000000000006
0.9982216294320329 0.0 14.968333333333334 0.0 0.9700000000000006
0.9976658886295432 0.0 14.96 0.0 0.9800000000000006
0.9951094809380905 0.0 14.921666666666667 0.0 0.9900000000000007
0.0 0.0 0.0 0.0
