0.0 0.29910269192422734 0.0 20.0 0.0
0.0 0.27218344965104685 0.0 18.2 0.01
0.0 0.24227318045862412 0.0 16.2 0.02
0.0 0.23030907278165502 0.0 15.4 0.03
0.0 0.21734795613160518 0.0 14.533333333333333 0.04
0.0 0.2123629112662014 0.0 14.2 0.05
0.0 0.1984047856430708 0.0 13.266666666666667 0.060000000000000005
0.0 0.1984047856430708 0.0 13.266666666666667 0.07
0.0 0.19242273180458624 0.0 12.866666666666667 0.08
0.0 0.18743768693918245 0.0 12.533333333333333 0.09
0.0 0.1814556331006979 0.0 12.133333333333333 0.09999999999999999
0.0 0.17347956131605186 0.0 11.6 0.10999999999999999
0.0 0.1674975074775673 0.0 11.2 0.11999999999999998
0.0 0.1625124626121635 0.0 10.866666666666667 0.12999999999999998
0.0 0.1585244267198405 0.0 10.6 0.13999999999999999
0.0 0.1575274177467597 0.0 10.533333333333333 0.15
0.0 0.15553339980059822 0.0 10.4 0.16
0.0 0.15254237288135594 0.0 10.2 0.17
0.0 0.1485543369890329 0.0 9.933333333333334 0.18000000000000002
0.0 0.14755732801595214 0.0 9.866666666666667 0.19000000000000003
0.0 0.14556331006979062 0.0 9.733333333333333 0.20000000000000004
0.0 0.14257228315054835 0.0 9.533333333333333 0.21000000000000005
0.0 0.13958125623130607 0.0 9.333333333333334 0.22000000000000006
0.0 0.13559322033898305 0.0 9.066666666666666 0.23000000000000007
0.0 0.13160518444666003 0.0 8.8 0.24000000000000007
0.0 0.12662013958125623 0.0 8.466666666666667 0.25000000000000006
0.0 0.12562313060817548 0.0 8.4 0.26000000000000006
0.0 0.12362911266201396 0.0 8.266666666666667 0.2700000000000001
0.0 0.12163509471585245 0.0 8.133333333333333 0.2800000000000001
0.0 0.12063808574277168 0.0 8.066666666666666 0.2900000000000001
0.0 0.11964107676969092 0.0 8.0 0.3000000000000001
0.0 0.11665004985044865 0.0 7.8 0.3100000000000001
0.0 0.11665004985044865 0.0 7.8 0.3200000000000001
0.0 0.11665004985044865 0.0 7.8 0.3300000000000001
0.0 0.1156530408773679 0.0 7.733333333333333 0.34000000000000014
0.0 0.11465603190428714 0.0 7.666666666666667 0.35000000000000014
0.0 0.11465603190428714 0.0 7.666666666666667 0.36000000000000015
0.0 0.11266201395812563 0.0 7.533333333333333 0.37000000000000016
0.0 0.11266201395812563 0.0 7.533333333333333 0.38000000000000017
0.0 0.11166500498504486 0.0 7.466666666666667 0.3900000000000002
0.0 0.11166500498504486 0.0 7.466666666666667 0.4000000000000002
0.0 0.1106679960119641 0.0 7.4 0.4100000000000002
0.0 0.10867397806580259 0.0 7.266666666666667 0.4200000000000002
0.0 0.10667996011964108 0.0 7.133333333333334 0.4300000000000002
0.0 0.10667996011964108 0.0 7.133333333333334 0.4400000000000002
0.0 0.1016949152542373 0.0 6.8 0.45000000000000023
0.0 0.09970089730807577 0.0 6.666666666666667 0.46000000000000024
0.0 0.09770687936191426 0.0 6.533333333333333 0.47000000000000025
0.0 0.0967098703888335 0.0 6.466666666666667 0.48000000000000026
0.0 0.09371884346959122 0.0 6.266666666666667 0.49000000000000027
0.0 0.0897308075772682 0.0 6.0 0.5000000000000002
0.0 0.08773678963110668 0.0 5.866666666666666 0.5100000000000002
0.0 0.0847457627118644 0.0 5.666666666666667 0.5200000000000002
0.0 0.08175473579262213 0.0 5.466666666666667 0.5300000000000002
0.0 0.08075772681954138 0.0 5.4 0.5400000000000003
0.0 0.07976071784646062 0.0 5.333333333333333 0.5500000000000003
0.0 0.07876370887337986 0.0 5.266666666666667 0.5600000000000003
0.0 0.07776669990029911 0.0 5.2 0.5700000000000003
0.0 0.07776669990029911 0.0 5.2 0.5800000000000003
0.0 0.07477567298105683 0.0 5.0 0.5900000000000003
0.0 0.07377866400797607 0.0 4.933333333333334 0.6000000000000003
0.0 0.07377866400797607 0.0 4.933333333333334 0.6100000000000003
0.0 0.07178464606181456 0.0 4.8 0.6200000000000003
0.0 0.07178464606181456 0.0 4.8 0.6300000000000003
0.0 0.07178464606181456 0.0 4.8 0.6400000000000003
0.0 0.07178464606181456 0.0 4.8 0.6500000000000004
0.0 0.0707876370887338 0.0 4.733333333333333 0.6600000000000004
0.0 0.0707876370887338 0.0 4.733333333333333 0.6700000000000004
0.0 0.0707876370887338 0.0 4.733333333333333 0.6800000000000004
0.0 0.06779661016949153 0.0 4.533333333333333 0.6900000000000004
0.0 0.06580259222333001 0.0 4.4 0.7000000000000004
0.0 0.06281156530408774 0.0 4.2 0.7100000000000004
0.0 0.06181455633100698 0.0 4.133333333333334 0.7200000000000004
0.0 0.058823529411764705 0.0 3.933333333333333 0.7300000000000004
0.0 0.05583250249252243 0.0 3.7333333333333334 0.7400000000000004
0.0 0.05583250249252243 0.0 3.7333333333333334 0.7500000000000004
0.0 0.053838484546360914 0.0 3.6 0.7600000000000005
0.0 0.05084745762711865 0.0 3.4 0.7700000000000005
0.0 0.04885343968095713 0.0 3.2666666666666666 0.7800000000000005
0.0 0.04885343968095713 0.0 3.2666666666666666 0.7900000000000005
0.0 0.047856430707876374 0.0 3.2 0.8000000000000005
0.0 0.04685942173479561 0.0 3.1333333333333333 0.8100000000000005
0.0 0.04685942173479561 0.0 3.1333333333333333 0.8200000000000005
0.0 0.04386839481555334 0.0 2.933333333333333 0.8300000000000005
0.0 0.040877367896311065 0.0 2.7333333333333334 0.8400000000000005
0.0 0.040877367896311065 0.0 2.7333333333333334 0.8500000000000005
0.0 0.038883349950149554 0.0 2.6 0.8600000000000005
0.0 0.036889332003988036 0.0 2.466666666666667 0.8700000000000006
0.0 0.03589232303090728 0.0 2.4 0.8800000000000006
0.0 0.03389830508474576 0.0 2.2666666666666666 0.8900000000000006
0.0 0.03290129611166501 0.0 2.2 0.9000000000000006
0.0 0.027916251246261216 0.0 1.8666666666666667 0.9100000000000006
0.0 0.0259222333000997 0.0 1.7333333333333334 0.9200000000000006
0.0 0.0259222333000997 0.0 1.7333333333333334 0.9300000000000006
0.0 0.018943170488534396 0.0 1.2666666666666666 0.9400000000000006
0.0 0.014955134596211365 0.0 1.0 0.9500000000000006
0.0 0.014955134596211365 0.0 1.0 0.9600000000000006
0.0 0.014955134596211365 0.0 1.0 0.9700000000000006
0.0 0.01296111665004985 0.0 0.8666666666666667 0.9800000000000006
0.0 0.00897308075772682 0.0 0.6 0.9900000000000007
0.0 0.0 0.0 0.0
