0 0.0  0 NaN 10000 9023.010000000048 0.9023010000000048
5 99.98  100 0.9998 10000 9056.800000000034 0.9056800000000034
10 199.99  200 0.99995 10000 9027.870000000039 0.9027870000000039
15 299.98  300 0.9999333333333333 10000 9030.720000000032 0.9030720000000032
20 399.97  400 0.9999250000000001 10000 9062.260000000035 0.9062260000000035
25 499.99  500 0.99998 10000 9025.830000000045 0.9025830000000046
30 599.98  600 0.9999666666666667 10000 9046.610000000044 0.9046610000000044
35 699.95  700 0.9999285714285715 10000 9064.110000000037 0.9064110000000037
40 799.9200000000001  800 0.9999000000000001 10000 9033.66000000005 0.9033660000000051
45 899.8100000000002  900 0.9997888888888891 10000 9062.200000000033 0.9062200000000034
50 999.96  1000 0.9999600000000001 10000 9035.500000000042 0.9035500000000042
