1.0 1.0 44.985 28.65714285714286 0.0
1.0 0.9950149551345963 44.985 28.514285714285716 0.01
1.0 0.9870388833499502 44.985 28.285714285714285 0.02
1.0 0.9810568295114656 44.985 28.114285714285714 0.03
1.0 0.9760717846460618 44.985 27.97142857142857 0.04
1.0 0.9740777666999003 44.985 27.914285714285715 0.05
1.0 0.9621136590229312 44.985 27.571428571428573 0.060000000000000005
1.0 0.9621136590229312 44.985 27.571428571428573 0.07
1.0 0.9531405782652044 44.985 27.314285714285713 0.08
1.0 0.9441674975074775 44.985 27.057142857142857 0.09
1.0 0.942173479561316 44.985 27.0 0.09999999999999999
1.0 0.93419740777667 44.985 26.771428571428572 0.10999999999999999
1.0 0.9282153539381854 44.985 26.6 0.11999999999999998
1.0 0.9252243270189432 44.985 26.514285714285716 0.12999999999999998
1.0 0.9212362911266201 44.985 26.4 0.13999999999999999
1.0 0.9142572283150548 44.985 26.2 0.15
1.0 0.9082751744765702 44.985 26.02857142857143 0.16
1.0 0.9022931206380858 44.985 25.857142857142858 0.17
1.0 0.8853439680957128 44.985 25.37142857142857 0.18000000000000002
1.0 0.8783649052841476 44.985 25.17142857142857 0.19000000000000003
1.0 0.86839481555334 44.985 24.885714285714286 0.20000000000000004
1.0 0.8614157527417746 44.985 24.685714285714287 0.21000000000000005
1.0 0.8554336989032901 44.985 24.514285714285716 0.22000000000000006
1.0 0.8514456630109671 44.985 24.4 0.23000000000000007
1.0 0.8464606181455633 44.985 24.257142857142856 0.24000000000000007
1.0 0.843469591226321 44.985 24.17142857142857 0.25000000000000006
1.0 0.8414755732801595 44.985 24.114285714285714 0.26000000000000006
1.0 0.8344965104685942 44.985 23.914285714285715 0.2700000000000001
1.0 0.8315054835493519 44.985 23.82857142857143 0.2800000000000001
1.0 0.827517447657029 44.985 23.714285714285715 0.2900000000000001
1.0 0.8235294117647058 44.985 23.6 0.3000000000000001
1.0 0.8225324027916251 44.985 23.571428571428573 0.3100000000000001
1.0 0.8205383848454636 44.985 23.514285714285716 0.3200000000000001
1.0 0.8175473579262214 44.985 23.428571428571427 0.3300000000000001
1.0 0.8135593220338984 44.985 23.314285714285713 0.34000000000000014
1.0 0.8055832502492523 44.985 23.085714285714285 0.35000000000000014
1.0 0.8005982053838484 44.985 22.942857142857143 0.36000000000000015
1.0 0.7926221335992024 44.985 22.714285714285715 0.37000000000000016
1.0 0.7896311066799602 44.985 22.62857142857143 0.38000000000000017
1.0 0.7806580259222333 44.985 22.37142857142857 0.3900000000000002
1.0 0.7706879361914257 44.985 22.085714285714285 0.4000000000000002
1.0 0.7627118644067796 44.985 21.857142857142858 0.4100000000000002
1.0 0.7577268195413759 44.985 21.714285714285715 0.4200000000000002
1.0 0.7457627118644068 44.985 21.37142857142857 0.4300000000000002
1.0 0.7367896311066799 44.985 21.114285714285714 0.4400000000000002
1.0 0.7318045862412762 44.985 20.97142857142857 0.45000000000000023
1.0 0.7238285144566301 44.985 20.742857142857144 0.46000000000000024
1.0 0.7218344965104686 44.985 20.685714285714287 0.47000000000000025
1.0 0.7128614157527418 44.985 20.428571428571427 0.48000000000000026
1.0 0.7008973080757727 44.985 20.085714285714285 0.49000000000000027
1.0 0.6989032901296112 44.985 20.02857142857143 0.5000000000000002
1.0 0.6959122632103689 44.985 19.942857142857143 0.5100000000000002
1.0 0.6909272183449651 44.985 19.8 0.5200000000000002
1.0 0.6819541375872383 44.985 19.542857142857144 0.5300000000000002
1.0 0.6799601196410767 44.985 19.485714285714284 0.5400000000000003
1.0 0.6779661016949152 44.985 19.428571428571427 0.5500000000000003
1.0 0.6759720837487537 44.985 19.37142857142857 0.5600000000000003
1.0 0.67098703888335 44.985 19.228571428571428 0.5700000000000003
1.0 0.67098703888335 44.985 19.228571428571428 0.5800000000000003
1.0 0.6650049850448654 44.985 19.057142857142857 0.5900000000000003
1.0 0.6650049850448654 44.985 19.057142857142857 0.6000000000000003
1.0 0.6590229312063809 44.985 18.885714285714286 0.6100000000000003
1.0 0.6560319042871385 44.985 18.8 0.6200000000000003
1.0 0.6530408773678963 44.985 18.714285714285715 0.6300000000000003
1.0 0.6450648055832503 44.985 18.485714285714284 0.6400000000000003
1.0 0.6410767696909272 44.985 18.37142857142857 0.6500000000000004
1.0 0.6311066799601196 44.985 18.085714285714285 0.6600000000000004
1.0 0.6281156530408774 44.985 18.0 0.6700000000000004
1.0 0.6151545363908275 44.985 17.62857142857143 0.6800000000000004
1.0 0.6081754735792622 44.985 17.428571428571427 0.6900000000000004
1.0 0.6041874376869392 44.985 17.314285714285713 0.7000000000000004
1.0 0.5902293120638086 44.985 16.914285714285715 0.7100000000000004
1.0 0.5732801595214357 44.985 16.428571428571427 0.7200000000000004
1.0 0.5633100697906281 44.985 16.142857142857142 0.7300000000000004
1.0 0.5533399800598205 44.985 15.857142857142858 0.7400000000000004
1.0 0.5413758723828515 44.985 15.514285714285714 0.7500000000000004
1.0 0.5333998005982054 44.985 15.285714285714286 0.7600000000000005
0.999888851839502 0.5274177467597209 44.98 15.114285714285714 0.7700000000000005
0.9997777036790041 0.5164506480558325 44.975 14.8 0.7800000000000005
0.9997777036790041 0.5104685942173479 44.975 14.628571428571428 0.7900000000000005
0.9996665555185061 0.5024925224327019 44.97 14.4 0.8000000000000005
0.9991108147160165 0.4905284147557328 44.945 14.057142857142857 0.8100000000000005
0.9988885183950206 0.4795613160518445 44.935 13.742857142857142 0.8200000000000005
0.9983327775925308 0.47058823529411764 44.91 13.485714285714286 0.8300000000000005
0.9964432588640658 0.4626121635094716 44.825 13.257142857142858 0.8400000000000005
0.9945537401356007 0.45363908275174475 44.74 13.0 0.8500000000000005
0.990107813715683 0.4456630109670987 44.54 12.771428571428572 0.8600000000000005
0.9844392575302878 0.43968095712861416 44.285 12.6 0.8700000000000006
0.9749916638879627 0.43270189431704886 43.86 12.4 0.8800000000000006
0.9630988107146826 0.41774675972083747 43.325 11.971428571428572 0.8900000000000006
0.9517616983438925 0.4057826520438684 42.815 11.628571428571428 0.9000000000000006
0.9375347338001556 0.3918245264207378 42.175 11.228571428571428 0.9100000000000006
0.9253084361453818 0.37587238285144564 41.625 10.771428571428572 0.9200000000000006
0.9163054351450484 0.353938185443669 41.22 10.142857142857142 0.9300000000000006
0.9060798043792375 0.33998005982053836 40.76 9.742857142857142 0.9400000000000006
0.8967433588974103 0.32801595214356927 40.34 9.4 0.9500000000000006
0.8864065799711015 0.3050847457627119 39.875 8.742857142857142 0.9600000000000006
0.8707346893408914 0.2731804586241276 39.17 7.828571428571428 0.9700000000000006
0.836056463265533 0.21734795613160518 37.61 6.228571428571429 0.9800000000000006
0.7512504168056019 0.15254237288135594 33.795 4.371428571428571 0.9900000000000007
0.0 0.0 0.0 0.0
