1.0 1.0 12.852857142857143 28.65714285714286 0.0
1.0 0.5872382851445663 12.852857142857143 16.82857142857143 0.01
1.0 0.4187437686939183 12.852857142857143 12.0 0.02
1.0 0.34795613160518446 12.852857142857143 9.971428571428572 0.03
1.0 0.3070787637088734 12.852857142857143 8.8 0.04
1.0 0.27218344965104685 12.852857142857143 7.8 0.05
1.0 0.2143569292123629 12.852857142857143 6.142857142857143 0.060000000000000005
1.0 0.2143569292123629 12.852857142857143 6.142857142857143 0.07
1.0 0.19940179461615154 12.852857142857143 5.714285714285714 0.08
1.0 0.18544366899302095 12.852857142857143 5.314285714285714 0.09
1.0 0.17746759720837488 12.852857142857143 5.085714285714285 0.09999999999999999
1.0 0.17048853439680958 12.852857142857143 4.885714285714286 0.10999999999999999
1.0 0.1585244267198405 12.852857142857143 4.542857142857143 0.11999999999999998
1.0 0.14955134596211367 12.852857142857143 4.285714285714286 0.12999999999999998
1.0 0.13758723828514458 12.852857142857143 3.942857142857143 0.13999999999999999
1.0 0.13160518444666003 12.852857142857143 3.7714285714285714 0.15
1.0 0.12761714855433698 12.852857142857143 3.657142857142857 0.16
1.0 0.11764705882352941 12.852857142857143 3.3714285714285714 0.17
1.0 0.1106679960119641 12.852857142857143 3.1714285714285713 0.18000000000000002
1.0 0.10468594217347957 12.852857142857143 3.0 0.19000000000000003
1.0 0.1016949152542373 12.852857142857143 2.914285714285714 0.20000000000000004
1.0 0.09770687936191426 12.852857142857143 2.8 0.21000000000000005
1.0 0.09471585244267199 12.852857142857143 2.7142857142857144 0.22000000000000006
1.0 0.09172482552342971 12.852857142857143 2.6285714285714286 0.23000000000000007
1.0 0.0897308075772682 12.852857142857143 2.5714285714285716 0.24000000000000007
1.0 0.08574277168494517 12.852857142857143 2.4571428571428573 0.25000000000000006
1.0 0.08574277168494517 12.852857142857143 2.4571428571428573 0.26000000000000006
1.0 0.07976071784646062 12.852857142857143 2.2857142857142856 0.2700000000000001
1.0 0.07776669990029911 12.852857142857143 2.2285714285714286 0.2800000000000001
1.0 0.07477567298105683 12.852857142857143 2.142857142857143 0.2900000000000001
1.0 0.07377866400797607 12.852857142857143 2.1142857142857143 0.3000000000000001
1.0 0.07377866400797607 12.852857142857143 2.1142857142857143 0.3100000000000001
1.0 0.07377866400797607 12.852857142857143 2.1142857142857143 0.3200000000000001
1.0 0.06979062811565304 12.852857142857143 2.0 0.3300000000000001
1.0 0.06679960119641076 12.852857142857143 1.9142857142857144 0.34000000000000014
1.0 0.06181455633100698 12.852857142857143 1.7714285714285714 0.35000000000000014
1.0 0.058823529411764705 12.852857142857143 1.6857142857142857 0.36000000000000015
1.0 0.05583250249252243 12.852857142857143 1.6 0.37000000000000016
1.0 0.0518444666001994 12.852857142857143 1.4857142857142858 0.38000000000000017
1.0 0.04885343968095713 12.852857142857143 1.4 0.3900000000000002
1.0 0.047856430707876374 12.852857142857143 1.3714285714285714 0.4000000000000002
1.0 0.0448654037886341 12.852857142857143 1.2857142857142858 0.4100000000000002
1.0 0.04187437686939183 12.852857142857143 1.2 0.4200000000000002
1.0 0.04187437686939183 12.852857142857143 1.2 0.4300000000000002
1.0 0.040877367896311065 12.852857142857143 1.1714285714285715 0.4400000000000002
1.0 0.040877367896311065 12.852857142857143 1.1714285714285715 0.45000000000000023
1.0 0.03988035892323031 12.852857142857143 1.1428571428571428 0.46000000000000024
1.0 0.03988035892323031 12.852857142857143 1.1428571428571428 0.47000000000000025
1.0 0.03988035892323031 12.852857142857143 1.1428571428571428 0.48000000000000026
1.0 0.038883349950149554 12.852857142857143 1.1142857142857143 0.49000000000000027
1.0 0.036889332003988036 12.852857142857143 1.0571428571428572 0.5000000000000002
1.0 0.03589232303090728 12.852857142857143 1.0285714285714285 0.5100000000000002
1.0 0.03389830508474576 12.852857142857143 0.9714285714285714 0.5200000000000002
1.0 0.03290129611166501 12.852857142857143 0.9428571428571428 0.5300000000000002
1.0 0.03290129611166501 12.852857142857143 0.9428571428571428 0.5400000000000003
1.0 0.03090727816550349 12.852857142857143 0.8857142857142857 0.5500000000000003
1.0 0.03090727816550349 12.852857142857143 0.8857142857142857 0.5600000000000003
1.0 0.03090727816550349 12.852857142857143 0.8857142857142857 0.5700000000000003
1.0 0.02991026919242273 12.852857142857143 0.8571428571428571 0.5800000000000003
1.0 0.027916251246261216 12.852857142857143 0.8 0.5900000000000003
1.0 0.027916251246261216 12.852857142857143 0.8 0.6000000000000003
1.0 0.0259222333000997 12.852857142857143 0.7428571428571429 0.6100000000000003
1.0 0.0259222333000997 12.852857142857143 0.7428571428571429 0.6200000000000003
1.0 0.023928215353938187 12.852857142857143 0.6857142857142857 0.6300000000000003
1.0 0.022931206380857428 12.852857142857143 0.6571428571428571 0.6400000000000003
1.0 0.02193419740777667 12.852857142857143 0.6285714285714286 0.6500000000000004
1.0 0.019940179461615155 12.852857142857143 0.5714285714285714 0.6600000000000004
1.0 0.01694915254237288 12.852857142857143 0.4857142857142857 0.6700000000000004
1.0 0.013958125623130608 12.852857142857143 0.4 0.6800000000000004
1.0 0.013958125623130608 12.852857142857143 0.4 0.6900000000000004
1.0 0.011964107676969093 12.852857142857143 0.34285714285714286 0.7000000000000004
1.0 0.010967098703888335 12.852857142857143 0.3142857142857143 0.7100000000000004
1.0 0.009970089730807577 12.852857142857143 0.2857142857142857 0.7200000000000004
1.0 0.007976071784646061 12.852857142857143 0.22857142857142856 0.7300000000000004
1.0 0.006979062811565304 12.852857142857143 0.2 0.7400000000000004
1.0 0.005982053838484547 12.852857142857143 0.17142857142857143 0.7500000000000004
1.0 0.004985044865403789 12.852857142857143 0.14285714285714285 0.7600000000000005
1.0 0.0029910269192422734 12.852857142857143 0.08571428571428572 0.7700000000000005
1.0 0.0019940179461615153 12.852857142857143 0.05714285714285714 0.7800000000000005
1.0 0.0019940179461615153 12.852857142857143 0.05714285714285714 0.7900000000000005
1.0 0.0019940179461615153 12.852857142857143 0.05714285714285714 0.8000000000000005
1.0 0.0019940179461615153 12.852857142857143 0.05714285714285714 0.8100000000000005
1.0 0.0019940179461615153 12.852857142857143 0.05714285714285714 0.8200000000000005
1.0 0.0019940179461615153 12.852857142857143 0.05714285714285714 0.8300000000000005
1.0 0.0019940179461615153 12.852857142857143 0.05714285714285714 0.8400000000000005
1.0 9.970089730807576E-4 12.852857142857143 0.02857142857142857 0.8500000000000005
0.999888851839502 0.0 12.851428571428572 0.0 0.8600000000000005
0.999888851839502 0.0 12.851428571428572 0.0 0.8700000000000006
0.9996665555185061 0.0 12.848571428571429 0.0 0.8800000000000006
0.9996665555185061 0.0 12.848571428571429 0.0 0.8900000000000006
0.9995554073580082 0.0 12.847142857142858 0.0 0.9000000000000006
0.9995554073580082 0.0 12.847142857142858 0.0 0.9100000000000006
0.9995554073580082 0.0 12.847142857142858 0.0 0.9200000000000006
0.9993331110370124 0.0 12.844285714285714 0.0 0.9300000000000006
0.9992219628765144 0.0 12.842857142857143 0.0 0.9400000000000006
0.9991108147160165 0.0 12.84142857142857 0.0 0.9500000000000006
0.9989996665555185 0.0 12.84 0.0 0.9600000000000006
0.9986662220740247 0.0 12.835714285714285 0.0 0.9700000000000006
0.9976658886295432 0.0 12.822857142857142 0.0 0.9800000000000006
0.9952206290985884 0.0 12.791428571428572 0.0 0.9900000000000007
0.0 0.0 0.0 0.0
