1.0 1.0 17.994 28.65714285714286 0.0
1.0 0.7746759720837487 17.994 22.2 0.01
1.0 0.6350947158524427 17.994 18.2 0.02
1.0 0.5653040877367896 17.994 16.2 0.03
1.0 0.5164506480558325 17.994 14.8 0.04
1.0 0.4745762711864407 17.994 13.6 0.05
1.0 0.4077766699900299 17.994 11.685714285714285 0.060000000000000005
1.0 0.4077766699900299 17.994 11.685714285714285 0.07
1.0 0.37587238285144564 17.994 10.771428571428572 0.08
1.0 0.35992023928215355 17.994 10.314285714285715 0.09
1.0 0.3469591226321037 17.994 9.942857142857143 0.09999999999999999
1.0 0.3320039880358923 17.994 9.514285714285714 0.10999999999999999
1.0 0.3230309072781655 17.994 9.257142857142858 0.11999999999999998
1.0 0.3090727816550349 17.994 8.857142857142858 0.12999999999999998
1.0 0.2931206380857428 17.994 8.4 0.13999999999999999
1.0 0.28414755732801594 17.994 8.142857142857142 0.15
1.0 0.27517447657028915 17.994 7.885714285714286 0.16
1.0 0.2642073778664008 17.994 7.571428571428571 0.17
1.0 0.2452642073778664 17.994 7.0285714285714285 0.18000000000000002
1.0 0.23429710867397807 17.994 6.714285714285714 0.19000000000000003
1.0 0.21834496510468593 17.994 6.257142857142857 0.20000000000000004
1.0 0.20438683948155534 17.994 5.857142857142857 0.21000000000000005
1.0 0.19740777666999004 17.994 5.6571428571428575 0.22000000000000006
1.0 0.193419740777667 17.994 5.542857142857143 0.23000000000000007
1.0 0.18943170488534397 17.994 5.428571428571429 0.24000000000000007
1.0 0.1864406779661017 17.994 5.3428571428571425 0.25000000000000006
1.0 0.18444666001994017 17.994 5.285714285714286 0.26000000000000006
1.0 0.18245264207377868 17.994 5.228571428571429 0.2700000000000001
1.0 0.1794616151545364 17.994 5.142857142857143 0.2800000000000001
1.0 0.17148554336989033 17.994 4.914285714285715 0.2900000000000001
1.0 0.1674975074775673 17.994 4.8 0.3000000000000001
1.0 0.16450648055832504 17.994 4.714285714285714 0.3100000000000001
1.0 0.16051844466600199 17.994 4.6 0.3200000000000001
1.0 0.15653040877367896 17.994 4.485714285714286 0.3300000000000001
1.0 0.15154536390827517 17.994 4.3428571428571425 0.34000000000000014
1.0 0.14755732801595214 17.994 4.228571428571429 0.35000000000000014
1.0 0.1415752741774676 17.994 4.057142857142857 0.36000000000000015
1.0 0.13359920239282153 17.994 3.8285714285714287 0.37000000000000016
1.0 0.12861415752741776 17.994 3.6857142857142855 0.38000000000000017
1.0 0.1226321036889332 17.994 3.5142857142857142 0.3900000000000002
1.0 0.11764705882352941 17.994 3.3714285714285714 0.4000000000000002
1.0 0.10867397806580259 17.994 3.1142857142857143 0.4100000000000002
1.0 0.09970089730807577 17.994 2.857142857142857 0.4200000000000002
1.0 0.09471585244267199 17.994 2.7142857142857144 0.4300000000000002
1.0 0.0847457627118644 17.994 2.4285714285714284 0.4400000000000002
1.0 0.08075772681954138 17.994 2.3142857142857145 0.45000000000000023
1.0 0.07377866400797607 17.994 2.1142857142857143 0.46000000000000024
1.0 0.07178464606181456 17.994 2.057142857142857 0.47000000000000025
1.0 0.07178464606181456 17.994 2.057142857142857 0.48000000000000026
1.0 0.0707876370887338 17.994 2.0285714285714285 0.49000000000000027
1.0 0.06879361914257229 17.994 1.9714285714285715 0.5000000000000002
1.0 0.06879361914257229 17.994 1.9714285714285715 0.5100000000000002
1.0 0.06879361914257229 17.994 1.9714285714285715 0.5200000000000002
1.0 0.06679960119641076 17.994 1.9142857142857144 0.5300000000000002
1.0 0.06480558325024925 17.994 1.8571428571428572 0.5400000000000003
1.0 0.06181455633100698 17.994 1.7714285714285714 0.5500000000000003
1.0 0.05982053838484546 17.994 1.7142857142857142 0.5600000000000003
1.0 0.058823529411764705 17.994 1.6857142857142857 0.5700000000000003
1.0 0.05583250249252243 17.994 1.6 0.5800000000000003
1.0 0.05583250249252243 17.994 1.6 0.5900000000000003
1.0 0.054835493519441676 17.994 1.5714285714285714 0.6000000000000003
1.0 0.0518444666001994 17.994 1.4857142857142858 0.6100000000000003
1.0 0.05084745762711865 17.994 1.457142857142857 0.6200000000000003
1.0 0.05084745762711865 17.994 1.457142857142857 0.6300000000000003
1.0 0.04885343968095713 17.994 1.4 0.6400000000000003
1.0 0.045862412761714856 17.994 1.3142857142857143 0.6500000000000004
1.0 0.04187437686939183 17.994 1.2 0.6600000000000004
1.0 0.040877367896311065 17.994 1.1714285714285715 0.6700000000000004
1.0 0.038883349950149554 17.994 1.1142857142857143 0.6800000000000004
1.0 0.036889332003988036 17.994 1.0571428571428572 0.6900000000000004
1.0 0.03290129611166501 17.994 0.9428571428571428 0.7000000000000004
1.0 0.028913260219341975 17.994 0.8285714285714286 0.7100000000000004
1.0 0.0259222333000997 17.994 0.7428571428571429 0.7200000000000004
1.0 0.022931206380857428 17.994 0.6571428571428571 0.7300000000000004
1.0 0.019940179461615155 17.994 0.5714285714285714 0.7400000000000004
1.0 0.01794616151545364 17.994 0.5142857142857142 0.7500000000000004
1.0 0.015952143569292122 17.994 0.45714285714285713 0.7600000000000005
1.0 0.013958125623130608 17.994 0.4 0.7700000000000005
1.0 0.010967098703888335 17.994 0.3142857142857143 0.7800000000000005
1.0 0.007976071784646061 17.994 0.22857142857142856 0.7900000000000005
1.0 0.006979062811565304 17.994 0.2 0.8000000000000005
0.999888851839502 0.005982053838484547 17.992 0.17142857142857143 0.8100000000000005
0.999888851839502 0.005982053838484547 17.992 0.17142857142857143 0.8200000000000005
0.999888851839502 0.003988035892323031 17.992 0.11428571428571428 0.8300000000000005
0.999888851839502 0.0029910269192422734 17.992 0.08571428571428572 0.8400000000000005
0.9997777036790041 0.0029910269192422734 17.99 0.08571428571428572 0.8500000000000005
0.9997777036790041 0.0029910269192422734 17.99 0.08571428571428572 0.8600000000000005
0.9993331110370124 0.0019940179461615153 17.982 0.05714285714285714 0.8700000000000006
0.9991108147160165 0.0019940179461615153 17.978 0.05714285714285714 0.8800000000000006
0.9987773702345226 9.970089730807576E-4 17.972 0.02857142857142857 0.8900000000000006
0.9986662220740247 9.970089730807576E-4 17.97 0.02857142857142857 0.9000000000000006
0.9983327775925308 9.970089730807576E-4 17.964 0.02857142857142857 0.9100000000000006
0.9982216294320329 0.0 17.962 0.0 0.9200000000000006
0.9979993331110371 0.0 17.958 0.0 0.9300000000000006
0.9976658886295432 0.0 17.952 0.0 0.9400000000000006
0.9974435923085473 0.0 17.948 0.0 0.9500000000000006
0.9968878515060575 0.0 17.938 0.0 0.9600000000000006
0.9955540735800823 0.0 17.914 0.0 0.9700000000000006
0.9925530732466378 0.0 17.86 0.0 0.9800000000000006
0.9789929976658887 0.0 17.616 0.0 0.9900000000000007
0.0 0.0 0.0 0.0
