1.0 1.0 17.994 66.86666666666666 0.0
1.0 0.8075772681954138 17.994 54.0 0.01
1.0 0.6979062811565304 17.994 46.666666666666664 0.02
1.0 0.6211365902293121 17.994 41.53333333333333 0.03
1.0 0.559322033898305 17.994 37.4 0.04
1.0 0.5114656031904287 17.994 34.2 0.05
1.0 0.4546360917248255 17.994 30.4 0.060000000000000005
1.0 0.4546360917248255 17.994 30.4 0.07
1.0 0.42572283150548357 17.994 28.466666666666665 0.08
1.0 0.4067796610169492 17.994 27.2 0.09
1.0 0.38883349950149554 17.994 26.0 0.09999999999999999
1.0 0.37387836490528414 17.994 25.0 0.10999999999999999
1.0 0.35992023928215355 17.994 24.066666666666666 0.11999999999999998
1.0 0.3509471585244267 17.994 23.466666666666665 0.12999999999999998
1.0 0.3389830508474576 17.994 22.666666666666668 0.13999999999999999
1.0 0.32103688933200397 17.994 21.466666666666665 0.15
1.0 0.3050847457627119 17.994 20.4 0.16
1.0 0.292123629112662 17.994 19.533333333333335 0.17
1.0 0.2711864406779661 17.994 18.133333333333333 0.18000000000000002
1.0 0.26021934197407776 17.994 17.4 0.19000000000000003
1.0 0.25324027916251246 17.994 16.933333333333334 0.20000000000000004
1.0 0.24925224327018944 17.994 16.666666666666668 0.21000000000000005
1.0 0.24925224327018944 17.994 16.666666666666668 0.22000000000000006
1.0 0.24626121635094717 17.994 16.466666666666665 0.23000000000000007
1.0 0.24626121635094717 17.994 16.466666666666665 0.24000000000000007
1.0 0.23629112662013957 17.994 15.8 0.25000000000000006
1.0 0.2333000997008973 17.994 15.6 0.26000000000000006
1.0 0.22831505483549352 17.994 15.266666666666667 0.2700000000000001
1.0 0.21834496510468593 17.994 14.6 0.2800000000000001
1.0 0.21335992023928216 17.994 14.266666666666667 0.2900000000000001
1.0 0.21136590229312063 17.994 14.133333333333333 0.3000000000000001
1.0 0.2073778664007976 17.994 13.866666666666667 0.3100000000000001
1.0 0.2023928215353938 17.994 13.533333333333333 0.3200000000000001
1.0 0.19940179461615154 17.994 13.333333333333334 0.3300000000000001
1.0 0.19641076769690927 17.994 13.133333333333333 0.34000000000000014
1.0 0.18245264207377868 17.994 12.2 0.35000000000000014
1.0 0.16849451645064806 17.994 11.266666666666667 0.36000000000000015
1.0 0.16151545363908276 17.994 10.8 0.37000000000000016
1.0 0.15154536390827517 17.994 10.133333333333333 0.38000000000000017
1.0 0.1485543369890329 17.994 9.933333333333334 0.3900000000000002
1.0 0.14356929212362912 17.994 9.6 0.4000000000000002
1.0 0.1365902293120638 17.994 9.133333333333333 0.4100000000000002
1.0 0.1345962113659023 17.994 9.0 0.4200000000000002
1.0 0.12761714855433698 17.994 8.533333333333333 0.4300000000000002
1.0 0.11864406779661017 17.994 7.933333333333334 0.4400000000000002
1.0 0.11166500498504486 17.994 7.466666666666667 0.45000000000000023
1.0 0.10468594217347957 17.994 7.0 0.46000000000000024
1.0 0.10269192422731804 17.994 6.866666666666666 0.47000000000000025
1.0 0.09870388833499502 17.994 6.6 0.48000000000000026
1.0 0.09571286141575275 17.994 6.4 0.49000000000000027
1.0 0.09272183449651047 17.994 6.2 0.5000000000000002
1.0 0.09072781655034895 17.994 6.066666666666666 0.5100000000000002
1.0 0.08673978065802593 17.994 5.8 0.5200000000000002
1.0 0.08374875373878365 17.994 5.6 0.5300000000000002
1.0 0.08175473579262213 17.994 5.466666666666667 0.5400000000000003
1.0 0.08175473579262213 17.994 5.466666666666667 0.5500000000000003
1.0 0.07876370887337986 17.994 5.266666666666667 0.5600000000000003
1.0 0.07876370887337986 17.994 5.266666666666667 0.5700000000000003
1.0 0.07676969092721835 17.994 5.133333333333334 0.5800000000000003
1.0 0.07577268195413758 17.994 5.066666666666666 0.5900000000000003
1.0 0.07477567298105683 17.994 5.0 0.6000000000000003
1.0 0.06979062811565304 17.994 4.666666666666667 0.6100000000000003
1.0 0.06679960119641076 17.994 4.466666666666667 0.6200000000000003
1.0 0.06281156530408774 17.994 4.2 0.6300000000000003
1.0 0.058823529411764705 17.994 3.933333333333333 0.6400000000000003
1.0 0.05782652043868395 17.994 3.8666666666666667 0.6500000000000004
1.0 0.054835493519441676 17.994 3.6666666666666665 0.6600000000000004
1.0 0.053838484546360914 17.994 3.6 0.6700000000000004
1.0 0.05284147557328016 17.994 3.533333333333333 0.6800000000000004
1.0 0.047856430707876374 17.994 3.2 0.6900000000000004
1.0 0.04187437686939183 17.994 2.8 0.7000000000000004
1.0 0.038883349950149554 17.994 2.6 0.7100000000000004
1.0 0.03589232303090728 17.994 2.4 0.7200000000000004
1.0 0.03389830508474576 17.994 2.2666666666666666 0.7300000000000004
1.0 0.02991026919242273 17.994 2.0 0.7400000000000004
1.0 0.0259222333000997 17.994 1.7333333333333334 0.7500000000000004
1.0 0.024925224327018942 17.994 1.6666666666666667 0.7600000000000005
1.0 0.022931206380857428 17.994 1.5333333333333334 0.7700000000000005
1.0 0.02193419740777667 17.994 1.4666666666666666 0.7800000000000005
1.0 0.02193419740777667 17.994 1.4666666666666666 0.7900000000000005
1.0 0.020937188434695914 17.994 1.4 0.8000000000000005
0.999888851839502 0.020937188434695914 17.992 1.4 0.8100000000000005
0.999888851839502 0.019940179461615155 17.992 1.3333333333333333 0.8200000000000005
0.999888851839502 0.01694915254237288 17.992 1.1333333333333333 0.8300000000000005
0.999888851839502 0.01694915254237288 17.992 1.1333333333333333 0.8400000000000005
0.999888851839502 0.010967098703888335 17.992 0.7333333333333333 0.8500000000000005
0.9997777036790041 0.009970089730807577 17.99 0.6666666666666666 0.8600000000000005
0.9995554073580082 0.00897308075772682 17.986 0.6 0.8700000000000006
0.9992219628765144 0.006979062811565304 17.98 0.4666666666666667 0.8800000000000006
0.9987773702345226 0.003988035892323031 17.972 0.26666666666666666 0.8900000000000006
0.998110481271535 0.003988035892323031 17.96 0.26666666666666666 0.9000000000000006
0.9974435923085473 0.0019940179461615153 17.948 0.13333333333333333 0.9100000000000006
0.9971101478270534 9.970089730807576E-4 17.942 0.06666666666666667 0.9200000000000006
0.996109814382572 0.0 17.924 0.0 0.9300000000000006
0.9955540735800823 0.0 17.914 0.0 0.9400000000000006
0.9947760364565966 0.0 17.9 0.0 0.9500000000000006
0.9935534066911192 0.0 17.878 0.0 0.9600000000000006
0.9911081471601645 0.0 17.834 0.0 0.9700000000000006
0.9884405913082138 0.0 17.786 0.0 0.9800000000000006
0.9742136267644771 0.0 17.53 0.0 0.9900000000000007
0.0 0.0 0.0 0.0
