1.0 1.0 89.97 100.3 0.0
1.0 1.0 89.97 100.3 0.01
1.0 1.0 89.97 100.3 0.02
1.0 1.0 89.97 100.3 0.03
1.0 0.9980059820538385 89.97 100.1 0.04
1.0 0.9970089730807578 89.97 100.0 0.05
1.0 0.996011964107677 89.97 99.9 0.060000000000000005
1.0 0.996011964107677 89.97 99.9 0.07
1.0 0.996011964107677 89.97 99.9 0.08
1.0 0.9940179461615155 89.97 99.7 0.09
1.0 0.9910269192422732 89.97 99.4 0.09999999999999999
1.0 0.9910269192422732 89.97 99.4 0.10999999999999999
1.0 0.9870388833499502 89.97 99.0 0.11999999999999998
1.0 0.9860418743768694 89.97 98.9 0.12999999999999998
1.0 0.9860418743768694 89.97 98.9 0.13999999999999999
1.0 0.9850448654037887 89.97 98.8 0.15
1.0 0.9830508474576272 89.97 98.6 0.16
1.0 0.9810568295114656 89.97 98.4 0.17
1.0 0.9800598205383848 89.97 98.3 0.18000000000000002
1.0 0.9780658025922233 89.97 98.1 0.19000000000000003
1.0 0.9770687936191426 89.97 98.0 0.20000000000000004
1.0 0.9760717846460618 89.97 97.9 0.21000000000000005
1.0 0.9740777666999003 89.97 97.7 0.22000000000000006
1.0 0.9710867397806581 89.97 97.4 0.23000000000000007
1.0 0.9700897308075773 89.97 97.3 0.24000000000000007
1.0 0.9700897308075773 89.97 97.3 0.25000000000000006
1.0 0.9680957128614157 89.97 97.1 0.26000000000000006
1.0 0.9661016949152542 89.97 96.9 0.2700000000000001
1.0 0.9651046859421735 89.97 96.8 0.2800000000000001
1.0 0.963110667996012 89.97 96.6 0.2900000000000001
1.0 0.963110667996012 89.97 96.6 0.3000000000000001
1.0 0.9621136590229312 89.97 96.5 0.3100000000000001
1.0 0.9601196410767697 89.97 96.3 0.3200000000000001
1.0 0.959122632103689 89.97 96.2 0.3300000000000001
1.0 0.9561316051844466 89.97 95.9 0.34000000000000014
1.0 0.9541375872382851 89.97 95.7 0.35000000000000014
1.0 0.9521435692921236 89.97 95.5 0.36000000000000015
1.0 0.9481555333998006 89.97 95.1 0.37000000000000016
1.0 0.9411764705882353 89.97 94.4 0.38000000000000017
1.0 0.938185443668993 89.97 94.1 0.3900000000000002
1.0 0.9262213359920239 89.97 92.9 0.4000000000000002
1.0 0.9182452642073778 89.97 92.1 0.4100000000000002
1.0 0.9102691924227319 89.97 91.3 0.4200000000000002
1.0 0.8983050847457628 89.97 90.1 0.4300000000000002
1.0 0.8883349950149552 89.97 89.1 0.4400000000000002
1.0 0.8773678963110668 89.97 88.0 0.45000000000000023
1.0 0.8693918245264207 89.97 87.2 0.46000000000000024
1.0 0.8654037886340977 89.97 86.8 0.47000000000000025
1.0 0.8524426719840479 89.97 85.5 0.48000000000000026
1.0 0.8464606181455633 89.97 84.9 0.49000000000000027
1.0 0.8404785643070788 89.97 84.3 0.5000000000000002
1.0 0.8384845463609173 89.97 84.1 0.5100000000000002
1.0 0.8364905284147557 89.97 83.9 0.5200000000000002
1.0 0.8305084745762712 89.97 83.3 0.5300000000000002
1.0 0.8285144566301097 89.97 83.1 0.5400000000000003
1.0 0.8245264207377866 89.97 82.7 0.5500000000000003
1.0 0.8215353938185443 89.97 82.4 0.5600000000000003
1.0 0.8185443668993021 89.97 82.1 0.5700000000000003
1.0 0.8175473579262214 89.97 82.0 0.5800000000000003
1.0 0.8135593220338984 89.97 81.6 0.5900000000000003
1.0 0.810568295114656 89.97 81.3 0.6000000000000003
1.0 0.8035892323030908 89.97 80.6 0.6100000000000003
0.9997777036790041 0.8005982053838484 89.95 80.3 0.6200000000000003
0.9996665555185061 0.7926221335992024 89.94 79.5 0.6300000000000003
0.9996665555185061 0.7886340977068793 89.94 79.1 0.6400000000000003
0.9996665555185061 0.7776669990029911 89.94 78.0 0.6500000000000004
0.9994442591975102 0.7567298105682951 89.92 75.9 0.6600000000000004
0.9994442591975102 0.7407776669990029 89.92 74.3 0.6700000000000004
0.9994442591975102 0.7268195413758723 89.92 72.9 0.6800000000000004
0.9994442591975102 0.7098703888334995 89.92 71.2 0.6900000000000004
0.9994442591975102 0.6859421734795613 89.92 68.8 0.7000000000000004
0.9993331110370124 0.6669990029910269 89.91 66.9 0.7100000000000004
0.9993331110370124 0.6261216350947159 89.91 62.8 0.7200000000000004
0.9993331110370124 0.6031904287138584 89.91 60.5 0.7300000000000004
0.9993331110370124 0.5712861415752741 89.91 57.3 0.7400000000000004
0.9993331110370124 0.5363908275174477 89.91 53.8 0.7500000000000004
0.9993331110370124 0.514456630109671 89.91 51.6 0.7600000000000005
0.9993331110370124 0.4905284147557328 89.91 49.2 0.7700000000000005
0.9992219628765144 0.47357926221335994 89.9 47.5 0.7800000000000005
0.9991108147160165 0.46859421734795614 89.89 47.0 0.7900000000000005
0.9987773702345226 0.46161515453639085 89.86 46.3 0.8000000000000005
0.9979993331110371 0.45663010967098705 89.79 45.8 0.8100000000000005
0.995998666222074 0.44965104685942175 89.61 45.1 0.8200000000000005
0.9931088140491275 0.4386839481555334 89.35 44.0 0.8300000000000005
0.9882182949872179 0.419740777666999 88.91 42.1 0.8400000000000005
0.9779926642214072 0.4047856430707876 87.99 40.6 0.8500000000000005
0.9615427364677115 0.3748753738783649 86.51 37.6 0.8600000000000005
0.9366455485161721 0.3339980059820538 84.27 33.5 0.8700000000000006
0.9057463598977437 0.28614157527417744 81.49 28.7 0.8800000000000006
0.8649549849949983 0.24027916251246262 77.82 24.1 0.8900000000000006
0.8211626097588085 0.18045862412761715 73.88 18.1 0.9000000000000006
0.7730354562631988 0.1296111665004985 69.55 13.0 0.9100000000000006
0.7382460820273424 0.07278165503489531 66.42 7.3 0.9200000000000006
0.7062354118039347 0.036889332003988036 63.54 3.7 0.9300000000000006
0.6791152606424363 0.018943170488534396 61.1 1.9 0.9400000000000006
0.6538846282094032 0.00897308075772682 58.83 0.9 0.9500000000000006
0.6273202178503946 0.0019940179461615153 56.44 0.2 0.9600000000000006
0.5939757697010114 9.970089730807576E-4 53.44 0.1 0.9700000000000006
0.5377348004890519 0.0 48.38 0.0 0.9800000000000006
0.41891741691675005 0.0 37.69 0.0 0.9900000000000007
0.0 0.0 0.0 0.0
