1.0 1.0 22.4925 25.075 0.0
1.0 0.8883349950149552 22.4925 22.275 0.01
1.0 0.7716849451645065 22.4925 19.35 0.02
1.0 0.7038883349950149 22.4925 17.65 0.03
1.0 0.638085742771685 22.4925 16.0 0.04
1.0 0.5882352941176471 22.4925 14.75 0.05
1.0 0.5204386839481555 22.4925 13.05 0.060000000000000005
1.0 0.5204386839481555 22.4925 13.05 0.07
1.0 0.49252243270189433 22.4925 12.35 0.08
1.0 0.46859421734795614 22.4925 11.75 0.09
1.0 0.4476570289132602 22.4925 11.225 0.09999999999999999
1.0 0.42572283150548357 22.4925 10.675 0.10999999999999999
1.0 0.4137587238285145 22.4925 10.375 0.11999999999999998
1.0 0.3948155533399801 22.4925 9.9 0.12999999999999998
1.0 0.382851445663011 22.4925 9.6 0.13999999999999999
1.0 0.36889332003988035 22.4925 9.25 0.15
1.0 0.35194416749750745 22.4925 8.825 0.16
1.0 0.3349950149551346 22.4925 8.4 0.17
1.0 0.3020937188434696 22.4925 7.575 0.18000000000000002
1.0 0.2931206380857428 22.4925 7.35 0.19000000000000003
1.0 0.28614157527417744 22.4925 7.175 0.20000000000000004
1.0 0.27916251246261214 22.4925 7.0 0.21000000000000005
1.0 0.2741774675972084 22.4925 6.875 0.22000000000000006
1.0 0.2662013958125623 22.4925 6.675 0.23000000000000007
1.0 0.25523429710867396 22.4925 6.4 0.24000000000000007
1.0 0.2502492522432702 22.4925 6.275 0.25000000000000006
1.0 0.24825523429710866 22.4925 6.225 0.26000000000000006
1.0 0.24426719840478564 22.4925 6.125 0.2700000000000001
1.0 0.2382851445663011 22.4925 5.975 0.2800000000000001
1.0 0.23429710867397807 22.4925 5.875 0.2900000000000001
1.0 0.22831505483549352 22.4925 5.725 0.3000000000000001
1.0 0.2213359920239282 22.4925 5.55 0.3100000000000001
1.0 0.21635094715852443 22.4925 5.425 0.3200000000000001
1.0 0.20638085742771686 22.4925 5.175 0.3300000000000001
1.0 0.19541375872382852 22.4925 4.9 0.34000000000000014
1.0 0.19242273180458624 22.4925 4.825 0.35000000000000014
1.0 0.1864406779661017 22.4925 4.675 0.36000000000000015
1.0 0.1794616151545364 22.4925 4.5 0.37000000000000016
1.0 0.17547357926221335 22.4925 4.4 0.38000000000000017
1.0 0.17248255234297108 22.4925 4.325 0.3900000000000002
1.0 0.15952143569292124 22.4925 4.0 0.4000000000000002
1.0 0.14955134596211367 22.4925 3.75 0.4100000000000002
1.0 0.14257228315054835 22.4925 3.575 0.4200000000000002
1.0 0.13758723828514458 22.4925 3.45 0.4300000000000002
1.0 0.12861415752741776 22.4925 3.225 0.4400000000000002
1.0 0.1226321036889332 22.4925 3.075 0.45000000000000023
1.0 0.1156530408773679 22.4925 2.9 0.46000000000000024
1.0 0.1106679960119641 22.4925 2.775 0.47000000000000025
1.0 0.10967098703888335 22.4925 2.75 0.48000000000000026
1.0 0.10667996011964108 22.4925 2.675 0.49000000000000027
1.0 0.1036889332003988 22.4925 2.6 0.5000000000000002
1.0 0.1016949152542373 22.4925 2.55 0.5100000000000002
1.0 0.1016949152542373 22.4925 2.55 0.5200000000000002
1.0 0.10069790628115653 22.4925 2.525 0.5300000000000002
1.0 0.09970089730807577 22.4925 2.5 0.5400000000000003
1.0 0.09870388833499502 22.4925 2.475 0.5500000000000003
1.0 0.09870388833499502 22.4925 2.475 0.5600000000000003
1.0 0.09770687936191426 22.4925 2.45 0.5700000000000003
1.0 0.09770687936191426 22.4925 2.45 0.5800000000000003
1.0 0.09072781655034895 22.4925 2.275 0.5900000000000003
1.0 0.0897308075772682 22.4925 2.25 0.6000000000000003
1.0 0.08773678963110668 22.4925 2.2 0.6100000000000003
1.0 0.08374875373878365 22.4925 2.1 0.6200000000000003
1.0 0.07776669990029911 22.4925 1.95 0.6300000000000003
1.0 0.07776669990029911 22.4925 1.95 0.6400000000000003
1.0 0.07377866400797607 22.4925 1.85 0.6500000000000004
1.0 0.0707876370887338 22.4925 1.775 0.6600000000000004
1.0 0.06979062811565304 22.4925 1.75 0.6700000000000004
1.0 0.06580259222333001 22.4925 1.65 0.6800000000000004
1.0 0.06181455633100698 22.4925 1.55 0.6900000000000004
1.0 0.05982053838484546 22.4925 1.5 0.7000000000000004
1.0 0.05682951146560319 22.4925 1.425 0.7100000000000004
1.0 0.0518444666001994 22.4925 1.3 0.7200000000000004
1.0 0.04885343968095713 22.4925 1.225 0.7300000000000004
1.0 0.0448654037886341 22.4925 1.125 0.7400000000000004
1.0 0.04287138584247258 22.4925 1.075 0.7500000000000004
1.0 0.040877367896311065 22.4925 1.025 0.7600000000000005
1.0 0.03988035892323031 22.4925 1.0 0.7700000000000005
1.0 0.036889332003988036 22.4925 0.925 0.7800000000000005
1.0 0.03589232303090728 22.4925 0.9 0.7900000000000005
1.0 0.03489531405782652 22.4925 0.875 0.8000000000000005
1.0 0.03290129611166501 22.4925 0.825 0.8100000000000005
1.0 0.03290129611166501 22.4925 0.825 0.8200000000000005
1.0 0.031904287138584245 22.4925 0.8 0.8300000000000005
1.0 0.03090727816550349 22.4925 0.775 0.8400000000000005
0.9996665555185061 0.028913260219341975 22.485 0.725 0.8500000000000005
0.9994442591975102 0.027916251246261216 22.48 0.7 0.8600000000000005
0.9993331110370124 0.0259222333000997 22.4775 0.65 0.8700000000000006
0.9988885183950206 0.024925224327018942 22.4675 0.625 0.8800000000000006
0.9983327775925308 0.024925224327018942 22.455 0.625 0.8900000000000006
0.9978881849505391 0.022931206380857428 22.445 0.575 0.9000000000000006
0.9973324441480493 0.022931206380857428 22.4325 0.575 0.9100000000000006
0.9969989996665555 0.020937188434695914 22.425 0.525 0.9200000000000006
0.9966655551850617 0.020937188434695914 22.4175 0.525 0.9300000000000006
0.995887518061576 0.019940179461615155 22.4 0.5 0.9400000000000006
0.9946648882960987 0.019940179461615155 22.3725 0.5 0.9500000000000006
0.9932199622096254 0.019940179461615155 22.34 0.5 0.9600000000000006
0.9909969989996665 0.019940179461615155 22.29 0.5 0.9700000000000006
0.9867733689007447 0.019940179461615155 22.195 0.5 0.9800000000000006
0.9719906635545181 0.019940179461615155 21.8625 0.5 0.9900000000000007
0.0 0.0 0.0 0.0
