1.0 1.0 89.97 20.06 0.0
1.0 0.9990029910269193 89.97 20.04 0.01
1.0 0.9990029910269193 89.97 20.04 0.02
1.0 0.9990029910269193 89.97 20.04 0.03
1.0 0.9990029910269193 89.97 20.04 0.04
1.0 0.9970089730807578 89.97 20.0 0.05
1.0 0.9950149551345963 89.97 19.96 0.060000000000000005
1.0 0.9950149551345963 89.97 19.96 0.07
1.0 0.9950149551345963 89.97 19.96 0.08
1.0 0.9950149551345963 89.97 19.96 0.09
1.0 0.9950149551345963 89.97 19.96 0.09999999999999999
1.0 0.9950149551345963 89.97 19.96 0.10999999999999999
1.0 0.9950149551345963 89.97 19.96 0.11999999999999998
1.0 0.9930209371884346 89.97 19.92 0.12999999999999998
1.0 0.9930209371884346 89.97 19.92 0.13999999999999999
1.0 0.9930209371884346 89.97 19.92 0.15
1.0 0.9930209371884346 89.97 19.92 0.16
1.0 0.9930209371884346 89.97 19.92 0.17
1.0 0.9900299102691924 89.97 19.86 0.18000000000000002
1.0 0.9890329012961117 89.97 19.84 0.19000000000000003
1.0 0.9890329012961117 89.97 19.84 0.20000000000000004
1.0 0.9870388833499502 89.97 19.8 0.21000000000000005
1.0 0.9850448654037887 89.97 19.76 0.22000000000000006
1.0 0.9850448654037887 89.97 19.76 0.23000000000000007
1.0 0.9830508474576272 89.97 19.72 0.24000000000000007
1.0 0.9830508474576272 89.97 19.72 0.25000000000000006
1.0 0.9830508474576272 89.97 19.72 0.26000000000000006
1.0 0.9830508474576272 89.97 19.72 0.2700000000000001
1.0 0.9830508474576272 89.97 19.72 0.2800000000000001
1.0 0.9830508474576272 89.97 19.72 0.2900000000000001
1.0 0.9820538384845464 89.97 19.7 0.3000000000000001
1.0 0.9820538384845464 89.97 19.7 0.3100000000000001
1.0 0.9820538384845464 89.97 19.7 0.3200000000000001
1.0 0.9800598205383848 89.97 19.66 0.3300000000000001
1.0 0.9780658025922233 89.97 19.62 0.34000000000000014
1.0 0.9760717846460618 89.97 19.58 0.35000000000000014
1.0 0.9740777666999003 89.97 19.54 0.36000000000000015
1.0 0.9740777666999003 89.97 19.54 0.37000000000000016
1.0 0.9730807577268196 89.97 19.52 0.38000000000000017
1.0 0.9700897308075773 89.97 19.46 0.3900000000000002
1.0 0.967098703888335 89.97 19.4 0.4000000000000002
1.0 0.963110667996012 89.97 19.32 0.4100000000000002
1.0 0.9601196410767697 89.97 19.26 0.4200000000000002
1.0 0.959122632103689 89.97 19.24 0.4300000000000002
1.0 0.9551345962113659 89.97 19.16 0.4400000000000002
1.0 0.9521435692921236 89.97 19.1 0.45000000000000023
1.0 0.9481555333998006 89.97 19.02 0.46000000000000024
1.0 0.942173479561316 89.97 18.9 0.47000000000000025
1.0 0.9401794616151545 89.97 18.86 0.48000000000000026
1.0 0.9391824526420738 89.97 18.84 0.49000000000000027
1.0 0.938185443668993 89.97 18.82 0.5000000000000002
1.0 0.9351944167497508 89.97 18.76 0.5100000000000002
1.0 0.9351944167497508 89.97 18.76 0.5200000000000002
1.0 0.9351944167497508 89.97 18.76 0.5300000000000002
1.0 0.93419740777667 89.97 18.74 0.5400000000000003
1.0 0.9332003988035892 89.97 18.72 0.5500000000000003
1.0 0.9332003988035892 89.97 18.72 0.5600000000000003
1.0 0.9332003988035892 89.97 18.72 0.5700000000000003
1.0 0.9322033898305084 89.97 18.7 0.5800000000000003
1.0 0.9322033898305084 89.97 18.7 0.5900000000000003
1.0 0.9322033898305084 89.97 18.7 0.6000000000000003
1.0 0.9312063808574277 89.97 18.68 0.6100000000000003
1.0 0.9302093718843469 89.97 18.66 0.6200000000000003
1.0 0.9262213359920239 89.97 18.58 0.6300000000000003
1.0 0.9202392821535393 89.97 18.46 0.6400000000000003
1.0 0.9192422731804586 89.97 18.44 0.6500000000000004
1.0 0.9152542372881356 89.97 18.36 0.6600000000000004
1.0 0.9082751744765702 89.97 18.22 0.6700000000000004
1.0 0.8993020937188435 89.97 18.04 0.6800000000000004
1.0 0.8863409770687937 89.97 17.78 0.6900000000000004
1.0 0.8773678963110668 89.97 17.6 0.7000000000000004
1.0 0.8673978065802592 89.97 17.4 0.7100000000000004
1.0 0.8494516450648056 89.97 17.04 0.7200000000000004
1.0 0.8374875373878365 89.97 16.8 0.7300000000000004
1.0 0.8205383848454636 89.97 16.46 0.7400000000000004
1.0 0.8135593220338984 89.97 16.32 0.7500000000000004
1.0 0.8005982053838484 89.97 16.06 0.7600000000000005
1.0 0.7896311066799602 89.97 15.84 0.7700000000000005
0.999888851839502 0.7836490528414756 89.96 15.72 0.7800000000000005
0.9995554073580082 0.7786640079760718 89.93 15.62 0.7900000000000005
0.9992219628765144 0.7756729810568295 89.9 15.56 0.8000000000000005
0.9979993331110371 0.7726819541375872 89.79 15.5 0.8100000000000005
0.996109814382572 0.7686939182452642 89.62 15.42 0.8200000000000005
0.9917750361231522 0.7627118644067796 89.23 15.3 0.8300000000000005
0.9853284428142715 0.7567298105682951 88.65 15.18 0.8400000000000005
0.9747693675669667 0.7547357926221336 87.7 15.14 0.8500000000000005
0.9568745137267978 0.7417746759720838 86.09 14.88 0.8600000000000005
0.9293097699233077 0.7238285144566301 83.61 14.52 0.8700000000000006
0.8918528398355007 0.7058823529411765 80.24 14.16 0.8800000000000006
0.8447260197843726 0.6869391824526421 76.0 13.78 0.8900000000000006
0.7995998666222074 0.654037886340977 71.94 13.12 0.9000000000000006
0.7501389352006225 0.6241276171485544 67.49 12.52 0.9100000000000006
0.7069023007669223 0.5942173479561316 63.6 11.92 0.9200000000000006
0.6708902967655885 0.5732801595214357 60.36 11.5 0.9300000000000006
0.6436589974435923 0.5503489531405783 57.91 11.04 0.9400000000000006
0.622540846948983 0.5343968095712861 56.01 10.72 0.9500000000000006
0.6055351783927976 0.5094715852442672 54.48 10.22 0.9600000000000006
0.5817494720462376 0.48753738783649053 52.34 9.78 0.9700000000000006
0.5310659108591753 0.43768693918245266 47.78 8.78 0.9800000000000006
0.4089140824719351 0.317048853439681 36.79 6.36 0.9900000000000007
0.0 0.0 0.0 0.0
