1.0 1.0 14.995 25.075 0.0
1.0 0.6679960119641076 14.995 16.75 0.01
1.0 0.5124626121635095 14.995 12.85 0.02
1.0 0.423728813559322 14.995 10.625 0.03
1.0 0.3748753738783649 14.995 9.4 0.04
1.0 0.34995014955134596 14.995 8.775 0.05
1.0 0.2901296111665005 14.995 7.275 0.060000000000000005
1.0 0.2901296111665005 14.995 7.275 0.07
1.0 0.27018943170488535 14.995 6.775 0.08
1.0 0.25623130608175476 14.995 6.425 0.09
1.0 0.23529411764705882 14.995 5.9 0.09999999999999999
1.0 0.22931206380857427 14.995 5.75 0.10999999999999999
1.0 0.21734795613160518 14.995 5.45 0.11999999999999998
1.0 0.20837487537387836 14.995 5.225 0.12999999999999998
1.0 0.2023928215353938 14.995 5.075 0.13999999999999999
1.0 0.19441674975074777 14.995 4.875 0.15
1.0 0.18344965104685942 14.995 4.6 0.16
1.0 0.17347956131605186 14.995 4.35 0.17
1.0 0.15154536390827517 14.995 3.8 0.18000000000000002
1.0 0.14257228315054835 14.995 3.575 0.19000000000000003
1.0 0.1365902293120638 14.995 3.425 0.20000000000000004
1.0 0.13260219341974078 14.995 3.325 0.21000000000000005
1.0 0.13060817547357925 14.995 3.275 0.22000000000000006
1.0 0.12462612163509472 14.995 3.125 0.23000000000000007
1.0 0.12362911266201396 14.995 3.1 0.24000000000000007
1.0 0.11964107676969092 14.995 3.0 0.25000000000000006
1.0 0.11665004985044865 14.995 2.925 0.26000000000000006
1.0 0.1156530408773679 14.995 2.9 0.2700000000000001
1.0 0.1156530408773679 14.995 2.9 0.2800000000000001
1.0 0.11166500498504486 14.995 2.8 0.2900000000000001
1.0 0.10667996011964108 14.995 2.675 0.3000000000000001
1.0 0.1036889332003988 14.995 2.6 0.3100000000000001
1.0 0.10069790628115653 14.995 2.525 0.3200000000000001
1.0 0.09970089730807577 14.995 2.5 0.3300000000000001
1.0 0.09272183449651047 14.995 2.325 0.34000000000000014
1.0 0.08673978065802593 14.995 2.175 0.35000000000000014
1.0 0.08574277168494517 14.995 2.15 0.36000000000000015
1.0 0.08374875373878365 14.995 2.1 0.37000000000000016
1.0 0.07776669990029911 14.995 1.95 0.38000000000000017
1.0 0.07178464606181456 14.995 1.8 0.3900000000000002
1.0 0.06779661016949153 14.995 1.7 0.4000000000000002
1.0 0.06480558325024925 14.995 1.625 0.4100000000000002
1.0 0.06281156530408774 14.995 1.575 0.4200000000000002
1.0 0.05982053838484546 14.995 1.5 0.4300000000000002
1.0 0.058823529411764705 14.995 1.475 0.4400000000000002
1.0 0.054835493519441676 14.995 1.375 0.45000000000000023
1.0 0.05284147557328016 14.995 1.325 0.46000000000000024
1.0 0.05284147557328016 14.995 1.325 0.47000000000000025
1.0 0.05284147557328016 14.995 1.325 0.48000000000000026
1.0 0.0518444666001994 14.995 1.3 0.49000000000000027
1.0 0.0518444666001994 14.995 1.3 0.5000000000000002
1.0 0.05084745762711865 14.995 1.275 0.5100000000000002
1.0 0.04885343968095713 14.995 1.225 0.5200000000000002
1.0 0.04885343968095713 14.995 1.225 0.5300000000000002
1.0 0.04885343968095713 14.995 1.225 0.5400000000000003
1.0 0.04885343968095713 14.995 1.225 0.5500000000000003
1.0 0.047856430707876374 14.995 1.2 0.5600000000000003
1.0 0.04685942173479561 14.995 1.175 0.5700000000000003
1.0 0.04685942173479561 14.995 1.175 0.5800000000000003
1.0 0.04685942173479561 14.995 1.175 0.5900000000000003
1.0 0.0448654037886341 14.995 1.125 0.6000000000000003
1.0 0.0448654037886341 14.995 1.125 0.6100000000000003
1.0 0.04386839481555334 14.995 1.1 0.6200000000000003
1.0 0.04386839481555334 14.995 1.1 0.6300000000000003
1.0 0.04287138584247258 14.995 1.075 0.6400000000000003
1.0 0.03988035892323031 14.995 1.0 0.6500000000000004
1.0 0.03788634097706879 14.995 0.95 0.6600000000000004
1.0 0.036889332003988036 14.995 0.925 0.6700000000000004
1.0 0.03589232303090728 14.995 0.9 0.6800000000000004
1.0 0.03389830508474576 14.995 0.85 0.6900000000000004
1.0 0.03389830508474576 14.995 0.85 0.7000000000000004
1.0 0.031904287138584245 14.995 0.8 0.7100000000000004
1.0 0.028913260219341975 14.995 0.725 0.7200000000000004
1.0 0.027916251246261216 14.995 0.7 0.7300000000000004
1.0 0.024925224327018942 14.995 0.625 0.7400000000000004
1.0 0.024925224327018942 14.995 0.625 0.7500000000000004
1.0 0.023928215353938187 14.995 0.6 0.7600000000000005
1.0 0.022931206380857428 14.995 0.575 0.7700000000000005
1.0 0.02193419740777667 14.995 0.55 0.7800000000000005
1.0 0.02193419740777667 14.995 0.55 0.7900000000000005
1.0 0.02193419740777667 14.995 0.55 0.8000000000000005
1.0 0.02193419740777667 14.995 0.55 0.8100000000000005
1.0 0.02193419740777667 14.995 0.55 0.8200000000000005
1.0 0.020937188434695914 14.995 0.525 0.8300000000000005
1.0 0.020937188434695914 14.995 0.525 0.8400000000000005
1.0 0.020937188434695914 14.995 0.525 0.8500000000000005
1.0 0.020937188434695914 14.995 0.525 0.8600000000000005
1.0 0.020937188434695914 14.995 0.525 0.8700000000000006
0.999888851839502 0.019940179461615155 14.993333333333334 0.5 0.8800000000000006
0.999888851839502 0.018943170488534396 14.993333333333334 0.475 0.8900000000000006
0.999888851839502 0.018943170488534396 14.993333333333334 0.475 0.9000000000000006
0.999888851839502 0.018943170488534396 14.993333333333334 0.475 0.9100000000000006
0.999888851839502 0.018943170488534396 14.993333333333334 0.475 0.9200000000000006
0.9997777036790041 0.018943170488534396 14.991666666666667 0.475 0.9300000000000006
0.9996665555185061 0.018943170488534396 14.99 0.475 0.9400000000000006
0.9995554073580082 0.018943170488534396 14.988333333333333 0.475 0.9500000000000006
0.9989996665555185 0.018943170488534396 14.98 0.475 0.9600000000000006
0.9982216294320329 0.018943170488534396 14.968333333333334 0.475 0.9700000000000006
0.9969989996665555 0.018943170488534396 14.95 0.475 0.9800000000000006
0.9924419250861398 0.018943170488534396 14.881666666666666 0.475 0.9900000000000007
0.0 0.0 0.0 0.0
