1.0 1.0 89.97 28.65714285714286 0.0
1.0 0.9990029910269193 89.97 28.62857142857143 0.01
1.0 0.9980059820538385 89.97 28.6 0.02
1.0 0.9980059820538385 89.97 28.6 0.03
1.0 0.9970089730807578 89.97 28.571428571428573 0.04
0.999888851839502 0.9950149551345963 89.96 28.514285714285716 0.05
0.9996665555185061 0.9930209371884346 89.94 28.457142857142856 0.060000000000000005
0.9996665555185061 0.9930209371884346 89.94 28.457142857142856 0.07
0.9996665555185061 0.9930209371884346 89.94 28.457142857142856 0.08
0.9996665555185061 0.9920239282153539 89.94 28.428571428571427 0.09
0.9994442591975102 0.9900299102691924 89.92 28.37142857142857 0.09999999999999999
0.9994442591975102 0.9890329012961117 89.92 28.34285714285714 0.10999999999999999
0.9993331110370124 0.9890329012961117 89.91 28.34285714285714 0.11999999999999998
0.9993331110370124 0.9880358923230309 89.91 28.314285714285713 0.12999999999999998
0.9993331110370124 0.9860418743768694 89.91 28.257142857142856 0.13999999999999999
0.9993331110370124 0.9850448654037887 89.91 28.228571428571428 0.15
0.9993331110370124 0.9810568295114656 89.91 28.114285714285714 0.16
0.9993331110370124 0.9770687936191426 89.91 28.0 0.17
0.9992219628765144 0.9700897308075773 89.9 27.8 0.18000000000000002
0.9992219628765144 0.9680957128614157 89.9 27.742857142857144 0.19000000000000003
0.9992219628765144 0.9641076769690927 89.9 27.62857142857143 0.20000000000000004
0.9991108147160165 0.9611166500498505 89.89 27.542857142857144 0.21000000000000005
0.9991108147160165 0.9601196410767697 89.89 27.514285714285716 0.22000000000000006
0.9991108147160165 0.9581256231306082 89.89 27.457142857142856 0.23000000000000007
0.9991108147160165 0.9561316051844466 89.89 27.4 0.24000000000000007
0.9991108147160165 0.9561316051844466 89.89 27.4 0.25000000000000006
0.9991108147160165 0.9561316051844466 89.89 27.4 0.26000000000000006
0.9991108147160165 0.9541375872382851 89.89 27.34285714285714 0.2700000000000001
0.9991108147160165 0.9531405782652044 89.89 27.314285714285713 0.2800000000000001
0.9991108147160165 0.9531405782652044 89.89 27.314285714285713 0.2900000000000001
0.9991108147160165 0.9521435692921236 89.89 27.285714285714285 0.3000000000000001
0.9991108147160165 0.9501495513459621 89.89 27.228571428571428 0.3100000000000001
0.9991108147160165 0.9481555333998006 89.89 27.17142857142857 0.3200000000000001
0.9991108147160165 0.9471585244267199 89.89 27.142857142857142 0.3300000000000001
0.9991108147160165 0.9441674975074775 89.89 27.057142857142857 0.34000000000000014
0.9991108147160165 0.938185443668993 89.89 26.885714285714286 0.35000000000000014
0.9991108147160165 0.938185443668993 89.89 26.885714285714286 0.36000000000000015
0.9991108147160165 0.9322033898305084 89.89 26.714285714285715 0.37000000000000016
0.9991108147160165 0.9242273180458624 89.89 26.485714285714284 0.38000000000000017
0.9991108147160165 0.9142572283150548 89.89 26.2 0.3900000000000002
0.9991108147160165 0.9112662013958126 89.89 26.114285714285714 0.4000000000000002
0.9991108147160165 0.905284147557328 89.89 25.942857142857143 0.4100000000000002
0.9991108147160165 0.8923230309072782 89.89 25.571428571428573 0.4200000000000002
0.9991108147160165 0.8843469591226321 89.89 25.34285714285714 0.4300000000000002
0.9991108147160165 0.8753738783649053 89.89 25.085714285714285 0.4400000000000002
0.9991108147160165 0.8614157527417746 89.89 24.685714285714287 0.45000000000000023
0.9991108147160165 0.8534396809571286 89.89 24.457142857142856 0.46000000000000024
0.9991108147160165 0.8464606181455633 89.89 24.257142857142856 0.47000000000000025
0.9991108147160165 0.8414755732801595 89.89 24.114285714285714 0.48000000000000026
0.9991108147160165 0.8334995014955134 89.89 23.885714285714286 0.49000000000000027
0.9991108147160165 0.8295114656031904 89.89 23.771428571428572 0.5000000000000002
0.9991108147160165 0.8245264207377866 89.89 23.62857142857143 0.5100000000000002
0.9991108147160165 0.8235294117647058 89.89 23.6 0.5200000000000002
0.9991108147160165 0.8195413758723828 89.89 23.485714285714284 0.5300000000000002
0.9991108147160165 0.8185443668993021 89.89 23.457142857142856 0.5400000000000003
0.9991108147160165 0.8165503489531406 89.89 23.4 0.5500000000000003
0.9991108147160165 0.8165503489531406 89.89 23.4 0.5600000000000003
0.9991108147160165 0.8165503489531406 89.89 23.4 0.5700000000000003
0.9991108147160165 0.8155533399800599 89.89 23.37142857142857 0.5800000000000003
0.9988885183950206 0.8155533399800599 89.87 23.37142857142857 0.5900000000000003
0.9988885183950206 0.8135593220338984 89.87 23.314285714285713 0.6000000000000003
0.9988885183950206 0.8075772681954138 89.87 23.142857142857142 0.6100000000000003
0.9986662220740247 0.8055832502492523 89.85 23.085714285714285 0.6200000000000003
0.9985550739135267 0.7966101694915254 89.84 22.82857142857143 0.6300000000000003
0.9985550739135267 0.7876370887337986 89.84 22.571428571428573 0.6400000000000003
0.9985550739135267 0.7806580259222333 89.84 22.37142857142857 0.6500000000000004
0.9985550739135267 0.7676969092721835 89.84 22.0 0.6600000000000004
0.9985550739135267 0.7507477567298105 89.84 21.514285714285716 0.6700000000000004
0.9985550739135267 0.7278165503489531 89.84 20.857142857142858 0.6800000000000004
0.9985550739135267 0.7058823529411765 89.84 20.228571428571428 0.6900000000000004
0.9985550739135267 0.6819541375872383 89.84 19.542857142857144 0.7000000000000004
0.9985550739135267 0.6530408773678963 89.84 18.714285714285715 0.7100000000000004
0.9985550739135267 0.6221335992023929 89.84 17.82857142857143 0.7200000000000004
0.9985550739135267 0.5942173479561316 89.84 17.02857142857143 0.7300000000000004
0.9985550739135267 0.5583250249252243 89.84 16.0 0.7400000000000004
0.9985550739135267 0.5343968095712861 89.84 15.314285714285715 0.7500000000000004
0.9985550739135267 0.5114656031904287 89.84 14.657142857142857 0.7600000000000005
0.9984439257530288 0.4995014955134596 89.83 14.314285714285715 0.7700000000000005
0.9983327775925308 0.4795613160518445 89.82 13.742857142857142 0.7800000000000005
0.9979993331110371 0.4666001994017946 89.79 13.371428571428572 0.7900000000000005
0.9975547404690452 0.452642073778664 89.75 12.971428571428572 0.8000000000000005
0.9963321107035679 0.4436689930209372 89.64 12.714285714285714 0.8100000000000005
0.9938868511726131 0.4386839481555334 89.42 12.571428571428571 0.8200000000000005
0.9893297765921975 0.42971086739780656 89.01 12.314285714285715 0.8300000000000005
0.9829943314438147 0.4217347956131605 88.44 12.085714285714285 0.8400000000000005
0.972324108036012 0.4057826520438684 87.48 11.628571428571428 0.8500000000000005
0.9552072913193287 0.3678963110667996 85.94 10.542857142857143 0.8600000000000005
0.9304212515282873 0.3240279162512463 83.71 9.285714285714286 0.8700000000000006
0.8944092475269534 0.2851445663010967 80.47 8.17142857142857 0.8800000000000006
0.8502834278092698 0.2432701894317049 76.5 6.9714285714285715 0.8900000000000006
0.8014893853506725 0.1814556331006979 72.11 5.2 0.9000000000000006
0.7519173057685895 0.11665004985044865 67.65 3.342857142857143 0.9100000000000006
0.7103478937423585 0.07377866400797607 63.91 2.1142857142857143 0.9200000000000006
0.6763365566299878 0.03290129611166501 60.85 0.9428571428571428 0.9300000000000006
0.6484383683450039 0.01794616151545364 58.34 0.5142857142857142 0.9400000000000006
0.6282094031343781 0.00897308075772682 56.52 0.2571428571428571 0.9500000000000006
0.6127598088251639 0.0019940179461615153 55.13 0.05714285714285714 0.9600000000000006
0.5904190285650772 9.970089730807576E-4 53.12 0.02857142857142857 0.9700000000000006
0.541513837945982 0.0 48.72 0.0 0.9800000000000006
0.42047349116372124 0.0 37.83 0.0 0.9900000000000007
0.0 0.0 0.0 0.0
