1.0 1.0 14.995 Infinity 0.0
1.0 0.6590229312063809 14.995 Infinity 0.01
1.0 0.4745762711864407 14.995 Infinity 0.02
1.0 0.386839481555334 14.995 Infinity 0.03
1.0 0.3469591226321037 14.995 Infinity 0.04
1.0 0.3180458624127617 14.995 Infinity 0.05
1.0 0.2622133599202393 14.995 Infinity 0.060000000000000005
1.0 0.2622133599202393 14.995 Infinity 0.07
1.0 0.24027916251246262 14.995 Infinity 0.08
1.0 0.226321036889332 14.995 Infinity 0.09
1.0 0.21635094715852443 14.995 Infinity 0.09999999999999999
1.0 0.2053838484546361 14.995 Infinity 0.10999999999999999
1.0 0.19641076769690927 14.995 Infinity 0.11999999999999998
1.0 0.19042871385842472 14.995 Infinity 0.12999999999999998
1.0 0.1744765702891326 14.995 Infinity 0.13999999999999999
1.0 0.16350947158524426 14.995 Infinity 0.15
1.0 0.15453639082751744 14.995 Infinity 0.16
1.0 0.1465603190428714 14.995 Infinity 0.17
1.0 0.12861415752741776 14.995 Infinity 0.18000000000000002
1.0 0.12362911266201396 14.995 Infinity 0.19000000000000003
1.0 0.10867397806580259 14.995 Infinity 0.20000000000000004
1.0 0.1036889332003988 14.995 Infinity 0.21000000000000005
1.0 0.10069790628115653 14.995 Infinity 0.22000000000000006
1.0 0.09970089730807577 14.995 Infinity 0.23000000000000007
1.0 0.09471585244267199 14.995 Infinity 0.24000000000000007
1.0 0.09471585244267199 14.995 Infinity 0.25000000000000006
1.0 0.09371884346959122 14.995 Infinity 0.26000000000000006
1.0 0.09172482552342971 14.995 Infinity 0.2700000000000001
1.0 0.09072781655034895 14.995 Infinity 0.2800000000000001
1.0 0.09072781655034895 14.995 Infinity 0.2900000000000001
1.0 0.0897308075772682 14.995 Infinity 0.3000000000000001
1.0 0.08773678963110668 14.995 Infinity 0.3100000000000001
1.0 0.08574277168494517 14.995 Infinity 0.3200000000000001
1.0 0.08374875373878365 14.995 Infinity 0.3300000000000001
1.0 0.08374875373878365 14.995 Infinity 0.34000000000000014
1.0 0.07976071784646062 14.995 Infinity 0.35000000000000014
1.0 0.07477567298105683 14.995 Infinity 0.36000000000000015
1.0 0.07377866400797607 14.995 Infinity 0.37000000000000016
1.0 0.0707876370887338 14.995 Infinity 0.38000000000000017
1.0 0.06580259222333001 14.995 Infinity 0.3900000000000002
1.0 0.06081754735792622 14.995 Infinity 0.4000000000000002
1.0 0.05782652043868395 14.995 Infinity 0.4100000000000002
1.0 0.054835493519441676 14.995 Infinity 0.4200000000000002
1.0 0.0518444666001994 14.995 Infinity 0.4300000000000002
1.0 0.05084745762711865 14.995 Infinity 0.4400000000000002
1.0 0.05084745762711865 14.995 Infinity 0.45000000000000023
1.0 0.04885343968095713 14.995 Infinity 0.46000000000000024
1.0 0.04685942173479561 14.995 Infinity 0.47000000000000025
1.0 0.04685942173479561 14.995 Infinity 0.48000000000000026
1.0 0.0448654037886341 14.995 Infinity 0.49000000000000027
1.0 0.04386839481555334 14.995 Infinity 0.5000000000000002
1.0 0.04386839481555334 14.995 Infinity 0.5100000000000002
1.0 0.04187437686939183 14.995 Infinity 0.5200000000000002
1.0 0.038883349950149554 14.995 Infinity 0.5300000000000002
1.0 0.038883349950149554 14.995 Infinity 0.5400000000000003
1.0 0.036889332003988036 14.995 Infinity 0.5500000000000003
1.0 0.03489531405782652 14.995 Infinity 0.5600000000000003
1.0 0.03389830508474576 14.995 Infinity 0.5700000000000003
1.0 0.031904287138584245 14.995 Infinity 0.5800000000000003
1.0 0.03090727816550349 14.995 Infinity 0.5900000000000003
1.0 0.02991026919242273 14.995 Infinity 0.6000000000000003
1.0 0.02991026919242273 14.995 Infinity 0.6100000000000003
1.0 0.028913260219341975 14.995 Infinity 0.6200000000000003
1.0 0.027916251246261216 14.995 Infinity 0.6300000000000003
1.0 0.027916251246261216 14.995 Infinity 0.6400000000000003
1.0 0.0259222333000997 14.995 Infinity 0.6500000000000004
1.0 0.0259222333000997 14.995 Infinity 0.6600000000000004
1.0 0.023928215353938187 14.995 Infinity 0.6700000000000004
1.0 0.02193419740777667 14.995 Infinity 0.6800000000000004
1.0 0.019940179461615155 14.995 Infinity 0.6900000000000004
1.0 0.018943170488534396 14.995 Infinity 0.7000000000000004
1.0 0.014955134596211365 14.995 Infinity 0.7100000000000004
1.0 0.013958125623130608 14.995 Infinity 0.7200000000000004
1.0 0.013958125623130608 14.995 Infinity 0.7300000000000004
1.0 0.009970089730807577 14.995 Infinity 0.7400000000000004
1.0 0.009970089730807577 14.995 Infinity 0.7500000000000004
1.0 0.00897308075772682 14.995 Infinity 0.7600000000000005
1.0 0.00897308075772682 14.995 Infinity 0.7700000000000005
1.0 0.006979062811565304 14.995 Infinity 0.7800000000000005
1.0 0.006979062811565304 14.995 Infinity 0.7900000000000005
1.0 0.005982053838484547 14.995 Infinity 0.8000000000000005
1.0 0.005982053838484547 14.995 Infinity 0.8100000000000005
1.0 0.005982053838484547 14.995 Infinity 0.8200000000000005
1.0 0.005982053838484547 14.995 Infinity 0.8300000000000005
1.0 0.003988035892323031 14.995 Infinity 0.8400000000000005
1.0 0.003988035892323031 14.995 Infinity 0.8500000000000005
1.0 0.003988035892323031 14.995 Infinity 0.8600000000000005
0.9997777036790041 0.003988035892323031 14.991666666666667 Infinity 0.8700000000000006
0.9996665555185061 0.003988035892323031 14.99 Infinity 0.8800000000000006
0.9995554073580082 0.003988035892323031 14.988333333333333 Infinity 0.8900000000000006
0.9993331110370124 0.0029910269192422734 14.985 Infinity 0.9000000000000006
0.9989996665555185 0.0019940179461615153 14.98 Infinity 0.9100000000000006
0.9988885183950206 0.0019940179461615153 14.978333333333333 Infinity 0.9200000000000006
0.9987773702345226 0.0019940179461615153 14.976666666666667 Infinity 0.9300000000000006
0.9985550739135267 9.970089730807576E-4 14.973333333333333 Infinity 0.9400000000000006
0.9984439257530288 0.0 14.971666666666666 NaN 0.9500000000000006
0.9982216294320329 0.0 14.968333333333334 NaN 0.9600000000000006
0.9975547404690452 0.0 14.958333333333334 NaN 0.9700000000000006
0.9965544070245638 0.0 14.943333333333333 NaN 0.9800000000000006
0.9903301100366789 0.0 14.85 NaN 0.9900000000000007
0.0 0.0 0.0 0.0
