1.0 1.0 9.996666666666666 28.65714285714286 0.0
0.9979993331110371 0.32103688933200397 9.976666666666667 9.2 0.01
0.9978881849505391 0.16450648055832504 9.975555555555555 4.714285714285714 0.02
0.9978881849505391 0.13060817547357925 9.975555555555555 3.742857142857143 0.03
0.9978881849505391 0.10667996011964108 9.975555555555555 3.057142857142857 0.04
0.9978881849505391 0.08574277168494517 9.975555555555555 2.4571428571428573 0.05
0.9978881849505391 0.06281156530408774 9.975555555555555 1.8 0.060000000000000005
0.9978881849505391 0.06281156530408774 9.975555555555555 1.8 0.07
0.9978881849505391 0.05682951146560319 9.975555555555555 1.6285714285714286 0.08
0.9978881849505391 0.04885343968095713 9.975555555555555 1.4 0.09
0.9978881849505391 0.038883349950149554 9.975555555555555 1.1142857142857143 0.09999999999999999
0.9978881849505391 0.03489531405782652 9.975555555555555 1.0 0.10999999999999999
0.9978881849505391 0.03290129611166501 9.975555555555555 0.9428571428571428 0.11999999999999998
0.9978881849505391 0.028913260219341975 9.975555555555555 0.8285714285714286 0.12999999999999998
0.9978881849505391 0.027916251246261216 9.975555555555555 0.8 0.13999999999999999
0.9978881849505391 0.026919242273180457 9.975555555555555 0.7714285714285715 0.15
0.9978881849505391 0.026919242273180457 9.975555555555555 0.7714285714285715 0.16
0.9978881849505391 0.0259222333000997 9.975555555555555 0.7428571428571429 0.17
0.9978881849505391 0.023928215353938187 9.975555555555555 0.6857142857142857 0.18000000000000002
0.9978881849505391 0.020937188434695914 9.975555555555555 0.6 0.19000000000000003
0.9978881849505391 0.018943170488534396 9.975555555555555 0.5428571428571428 0.20000000000000004
0.9978881849505391 0.018943170488534396 9.975555555555555 0.5428571428571428 0.21000000000000005
0.9978881849505391 0.01794616151545364 9.975555555555555 0.5142857142857142 0.22000000000000006
0.9978881849505391 0.01794616151545364 9.975555555555555 0.5142857142857142 0.23000000000000007
0.9978881849505391 0.014955134596211365 9.975555555555555 0.42857142857142855 0.24000000000000007
0.9978881849505391 0.014955134596211365 9.975555555555555 0.42857142857142855 0.25000000000000006
0.9978881849505391 0.01296111665004985 9.975555555555555 0.37142857142857144 0.26000000000000006
0.9978881849505391 0.01296111665004985 9.975555555555555 0.37142857142857144 0.2700000000000001
0.9978881849505391 0.01296111665004985 9.975555555555555 0.37142857142857144 0.2800000000000001
0.9978881849505391 0.011964107676969093 9.975555555555555 0.34285714285714286 0.2900000000000001
0.9978881849505391 0.011964107676969093 9.975555555555555 0.34285714285714286 0.3000000000000001
0.9978881849505391 0.010967098703888335 9.975555555555555 0.3142857142857143 0.3100000000000001
0.9978881849505391 0.010967098703888335 9.975555555555555 0.3142857142857143 0.3200000000000001
0.9978881849505391 0.010967098703888335 9.975555555555555 0.3142857142857143 0.3300000000000001
0.9978881849505391 0.009970089730807577 9.975555555555555 0.2857142857142857 0.34000000000000014
0.9978881849505391 0.009970089730807577 9.975555555555555 0.2857142857142857 0.35000000000000014
0.9978881849505391 0.009970089730807577 9.975555555555555 0.2857142857142857 0.36000000000000015
0.9978881849505391 0.00897308075772682 9.975555555555555 0.2571428571428571 0.37000000000000016
0.9978881849505391 0.00897308075772682 9.975555555555555 0.2571428571428571 0.38000000000000017
0.9978881849505391 0.007976071784646061 9.975555555555555 0.22857142857142856 0.3900000000000002
0.9978881849505391 0.007976071784646061 9.975555555555555 0.22857142857142856 0.4000000000000002
0.9978881849505391 0.004985044865403789 9.975555555555555 0.14285714285714285 0.4100000000000002
0.9978881849505391 0.003988035892323031 9.975555555555555 0.11428571428571428 0.4200000000000002
0.9977770367900411 0.003988035892323031 9.974444444444444 0.11428571428571428 0.4300000000000002
0.9977770367900411 0.003988035892323031 9.974444444444444 0.11428571428571428 0.4400000000000002
0.9977770367900411 0.003988035892323031 9.974444444444444 0.11428571428571428 0.45000000000000023
0.9977770367900411 0.003988035892323031 9.974444444444444 0.11428571428571428 0.46000000000000024
0.9977770367900411 0.003988035892323031 9.974444444444444 0.11428571428571428 0.47000000000000025
0.9977770367900411 0.0029910269192422734 9.974444444444444 0.08571428571428572 0.48000000000000026
0.9977770367900411 0.0029910269192422734 9.974444444444444 0.08571428571428572 0.49000000000000027
0.9977770367900411 0.0029910269192422734 9.974444444444444 0.08571428571428572 0.5000000000000002
0.9977770367900411 0.0029910269192422734 9.974444444444444 0.08571428571428572 0.5100000000000002
0.9977770367900411 0.0029910269192422734 9.974444444444444 0.08571428571428572 0.5200000000000002
0.9977770367900411 0.0029910269192422734 9.974444444444444 0.08571428571428572 0.5300000000000002
0.9977770367900411 0.0029910269192422734 9.974444444444444 0.08571428571428572 0.5400000000000003
0.9977770367900411 0.0029910269192422734 9.974444444444444 0.08571428571428572 0.5500000000000003
0.9977770367900411 0.0029910269192422734 9.974444444444444 0.08571428571428572 0.5600000000000003
0.9977770367900411 0.0029910269192422734 9.974444444444444 0.08571428571428572 0.5700000000000003
0.9977770367900411 0.0029910269192422734 9.974444444444444 0.08571428571428572 0.5800000000000003
0.9977770367900411 0.0029910269192422734 9.974444444444444 0.08571428571428572 0.5900000000000003
0.9977770367900411 0.0029910269192422734 9.974444444444444 0.08571428571428572 0.6000000000000003
0.9977770367900411 0.0029910269192422734 9.974444444444444 0.08571428571428572 0.6100000000000003
0.9977770367900411 0.0029910269192422734 9.974444444444444 0.08571428571428572 0.6200000000000003
0.9977770367900411 0.0029910269192422734 9.974444444444444 0.08571428571428572 0.6300000000000003
0.9977770367900411 0.0019940179461615153 9.974444444444444 0.05714285714285714 0.6400000000000003
0.9977770367900411 9.970089730807576E-4 9.974444444444444 0.02857142857142857 0.6500000000000004
0.9977770367900411 9.970089730807576E-4 9.974444444444444 0.02857142857142857 0.6600000000000004
0.9977770367900411 9.970089730807576E-4 9.974444444444444 0.02857142857142857 0.6700000000000004
0.9977770367900411 9.970089730807576E-4 9.974444444444444 0.02857142857142857 0.6800000000000004
0.9977770367900411 9.970089730807576E-4 9.974444444444444 0.02857142857142857 0.6900000000000004
0.9977770367900411 0.0 9.974444444444444 0.0 0.7000000000000004
0.9977770367900411 0.0 9.974444444444444 0.0 0.7100000000000004
0.9977770367900411 0.0 9.974444444444444 0.0 0.7200000000000004
0.9977770367900411 0.0 9.974444444444444 0.0 0.7300000000000004
0.9977770367900411 0.0 9.974444444444444 0.0 0.7400000000000004
0.9977770367900411 0.0 9.974444444444444 0.0 0.7500000000000004
0.9977770367900411 0.0 9.974444444444444 0.0 0.7600000000000005
0.9977770367900411 0.0 9.974444444444444 0.0 0.7700000000000005
0.9977770367900411 0.0 9.974444444444444 0.0 0.7800000000000005
0.9977770367900411 0.0 9.974444444444444 0.0 0.7900000000000005
0.9977770367900411 0.0 9.974444444444444 0.0 0.8000000000000005
0.9977770367900411 0.0 9.974444444444444 0.0 0.8100000000000005
0.9977770367900411 0.0 9.974444444444444 0.0 0.8200000000000005
0.9977770367900411 0.0 9.974444444444444 0.0 0.8300000000000005
0.9977770367900411 0.0 9.974444444444444 0.0 0.8400000000000005
0.9977770367900411 0.0 9.974444444444444 0.0 0.8500000000000005
0.9977770367900411 0.0 9.974444444444444 0.0 0.8600000000000005
0.9977770367900411 0.0 9.974444444444444 0.0 0.8700000000000006
0.9977770367900411 0.0 9.974444444444444 0.0 0.8800000000000006
0.9977770367900411 0.0 9.974444444444444 0.0 0.8900000000000006
0.9977770367900411 0.0 9.974444444444444 0.0 0.9000000000000006
0.9976658886295432 0.0 9.973333333333333 0.0 0.9100000000000006
0.9976658886295432 0.0 9.973333333333333 0.0 0.9200000000000006
0.9976658886295432 0.0 9.973333333333333 0.0 0.9300000000000006
0.9976658886295432 0.0 9.973333333333333 0.0 0.9400000000000006
0.9976658886295432 0.0 9.973333333333333 0.0 0.9500000000000006
0.9976658886295432 0.0 9.973333333333333 0.0 0.9600000000000006
0.9975547404690452 0.0 9.972222222222221 0.0 0.9700000000000006
0.9975547404690452 0.0 9.972222222222221 0.0 0.9800000000000006
0.9974435923085473 0.0 9.971111111111112 0.0 0.9900000000000007
0.0 0.0 0.0 0.0
