1.0 1.0 44.985 25.075 0.0
0.9997777036790041 0.9940179461615155 44.975 24.925 0.01
0.9997777036790041 0.9800598205383848 44.975 24.575 0.02
0.9995554073580082 0.9601196410767697 44.965 24.075 0.03
0.9995554073580082 0.9471585244267199 44.965 23.75 0.04
0.9994442591975102 0.9332003988035892 44.96 23.4 0.05
0.9994442591975102 0.9102691924227319 44.96 22.825 0.060000000000000005
0.9994442591975102 0.9102691924227319 44.96 22.825 0.07
0.9994442591975102 0.905284147557328 44.96 22.7 0.08
0.9994442591975102 0.8973080757726819 44.96 22.5 0.09
0.9994442591975102 0.8883349950149552 44.96 22.275 0.09999999999999999
0.9993331110370124 0.8823529411764706 44.955 22.125 0.10999999999999999
0.9993331110370124 0.8773678963110668 44.955 22.0 0.11999999999999998
0.9993331110370124 0.8614157527417746 44.955 21.6 0.12999999999999998
0.9992219628765144 0.8504486540378864 44.95 21.325 0.13999999999999999
0.9992219628765144 0.8364905284147557 44.95 20.975 0.15
0.9992219628765144 0.8245264207377866 44.95 20.675 0.16
0.9992219628765144 0.8165503489531406 44.95 20.475 0.17
0.9992219628765144 0.7866400797607178 44.95 19.725 0.18000000000000002
0.9992219628765144 0.773678963110668 44.95 19.4 0.19000000000000003
0.9991108147160165 0.7517447657028913 44.945 18.85 0.20000000000000004
0.9991108147160165 0.7407776669990029 44.945 18.575 0.21000000000000005
0.9991108147160165 0.732801595214357 44.945 18.375 0.22000000000000006
0.9988885183950206 0.7248255234297108 44.935 18.175 0.23000000000000007
0.9988885183950206 0.7178464606181456 44.935 18.0 0.24000000000000007
0.9988885183950206 0.711864406779661 44.935 17.85 0.25000000000000006
0.9988885183950206 0.7098703888334995 44.935 17.8 0.26000000000000006
0.9988885183950206 0.7098703888334995 44.935 17.8 0.2700000000000001
0.9988885183950206 0.7098703888334995 44.935 17.8 0.2800000000000001
0.9988885183950206 0.7068793619142573 44.935 17.725 0.2900000000000001
0.9988885183950206 0.7058823529411765 44.935 17.7 0.3000000000000001
0.9988885183950206 0.7048853439680958 44.935 17.675 0.3100000000000001
0.9988885183950206 0.6999002991026919 44.935 17.55 0.3200000000000001
0.9988885183950206 0.6939182452642074 44.935 17.4 0.3300000000000001
0.9988885183950206 0.6879361914257228 44.935 17.25 0.34000000000000014
0.9988885183950206 0.6819541375872383 44.935 17.1 0.35000000000000014
0.9988885183950206 0.6679960119641076 44.935 16.75 0.36000000000000015
0.9988885183950206 0.6570289132602194 44.935 16.475 0.37000000000000016
0.9988885183950206 0.6450648055832503 44.935 16.175 0.38000000000000017
0.9988885183950206 0.6291126620139581 44.935 15.775 0.3900000000000002
0.9988885183950206 0.613160518444666 44.935 15.375 0.4000000000000002
0.9988885183950206 0.6001994017946162 44.935 15.05 0.4100000000000002
0.9987773702345226 0.5792622133599202 44.93 14.525 0.4200000000000002
0.9987773702345226 0.5623130608175474 44.93 14.1 0.4300000000000002
0.9987773702345226 0.5443668993020937 44.93 13.65 0.4400000000000002
0.9987773702345226 0.5333998005982054 44.93 13.375 0.45000000000000023
0.9987773702345226 0.5204386839481555 44.93 13.05 0.46000000000000024
0.9987773702345226 0.5094715852442672 44.93 12.775 0.47000000000000025
0.9987773702345226 0.4955134596211366 44.93 12.425 0.48000000000000026
0.9987773702345226 0.4915254237288136 44.93 12.325 0.49000000000000027
0.9987773702345226 0.48454636091724823 44.93 12.15 0.5000000000000002
0.9987773702345226 0.48055832502492524 44.93 12.05 0.5100000000000002
0.9987773702345226 0.47756729810568294 44.93 11.975 0.5200000000000002
0.9987773702345226 0.4765702891326022 44.93 11.95 0.5300000000000002
0.9987773702345226 0.47258225324027914 44.93 11.85 0.5400000000000003
0.9987773702345226 0.4675972083748754 44.93 11.725 0.5500000000000003
0.9987773702345226 0.46560319042871384 44.93 11.675 0.5600000000000003
0.9987773702345226 0.46560319042871384 44.93 11.675 0.5700000000000003
0.9987773702345226 0.4596211365902293 44.93 11.525 0.5800000000000003
0.9987773702345226 0.45363908275174475 44.93 11.375 0.5900000000000003
0.9987773702345226 0.44865403788634095 44.93 11.25 0.6000000000000003
0.9987773702345226 0.44865403788634095 44.93 11.25 0.6100000000000003
0.9987773702345226 0.4426719840478564 44.93 11.1 0.6200000000000003
0.9987773702345226 0.43768693918245266 44.93 10.975 0.6300000000000003
0.9987773702345226 0.4317048853439681 44.93 10.825 0.6400000000000003
0.9986662220740247 0.42073778664007977 44.925 10.55 0.6500000000000004
0.9986662220740247 0.4037886340977069 44.925 10.125 0.6600000000000004
0.9986662220740247 0.3898305084745763 44.925 9.775 0.6700000000000004
0.9986662220740247 0.3698903290129611 44.925 9.275 0.6800000000000004
0.9985550739135267 0.34496510468594216 44.92 8.65 0.6900000000000004
0.9985550739135267 0.32801595214356927 44.92 8.225 0.7000000000000004
0.9985550739135267 0.30109670987038883 44.92 7.55 0.7100000000000004
0.9985550739135267 0.27916251246261214 44.92 7.0 0.7200000000000004
0.9985550739135267 0.2612163509471585 44.92 6.55 0.7300000000000004
0.9985550739135267 0.23728813559322035 44.92 5.95 0.7400000000000004
0.9985550739135267 0.21635094715852443 44.92 5.425 0.7500000000000004
0.9985550739135267 0.20937188434695914 44.92 5.25 0.7600000000000005
0.9985550739135267 0.19940179461615154 44.92 5.0 0.7700000000000005
0.9984439257530288 0.1914257228315055 44.915 4.8 0.7800000000000005
0.9982216294320329 0.18245264207377868 44.905 4.575 0.7900000000000005
0.9982216294320329 0.1794616151545364 44.905 4.5 0.8000000000000005
0.9978881849505391 0.17347956131605186 44.89 4.35 0.8100000000000005
0.9975547404690452 0.17048853439680958 44.875 4.275 0.8200000000000005
0.9965544070245638 0.16450648055832504 44.83 4.125 0.8300000000000005
0.9947760364565966 0.1585244267198405 44.75 3.975 0.8400000000000005
0.9923307769256419 0.15254237288135594 44.64 3.825 0.8500000000000005
0.9898855173946871 0.1365902293120638 44.53 3.425 0.8600000000000005
0.982216294320329 0.11864406779661017 44.185 2.975 0.8700000000000006
0.974324774924975 0.10069790628115653 43.83 2.525 0.8800000000000006
0.9610981438257197 0.08873379860418744 43.235 2.225 0.8900000000000006
0.9494275869734355 0.06281156530408774 42.71 1.575 0.9000000000000006
0.9378681782816495 0.03988035892323031 42.19 1.0 0.9100000000000006
0.9298655107257975 0.020937188434695914 41.83 0.525 0.9200000000000006
0.9204179170834723 0.010967098703888335 41.405 0.275 0.9300000000000006
0.9119706568856285 0.004985044865403789 41.025 0.125 0.9400000000000006
0.9019673224408136 0.0029910269192422734 40.575 0.075 0.9500000000000006
0.8906302100700233 0.0 40.065 0.0 0.9600000000000006
0.8758475047237968 0.0 39.4 0.0 0.9700000000000006
0.8451706124263644 0.0 38.02 0.0 0.9800000000000006
0.756807824830499 0.0 34.045 0.0 0.9900000000000007
0.0 0.0 0.0 0.0
