0.0 0.8973080757726819 0.0 20.0 0.0
0.0 0.8973080757726819 0.0 20.0 0.01
0.0 0.8973080757726819 0.0 20.0 0.02
0.0 0.8973080757726819 0.0 20.0 0.03
0.0 0.8973080757726819 0.0 20.0 0.04
0.0 0.8973080757726819 0.0 20.0 0.05
0.0 0.8973080757726819 0.0 20.0 0.060000000000000005
0.0 0.8973080757726819 0.0 20.0 0.07
0.0 0.8973080757726819 0.0 20.0 0.08
0.0 0.8973080757726819 0.0 20.0 0.09
0.0 0.8973080757726819 0.0 20.0 0.09999999999999999
0.0 0.8973080757726819 0.0 20.0 0.10999999999999999
0.0 0.8973080757726819 0.0 20.0 0.11999999999999998
0.0 0.8973080757726819 0.0 20.0 0.12999999999999998
0.0 0.8973080757726819 0.0 20.0 0.13999999999999999
0.0 0.8973080757726819 0.0 20.0 0.15
0.0 0.8973080757726819 0.0 20.0 0.16
0.0 0.8973080757726819 0.0 20.0 0.17
0.0 0.8973080757726819 0.0 20.0 0.18000000000000002
0.0 0.8973080757726819 0.0 20.0 0.19000000000000003
0.0 0.8973080757726819 0.0 20.0 0.20000000000000004
0.0 0.8973080757726819 0.0 20.0 0.21000000000000005
0.0 0.8973080757726819 0.0 20.0 0.22000000000000006
0.0 0.8973080757726819 0.0 20.0 0.23000000000000007
0.0 0.8973080757726819 0.0 20.0 0.24000000000000007
0.0 0.8973080757726819 0.0 20.0 0.25000000000000006
0.0 0.8973080757726819 0.0 20.0 0.26000000000000006
0.0 0.8973080757726819 0.0 20.0 0.2700000000000001
0.0 0.8973080757726819 0.0 20.0 0.2800000000000001
0.0 0.8973080757726819 0.0 20.0 0.2900000000000001
0.0 0.8973080757726819 0.0 20.0 0.3000000000000001
0.0 0.8973080757726819 0.0 20.0 0.3100000000000001
0.0 0.8973080757726819 0.0 20.0 0.3200000000000001
0.0 0.8973080757726819 0.0 20.0 0.3300000000000001
0.0 0.8973080757726819 0.0 20.0 0.34000000000000014
0.0 0.8963110667996012 0.0 19.977777777777778 0.35000000000000014
0.0 0.8963110667996012 0.0 19.977777777777778 0.36000000000000015
0.0 0.8963110667996012 0.0 19.977777777777778 0.37000000000000016
0.0 0.8963110667996012 0.0 19.977777777777778 0.38000000000000017
0.0 0.8963110667996012 0.0 19.977777777777778 0.3900000000000002
0.0 0.8963110667996012 0.0 19.977777777777778 0.4000000000000002
0.0 0.8963110667996012 0.0 19.977777777777778 0.4100000000000002
0.0 0.8963110667996012 0.0 19.977777777777778 0.4200000000000002
0.0 0.8963110667996012 0.0 19.977777777777778 0.4300000000000002
0.0 0.8963110667996012 0.0 19.977777777777778 0.4400000000000002
0.0 0.8943170488534397 0.0 19.933333333333334 0.45000000000000023
0.0 0.8943170488534397 0.0 19.933333333333334 0.46000000000000024
0.0 0.8943170488534397 0.0 19.933333333333334 0.47000000000000025
0.0 0.8933200398803589 0.0 19.91111111111111 0.48000000000000026
0.0 0.8933200398803589 0.0 19.91111111111111 0.49000000000000027
0.0 0.8933200398803589 0.0 19.91111111111111 0.5000000000000002
0.0 0.8923230309072782 0.0 19.88888888888889 0.5100000000000002
0.0 0.8913260219341974 0.0 19.866666666666667 0.5200000000000002
0.0 0.8913260219341974 0.0 19.866666666666667 0.5300000000000002
0.0 0.8913260219341974 0.0 19.866666666666667 0.5400000000000003
0.0 0.8913260219341974 0.0 19.866666666666667 0.5500000000000003
0.0 0.8893320039880359 0.0 19.822222222222223 0.5600000000000003
0.0 0.8893320039880359 0.0 19.822222222222223 0.5700000000000003
0.0 0.8883349950149552 0.0 19.8 0.5800000000000003
0.0 0.8883349950149552 0.0 19.8 0.5900000000000003
0.0 0.8883349950149552 0.0 19.8 0.6000000000000003
0.0 0.8873379860418744 0.0 19.77777777777778 0.6100000000000003
0.0 0.8853439680957128 0.0 19.733333333333334 0.6200000000000003
0.0 0.8853439680957128 0.0 19.733333333333334 0.6300000000000003
0.0 0.8853439680957128 0.0 19.733333333333334 0.6400000000000003
0.0 0.8853439680957128 0.0 19.733333333333334 0.6500000000000004
0.0 0.8853439680957128 0.0 19.733333333333334 0.6600000000000004
0.0 0.8853439680957128 0.0 19.733333333333334 0.6700000000000004
0.0 0.8853439680957128 0.0 19.733333333333334 0.6800000000000004
0.0 0.8843469591226321 0.0 19.711111111111112 0.6900000000000004
0.0 0.8843469591226321 0.0 19.711111111111112 0.7000000000000004
0.0 0.8843469591226321 0.0 19.711111111111112 0.7100000000000004
0.0 0.8813559322033898 0.0 19.644444444444446 0.7200000000000004
0.0 0.8813559322033898 0.0 19.644444444444446 0.7300000000000004
0.0 0.8813559322033898 0.0 19.644444444444446 0.7400000000000004
0.0 0.8803589232303091 0.0 19.622222222222224 0.7500000000000004
0.0 0.8793619142572283 0.0 19.6 0.7600000000000005
0.0 0.8793619142572283 0.0 19.6 0.7700000000000005
0.0 0.8793619142572283 0.0 19.6 0.7800000000000005
0.0 0.8793619142572283 0.0 19.6 0.7900000000000005
0.0 0.8773678963110668 0.0 19.555555555555557 0.8000000000000005
0.0 0.8753738783649053 0.0 19.511111111111113 0.8100000000000005
0.0 0.8743768693918246 0.0 19.488888888888887 0.8200000000000005
0.0 0.8733798604187437 0.0 19.466666666666665 0.8300000000000005
0.0 0.8733798604187437 0.0 19.466666666666665 0.8400000000000005
0.0 0.8703888334995015 0.0 19.4 0.8500000000000005
0.0 0.8703888334995015 0.0 19.4 0.8600000000000005
0.0 0.8673978065802592 0.0 19.333333333333332 0.8700000000000006
0.0 0.8634097706879362 0.0 19.244444444444444 0.8800000000000006
0.0 0.8604187437686939 0.0 19.177777777777777 0.8900000000000006
0.0 0.8594217347956131 0.0 19.155555555555555 0.9000000000000006
0.0 0.8584247258225324 0.0 19.133333333333333 0.9100000000000006
0.0 0.8534396809571286 0.0 19.022222222222222 0.9200000000000006
0.0 0.843469591226321 0.0 18.8 0.9300000000000006
0.0 0.8344965104685942 0.0 18.6 0.9400000000000006
0.0 0.8155533399800599 0.0 18.177777777777777 0.9500000000000006
0.0 0.7936191425722832 0.0 17.68888888888889 0.9600000000000006
0.0 0.7457627118644068 0.0 16.622222222222224 0.9700000000000006
0.0 0.6729810568295115 0.0 15.0 0.9800000000000006
0.0 0.5772681954137587 0.0 12.866666666666667 0.9900000000000007
0.0 0.0 0.0 0.0
