1.0 1.0 11.24625 22.288888888888888 0.0
1.0 0.3728813559322034 11.24625 8.311111111111112 0.01
1.0 0.21834496510468593 11.24625 4.866666666666666 0.02
1.0 0.17248255234297108 11.24625 3.8444444444444446 0.03
1.0 0.15054835493519442 11.24625 3.3555555555555556 0.04
1.0 0.13359920239282153 11.24625 2.977777777777778 0.05
1.0 0.10269192422731804 11.24625 2.2888888888888888 0.060000000000000005
1.0 0.10269192422731804 11.24625 2.2888888888888888 0.07
1.0 0.09770687936191426 11.24625 2.1777777777777776 0.08
1.0 0.09172482552342971 11.24625 2.0444444444444443 0.09
1.0 0.07876370887337986 11.24625 1.7555555555555555 0.09999999999999999
1.0 0.07676969092721835 11.24625 1.711111111111111 0.10999999999999999
1.0 0.06979062811565304 11.24625 1.5555555555555556 0.11999999999999998
1.0 0.06380857427716849 11.24625 1.4222222222222223 0.12999999999999998
1.0 0.06081754735792622 11.24625 1.3555555555555556 0.13999999999999999
1.0 0.05782652043868395 11.24625 1.288888888888889 0.15
1.0 0.05284147557328016 11.24625 1.1777777777777778 0.16
1.0 0.05084745762711865 11.24625 1.1333333333333333 0.17
1.0 0.038883349950149554 11.24625 0.8666666666666667 0.18000000000000002
1.0 0.036889332003988036 11.24625 0.8222222222222222 0.19000000000000003
1.0 0.03589232303090728 11.24625 0.8 0.20000000000000004
1.0 0.03389830508474576 11.24625 0.7555555555555555 0.21000000000000005
1.0 0.03389830508474576 11.24625 0.7555555555555555 0.22000000000000006
1.0 0.03090727816550349 11.24625 0.6888888888888889 0.23000000000000007
1.0 0.02991026919242273 11.24625 0.6666666666666666 0.24000000000000007
1.0 0.027916251246261216 11.24625 0.6222222222222222 0.25000000000000006
1.0 0.023928215353938187 11.24625 0.5333333333333333 0.26000000000000006
1.0 0.023928215353938187 11.24625 0.5333333333333333 0.2700000000000001
1.0 0.023928215353938187 11.24625 0.5333333333333333 0.2800000000000001
1.0 0.02193419740777667 11.24625 0.4888888888888889 0.2900000000000001
1.0 0.020937188434695914 11.24625 0.4666666666666667 0.3000000000000001
1.0 0.018943170488534396 11.24625 0.4222222222222222 0.3100000000000001
1.0 0.01794616151545364 11.24625 0.4 0.3200000000000001
1.0 0.013958125623130608 11.24625 0.3111111111111111 0.3300000000000001
1.0 0.013958125623130608 11.24625 0.3111111111111111 0.34000000000000014
1.0 0.013958125623130608 11.24625 0.3111111111111111 0.35000000000000014
1.0 0.011964107676969093 11.24625 0.26666666666666666 0.36000000000000015
1.0 0.00897308075772682 11.24625 0.2 0.37000000000000016
1.0 0.00897308075772682 11.24625 0.2 0.38000000000000017
1.0 0.00897308075772682 11.24625 0.2 0.3900000000000002
1.0 0.007976071784646061 11.24625 0.17777777777777778 0.4000000000000002
1.0 0.006979062811565304 11.24625 0.15555555555555556 0.4100000000000002
1.0 0.006979062811565304 11.24625 0.15555555555555556 0.4200000000000002
1.0 0.005982053838484547 11.24625 0.13333333333333333 0.4300000000000002
1.0 0.005982053838484547 11.24625 0.13333333333333333 0.4400000000000002
1.0 0.005982053838484547 11.24625 0.13333333333333333 0.45000000000000023
1.0 0.005982053838484547 11.24625 0.13333333333333333 0.46000000000000024
1.0 0.004985044865403789 11.24625 0.1111111111111111 0.47000000000000025
1.0 0.003988035892323031 11.24625 0.08888888888888889 0.48000000000000026
1.0 0.003988035892323031 11.24625 0.08888888888888889 0.49000000000000027
1.0 0.003988035892323031 11.24625 0.08888888888888889 0.5000000000000002
1.0 0.003988035892323031 11.24625 0.08888888888888889 0.5100000000000002
1.0 0.003988035892323031 11.24625 0.08888888888888889 0.5200000000000002
1.0 0.003988035892323031 11.24625 0.08888888888888889 0.5300000000000002
1.0 0.003988035892323031 11.24625 0.08888888888888889 0.5400000000000003
1.0 0.003988035892323031 11.24625 0.08888888888888889 0.5500000000000003
1.0 0.003988035892323031 11.24625 0.08888888888888889 0.5600000000000003
1.0 0.003988035892323031 11.24625 0.08888888888888889 0.5700000000000003
1.0 0.0029910269192422734 11.24625 0.06666666666666667 0.5800000000000003
1.0 0.0029910269192422734 11.24625 0.06666666666666667 0.5900000000000003
1.0 0.0029910269192422734 11.24625 0.06666666666666667 0.6000000000000003
1.0 0.0029910269192422734 11.24625 0.06666666666666667 0.6100000000000003
1.0 0.0029910269192422734 11.24625 0.06666666666666667 0.6200000000000003
1.0 0.0029910269192422734 11.24625 0.06666666666666667 0.6300000000000003
1.0 0.0029910269192422734 11.24625 0.06666666666666667 0.6400000000000003
1.0 0.0019940179461615153 11.24625 0.044444444444444446 0.6500000000000004
1.0 0.0019940179461615153 11.24625 0.044444444444444446 0.6600000000000004
1.0 0.0019940179461615153 11.24625 0.044444444444444446 0.6700000000000004
1.0 0.0019940179461615153 11.24625 0.044444444444444446 0.6800000000000004
1.0 0.0019940179461615153 11.24625 0.044444444444444446 0.6900000000000004
1.0 9.970089730807576E-4 11.24625 0.022222222222222223 0.7000000000000004
1.0 9.970089730807576E-4 11.24625 0.022222222222222223 0.7100000000000004
1.0 9.970089730807576E-4 11.24625 0.022222222222222223 0.7200000000000004
1.0 9.970089730807576E-4 11.24625 0.022222222222222223 0.7300000000000004
1.0 9.970089730807576E-4 11.24625 0.022222222222222223 0.7400000000000004
1.0 9.970089730807576E-4 11.24625 0.022222222222222223 0.7500000000000004
1.0 9.970089730807576E-4 11.24625 0.022222222222222223 0.7600000000000005
1.0 9.970089730807576E-4 11.24625 0.022222222222222223 0.7700000000000005
1.0 9.970089730807576E-4 11.24625 0.022222222222222223 0.7800000000000005
1.0 9.970089730807576E-4 11.24625 0.022222222222222223 0.7900000000000005
1.0 9.970089730807576E-4 11.24625 0.022222222222222223 0.8000000000000005
1.0 9.970089730807576E-4 11.24625 0.022222222222222223 0.8100000000000005
1.0 9.970089730807576E-4 11.24625 0.022222222222222223 0.8200000000000005
1.0 9.970089730807576E-4 11.24625 0.022222222222222223 0.8300000000000005
1.0 9.970089730807576E-4 11.24625 0.022222222222222223 0.8400000000000005
1.0 9.970089730807576E-4 11.24625 0.022222222222222223 0.8500000000000005
1.0 0.0 11.24625 0.0 0.8600000000000005
1.0 0.0 11.24625 0.0 0.8700000000000006
1.0 0.0 11.24625 0.0 0.8800000000000006
1.0 0.0 11.24625 0.0 0.8900000000000006
1.0 0.0 11.24625 0.0 0.9000000000000006
1.0 0.0 11.24625 0.0 0.9100000000000006
1.0 0.0 11.24625 0.0 0.9200000000000006
1.0 0.0 11.24625 0.0 0.9300000000000006
1.0 0.0 11.24625 0.0 0.9400000000000006
1.0 0.0 11.24625 0.0 0.9500000000000006
1.0 0.0 11.24625 0.0 0.9600000000000006
1.0 0.0 11.24625 0.0 0.9700000000000006
0.999888851839502 0.0 11.245 0.0 0.9800000000000006
0.9992219628765144 0.0 11.2375 0.0 0.9900000000000007
0.0 0.0 0.0 0.0
