1.0 1.0 11.24625 50.15 0.0
1.0 0.4546360917248255 11.24625 22.8 0.01
1.0 0.28614157527417744 11.24625 14.35 0.02
1.0 0.22931206380857427 11.24625 11.5 0.03
1.0 0.18943170488534397 11.24625 9.5 0.04
1.0 0.16849451645064806 11.24625 8.45 0.05
1.0 0.13260219341974078 11.24625 6.65 0.060000000000000005
1.0 0.13260219341974078 11.24625 6.65 0.07
1.0 0.12462612163509472 11.24625 6.25 0.08
1.0 0.11166500498504486 11.24625 5.6 0.09
1.0 0.10568295114656032 11.24625 5.3 0.09999999999999999
1.0 0.09471585244267199 11.24625 4.75 0.10999999999999999
1.0 0.08773678963110668 11.24625 4.4 0.11999999999999998
1.0 0.08275174476570289 11.24625 4.15 0.12999999999999998
1.0 0.07776669990029911 11.24625 3.9 0.13999999999999999
1.0 0.07278165503489531 11.24625 3.65 0.15
1.0 0.06979062811565304 11.24625 3.5 0.16
1.0 0.06480558325024925 11.24625 3.25 0.17
1.0 0.058823529411764705 11.24625 2.95 0.18000000000000002
1.0 0.053838484546360914 11.24625 2.7 0.19000000000000003
1.0 0.05284147557328016 11.24625 2.65 0.20000000000000004
1.0 0.047856430707876374 11.24625 2.4 0.21000000000000005
1.0 0.04685942173479561 11.24625 2.35 0.22000000000000006
1.0 0.0448654037886341 11.24625 2.25 0.23000000000000007
1.0 0.04287138584247258 11.24625 2.15 0.24000000000000007
1.0 0.040877367896311065 11.24625 2.05 0.25000000000000006
1.0 0.03988035892323031 11.24625 2.0 0.26000000000000006
1.0 0.03788634097706879 11.24625 1.9 0.2700000000000001
1.0 0.036889332003988036 11.24625 1.85 0.2800000000000001
1.0 0.03589232303090728 11.24625 1.8 0.2900000000000001
1.0 0.03489531405782652 11.24625 1.75 0.3000000000000001
1.0 0.03389830508474576 11.24625 1.7 0.3100000000000001
1.0 0.02991026919242273 11.24625 1.5 0.3200000000000001
1.0 0.027916251246261216 11.24625 1.4 0.3300000000000001
1.0 0.023928215353938187 11.24625 1.2 0.34000000000000014
1.0 0.02193419740777667 11.24625 1.1 0.35000000000000014
1.0 0.020937188434695914 11.24625 1.05 0.36000000000000015
1.0 0.019940179461615155 11.24625 1.0 0.37000000000000016
1.0 0.01794616151545364 11.24625 0.9 0.38000000000000017
1.0 0.014955134596211365 11.24625 0.75 0.3900000000000002
1.0 0.014955134596211365 11.24625 0.75 0.4000000000000002
0.999888851839502 0.013958125623130608 11.245 0.7 0.4100000000000002
0.999888851839502 0.01296111665004985 11.245 0.65 0.4200000000000002
0.999888851839502 0.01296111665004985 11.245 0.65 0.4300000000000002
0.999888851839502 0.011964107676969093 11.245 0.6 0.4400000000000002
0.999888851839502 0.011964107676969093 11.245 0.6 0.45000000000000023
0.999888851839502 0.010967098703888335 11.245 0.55 0.46000000000000024
0.999888851839502 0.010967098703888335 11.245 0.55 0.47000000000000025
0.999888851839502 0.010967098703888335 11.245 0.55 0.48000000000000026
0.999888851839502 0.010967098703888335 11.245 0.55 0.49000000000000027
0.9997777036790041 0.010967098703888335 11.24375 0.55 0.5000000000000002
0.9997777036790041 0.010967098703888335 11.24375 0.55 0.5100000000000002
0.9997777036790041 0.010967098703888335 11.24375 0.55 0.5200000000000002
0.9997777036790041 0.010967098703888335 11.24375 0.55 0.5300000000000002
0.9997777036790041 0.009970089730807577 11.24375 0.5 0.5400000000000003
0.9997777036790041 0.009970089730807577 11.24375 0.5 0.5500000000000003
0.9997777036790041 0.00897308075772682 11.24375 0.45 0.5600000000000003
0.9997777036790041 0.00897308075772682 11.24375 0.45 0.5700000000000003
0.9997777036790041 0.00897308075772682 11.24375 0.45 0.5800000000000003
0.9997777036790041 0.007976071784646061 11.24375 0.4 0.5900000000000003
0.9997777036790041 0.007976071784646061 11.24375 0.4 0.6000000000000003
0.9996665555185061 0.007976071784646061 11.2425 0.4 0.6100000000000003
0.9996665555185061 0.007976071784646061 11.2425 0.4 0.6200000000000003
0.9996665555185061 0.007976071784646061 11.2425 0.4 0.6300000000000003
0.9996665555185061 0.006979062811565304 11.2425 0.35 0.6400000000000003
0.9996665555185061 0.006979062811565304 11.2425 0.35 0.6500000000000004
0.9996665555185061 0.006979062811565304 11.2425 0.35 0.6600000000000004
0.9996665555185061 0.005982053838484547 11.2425 0.3 0.6700000000000004
0.9996665555185061 0.005982053838484547 11.2425 0.3 0.6800000000000004
0.9996665555185061 0.004985044865403789 11.2425 0.25 0.6900000000000004
0.9996665555185061 0.004985044865403789 11.2425 0.25 0.7000000000000004
0.9996665555185061 0.004985044865403789 11.2425 0.25 0.7100000000000004
0.9996665555185061 0.004985044865403789 11.2425 0.25 0.7200000000000004
0.9996665555185061 0.004985044865403789 11.2425 0.25 0.7300000000000004
0.9996665555185061 0.004985044865403789 11.2425 0.25 0.7400000000000004
0.9996665555185061 0.004985044865403789 11.2425 0.25 0.7500000000000004
0.9996665555185061 0.004985044865403789 11.2425 0.25 0.7600000000000005
0.9996665555185061 0.003988035892323031 11.2425 0.2 0.7700000000000005
0.9996665555185061 0.003988035892323031 11.2425 0.2 0.7800000000000005
0.9996665555185061 0.003988035892323031 11.2425 0.2 0.7900000000000005
0.9996665555185061 0.003988035892323031 11.2425 0.2 0.8000000000000005
0.9996665555185061 0.003988035892323031 11.2425 0.2 0.8100000000000005
0.9996665555185061 0.003988035892323031 11.2425 0.2 0.8200000000000005
0.9996665555185061 0.003988035892323031 11.2425 0.2 0.8300000000000005
0.9996665555185061 0.0029910269192422734 11.2425 0.15 0.8400000000000005
0.9996665555185061 0.0019940179461615153 11.2425 0.1 0.8500000000000005
0.9996665555185061 9.970089730807576E-4 11.2425 0.05 0.8600000000000005
0.9996665555185061 9.970089730807576E-4 11.2425 0.05 0.8700000000000006
0.9996665555185061 9.970089730807576E-4 11.2425 0.05 0.8800000000000006
0.9995554073580082 0.0 11.24125 0.0 0.8900000000000006
0.9994442591975102 0.0 11.24 0.0 0.9000000000000006
0.9994442591975102 0.0 11.24 0.0 0.9100000000000006
0.9994442591975102 0.0 11.24 0.0 0.9200000000000006
0.9993331110370124 0.0 11.23875 0.0 0.9300000000000006
0.9993331110370124 0.0 11.23875 0.0 0.9400000000000006
0.9991108147160165 0.0 11.23625 0.0 0.9500000000000006
0.9989996665555185 0.0 11.235 0.0 0.9600000000000006
0.9989996665555185 0.0 11.235 0.0 0.9700000000000006
0.9984439257530288 0.0 11.22875 0.0 0.9800000000000006
0.9971101478270534 0.0 11.21375 0.0 0.9900000000000007
0.0 0.0 0.0 0.0
