1.0 1.0 22.4925 Infinity 0.0
1.0 0.9361914257228315 22.4925 Infinity 0.01
1.0 0.8664007976071785 22.4925 Infinity 0.02
1.0 0.8265204386839482 22.4925 Infinity 0.03
1.0 0.7886340977068793 22.4925 Infinity 0.04
1.0 0.7577268195413759 22.4925 Infinity 0.05
1.0 0.7088733798604188 22.4925 Infinity 0.060000000000000005
1.0 0.7088733798604188 22.4925 Infinity 0.07
1.0 0.678963110667996 22.4925 Infinity 0.08
1.0 0.6620139581256231 22.4925 Infinity 0.09
1.0 0.6480558325024925 22.4925 Infinity 0.09999999999999999
1.0 0.6370887337986042 22.4925 Infinity 0.10999999999999999
1.0 0.6211365902293121 22.4925 Infinity 0.11999999999999998
1.0 0.6061814556331007 22.4925 Infinity 0.12999999999999998
1.0 0.5872382851445663 22.4925 Infinity 0.13999999999999999
1.0 0.5732801595214357 22.4925 Infinity 0.15
1.0 0.5543369890329013 22.4925 Infinity 0.16
1.0 0.5463609172482552 22.4925 Infinity 0.17
1.0 0.4965104685942173 22.4925 Infinity 0.18000000000000002
1.0 0.4785643070787637 22.4925 Infinity 0.19000000000000003
1.0 0.46360917248255235 22.4925 Infinity 0.20000000000000004
1.0 0.4456630109670987 22.4925 Infinity 0.21000000000000005
1.0 0.4336989032901296 22.4925 Infinity 0.22000000000000006
1.0 0.42073778664007977 22.4925 Infinity 0.23000000000000007
1.0 0.4147557328015952 22.4925 Infinity 0.24000000000000007
1.0 0.4067796610169492 22.4925 Infinity 0.25000000000000006
1.0 0.40079760717846463 22.4925 Infinity 0.26000000000000006
1.0 0.3968095712861416 22.4925 Infinity 0.2700000000000001
1.0 0.3938185443668993 22.4925 Infinity 0.2800000000000001
1.0 0.39282153539381853 22.4925 Infinity 0.2900000000000001
1.0 0.38584247258225324 22.4925 Infinity 0.3000000000000001
1.0 0.38584247258225324 22.4925 Infinity 0.3100000000000001
1.0 0.3798604187437687 22.4925 Infinity 0.3200000000000001
1.0 0.36889332003988035 22.4925 Infinity 0.3300000000000001
1.0 0.3629112662013958 22.4925 Infinity 0.34000000000000014
1.0 0.35493519441674976 22.4925 Infinity 0.35000000000000014
1.0 0.34795613160518446 22.4925 Infinity 0.36000000000000015
1.0 0.3369890329012961 22.4925 Infinity 0.37000000000000016
1.0 0.32602193419740777 22.4925 Infinity 0.38000000000000017
1.0 0.3220338983050847 22.4925 Infinity 0.3900000000000002
1.0 0.31106679960119643 22.4925 Infinity 0.4000000000000002
1.0 0.2951146560319043 22.4925 Infinity 0.4100000000000002
1.0 0.28015952143569295 22.4925 Infinity 0.4200000000000002
1.0 0.2711864406779661 22.4925 Infinity 0.4300000000000002
1.0 0.26021934197407776 22.4925 Infinity 0.4400000000000002
1.0 0.2542372881355932 22.4925 Infinity 0.45000000000000023
1.0 0.24227318045862412 22.4925 Infinity 0.46000000000000024
1.0 0.2313060817547358 22.4925 Infinity 0.47000000000000025
1.0 0.2193419740777667 22.4925 Infinity 0.48000000000000026
1.0 0.21734795613160518 22.4925 Infinity 0.49000000000000027
1.0 0.21335992023928216 22.4925 Infinity 0.5000000000000002
1.0 0.2073778664007976 22.4925 Infinity 0.5100000000000002
1.0 0.2023928215353938 22.4925 Infinity 0.5200000000000002
1.0 0.19940179461615154 22.4925 Infinity 0.5300000000000002
1.0 0.1984047856430708 22.4925 Infinity 0.5400000000000003
1.0 0.19740777666999004 22.4925 Infinity 0.5500000000000003
1.0 0.19641076769690927 22.4925 Infinity 0.5600000000000003
1.0 0.19541375872382852 22.4925 Infinity 0.5700000000000003
1.0 0.19242273180458624 22.4925 Infinity 0.5800000000000003
1.0 0.18943170488534397 22.4925 Infinity 0.5900000000000003
1.0 0.18943170488534397 22.4925 Infinity 0.6000000000000003
1.0 0.18843469591226322 22.4925 Infinity 0.6100000000000003
1.0 0.18444666001994017 22.4925 Infinity 0.6200000000000003
1.0 0.18444666001994017 22.4925 Infinity 0.6300000000000003
1.0 0.17846460618145563 22.4925 Infinity 0.6400000000000003
1.0 0.17248255234297108 22.4925 Infinity 0.6500000000000004
1.0 0.16450648055832504 22.4925 Infinity 0.6600000000000004
1.0 0.15653040877367896 22.4925 Infinity 0.6700000000000004
1.0 0.1485543369890329 22.4925 Infinity 0.6800000000000004
1.0 0.14456630109670987 22.4925 Infinity 0.6900000000000004
1.0 0.1345962113659023 22.4925 Infinity 0.7000000000000004
1.0 0.12362911266201396 22.4925 Infinity 0.7100000000000004
1.0 0.10667996011964108 22.4925 Infinity 0.7200000000000004
1.0 0.09571286141575275 22.4925 Infinity 0.7300000000000004
1.0 0.08773678963110668 22.4925 Infinity 0.7400000000000004
1.0 0.07776669990029911 22.4925 Infinity 0.7500000000000004
1.0 0.07278165503489531 22.4925 Infinity 0.7600000000000005
1.0 0.06779661016949153 22.4925 Infinity 0.7700000000000005
1.0 0.06380857427716849 22.4925 Infinity 0.7800000000000005
0.999888851839502 0.06081754735792622 22.49 Infinity 0.7900000000000005
0.9997777036790041 0.05782652043868395 22.4875 Infinity 0.8000000000000005
0.9996665555185061 0.054835493519441676 22.485 Infinity 0.8100000000000005
0.9995554073580082 0.05284147557328016 22.4825 Infinity 0.8200000000000005
0.9995554073580082 0.05084745762711865 22.4825 Infinity 0.8300000000000005
0.9991108147160165 0.04885343968095713 22.4725 Infinity 0.8400000000000005
0.9988885183950206 0.047856430707876374 22.4675 Infinity 0.8500000000000005
0.9978881849505391 0.045862412761714856 22.445 Infinity 0.8600000000000005
0.995887518061576 0.040877367896311065 22.4 Infinity 0.8700000000000006
0.9934422585306213 0.03290129611166501 22.345 Infinity 0.8800000000000006
0.9909969989996665 0.02991026919242273 22.29 Infinity 0.8900000000000006
0.9877737023452262 0.022931206380857428 22.2175 Infinity 0.9000000000000006
0.9845504056907858 0.01794616151545364 22.145 Infinity 0.9100000000000006
0.9812159608758475 0.010967098703888335 22.07 Infinity 0.9200000000000006
0.978103812381905 0.005982053838484547 22.0 Infinity 0.9300000000000006
0.9754362565299545 0.003988035892323031 21.94 Infinity 0.9400000000000006
0.9734355896409914 0.0 21.895 NaN 0.9500000000000006
0.970434589307547 0.0 21.8275 NaN 0.9600000000000006
0.9669889963321107 0.0 21.75 NaN 0.9700000000000006
0.9559853284428143 0.0 21.5025 NaN 0.9800000000000006
0.9171946204290319 0.0 20.63 NaN 0.9900000000000007
0.0 0.0 0.0 0.0
