0.0 0.8973080757726819 0.0 20.0 0.0
0.0 0.8584247258225324 0.0 19.133333333333333 0.01
0.0 0.8045862412761715 0.0 17.933333333333334 0.02
0.0 0.7896311066799602 0.0 17.6 0.03
0.0 0.7676969092721835 0.0 17.11111111111111 0.04
0.0 0.7537387836490529 0.0 16.8 0.05
0.0 0.7208374875373879 0.0 16.066666666666666 0.060000000000000005
0.0 0.7208374875373879 0.0 16.066666666666666 0.07
0.0 0.7038883349950149 0.0 15.688888888888888 0.08
0.0 0.6919242273180458 0.0 15.422222222222222 0.09
0.0 0.6839481555333998 0.0 15.244444444444444 0.09999999999999999
0.0 0.6799601196410767 0.0 15.155555555555555 0.10999999999999999
0.0 0.6739780658025922 0.0 15.022222222222222 0.11999999999999998
0.0 0.67098703888335 0.0 14.955555555555556 0.12999999999999998
0.0 0.6630109670987039 0.0 14.777777777777779 0.13999999999999999
0.0 0.6590229312063809 0.0 14.688888888888888 0.15
0.0 0.650049850448654 0.0 14.488888888888889 0.16
0.0 0.6430707876370887 0.0 14.333333333333334 0.17
0.0 0.6321036889332003 0.0 14.088888888888889 0.18000000000000002
0.0 0.6251246261216351 0.0 13.933333333333334 0.19000000000000003
0.0 0.6211365902293121 0.0 13.844444444444445 0.20000000000000004
0.0 0.613160518444666 0.0 13.666666666666666 0.21000000000000005
0.0 0.6101694915254238 0.0 13.6 0.22000000000000006
0.0 0.6031904287138584 0.0 13.444444444444445 0.23000000000000007
0.0 0.6021934197407777 0.0 13.422222222222222 0.24000000000000007
0.0 0.5962113659022931 0.0 13.28888888888889 0.25000000000000006
0.0 0.5892323030907278 0.0 13.133333333333333 0.26000000000000006
0.0 0.580259222333001 0.0 12.933333333333334 0.2700000000000001
0.0 0.5752741774675972 0.0 12.822222222222223 0.2800000000000001
0.0 0.5672981056829511 0.0 12.644444444444444 0.2900000000000001
0.0 0.5633100697906281 0.0 12.555555555555555 0.3000000000000001
0.0 0.5613160518444666 0.0 12.511111111111111 0.3100000000000001
0.0 0.5583250249252243 0.0 12.444444444444445 0.3200000000000001
0.0 0.5543369890329013 0.0 12.355555555555556 0.3300000000000001
0.0 0.5503489531405783 0.0 12.266666666666667 0.34000000000000014
0.0 0.5473579262213359 0.0 12.2 0.35000000000000014
0.0 0.5453639082751744 0.0 12.155555555555555 0.36000000000000015
0.0 0.53938185443669 0.0 12.022222222222222 0.37000000000000016
0.0 0.5373878364905285 0.0 11.977777777777778 0.38000000000000017
0.0 0.5333998005982054 0.0 11.88888888888889 0.3900000000000002
0.0 0.5314057826520439 0.0 11.844444444444445 0.4000000000000002
0.0 0.5264207377866401 0.0 11.733333333333333 0.4100000000000002
0.0 0.518444666001994 0.0 11.555555555555555 0.4200000000000002
0.0 0.5164506480558325 0.0 11.511111111111111 0.4300000000000002
0.0 0.514456630109671 0.0 11.466666666666667 0.4400000000000002
0.0 0.5094715852442672 0.0 11.355555555555556 0.45000000000000023
0.0 0.5064805583250249 0.0 11.28888888888889 0.46000000000000024
0.0 0.5054835493519442 0.0 11.266666666666667 0.47000000000000025
0.0 0.5044865403788634 0.0 11.244444444444444 0.48000000000000026
0.0 0.4985044865403789 0.0 11.11111111111111 0.49000000000000027
0.0 0.4905284147557328 0.0 10.933333333333334 0.5000000000000002
0.0 0.48753738783649053 0.0 10.866666666666667 0.5100000000000002
0.0 0.47756729810568294 0.0 10.644444444444444 0.5200000000000002
0.0 0.4715852442671984 0.0 10.511111111111111 0.5300000000000002
0.0 0.46560319042871384 0.0 10.377777777777778 0.5400000000000003
0.0 0.4626121635094716 0.0 10.311111111111112 0.5500000000000003
0.0 0.45663010967098705 0.0 10.177777777777777 0.5600000000000003
0.0 0.452642073778664 0.0 10.088888888888889 0.5700000000000003
0.0 0.45164506480558325 0.0 10.066666666666666 0.5800000000000003
0.0 0.4476570289132602 0.0 9.977777777777778 0.5900000000000003
0.0 0.4476570289132602 0.0 9.977777777777778 0.6000000000000003
0.0 0.43968095712861416 0.0 9.8 0.6100000000000003
0.0 0.43968095712861416 0.0 9.8 0.6200000000000003
0.0 0.4356929212362911 0.0 9.71111111111111 0.6300000000000003
0.0 0.42971086739780656 0.0 9.577777777777778 0.6400000000000003
0.0 0.4217347956131605 0.0 9.4 0.6500000000000004
0.0 0.4187437686939183 0.0 9.333333333333334 0.6600000000000004
0.0 0.4187437686939183 0.0 9.333333333333334 0.6700000000000004
0.0 0.4187437686939183 0.0 9.333333333333334 0.6800000000000004
0.0 0.4137587238285145 0.0 9.222222222222221 0.6900000000000004
0.0 0.4137587238285145 0.0 9.222222222222221 0.7000000000000004
0.0 0.4087736789631107 0.0 9.11111111111111 0.7100000000000004
0.0 0.4067796610169492 0.0 9.066666666666666 0.7200000000000004
0.0 0.39780658025922233 0.0 8.866666666666667 0.7300000000000004
0.0 0.3968095712861416 0.0 8.844444444444445 0.7400000000000004
0.0 0.3968095712861416 0.0 8.844444444444445 0.7500000000000004
0.0 0.3898305084745763 0.0 8.688888888888888 0.7600000000000005
0.0 0.382851445663011 0.0 8.533333333333333 0.7700000000000005
0.0 0.37587238285144564 0.0 8.377777777777778 0.7800000000000005
0.0 0.36889332003988035 0.0 8.222222222222221 0.7900000000000005
0.0 0.3678963110667996 0.0 8.2 0.8000000000000005
0.0 0.36490528414755735 0.0 8.133333333333333 0.8100000000000005
0.0 0.35992023928215355 0.0 8.022222222222222 0.8200000000000005
0.0 0.35294117647058826 0.0 7.866666666666666 0.8300000000000005
0.0 0.34795613160518446 0.0 7.7555555555555555 0.8400000000000005
0.0 0.3369890329012961 0.0 7.511111111111111 0.8500000000000005
0.0 0.3150548354935194 0.0 7.022222222222222 0.8600000000000005
0.0 0.3150548354935194 0.0 7.022222222222222 0.8700000000000006
0.0 0.3070787637088734 0.0 6.844444444444444 0.8800000000000006
0.0 0.3050847457627119 0.0 6.8 0.8900000000000006
0.0 0.29910269192422734 0.0 6.666666666666667 0.9000000000000006
0.0 0.2901296111665005 0.0 6.466666666666667 0.9100000000000006
0.0 0.28614157527417744 0.0 6.377777777777778 0.9200000000000006
0.0 0.28015952143569295 0.0 6.2444444444444445 0.9300000000000006
0.0 0.27218344965104685 0.0 6.066666666666666 0.9400000000000006
0.0 0.24426719840478564 0.0 5.444444444444445 0.9500000000000006
0.0 0.22233300099700898 0.0 4.955555555555556 0.9600000000000006
0.0 0.20638085742771686 0.0 4.6 0.9700000000000006
0.0 0.17148554336989033 0.0 3.8222222222222224 0.9800000000000006
0.0 0.11365902293120637 0.0 2.533333333333333 0.9900000000000007
0.0 0.0 0.0 0.0
