1.0 1.0 89.97 25.075 0.0
1.0 0.9990029910269193 89.97 25.05 0.01
1.0 0.9990029910269193 89.97 25.05 0.02
1.0 0.9990029910269193 89.97 25.05 0.03
1.0 0.9990029910269193 89.97 25.05 0.04
1.0 0.9990029910269193 89.97 25.05 0.05
1.0 0.9990029910269193 89.97 25.05 0.060000000000000005
1.0 0.9990029910269193 89.97 25.05 0.07
1.0 0.9990029910269193 89.97 25.05 0.08
1.0 0.9980059820538385 89.97 25.025 0.09
1.0 0.9970089730807578 89.97 25.0 0.09999999999999999
1.0 0.9970089730807578 89.97 25.0 0.10999999999999999
1.0 0.9970089730807578 89.97 25.0 0.11999999999999998
1.0 0.9970089730807578 89.97 25.0 0.12999999999999998
1.0 0.9970089730807578 89.97 25.0 0.13999999999999999
1.0 0.9970089730807578 89.97 25.0 0.15
1.0 0.9970089730807578 89.97 25.0 0.16
1.0 0.9970089730807578 89.97 25.0 0.17
1.0 0.9950149551345963 89.97 24.95 0.18000000000000002
1.0 0.9930209371884346 89.97 24.9 0.19000000000000003
1.0 0.9900299102691924 89.97 24.825 0.20000000000000004
1.0 0.9880358923230309 89.97 24.775 0.21000000000000005
1.0 0.9870388833499502 89.97 24.75 0.22000000000000006
1.0 0.9860418743768694 89.97 24.725 0.23000000000000007
1.0 0.9840478564307079 89.97 24.675 0.24000000000000007
1.0 0.9830508474576272 89.97 24.65 0.25000000000000006
1.0 0.9830508474576272 89.97 24.65 0.26000000000000006
1.0 0.9830508474576272 89.97 24.65 0.2700000000000001
1.0 0.9830508474576272 89.97 24.65 0.2800000000000001
1.0 0.9830508474576272 89.97 24.65 0.2900000000000001
1.0 0.9830508474576272 89.97 24.65 0.3000000000000001
1.0 0.9820538384845464 89.97 24.625 0.3100000000000001
1.0 0.9800598205383848 89.97 24.575 0.3200000000000001
1.0 0.9800598205383848 89.97 24.575 0.3300000000000001
1.0 0.9780658025922233 89.97 24.525 0.34000000000000014
1.0 0.9780658025922233 89.97 24.525 0.35000000000000014
1.0 0.9770687936191426 89.97 24.5 0.36000000000000015
1.0 0.9730807577268196 89.97 24.4 0.37000000000000016
1.0 0.9720837487537388 89.97 24.375 0.38000000000000017
1.0 0.9710867397806581 89.97 24.35 0.3900000000000002
1.0 0.9661016949152542 89.97 24.225 0.4000000000000002
1.0 0.9641076769690927 89.97 24.175 0.4100000000000002
1.0 0.9581256231306082 89.97 24.025 0.4200000000000002
1.0 0.9581256231306082 89.97 24.025 0.4300000000000002
1.0 0.9511465603190429 89.97 23.85 0.4400000000000002
1.0 0.9471585244267199 89.97 23.75 0.45000000000000023
1.0 0.9431704885343968 89.97 23.65 0.46000000000000024
1.0 0.938185443668993 89.97 23.525 0.47000000000000025
1.0 0.9371884346959123 89.97 23.5 0.48000000000000026
1.0 0.9361914257228315 89.97 23.475 0.49000000000000027
1.0 0.93419740777667 89.97 23.425 0.5000000000000002
1.0 0.93419740777667 89.97 23.425 0.5100000000000002
1.0 0.93419740777667 89.97 23.425 0.5200000000000002
1.0 0.9322033898305084 89.97 23.375 0.5300000000000002
1.0 0.9312063808574277 89.97 23.35 0.5400000000000003
1.0 0.9302093718843469 89.97 23.325 0.5500000000000003
1.0 0.9292123629112662 89.97 23.3 0.5600000000000003
1.0 0.9282153539381854 89.97 23.275 0.5700000000000003
1.0 0.9272183449651047 89.97 23.25 0.5800000000000003
1.0 0.9262213359920239 89.97 23.225 0.5900000000000003
1.0 0.9252243270189432 89.97 23.2 0.6000000000000003
1.0 0.9232303090727817 89.97 23.15 0.6100000000000003
1.0 0.9192422731804586 89.97 23.05 0.6200000000000003
1.0 0.9172482552342971 89.97 23.0 0.6300000000000003
1.0 0.9132602193419741 89.97 22.9 0.6400000000000003
1.0 0.9102691924227319 89.97 22.825 0.6500000000000004
1.0 0.9002991026919243 89.97 22.575 0.6600000000000004
1.0 0.8973080757726819 89.97 22.5 0.6700000000000004
1.0 0.8893320039880359 89.97 22.3 0.6800000000000004
1.0 0.8793619142572283 89.97 22.05 0.6900000000000004
1.0 0.8673978065802592 89.97 21.75 0.7000000000000004
1.0 0.8504486540378864 89.97 21.325 0.7100000000000004
1.0 0.8374875373878365 89.97 21.0 0.7200000000000004
1.0 0.8235294117647058 89.97 20.65 0.7300000000000004
1.0 0.8085742771684945 89.97 20.275 0.7400000000000004
1.0 0.7986041874376869 89.97 20.025 0.7500000000000004
1.0 0.7866400797607178 89.97 19.725 0.7600000000000005
1.0 0.7826520438683948 89.97 19.625 0.7700000000000005
0.999888851839502 0.7726819541375872 89.96 19.375 0.7800000000000005
0.9997777036790041 0.7666999002991027 89.95 19.225 0.7900000000000005
0.9991108147160165 0.7617148554336989 89.89 19.1 0.8000000000000005
0.9979993331110371 0.748753738783649 89.79 18.775 0.8100000000000005
0.996109814382572 0.7467597208374875 89.62 18.725 0.8200000000000005
0.9928865177281316 0.7387836490528414 89.33 18.525 0.8300000000000005
0.9857730354562632 0.7268195413758723 88.69 18.225 0.8400000000000005
0.9746582194064688 0.7178464606181456 87.69 18.0 0.8500000000000005
0.9602089585417362 0.6969092721834497 86.39 17.475 0.8600000000000005
0.9376458819606536 0.6660019940179461 84.36 16.7 0.8700000000000006
0.9083027675891964 0.6490528414755733 81.72 16.275 0.8800000000000006
0.869400911414916 0.6251246261216351 78.22 15.675 0.8900000000000006
0.826164276981216 0.5902293120638086 74.33 14.8 0.9000000000000006
0.7842614204734911 0.5443668993020937 70.56 13.65 0.9100000000000006
0.7468044903856841 0.5264207377866401 67.19 13.2 0.9200000000000006
0.7119039679893298 0.5094715852442672 64.05 12.775 0.9300000000000006
0.6801155940869179 0.4965104685942173 61.19 12.45 0.9400000000000006
0.652106257641436 0.48255234297108673 58.67 12.1 0.9500000000000006
0.6215405135045015 0.4556331006979063 55.92 11.425 0.9600000000000006
0.5817494720462376 0.4267198404785643 52.34 10.7 0.9700000000000006
0.5273980215627432 0.3748753738783649 47.45 9.4 0.9800000000000006
0.40402356341002554 0.2811565304087737 36.35 7.05 0.9900000000000007
0.0 0.0 0.0 0.0
