1.0 1.0 8.997 25.075 0.0
0.9985550739135267 0.25124626121635096 8.984 6.3 0.01
0.9983327775925308 0.12063808574277168 8.982 3.025 0.02
0.9983327775925308 0.08075772681954138 8.982 2.025 0.03
0.998110481271535 0.058823529411764705 8.98 1.475 0.04
0.9978881849505391 0.047856430707876374 8.978 1.2 0.05
0.9978881849505391 0.03389830508474576 8.978 0.85 0.060000000000000005
0.9978881849505391 0.03389830508474576 8.978 0.85 0.07
0.9978881849505391 0.028913260219341975 8.978 0.725 0.08
0.9978881849505391 0.0259222333000997 8.978 0.65 0.09
0.9978881849505391 0.023928215353938187 8.978 0.6 0.09999999999999999
0.9978881849505391 0.023928215353938187 8.978 0.6 0.10999999999999999
0.9978881849505391 0.022931206380857428 8.978 0.575 0.11999999999999998
0.9978881849505391 0.022931206380857428 8.978 0.575 0.12999999999999998
0.9978881849505391 0.022931206380857428 8.978 0.575 0.13999999999999999
0.9978881849505391 0.02193419740777667 8.978 0.55 0.15
0.9978881849505391 0.02193419740777667 8.978 0.55 0.16
0.9978881849505391 0.018943170488534396 8.978 0.475 0.17
0.9978881849505391 0.015952143569292122 8.978 0.4 0.18000000000000002
0.9978881849505391 0.01296111665004985 8.978 0.325 0.19000000000000003
0.9978881849505391 0.01296111665004985 8.978 0.325 0.20000000000000004
0.9978881849505391 0.010967098703888335 8.978 0.275 0.21000000000000005
0.9978881849505391 0.00897308075772682 8.978 0.225 0.22000000000000006
0.9977770367900411 0.00897308075772682 8.977 0.225 0.23000000000000007
0.9977770367900411 0.00897308075772682 8.977 0.225 0.24000000000000007
0.9977770367900411 0.00897308075772682 8.977 0.225 0.25000000000000006
0.9977770367900411 0.00897308075772682 8.977 0.225 0.26000000000000006
0.9977770367900411 0.00897308075772682 8.977 0.225 0.2700000000000001
0.9977770367900411 0.00897308075772682 8.977 0.225 0.2800000000000001
0.9977770367900411 0.00897308075772682 8.977 0.225 0.2900000000000001
0.9977770367900411 0.00897308075772682 8.977 0.225 0.3000000000000001
0.9977770367900411 0.007976071784646061 8.977 0.2 0.3100000000000001
0.9977770367900411 0.007976071784646061 8.977 0.2 0.3200000000000001
0.9977770367900411 0.007976071784646061 8.977 0.2 0.3300000000000001
0.9977770367900411 0.006979062811565304 8.977 0.175 0.34000000000000014
0.9977770367900411 0.006979062811565304 8.977 0.175 0.35000000000000014
0.9977770367900411 0.005982053838484547 8.977 0.15 0.36000000000000015
0.9977770367900411 0.004985044865403789 8.977 0.125 0.37000000000000016
0.9977770367900411 0.004985044865403789 8.977 0.125 0.38000000000000017
0.9977770367900411 0.004985044865403789 8.977 0.125 0.3900000000000002
0.9977770367900411 0.004985044865403789 8.977 0.125 0.4000000000000002
0.9977770367900411 0.004985044865403789 8.977 0.125 0.4100000000000002
0.9977770367900411 0.004985044865403789 8.977 0.125 0.4200000000000002
0.9977770367900411 0.004985044865403789 8.977 0.125 0.4300000000000002
0.9977770367900411 0.004985044865403789 8.977 0.125 0.4400000000000002
0.9977770367900411 0.004985044865403789 8.977 0.125 0.45000000000000023
0.9977770367900411 0.0029910269192422734 8.977 0.075 0.46000000000000024
0.9977770367900411 0.0019940179461615153 8.977 0.05 0.47000000000000025
0.9977770367900411 0.0019940179461615153 8.977 0.05 0.48000000000000026
0.9977770367900411 0.0019940179461615153 8.977 0.05 0.49000000000000027
0.9977770367900411 0.0019940179461615153 8.977 0.05 0.5000000000000002
0.9977770367900411 0.0019940179461615153 8.977 0.05 0.5100000000000002
0.9977770367900411 0.0019940179461615153 8.977 0.05 0.5200000000000002
0.9977770367900411 0.0019940179461615153 8.977 0.05 0.5300000000000002
0.9977770367900411 0.0019940179461615153 8.977 0.05 0.5400000000000003
0.9977770367900411 0.0019940179461615153 8.977 0.05 0.5500000000000003
0.9977770367900411 0.0019940179461615153 8.977 0.05 0.5600000000000003
0.9977770367900411 0.0019940179461615153 8.977 0.05 0.5700000000000003
0.9977770367900411 9.970089730807576E-4 8.977 0.025 0.5800000000000003
0.9977770367900411 9.970089730807576E-4 8.977 0.025 0.5900000000000003
0.9977770367900411 9.970089730807576E-4 8.977 0.025 0.6000000000000003
0.9977770367900411 9.970089730807576E-4 8.977 0.025 0.6100000000000003
0.9977770367900411 9.970089730807576E-4 8.977 0.025 0.6200000000000003
0.9977770367900411 9.970089730807576E-4 8.977 0.025 0.6300000000000003
0.9977770367900411 9.970089730807576E-4 8.977 0.025 0.6400000000000003
0.9977770367900411 9.970089730807576E-4 8.977 0.025 0.6500000000000004
0.9977770367900411 9.970089730807576E-4 8.977 0.025 0.6600000000000004
0.9977770367900411 9.970089730807576E-4 8.977 0.025 0.6700000000000004
0.9977770367900411 0.0 8.977 0.0 0.6800000000000004
0.9977770367900411 0.0 8.977 0.0 0.6900000000000004
0.9977770367900411 0.0 8.977 0.0 0.7000000000000004
0.9977770367900411 0.0 8.977 0.0 0.7100000000000004
0.9977770367900411 0.0 8.977 0.0 0.7200000000000004
0.9977770367900411 0.0 8.977 0.0 0.7300000000000004
0.9977770367900411 0.0 8.977 0.0 0.7400000000000004
0.9977770367900411 0.0 8.977 0.0 0.7500000000000004
0.9977770367900411 0.0 8.977 0.0 0.7600000000000005
0.9977770367900411 0.0 8.977 0.0 0.7700000000000005
0.9977770367900411 0.0 8.977 0.0 0.7800000000000005
0.9977770367900411 0.0 8.977 0.0 0.7900000000000005
0.9977770367900411 0.0 8.977 0.0 0.8000000000000005
0.9977770367900411 0.0 8.977 0.0 0.8100000000000005
0.9977770367900411 0.0 8.977 0.0 0.8200000000000005
0.9977770367900411 0.0 8.977 0.0 0.8300000000000005
0.9977770367900411 0.0 8.977 0.0 0.8400000000000005
0.9977770367900411 0.0 8.977 0.0 0.8500000000000005
0.9977770367900411 0.0 8.977 0.0 0.8600000000000005
0.9977770367900411 0.0 8.977 0.0 0.8700000000000006
0.9977770367900411 0.0 8.977 0.0 0.8800000000000006
0.9977770367900411 0.0 8.977 0.0 0.8900000000000006
0.9977770367900411 0.0 8.977 0.0 0.9000000000000006
0.9977770367900411 0.0 8.977 0.0 0.9100000000000006
0.9977770367900411 0.0 8.977 0.0 0.9200000000000006
0.9977770367900411 0.0 8.977 0.0 0.9300000000000006
0.9977770367900411 0.0 8.977 0.0 0.9400000000000006
0.9977770367900411 0.0 8.977 0.0 0.9500000000000006
0.9977770367900411 0.0 8.977 0.0 0.9600000000000006
0.9977770367900411 0.0 8.977 0.0 0.9700000000000006
0.9977770367900411 0.0 8.977 0.0 0.9800000000000006
0.9976658886295432 0.0 8.976 0.0 0.9900000000000007
0.0 0.0 0.0 0.0
