1.0 1.0 44.985 50.15 0.0
1.0 0.996011964107677 44.985 49.95 0.01
1.0 0.9910269192422732 44.985 49.7 0.02
1.0 0.9800598205383848 44.985 49.15 0.03
1.0 0.9750747756729811 44.985 48.9 0.04
1.0 0.9690927218344965 44.985 48.6 0.05
1.0 0.9581256231306082 44.985 48.05 0.060000000000000005
1.0 0.9581256231306082 44.985 48.05 0.07
1.0 0.9531405782652044 44.985 47.8 0.08
1.0 0.9481555333998006 44.985 47.55 0.09
1.0 0.9391824526420738 44.985 47.1 0.09999999999999999
1.0 0.9361914257228315 44.985 46.95 0.10999999999999999
1.0 0.9332003988035892 44.985 46.8 0.11999999999999998
1.0 0.9292123629112662 44.985 46.6 0.12999999999999998
1.0 0.9252243270189432 44.985 46.4 0.13999999999999999
1.0 0.9192422731804586 44.985 46.1 0.15
1.0 0.9152542372881356 44.985 45.9 0.16
1.0 0.9082751744765702 44.985 45.55 0.17
1.0 0.8923230309072782 44.985 44.75 0.18000000000000002
1.0 0.8863409770687937 44.985 44.45 0.19000000000000003
1.0 0.8793619142572283 44.985 44.1 0.20000000000000004
1.0 0.8673978065802592 44.985 43.5 0.21000000000000005
1.0 0.8594217347956131 44.985 43.1 0.22000000000000006
1.0 0.8564307078763709 44.985 42.95 0.23000000000000007
1.0 0.8504486540378864 44.985 42.65 0.24000000000000007
1.0 0.8464606181455633 44.985 42.45 0.25000000000000006
1.0 0.843469591226321 44.985 42.3 0.26000000000000006
1.0 0.8404785643070788 44.985 42.15 0.2700000000000001
1.0 0.8384845463609173 44.985 42.05 0.2800000000000001
1.0 0.8374875373878365 44.985 42.0 0.2900000000000001
1.0 0.8364905284147557 44.985 41.95 0.3000000000000001
1.0 0.8354935194416749 44.985 41.9 0.3100000000000001
1.0 0.8334995014955134 44.985 41.8 0.3200000000000001
1.0 0.827517447657029 44.985 41.5 0.3300000000000001
1.0 0.8235294117647058 44.985 41.3 0.34000000000000014
1.0 0.8165503489531406 44.985 40.95 0.35000000000000014
1.0 0.8125623130608175 44.985 40.75 0.36000000000000015
1.0 0.806580259222333 44.985 40.45 0.37000000000000016
1.0 0.7996011964107677 44.985 40.1 0.38000000000000017
1.0 0.7826520438683948 44.985 39.25 0.3900000000000002
1.0 0.773678963110668 44.985 38.8 0.4000000000000002
1.0 0.7647058823529411 44.985 38.35 0.4100000000000002
1.0 0.7567298105682951 44.985 37.95 0.4200000000000002
1.0 0.7437686939182453 44.985 37.3 0.4300000000000002
1.0 0.7318045862412762 44.985 36.7 0.4400000000000002
1.0 0.7218344965104686 44.985 36.2 0.45000000000000023
1.0 0.711864406779661 44.985 35.7 0.46000000000000024
1.0 0.7038883349950149 44.985 35.3 0.47000000000000025
1.0 0.6899302093718843 44.985 34.6 0.48000000000000026
1.0 0.6779661016949152 44.985 34.0 0.49000000000000027
1.0 0.674975074775673 44.985 33.85 0.5000000000000002
1.0 0.6689930209371885 44.985 33.55 0.5100000000000002
1.0 0.6650049850448654 44.985 33.35 0.5200000000000002
1.0 0.6590229312063809 44.985 33.05 0.5300000000000002
1.0 0.6560319042871385 44.985 32.9 0.5400000000000003
1.0 0.6510468594217348 44.985 32.65 0.5500000000000003
1.0 0.6470588235294118 44.985 32.45 0.5600000000000003
1.0 0.6440677966101694 44.985 32.3 0.5700000000000003
1.0 0.6420737786640079 44.985 32.2 0.5800000000000003
1.0 0.638085742771685 44.985 32.0 0.5900000000000003
1.0 0.6321036889332003 44.985 31.7 0.6000000000000003
1.0 0.6301096709870389 44.985 31.6 0.6100000000000003
1.0 0.6271186440677966 44.985 31.45 0.6200000000000003
1.0 0.6211365902293121 44.985 31.15 0.6300000000000003
1.0 0.617148554336989 44.985 30.95 0.6400000000000003
1.0 0.6051844466600199 44.985 30.35 0.6500000000000004
1.0 0.5952143569292123 44.985 29.85 0.6600000000000004
1.0 0.5852442671984048 44.985 29.35 0.6700000000000004
1.0 0.5752741774675972 44.985 28.85 0.6800000000000004
1.0 0.5603190428713859 44.985 28.1 0.6900000000000004
1.0 0.5483549351944168 44.985 27.5 0.7000000000000004
1.0 0.5324027916251246 44.985 26.7 0.7100000000000004
1.0 0.514456630109671 44.985 25.8 0.7200000000000004
1.0 0.4995014955134596 44.985 25.05 0.7300000000000004
1.0 0.48255234297108673 44.985 24.2 0.7400000000000004
1.0 0.4675972083748754 44.985 23.45 0.7500000000000004
1.0 0.4476570289132602 44.985 22.45 0.7600000000000005
1.0 0.43768693918245266 44.985 21.95 0.7700000000000005
0.999888851839502 0.42971086739780656 44.98 21.55 0.7800000000000005
0.9997777036790041 0.42273180458624127 44.975 21.2 0.7900000000000005
0.9996665555185061 0.41575274177467597 44.97 20.85 0.8000000000000005
0.9991108147160165 0.40279162512462613 44.945 20.2 0.8100000000000005
0.9985550739135267 0.39780658025922233 44.92 19.95 0.8200000000000005
0.9974435923085473 0.38783649052841473 44.87 19.45 0.8300000000000005
0.9945537401356007 0.382851445663011 44.74 19.2 0.8400000000000005
0.9897743692341892 0.37686939182452645 44.525 18.9 0.8500000000000005
0.9826608869623208 0.36191425722831505 44.205 18.15 0.8600000000000005
0.9719906635545181 0.3469591226321037 43.725 17.4 0.8700000000000006
0.958541736134267 0.33100697906281157 43.12 16.6 0.8800000000000006
0.9425364010225631 0.3160518444666002 42.4 15.85 0.8900000000000006
0.9223074358119373 0.2931206380857428 41.49 14.7 0.9000000000000006
0.9027453595642992 0.27018943170488535 40.61 13.55 0.9100000000000006
0.8864065799711015 0.24925224327018944 39.875 12.5 0.9200000000000006
0.8717350227853728 0.226321036889332 39.215 11.35 0.9300000000000006
0.8582860953651217 0.21036889332003988 38.61 10.55 0.9400000000000006
0.8468378348338335 0.20039880358923232 38.095 10.05 0.9500000000000006
0.8353895743025453 0.18245264207377868 37.58 9.15 0.9600000000000006
0.8189396465488497 0.15952143569292124 36.84 8.0 0.9700000000000006
0.7822607535845282 0.1226321036889332 35.19 6.15 0.9800000000000006
0.6751139268645104 0.08374875373878365 30.37 4.2 0.9900000000000007
0.0 0.0 0.0 0.0
