1.0 1.0 22.4925 20.06 0.0
1.0 0.8983050847457628 22.4925 18.02 0.01
1.0 0.8305084745762712 22.4925 16.66 0.02
1.0 0.7826520438683948 22.4925 15.7 0.03
1.0 0.7417746759720838 22.4925 14.88 0.04
1.0 0.7068793619142573 22.4925 14.18 0.05
1.0 0.6510468594217348 22.4925 13.06 0.060000000000000005
1.0 0.6510468594217348 22.4925 13.06 0.07
1.0 0.6251246261216351 22.4925 12.54 0.08
1.0 0.6041874376869392 22.4925 12.12 0.09
1.0 0.580259222333001 22.4925 11.64 0.09999999999999999
1.0 0.5663010967098704 22.4925 11.36 0.10999999999999999
1.0 0.5463609172482552 22.4925 10.96 0.11999999999999998
1.0 0.5363908275174477 22.4925 10.76 0.12999999999999998
1.0 0.522432701894317 22.4925 10.48 0.13999999999999999
1.0 0.5114656031904287 22.4925 10.26 0.15
1.0 0.4935194416749751 22.4925 9.9 0.16
1.0 0.47557328015952144 22.4925 9.54 0.17
1.0 0.43270189431704886 22.4925 8.68 0.18000000000000002
1.0 0.41774675972083747 22.4925 8.38 0.19000000000000003
1.0 0.4067796610169492 22.4925 8.16 0.20000000000000004
1.0 0.3918245264207378 22.4925 7.86 0.21000000000000005
1.0 0.3848454636091725 22.4925 7.72 0.22000000000000006
1.0 0.3778664007976072 22.4925 7.58 0.23000000000000007
1.0 0.37188434695912265 22.4925 7.46 0.24000000000000007
1.0 0.36889332003988035 22.4925 7.4 0.25000000000000006
1.0 0.3659022931206381 22.4925 7.34 0.26000000000000006
1.0 0.3629112662013958 22.4925 7.28 0.2700000000000001
1.0 0.357926221335992 22.4925 7.18 0.2800000000000001
1.0 0.3469591226321037 22.4925 6.96 0.2900000000000001
1.0 0.34297108673978066 22.4925 6.88 0.3000000000000001
1.0 0.34097706879361916 22.4925 6.84 0.3100000000000001
1.0 0.3369890329012961 22.4925 6.76 0.3200000000000001
1.0 0.33100697906281157 22.4925 6.64 0.3300000000000001
1.0 0.3230309072781655 22.4925 6.48 0.34000000000000014
1.0 0.3120638085742772 22.4925 6.26 0.35000000000000014
1.0 0.3050847457627119 22.4925 6.12 0.36000000000000015
1.0 0.3000997008973081 22.4925 6.02 0.37000000000000016
1.0 0.288135593220339 22.4925 5.78 0.38000000000000017
1.0 0.2741774675972084 22.4925 5.5 0.3900000000000002
1.0 0.2662013958125623 22.4925 5.34 0.4000000000000002
1.0 0.2522432701894317 22.4925 5.06 0.4100000000000002
1.0 0.24227318045862412 22.4925 4.86 0.4200000000000002
1.0 0.23629112662013957 22.4925 4.74 0.4300000000000002
1.0 0.22931206380857427 22.4925 4.6 0.4400000000000002
1.0 0.2213359920239282 22.4925 4.44 0.45000000000000023
1.0 0.21136590229312063 22.4925 4.24 0.46000000000000024
1.0 0.19740777666999004 22.4925 3.96 0.47000000000000025
1.0 0.18943170488534397 22.4925 3.8 0.48000000000000026
1.0 0.18344965104685942 22.4925 3.68 0.49000000000000027
1.0 0.1794616151545364 22.4925 3.6 0.5000000000000002
1.0 0.17347956131605186 22.4925 3.48 0.5100000000000002
1.0 0.17048853439680958 22.4925 3.42 0.5200000000000002
1.0 0.1694915254237288 22.4925 3.4 0.5300000000000002
1.0 0.16650049850448653 22.4925 3.34 0.5400000000000003
1.0 0.16550348953140578 22.4925 3.32 0.5500000000000003
1.0 0.16350947158524426 22.4925 3.28 0.5600000000000003
1.0 0.1625124626121635 22.4925 3.26 0.5700000000000003
1.0 0.16051844466600199 22.4925 3.22 0.5800000000000003
1.0 0.16051844466600199 22.4925 3.22 0.5900000000000003
1.0 0.15952143569292124 22.4925 3.2 0.6000000000000003
1.0 0.15653040877367896 22.4925 3.14 0.6100000000000003
1.0 0.15154536390827517 22.4925 3.04 0.6200000000000003
1.0 0.14755732801595214 22.4925 2.96 0.6300000000000003
1.0 0.14356929212362912 22.4925 2.88 0.6400000000000003
1.0 0.13758723828514458 22.4925 2.76 0.6500000000000004
1.0 0.12861415752741776 22.4925 2.58 0.6600000000000004
1.0 0.12362911266201396 22.4925 2.48 0.6700000000000004
1.0 0.11665004985044865 22.4925 2.34 0.6800000000000004
1.0 0.10867397806580259 22.4925 2.18 0.6900000000000004
1.0 0.10069790628115653 22.4925 2.02 0.7000000000000004
1.0 0.09770687936191426 22.4925 1.96 0.7100000000000004
1.0 0.09072781655034895 22.4925 1.82 0.7200000000000004
1.0 0.0847457627118644 22.4925 1.7 0.7300000000000004
1.0 0.07876370887337986 22.4925 1.58 0.7400000000000004
1.0 0.0707876370887338 22.4925 1.42 0.7500000000000004
0.999888851839502 0.06480558325024925 22.49 1.3 0.7600000000000005
0.999888851839502 0.05982053838484546 22.49 1.2 0.7700000000000005
0.999888851839502 0.05782652043868395 22.49 1.16 0.7800000000000005
0.999888851839502 0.053838484546360914 22.49 1.08 0.7900000000000005
0.999888851839502 0.05084745762711865 22.49 1.02 0.8000000000000005
0.999888851839502 0.049850448654037885 22.49 1.0 0.8100000000000005
0.9997777036790041 0.04685942173479561 22.4875 0.94 0.8200000000000005
0.9996665555185061 0.04386839481555334 22.485 0.88 0.8300000000000005
0.9995554073580082 0.03988035892323031 22.4825 0.8 0.8400000000000005
0.9991108147160165 0.03788634097706879 22.4725 0.76 0.8500000000000005
0.9983327775925308 0.02991026919242273 22.455 0.6 0.8600000000000005
0.9974435923085473 0.026919242273180457 22.435 0.54 0.8700000000000006
0.9964432588640658 0.020937188434695914 22.4125 0.42 0.8800000000000006
0.9947760364565966 0.01694915254237288 22.375 0.34 0.8900000000000006
0.9929976658886296 0.01296111665004985 22.335 0.26 0.9000000000000006
0.991997332444148 0.009970089730807577 22.3125 0.2 0.9100000000000006
0.9911081471601645 0.003988035892323031 22.2925 0.08 0.9200000000000006
0.9895520729131932 9.970089730807576E-4 22.2575 0.02 0.9300000000000006
0.9869956652217405 9.970089730807576E-4 22.2 0.02 0.9400000000000006
0.9852172946537735 9.970089730807576E-4 22.16 0.02 0.9500000000000006
0.9818828498388351 9.970089730807576E-4 22.085 0.02 0.9600000000000006
0.9764365899744359 9.970089730807576E-4 21.9625 0.02 0.9700000000000006
0.9677670334555963 0.0 21.7675 0.0 0.9800000000000006
0.9331999555407358 0.0 20.99 0.0 0.9900000000000007
0.0 0.0 0.0 0.0
