0.0 0.7976071784646062 0.0 20.0 0.0
0.0 0.6321036889332003 0.0 15.85 0.01
0.0 0.4915254237288136 0.0 12.325 0.02
0.0 0.4426719840478564 0.0 11.1 0.03
0.0 0.42273180458624127 0.0 10.6 0.04
0.0 0.39780658025922233 0.0 9.975 0.05
0.0 0.353938185443669 0.0 8.875 0.060000000000000005
0.0 0.353938185443669 0.0 8.875 0.07
0.0 0.3439680957128614 0.0 8.625 0.08
0.0 0.3349950149551346 0.0 8.4 0.09
0.0 0.32801595214356927 0.0 8.225 0.09999999999999999
0.0 0.3150548354935194 0.0 7.9 0.10999999999999999
0.0 0.30608175473579263 0.0 7.675 0.11999999999999998
0.0 0.292123629112662 0.0 7.325 0.12999999999999998
0.0 0.28713858424725824 0.0 7.2 0.13999999999999999
0.0 0.28215353938185445 0.0 7.075 0.15
0.0 0.2781655034895314 0.0 6.975 0.16
0.0 0.2761714855433699 0.0 6.925 0.17
0.0 0.27018943170488535 0.0 6.775 0.18000000000000002
0.0 0.26719840478564305 0.0 6.7 0.19000000000000003
0.0 0.26719840478564305 0.0 6.7 0.20000000000000004
0.0 0.259222333000997 0.0 6.5 0.21000000000000005
0.0 0.25324027916251246 0.0 6.35 0.22000000000000006
0.0 0.2502492522432702 0.0 6.275 0.23000000000000007
0.0 0.2502492522432702 0.0 6.275 0.24000000000000007
0.0 0.2432701894317049 0.0 6.1 0.25000000000000006
0.0 0.24227318045862412 0.0 6.075 0.26000000000000006
0.0 0.24227318045862412 0.0 6.075 0.2700000000000001
0.0 0.23529411764705882 0.0 5.9 0.2800000000000001
0.0 0.23230309072781655 0.0 5.825 0.2900000000000001
0.0 0.22831505483549352 0.0 5.725 0.3000000000000001
0.0 0.22233300099700898 0.0 5.575 0.3100000000000001
0.0 0.2213359920239282 0.0 5.55 0.3200000000000001
0.0 0.21734795613160518 0.0 5.45 0.3300000000000001
0.0 0.21136590229312063 0.0 5.3 0.34000000000000014
0.0 0.2073778664007976 0.0 5.2 0.35000000000000014
0.0 0.2053838484546361 0.0 5.15 0.36000000000000015
0.0 0.20139581256231306 0.0 5.05 0.37000000000000016
0.0 0.20039880358923232 0.0 5.025 0.38000000000000017
0.0 0.19641076769690927 0.0 4.925 0.3900000000000002
0.0 0.19441674975074777 0.0 4.875 0.4000000000000002
0.0 0.19242273180458624 0.0 4.825 0.4100000000000002
0.0 0.18444666001994017 0.0 4.625 0.4200000000000002
0.0 0.1814556331006979 0.0 4.55 0.4300000000000002
0.0 0.17746759720837488 0.0 4.45 0.4400000000000002
0.0 0.17347956131605186 0.0 4.35 0.45000000000000023
0.0 0.1694915254237288 0.0 4.25 0.46000000000000024
0.0 0.16650049850448653 0.0 4.175 0.47000000000000025
0.0 0.16550348953140578 0.0 4.15 0.48000000000000026
0.0 0.16151545363908276 0.0 4.05 0.49000000000000027
0.0 0.16051844466600199 0.0 4.025 0.5000000000000002
0.0 0.15952143569292124 0.0 4.0 0.5100000000000002
0.0 0.15653040877367896 0.0 3.925 0.5200000000000002
0.0 0.15553339980059822 0.0 3.9 0.5300000000000002
0.0 0.15254237288135594 0.0 3.825 0.5400000000000003
0.0 0.15254237288135594 0.0 3.825 0.5500000000000003
0.0 0.15254237288135594 0.0 3.825 0.5600000000000003
0.0 0.15154536390827517 0.0 3.8 0.5700000000000003
0.0 0.15054835493519442 0.0 3.775 0.5800000000000003
0.0 0.14955134596211367 0.0 3.75 0.5900000000000003
0.0 0.1485543369890329 0.0 3.725 0.6000000000000003
0.0 0.14556331006979062 0.0 3.65 0.6100000000000003
0.0 0.14456630109670987 0.0 3.625 0.6200000000000003
0.0 0.14456630109670987 0.0 3.625 0.6300000000000003
0.0 0.14456630109670987 0.0 3.625 0.6400000000000003
0.0 0.14456630109670987 0.0 3.625 0.6500000000000004
0.0 0.14356929212362912 0.0 3.6 0.6600000000000004
0.0 0.1415752741774676 0.0 3.55 0.6700000000000004
0.0 0.13758723828514458 0.0 3.45 0.6800000000000004
0.0 0.13758723828514458 0.0 3.45 0.6900000000000004
0.0 0.13758723828514458 0.0 3.45 0.7000000000000004
0.0 0.13359920239282153 0.0 3.35 0.7100000000000004
0.0 0.13359920239282153 0.0 3.35 0.7200000000000004
0.0 0.13359920239282153 0.0 3.35 0.7300000000000004
0.0 0.13160518444666003 0.0 3.3 0.7400000000000004
0.0 0.12761714855433698 0.0 3.2 0.7500000000000004
0.0 0.12562313060817548 0.0 3.15 0.7600000000000005
0.0 0.12163509471585245 0.0 3.05 0.7700000000000005
0.0 0.12163509471585245 0.0 3.05 0.7800000000000005
0.0 0.11764705882352941 0.0 2.95 0.7900000000000005
0.0 0.11764705882352941 0.0 2.95 0.8000000000000005
0.0 0.11465603190428714 0.0 2.875 0.8100000000000005
0.0 0.11465603190428714 0.0 2.875 0.8200000000000005
0.0 0.11365902293120637 0.0 2.85 0.8300000000000005
0.0 0.10767696909272183 0.0 2.7 0.8400000000000005
0.0 0.1036889332003988 0.0 2.6 0.8500000000000005
0.0 0.10069790628115653 0.0 2.525 0.8600000000000005
0.0 0.10069790628115653 0.0 2.525 0.8700000000000006
0.0 0.0967098703888335 0.0 2.425 0.8800000000000006
0.0 0.08574277168494517 0.0 2.15 0.8900000000000006
0.0 0.08574277168494517 0.0 2.15 0.9000000000000006
0.0 0.08275174476570289 0.0 2.075 0.9100000000000006
0.0 0.07876370887337986 0.0 1.975 0.9200000000000006
0.0 0.07776669990029911 0.0 1.95 0.9300000000000006
0.0 0.07278165503489531 0.0 1.825 0.9400000000000006
0.0 0.06580259222333001 0.0 1.65 0.9500000000000006
0.0 0.05982053838484546 0.0 1.5 0.9600000000000006
0.0 0.0448654037886341 0.0 1.125 0.9700000000000006
0.0 0.03389830508474576 0.0 0.85 0.9800000000000006
0.0 0.019940179461615155 0.0 0.5 0.9900000000000007
0.0 0.0 0.0 0.0
