1.0 1.0 44.985 20.06 0.0
1.0 0.9970089730807578 44.985 20.0 0.01
1.0 0.9910269192422732 44.985 19.88 0.02
1.0 0.9800598205383848 44.985 19.66 0.03
1.0 0.9730807577268196 44.985 19.52 0.04
1.0 0.9661016949152542 44.985 19.38 0.05
1.0 0.9481555333998006 44.985 19.02 0.060000000000000005
1.0 0.9481555333998006 44.985 19.02 0.07
1.0 0.9401794616151545 44.985 18.86 0.08
1.0 0.93419740777667 44.985 18.74 0.09
1.0 0.9302093718843469 44.985 18.66 0.09999999999999999
1.0 0.9262213359920239 44.985 18.58 0.10999999999999999
1.0 0.9242273180458624 44.985 18.54 0.11999999999999998
1.0 0.9162512462612163 44.985 18.38 0.12999999999999998
1.0 0.9122632103688934 44.985 18.3 0.13999999999999999
1.0 0.905284147557328 44.985 18.16 0.15
1.0 0.8983050847457628 44.985 18.02 0.16
1.0 0.8903290129611167 44.985 17.86 0.17
1.0 0.8753738783649053 44.985 17.56 0.18000000000000002
1.0 0.8703888334995015 44.985 17.46 0.19000000000000003
1.0 0.864406779661017 44.985 17.34 0.20000000000000004
1.0 0.8594217347956131 44.985 17.24 0.21000000000000005
1.0 0.8544366899302094 44.985 17.14 0.22000000000000006
1.0 0.8504486540378864 44.985 17.06 0.23000000000000007
1.0 0.847457627118644 44.985 17.0 0.24000000000000007
1.0 0.843469591226321 44.985 16.92 0.25000000000000006
1.0 0.8414755732801595 44.985 16.88 0.26000000000000006
1.0 0.8404785643070788 44.985 16.86 0.2700000000000001
1.0 0.8374875373878365 44.985 16.8 0.2800000000000001
1.0 0.8334995014955134 44.985 16.72 0.2900000000000001
1.0 0.8325024925224327 44.985 16.7 0.3000000000000001
1.0 0.8285144566301097 44.985 16.62 0.3100000000000001
1.0 0.8225324027916251 44.985 16.5 0.3200000000000001
1.0 0.8185443668993021 44.985 16.42 0.3300000000000001
1.0 0.8145563310069791 44.985 16.34 0.34000000000000014
1.0 0.810568295114656 44.985 16.26 0.35000000000000014
1.0 0.8055832502492523 44.985 16.16 0.36000000000000015
1.0 0.8005982053838484 44.985 16.06 0.37000000000000016
1.0 0.7916251246261217 44.985 15.88 0.38000000000000017
1.0 0.7886340977068793 44.985 15.82 0.3900000000000002
1.0 0.7796610169491526 44.985 15.64 0.4000000000000002
1.0 0.7686939182452642 44.985 15.42 0.4100000000000002
1.0 0.7597208374875374 44.985 15.24 0.4200000000000002
1.0 0.7547357926221336 44.985 15.14 0.4300000000000002
1.0 0.7507477567298105 44.985 15.06 0.4400000000000002
1.0 0.7457627118644068 44.985 14.96 0.45000000000000023
1.0 0.7437686939182453 44.985 14.92 0.46000000000000024
1.0 0.7397806580259222 44.985 14.84 0.47000000000000025
1.0 0.7347956131605184 44.985 14.74 0.48000000000000026
1.0 0.7298105682951147 44.985 14.64 0.49000000000000027
1.0 0.7278165503489531 44.985 14.6 0.5000000000000002
1.0 0.7238285144566301 44.985 14.52 0.5100000000000002
1.0 0.7198404785643071 44.985 14.44 0.5200000000000002
1.0 0.715852442671984 44.985 14.36 0.5300000000000002
1.0 0.7148554336989033 44.985 14.34 0.5400000000000003
1.0 0.7098703888334995 44.985 14.24 0.5500000000000003
1.0 0.7088733798604188 44.985 14.22 0.5600000000000003
1.0 0.7088733798604188 44.985 14.22 0.5700000000000003
1.0 0.7058823529411765 44.985 14.16 0.5800000000000003
1.0 0.7038883349950149 44.985 14.12 0.5900000000000003
1.0 0.7018943170488534 44.985 14.08 0.6000000000000003
1.0 0.6969092721834497 44.985 13.98 0.6100000000000003
1.0 0.6909272183449651 44.985 13.86 0.6200000000000003
1.0 0.6889332003988036 44.985 13.82 0.6300000000000003
1.0 0.6869391824526421 44.985 13.78 0.6400000000000003
1.0 0.6839481555333998 44.985 13.72 0.6500000000000004
1.0 0.6769690927218345 44.985 13.58 0.6600000000000004
1.0 0.6719840478564307 44.985 13.48 0.6700000000000004
1.0 0.6660019940179461 44.985 13.36 0.6800000000000004
1.0 0.6570289132602194 44.985 13.18 0.6900000000000004
1.0 0.6510468594217348 44.985 13.06 0.7000000000000004
1.0 0.6430707876370887 44.985 12.9 0.7100000000000004
1.0 0.6370887337986042 44.985 12.78 0.7200000000000004
1.0 0.6221335992023929 44.985 12.48 0.7300000000000004
1.0 0.613160518444666 44.985 12.3 0.7400000000000004
1.0 0.6051844466600199 44.985 12.14 0.7500000000000004
1.0 0.5962113659022931 44.985 11.96 0.7600000000000005
1.0 0.5892323030907278 44.985 11.82 0.7700000000000005
1.0 0.584247258225324 44.985 11.72 0.7800000000000005
0.9997777036790041 0.576271186440678 44.975 11.56 0.7900000000000005
0.9997777036790041 0.5712861415752741 44.975 11.46 0.8000000000000005
0.9994442591975102 0.5653040877367896 44.96 11.34 0.8100000000000005
0.9992219628765144 0.5623130608175474 44.95 11.28 0.8200000000000005
0.9983327775925308 0.5573280159521435 44.91 11.18 0.8300000000000005
0.9968878515060575 0.5493519441674976 44.845 11.02 0.8400000000000005
0.9948871846170946 0.5443668993020937 44.755 10.92 0.8500000000000005
0.992108480604646 0.5373878364905285 44.63 10.78 0.8600000000000005
0.9865510725797488 0.5284147557328016 44.38 10.6 0.8700000000000006
0.9813271090363455 0.522432701894317 44.145 10.48 0.8800000000000006
0.9728798488385018 0.5084745762711864 43.765 10.2 0.8900000000000006
0.9636545515171724 0.4945164506480558 43.35 9.92 0.9000000000000006
0.9556518839613204 0.48055832502492524 42.99 9.64 0.9100000000000006
0.9470934756029787 0.4626121635094716 42.605 9.28 0.9200000000000006
0.9395354006891186 0.43968095712861416 42.265 8.82 0.9300000000000006
0.9318661776147604 0.42572283150548357 41.92 8.54 0.9400000000000006
0.9219739913304434 0.4107676969092722 41.475 8.24 0.9500000000000006
0.9131932866511059 0.3778664007976072 41.08 7.58 0.9600000000000006
0.8972990996999 0.3439680957128614 40.365 6.9 0.9700000000000006
0.8697343558964099 0.30807577268195413 39.125 6.18 0.9800000000000006
0.7899299766588863 0.2313060817547358 35.535 4.64 0.9900000000000007
0.0 0.0 0.0 0.0
