1.0 1.0 29.99 62.6875 0.0
1.0 0.9621136590229312 29.99 60.3125 0.01
1.0 0.9252243270189432 29.99 58.0 0.02
1.0 0.9002991026919243 29.99 56.4375 0.03
1.0 0.8793619142572283 29.99 55.125 0.04
1.0 0.8634097706879362 29.99 54.125 0.05
1.0 0.827517447657029 29.99 51.875 0.060000000000000005
1.0 0.827517447657029 29.99 51.875 0.07
1.0 0.8095712861415753 29.99 50.75 0.08
1.0 0.80259222333001 29.99 50.3125 0.09
1.0 0.7816550348953141 29.99 49.0 0.09999999999999999
1.0 0.769690927218345 29.99 48.25 0.10999999999999999
1.0 0.7587238285144566 29.99 47.5625 0.11999999999999998
1.0 0.7497507477567298 29.99 47.0 0.12999999999999998
1.0 0.7357926221335992 29.99 46.125 0.13999999999999999
1.0 0.7198404785643071 29.99 45.125 0.15
1.0 0.7028913260219342 29.99 44.0625 0.16
1.0 0.6909272183449651 29.99 43.3125 0.17
1.0 0.6600199401794616 29.99 41.375 0.18000000000000002
1.0 0.646061814556331 29.99 40.5 0.19000000000000003
1.0 0.6400797607178464 29.99 40.125 0.20000000000000004
1.0 0.6331006979062812 29.99 39.6875 0.21000000000000005
1.0 0.6241276171485544 29.99 39.125 0.22000000000000006
1.0 0.6201395812562313 29.99 38.875 0.23000000000000007
1.0 0.6161515453639083 29.99 38.625 0.24000000000000007
1.0 0.6111665004985045 29.99 38.3125 0.25000000000000006
1.0 0.6061814556331007 29.99 38.0 0.26000000000000006
1.0 0.6031904287138584 29.99 37.8125 0.2700000000000001
1.0 0.6021934197407777 29.99 37.75 0.2800000000000001
1.0 0.6011964107676969 29.99 37.6875 0.2900000000000001
1.0 0.5982053838484547 29.99 37.5 0.3000000000000001
1.0 0.5912263210368893 29.99 37.0625 0.3100000000000001
1.0 0.5832502492522432 29.99 36.5625 0.3200000000000001
1.0 0.5792622133599202 29.99 36.3125 0.3300000000000001
1.0 0.5663010967098704 29.99 35.5 0.34000000000000014
1.0 0.5583250249252243 29.99 35.0 0.35000000000000014
1.0 0.5563310069790628 29.99 34.875 0.36000000000000015
1.0 0.5453639082751744 29.99 34.1875 0.37000000000000016
1.0 0.5343968095712861 29.99 33.5 0.38000000000000017
1.0 0.5234297108673978 29.99 32.8125 0.3900000000000002
1.0 0.5134596211365903 29.99 32.1875 0.4000000000000002
1.0 0.5044865403788634 29.99 31.625 0.4100000000000002
1.0 0.4985044865403789 29.99 31.25 0.4200000000000002
1.0 0.48753738783649053 29.99 30.5625 0.4300000000000002
1.0 0.4835493519441675 29.99 30.3125 0.4400000000000002
1.0 0.4745762711864407 29.99 29.75 0.45000000000000023
1.0 0.4666001994017946 29.99 29.25 0.46000000000000024
1.0 0.4646061814556331 29.99 29.125 0.47000000000000025
1.0 0.4576271186440678 29.99 28.6875 0.48000000000000026
1.0 0.44865403788634095 29.99 28.125 0.49000000000000027
1.0 0.4456630109670987 29.99 27.9375 0.5000000000000002
1.0 0.43968095712861416 29.99 27.5625 0.5100000000000002
1.0 0.4336989032901296 29.99 27.1875 0.5200000000000002
1.0 0.42771684945164506 29.99 26.8125 0.5300000000000002
1.0 0.4167497507477567 29.99 26.125 0.5400000000000003
1.0 0.4137587238285145 29.99 25.9375 0.5500000000000003
1.0 0.4127617148554337 29.99 25.875 0.5600000000000003
1.0 0.4097706879361914 29.99 25.6875 0.5700000000000003
1.0 0.4057826520438684 29.99 25.4375 0.5800000000000003
1.0 0.4017946161515454 29.99 25.1875 0.5900000000000003
1.0 0.4017946161515454 29.99 25.1875 0.6000000000000003
1.0 0.39282153539381853 29.99 24.625 0.6100000000000003
1.0 0.38783649052841473 29.99 24.3125 0.6200000000000003
1.0 0.3798604187437687 29.99 23.8125 0.6300000000000003
1.0 0.3748753738783649 29.99 23.5 0.6400000000000003
1.0 0.3708873379860419 29.99 23.25 0.6500000000000004
1.0 0.36689930209371885 29.99 23.0 0.6600000000000004
1.0 0.35992023928215355 29.99 22.5625 0.6700000000000004
1.0 0.35493519441674976 29.99 22.25 0.6800000000000004
1.0 0.3469591226321037 29.99 21.75 0.6900000000000004
1.0 0.33998005982053836 29.99 21.3125 0.7000000000000004
1.0 0.32801595214356927 29.99 20.5625 0.7100000000000004
1.0 0.3200398803589232 29.99 20.0625 0.7200000000000004
1.0 0.31106679960119643 29.99 19.5 0.7300000000000004
1.0 0.30309072781655033 29.99 19.0 0.7400000000000004
1.0 0.28215353938185445 29.99 17.6875 0.7500000000000004
1.0 0.2731804586241276 29.99 17.125 0.7600000000000005
1.0 0.26321036889332006 29.99 16.5 0.7700000000000005
1.0 0.259222333000997 29.99 16.25 0.7800000000000005
1.0 0.24925224327018944 29.99 15.625 0.7900000000000005
1.0 0.24626121635094717 29.99 15.4375 0.8000000000000005
1.0 0.24027916251246262 29.99 15.0625 0.8100000000000005
1.0 0.2382851445663011 29.99 14.9375 0.8200000000000005
1.0 0.22831505483549352 29.99 14.3125 0.8300000000000005
0.999888851839502 0.2213359920239282 29.986666666666668 13.875 0.8400000000000005
0.9988885183950206 0.21535393818544366 29.956666666666667 13.5 0.8500000000000005
0.9979993331110371 0.20837487537387836 29.93 13.0625 0.8600000000000005
0.9971101478270534 0.20039880358923232 29.903333333333332 12.5625 0.8700000000000006
0.9957763699010781 0.19441674975074777 29.863333333333333 12.1875 0.8800000000000006
0.9944425919751028 0.18444666001994017 29.823333333333334 11.5625 0.8900000000000006
0.9923307769256419 0.17746759720837488 29.76 11.125 0.9000000000000006
0.9893297765921975 0.16650049850448653 29.67 10.4375 0.9100000000000006
0.9873291097032344 0.15553339980059822 29.61 9.75 0.9200000000000006
0.9851061464932755 0.14356929212362912 29.543333333333333 9.0 0.9300000000000006
0.9827720351228187 0.1345962113659023 29.473333333333333 8.4375 0.9400000000000006
0.9799933311103701 0.12761714855433698 29.39 8.0 0.9500000000000006
0.9753251083694565 0.1106679960119641 29.25 6.9375 0.9600000000000006
0.9686562187395799 0.0847457627118644 29.05 5.3125 0.9700000000000006
0.9539846615538513 0.06879361914257229 28.61 4.3125 0.9800000000000006
0.9089696565521841 0.04885343968095713 27.26 3.0625 0.9900000000000007
0.0 0.0 0.0 0.0
