1.0 1.0 29.99 20.06 0.0
0.9978881849505391 0.9571286141575274 29.926666666666666 19.2 0.01
0.9977770367900411 0.9002991026919243 29.923333333333332 18.06 0.02
0.9977770367900411 0.8624127617148555 29.923333333333332 17.3 0.03
0.9977770367900411 0.8205383848454636 29.923333333333332 16.46 0.04
0.9977770367900411 0.7866400797607178 29.923333333333332 15.78 0.05
0.9977770367900411 0.7258225324027916 29.923333333333332 14.56 0.060000000000000005
0.9977770367900411 0.7258225324027916 29.923333333333332 14.56 0.07
0.9977770367900411 0.715852442671984 29.923333333333332 14.36 0.08
0.9977770367900411 0.6939182452642074 29.923333333333332 13.92 0.09
0.9977770367900411 0.6729810568295115 29.923333333333332 13.5 0.09999999999999999
0.9977770367900411 0.654037886340977 29.923333333333332 13.12 0.10999999999999999
0.9977770367900411 0.6420737786640079 29.923333333333332 12.88 0.11999999999999998
0.9977770367900411 0.6251246261216351 29.923333333333332 12.54 0.12999999999999998
0.9977770367900411 0.6141575274177468 29.923333333333332 12.32 0.13999999999999999
0.9977770367900411 0.6121635094715853 29.923333333333332 12.28 0.15
0.9977770367900411 0.5932203389830508 29.923333333333332 11.9 0.16
0.9977770367900411 0.5772681954137587 29.923333333333332 11.58 0.17
0.9977770367900411 0.5473579262213359 29.923333333333332 10.98 0.18000000000000002
0.9977770367900411 0.5304087736789631 29.923333333333332 10.64 0.19000000000000003
0.9977770367900411 0.518444666001994 29.923333333333332 10.4 0.20000000000000004
0.9977770367900411 0.5084745762711864 29.923333333333332 10.2 0.21000000000000005
0.9977770367900411 0.4965104685942173 29.923333333333332 9.96 0.22000000000000006
0.9977770367900411 0.4885343968095713 29.923333333333332 9.8 0.23000000000000007
0.9977770367900411 0.481555333998006 29.923333333333332 9.66 0.24000000000000007
0.9977770367900411 0.47756729810568294 29.923333333333332 9.58 0.25000000000000006
0.9977770367900411 0.4745762711864407 29.923333333333332 9.52 0.26000000000000006
0.9977770367900411 0.4695912263210369 29.923333333333332 9.42 0.2700000000000001
0.9977770367900411 0.4626121635094716 29.923333333333332 9.28 0.2800000000000001
0.9977770367900411 0.46161515453639085 29.923333333333332 9.26 0.2900000000000001
0.9977770367900411 0.4596211365902293 29.923333333333332 9.22 0.3000000000000001
0.9977770367900411 0.45164506480558325 29.923333333333332 9.06 0.3100000000000001
0.9977770367900411 0.4476570289132602 29.923333333333332 8.98 0.3200000000000001
0.9977770367900411 0.4406779661016949 29.923333333333332 8.84 0.3300000000000001
0.9977770367900411 0.43270189431704886 29.923333333333332 8.68 0.34000000000000014
0.9977770367900411 0.4247258225324028 29.923333333333332 8.52 0.35000000000000014
0.9977770367900411 0.4097706879361914 29.923333333333332 8.22 0.36000000000000015
0.9977770367900411 0.4047856430707876 29.923333333333332 8.12 0.37000000000000016
0.9977770367900411 0.39980059820538383 29.923333333333332 8.02 0.38000000000000017
0.9977770367900411 0.38584247258225324 29.923333333333332 7.74 0.3900000000000002
0.9977770367900411 0.3728813559322034 29.923333333333332 7.48 0.4000000000000002
0.9977770367900411 0.3629112662013958 29.923333333333332 7.28 0.4100000000000002
0.9977770367900411 0.353938185443669 29.923333333333332 7.1 0.4200000000000002
0.9977770367900411 0.33599202392821537 29.923333333333332 6.74 0.4300000000000002
0.9977770367900411 0.3240279162512463 29.923333333333332 6.5 0.4400000000000002
0.9977770367900411 0.31306081754735793 29.923333333333332 6.28 0.45000000000000023
0.9977770367900411 0.29810568295114653 29.923333333333332 5.98 0.46000000000000024
0.9977770367900411 0.2901296111665005 29.923333333333332 5.82 0.47000000000000025
0.9977770367900411 0.28414755732801594 29.923333333333332 5.7 0.48000000000000026
0.9977770367900411 0.28215353938185445 29.923333333333332 5.66 0.49000000000000027
0.9977770367900411 0.27716849451645065 29.923333333333332 5.56 0.5000000000000002
0.9977770367900411 0.27218344965104685 29.923333333333332 5.46 0.5100000000000002
0.9977770367900411 0.27018943170488535 29.923333333333332 5.42 0.5200000000000002
0.9977770367900411 0.26321036889332006 29.923333333333332 5.28 0.5300000000000002
0.9977770367900411 0.25822532402791626 29.923333333333332 5.18 0.5400000000000003
0.9977770367900411 0.2522432701894317 29.923333333333332 5.06 0.5500000000000003
0.9977770367900411 0.24825523429710866 29.923333333333332 4.98 0.5600000000000003
0.9977770367900411 0.2452642073778664 29.923333333333332 4.92 0.5700000000000003
0.9977770367900411 0.24127617148554337 29.923333333333332 4.84 0.5800000000000003
0.9977770367900411 0.23629112662013957 29.923333333333332 4.74 0.5900000000000003
0.9977770367900411 0.23230309072781655 29.923333333333332 4.66 0.6000000000000003
0.9977770367900411 0.226321036889332 29.923333333333332 4.54 0.6100000000000003
0.9977770367900411 0.22432701894317048 29.923333333333332 4.5 0.6200000000000003
0.9977770367900411 0.22033898305084745 29.923333333333332 4.42 0.6300000000000003
0.9977770367900411 0.2123629112662014 29.923333333333332 4.26 0.6400000000000003
0.9977770367900411 0.20139581256231306 29.923333333333332 4.04 0.6500000000000004
0.9977770367900411 0.19441674975074777 29.923333333333332 3.9 0.6600000000000004
0.9977770367900411 0.1914257228315055 29.923333333333332 3.84 0.6700000000000004
0.9977770367900411 0.1794616151545364 29.923333333333332 3.6 0.6800000000000004
0.9977770367900411 0.16650049850448653 29.923333333333332 3.34 0.6900000000000004
0.9977770367900411 0.15653040877367896 29.923333333333332 3.14 0.7000000000000004
0.9977770367900411 0.1465603190428714 29.923333333333332 2.94 0.7100000000000004
0.9977770367900411 0.13160518444666003 29.923333333333332 2.64 0.7200000000000004
0.9977770367900411 0.12063808574277168 29.923333333333332 2.42 0.7300000000000004
0.9977770367900411 0.11166500498504486 29.923333333333332 2.24 0.7400000000000004
0.9977770367900411 0.1036889332003988 29.923333333333332 2.08 0.7500000000000004
0.9977770367900411 0.09272183449651047 29.923333333333332 1.86 0.7600000000000005
0.9977770367900411 0.08773678963110668 29.923333333333332 1.76 0.7700000000000005
0.9977770367900411 0.07876370887337986 29.923333333333332 1.58 0.7800000000000005
0.9977770367900411 0.07776669990029911 29.923333333333332 1.56 0.7900000000000005
0.9977770367900411 0.07178464606181456 29.923333333333332 1.44 0.8000000000000005
0.9977770367900411 0.06879361914257229 29.923333333333332 1.38 0.8100000000000005
0.9974435923085473 0.06580259222333001 29.913333333333334 1.32 0.8200000000000005
0.9969989996665555 0.06281156530408774 29.9 1.26 0.8300000000000005
0.9965544070245638 0.054835493519441676 29.886666666666667 1.1 0.8400000000000005
0.995887518061576 0.0518444666001994 29.866666666666667 1.04 0.8500000000000005
0.9953317772590864 0.04685942173479561 29.85 0.94 0.8600000000000005
0.9937757030121152 0.03988035892323031 29.803333333333335 0.8 0.8700000000000006
0.9914415916416583 0.03389830508474576 29.733333333333334 0.68 0.8800000000000006
0.9879959986662221 0.0259222333000997 29.63 0.52 0.8900000000000006
0.9854395909747694 0.015952143569292122 29.553333333333335 0.32 0.9000000000000006
0.9825497388018228 0.007976071784646061 29.466666666666665 0.16 0.9100000000000006
0.9794375903078804 9.970089730807576E-4 29.373333333333335 0.02 0.9200000000000006
0.9774369234189174 0.0 29.313333333333333 0.0 0.9300000000000006
0.9752139602089586 0.0 29.246666666666666 0.0 0.9400000000000006
0.9718795153940202 0.0 29.14666666666667 0.0 0.9500000000000006
0.968211626097588 0.0 29.036666666666665 0.0 0.9600000000000006
0.9614315883072135 0.0 28.833333333333332 0.0 0.9700000000000006
0.9465377348004891 0.0 28.386666666666667 0.0 0.9800000000000006
0.9018561742803156 0.0 27.046666666666667 0.0 0.9900000000000007
0.0 0.0 0.0 0.0
