1.0 1.0 17.994 62.6875 0.0
1.0 0.7666999002991027 17.994 48.0625 0.01
1.0 0.6400797607178464 17.994 40.125 0.02
1.0 0.5672981056829511 17.994 35.5625 0.03
1.0 0.514456630109671 17.994 32.25 0.04
1.0 0.4646061814556331 17.994 29.125 0.05
1.0 0.4017946161515454 17.994 25.1875 0.060000000000000005
1.0 0.4017946161515454 17.994 25.1875 0.07
1.0 0.382851445663011 17.994 24.0 0.08
1.0 0.3659022931206381 17.994 22.9375 0.09
1.0 0.3559322033898305 17.994 22.3125 0.09999999999999999
1.0 0.34496510468594216 17.994 21.625 0.10999999999999999
1.0 0.32801595214356927 17.994 20.5625 0.11999999999999998
1.0 0.3200398803589232 17.994 20.0625 0.12999999999999998
1.0 0.3150548354935194 17.994 19.75 0.13999999999999999
1.0 0.3000997008973081 17.994 18.8125 0.15
1.0 0.288135593220339 17.994 18.0625 0.16
1.0 0.2761714855433699 17.994 17.3125 0.17
1.0 0.24626121635094717 17.994 15.4375 0.18000000000000002
1.0 0.23728813559322035 17.994 14.875 0.19000000000000003
1.0 0.22831505483549352 17.994 14.3125 0.20000000000000004
1.0 0.22333000997008973 17.994 14.0 0.21000000000000005
1.0 0.22033898305084745 17.994 13.8125 0.22000000000000006
1.0 0.2123629112662014 17.994 13.3125 0.23000000000000007
1.0 0.20937188434695914 17.994 13.125 0.24000000000000007
1.0 0.20438683948155534 17.994 12.8125 0.25000000000000006
1.0 0.20139581256231306 17.994 12.625 0.26000000000000006
1.0 0.1984047856430708 17.994 12.4375 0.2700000000000001
1.0 0.193419740777667 17.994 12.125 0.2800000000000001
1.0 0.18843469591226322 17.994 11.8125 0.2900000000000001
1.0 0.18444666001994017 17.994 11.5625 0.3000000000000001
1.0 0.18045862412761715 17.994 11.3125 0.3100000000000001
1.0 0.17647058823529413 17.994 11.0625 0.3200000000000001
1.0 0.17048853439680958 17.994 10.6875 0.3300000000000001
1.0 0.16350947158524426 17.994 10.25 0.34000000000000014
1.0 0.16051844466600199 17.994 10.0625 0.35000000000000014
1.0 0.15453639082751744 17.994 9.6875 0.36000000000000015
1.0 0.15254237288135594 17.994 9.5625 0.37000000000000016
1.0 0.1485543369890329 17.994 9.3125 0.38000000000000017
1.0 0.13858424725822532 17.994 8.6875 0.3900000000000002
1.0 0.13260219341974078 17.994 8.3125 0.4000000000000002
1.0 0.12861415752741776 17.994 8.0625 0.4100000000000002
1.0 0.11964107676969092 17.994 7.5 0.4200000000000002
1.0 0.11266201395812563 17.994 7.0625 0.4300000000000002
1.0 0.10967098703888335 17.994 6.875 0.4400000000000002
1.0 0.10767696909272183 17.994 6.75 0.45000000000000023
1.0 0.1016949152542373 17.994 6.375 0.46000000000000024
1.0 0.09970089730807577 17.994 6.25 0.47000000000000025
1.0 0.09870388833499502 17.994 6.1875 0.48000000000000026
1.0 0.0967098703888335 17.994 6.0625 0.49000000000000027
1.0 0.09371884346959122 17.994 5.875 0.5000000000000002
1.0 0.09272183449651047 17.994 5.8125 0.5100000000000002
1.0 0.09072781655034895 17.994 5.6875 0.5200000000000002
1.0 0.0897308075772682 17.994 5.625 0.5300000000000002
1.0 0.08873379860418744 17.994 5.5625 0.5400000000000003
1.0 0.08673978065802593 17.994 5.4375 0.5500000000000003
1.0 0.08574277168494517 17.994 5.375 0.5600000000000003
1.0 0.08275174476570289 17.994 5.1875 0.5700000000000003
1.0 0.08075772681954138 17.994 5.0625 0.5800000000000003
1.0 0.07876370887337986 17.994 4.9375 0.5900000000000003
1.0 0.07876370887337986 17.994 4.9375 0.6000000000000003
1.0 0.07477567298105683 17.994 4.6875 0.6100000000000003
1.0 0.07278165503489531 17.994 4.5625 0.6200000000000003
1.0 0.07278165503489531 17.994 4.5625 0.6300000000000003
1.0 0.07178464606181456 17.994 4.5 0.6400000000000003
1.0 0.06979062811565304 17.994 4.375 0.6500000000000004
1.0 0.06779661016949153 17.994 4.25 0.6600000000000004
1.0 0.06480558325024925 17.994 4.0625 0.6700000000000004
1.0 0.05982053838484546 17.994 3.75 0.6800000000000004
1.0 0.05583250249252243 17.994 3.5 0.6900000000000004
1.0 0.053838484546360914 17.994 3.375 0.7000000000000004
1.0 0.0518444666001994 17.994 3.25 0.7100000000000004
1.0 0.047856430707876374 17.994 3.0 0.7200000000000004
1.0 0.04386839481555334 17.994 2.75 0.7300000000000004
1.0 0.04287138584247258 17.994 2.6875 0.7400000000000004
1.0 0.040877367896311065 17.994 2.5625 0.7500000000000004
1.0 0.03589232303090728 17.994 2.25 0.7600000000000005
1.0 0.03389830508474576 17.994 2.125 0.7700000000000005
1.0 0.03290129611166501 17.994 2.0625 0.7800000000000005
1.0 0.03090727816550349 17.994 1.9375 0.7900000000000005
1.0 0.02991026919242273 17.994 1.875 0.8000000000000005
1.0 0.028913260219341975 17.994 1.8125 0.8100000000000005
1.0 0.028913260219341975 17.994 1.8125 0.8200000000000005
0.999888851839502 0.027916251246261216 17.992 1.75 0.8300000000000005
0.9996665555185061 0.027916251246261216 17.988 1.75 0.8400000000000005
0.9995554073580082 0.024925224327018942 17.986 1.5625 0.8500000000000005
0.9993331110370124 0.023928215353938187 17.982 1.5 0.8600000000000005
0.9993331110370124 0.02193419740777667 17.982 1.375 0.8700000000000006
0.9992219628765144 0.02193419740777667 17.98 1.375 0.8800000000000006
0.9988885183950206 0.02193419740777667 17.974 1.375 0.8900000000000006
0.9985550739135267 0.020937188434695914 17.968 1.3125 0.9000000000000006
0.9984439257530288 0.019940179461615155 17.966 1.25 0.9100000000000006
0.998110481271535 0.018943170488534396 17.96 1.1875 0.9200000000000006
0.9976658886295432 0.01794616151545364 17.952 1.125 0.9300000000000006
0.9976658886295432 0.01794616151545364 17.952 1.125 0.9400000000000006
0.9972212959875514 0.01794616151545364 17.944 1.125 0.9500000000000006
0.9966655551850617 0.01794616151545364 17.934 1.125 0.9600000000000006
0.995998666222074 0.01794616151545364 17.922 1.125 0.9700000000000006
0.994220295654107 0.01794616151545364 17.89 1.125 0.9800000000000006
0.986217628098255 0.01794616151545364 17.746 1.125 0.9900000000000007
0.0 0.0 0.0 0.0
