1.0 1.0 14.995 40.12 0.0
1.0 0.6919242273180458 14.995 27.76 0.01
1.0 0.5672981056829511 14.995 22.76 0.02
1.0 0.481555333998006 14.995 19.32 0.03
1.0 0.4217347956131605 14.995 16.92 0.04
1.0 0.3818544366899302 14.995 15.32 0.05
1.0 0.32103688933200397 14.995 12.88 0.060000000000000005
1.0 0.32103688933200397 14.995 12.88 0.07
1.0 0.2901296111665005 14.995 11.64 0.08
1.0 0.27018943170488535 14.995 10.84 0.09
1.0 0.24825523429710866 14.995 9.96 0.09999999999999999
1.0 0.23529411764705882 14.995 9.44 0.10999999999999999
1.0 0.22532402791625125 14.995 9.04 0.11999999999999998
1.0 0.21734795613160518 14.995 8.72 0.12999999999999998
1.0 0.21335992023928216 14.995 8.56 0.13999999999999999
1.0 0.2053838484546361 14.995 8.24 0.15
1.0 0.19242273180458624 14.995 7.72 0.16
1.0 0.18245264207377868 14.995 7.32 0.17
1.0 0.16450648055832504 14.995 6.6 0.18000000000000002
1.0 0.15653040877367896 14.995 6.28 0.19000000000000003
1.0 0.15054835493519442 14.995 6.04 0.20000000000000004
1.0 0.14556331006979062 14.995 5.84 0.21000000000000005
1.0 0.13958125623130607 14.995 5.6 0.22000000000000006
1.0 0.13559322033898305 14.995 5.44 0.23000000000000007
1.0 0.13160518444666003 14.995 5.28 0.24000000000000007
1.0 0.1296111665004985 14.995 5.2 0.25000000000000006
1.0 0.12662013958125623 14.995 5.08 0.26000000000000006
1.0 0.11964107676969092 14.995 4.8 0.2700000000000001
1.0 0.11465603190428714 14.995 4.6 0.2800000000000001
1.0 0.11365902293120637 14.995 4.56 0.2900000000000001
1.0 0.10967098703888335 14.995 4.4 0.3000000000000001
1.0 0.10568295114656032 14.995 4.24 0.3100000000000001
1.0 0.10568295114656032 14.995 4.24 0.3200000000000001
1.0 0.09970089730807577 14.995 4.0 0.3300000000000001
1.0 0.09870388833499502 14.995 3.96 0.34000000000000014
1.0 0.09172482552342971 14.995 3.68 0.35000000000000014
1.0 0.08773678963110668 14.995 3.52 0.36000000000000015
1.0 0.08574277168494517 14.995 3.44 0.37000000000000016
1.0 0.08075772681954138 14.995 3.24 0.38000000000000017
1.0 0.07976071784646062 14.995 3.2 0.3900000000000002
1.0 0.07676969092721835 14.995 3.08 0.4000000000000002
1.0 0.07278165503489531 14.995 2.92 0.4100000000000002
1.0 0.0707876370887338 14.995 2.84 0.4200000000000002
1.0 0.06879361914257229 14.995 2.76 0.4300000000000002
1.0 0.06380857427716849 14.995 2.56 0.4400000000000002
1.0 0.06281156530408774 14.995 2.52 0.45000000000000023
1.0 0.05982053838484546 14.995 2.4 0.46000000000000024
1.0 0.0518444666001994 14.995 2.08 0.47000000000000025
1.0 0.04885343968095713 14.995 1.96 0.48000000000000026
1.0 0.04885343968095713 14.995 1.96 0.49000000000000027
1.0 0.04885343968095713 14.995 1.96 0.5000000000000002
1.0 0.047856430707876374 14.995 1.92 0.5100000000000002
1.0 0.04685942173479561 14.995 1.88 0.5200000000000002
1.0 0.04685942173479561 14.995 1.88 0.5300000000000002
1.0 0.0448654037886341 14.995 1.8 0.5400000000000003
1.0 0.04386839481555334 14.995 1.76 0.5500000000000003
1.0 0.04386839481555334 14.995 1.76 0.5600000000000003
1.0 0.04386839481555334 14.995 1.76 0.5700000000000003
1.0 0.04386839481555334 14.995 1.76 0.5800000000000003
1.0 0.04386839481555334 14.995 1.76 0.5900000000000003
1.0 0.04187437686939183 14.995 1.68 0.6000000000000003
1.0 0.040877367896311065 14.995 1.64 0.6100000000000003
1.0 0.040877367896311065 14.995 1.64 0.6200000000000003
1.0 0.040877367896311065 14.995 1.64 0.6300000000000003
1.0 0.040877367896311065 14.995 1.64 0.6400000000000003
1.0 0.038883349950149554 14.995 1.56 0.6500000000000004
1.0 0.03788634097706879 14.995 1.52 0.6600000000000004
1.0 0.03788634097706879 14.995 1.52 0.6700000000000004
1.0 0.03788634097706879 14.995 1.52 0.6800000000000004
1.0 0.03589232303090728 14.995 1.44 0.6900000000000004
1.0 0.03589232303090728 14.995 1.44 0.7000000000000004
1.0 0.03389830508474576 14.995 1.36 0.7100000000000004
1.0 0.031904287138584245 14.995 1.28 0.7200000000000004
1.0 0.02991026919242273 14.995 1.2 0.7300000000000004
1.0 0.027916251246261216 14.995 1.12 0.7400000000000004
1.0 0.024925224327018942 14.995 1.0 0.7500000000000004
1.0 0.023928215353938187 14.995 0.96 0.7600000000000005
1.0 0.023928215353938187 14.995 0.96 0.7700000000000005
1.0 0.022931206380857428 14.995 0.92 0.7800000000000005
1.0 0.022931206380857428 14.995 0.92 0.7900000000000005
1.0 0.022931206380857428 14.995 0.92 0.8000000000000005
1.0 0.02193419740777667 14.995 0.88 0.8100000000000005
1.0 0.02193419740777667 14.995 0.88 0.8200000000000005
1.0 0.02193419740777667 14.995 0.88 0.8300000000000005
1.0 0.02193419740777667 14.995 0.88 0.8400000000000005
1.0 0.02193419740777667 14.995 0.88 0.8500000000000005
1.0 0.02193419740777667 14.995 0.88 0.8600000000000005
0.999888851839502 0.02193419740777667 14.993333333333334 0.88 0.8700000000000006
0.999888851839502 0.02193419740777667 14.993333333333334 0.88 0.8800000000000006
0.999888851839502 0.020937188434695914 14.993333333333334 0.84 0.8900000000000006
0.9996665555185061 0.020937188434695914 14.99 0.84 0.9000000000000006
0.9994442591975102 0.020937188434695914 14.986666666666666 0.84 0.9100000000000006
0.9994442591975102 0.019940179461615155 14.986666666666666 0.8 0.9200000000000006
0.9993331110370124 0.019940179461615155 14.985 0.8 0.9300000000000006
0.9992219628765144 0.019940179461615155 14.983333333333333 0.8 0.9400000000000006
0.9989996665555185 0.019940179461615155 14.98 0.8 0.9500000000000006
0.9987773702345226 0.019940179461615155 14.976666666666667 0.8 0.9600000000000006
0.9986662220740247 0.019940179461615155 14.975 0.8 0.9700000000000006
0.9975547404690452 0.019940179461615155 14.958333333333334 0.8 0.9800000000000006
0.9907747026786706 0.019940179461615155 14.856666666666667 0.8 0.9900000000000007
0.0 0.0 0.0 0.0
