1.0 1.0 29.99 250.75 0.0
1.0 0.9551345962113659 29.99 239.5 0.01
1.0 0.909272183449651 29.99 228.0 0.02
1.0 0.8654037886340977 29.99 217.0 0.03
1.0 0.8305084745762712 29.99 208.25 0.04
1.0 0.8035892323030908 29.99 201.5 0.05
1.0 0.7557328015952144 29.99 189.5 0.060000000000000005
1.0 0.7557328015952144 29.99 189.5 0.07
1.0 0.7318045862412762 29.99 183.5 0.08
1.0 0.7128614157527418 29.99 178.75 0.09
1.0 0.7008973080757727 29.99 175.75 0.09999999999999999
1.0 0.6919242273180458 29.99 173.5 0.10999999999999999
1.0 0.6829511465603191 29.99 171.25 0.11999999999999998
1.0 0.6669990029910269 29.99 167.25 0.12999999999999998
1.0 0.6620139581256231 29.99 166.0 0.13999999999999999
1.0 0.646061814556331 29.99 162.0 0.15
1.0 0.6321036889332003 29.99 158.5 0.16
1.0 0.6181455633100698 29.99 155.0 0.17
1.0 0.5772681954137587 29.99 144.75 0.18000000000000002
1.0 0.5633100697906281 29.99 141.25 0.19000000000000003
1.0 0.5483549351944168 29.99 137.5 0.20000000000000004
1.0 0.5363908275174477 29.99 134.5 0.21000000000000005
1.0 0.5244267198404786 29.99 131.5 0.22000000000000006
1.0 0.5164506480558325 29.99 129.5 0.23000000000000007
1.0 0.5124626121635095 29.99 128.5 0.24000000000000007
1.0 0.5074775672981057 29.99 127.25 0.25000000000000006
1.0 0.5024925224327019 29.99 126.0 0.26000000000000006
1.0 0.4985044865403789 29.99 125.0 0.2700000000000001
1.0 0.4945164506480558 29.99 124.0 0.2800000000000001
1.0 0.4905284147557328 29.99 123.0 0.2900000000000001
1.0 0.48554336989032904 29.99 121.75 0.3000000000000001
1.0 0.4785643070787637 29.99 120.0 0.3100000000000001
1.0 0.4715852442671984 29.99 118.25 0.3200000000000001
1.0 0.4695912263210369 29.99 117.75 0.3300000000000001
1.0 0.45862412761714855 29.99 115.0 0.34000000000000014
1.0 0.45164506480558325 29.99 113.25 0.35000000000000014
1.0 0.43968095712861416 29.99 110.25 0.36000000000000015
1.0 0.4336989032901296 29.99 108.75 0.37000000000000016
1.0 0.4187437686939183 29.99 105.0 0.38000000000000017
1.0 0.4037886340977069 29.99 101.25 0.3900000000000002
1.0 0.3898305084745763 29.99 97.75 0.4000000000000002
1.0 0.36889332003988035 29.99 92.5 0.4100000000000002
1.0 0.3469591226321037 29.99 87.0 0.4200000000000002
1.0 0.3349950149551346 29.99 84.0 0.4300000000000002
1.0 0.3190428713858425 29.99 80.0 0.4400000000000002
1.0 0.3090727816550349 29.99 77.5 0.45000000000000023
1.0 0.30309072781655033 29.99 76.0 0.46000000000000024
1.0 0.292123629112662 29.99 73.25 0.47000000000000025
1.0 0.2851445663010967 29.99 71.5 0.48000000000000026
1.0 0.2811565304087737 29.99 70.5 0.49000000000000027
1.0 0.2781655034895314 29.99 69.75 0.5000000000000002
1.0 0.27218344965104685 29.99 68.25 0.5100000000000002
1.0 0.2691924227318046 29.99 67.5 0.5200000000000002
1.0 0.26520438683948155 29.99 66.5 0.5300000000000002
1.0 0.2622133599202393 29.99 65.75 0.5400000000000003
1.0 0.25822532402791626 29.99 64.75 0.5500000000000003
1.0 0.25523429710867396 29.99 64.0 0.5600000000000003
1.0 0.2522432701894317 29.99 63.25 0.5700000000000003
1.0 0.2502492522432702 29.99 62.75 0.5800000000000003
1.0 0.24626121635094717 29.99 61.75 0.5900000000000003
1.0 0.24227318045862412 29.99 60.75 0.6000000000000003
1.0 0.23629112662013957 29.99 59.25 0.6100000000000003
1.0 0.23230309072781655 29.99 58.25 0.6200000000000003
1.0 0.22831505483549352 29.99 57.25 0.6300000000000003
1.0 0.22432701894317048 29.99 56.25 0.6400000000000003
1.0 0.21335992023928216 29.99 53.5 0.6500000000000004
1.0 0.2033898305084746 29.99 51.0 0.6600000000000004
1.0 0.193419740777667 29.99 48.5 0.6700000000000004
1.0 0.18344965104685942 29.99 46.0 0.6800000000000004
1.0 0.17148554336989033 29.99 43.0 0.6900000000000004
1.0 0.16350947158524426 29.99 41.0 0.7000000000000004
1.0 0.15453639082751744 29.99 38.75 0.7100000000000004
1.0 0.13559322033898305 29.99 34.0 0.7200000000000004
1.0 0.12063808574277168 29.99 30.25 0.7300000000000004
1.0 0.10967098703888335 29.99 27.5 0.7400000000000004
1.0 0.1036889332003988 29.99 26.0 0.7500000000000004
1.0 0.09272183449651047 29.99 23.25 0.7600000000000005
1.0 0.08773678963110668 29.99 22.0 0.7700000000000005
1.0 0.08374875373878365 29.99 21.0 0.7800000000000005
1.0 0.08175473579262213 29.99 20.5 0.7900000000000005
1.0 0.07876370887337986 29.99 19.75 0.8000000000000005
1.0 0.07477567298105683 29.99 18.75 0.8100000000000005
0.999888851839502 0.07178464606181456 29.986666666666668 18.0 0.8200000000000005
0.9996665555185061 0.06879361914257229 29.98 17.25 0.8300000000000005
0.9993331110370124 0.06081754735792622 29.97 15.25 0.8400000000000005
0.9983327775925308 0.054835493519441676 29.94 13.75 0.8500000000000005
0.9968878515060575 0.04885343968095713 29.89666666666667 12.25 0.8600000000000005
0.9951094809380905 0.0448654037886341 29.843333333333334 11.25 0.8700000000000006
0.9927753695676337 0.03788634097706879 29.773333333333333 9.5 0.8800000000000006
0.9895520729131932 0.026919242273180457 29.676666666666666 6.75 0.8900000000000006
0.9858841836167611 0.018943170488534396 29.566666666666666 4.75 0.9000000000000006
0.9831054796043125 0.013958125623130608 29.483333333333334 3.5 0.9100000000000006
0.9791041458263866 0.009970089730807577 29.363333333333333 2.5 0.9200000000000006
0.976325441813938 0.006979062811565304 29.28 1.75 0.9300000000000006
0.9721018117150161 9.970089730807576E-4 29.153333333333332 0.25 0.9400000000000006
0.968322774258086 0.0 29.04 0.0 0.9500000000000006
0.9626542180726909 0.0 28.87 0.0 0.9600000000000006
0.9549849949983328 0.0 28.64 0.0 0.9700000000000006
0.9384239190841391 0.0 28.143333333333334 0.0 0.9800000000000006
0.8958541736134267 0.0 26.866666666666667 0.0 0.9900000000000007
0.0 0.0 0.0 0.0
