0 9.750000000000002 10000 9075.420000000035
5 93.20999999999997 10000 9155.740000000027
10 99.83 10000 9161.94000000002
15 100.0 10000 9173.890000000025
20 100.0 10000 9178.360000000028
25 100.0 10000 9130.650000000023
30 100.0 10000 9162.890000000023
35 100.0 10000 9157.870000000024
40 100.0 10000 9156.040000000026
45 100.0 10000 9128.960000000032
50 100.0 10000 9168.970000000012
50 0.0 10000 9070.870000000034
50 10.0 10000 9075.890000000036
50 20.0 10000 9085.790000000039
50 30.0 10000 9068.490000000029
50 40.0 10000 9108.630000000025
50 50.0 10000 9107.79000000003
50 60.0 10000 9129.430000000037
50 70.0 10000 9117.360000000032
50 80.0 10000 9179.600000000033
50 90.0 10000 9150.500000000027
50 100.0 10000 9169.200000000024
