1.0 1.0 89.97 22.288888888888888 0.0
1.0 0.9990029910269193 89.97 22.266666666666666 0.01
1.0 0.9930209371884346 89.97 22.133333333333333 0.02
1.0 0.9920239282153539 89.97 22.11111111111111 0.03
1.0 0.9920239282153539 89.97 22.11111111111111 0.04
1.0 0.9910269192422732 89.97 22.08888888888889 0.05
1.0 0.9900299102691924 89.97 22.066666666666666 0.060000000000000005
1.0 0.9900299102691924 89.97 22.066666666666666 0.07
1.0 0.9890329012961117 89.97 22.044444444444444 0.08
1.0 0.9890329012961117 89.97 22.044444444444444 0.09
1.0 0.9870388833499502 89.97 22.0 0.09999999999999999
1.0 0.9870388833499502 89.97 22.0 0.10999999999999999
1.0 0.9860418743768694 89.97 21.977777777777778 0.11999999999999998
1.0 0.9850448654037887 89.97 21.955555555555556 0.12999999999999998
1.0 0.9850448654037887 89.97 21.955555555555556 0.13999999999999999
1.0 0.9830508474576272 89.97 21.91111111111111 0.15
1.0 0.9810568295114656 89.97 21.866666666666667 0.16
1.0 0.9780658025922233 89.97 21.8 0.17
1.0 0.9750747756729811 89.97 21.733333333333334 0.18000000000000002
1.0 0.9730807577268196 89.97 21.68888888888889 0.19000000000000003
1.0 0.9720837487537388 89.97 21.666666666666668 0.20000000000000004
1.0 0.9700897308075773 89.97 21.622222222222224 0.21000000000000005
1.0 0.9700897308075773 89.97 21.622222222222224 0.22000000000000006
1.0 0.9690927218344965 89.97 21.6 0.23000000000000007
1.0 0.9680957128614157 89.97 21.57777777777778 0.24000000000000007
1.0 0.9680957128614157 89.97 21.57777777777778 0.25000000000000006
1.0 0.967098703888335 89.97 21.555555555555557 0.26000000000000006
1.0 0.967098703888335 89.97 21.555555555555557 0.2700000000000001
1.0 0.967098703888335 89.97 21.555555555555557 0.2800000000000001
1.0 0.9661016949152542 89.97 21.533333333333335 0.2900000000000001
1.0 0.9651046859421735 89.97 21.511111111111113 0.3000000000000001
1.0 0.9651046859421735 89.97 21.511111111111113 0.3100000000000001
1.0 0.9641076769690927 89.97 21.488888888888887 0.3200000000000001
1.0 0.9641076769690927 89.97 21.488888888888887 0.3300000000000001
1.0 0.9641076769690927 89.97 21.488888888888887 0.34000000000000014
1.0 0.963110667996012 89.97 21.466666666666665 0.35000000000000014
1.0 0.963110667996012 89.97 21.466666666666665 0.36000000000000015
1.0 0.9621136590229312 89.97 21.444444444444443 0.37000000000000016
1.0 0.9611166500498505 89.97 21.42222222222222 0.38000000000000017
1.0 0.9611166500498505 89.97 21.42222222222222 0.3900000000000002
1.0 0.9611166500498505 89.97 21.42222222222222 0.4000000000000002
1.0 0.959122632103689 89.97 21.377777777777776 0.4100000000000002
1.0 0.9571286141575274 89.97 21.333333333333332 0.4200000000000002
1.0 0.9541375872382851 89.97 21.266666666666666 0.4300000000000002
1.0 0.9511465603190429 89.97 21.2 0.4400000000000002
1.0 0.9511465603190429 89.97 21.2 0.45000000000000023
1.0 0.9491525423728814 89.97 21.155555555555555 0.46000000000000024
1.0 0.9471585244267199 89.97 21.11111111111111 0.47000000000000025
1.0 0.9471585244267199 89.97 21.11111111111111 0.48000000000000026
1.0 0.9461615154536391 89.97 21.08888888888889 0.49000000000000027
1.0 0.9451645064805583 89.97 21.066666666666666 0.5000000000000002
1.0 0.9451645064805583 89.97 21.066666666666666 0.5100000000000002
1.0 0.9441674975074775 89.97 21.044444444444444 0.5200000000000002
1.0 0.9431704885343968 89.97 21.022222222222222 0.5300000000000002
1.0 0.9431704885343968 89.97 21.022222222222222 0.5400000000000003
1.0 0.942173479561316 89.97 21.0 0.5500000000000003
1.0 0.9401794616151545 89.97 20.955555555555556 0.5600000000000003
1.0 0.9401794616151545 89.97 20.955555555555556 0.5700000000000003
1.0 0.938185443668993 89.97 20.91111111111111 0.5800000000000003
1.0 0.938185443668993 89.97 20.91111111111111 0.5900000000000003
1.0 0.9371884346959123 89.97 20.88888888888889 0.6000000000000003
1.0 0.9361914257228315 89.97 20.866666666666667 0.6100000000000003
1.0 0.9361914257228315 89.97 20.866666666666667 0.6200000000000003
1.0 0.93419740777667 89.97 20.822222222222223 0.6300000000000003
1.0 0.9312063808574277 89.97 20.755555555555556 0.6400000000000003
1.0 0.9292123629112662 89.97 20.711111111111112 0.6500000000000004
1.0 0.9242273180458624 89.97 20.6 0.6600000000000004
1.0 0.9202392821535393 89.97 20.511111111111113 0.6700000000000004
1.0 0.9172482552342971 89.97 20.444444444444443 0.6800000000000004
1.0 0.9112662013958126 89.97 20.31111111111111 0.6900000000000004
1.0 0.905284147557328 89.97 20.177777777777777 0.7000000000000004
1.0 0.8993020937188435 89.97 20.044444444444444 0.7100000000000004
1.0 0.8883349950149552 89.97 19.8 0.7200000000000004
1.0 0.8813559322033898 89.97 19.644444444444446 0.7300000000000004
1.0 0.8713858424725822 89.97 19.42222222222222 0.7400000000000004
1.0 0.8654037886340977 89.97 19.288888888888888 0.7500000000000004
1.0 0.8574277168494516 89.97 19.11111111111111 0.7600000000000005
1.0 0.8484546360917248 89.97 18.91111111111111 0.7700000000000005
0.999888851839502 0.8444666001994018 89.96 18.822222222222223 0.7800000000000005
0.9995554073580082 0.8414755732801595 89.93 18.755555555555556 0.7900000000000005
0.9988885183950206 0.8344965104685942 89.87 18.6 0.8000000000000005
0.9967767033455597 0.8285144566301097 89.68 18.466666666666665 0.8100000000000005
0.994109147493609 0.8265204386839482 89.44 18.42222222222222 0.8200000000000005
0.9882182949872179 0.8215353938185443 88.91 18.31111111111111 0.8300000000000005
0.9775480715794154 0.8145563310069791 87.95 18.155555555555555 0.8400000000000005
0.9626542180726909 0.8015952143569293 86.61 17.866666666666667 0.8500000000000005
0.9369789929976658 0.7816550348953141 84.3 17.42222222222222 0.8600000000000005
0.8987440257863732 0.7666999002991027 80.86 17.08888888888889 0.8700000000000006
0.8477270201178171 0.7417746759720838 76.27 16.533333333333335 0.8800000000000006
0.7839279759919974 0.7148554336989033 70.53 15.933333333333334 0.8900000000000006
0.7156830054462598 0.6829511465603191 64.39 15.222222222222221 0.9000000000000006
0.6451039235300656 0.6360917248255235 58.04 14.177777777777777 0.9100000000000006
0.5836389907747027 0.6051844466600199 52.51 13.488888888888889 0.9200000000000006
0.5386239857730355 0.576271186440678 48.46 12.844444444444445 0.9300000000000006
0.5026119817717016 0.5493519441674976 45.22 12.244444444444444 0.9400000000000006
0.48193842391908415 0.5324027916251246 43.36 11.866666666666667 0.9500000000000006
0.46771145937534736 0.5154536390827518 42.08 11.488888888888889 0.9600000000000006
0.45504056907858176 0.4915254237288136 40.94 10.955555555555556 0.9700000000000006
0.42125152828720686 0.4436689930209372 37.9 9.88888888888889 0.9800000000000006
0.32621985106146495 0.3300099700897308 29.35 7.355555555555555 0.9900000000000007
0.0 0.0 0.0 0.0
