1.0 1.0 11.24625 28.65714285714286 0.0
1.0 0.6251246261216351 11.24625 17.914285714285715 0.01
1.0 0.4695912263210369 11.24625 13.457142857142857 0.02
1.0 0.41774675972083747 11.24625 11.971428571428572 0.03
1.0 0.3798604187437687 11.24625 10.885714285714286 0.04
1.0 0.34995014955134596 11.24625 10.028571428571428 0.05
1.0 0.3050847457627119 11.24625 8.742857142857142 0.060000000000000005
1.0 0.3050847457627119 11.24625 8.742857142857142 0.07
1.0 0.292123629112662 11.24625 8.371428571428572 0.08
1.0 0.2811565304087737 11.24625 8.057142857142857 0.09
1.0 0.27218344965104685 11.24625 7.8 0.09999999999999999
1.0 0.26719840478564305 11.24625 7.6571428571428575 0.10999999999999999
1.0 0.26021934197407776 11.24625 7.457142857142857 0.11999999999999998
1.0 0.25124626121635096 11.24625 7.2 0.12999999999999998
1.0 0.24825523429710866 11.24625 7.114285714285714 0.13999999999999999
1.0 0.23629112662013957 11.24625 6.771428571428571 0.15
1.0 0.22333000997008973 11.24625 6.4 0.16
1.0 0.21535393818544366 11.24625 6.171428571428572 0.17
1.0 0.1984047856430708 11.24625 5.685714285714286 0.18000000000000002
1.0 0.19042871385842472 11.24625 5.457142857142857 0.19000000000000003
1.0 0.1814556331006979 11.24625 5.2 0.20000000000000004
1.0 0.17347956131605186 11.24625 4.9714285714285715 0.21000000000000005
1.0 0.16650049850448653 11.24625 4.771428571428571 0.22000000000000006
1.0 0.15952143569292124 11.24625 4.571428571428571 0.23000000000000007
1.0 0.15254237288135594 11.24625 4.371428571428571 0.24000000000000007
1.0 0.15154536390827517 11.24625 4.3428571428571425 0.25000000000000006
1.0 0.14955134596211367 11.24625 4.285714285714286 0.26000000000000006
1.0 0.14456630109670987 11.24625 4.142857142857143 0.2700000000000001
1.0 0.14456630109670987 11.24625 4.142857142857143 0.2800000000000001
1.0 0.13958125623130607 11.24625 4.0 0.2900000000000001
1.0 0.1345962113659023 11.24625 3.857142857142857 0.3000000000000001
1.0 0.1345962113659023 11.24625 3.857142857142857 0.3100000000000001
1.0 0.13160518444666003 11.24625 3.7714285714285714 0.3200000000000001
1.0 0.1296111665004985 11.24625 3.7142857142857144 0.3300000000000001
1.0 0.12861415752741776 11.24625 3.6857142857142855 0.34000000000000014
1.0 0.1226321036889332 11.24625 3.5142857142857142 0.35000000000000014
1.0 0.12163509471585245 11.24625 3.4857142857142858 0.36000000000000015
1.0 0.12163509471585245 11.24625 3.4857142857142858 0.37000000000000016
1.0 0.11864406779661017 11.24625 3.4 0.38000000000000017
1.0 0.1156530408773679 11.24625 3.3142857142857145 0.3900000000000002
1.0 0.10767696909272183 11.24625 3.085714285714286 0.4000000000000002
1.0 0.09870388833499502 11.24625 2.8285714285714287 0.4100000000000002
1.0 0.09371884346959122 11.24625 2.6857142857142855 0.4200000000000002
1.0 0.08673978065802593 11.24625 2.4857142857142858 0.4300000000000002
1.0 0.07676969092721835 11.24625 2.2 0.4400000000000002
1.0 0.07178464606181456 11.24625 2.057142857142857 0.45000000000000023
1.0 0.06779661016949153 11.24625 1.9428571428571428 0.46000000000000024
1.0 0.06281156530408774 11.24625 1.8 0.47000000000000025
1.0 0.05682951146560319 11.24625 1.6285714285714286 0.48000000000000026
1.0 0.054835493519441676 11.24625 1.5714285714285714 0.49000000000000027
1.0 0.05284147557328016 11.24625 1.5142857142857142 0.5000000000000002
1.0 0.0518444666001994 11.24625 1.4857142857142858 0.5100000000000002
1.0 0.05084745762711865 11.24625 1.457142857142857 0.5200000000000002
1.0 0.04885343968095713 11.24625 1.4 0.5300000000000002
1.0 0.04685942173479561 11.24625 1.3428571428571427 0.5400000000000003
1.0 0.0448654037886341 11.24625 1.2857142857142858 0.5500000000000003
1.0 0.04287138584247258 11.24625 1.2285714285714286 0.5600000000000003
1.0 0.04187437686939183 11.24625 1.2 0.5700000000000003
1.0 0.04187437686939183 11.24625 1.2 0.5800000000000003
1.0 0.04187437686939183 11.24625 1.2 0.5900000000000003
1.0 0.040877367896311065 11.24625 1.1714285714285715 0.6000000000000003
1.0 0.040877367896311065 11.24625 1.1714285714285715 0.6100000000000003
1.0 0.040877367896311065 11.24625 1.1714285714285715 0.6200000000000003
1.0 0.040877367896311065 11.24625 1.1714285714285715 0.6300000000000003
1.0 0.03988035892323031 11.24625 1.1428571428571428 0.6400000000000003
1.0 0.038883349950149554 11.24625 1.1142857142857143 0.6500000000000004
1.0 0.038883349950149554 11.24625 1.1142857142857143 0.6600000000000004
1.0 0.036889332003988036 11.24625 1.0571428571428572 0.6700000000000004
1.0 0.03489531405782652 11.24625 1.0 0.6800000000000004
1.0 0.03489531405782652 11.24625 1.0 0.6900000000000004
1.0 0.03389830508474576 11.24625 0.9714285714285714 0.7000000000000004
1.0 0.031904287138584245 11.24625 0.9142857142857143 0.7100000000000004
1.0 0.027916251246261216 11.24625 0.8 0.7200000000000004
1.0 0.023928215353938187 11.24625 0.6857142857142857 0.7300000000000004
1.0 0.019940179461615155 11.24625 0.5714285714285714 0.7400000000000004
1.0 0.01794616151545364 11.24625 0.5142857142857142 0.7500000000000004
1.0 0.013958125623130608 11.24625 0.4 0.7600000000000005
1.0 0.013958125623130608 11.24625 0.4 0.7700000000000005
1.0 0.010967098703888335 11.24625 0.3142857142857143 0.7800000000000005
1.0 0.009970089730807577 11.24625 0.2857142857142857 0.7900000000000005
1.0 0.009970089730807577 11.24625 0.2857142857142857 0.8000000000000005
1.0 0.00897308075772682 11.24625 0.2571428571428571 0.8100000000000005
1.0 0.00897308075772682 11.24625 0.2571428571428571 0.8200000000000005
1.0 0.00897308075772682 11.24625 0.2571428571428571 0.8300000000000005
1.0 0.00897308075772682 11.24625 0.2571428571428571 0.8400000000000005
1.0 0.00897308075772682 11.24625 0.2571428571428571 0.8500000000000005
1.0 0.00897308075772682 11.24625 0.2571428571428571 0.8600000000000005
1.0 0.007976071784646061 11.24625 0.22857142857142856 0.8700000000000006
0.999888851839502 0.007976071784646061 11.245 0.22857142857142856 0.8800000000000006
0.9997777036790041 0.007976071784646061 11.24375 0.22857142857142856 0.8900000000000006
0.9997777036790041 0.005982053838484547 11.24375 0.17142857142857143 0.9000000000000006
0.9996665555185061 0.0029910269192422734 11.2425 0.08571428571428572 0.9100000000000006
0.9994442591975102 0.0019940179461615153 11.24 0.05714285714285714 0.9200000000000006
0.9993331110370124 0.0019940179461615153 11.23875 0.05714285714285714 0.9300000000000006
0.9993331110370124 9.970089730807576E-4 11.23875 0.02857142857142857 0.9400000000000006
0.9991108147160165 0.0 11.23625 0.0 0.9500000000000006
0.9989996665555185 0.0 11.235 0.0 0.9600000000000006
0.9987773702345226 0.0 11.2325 0.0 0.9700000000000006
0.9978881849505391 0.0 11.2225 0.0 0.9800000000000006
0.995998666222074 0.0 11.20125 0.0 0.9900000000000007
0.0 0.0 0.0 0.0
