0 0.0  0 NaN 10000 9265.219999999965 0.9265219999999965
5 99.94  100 0.9994 10000 9278.289999999983 0.9278289999999982
10 199.37000000000003  200 0.9968500000000001 10000 9294.509999999944 0.9294509999999944
15 299.56000000000006  300 0.9985333333333335 10000 9242.14999999999 0.924214999999999
20 396.9800000000002  400 0.9924500000000005 10000 9314.369999999933 0.9314369999999933
25 497.2300000000002  500 0.9944600000000003 10000 9280.059999999956 0.9280059999999956
30 598.4800000000001  600 0.9974666666666668 10000 9270.499999999985 0.9270499999999986
35 696.5900000000005  700 0.9951285714285721 10000 9296.339999999931 0.9296339999999931
40 797.5300000000003  800 0.9969125000000004 10000 9298.509999999955 0.9298509999999954
45 897.5800000000005  900 0.9973111111111117 10000 9269.34999999996 0.9269349999999961
50 996.1600000000007  1000 0.9961600000000006 10000 9288.78999999995 0.928878999999995
