1.0 1.0 8.997 66.86666666666666 0.0
1.0 0.4317048853439681 8.997 28.866666666666667 0.01
1.0 0.325024925224327 8.997 21.733333333333334 0.02
1.0 0.29112662013958124 8.997 19.466666666666665 0.03
1.0 0.259222333000997 8.997 17.333333333333332 0.04
1.0 0.23529411764705882 8.997 15.733333333333333 0.05
1.0 0.21036889332003988 8.997 14.066666666666666 0.060000000000000005
1.0 0.21036889332003988 8.997 14.066666666666666 0.07
1.0 0.20139581256231306 8.997 13.466666666666667 0.08
1.0 0.1914257228315055 8.997 12.8 0.09
1.0 0.1864406779661017 8.997 12.466666666666667 0.09999999999999999
1.0 0.1794616151545364 8.997 12.0 0.10999999999999999
1.0 0.17248255234297108 8.997 11.533333333333333 0.11999999999999998
1.0 0.16849451645064806 8.997 11.266666666666667 0.12999999999999998
1.0 0.16450648055832504 8.997 11.0 0.13999999999999999
1.0 0.1585244267198405 8.997 10.6 0.15
1.0 0.1535393818544367 8.997 10.266666666666667 0.16
1.0 0.15254237288135594 8.997 10.2 0.17
1.0 0.13958125623130607 8.997 9.333333333333334 0.18000000000000002
1.0 0.13160518444666003 8.997 8.8 0.19000000000000003
1.0 0.1296111665004985 8.997 8.666666666666666 0.20000000000000004
1.0 0.12462612163509472 8.997 8.333333333333334 0.21000000000000005
1.0 0.12063808574277168 8.997 8.066666666666666 0.22000000000000006
1.0 0.1156530408773679 8.997 7.733333333333333 0.23000000000000007
1.0 0.11465603190428714 8.997 7.666666666666667 0.24000000000000007
1.0 0.1106679960119641 8.997 7.4 0.25000000000000006
1.0 0.10867397806580259 8.997 7.266666666666667 0.26000000000000006
1.0 0.10767696909272183 8.997 7.2 0.2700000000000001
1.0 0.10767696909272183 8.997 7.2 0.2800000000000001
1.0 0.1036889332003988 8.997 6.933333333333334 0.2900000000000001
1.0 0.1036889332003988 8.997 6.933333333333334 0.3000000000000001
1.0 0.1016949152542373 8.997 6.8 0.3100000000000001
1.0 0.09870388833499502 8.997 6.6 0.3200000000000001
1.0 0.09770687936191426 8.997 6.533333333333333 0.3300000000000001
1.0 0.09471585244267199 8.997 6.333333333333333 0.34000000000000014
1.0 0.09371884346959122 8.997 6.266666666666667 0.35000000000000014
1.0 0.09072781655034895 8.997 6.066666666666666 0.36000000000000015
1.0 0.08873379860418744 8.997 5.933333333333334 0.37000000000000016
1.0 0.08673978065802593 8.997 5.8 0.38000000000000017
1.0 0.08374875373878365 8.997 5.6 0.3900000000000002
1.0 0.08275174476570289 8.997 5.533333333333333 0.4000000000000002
1.0 0.07876370887337986 8.997 5.266666666666667 0.4100000000000002
1.0 0.07676969092721835 8.997 5.133333333333334 0.4200000000000002
1.0 0.06480558325024925 8.997 4.333333333333333 0.4300000000000002
1.0 0.06181455633100698 8.997 4.133333333333334 0.4400000000000002
1.0 0.06081754735792622 8.997 4.066666666666666 0.45000000000000023
1.0 0.05782652043868395 8.997 3.8666666666666667 0.46000000000000024
1.0 0.05583250249252243 8.997 3.7333333333333334 0.47000000000000025
1.0 0.054835493519441676 8.997 3.6666666666666665 0.48000000000000026
1.0 0.054835493519441676 8.997 3.6666666666666665 0.49000000000000027
1.0 0.053838484546360914 8.997 3.6 0.5000000000000002
1.0 0.05084745762711865 8.997 3.4 0.5100000000000002
1.0 0.049850448654037885 8.997 3.3333333333333335 0.5200000000000002
1.0 0.04685942173479561 8.997 3.1333333333333333 0.5300000000000002
1.0 0.045862412761714856 8.997 3.066666666666667 0.5400000000000003
1.0 0.04386839481555334 8.997 2.933333333333333 0.5500000000000003
1.0 0.04386839481555334 8.997 2.933333333333333 0.5600000000000003
1.0 0.04287138584247258 8.997 2.8666666666666667 0.5700000000000003
1.0 0.04287138584247258 8.997 2.8666666666666667 0.5800000000000003
1.0 0.04287138584247258 8.997 2.8666666666666667 0.5900000000000003
1.0 0.04287138584247258 8.997 2.8666666666666667 0.6000000000000003
1.0 0.04287138584247258 8.997 2.8666666666666667 0.6100000000000003
1.0 0.04187437686939183 8.997 2.8 0.6200000000000003
1.0 0.04187437686939183 8.997 2.8 0.6300000000000003
1.0 0.04187437686939183 8.997 2.8 0.6400000000000003
1.0 0.04187437686939183 8.997 2.8 0.6500000000000004
1.0 0.040877367896311065 8.997 2.7333333333333334 0.6600000000000004
1.0 0.038883349950149554 8.997 2.6 0.6700000000000004
1.0 0.038883349950149554 8.997 2.6 0.6800000000000004
1.0 0.03788634097706879 8.997 2.533333333333333 0.6900000000000004
1.0 0.036889332003988036 8.997 2.466666666666667 0.7000000000000004
1.0 0.03489531405782652 8.997 2.3333333333333335 0.7100000000000004
1.0 0.031904287138584245 8.997 2.1333333333333333 0.7200000000000004
1.0 0.02991026919242273 8.997 2.0 0.7300000000000004
1.0 0.02991026919242273 8.997 2.0 0.7400000000000004
1.0 0.027916251246261216 8.997 1.8666666666666667 0.7500000000000004
1.0 0.0259222333000997 8.997 1.7333333333333334 0.7600000000000005
1.0 0.023928215353938187 8.997 1.6 0.7700000000000005
1.0 0.020937188434695914 8.997 1.4 0.7800000000000005
1.0 0.020937188434695914 8.997 1.4 0.7900000000000005
1.0 0.020937188434695914 8.997 1.4 0.8000000000000005
1.0 0.020937188434695914 8.997 1.4 0.8100000000000005
1.0 0.020937188434695914 8.997 1.4 0.8200000000000005
1.0 0.020937188434695914 8.997 1.4 0.8300000000000005
1.0 0.020937188434695914 8.997 1.4 0.8400000000000005
1.0 0.020937188434695914 8.997 1.4 0.8500000000000005
1.0 0.020937188434695914 8.997 1.4 0.8600000000000005
1.0 0.020937188434695914 8.997 1.4 0.8700000000000006
1.0 0.020937188434695914 8.997 1.4 0.8800000000000006
1.0 0.020937188434695914 8.997 1.4 0.8900000000000006
1.0 0.019940179461615155 8.997 1.3333333333333333 0.9000000000000006
1.0 0.019940179461615155 8.997 1.3333333333333333 0.9100000000000006
1.0 0.019940179461615155 8.997 1.3333333333333333 0.9200000000000006
1.0 0.019940179461615155 8.997 1.3333333333333333 0.9300000000000006
1.0 0.019940179461615155 8.997 1.3333333333333333 0.9400000000000006
1.0 0.019940179461615155 8.997 1.3333333333333333 0.9500000000000006
1.0 0.019940179461615155 8.997 1.3333333333333333 0.9600000000000006
0.999888851839502 0.019940179461615155 8.996 1.3333333333333333 0.9700000000000006
0.999888851839502 0.019940179461615155 8.996 1.3333333333333333 0.9800000000000006
0.9991108147160165 0.019940179461615155 8.989 1.3333333333333333 0.9900000000000007
0.0 0.0 0.0 0.0
