1.0 1.0 17.994 20.06 0.0
1.0 0.8693918245264207 17.994 17.44 0.01
1.0 0.7597208374875374 17.994 15.24 0.02
1.0 0.7138584247258225 17.994 14.32 0.03
1.0 0.6879361914257228 17.994 13.8 0.04
1.0 0.6530408773678963 17.994 13.1 0.05
1.0 0.6161515453639083 17.994 12.36 0.060000000000000005
1.0 0.6161515453639083 17.994 12.36 0.07
1.0 0.6011964107676969 17.994 12.06 0.08
1.0 0.5902293120638086 17.994 11.84 0.09
1.0 0.5782652043868395 17.994 11.6 0.09999999999999999
1.0 0.5722831505483549 17.994 11.48 0.10999999999999999
1.0 0.5663010967098704 17.994 11.36 0.11999999999999998
1.0 0.5603190428713859 17.994 11.24 0.12999999999999998
1.0 0.555333998005982 17.994 11.14 0.13999999999999999
1.0 0.5503489531405783 17.994 11.04 0.15
1.0 0.5453639082751744 17.994 10.94 0.16
1.0 0.5413758723828515 17.994 10.86 0.17
1.0 0.5234297108673978 17.994 10.5 0.18000000000000002
1.0 0.514456630109671 17.994 10.32 0.19000000000000003
1.0 0.4985044865403789 17.994 10.0 0.20000000000000004
1.0 0.49252243270189433 17.994 9.88 0.21000000000000005
1.0 0.4865403788634098 17.994 9.76 0.22000000000000006
1.0 0.4835493519441675 17.994 9.7 0.23000000000000007
1.0 0.4765702891326022 17.994 9.56 0.24000000000000007
1.0 0.47258225324027914 17.994 9.48 0.25000000000000006
1.0 0.47058823529411764 17.994 9.44 0.26000000000000006
1.0 0.4675972083748754 17.994 9.38 0.2700000000000001
1.0 0.4646061814556331 17.994 9.32 0.2800000000000001
1.0 0.4626121635094716 17.994 9.28 0.2900000000000001
1.0 0.46061814556331004 17.994 9.24 0.3000000000000001
1.0 0.4596211365902293 17.994 9.22 0.3100000000000001
1.0 0.45663010967098705 17.994 9.16 0.3200000000000001
1.0 0.45363908275174475 17.994 9.1 0.3300000000000001
1.0 0.4476570289132602 17.994 8.98 0.34000000000000014
1.0 0.44466600199401796 17.994 8.92 0.35000000000000014
1.0 0.4406779661016949 17.994 8.84 0.36000000000000015
1.0 0.4386839481555334 17.994 8.8 0.37000000000000016
1.0 0.43270189431704886 17.994 8.68 0.38000000000000017
1.0 0.42572283150548357 17.994 8.54 0.3900000000000002
1.0 0.4147557328015952 17.994 8.32 0.4000000000000002
1.0 0.40279162512462613 17.994 8.08 0.4100000000000002
1.0 0.3948155533399801 17.994 7.92 0.4200000000000002
1.0 0.3848454636091725 17.994 7.72 0.4300000000000002
1.0 0.3728813559322034 17.994 7.48 0.4400000000000002
1.0 0.36490528414755735 17.994 7.32 0.45000000000000023
1.0 0.35294117647058826 17.994 7.08 0.46000000000000024
1.0 0.3419740777666999 17.994 6.86 0.47000000000000025
1.0 0.3320039880358923 17.994 6.66 0.48000000000000026
1.0 0.3240279162512463 17.994 6.5 0.49000000000000027
1.0 0.3150548354935194 17.994 6.32 0.5000000000000002
1.0 0.3120638085742772 17.994 6.26 0.5100000000000002
1.0 0.3070787637088734 17.994 6.16 0.5200000000000002
1.0 0.3020937188434696 17.994 6.06 0.5300000000000002
1.0 0.3000997008973081 17.994 6.02 0.5400000000000003
1.0 0.2951146560319043 17.994 5.92 0.5500000000000003
1.0 0.2931206380857428 17.994 5.88 0.5600000000000003
1.0 0.292123629112662 17.994 5.86 0.5700000000000003
1.0 0.2901296111665005 17.994 5.82 0.5800000000000003
1.0 0.28913260219341974 17.994 5.8 0.5900000000000003
1.0 0.28713858424725824 17.994 5.76 0.6000000000000003
1.0 0.2851445663010967 17.994 5.72 0.6100000000000003
1.0 0.2831505483549352 17.994 5.68 0.6200000000000003
1.0 0.2811565304087737 17.994 5.64 0.6300000000000003
1.0 0.2781655034895314 17.994 5.58 0.6400000000000003
1.0 0.27716849451645065 17.994 5.56 0.6500000000000004
1.0 0.2691924227318046 17.994 5.4 0.6600000000000004
1.0 0.26520438683948155 17.994 5.32 0.6700000000000004
1.0 0.25523429710867396 17.994 5.12 0.6800000000000004
1.0 0.24825523429710866 17.994 4.98 0.6900000000000004
1.0 0.24227318045862412 17.994 4.86 0.7000000000000004
1.0 0.2313060817547358 17.994 4.64 0.7100000000000004
1.0 0.21535393818544366 17.994 4.32 0.7200000000000004
1.0 0.2023928215353938 17.994 4.06 0.7300000000000004
1.0 0.19242273180458624 17.994 3.86 0.7400000000000004
1.0 0.1794616151545364 17.994 3.6 0.7500000000000004
1.0 0.1674975074775673 17.994 3.36 0.7600000000000005
1.0 0.15553339980059822 17.994 3.12 0.7700000000000005
1.0 0.14755732801595214 17.994 2.96 0.7800000000000005
1.0 0.14456630109670987 17.994 2.9 0.7900000000000005
0.999888851839502 0.14257228315054835 17.992 2.86 0.8000000000000005
0.999888851839502 0.14257228315054835 17.992 2.86 0.8100000000000005
0.9997777036790041 0.1415752741774676 17.99 2.84 0.8200000000000005
0.9995554073580082 0.13958125623130607 17.986 2.8 0.8300000000000005
0.9989996665555185 0.13758723828514458 17.976 2.76 0.8400000000000005
0.9983327775925308 0.13559322033898305 17.964 2.72 0.8500000000000005
0.9971101478270534 0.12861415752741776 17.942 2.58 0.8600000000000005
0.9951094809380905 0.12362911266201396 17.906 2.48 0.8700000000000006
0.9927753695676337 0.1156530408773679 17.864 2.32 0.8800000000000006
0.990107813715683 0.10967098703888335 17.816 2.2 0.8900000000000006
0.9879959986662221 0.09770687936191426 17.778 1.96 0.9000000000000006
0.9854395909747694 0.09471585244267199 17.732 1.9 0.9100000000000006
0.982216294320329 0.08673978065802593 17.674 1.74 0.9200000000000006
0.9799933311103701 0.07577268195413758 17.634 1.52 0.9300000000000006
0.9784372568633989 0.0707876370887338 17.606 1.42 0.9400000000000006
0.9774369234189174 0.06879361914257229 17.588 1.38 0.9500000000000006
0.9759919973324441 0.06779661016949153 17.562 1.36 0.9600000000000006
0.9728798488385018 0.06779661016949153 17.506 1.36 0.9700000000000006
0.9637656996776703 0.06779661016949153 17.342 1.36 0.9800000000000006
0.9324219184172502 0.06779661016949153 16.778 1.36 0.9900000000000007
0.0 0.0 0.0 0.0
