0.0 0.3988035892323031 0.0 20.0 0.0
0.0 0.3988035892323031 0.0 20.0 0.01
0.0 0.39082751744765704 0.0 19.6 0.02
0.0 0.38883349950149554 0.0 19.5 0.03
0.0 0.38783649052841473 0.0 19.45 0.04
0.0 0.38584247258225324 0.0 19.35 0.05
0.0 0.382851445663011 0.0 19.2 0.060000000000000005
0.0 0.382851445663011 0.0 19.2 0.07
0.0 0.382851445663011 0.0 19.2 0.08
0.0 0.38085742771684944 0.0 19.1 0.09
0.0 0.37886340977068794 0.0 19.0 0.09999999999999999
0.0 0.37886340977068794 0.0 19.0 0.10999999999999999
0.0 0.3778664007976072 0.0 18.95 0.11999999999999998
0.0 0.3778664007976072 0.0 18.95 0.12999999999999998
0.0 0.37587238285144564 0.0 18.85 0.13999999999999999
0.0 0.37587238285144564 0.0 18.85 0.15
0.0 0.37587238285144564 0.0 18.85 0.16
0.0 0.3748753738783649 0.0 18.8 0.17
0.0 0.3748753738783649 0.0 18.8 0.18000000000000002
0.0 0.3748753738783649 0.0 18.8 0.19000000000000003
0.0 0.37387836490528414 0.0 18.75 0.20000000000000004
0.0 0.3728813559322034 0.0 18.7 0.21000000000000005
0.0 0.37188434695912265 0.0 18.65 0.22000000000000006
0.0 0.37188434695912265 0.0 18.65 0.23000000000000007
0.0 0.3708873379860419 0.0 18.6 0.24000000000000007
0.0 0.3708873379860419 0.0 18.6 0.25000000000000006
0.0 0.36889332003988035 0.0 18.5 0.26000000000000006
0.0 0.36889332003988035 0.0 18.5 0.2700000000000001
0.0 0.36889332003988035 0.0 18.5 0.2800000000000001
0.0 0.3678963110667996 0.0 18.45 0.2900000000000001
0.0 0.36689930209371885 0.0 18.4 0.3000000000000001
0.0 0.3659022931206381 0.0 18.35 0.3100000000000001
0.0 0.36490528414755735 0.0 18.3 0.3200000000000001
0.0 0.36490528414755735 0.0 18.3 0.3300000000000001
0.0 0.36390827517447655 0.0 18.25 0.34000000000000014
0.0 0.36390827517447655 0.0 18.25 0.35000000000000014
0.0 0.36390827517447655 0.0 18.25 0.36000000000000015
0.0 0.36390827517447655 0.0 18.25 0.37000000000000016
0.0 0.36390827517447655 0.0 18.25 0.38000000000000017
0.0 0.36390827517447655 0.0 18.25 0.3900000000000002
0.0 0.36390827517447655 0.0 18.25 0.4000000000000002
0.0 0.36390827517447655 0.0 18.25 0.4100000000000002
0.0 0.36390827517447655 0.0 18.25 0.4200000000000002
0.0 0.36390827517447655 0.0 18.25 0.4300000000000002
0.0 0.3629112662013958 0.0 18.2 0.4400000000000002
0.0 0.3629112662013958 0.0 18.2 0.45000000000000023
0.0 0.3629112662013958 0.0 18.2 0.46000000000000024
0.0 0.3629112662013958 0.0 18.2 0.47000000000000025
0.0 0.36191425722831505 0.0 18.15 0.48000000000000026
0.0 0.3609172482552343 0.0 18.1 0.49000000000000027
0.0 0.3609172482552343 0.0 18.1 0.5000000000000002
0.0 0.3609172482552343 0.0 18.1 0.5100000000000002
0.0 0.35992023928215355 0.0 18.05 0.5200000000000002
0.0 0.3589232303090728 0.0 18.0 0.5300000000000002
0.0 0.357926221335992 0.0 17.95 0.5400000000000003
0.0 0.35692921236291125 0.0 17.9 0.5500000000000003
0.0 0.35493519441674976 0.0 17.8 0.5600000000000003
0.0 0.35294117647058826 0.0 17.7 0.5700000000000003
0.0 0.35294117647058826 0.0 17.7 0.5800000000000003
0.0 0.34995014955134596 0.0 17.55 0.5900000000000003
0.0 0.3469591226321037 0.0 17.4 0.6000000000000003
0.0 0.3459621136590229 0.0 17.35 0.6100000000000003
0.0 0.3439680957128614 0.0 17.25 0.6200000000000003
0.0 0.34297108673978066 0.0 17.2 0.6300000000000003
0.0 0.34097706879361916 0.0 17.1 0.6400000000000003
0.0 0.33998005982053836 0.0 17.05 0.6500000000000004
0.0 0.33998005982053836 0.0 17.05 0.6600000000000004
0.0 0.3389830508474576 0.0 17.0 0.6700000000000004
0.0 0.3389830508474576 0.0 17.0 0.6800000000000004
0.0 0.33798604187437686 0.0 16.95 0.6900000000000004
0.0 0.33798604187437686 0.0 16.95 0.7000000000000004
0.0 0.33798604187437686 0.0 16.95 0.7100000000000004
0.0 0.3339980059820538 0.0 16.75 0.7200000000000004
0.0 0.3339980059820538 0.0 16.75 0.7300000000000004
0.0 0.3320039880358923 0.0 16.65 0.7400000000000004
0.0 0.3300099700897308 0.0 16.55 0.7500000000000004
0.0 0.3300099700897308 0.0 16.55 0.7600000000000005
0.0 0.3300099700897308 0.0 16.55 0.7700000000000005
0.0 0.3270189431704885 0.0 16.4 0.7800000000000005
0.0 0.325024925224327 0.0 16.3 0.7900000000000005
0.0 0.3180458624127617 0.0 15.95 0.8000000000000005
0.0 0.3160518444666002 0.0 15.85 0.8100000000000005
0.0 0.3120638085742772 0.0 15.65 0.8200000000000005
0.0 0.30309072781655033 0.0 15.2 0.8300000000000005
0.0 0.30309072781655033 0.0 15.2 0.8400000000000005
0.0 0.30109670987038883 0.0 15.1 0.8500000000000005
0.0 0.29611166500498504 0.0 14.85 0.8600000000000005
0.0 0.28913260219341974 0.0 14.5 0.8700000000000006
0.0 0.288135593220339 0.0 14.45 0.8800000000000006
0.0 0.288135593220339 0.0 14.45 0.8900000000000006
0.0 0.28414755732801594 0.0 14.25 0.9000000000000006
0.0 0.2761714855433699 0.0 13.85 0.9100000000000006
0.0 0.2691924227318046 0.0 13.5 0.9200000000000006
0.0 0.2662013958125623 0.0 13.35 0.9300000000000006
0.0 0.25523429710867396 0.0 12.8 0.9400000000000006
0.0 0.2472582253240279 0.0 12.4 0.9500000000000006
0.0 0.2313060817547358 0.0 11.6 0.9600000000000006
0.0 0.20438683948155534 0.0 10.25 0.9700000000000006
0.0 0.17746759720837488 0.0 8.9 0.9800000000000006
0.0 0.12761714855433698 0.0 6.4 0.9900000000000007
0.0 0.0 0.0 0.0
