1.0 1.0 89.97 2.0680412371134023 0.0
1.0 0.9980059820538385 89.97 2.063917525773196 0.01
1.0 0.9860418743768694 89.97 2.0391752577319586 0.02
1.0 0.9810568295114656 89.97 2.028865979381443 0.03
1.0 0.9770687936191426 89.97 2.020618556701031 0.04
1.0 0.9710867397806581 89.97 2.0082474226804123 0.05
1.0 0.9611166500498505 89.97 1.9876288659793815 0.060000000000000005
1.0 0.9611166500498505 89.97 1.9876288659793815 0.07
1.0 0.9571286141575274 89.97 1.9793814432989691 0.08
1.0 0.9531405782652044 89.97 1.9711340206185568 0.09
1.0 0.9511465603190429 89.97 1.9670103092783504 0.09999999999999999
1.0 0.9501495513459621 89.97 1.9649484536082473 0.10999999999999999
1.0 0.9471585244267199 89.97 1.958762886597938 0.11999999999999998
1.0 0.942173479561316 89.97 1.9484536082474226 0.12999999999999998
1.0 0.9401794616151545 89.97 1.9443298969072165 0.13999999999999999
1.0 0.938185443668993 89.97 1.9402061855670103 0.15
1.0 0.9312063808574277 89.97 1.9257731958762887 0.16
1.0 0.9282153539381854 89.97 1.9195876288659794 0.17
1.0 0.9192422731804586 89.97 1.9010309278350515 0.18000000000000002
1.0 0.9142572283150548 89.97 1.890721649484536 0.19000000000000003
1.0 0.9102691924227319 89.97 1.8824742268041237 0.20000000000000004
1.0 0.909272183449651 89.97 1.8804123711340206 0.21000000000000005
1.0 0.9072781655034895 89.97 1.8762886597938144 0.22000000000000006
1.0 0.9072781655034895 89.97 1.8762886597938144 0.23000000000000007
1.0 0.905284147557328 89.97 1.8721649484536083 0.24000000000000007
1.0 0.9042871385842473 89.97 1.8701030927835052 0.25000000000000006
1.0 0.9032901296111665 89.97 1.868041237113402 0.26000000000000006
1.0 0.9032901296111665 89.97 1.868041237113402 0.2700000000000001
1.0 0.9022931206380858 89.97 1.865979381443299 0.2800000000000001
1.0 0.901296111665005 89.97 1.863917525773196 0.2900000000000001
1.0 0.901296111665005 89.97 1.863917525773196 0.3000000000000001
1.0 0.901296111665005 89.97 1.863917525773196 0.3100000000000001
1.0 0.901296111665005 89.97 1.863917525773196 0.3200000000000001
1.0 0.901296111665005 89.97 1.863917525773196 0.3300000000000001
1.0 0.901296111665005 89.97 1.863917525773196 0.34000000000000014
1.0 0.9002991026919243 89.97 1.8618556701030928 0.35000000000000014
1.0 0.8983050847457628 89.97 1.8577319587628867 0.36000000000000015
1.0 0.8953140578265204 89.97 1.8515463917525774 0.37000000000000016
1.0 0.8933200398803589 89.97 1.8474226804123712 0.38000000000000017
1.0 0.8893320039880359 89.97 1.8391752577319587 0.3900000000000002
1.0 0.8843469591226321 89.97 1.8288659793814432 0.4000000000000002
1.0 0.8783649052841476 89.97 1.8164948453608247 0.4100000000000002
1.0 0.8773678963110668 89.97 1.8144329896907216 0.4200000000000002
1.0 0.8703888334995015 89.97 1.8 0.4300000000000002
1.0 0.8654037886340977 89.97 1.7896907216494846 0.4400000000000002
1.0 0.864406779661017 89.97 1.7876288659793815 0.45000000000000023
1.0 0.8564307078763709 89.97 1.7711340206185566 0.46000000000000024
1.0 0.8524426719840479 89.97 1.7628865979381443 0.47000000000000025
1.0 0.8494516450648056 89.97 1.756701030927835 0.48000000000000026
1.0 0.8484546360917248 89.97 1.754639175257732 0.49000000000000027
1.0 0.847457627118644 89.97 1.7525773195876289 0.5000000000000002
1.0 0.8464606181455633 89.97 1.7505154639175258 0.5100000000000002
1.0 0.8464606181455633 89.97 1.7505154639175258 0.5200000000000002
1.0 0.8464606181455633 89.97 1.7505154639175258 0.5300000000000002
1.0 0.8464606181455633 89.97 1.7505154639175258 0.5400000000000003
1.0 0.8454636091724825 89.97 1.7484536082474227 0.5500000000000003
1.0 0.8454636091724825 89.97 1.7484536082474227 0.5600000000000003
1.0 0.8454636091724825 89.97 1.7484536082474227 0.5700000000000003
1.0 0.8444666001994018 89.97 1.7463917525773196 0.5800000000000003
1.0 0.8444666001994018 89.97 1.7463917525773196 0.5900000000000003
1.0 0.8424725822532403 89.97 1.7422680412371134 0.6000000000000003
1.0 0.8414755732801595 89.97 1.7402061855670103 0.6100000000000003
1.0 0.8414755732801595 89.97 1.7402061855670103 0.6200000000000003
1.0 0.839481555333998 89.97 1.7360824742268042 0.6300000000000003
1.0 0.8354935194416749 89.97 1.7278350515463918 0.6400000000000003
1.0 0.8285144566301097 89.97 1.71340206185567 0.6500000000000004
1.0 0.8195413758723828 89.97 1.6948453608247422 0.6600000000000004
1.0 0.8095712861415753 89.97 1.6742268041237114 0.6700000000000004
1.0 0.7946161515453639 89.97 1.6432989690721649 0.6800000000000004
1.0 0.7796610169491526 89.97 1.6123711340206186 0.6900000000000004
1.0 0.7706879361914257 89.97 1.5938144329896908 0.7000000000000004
1.0 0.7517447657028913 89.97 1.554639175257732 0.7100000000000004
1.0 0.7268195413758723 89.97 1.5030927835051546 0.7200000000000004
1.0 0.7058823529411765 89.97 1.4597938144329896 0.7300000000000004
1.0 0.6869391824526421 89.97 1.420618556701031 0.7400000000000004
1.0 0.6650049850448654 89.97 1.3752577319587629 0.7500000000000004
1.0 0.6490528414755733 89.97 1.3422680412371133 0.7600000000000005
0.999888851839502 0.6410767696909272 89.96 1.3257731958762886 0.7700000000000005
0.9995554073580082 0.6291126620139581 89.93 1.3010309278350516 0.7800000000000005
0.9992219628765144 0.6221335992023929 89.9 1.28659793814433 0.7900000000000005
0.9986662220740247 0.617148554336989 89.85 1.2762886597938143 0.8000000000000005
0.9969989996665555 0.6121635094715853 89.7 1.265979381443299 0.8100000000000005
0.9944425919751028 0.6111665004985045 89.47 1.2639175257731958 0.8200000000000005
0.9906635545181727 0.6071784646061814 89.13 1.2556701030927835 0.8300000000000005
0.9833277759253084 0.5932203389830508 88.47 1.2268041237113403 0.8400000000000005
0.9694342558630654 0.576271186440678 87.22 1.1917525773195876 0.8500000000000005
0.9502056240969212 0.5383848454636092 85.49 1.1134020618556701 0.8600000000000005
0.9240858063799045 0.5024925224327019 83.14 1.0391752577319588 0.8700000000000006
0.8851839502056241 0.45164506480558325 79.64 0.934020618556701 0.8800000000000006
0.8346115371790597 0.3948155533399801 75.09 0.8164948453608247 0.8900000000000006
0.7819273091030343 0.3220338983050847 70.35 0.6659793814432989 0.9000000000000006
0.7253528954095809 0.23928215353938184 65.26 0.4948453608247423 0.9100000000000006
0.675891963987996 0.16450648055832504 60.81 0.3402061855670103 0.9200000000000006
0.6413248860731355 0.11266201395812563 57.7 0.2329896907216495 0.9300000000000006
0.612648660664666 0.08175473579262213 55.12 0.16907216494845362 0.9400000000000006
0.5930865844170279 0.06679960119641076 53.36 0.13814432989690723 0.9500000000000006
0.5750805824163611 0.05284147557328016 51.74 0.10927835051546392 0.9600000000000006
0.5568522840946982 0.0518444666001994 50.1 0.10721649484536082 0.9700000000000006
0.5211737245748583 0.05084745762711865 46.89 0.10515463917525773 0.9800000000000006
0.42480826942314104 0.05084745762711865 38.22 0.10515463917525773 0.9900000000000007
0.0 0.0 0.0 0.0
