1.0 1.0 12.852857142857143 20.06 0.0
0.998110481271535 0.7168494516450648 12.82857142857143 14.38 0.01
0.9979993331110371 0.6031904287138584 12.827142857142857 12.1 0.02
0.9979993331110371 0.5583250249252243 12.827142857142857 11.2 0.03
0.9979993331110371 0.5284147557328016 12.827142857142857 10.6 0.04
0.9979993331110371 0.4905284147557328 12.827142857142857 9.84 0.05
0.9979993331110371 0.4436689930209372 12.827142857142857 8.9 0.060000000000000005
0.9979993331110371 0.4436689930209372 12.827142857142857 8.9 0.07
0.9979993331110371 0.419740777666999 12.827142857142857 8.42 0.08
0.9979993331110371 0.40079760717846463 12.827142857142857 8.04 0.09
0.9979993331110371 0.39082751744765704 12.827142857142857 7.84 0.09999999999999999
0.9979993331110371 0.37686939182452645 12.827142857142857 7.56 0.10999999999999999
0.9979993331110371 0.3708873379860419 12.827142857142857 7.44 0.11999999999999998
0.9979993331110371 0.35992023928215355 12.827142857142857 7.22 0.12999999999999998
0.9979993331110371 0.35194416749750745 12.827142857142857 7.06 0.13999999999999999
0.9979993331110371 0.34297108673978066 12.827142857142857 6.88 0.15
0.9979993331110371 0.33599202392821537 12.827142857142857 6.74 0.16
0.9979993331110371 0.3200398803589232 12.827142857142857 6.42 0.17
0.9979993331110371 0.30109670987038883 12.827142857142857 6.04 0.18000000000000002
0.9979993331110371 0.288135593220339 12.827142857142857 5.78 0.19000000000000003
0.9979993331110371 0.2761714855433699 12.827142857142857 5.54 0.20000000000000004
0.9979993331110371 0.2642073778664008 12.827142857142857 5.3 0.21000000000000005
0.9979993331110371 0.25623130608175476 12.827142857142857 5.14 0.22000000000000006
0.9979993331110371 0.2502492522432702 12.827142857142857 5.02 0.23000000000000007
0.9979993331110371 0.24227318045862412 12.827142857142857 4.86 0.24000000000000007
0.9979993331110371 0.23629112662013957 12.827142857142857 4.74 0.25000000000000006
0.9978881849505391 0.23030907278165502 12.825714285714286 4.62 0.26000000000000006
0.9978881849505391 0.22731804586241275 12.825714285714286 4.56 0.2700000000000001
0.9978881849505391 0.22233300099700898 12.825714285714286 4.46 0.2800000000000001
0.9978881849505391 0.22033898305084745 12.825714285714286 4.42 0.2900000000000001
0.9978881849505391 0.22033898305084745 12.825714285714286 4.42 0.3000000000000001
0.9978881849505391 0.2193419740777667 12.825714285714286 4.4 0.3100000000000001
0.9978881849505391 0.21834496510468593 12.825714285714286 4.38 0.3200000000000001
0.9978881849505391 0.21834496510468593 12.825714285714286 4.38 0.3300000000000001
0.9978881849505391 0.21734795613160518 12.825714285714286 4.36 0.34000000000000014
0.9978881849505391 0.2143569292123629 12.825714285714286 4.3 0.35000000000000014
0.9978881849505391 0.2073778664007976 12.825714285714286 4.16 0.36000000000000015
0.9978881849505391 0.20438683948155534 12.825714285714286 4.1 0.37000000000000016
0.9978881849505391 0.1984047856430708 12.825714285714286 3.98 0.38000000000000017
0.9978881849505391 0.19641076769690927 12.825714285714286 3.94 0.3900000000000002
0.9978881849505391 0.19242273180458624 12.825714285714286 3.86 0.4000000000000002
0.9978881849505391 0.18743768693918245 12.825714285714286 3.76 0.4100000000000002
0.9978881849505391 0.18045862412761715 12.825714285714286 3.62 0.4200000000000002
0.9978881849505391 0.17248255234297108 12.825714285714286 3.46 0.4300000000000002
0.9978881849505391 0.1625124626121635 12.825714285714286 3.26 0.4400000000000002
0.9978881849505391 0.15952143569292124 12.825714285714286 3.2 0.45000000000000023
0.9978881849505391 0.1535393818544367 12.825714285714286 3.08 0.46000000000000024
0.9978881849505391 0.14556331006979062 12.825714285714286 2.92 0.47000000000000025
0.9978881849505391 0.14356929212362912 12.825714285714286 2.88 0.48000000000000026
0.9978881849505391 0.14257228315054835 12.825714285714286 2.86 0.49000000000000027
0.9978881849505391 0.1365902293120638 12.825714285714286 2.74 0.5000000000000002
0.9978881849505391 0.13260219341974078 12.825714285714286 2.66 0.5100000000000002
0.9978881849505391 0.12861415752741776 12.825714285714286 2.58 0.5200000000000002
0.9978881849505391 0.12761714855433698 12.825714285714286 2.56 0.5300000000000002
0.9978881849505391 0.12163509471585245 12.825714285714286 2.44 0.5400000000000003
0.9978881849505391 0.11964107676969092 12.825714285714286 2.4 0.5500000000000003
0.9978881849505391 0.11864406779661017 12.825714285714286 2.38 0.5600000000000003
0.9978881849505391 0.11764705882352941 12.825714285714286 2.36 0.5700000000000003
0.9978881849505391 0.11665004985044865 12.825714285714286 2.34 0.5800000000000003
0.9978881849505391 0.11665004985044865 12.825714285714286 2.34 0.5900000000000003
0.9978881849505391 0.1156530408773679 12.825714285714286 2.32 0.6000000000000003
0.9978881849505391 0.11465603190428714 12.825714285714286 2.3 0.6100000000000003
0.9978881849505391 0.10967098703888335 12.825714285714286 2.2 0.6200000000000003
0.9978881849505391 0.10568295114656032 12.825714285714286 2.12 0.6300000000000003
0.9978881849505391 0.1036889332003988 12.825714285714286 2.08 0.6400000000000003
0.9978881849505391 0.1016949152542373 12.825714285714286 2.04 0.6500000000000004
0.9978881849505391 0.09770687936191426 12.825714285714286 1.96 0.6600000000000004
0.9978881849505391 0.09371884346959122 12.825714285714286 1.88 0.6700000000000004
0.9978881849505391 0.09371884346959122 12.825714285714286 1.88 0.6800000000000004
0.9978881849505391 0.09072781655034895 12.825714285714286 1.82 0.6900000000000004
0.9978881849505391 0.0847457627118644 12.825714285714286 1.7 0.7000000000000004
0.9978881849505391 0.08175473579262213 12.825714285714286 1.64 0.7100000000000004
0.9978881849505391 0.07178464606181456 12.825714285714286 1.44 0.7200000000000004
0.9978881849505391 0.06679960119641076 12.825714285714286 1.34 0.7300000000000004
0.9978881849505391 0.05982053838484546 12.825714285714286 1.2 0.7400000000000004
0.9977770367900411 0.054835493519441676 12.824285714285715 1.1 0.7500000000000004
0.9977770367900411 0.05284147557328016 12.824285714285715 1.06 0.7600000000000005
0.9977770367900411 0.04685942173479561 12.824285714285715 0.94 0.7700000000000005
0.9977770367900411 0.04187437686939183 12.824285714285715 0.84 0.7800000000000005
0.9977770367900411 0.040877367896311065 12.824285714285715 0.82 0.7900000000000005
0.9977770367900411 0.038883349950149554 12.824285714285715 0.78 0.8000000000000005
0.9977770367900411 0.03788634097706879 12.824285714285715 0.76 0.8100000000000005
0.9977770367900411 0.03788634097706879 12.824285714285715 0.76 0.8200000000000005
0.9977770367900411 0.03589232303090728 12.824285714285715 0.72 0.8300000000000005
0.9976658886295432 0.03589232303090728 12.822857142857142 0.72 0.8400000000000005
0.9976658886295432 0.03489531405782652 12.822857142857142 0.7 0.8500000000000005
0.9975547404690452 0.03290129611166501 12.821428571428571 0.66 0.8600000000000005
0.9975547404690452 0.02991026919242273 12.821428571428571 0.6 0.8700000000000006
0.9973324441480493 0.023928215353938187 12.81857142857143 0.48 0.8800000000000006
0.9971101478270534 0.019940179461615155 12.815714285714286 0.4 0.8900000000000006
0.9967767033455597 0.01794616151545364 12.811428571428571 0.36 0.9000000000000006
0.995998666222074 0.011964107676969093 12.801428571428572 0.24 0.9100000000000006
0.9954429254195843 0.004985044865403789 12.794285714285714 0.1 0.9200000000000006
0.9952206290985884 0.0029910269192422734 12.791428571428572 0.06 0.9300000000000006
0.9948871846170946 0.0019940179461615153 12.787142857142857 0.04 0.9400000000000006
0.9946648882960987 9.970089730807576E-4 12.784285714285714 0.02 0.9500000000000006
0.9944425919751028 0.0 12.781428571428572 0.0 0.9600000000000006
0.9938868511726131 0.0 12.774285714285714 0.0 0.9700000000000006
0.9927753695676337 0.0 12.76 0.0 0.9800000000000006
0.9852172946537735 0.0 12.662857142857144 0.0 0.9900000000000007
0.0 0.0 0.0 0.0
