1.0 1.0 12.852857142857143 28.65714285714286 0.0
1.0 0.8215353938185443 12.852857142857143 23.542857142857144 0.01
1.0 0.6959122632103689 12.852857142857143 19.942857142857143 0.02
1.0 0.646061814556331 12.852857142857143 18.514285714285716 0.03
1.0 0.6111665004985045 12.852857142857143 17.514285714285716 0.04
1.0 0.5952143569292123 12.852857142857143 17.057142857142857 0.05
1.0 0.5732801595214357 12.852857142857143 16.428571428571427 0.060000000000000005
1.0 0.5732801595214357 12.852857142857143 16.428571428571427 0.07
1.0 0.5563310069790628 12.852857142857143 15.942857142857143 0.08
1.0 0.5473579262213359 12.852857142857143 15.685714285714285 0.09
1.0 0.53938185443669 12.852857142857143 15.457142857142857 0.09999999999999999
1.0 0.5363908275174477 12.852857142857143 15.371428571428572 0.10999999999999999
1.0 0.5264207377866401 12.852857142857143 15.085714285714285 0.11999999999999998
1.0 0.518444666001994 12.852857142857143 14.857142857142858 0.12999999999999998
1.0 0.514456630109671 12.852857142857143 14.742857142857142 0.13999999999999999
1.0 0.5104685942173479 12.852857142857143 14.628571428571428 0.15
1.0 0.5054835493519442 12.852857142857143 14.485714285714286 0.16
1.0 0.49750747756729813 12.852857142857143 14.257142857142858 0.17
1.0 0.48454636091724823 12.852857142857143 13.885714285714286 0.18000000000000002
1.0 0.4745762711864407 12.852857142857143 13.6 0.19000000000000003
1.0 0.4666001994017946 12.852857142857143 13.371428571428572 0.20000000000000004
1.0 0.45363908275174475 12.852857142857143 13.0 0.21000000000000005
1.0 0.44865403788634095 12.852857142857143 12.857142857142858 0.22000000000000006
1.0 0.44167497507477566 12.852857142857143 12.657142857142857 0.23000000000000007
1.0 0.43668993020937186 12.852857142857143 12.514285714285714 0.24000000000000007
1.0 0.43270189431704886 12.852857142857143 12.4 0.25000000000000006
1.0 0.4267198404785643 12.852857142857143 12.228571428571428 0.26000000000000006
1.0 0.42273180458624127 12.852857142857143 12.114285714285714 0.2700000000000001
1.0 0.42073778664007977 12.852857142857143 12.057142857142857 0.2800000000000001
1.0 0.41575274177467597 12.852857142857143 11.914285714285715 0.2900000000000001
1.0 0.4137587238285145 12.852857142857143 11.857142857142858 0.3000000000000001
1.0 0.4097706879361914 12.852857142857143 11.742857142857142 0.3100000000000001
1.0 0.4087736789631107 12.852857142857143 11.714285714285714 0.3200000000000001
1.0 0.4067796610169492 12.852857142857143 11.657142857142857 0.3300000000000001
1.0 0.4057826520438684 12.852857142857143 11.628571428571428 0.34000000000000014
1.0 0.4047856430707876 12.852857142857143 11.6 0.35000000000000014
1.0 0.40079760717846463 12.852857142857143 11.485714285714286 0.36000000000000015
1.0 0.3988035892323031 12.852857142857143 11.428571428571429 0.37000000000000016
1.0 0.3968095712861416 12.852857142857143 11.371428571428572 0.38000000000000017
1.0 0.3938185443668993 12.852857142857143 11.285714285714286 0.3900000000000002
1.0 0.3918245264207378 12.852857142857143 11.228571428571428 0.4000000000000002
1.0 0.382851445663011 12.852857142857143 10.971428571428572 0.4100000000000002
1.0 0.37886340977068794 12.852857142857143 10.857142857142858 0.4200000000000002
1.0 0.37686939182452645 12.852857142857143 10.8 0.4300000000000002
1.0 0.3678963110667996 12.852857142857143 10.542857142857143 0.4400000000000002
1.0 0.3629112662013958 12.852857142857143 10.4 0.45000000000000023
1.0 0.3559322033898305 12.852857142857143 10.2 0.46000000000000024
1.0 0.35294117647058826 12.852857142857143 10.114285714285714 0.47000000000000025
1.0 0.3489531405782652 12.852857142857143 10.0 0.48000000000000026
1.0 0.34496510468594216 12.852857142857143 9.885714285714286 0.49000000000000027
1.0 0.33798604187437686 12.852857142857143 9.685714285714285 0.5000000000000002
1.0 0.33100697906281157 12.852857142857143 9.485714285714286 0.5100000000000002
1.0 0.32901296111665007 12.852857142857143 9.428571428571429 0.5200000000000002
1.0 0.3220338983050847 12.852857142857143 9.228571428571428 0.5300000000000002
1.0 0.3160518444666002 12.852857142857143 9.057142857142857 0.5400000000000003
1.0 0.3120638085742772 12.852857142857143 8.942857142857143 0.5500000000000003
1.0 0.3100697906281156 12.852857142857143 8.885714285714286 0.5600000000000003
1.0 0.3070787637088734 12.852857142857143 8.8 0.5700000000000003
1.0 0.30309072781655033 12.852857142857143 8.685714285714285 0.5800000000000003
1.0 0.29910269192422734 12.852857142857143 8.571428571428571 0.5900000000000003
1.0 0.29611166500498504 12.852857142857143 8.485714285714286 0.6000000000000003
1.0 0.292123629112662 12.852857142857143 8.371428571428572 0.6100000000000003
1.0 0.28913260219341974 12.852857142857143 8.285714285714286 0.6200000000000003
1.0 0.28614157527417744 12.852857142857143 8.2 0.6300000000000003
1.0 0.28614157527417744 12.852857142857143 8.2 0.6400000000000003
1.0 0.28215353938185445 12.852857142857143 8.085714285714285 0.6500000000000004
1.0 0.27517447657028915 12.852857142857143 7.885714285714286 0.6600000000000004
1.0 0.2691924227318046 12.852857142857143 7.714285714285714 0.6700000000000004
1.0 0.26719840478564305 12.852857142857143 7.6571428571428575 0.6800000000000004
1.0 0.2622133599202393 12.852857142857143 7.514285714285714 0.6900000000000004
1.0 0.2572283150548355 12.852857142857143 7.371428571428571 0.7000000000000004
1.0 0.2502492522432702 12.852857142857143 7.171428571428572 0.7100000000000004
1.0 0.24227318045862412 12.852857142857143 6.942857142857143 0.7200000000000004
1.0 0.23629112662013957 12.852857142857143 6.771428571428571 0.7300000000000004
1.0 0.23030907278165502 12.852857142857143 6.6 0.7400000000000004
1.0 0.21734795613160518 12.852857142857143 6.228571428571429 0.7500000000000004
1.0 0.21335992023928216 12.852857142857143 6.114285714285714 0.7600000000000005
1.0 0.2073778664007976 12.852857142857143 5.942857142857143 0.7700000000000005
1.0 0.2023928215353938 12.852857142857143 5.8 0.7800000000000005
1.0 0.19940179461615154 12.852857142857143 5.714285714285714 0.7900000000000005
1.0 0.19441674975074777 12.852857142857143 5.571428571428571 0.8000000000000005
1.0 0.19242273180458624 12.852857142857143 5.514285714285714 0.8100000000000005
0.999888851839502 0.18344965104685942 12.851428571428572 5.257142857142857 0.8200000000000005
0.999888851839502 0.17547357926221335 12.851428571428572 5.0285714285714285 0.8300000000000005
0.999888851839502 0.17347956131605186 12.851428571428572 4.9714285714285715 0.8400000000000005
0.9997777036790041 0.1694915254237288 12.85 4.857142857142857 0.8500000000000005
0.9994442591975102 0.16051844466600199 12.845714285714285 4.6 0.8600000000000005
0.9992219628765144 0.15653040877367896 12.842857142857143 4.485714285714286 0.8700000000000006
0.9987773702345226 0.15453639082751744 12.837142857142856 4.428571428571429 0.8800000000000006
0.9986662220740247 0.14955134596211367 12.835714285714285 4.285714285714286 0.8900000000000006
0.9982216294320329 0.1415752741774676 12.83 4.057142857142857 0.9000000000000006
0.9972212959875514 0.13359920239282153 12.817142857142857 3.8285714285714287 0.9100000000000006
0.9965544070245638 0.12462612163509472 12.808571428571428 3.5714285714285716 0.9200000000000006
0.995887518061576 0.11964107676969092 12.8 3.4285714285714284 0.9300000000000006
0.9951094809380905 0.10568295114656032 12.79 3.0285714285714285 0.9400000000000006
0.9945537401356007 0.0967098703888335 12.782857142857143 2.7714285714285714 0.9500000000000006
0.9939979993331111 0.08773678963110668 12.775714285714285 2.5142857142857142 0.9600000000000006
0.9928865177281316 0.07876370887337986 12.76142857142857 2.257142857142857 0.9700000000000006
0.9894409247526953 0.054835493519441676 12.717142857142857 1.5714285714285714 0.9800000000000006
0.980215627431366 0.040877367896311065 12.598571428571429 1.1714285714285715 0.9900000000000007
0.0 0.0 0.0 0.0
