1.0 1.0 89.97 3.299342105263158 0.0
1.0 1.0 89.97 3.299342105263158 0.01
1.0 0.9940179461615155 89.97 3.2796052631578947 0.02
1.0 0.9880358923230309 89.97 3.2598684210526314 0.03
1.0 0.9850448654037887 89.97 3.25 0.04
1.0 0.9810568295114656 89.97 3.236842105263158 0.05
1.0 0.9770687936191426 89.97 3.223684210526316 0.060000000000000005
1.0 0.9770687936191426 89.97 3.223684210526316 0.07
1.0 0.9770687936191426 89.97 3.223684210526316 0.08
1.0 0.9760717846460618 89.97 3.2203947368421053 0.09
1.0 0.9740777666999003 89.97 3.213815789473684 0.09999999999999999
1.0 0.9730807577268196 89.97 3.210526315789474 0.10999999999999999
1.0 0.9720837487537388 89.97 3.2072368421052633 0.11999999999999998
1.0 0.9700897308075773 89.97 3.200657894736842 0.12999999999999998
1.0 0.9680957128614157 89.97 3.1940789473684212 0.13999999999999999
1.0 0.967098703888335 89.97 3.1907894736842106 0.15
1.0 0.9651046859421735 89.97 3.1842105263157894 0.16
1.0 0.9611166500498505 89.97 3.1710526315789473 0.17
1.0 0.9511465603190429 89.97 3.138157894736842 0.18000000000000002
1.0 0.9491525423728814 89.97 3.1315789473684212 0.19000000000000003
1.0 0.9471585244267199 89.97 3.125 0.20000000000000004
1.0 0.942173479561316 89.97 3.1085526315789473 0.21000000000000005
1.0 0.9401794616151545 89.97 3.101973684210526 0.22000000000000006
1.0 0.9401794616151545 89.97 3.101973684210526 0.23000000000000007
1.0 0.9391824526420738 89.97 3.098684210526316 0.24000000000000007
1.0 0.9371884346959123 89.97 3.0921052631578947 0.25000000000000006
1.0 0.9361914257228315 89.97 3.088815789473684 0.26000000000000006
1.0 0.93419740777667 89.97 3.0822368421052633 0.2700000000000001
1.0 0.93419740777667 89.97 3.0822368421052633 0.2800000000000001
1.0 0.93419740777667 89.97 3.0822368421052633 0.2900000000000001
1.0 0.9332003988035892 89.97 3.0789473684210527 0.3000000000000001
1.0 0.9322033898305084 89.97 3.075657894736842 0.3100000000000001
1.0 0.9312063808574277 89.97 3.0723684210526314 0.3200000000000001
1.0 0.9312063808574277 89.97 3.0723684210526314 0.3300000000000001
1.0 0.9312063808574277 89.97 3.0723684210526314 0.34000000000000014
1.0 0.9312063808574277 89.97 3.0723684210526314 0.35000000000000014
1.0 0.9292123629112662 89.97 3.0657894736842106 0.36000000000000015
1.0 0.9242273180458624 89.97 3.049342105263158 0.37000000000000016
1.0 0.9232303090727817 89.97 3.0460526315789473 0.38000000000000017
1.0 0.9212362911266201 89.97 3.039473684210526 0.3900000000000002
1.0 0.9192422731804586 89.97 3.0328947368421053 0.4000000000000002
1.0 0.9122632103688934 89.97 3.0098684210526314 0.4100000000000002
1.0 0.909272183449651 89.97 3.0 0.4200000000000002
1.0 0.9062811565304087 89.97 2.9901315789473686 0.4300000000000002
1.0 0.9022931206380858 89.97 2.976973684210526 0.4400000000000002
1.0 0.8983050847457628 89.97 2.963815789473684 0.45000000000000023
1.0 0.8943170488534397 89.97 2.950657894736842 0.46000000000000024
1.0 0.8903290129611167 89.97 2.9375 0.47000000000000025
1.0 0.8873379860418744 89.97 2.9276315789473686 0.48000000000000026
1.0 0.8863409770687937 89.97 2.924342105263158 0.49000000000000027
1.0 0.8843469591226321 89.97 2.9177631578947367 0.5000000000000002
1.0 0.8813559322033898 89.97 2.9078947368421053 0.5100000000000002
1.0 0.8793619142572283 89.97 2.901315789473684 0.5200000000000002
1.0 0.8783649052841476 89.97 2.898026315789474 0.5300000000000002
1.0 0.8773678963110668 89.97 2.8947368421052633 0.5400000000000003
1.0 0.8773678963110668 89.97 2.8947368421052633 0.5500000000000003
1.0 0.8753738783649053 89.97 2.888157894736842 0.5600000000000003
1.0 0.8743768693918246 89.97 2.8848684210526314 0.5700000000000003
1.0 0.8743768693918246 89.97 2.8848684210526314 0.5800000000000003
1.0 0.8733798604187437 89.97 2.8815789473684212 0.5900000000000003
1.0 0.8733798604187437 89.97 2.8815789473684212 0.6000000000000003
1.0 0.8713858424725822 89.97 2.875 0.6100000000000003
1.0 0.8703888334995015 89.97 2.8717105263157894 0.6200000000000003
1.0 0.86839481555334 89.97 2.8651315789473686 0.6300000000000003
1.0 0.8614157527417746 89.97 2.8421052631578947 0.6400000000000003
1.0 0.8574277168494516 89.97 2.8289473684210527 0.6500000000000004
1.0 0.8514456630109671 89.97 2.8092105263157894 0.6600000000000004
1.0 0.843469591226321 89.97 2.7828947368421053 0.6700000000000004
1.0 0.8295114656031904 89.97 2.736842105263158 0.6800000000000004
1.0 0.8135593220338984 89.97 2.6842105263157894 0.6900000000000004
1.0 0.8005982053838484 89.97 2.6414473684210527 0.7000000000000004
1.0 0.7876370887337986 89.97 2.598684210526316 0.7100000000000004
1.0 0.7637088733798604 89.97 2.5197368421052633 0.7200000000000004
1.0 0.7467597208374875 89.97 2.463815789473684 0.7300000000000004
1.0 0.7248255234297108 89.97 2.3914473684210527 0.7400000000000004
1.0 0.7038883349950149 89.97 2.3223684210526314 0.7500000000000004
1.0 0.6829511465603191 89.97 2.2532894736842106 0.7600000000000005
1.0 0.6679960119641076 89.97 2.2039473684210527 0.7700000000000005
1.0 0.6550348953140578 89.97 2.161184210526316 0.7800000000000005
0.9994442591975102 0.6480558325024925 89.92 2.138157894736842 0.7900000000000005
0.9986662220740247 0.6430707876370887 89.85 2.1217105263157894 0.8000000000000005
0.9969989996665555 0.6370887337986042 89.7 2.101973684210526 0.8100000000000005
0.994220295654107 0.6331006979062812 89.45 2.088815789473684 0.8200000000000005
0.9889963321107036 0.6231306081754736 88.98 2.0559210526315788 0.8300000000000005
0.9794375903078804 0.613160518444666 88.12 2.023026315789474 0.8400000000000005
0.9650994776036457 0.6001994017946162 86.83 1.980263157894737 0.8500000000000005
0.9432032899855507 0.5583250249252243 84.86 1.8421052631578947 0.8600000000000005
0.9048571746137601 0.5124626121635095 81.41 1.6907894736842106 0.8700000000000006
0.8588418361676114 0.45862412761714855 77.27 1.513157894736842 0.8800000000000006
0.8010447927086807 0.3968095712861416 72.07 1.3092105263157894 0.8900000000000006
0.7393575636323219 0.31106679960119643 66.52 1.0263157894736843 0.9000000000000006
0.6755585195065021 0.2313060817547358 60.78 0.7631578947368421 0.9100000000000006
0.62054018006002 0.16550348953140578 55.83 0.5460526315789473 0.9200000000000006
0.5785261753917973 0.10867397806580259 52.05 0.35855263157894735 0.9300000000000006
0.5447371346004224 0.0847457627118644 49.01 0.27960526315789475 0.9400000000000006
0.5249527620317884 0.06181455633100698 47.23 0.20394736842105263 0.9500000000000006
0.5130599088585084 0.05084745762711865 46.16 0.16776315789473684 0.9600000000000006
0.5003890185617428 0.05084745762711865 45.02 0.16776315789473684 0.9700000000000006
0.46726686673335555 0.05084745762711865 42.04 0.16776315789473684 0.9800000000000006
0.3670112259642103 0.05084745762711865 33.02 0.16776315789473684 0.9900000000000007
0.0 0.0 0.0 0.0
