1.0 1.0 44.985 50.15 0.0
1.0 0.9910269192422732 44.985 49.7 0.01
1.0 0.9611166500498505 44.985 48.2 0.02
1.0 0.9521435692921236 44.985 47.75 0.03
1.0 0.938185443668993 44.985 47.05 0.04
1.0 0.9212362911266201 44.985 46.2 0.05
1.0 0.8963110667996012 44.985 44.95 0.060000000000000005
1.0 0.8963110667996012 44.985 44.95 0.07
1.0 0.8873379860418744 44.985 44.5 0.08
1.0 0.8783649052841476 44.985 44.05 0.09
1.0 0.8713858424725822 44.985 43.7 0.09999999999999999
1.0 0.8664007976071785 44.985 43.45 0.10999999999999999
1.0 0.8604187437686939 44.985 43.15 0.11999999999999998
1.0 0.8564307078763709 44.985 42.95 0.12999999999999998
1.0 0.8484546360917248 44.985 42.55 0.13999999999999999
1.0 0.8444666001994018 44.985 42.35 0.15
1.0 0.8354935194416749 44.985 41.9 0.16
1.0 0.8305084745762712 44.985 41.65 0.17
1.0 0.8155533399800599 44.985 40.9 0.18000000000000002
1.0 0.810568295114656 44.985 40.65 0.19000000000000003
1.0 0.7996011964107677 44.985 40.1 0.20000000000000004
1.0 0.7926221335992024 44.985 39.75 0.21000000000000005
1.0 0.7886340977068793 44.985 39.55 0.22000000000000006
1.0 0.7816550348953141 44.985 39.2 0.23000000000000007
1.0 0.7796610169491526 44.985 39.1 0.24000000000000007
1.0 0.7796610169491526 44.985 39.1 0.25000000000000006
1.0 0.7786640079760718 44.985 39.05 0.26000000000000006
1.0 0.7776669990029911 44.985 39.0 0.2700000000000001
1.0 0.773678963110668 44.985 38.8 0.2800000000000001
1.0 0.7706879361914257 44.985 38.65 0.2900000000000001
1.0 0.769690927218345 44.985 38.6 0.3000000000000001
1.0 0.7676969092721835 44.985 38.5 0.3100000000000001
1.0 0.7676969092721835 44.985 38.5 0.3200000000000001
1.0 0.7666999002991027 44.985 38.45 0.3300000000000001
1.0 0.7647058823529411 44.985 38.35 0.34000000000000014
1.0 0.7647058823529411 44.985 38.35 0.35000000000000014
1.0 0.7647058823529411 44.985 38.35 0.36000000000000015
1.0 0.7637088733798604 44.985 38.3 0.37000000000000016
1.0 0.7577268195413759 44.985 38.0 0.38000000000000017
1.0 0.7507477567298105 44.985 37.65 0.3900000000000002
1.0 0.7417746759720838 44.985 37.2 0.4000000000000002
1.0 0.7298105682951147 44.985 36.6 0.4100000000000002
1.0 0.7198404785643071 44.985 36.1 0.4200000000000002
1.0 0.711864406779661 44.985 35.7 0.4300000000000002
1.0 0.7008973080757727 44.985 35.15 0.4400000000000002
1.0 0.6889332003988036 44.985 34.55 0.45000000000000023
1.0 0.6829511465603191 44.985 34.25 0.46000000000000024
1.0 0.674975074775673 44.985 33.85 0.47000000000000025
1.0 0.67098703888335 44.985 33.65 0.48000000000000026
1.0 0.6630109670987039 44.985 33.25 0.49000000000000027
1.0 0.6600199401794616 44.985 33.1 0.5000000000000002
1.0 0.6550348953140578 44.985 32.85 0.5100000000000002
1.0 0.6490528414755733 44.985 32.55 0.5200000000000002
1.0 0.6450648055832503 44.985 32.35 0.5300000000000002
1.0 0.6440677966101694 44.985 32.3 0.5400000000000003
1.0 0.6420737786640079 44.985 32.2 0.5500000000000003
1.0 0.6390827517447657 44.985 32.05 0.5600000000000003
1.0 0.638085742771685 44.985 32.0 0.5700000000000003
1.0 0.638085742771685 44.985 32.0 0.5800000000000003
1.0 0.634097706879362 44.985 31.8 0.5900000000000003
1.0 0.6311066799601196 44.985 31.65 0.6000000000000003
1.0 0.6281156530408774 44.985 31.5 0.6100000000000003
1.0 0.6281156530408774 44.985 31.5 0.6200000000000003
1.0 0.6261216350947159 44.985 31.4 0.6300000000000003
1.0 0.6251246261216351 44.985 31.35 0.6400000000000003
1.0 0.6191425722831505 44.985 31.05 0.6500000000000004
1.0 0.6151545363908275 44.985 30.85 0.6600000000000004
1.0 0.6031904287138584 44.985 30.25 0.6700000000000004
1.0 0.5892323030907278 44.985 29.55 0.6800000000000004
1.0 0.5782652043868395 44.985 29.0 0.6900000000000004
1.0 0.5672981056829511 44.985 28.45 0.7000000000000004
1.0 0.551345962113659 44.985 27.65 0.7100000000000004
1.0 0.5304087736789631 44.985 26.6 0.7200000000000004
1.0 0.5104685942173479 44.985 25.6 0.7300000000000004
1.0 0.4965104685942173 44.985 24.9 0.7400000000000004
1.0 0.47557328015952144 44.985 23.85 0.7500000000000004
1.0 0.46061814556331004 44.985 23.1 0.7600000000000005
0.999888851839502 0.4506480558325025 44.98 22.6 0.7700000000000005
0.9997777036790041 0.43768693918245266 44.975 21.95 0.7800000000000005
0.9995554073580082 0.4307078763708873 44.965 21.6 0.7900000000000005
0.9995554073580082 0.4217347956131605 44.965 21.15 0.8000000000000005
0.9986662220740247 0.41774675972083747 44.925 20.95 0.8100000000000005
0.9973324441480493 0.4167497507477567 44.865 20.9 0.8200000000000005
0.9945537401356007 0.4117647058823529 44.74 20.65 0.8300000000000005
0.9915527398021563 0.4077766699900299 44.605 20.45 0.8400000000000005
0.9854395909747694 0.3988035892323031 44.33 20.0 0.8500000000000005
0.9767700344559298 0.3818544366899302 43.94 19.15 0.8600000000000005
0.9642102923196622 0.3589232303090728 43.375 18.0 0.8700000000000006
0.9502056240969212 0.33300099700897307 42.745 16.7 0.8800000000000006
0.9311992886517728 0.29810568295114653 41.89 14.95 0.8900000000000006
0.9075247304657108 0.25623130608175476 40.825 12.85 0.9000000000000006
0.8847393575636323 0.2073778664007976 39.8 10.4 0.9100000000000006
0.8640657997110148 0.1744765702891326 38.87 8.75 0.9200000000000006
0.8469489829943314 0.1345962113659023 38.1 6.75 0.9300000000000006
0.8327220184505947 0.11166500498504486 37.46 5.6 0.9400000000000006
0.8203845726353229 0.10269192422731804 36.905 5.15 0.9500000000000006
0.8101589418695121 0.09870388833499502 36.445 4.95 0.9600000000000006
0.7933755696343225 0.09770687936191426 35.69 4.9 0.9700000000000006
0.7642547515838612 0.09770687936191426 34.38 4.9 0.9800000000000006
0.685673002111815 0.0967098703888335 30.845 4.85 0.9900000000000007
0.0 0.0 0.0 0.0
