1.0 1.0 89.97 2.332558139534884 0.0
1.0 0.9980059820538385 89.97 2.327906976744186 0.01
1.0 0.9970089730807578 89.97 2.3255813953488373 0.02
1.0 0.9900299102691924 89.97 2.3093023255813954 0.03
1.0 0.9830508474576272 89.97 2.2930232558139534 0.04
1.0 0.9780658025922233 89.97 2.281395348837209 0.05
1.0 0.9730807577268196 89.97 2.269767441860465 0.060000000000000005
1.0 0.9730807577268196 89.97 2.269767441860465 0.07
1.0 0.9710867397806581 89.97 2.2651162790697676 0.08
1.0 0.9690927218344965 89.97 2.26046511627907 0.09
1.0 0.9651046859421735 89.97 2.2511627906976743 0.09999999999999999
1.0 0.963110667996012 89.97 2.2465116279069766 0.10999999999999999
1.0 0.9621136590229312 89.97 2.244186046511628 0.11999999999999998
1.0 0.9621136590229312 89.97 2.244186046511628 0.12999999999999998
1.0 0.9611166500498505 89.97 2.2418604651162792 0.13999999999999999
1.0 0.9581256231306082 89.97 2.2348837209302324 0.15
1.0 0.9541375872382851 89.97 2.2255813953488373 0.16
1.0 0.9521435692921236 89.97 2.2209302325581395 0.17
1.0 0.9481555333998006 89.97 2.2116279069767444 0.18000000000000002
1.0 0.9451645064805583 89.97 2.2046511627906975 0.19000000000000003
1.0 0.9451645064805583 89.97 2.2046511627906975 0.20000000000000004
1.0 0.9441674975074775 89.97 2.202325581395349 0.21000000000000005
1.0 0.9441674975074775 89.97 2.202325581395349 0.22000000000000006
1.0 0.942173479561316 89.97 2.197674418604651 0.23000000000000007
1.0 0.9411764705882353 89.97 2.1953488372093024 0.24000000000000007
1.0 0.9401794616151545 89.97 2.1930232558139533 0.25000000000000006
1.0 0.9391824526420738 89.97 2.1906976744186046 0.26000000000000006
1.0 0.938185443668993 89.97 2.188372093023256 0.2700000000000001
1.0 0.938185443668993 89.97 2.188372093023256 0.2800000000000001
1.0 0.9371884346959123 89.97 2.186046511627907 0.2900000000000001
1.0 0.9371884346959123 89.97 2.186046511627907 0.3000000000000001
1.0 0.9371884346959123 89.97 2.186046511627907 0.3100000000000001
1.0 0.9371884346959123 89.97 2.186046511627907 0.3200000000000001
1.0 0.9361914257228315 89.97 2.183720930232558 0.3300000000000001
1.0 0.9361914257228315 89.97 2.183720930232558 0.34000000000000014
1.0 0.9332003988035892 89.97 2.1767441860465118 0.35000000000000014
1.0 0.9332003988035892 89.97 2.1767441860465118 0.36000000000000015
1.0 0.9332003988035892 89.97 2.1767441860465118 0.37000000000000016
1.0 0.9332003988035892 89.97 2.1767441860465118 0.38000000000000017
1.0 0.9322033898305084 89.97 2.1744186046511627 0.3900000000000002
1.0 0.9312063808574277 89.97 2.172093023255814 0.4000000000000002
1.0 0.9242273180458624 89.97 2.155813953488372 0.4100000000000002
1.0 0.922233300099701 89.97 2.1511627906976742 0.4200000000000002
1.0 0.9182452642073778 89.97 2.141860465116279 0.4300000000000002
1.0 0.9142572283150548 89.97 2.1325581395348836 0.4400000000000002
1.0 0.9102691924227319 89.97 2.1232558139534885 0.45000000000000023
1.0 0.9082751744765702 89.97 2.1186046511627907 0.46000000000000024
1.0 0.9042871385842473 89.97 2.109302325581395 0.47000000000000025
1.0 0.9002991026919243 89.97 2.1 0.48000000000000026
1.0 0.8963110667996012 89.97 2.0906976744186045 0.49000000000000027
1.0 0.8963110667996012 89.97 2.0906976744186045 0.5000000000000002
1.0 0.8933200398803589 89.97 2.083720930232558 0.5100000000000002
1.0 0.8913260219341974 89.97 2.0790697674418603 0.5200000000000002
1.0 0.8913260219341974 89.97 2.0790697674418603 0.5300000000000002
1.0 0.8903290129611167 89.97 2.0767441860465117 0.5400000000000003
1.0 0.8903290129611167 89.97 2.0767441860465117 0.5500000000000003
1.0 0.8893320039880359 89.97 2.074418604651163 0.5600000000000003
1.0 0.8883349950149552 89.97 2.072093023255814 0.5700000000000003
1.0 0.8883349950149552 89.97 2.072093023255814 0.5800000000000003
1.0 0.8873379860418744 89.97 2.0697674418604652 0.5900000000000003
1.0 0.8873379860418744 89.97 2.0697674418604652 0.6000000000000003
1.0 0.8863409770687937 89.97 2.067441860465116 0.6100000000000003
1.0 0.8843469591226321 89.97 2.062790697674419 0.6200000000000003
1.0 0.8783649052841476 89.97 2.0488372093023255 0.6300000000000003
1.0 0.8753738783649053 89.97 2.041860465116279 0.6400000000000003
1.0 0.8693918245264207 89.97 2.027906976744186 0.6500000000000004
1.0 0.8624127617148555 89.97 2.011627906976744 0.6600000000000004
1.0 0.8564307078763709 89.97 1.9976744186046511 0.6700000000000004
1.0 0.8454636091724825 89.97 1.972093023255814 0.6800000000000004
1.0 0.8334995014955134 89.97 1.9441860465116279 0.6900000000000004
1.0 0.8205383848454636 89.97 1.913953488372093 0.7000000000000004
1.0 0.8095712861415753 89.97 1.8883720930232557 0.7100000000000004
1.0 0.7836490528414756 89.97 1.827906976744186 0.7200000000000004
1.0 0.769690927218345 89.97 1.7953488372093023 0.7300000000000004
1.0 0.7547357926221336 89.97 1.7604651162790699 0.7400000000000004
1.0 0.7457627118644068 89.97 1.7395348837209301 0.7500000000000004
1.0 0.7377866400797607 89.97 1.7209302325581395 0.7600000000000005
0.999888851839502 0.7228315054835494 89.96 1.686046511627907 0.7700000000000005
0.9996665555185061 0.7108673978065803 89.94 1.658139534883721 0.7800000000000005
0.9992219628765144 0.6999002991026919 89.9 1.6325581395348838 0.7900000000000005
0.9986662220740247 0.6939182452642074 89.85 1.6186046511627907 0.8000000000000005
0.9969989996665555 0.6819541375872383 89.7 1.5906976744186045 0.8100000000000005
0.9932199622096254 0.6799601196410767 89.36 1.586046511627907 0.8200000000000005
0.9884405913082138 0.6739780658025922 88.93 1.572093023255814 0.8300000000000005
0.980215627431366 0.6590229312063809 88.19 1.5372093023255815 0.8400000000000005
0.9647660331221518 0.6440677966101694 86.8 1.5023255813953489 0.8500000000000005
0.9403134378126042 0.5992023928215354 84.6 1.3976744186046512 0.8600000000000005
0.905190619095254 0.555333998005982 81.44 1.2953488372093023 0.8700000000000006
0.8568411692786484 0.4965104685942173 77.09 1.158139534883721 0.8800000000000006
0.7941536067578081 0.4307078763708873 71.45 1.0046511627906978 0.8900000000000006
0.7231299321996221 0.33300099700897307 65.06 0.7767441860465116 0.9000000000000006
0.653995776369901 0.24227318045862412 58.84 0.5651162790697675 0.9100000000000006
0.5945315105035012 0.16550348953140578 53.49 0.386046511627907 0.9200000000000006
0.5488496165388462 0.11166500498504486 49.38 0.26046511627906976 0.9300000000000006
0.5141713904634878 0.08275174476570289 46.26 0.1930232558139535 0.9400000000000006
0.4889407580304546 0.06081754735792622 43.99 0.14186046511627906 0.9500000000000006
0.46671112593086583 0.053838484546360914 41.99 0.12558139534883722 0.9600000000000006
0.4471490496832277 0.0518444666001994 40.23 0.12093023255813953 0.9700000000000006
0.4093586751139269 0.05084745762711865 36.83 0.1186046511627907 0.9800000000000006
0.33144381460486827 0.05084745762711865 29.82 0.1186046511627907 0.9900000000000007
0.0 0.0 0.0 0.0
