1.0 1.0 89.97 5.9 0.0
1.0 0.9990029910269193 89.97 5.894117647058824 0.01
1.0 0.9980059820538385 89.97 5.8882352941176475 0.02
1.0 0.9970089730807578 89.97 5.882352941176471 0.03
1.0 0.9940179461615155 89.97 5.864705882352941 0.04
1.0 0.9940179461615155 89.97 5.864705882352941 0.05
1.0 0.9880358923230309 89.97 5.829411764705882 0.060000000000000005
1.0 0.9880358923230309 89.97 5.829411764705882 0.07
1.0 0.9870388833499502 89.97 5.823529411764706 0.08
1.0 0.9830508474576272 89.97 5.8 0.09
1.0 0.9780658025922233 89.97 5.770588235294118 0.09999999999999999
1.0 0.9740777666999003 89.97 5.747058823529412 0.10999999999999999
1.0 0.9730807577268196 89.97 5.741176470588235 0.11999999999999998
1.0 0.9730807577268196 89.97 5.741176470588235 0.12999999999999998
1.0 0.9710867397806581 89.97 5.729411764705882 0.13999999999999999
1.0 0.9690927218344965 89.97 5.7176470588235295 0.15
1.0 0.967098703888335 89.97 5.705882352941177 0.16
1.0 0.9651046859421735 89.97 5.694117647058824 0.17
1.0 0.9621136590229312 89.97 5.676470588235294 0.18000000000000002
1.0 0.9611166500498505 89.97 5.670588235294118 0.19000000000000003
1.0 0.9571286141575274 89.97 5.647058823529412 0.20000000000000004
1.0 0.9541375872382851 89.97 5.629411764705883 0.21000000000000005
1.0 0.9521435692921236 89.97 5.617647058823529 0.22000000000000006
1.0 0.9521435692921236 89.97 5.617647058823529 0.23000000000000007
1.0 0.9501495513459621 89.97 5.605882352941176 0.24000000000000007
1.0 0.9501495513459621 89.97 5.605882352941176 0.25000000000000006
1.0 0.9501495513459621 89.97 5.605882352941176 0.26000000000000006
1.0 0.9501495513459621 89.97 5.605882352941176 0.2700000000000001
1.0 0.9501495513459621 89.97 5.605882352941176 0.2800000000000001
1.0 0.9491525423728814 89.97 5.6 0.2900000000000001
1.0 0.9491525423728814 89.97 5.6 0.3000000000000001
1.0 0.9491525423728814 89.97 5.6 0.3100000000000001
1.0 0.9491525423728814 89.97 5.6 0.3200000000000001
1.0 0.9491525423728814 89.97 5.6 0.3300000000000001
1.0 0.9491525423728814 89.97 5.6 0.34000000000000014
1.0 0.9491525423728814 89.97 5.6 0.35000000000000014
1.0 0.9481555333998006 89.97 5.594117647058823 0.36000000000000015
1.0 0.9481555333998006 89.97 5.594117647058823 0.37000000000000016
1.0 0.9461615154536391 89.97 5.58235294117647 0.38000000000000017
1.0 0.9441674975074775 89.97 5.570588235294117 0.3900000000000002
1.0 0.942173479561316 89.97 5.5588235294117645 0.4000000000000002
1.0 0.9371884346959123 89.97 5.529411764705882 0.4100000000000002
1.0 0.93419740777667 89.97 5.511764705882353 0.4200000000000002
1.0 0.9302093718843469 89.97 5.488235294117647 0.4300000000000002
1.0 0.9242273180458624 89.97 5.452941176470588 0.4400000000000002
1.0 0.9212362911266201 89.97 5.435294117647059 0.45000000000000023
1.0 0.9162512462612163 89.97 5.405882352941177 0.46000000000000024
1.0 0.9132602193419741 89.97 5.3882352941176475 0.47000000000000025
1.0 0.9102691924227319 89.97 5.370588235294117 0.48000000000000026
1.0 0.909272183449651 89.97 5.364705882352941 0.49000000000000027
1.0 0.9062811565304087 89.97 5.347058823529411 0.5000000000000002
1.0 0.9032901296111665 89.97 5.329411764705882 0.5100000000000002
1.0 0.9022931206380858 89.97 5.323529411764706 0.5200000000000002
1.0 0.9002991026919243 89.97 5.311764705882353 0.5300000000000002
1.0 0.9002991026919243 89.97 5.311764705882353 0.5400000000000003
1.0 0.8983050847457628 89.97 5.3 0.5500000000000003
1.0 0.8983050847457628 89.97 5.3 0.5600000000000003
1.0 0.8983050847457628 89.97 5.3 0.5700000000000003
1.0 0.8973080757726819 89.97 5.294117647058823 0.5800000000000003
1.0 0.8973080757726819 89.97 5.294117647058823 0.5900000000000003
1.0 0.8973080757726819 89.97 5.294117647058823 0.6000000000000003
1.0 0.8953140578265204 89.97 5.2823529411764705 0.6100000000000003
1.0 0.8923230309072782 89.97 5.264705882352941 0.6200000000000003
1.0 0.8893320039880359 89.97 5.247058823529412 0.6300000000000003
1.0 0.8863409770687937 89.97 5.229411764705882 0.6400000000000003
1.0 0.8813559322033898 89.97 5.2 0.6500000000000004
1.0 0.86839481555334 89.97 5.123529411764705 0.6600000000000004
1.0 0.8594217347956131 89.97 5.070588235294117 0.6700000000000004
1.0 0.8464606181455633 89.97 4.9941176470588236 0.6800000000000004
1.0 0.8305084745762712 89.97 4.9 0.6900000000000004
1.0 0.8145563310069791 89.97 4.805882352941176 0.7000000000000004
1.0 0.7966101694915254 89.97 4.7 0.7100000000000004
1.0 0.7676969092721835 89.97 4.529411764705882 0.7200000000000004
1.0 0.748753738783649 89.97 4.41764705882353 0.7300000000000004
1.0 0.7278165503489531 89.97 4.294117647058823 0.7400000000000004
1.0 0.7048853439680958 89.97 4.158823529411765 0.7500000000000004
1.0 0.6899302093718843 89.97 4.070588235294117 0.7600000000000005
1.0 0.6779661016949152 89.97 4.0 0.7700000000000005
0.9996665555185061 0.6669990029910269 89.94 3.9352941176470586 0.7800000000000005
0.9994442591975102 0.6580259222333001 89.92 3.8823529411764706 0.7900000000000005
0.9986662220740247 0.6510468594217348 89.85 3.8411764705882354 0.8000000000000005
0.9969989996665555 0.6480558325024925 89.7 3.823529411764706 0.8100000000000005
0.9951094809380905 0.6440677966101694 89.53 3.8 0.8200000000000005
0.9896632210736912 0.634097706879362 89.04 3.7411764705882353 0.8300000000000005
0.9804379237523619 0.6221335992023929 88.21 3.6705882352941175 0.8400000000000005
0.9660998110481271 0.6031904287138584 86.92 3.5588235294117645 0.8500000000000005
0.9432032899855507 0.5563310069790628 84.86 3.2823529411764705 0.8600000000000005
0.9081916194286984 0.5104685942173479 81.71 3.011764705882353 0.8700000000000006
0.8602867622540847 0.4596211365902293 77.4 2.711764705882353 0.8800000000000006
0.7975991997332444 0.39980059820538383 71.76 2.3588235294117648 0.8900000000000006
0.7335778592864288 0.31306081754735793 66.0 1.8470588235294119 0.9000000000000006
0.6662220740246749 0.22532402791625125 59.94 1.3294117647058823 0.9100000000000006
0.6117594753806824 0.15453639082751744 55.04 0.9117647058823529 0.9200000000000006
0.5701900633544514 0.10069790628115653 51.3 0.5941176470588235 0.9300000000000006
0.5340669111926197 0.07676969092721835 48.05 0.45294117647058824 0.9400000000000006
0.5106146493275536 0.06081754735792622 45.94 0.3588235294117647 0.9500000000000006
0.49205290652439704 0.053838484546360914 44.27 0.3176470588235294 0.9600000000000006
0.47304657107924863 0.05084745762711865 42.56 0.3 0.9700000000000006
0.43403356674447036 0.05084745762711865 39.05 0.3 0.9800000000000006
0.3329998888518395 0.05084745762711865 29.96 0.3 0.9900000000000007
0.0 0.0 0.0 0.0
