0.0 0.9970089730807578 0.0 25.0 0.0
0.0 0.9820538384845464 0.0 24.625 0.01
0.0 0.9461615154536391 0.0 23.725 0.02
0.0 0.9242273180458624 0.0 23.175 0.03
0.0 0.909272183449651 0.0 22.8 0.04
0.0 0.8913260219341974 0.0 22.35 0.05
0.0 0.8664007976071785 0.0 21.725 0.060000000000000005
0.0 0.8664007976071785 0.0 21.725 0.07
0.0 0.8624127617148555 0.0 21.625 0.08
0.0 0.8494516450648056 0.0 21.3 0.09
0.0 0.843469591226321 0.0 21.15 0.09999999999999999
0.0 0.8364905284147557 0.0 20.975 0.10999999999999999
0.0 0.8325024925224327 0.0 20.875 0.11999999999999998
0.0 0.8255234297108675 0.0 20.7 0.12999999999999998
0.0 0.8245264207377866 0.0 20.675 0.13999999999999999
0.0 0.8245264207377866 0.0 20.675 0.15
0.0 0.8195413758723828 0.0 20.55 0.16
0.0 0.8175473579262214 0.0 20.5 0.17
0.0 0.8165503489531406 0.0 20.475 0.18000000000000002
0.0 0.810568295114656 0.0 20.325 0.19000000000000003
0.0 0.8075772681954138 0.0 20.25 0.20000000000000004
0.0 0.806580259222333 0.0 20.225 0.21000000000000005
0.0 0.8035892323030908 0.0 20.15 0.22000000000000006
0.0 0.80259222333001 0.0 20.125 0.23000000000000007
0.0 0.8015952143569293 0.0 20.1 0.24000000000000007
0.0 0.7986041874376869 0.0 20.025 0.25000000000000006
0.0 0.7946161515453639 0.0 19.925 0.26000000000000006
0.0 0.7906281156530409 0.0 19.825 0.2700000000000001
0.0 0.7856430707876371 0.0 19.7 0.2800000000000001
0.0 0.7806580259222333 0.0 19.575 0.2900000000000001
0.0 0.7756729810568295 0.0 19.45 0.3000000000000001
0.0 0.7746759720837487 0.0 19.425 0.3100000000000001
0.0 0.7686939182452642 0.0 19.275 0.3200000000000001
0.0 0.7637088733798604 0.0 19.15 0.3300000000000001
0.0 0.7617148554336989 0.0 19.1 0.34000000000000014
0.0 0.7597208374875374 0.0 19.05 0.35000000000000014
0.0 0.7587238285144566 0.0 19.025 0.36000000000000015
0.0 0.7567298105682951 0.0 18.975 0.37000000000000016
0.0 0.7517447657028913 0.0 18.85 0.38000000000000017
0.0 0.7507477567298105 0.0 18.825 0.3900000000000002
0.0 0.748753738783649 0.0 18.775 0.4000000000000002
0.0 0.748753738783649 0.0 18.775 0.4100000000000002
0.0 0.748753738783649 0.0 18.775 0.4200000000000002
0.0 0.7427716849451645 0.0 18.625 0.4300000000000002
0.0 0.7427716849451645 0.0 18.625 0.4400000000000002
0.0 0.7387836490528414 0.0 18.525 0.45000000000000023
0.0 0.7347956131605184 0.0 18.425 0.46000000000000024
0.0 0.7337986041874377 0.0 18.4 0.47000000000000025
0.0 0.7298105682951147 0.0 18.3 0.48000000000000026
0.0 0.7258225324027916 0.0 18.2 0.49000000000000027
0.0 0.7248255234297108 0.0 18.175 0.5000000000000002
0.0 0.7218344965104686 0.0 18.1 0.5100000000000002
0.0 0.7198404785643071 0.0 18.05 0.5200000000000002
0.0 0.7168494516450648 0.0 17.975 0.5300000000000002
0.0 0.715852442671984 0.0 17.95 0.5400000000000003
0.0 0.7138584247258225 0.0 17.9 0.5500000000000003
0.0 0.7098703888334995 0.0 17.8 0.5600000000000003
0.0 0.7088733798604188 0.0 17.775 0.5700000000000003
0.0 0.707876370887338 0.0 17.75 0.5800000000000003
0.0 0.7068793619142573 0.0 17.725 0.5900000000000003
0.0 0.7048853439680958 0.0 17.675 0.6000000000000003
0.0 0.6979062811565304 0.0 17.5 0.6100000000000003
0.0 0.6979062811565304 0.0 17.5 0.6200000000000003
0.0 0.6939182452642074 0.0 17.4 0.6300000000000003
0.0 0.6929212362911267 0.0 17.375 0.6400000000000003
0.0 0.6919242273180458 0.0 17.35 0.6500000000000004
0.0 0.6919242273180458 0.0 17.35 0.6600000000000004
0.0 0.6889332003988036 0.0 17.275 0.6700000000000004
0.0 0.6859421734795613 0.0 17.2 0.6800000000000004
0.0 0.6819541375872383 0.0 17.1 0.6900000000000004
0.0 0.6819541375872383 0.0 17.1 0.7000000000000004
0.0 0.6809571286141576 0.0 17.075 0.7100000000000004
0.0 0.6779661016949152 0.0 17.0 0.7200000000000004
0.0 0.6769690927218345 0.0 16.975 0.7300000000000004
0.0 0.6699900299102692 0.0 16.8 0.7400000000000004
0.0 0.6550348953140578 0.0 16.425 0.7500000000000004
0.0 0.6520438683948155 0.0 16.35 0.7600000000000005
0.0 0.6490528414755733 0.0 16.275 0.7700000000000005
0.0 0.6440677966101694 0.0 16.15 0.7800000000000005
0.0 0.6430707876370887 0.0 16.125 0.7900000000000005
0.0 0.6360917248255235 0.0 15.95 0.8000000000000005
0.0 0.6301096709870389 0.0 15.8 0.8100000000000005
0.0 0.6211365902293121 0.0 15.575 0.8200000000000005
0.0 0.6111665004985045 0.0 15.325 0.8300000000000005
0.0 0.6011964107676969 0.0 15.075 0.8400000000000005
0.0 0.5982053838484547 0.0 15.0 0.8500000000000005
0.0 0.5902293120638086 0.0 14.8 0.8600000000000005
0.0 0.5812562313060817 0.0 14.575 0.8700000000000006
0.0 0.5752741774675972 0.0 14.425 0.8800000000000006
0.0 0.5672981056829511 0.0 14.225 0.8900000000000006
0.0 0.555333998005982 0.0 13.925 0.9000000000000006
0.0 0.5363908275174477 0.0 13.45 0.9100000000000006
0.0 0.5244267198404786 0.0 13.15 0.9200000000000006
0.0 0.5114656031904287 0.0 12.825 0.9300000000000006
0.0 0.4915254237288136 0.0 12.325 0.9400000000000006
0.0 0.47756729810568294 0.0 11.975 0.9500000000000006
0.0 0.44167497507477566 0.0 11.075 0.9600000000000006
0.0 0.41575274177467597 0.0 10.425 0.9700000000000006
0.0 0.36390827517447655 0.0 9.125 0.9800000000000006
0.0 0.28913260219341974 0.0 7.25 0.9900000000000007
0.0 0.0 0.0 0.0
