1.0 1.0 22.4925 Infinity 0.0
1.0 0.9371884346959123 22.4925 Infinity 0.01
1.0 0.8823529411764706 22.4925 Infinity 0.02
1.0 0.8514456630109671 22.4925 Infinity 0.03
1.0 0.8245264207377866 22.4925 Infinity 0.04
1.0 0.810568295114656 22.4925 Infinity 0.05
1.0 0.7776669990029911 22.4925 Infinity 0.060000000000000005
1.0 0.7776669990029911 22.4925 Infinity 0.07
1.0 0.7627118644067796 22.4925 Infinity 0.08
1.0 0.748753738783649 22.4925 Infinity 0.09
1.0 0.7357926221335992 22.4925 Infinity 0.09999999999999999
1.0 0.7268195413758723 22.4925 Infinity 0.10999999999999999
1.0 0.7148554336989033 22.4925 Infinity 0.11999999999999998
1.0 0.7088733798604188 22.4925 Infinity 0.12999999999999998
1.0 0.7008973080757727 22.4925 Infinity 0.13999999999999999
1.0 0.6929212362911267 22.4925 Infinity 0.15
1.0 0.6859421734795613 22.4925 Infinity 0.16
1.0 0.674975074775673 22.4925 Infinity 0.17
1.0 0.6520438683948155 22.4925 Infinity 0.18000000000000002
1.0 0.6331006979062812 22.4925 Infinity 0.19000000000000003
1.0 0.6201395812562313 22.4925 Infinity 0.20000000000000004
1.0 0.6101694915254238 22.4925 Infinity 0.21000000000000005
1.0 0.6041874376869392 22.4925 Infinity 0.22000000000000006
1.0 0.5992023928215354 22.4925 Infinity 0.23000000000000007
1.0 0.5932203389830508 22.4925 Infinity 0.24000000000000007
1.0 0.5912263210368893 22.4925 Infinity 0.25000000000000006
1.0 0.5852442671984048 22.4925 Infinity 0.26000000000000006
1.0 0.5822532402791625 22.4925 Infinity 0.2700000000000001
1.0 0.5772681954137587 22.4925 Infinity 0.2800000000000001
1.0 0.5772681954137587 22.4925 Infinity 0.2900000000000001
1.0 0.5742771684945165 22.4925 Infinity 0.3000000000000001
1.0 0.5712861415752741 22.4925 Infinity 0.3100000000000001
1.0 0.5672981056829511 22.4925 Infinity 0.3200000000000001
1.0 0.5643070787637089 22.4925 Infinity 0.3300000000000001
1.0 0.5583250249252243 22.4925 Infinity 0.34000000000000014
1.0 0.5543369890329013 22.4925 Infinity 0.35000000000000014
1.0 0.5493519441674976 22.4925 Infinity 0.36000000000000015
1.0 0.5423728813559322 22.4925 Infinity 0.37000000000000016
1.0 0.5343968095712861 22.4925 Infinity 0.38000000000000017
1.0 0.5294117647058824 22.4925 Infinity 0.3900000000000002
1.0 0.5164506480558325 22.4925 Infinity 0.4000000000000002
1.0 0.5014955134596212 22.4925 Infinity 0.4100000000000002
1.0 0.4905284147557328 22.4925 Infinity 0.4200000000000002
1.0 0.47258225324027914 22.4925 Infinity 0.4300000000000002
1.0 0.45663010967098705 22.4925 Infinity 0.4400000000000002
1.0 0.4456630109670987 22.4925 Infinity 0.45000000000000023
1.0 0.4356929212362911 22.4925 Infinity 0.46000000000000024
1.0 0.423728813559322 22.4925 Infinity 0.47000000000000025
1.0 0.4127617148554337 22.4925 Infinity 0.48000000000000026
1.0 0.4067796610169492 22.4925 Infinity 0.49000000000000027
1.0 0.4017946161515454 22.4925 Infinity 0.5000000000000002
1.0 0.39282153539381853 22.4925 Infinity 0.5100000000000002
1.0 0.386839481555334 22.4925 Infinity 0.5200000000000002
1.0 0.38085742771684944 22.4925 Infinity 0.5300000000000002
1.0 0.3798604187437687 22.4925 Infinity 0.5400000000000003
1.0 0.37886340977068794 22.4925 Infinity 0.5500000000000003
1.0 0.37686939182452645 22.4925 Infinity 0.5600000000000003
1.0 0.37686939182452645 22.4925 Infinity 0.5700000000000003
1.0 0.37587238285144564 22.4925 Infinity 0.5800000000000003
1.0 0.37387836490528414 22.4925 Infinity 0.5900000000000003
1.0 0.37188434695912265 22.4925 Infinity 0.6000000000000003
1.0 0.3698903290129611 22.4925 Infinity 0.6100000000000003
1.0 0.36689930209371885 22.4925 Infinity 0.6200000000000003
1.0 0.36490528414755735 22.4925 Infinity 0.6300000000000003
1.0 0.3609172482552343 22.4925 Infinity 0.6400000000000003
1.0 0.3559322033898305 22.4925 Infinity 0.6500000000000004
1.0 0.3459621136590229 22.4925 Infinity 0.6600000000000004
1.0 0.33998005982053836 22.4925 Infinity 0.6700000000000004
1.0 0.32901296111665007 22.4925 Infinity 0.6800000000000004
1.0 0.3100697906281156 22.4925 Infinity 0.6900000000000004
1.0 0.2951146560319043 22.4925 Infinity 0.7000000000000004
1.0 0.27916251246261214 22.4925 Infinity 0.7100000000000004
1.0 0.2522432701894317 22.4925 Infinity 0.7200000000000004
1.0 0.23230309072781655 22.4925 Infinity 0.7300000000000004
1.0 0.2143569292123629 22.4925 Infinity 0.7400000000000004
1.0 0.19940179461615154 22.4925 Infinity 0.7500000000000004
1.0 0.17746759720837488 22.4925 Infinity 0.7600000000000005
1.0 0.16151545363908276 22.4925 Infinity 0.7700000000000005
1.0 0.1485543369890329 22.4925 Infinity 0.7800000000000005
1.0 0.13858424725822532 22.4925 Infinity 0.7900000000000005
1.0 0.12761714855433698 22.4925 Infinity 0.8000000000000005
1.0 0.12562313060817548 22.4925 Infinity 0.8100000000000005
0.999888851839502 0.12163509471585245 22.49 Infinity 0.8200000000000005
0.9994442591975102 0.1156530408773679 22.48 Infinity 0.8300000000000005
0.9982216294320329 0.11465603190428714 22.4525 Infinity 0.8400000000000005
0.9973324441480493 0.11266201395812563 22.4325 Infinity 0.8500000000000005
0.995998666222074 0.10568295114656032 22.4025 Infinity 0.8600000000000005
0.9923307769256419 0.09770687936191426 22.32 Infinity 0.8700000000000006
0.9888851839502056 0.08873379860418744 22.2425 Infinity 0.8800000000000006
0.9836612204068023 0.06879361914257229 22.125 Infinity 0.8900000000000006
0.9777703679004113 0.04885343968095713 21.9925 Infinity 0.9000000000000006
0.972324108036012 0.03389830508474576 21.87 Infinity 0.9100000000000006
0.9676558852950984 0.023928215353938187 21.765 Infinity 0.9200000000000006
0.962543069912193 0.013958125623130608 21.65 Infinity 0.9300000000000006
0.9582082916527731 0.005982053838484547 21.5525 Infinity 0.9400000000000006
0.9552072913193287 0.003988035892323031 21.485 Infinity 0.9500000000000006
0.9520951428253862 0.0029910269192422734 21.415 Infinity 0.9600000000000006
0.9447593642325219 0.0029910269192422734 21.25 Infinity 0.9700000000000006
0.9300878070467934 0.0019940179461615153 20.92 Infinity 0.9800000000000006
0.8848505057241303 9.970089730807576E-4 19.9025 Infinity 0.9900000000000007
0.0 0.0 0.0 0.0
