1.0 1.0 89.97 20.895833333333332 0.0
1.0 0.9990029910269193 89.97 20.875 0.01
1.0 0.9920239282153539 89.97 20.729166666666668 0.02
1.0 0.9900299102691924 89.97 20.6875 0.03
1.0 0.9890329012961117 89.97 20.666666666666668 0.04
1.0 0.9850448654037887 89.97 20.583333333333332 0.05
1.0 0.9800598205383848 89.97 20.479166666666668 0.060000000000000005
1.0 0.9800598205383848 89.97 20.479166666666668 0.07
1.0 0.9760717846460618 89.97 20.395833333333332 0.08
1.0 0.9740777666999003 89.97 20.354166666666668 0.09
1.0 0.9690927218344965 89.97 20.25 0.09999999999999999
1.0 0.9690927218344965 89.97 20.25 0.10999999999999999
1.0 0.9680957128614157 89.97 20.229166666666668 0.11999999999999998
1.0 0.9651046859421735 89.97 20.166666666666668 0.12999999999999998
1.0 0.963110667996012 89.97 20.125 0.13999999999999999
1.0 0.9621136590229312 89.97 20.104166666666668 0.15
1.0 0.959122632103689 89.97 20.041666666666668 0.16
1.0 0.9541375872382851 89.97 19.9375 0.17
1.0 0.9481555333998006 89.97 19.8125 0.18000000000000002
1.0 0.9471585244267199 89.97 19.791666666666668 0.19000000000000003
1.0 0.9441674975074775 89.97 19.729166666666668 0.20000000000000004
1.0 0.9401794616151545 89.97 19.645833333333332 0.21000000000000005
1.0 0.938185443668993 89.97 19.604166666666668 0.22000000000000006
1.0 0.9361914257228315 89.97 19.5625 0.23000000000000007
1.0 0.9292123629112662 89.97 19.416666666666668 0.24000000000000007
1.0 0.9282153539381854 89.97 19.395833333333332 0.25000000000000006
1.0 0.9272183449651047 89.97 19.375 0.26000000000000006
1.0 0.9272183449651047 89.97 19.375 0.2700000000000001
1.0 0.9272183449651047 89.97 19.375 0.2800000000000001
1.0 0.9272183449651047 89.97 19.375 0.2900000000000001
1.0 0.9272183449651047 89.97 19.375 0.3000000000000001
1.0 0.9272183449651047 89.97 19.375 0.3100000000000001
1.0 0.9272183449651047 89.97 19.375 0.3200000000000001
1.0 0.9262213359920239 89.97 19.354166666666668 0.3300000000000001
1.0 0.9262213359920239 89.97 19.354166666666668 0.34000000000000014
1.0 0.9262213359920239 89.97 19.354166666666668 0.35000000000000014
1.0 0.9182452642073778 89.97 19.1875 0.36000000000000015
1.0 0.9172482552342971 89.97 19.166666666666668 0.37000000000000016
1.0 0.9152542372881356 89.97 19.125 0.38000000000000017
1.0 0.9132602193419741 89.97 19.083333333333332 0.3900000000000002
1.0 0.9082751744765702 89.97 18.979166666666668 0.4000000000000002
1.0 0.9062811565304087 89.97 18.9375 0.4100000000000002
1.0 0.8993020937188435 89.97 18.791666666666668 0.4200000000000002
1.0 0.8953140578265204 89.97 18.708333333333332 0.4300000000000002
1.0 0.8853439680957128 89.97 18.5 0.4400000000000002
1.0 0.8783649052841476 89.97 18.354166666666668 0.45000000000000023
1.0 0.8743768693918246 89.97 18.270833333333332 0.46000000000000024
1.0 0.8693918245264207 89.97 18.166666666666668 0.47000000000000025
1.0 0.8673978065802592 89.97 18.125 0.48000000000000026
1.0 0.864406779661017 89.97 18.0625 0.49000000000000027
1.0 0.864406779661017 89.97 18.0625 0.5000000000000002
1.0 0.8624127617148555 89.97 18.020833333333332 0.5100000000000002
1.0 0.8624127617148555 89.97 18.020833333333332 0.5200000000000002
1.0 0.8614157527417746 89.97 18.0 0.5300000000000002
1.0 0.8614157527417746 89.97 18.0 0.5400000000000003
1.0 0.8604187437686939 89.97 17.979166666666668 0.5500000000000003
1.0 0.8604187437686939 89.97 17.979166666666668 0.5600000000000003
1.0 0.8584247258225324 89.97 17.9375 0.5700000000000003
1.0 0.8574277168494516 89.97 17.916666666666668 0.5800000000000003
1.0 0.8574277168494516 89.97 17.916666666666668 0.5900000000000003
1.0 0.8564307078763709 89.97 17.895833333333332 0.6000000000000003
1.0 0.8534396809571286 89.97 17.833333333333332 0.6100000000000003
1.0 0.8504486540378864 89.97 17.770833333333332 0.6200000000000003
1.0 0.8504486540378864 89.97 17.770833333333332 0.6300000000000003
1.0 0.8444666001994018 89.97 17.645833333333332 0.6400000000000003
1.0 0.8414755732801595 89.97 17.583333333333332 0.6500000000000004
1.0 0.8354935194416749 89.97 17.458333333333332 0.6600000000000004
1.0 0.8265204386839482 89.97 17.270833333333332 0.6700000000000004
1.0 0.8165503489531406 89.97 17.0625 0.6800000000000004
1.0 0.7956131605184447 89.97 16.625 0.6900000000000004
1.0 0.7856430707876371 89.97 16.416666666666668 0.7000000000000004
1.0 0.7726819541375872 89.97 16.145833333333332 0.7100000000000004
1.0 0.7547357926221336 89.97 15.770833333333334 0.7200000000000004
1.0 0.7367896311066799 89.97 15.395833333333334 0.7300000000000004
1.0 0.7178464606181456 89.97 15.0 0.7400000000000004
1.0 0.7018943170488534 89.97 14.666666666666666 0.7500000000000004
1.0 0.6869391824526421 89.97 14.354166666666666 0.7600000000000005
1.0 0.6779661016949152 89.97 14.166666666666666 0.7700000000000005
0.9997777036790041 0.6689930209371885 89.95 13.979166666666666 0.7800000000000005
0.9993331110370124 0.6560319042871385 89.91 13.708333333333334 0.7900000000000005
0.9986662220740247 0.646061814556331 89.85 13.5 0.8000000000000005
0.9972212959875514 0.6420737786640079 89.72 13.416666666666666 0.8100000000000005
0.9946648882960987 0.638085742771685 89.49 13.333333333333334 0.8200000000000005
0.9886628876292097 0.6291126620139581 88.95 13.145833333333334 0.8300000000000005
0.9794375903078804 0.6161515453639083 88.12 12.875 0.8400000000000005
0.9633211070356785 0.6061814556331007 86.67 12.666666666666666 0.8500000000000005
0.9390908080471269 0.5682951146560319 84.49 11.875 0.8600000000000005
0.9040791374902746 0.5274177467597209 81.34 11.020833333333334 0.8700000000000006
0.8603979104145827 0.4835493519441675 77.41 10.104166666666666 0.8800000000000006
0.8037123485606313 0.4287138584247258 72.31 8.958333333333334 0.8900000000000006
0.7433588974102479 0.3589232303090728 66.88 7.5 0.9000000000000006
0.6803378904079137 0.2761714855433699 61.21 5.770833333333333 0.9100000000000006
0.6250972546404358 0.21335992023928216 56.24 4.458333333333333 0.9200000000000006
0.5826386573302211 0.1575274177467597 52.42 3.2916666666666665 0.9300000000000006
0.5488496165388462 0.12562313060817548 49.38 2.625 0.9400000000000006
0.5270645770812493 0.10967098703888335 47.42 2.2916666666666665 0.9500000000000006
0.5123930198955208 0.09970089730807577 46.1 2.0833333333333335 0.9600000000000006
0.4953873513393353 0.09770687936191426 44.57 2.0416666666666665 0.9700000000000006
0.4607091252639769 0.0967098703888335 41.45 2.0208333333333335 0.9800000000000006
0.3671223741247082 0.0967098703888335 33.03 2.0208333333333335 0.9900000000000007
0.0 0.0 0.0 0.0
