1.0 1.0 11.24625 66.86666666666666 0.0
1.0 0.646061814556331 11.24625 43.2 0.01
1.0 0.5074775672981057 11.24625 33.93333333333333 0.02
1.0 0.4456630109670987 11.24625 29.8 0.03
1.0 0.3918245264207378 11.24625 26.2 0.04
1.0 0.3589232303090728 11.24625 24.0 0.05
1.0 0.3220338983050847 11.24625 21.533333333333335 0.060000000000000005
1.0 0.3220338983050847 11.24625 21.533333333333335 0.07
1.0 0.3050847457627119 11.24625 20.4 0.08
1.0 0.288135593220339 11.24625 19.266666666666666 0.09
1.0 0.2741774675972084 11.24625 18.333333333333332 0.09999999999999999
1.0 0.26819541375872386 11.24625 17.933333333333334 0.10999999999999999
1.0 0.26321036889332006 11.24625 17.6 0.11999999999999998
1.0 0.25623130608175476 11.24625 17.133333333333333 0.12999999999999998
1.0 0.2542372881355932 11.24625 17.0 0.13999999999999999
1.0 0.24825523429710866 11.24625 16.6 0.15
1.0 0.2382851445663011 11.24625 15.933333333333334 0.16
1.0 0.23230309072781655 11.24625 15.533333333333333 0.17
1.0 0.2123629112662014 11.24625 14.2 0.18000000000000002
1.0 0.20438683948155534 11.24625 13.666666666666666 0.19000000000000003
1.0 0.19740777666999004 11.24625 13.2 0.20000000000000004
1.0 0.19242273180458624 11.24625 12.866666666666667 0.21000000000000005
1.0 0.18444666001994017 11.24625 12.333333333333334 0.22000000000000006
1.0 0.1794616151545364 11.24625 12.0 0.23000000000000007
1.0 0.17547357926221335 11.24625 11.733333333333333 0.24000000000000007
1.0 0.17148554336989033 11.24625 11.466666666666667 0.25000000000000006
1.0 0.17048853439680958 11.24625 11.4 0.26000000000000006
1.0 0.17048853439680958 11.24625 11.4 0.2700000000000001
1.0 0.1694915254237288 11.24625 11.333333333333334 0.2800000000000001
1.0 0.1694915254237288 11.24625 11.333333333333334 0.2900000000000001
1.0 0.1674975074775673 11.24625 11.2 0.3000000000000001
1.0 0.16650049850448653 11.24625 11.133333333333333 0.3100000000000001
1.0 0.16550348953140578 11.24625 11.066666666666666 0.3200000000000001
1.0 0.16450648055832504 11.24625 11.0 0.3300000000000001
1.0 0.1625124626121635 11.24625 10.866666666666667 0.34000000000000014
1.0 0.1585244267198405 11.24625 10.6 0.35000000000000014
1.0 0.15553339980059822 11.24625 10.4 0.36000000000000015
1.0 0.1535393818544367 11.24625 10.266666666666667 0.37000000000000016
1.0 0.1485543369890329 11.24625 9.933333333333334 0.38000000000000017
1.0 0.14257228315054835 11.24625 9.533333333333333 0.3900000000000002
1.0 0.13758723828514458 11.24625 9.2 0.4000000000000002
1.0 0.13359920239282153 11.24625 8.933333333333334 0.4100000000000002
1.0 0.12761714855433698 11.24625 8.533333333333333 0.4200000000000002
1.0 0.12462612163509472 11.24625 8.333333333333334 0.4300000000000002
1.0 0.11864406779661017 11.24625 7.933333333333334 0.4400000000000002
1.0 0.11465603190428714 11.24625 7.666666666666667 0.45000000000000023
1.0 0.11365902293120637 11.24625 7.6 0.46000000000000024
1.0 0.10667996011964108 11.24625 7.133333333333334 0.47000000000000025
1.0 0.10269192422731804 11.24625 6.866666666666666 0.48000000000000026
1.0 0.10069790628115653 11.24625 6.733333333333333 0.49000000000000027
1.0 0.09970089730807577 11.24625 6.666666666666667 0.5000000000000002
1.0 0.09870388833499502 11.24625 6.6 0.5100000000000002
1.0 0.09571286141575275 11.24625 6.4 0.5200000000000002
1.0 0.09471585244267199 11.24625 6.333333333333333 0.5300000000000002
1.0 0.09471585244267199 11.24625 6.333333333333333 0.5400000000000003
1.0 0.09371884346959122 11.24625 6.266666666666667 0.5500000000000003
1.0 0.09172482552342971 11.24625 6.133333333333334 0.5600000000000003
1.0 0.0897308075772682 11.24625 6.0 0.5700000000000003
1.0 0.0897308075772682 11.24625 6.0 0.5800000000000003
1.0 0.08873379860418744 11.24625 5.933333333333334 0.5900000000000003
1.0 0.08873379860418744 11.24625 5.933333333333334 0.6000000000000003
1.0 0.08873379860418744 11.24625 5.933333333333334 0.6100000000000003
1.0 0.08873379860418744 11.24625 5.933333333333334 0.6200000000000003
1.0 0.08873379860418744 11.24625 5.933333333333334 0.6300000000000003
1.0 0.08574277168494517 11.24625 5.733333333333333 0.6400000000000003
1.0 0.08574277168494517 11.24625 5.733333333333333 0.6500000000000004
1.0 0.08374875373878365 11.24625 5.6 0.6600000000000004
1.0 0.08075772681954138 11.24625 5.4 0.6700000000000004
1.0 0.07676969092721835 11.24625 5.133333333333334 0.6800000000000004
1.0 0.0707876370887338 11.24625 4.733333333333333 0.6900000000000004
1.0 0.06779661016949153 11.24625 4.533333333333333 0.7000000000000004
1.0 0.06580259222333001 11.24625 4.4 0.7100000000000004
1.0 0.054835493519441676 11.24625 3.6666666666666665 0.7200000000000004
1.0 0.0518444666001994 11.24625 3.466666666666667 0.7300000000000004
1.0 0.04885343968095713 11.24625 3.2666666666666666 0.7400000000000004
1.0 0.04287138584247258 11.24625 2.8666666666666667 0.7500000000000004
1.0 0.038883349950149554 11.24625 2.6 0.7600000000000005
1.0 0.036889332003988036 11.24625 2.466666666666667 0.7700000000000005
1.0 0.03389830508474576 11.24625 2.2666666666666666 0.7800000000000005
1.0 0.03389830508474576 11.24625 2.2666666666666666 0.7900000000000005
1.0 0.03389830508474576 11.24625 2.2666666666666666 0.8000000000000005
1.0 0.031904287138584245 11.24625 2.1333333333333333 0.8100000000000005
1.0 0.03090727816550349 11.24625 2.066666666666667 0.8200000000000005
1.0 0.03090727816550349 11.24625 2.066666666666667 0.8300000000000005
0.999888851839502 0.028913260219341975 11.245 1.9333333333333333 0.8400000000000005
0.9996665555185061 0.027916251246261216 11.2425 1.8666666666666667 0.8500000000000005
0.9996665555185061 0.027916251246261216 11.2425 1.8666666666666667 0.8600000000000005
0.9994442591975102 0.026919242273180457 11.24 1.8 0.8700000000000006
0.9991108147160165 0.02193419740777667 11.23625 1.4666666666666666 0.8800000000000006
0.9987773702345226 0.019940179461615155 11.2325 1.3333333333333333 0.8900000000000006
0.9976658886295432 0.013958125623130608 11.22 0.9333333333333333 0.9000000000000006
0.9971101478270534 0.010967098703888335 11.21375 0.7333333333333333 0.9100000000000006
0.9969989996665555 0.006979062811565304 11.2125 0.4666666666666667 0.9200000000000006
0.9966655551850617 0.004985044865403789 11.20875 0.3333333333333333 0.9300000000000006
0.996109814382572 0.0029910269192422734 11.2025 0.2 0.9400000000000006
0.995887518061576 9.970089730807576E-4 11.2 0.06666666666666667 0.9500000000000006
0.9956652217405801 0.0 11.1975 0.0 0.9600000000000006
0.9949983327775925 0.0 11.19 0.0 0.9700000000000006
0.9934422585306213 0.0 11.1725 0.0 0.9800000000000006
0.9865510725797488 0.0 11.095 0.0 0.9900000000000007
0.0 0.0 0.0 0.0
