0.0 0.3988035892323031 0.0 20.0 0.0
0.0 0.3988035892323031 0.0 20.0 0.01
0.0 0.38783649052841473 0.0 19.45 0.02
0.0 0.38584247258225324 0.0 19.35 0.03
0.0 0.3798604187437687 0.0 19.05 0.04
0.0 0.37387836490528414 0.0 18.75 0.05
0.0 0.3678963110667996 0.0 18.45 0.060000000000000005
0.0 0.3678963110667996 0.0 18.45 0.07
0.0 0.36689930209371885 0.0 18.4 0.08
0.0 0.3659022931206381 0.0 18.35 0.09
0.0 0.3609172482552343 0.0 18.1 0.09999999999999999
0.0 0.35692921236291125 0.0 17.9 0.10999999999999999
0.0 0.35692921236291125 0.0 17.9 0.11999999999999998
0.0 0.35493519441674976 0.0 17.8 0.12999999999999998
0.0 0.35294117647058826 0.0 17.7 0.13999999999999999
0.0 0.34995014955134596 0.0 17.55 0.15
0.0 0.34795613160518446 0.0 17.45 0.16
0.0 0.3469591226321037 0.0 17.4 0.17
0.0 0.34496510468594216 0.0 17.3 0.18000000000000002
0.0 0.3439680957128614 0.0 17.25 0.19000000000000003
0.0 0.3439680957128614 0.0 17.25 0.20000000000000004
0.0 0.34297108673978066 0.0 17.2 0.21000000000000005
0.0 0.3419740777666999 0.0 17.15 0.22000000000000006
0.0 0.33998005982053836 0.0 17.05 0.23000000000000007
0.0 0.3369890329012961 0.0 16.9 0.24000000000000007
0.0 0.33599202392821537 0.0 16.85 0.25000000000000006
0.0 0.33599202392821537 0.0 16.85 0.26000000000000006
0.0 0.3339980059820538 0.0 16.75 0.2700000000000001
0.0 0.33100697906281157 0.0 16.6 0.2800000000000001
0.0 0.3300099700897308 0.0 16.55 0.2900000000000001
0.0 0.32901296111665007 0.0 16.5 0.3000000000000001
0.0 0.32901296111665007 0.0 16.5 0.3100000000000001
0.0 0.32901296111665007 0.0 16.5 0.3200000000000001
0.0 0.3270189431704885 0.0 16.4 0.3300000000000001
0.0 0.32602193419740777 0.0 16.35 0.34000000000000014
0.0 0.32602193419740777 0.0 16.35 0.35000000000000014
0.0 0.3240279162512463 0.0 16.25 0.36000000000000015
0.0 0.3240279162512463 0.0 16.25 0.37000000000000016
0.0 0.3240279162512463 0.0 16.25 0.38000000000000017
0.0 0.3240279162512463 0.0 16.25 0.3900000000000002
0.0 0.3240279162512463 0.0 16.25 0.4000000000000002
0.0 0.3240279162512463 0.0 16.25 0.4100000000000002
0.0 0.3240279162512463 0.0 16.25 0.4200000000000002
0.0 0.32103688933200397 0.0 16.1 0.4300000000000002
0.0 0.32103688933200397 0.0 16.1 0.4400000000000002
0.0 0.32103688933200397 0.0 16.1 0.45000000000000023
0.0 0.32103688933200397 0.0 16.1 0.46000000000000024
0.0 0.3200398803589232 0.0 16.05 0.47000000000000025
0.0 0.3180458624127617 0.0 15.95 0.48000000000000026
0.0 0.317048853439681 0.0 15.9 0.49000000000000027
0.0 0.317048853439681 0.0 15.9 0.5000000000000002
0.0 0.31306081754735793 0.0 15.7 0.5100000000000002
0.0 0.31106679960119643 0.0 15.6 0.5200000000000002
0.0 0.3090727816550349 0.0 15.5 0.5300000000000002
0.0 0.30807577268195413 0.0 15.45 0.5400000000000003
0.0 0.30109670987038883 0.0 15.1 0.5500000000000003
0.0 0.3000997008973081 0.0 15.05 0.5600000000000003
0.0 0.29810568295114653 0.0 14.95 0.5700000000000003
0.0 0.2951146560319043 0.0 14.8 0.5800000000000003
0.0 0.2931206380857428 0.0 14.7 0.5900000000000003
0.0 0.29112662013958124 0.0 14.6 0.6000000000000003
0.0 0.28913260219341974 0.0 14.5 0.6100000000000003
0.0 0.288135593220339 0.0 14.45 0.6200000000000003
0.0 0.288135593220339 0.0 14.45 0.6300000000000003
0.0 0.28713858424725824 0.0 14.4 0.6400000000000003
0.0 0.28614157527417744 0.0 14.35 0.6500000000000004
0.0 0.2851445663010967 0.0 14.3 0.6600000000000004
0.0 0.2851445663010967 0.0 14.3 0.6700000000000004
0.0 0.2811565304087737 0.0 14.1 0.6800000000000004
0.0 0.27716849451645065 0.0 13.9 0.6900000000000004
0.0 0.2761714855433699 0.0 13.85 0.7000000000000004
0.0 0.2761714855433699 0.0 13.85 0.7100000000000004
0.0 0.2761714855433699 0.0 13.85 0.7200000000000004
0.0 0.2761714855433699 0.0 13.85 0.7300000000000004
0.0 0.27517447657028915 0.0 13.8 0.7400000000000004
0.0 0.2731804586241276 0.0 13.7 0.7500000000000004
0.0 0.2711864406779661 0.0 13.6 0.7600000000000005
0.0 0.2691924227318046 0.0 13.5 0.7700000000000005
0.0 0.26719840478564305 0.0 13.4 0.7800000000000005
0.0 0.26719840478564305 0.0 13.4 0.7900000000000005
0.0 0.2642073778664008 0.0 13.25 0.8000000000000005
0.0 0.26321036889332006 0.0 13.2 0.8100000000000005
0.0 0.26021934197407776 0.0 13.05 0.8200000000000005
0.0 0.2522432701894317 0.0 12.65 0.8300000000000005
0.0 0.24825523429710866 0.0 12.45 0.8400000000000005
0.0 0.2432701894317049 0.0 12.2 0.8500000000000005
0.0 0.23928215353938184 0.0 12.0 0.8600000000000005
0.0 0.23030907278165502 0.0 11.55 0.8700000000000006
0.0 0.2213359920239282 0.0 11.1 0.8800000000000006
0.0 0.21734795613160518 0.0 10.9 0.8900000000000006
0.0 0.2123629112662014 0.0 10.65 0.9000000000000006
0.0 0.20638085742771686 0.0 10.35 0.9100000000000006
0.0 0.20139581256231306 0.0 10.1 0.9200000000000006
0.0 0.193419740777667 0.0 9.7 0.9300000000000006
0.0 0.18344965104685942 0.0 9.2 0.9400000000000006
0.0 0.17148554336989033 0.0 8.6 0.9500000000000006
0.0 0.15653040877367896 0.0 7.85 0.9600000000000006
0.0 0.14755732801595214 0.0 7.4 0.9700000000000006
0.0 0.1365902293120638 0.0 6.85 0.9800000000000006
0.0 0.09970089730807577 0.0 5.0 0.9900000000000007
0.0 0.0 0.0 0.0
