1.0 1.0 9.996666666666666 25.075 0.0
1.0 0.7427716849451645 9.996666666666666 18.625 0.01
1.0 0.5872382851445663 9.996666666666666 14.725 0.02
1.0 0.5264207377866401 9.996666666666666 13.2 0.03
1.0 0.4915254237288136 9.996666666666666 12.325 0.04
1.0 0.47058823529411764 9.996666666666666 11.8 0.05
1.0 0.4336989032901296 9.996666666666666 10.875 0.060000000000000005
1.0 0.4336989032901296 9.996666666666666 10.875 0.07
1.0 0.41575274177467597 9.996666666666666 10.425 0.08
1.0 0.39780658025922233 9.996666666666666 9.975 0.09
1.0 0.3938185443668993 9.996666666666666 9.875 0.09999999999999999
1.0 0.386839481555334 9.996666666666666 9.7 0.10999999999999999
1.0 0.37686939182452645 9.996666666666666 9.45 0.11999999999999998
1.0 0.3708873379860419 9.996666666666666 9.3 0.12999999999999998
1.0 0.3659022931206381 9.996666666666666 9.175 0.13999999999999999
1.0 0.35692921236291125 9.996666666666666 8.95 0.15
1.0 0.34995014955134596 9.996666666666666 8.775 0.16
1.0 0.33998005982053836 9.996666666666666 8.525 0.17
1.0 0.325024925224327 9.996666666666666 8.15 0.18000000000000002
1.0 0.3180458624127617 9.996666666666666 7.975 0.19000000000000003
1.0 0.3140578265204387 9.996666666666666 7.875 0.20000000000000004
1.0 0.30807577268195413 9.996666666666666 7.725 0.21000000000000005
1.0 0.30309072781655033 9.996666666666666 7.6 0.22000000000000006
1.0 0.29910269192422734 9.996666666666666 7.5 0.23000000000000007
1.0 0.292123629112662 9.996666666666666 7.325 0.24000000000000007
1.0 0.2851445663010967 9.996666666666666 7.15 0.25000000000000006
1.0 0.27716849451645065 9.996666666666666 6.95 0.26000000000000006
1.0 0.27218344965104685 9.996666666666666 6.825 0.2700000000000001
1.0 0.26819541375872386 9.996666666666666 6.725 0.2800000000000001
1.0 0.26021934197407776 9.996666666666666 6.525 0.2900000000000001
1.0 0.26021934197407776 9.996666666666666 6.525 0.3000000000000001
1.0 0.25822532402791626 9.996666666666666 6.475 0.3100000000000001
1.0 0.25523429710867396 9.996666666666666 6.4 0.3200000000000001
1.0 0.2542372881355932 9.996666666666666 6.375 0.3300000000000001
1.0 0.2502492522432702 9.996666666666666 6.275 0.34000000000000014
1.0 0.24925224327018944 9.996666666666666 6.25 0.35000000000000014
1.0 0.24426719840478564 9.996666666666666 6.125 0.36000000000000015
1.0 0.24027916251246262 9.996666666666666 6.025 0.37000000000000016
1.0 0.23728813559322035 9.996666666666666 5.95 0.38000000000000017
1.0 0.23629112662013957 9.996666666666666 5.925 0.3900000000000002
1.0 0.2333000997008973 9.996666666666666 5.85 0.4000000000000002
1.0 0.23030907278165502 9.996666666666666 5.775 0.4100000000000002
1.0 0.22731804586241275 9.996666666666666 5.7 0.4200000000000002
1.0 0.226321036889332 9.996666666666666 5.675 0.4300000000000002
1.0 0.22033898305084745 9.996666666666666 5.525 0.4400000000000002
1.0 0.21635094715852443 9.996666666666666 5.425 0.45000000000000023
1.0 0.2123629112662014 9.996666666666666 5.325 0.46000000000000024
1.0 0.2073778664007976 9.996666666666666 5.2 0.47000000000000025
1.0 0.20638085742771686 9.996666666666666 5.175 0.48000000000000026
1.0 0.2033898305084746 9.996666666666666 5.1 0.49000000000000027
1.0 0.2023928215353938 9.996666666666666 5.075 0.5000000000000002
1.0 0.20039880358923232 9.996666666666666 5.025 0.5100000000000002
1.0 0.19641076769690927 9.996666666666666 4.925 0.5200000000000002
1.0 0.19242273180458624 9.996666666666666 4.825 0.5300000000000002
1.0 0.18843469591226322 9.996666666666666 4.725 0.5400000000000003
1.0 0.18743768693918245 9.996666666666666 4.7 0.5500000000000003
1.0 0.18344965104685942 9.996666666666666 4.6 0.5600000000000003
1.0 0.18045862412761715 9.996666666666666 4.525 0.5700000000000003
1.0 0.17547357926221335 9.996666666666666 4.4 0.5800000000000003
1.0 0.17547357926221335 9.996666666666666 4.4 0.5900000000000003
1.0 0.1744765702891326 9.996666666666666 4.375 0.6000000000000003
1.0 0.17248255234297108 9.996666666666666 4.325 0.6100000000000003
1.0 0.17048853439680958 9.996666666666666 4.275 0.6200000000000003
1.0 0.1694915254237288 9.996666666666666 4.25 0.6300000000000003
1.0 0.16849451645064806 9.996666666666666 4.225 0.6400000000000003
1.0 0.16650049850448653 9.996666666666666 4.175 0.6500000000000004
1.0 0.16550348953140578 9.996666666666666 4.15 0.6600000000000004
1.0 0.16550348953140578 9.996666666666666 4.15 0.6700000000000004
1.0 0.16350947158524426 9.996666666666666 4.1 0.6800000000000004
1.0 0.16151545363908276 9.996666666666666 4.05 0.6900000000000004
1.0 0.15952143569292124 9.996666666666666 4.0 0.7000000000000004
1.0 0.1575274177467597 9.996666666666666 3.95 0.7100000000000004
1.0 0.15553339980059822 9.996666666666666 3.9 0.7200000000000004
1.0 0.15453639082751744 9.996666666666666 3.875 0.7300000000000004
1.0 0.15254237288135594 9.996666666666666 3.825 0.7400000000000004
1.0 0.1465603190428714 9.996666666666666 3.675 0.7500000000000004
1.0 0.14356929212362912 9.996666666666666 3.6 0.7600000000000005
1.0 0.1415752741774676 9.996666666666666 3.55 0.7700000000000005
1.0 0.1365902293120638 9.996666666666666 3.425 0.7800000000000005
1.0 0.13260219341974078 9.996666666666666 3.325 0.7900000000000005
1.0 0.12861415752741776 9.996666666666666 3.225 0.8000000000000005
1.0 0.12362911266201396 9.996666666666666 3.1 0.8100000000000005
1.0 0.12163509471585245 9.996666666666666 3.05 0.8200000000000005
1.0 0.12063808574277168 9.996666666666666 3.025 0.8300000000000005
1.0 0.11764705882352941 9.996666666666666 2.95 0.8400000000000005
1.0 0.11465603190428714 9.996666666666666 2.875 0.8500000000000005
1.0 0.11465603190428714 9.996666666666666 2.875 0.8600000000000005
1.0 0.11166500498504486 9.996666666666666 2.8 0.8700000000000006
0.999888851839502 0.10867397806580259 9.995555555555555 2.725 0.8800000000000006
0.999888851839502 0.10568295114656032 9.995555555555555 2.65 0.8900000000000006
0.9997777036790041 0.10269192422731804 9.994444444444444 2.575 0.9000000000000006
0.9996665555185061 0.09970089730807577 9.993333333333334 2.5 0.9100000000000006
0.9995554073580082 0.09770687936191426 9.992222222222223 2.45 0.9200000000000006
0.9995554073580082 0.09172482552342971 9.992222222222223 2.3 0.9300000000000006
0.9994442591975102 0.08673978065802593 9.991111111111111 2.175 0.9400000000000006
0.9992219628765144 0.07876370887337986 9.988888888888889 1.975 0.9500000000000006
0.9991108147160165 0.06779661016949153 9.987777777777778 1.7 0.9600000000000006
0.9989996665555185 0.05682951146560319 9.986666666666666 1.425 0.9700000000000006
0.9983327775925308 0.047856430707876374 9.98 1.2 0.9800000000000006
0.9954429254195843 0.03489531405782652 9.95111111111111 0.875 0.9900000000000007
0.0 0.0 0.0 0.0
