1.0 1.0 22.4925 33.43333333333333 0.0
1.0 0.9361914257228315 22.4925 31.3 0.01
1.0 0.86839481555334 22.4925 29.033333333333335 0.02
1.0 0.8205383848454636 22.4925 27.433333333333334 0.03
1.0 0.7976071784646062 22.4925 26.666666666666668 0.04
1.0 0.7766699900299102 22.4925 25.966666666666665 0.05
1.0 0.7397806580259222 22.4925 24.733333333333334 0.060000000000000005
1.0 0.7397806580259222 22.4925 24.733333333333334 0.07
1.0 0.7278165503489531 22.4925 24.333333333333332 0.08
1.0 0.7128614157527418 22.4925 23.833333333333332 0.09
1.0 0.7058823529411765 22.4925 23.6 0.09999999999999999
1.0 0.6969092721834497 22.4925 23.3 0.10999999999999999
1.0 0.6909272183449651 22.4925 23.1 0.11999999999999998
1.0 0.6829511465603191 22.4925 22.833333333333332 0.12999999999999998
1.0 0.678963110667996 22.4925 22.7 0.13999999999999999
1.0 0.6759720837487537 22.4925 22.6 0.15
1.0 0.6699900299102692 22.4925 22.4 0.16
1.0 0.6650049850448654 22.4925 22.233333333333334 0.17
1.0 0.654037886340977 22.4925 21.866666666666667 0.18000000000000002
1.0 0.6450648055832503 22.4925 21.566666666666666 0.19000000000000003
1.0 0.6331006979062812 22.4925 21.166666666666668 0.20000000000000004
1.0 0.6291126620139581 22.4925 21.033333333333335 0.21000000000000005
1.0 0.6251246261216351 22.4925 20.9 0.22000000000000006
1.0 0.6201395812562313 22.4925 20.733333333333334 0.23000000000000007
1.0 0.6141575274177468 22.4925 20.533333333333335 0.24000000000000007
1.0 0.6051844466600199 22.4925 20.233333333333334 0.25000000000000006
1.0 0.6041874376869392 22.4925 20.2 0.26000000000000006
1.0 0.5992023928215354 22.4925 20.033333333333335 0.2700000000000001
1.0 0.5952143569292123 22.4925 19.9 0.2800000000000001
1.0 0.5932203389830508 22.4925 19.833333333333332 0.2900000000000001
1.0 0.5912263210368893 22.4925 19.766666666666666 0.3000000000000001
1.0 0.5892323030907278 22.4925 19.7 0.3100000000000001
1.0 0.5862412761714856 22.4925 19.6 0.3200000000000001
1.0 0.5862412761714856 22.4925 19.6 0.3300000000000001
1.0 0.5832502492522432 22.4925 19.5 0.34000000000000014
1.0 0.5832502492522432 22.4925 19.5 0.35000000000000014
1.0 0.5792622133599202 22.4925 19.366666666666667 0.36000000000000015
1.0 0.5732801595214357 22.4925 19.166666666666668 0.37000000000000016
1.0 0.5672981056829511 22.4925 18.966666666666665 0.38000000000000017
1.0 0.5643070787637089 22.4925 18.866666666666667 0.3900000000000002
1.0 0.5543369890329013 22.4925 18.533333333333335 0.4000000000000002
1.0 0.5503489531405783 22.4925 18.4 0.4100000000000002
1.0 0.5413758723828515 22.4925 18.1 0.4200000000000002
1.0 0.5333998005982054 22.4925 17.833333333333332 0.4300000000000002
1.0 0.5294117647058824 22.4925 17.7 0.4400000000000002
1.0 0.5214356929212363 22.4925 17.433333333333334 0.45000000000000023
1.0 0.5154536390827518 22.4925 17.233333333333334 0.46000000000000024
1.0 0.5004985044865404 22.4925 16.733333333333334 0.47000000000000025
1.0 0.4945164506480558 22.4925 16.533333333333335 0.48000000000000026
1.0 0.4915254237288136 22.4925 16.433333333333334 0.49000000000000027
1.0 0.48753738783649053 22.4925 16.3 0.5000000000000002
1.0 0.4835493519441675 22.4925 16.166666666666668 0.5100000000000002
1.0 0.47557328015952144 22.4925 15.9 0.5200000000000002
1.0 0.4715852442671984 22.4925 15.766666666666667 0.5300000000000002
1.0 0.46560319042871384 22.4925 15.566666666666666 0.5400000000000003
1.0 0.45663010967098705 22.4925 15.266666666666667 0.5500000000000003
1.0 0.4556331006979063 22.4925 15.233333333333333 0.5600000000000003
1.0 0.44666001994017945 22.4925 14.933333333333334 0.5700000000000003
1.0 0.4426719840478564 22.4925 14.8 0.5800000000000003
1.0 0.4386839481555334 22.4925 14.666666666666666 0.5900000000000003
1.0 0.43668993020937186 22.4925 14.6 0.6000000000000003
1.0 0.43270189431704886 22.4925 14.466666666666667 0.6100000000000003
1.0 0.4317048853439681 22.4925 14.433333333333334 0.6200000000000003
1.0 0.42971086739780656 22.4925 14.366666666666667 0.6300000000000003
1.0 0.42572283150548357 22.4925 14.233333333333333 0.6400000000000003
1.0 0.42572283150548357 22.4925 14.233333333333333 0.6500000000000004
1.0 0.419740777666999 22.4925 14.033333333333333 0.6600000000000004
1.0 0.4127617148554337 22.4925 13.8 0.6700000000000004
1.0 0.4107676969092722 22.4925 13.733333333333333 0.6800000000000004
1.0 0.4047856430707876 22.4925 13.533333333333333 0.6900000000000004
1.0 0.4017946161515454 22.4925 13.433333333333334 0.7000000000000004
1.0 0.39282153539381853 22.4925 13.133333333333333 0.7100000000000004
1.0 0.38783649052841473 22.4925 12.966666666666667 0.7200000000000004
1.0 0.3798604187437687 22.4925 12.7 0.7300000000000004
1.0 0.36889332003988035 22.4925 12.333333333333334 0.7400000000000004
1.0 0.3609172482552343 22.4925 12.066666666666666 0.7500000000000004
1.0 0.35493519441674976 22.4925 11.866666666666667 0.7600000000000005
1.0 0.3469591226321037 22.4925 11.6 0.7700000000000005
1.0 0.34097706879361916 22.4925 11.4 0.7800000000000005
1.0 0.33300099700897307 22.4925 11.133333333333333 0.7900000000000005
0.999888851839502 0.32901296111665007 22.49 11.0 0.8000000000000005
0.9997777036790041 0.32103688933200397 22.4875 10.733333333333333 0.8100000000000005
0.9996665555185061 0.3150548354935194 22.485 10.533333333333333 0.8200000000000005
0.9993331110370124 0.3070787637088734 22.4775 10.266666666666667 0.8300000000000005
0.9987773702345226 0.30109670987038883 22.465 10.066666666666666 0.8400000000000005
0.9978881849505391 0.29910269192422734 22.445 10.0 0.8500000000000005
0.9962209625430699 0.29411764705882354 22.4075 9.833333333333334 0.8600000000000005
0.9933311103701233 0.28913260219341974 22.3425 9.666666666666666 0.8700000000000006
0.9895520729131932 0.2781655034895314 22.2575 9.3 0.8800000000000006
0.9869956652217405 0.26719840478564305 22.2 8.933333333333334 0.8900000000000006
0.9826608869623208 0.259222333000997 22.1025 8.666666666666666 0.9000000000000006
0.9792152939868846 0.24626121635094717 22.025 8.233333333333333 0.9100000000000006
0.9761031454929421 0.22931206380857427 21.955 7.666666666666667 0.9200000000000006
0.9744359230854729 0.21635094715852443 21.9175 7.233333333333333 0.9300000000000006
0.9728798488385018 0.2053838484546361 21.8825 6.866666666666666 0.9400000000000006
0.9714349227520285 0.18943170488534397 21.85 6.333333333333333 0.9500000000000006
0.9681004779370901 0.1694915254237288 21.775 5.666666666666667 0.9600000000000006
0.9653217739246416 0.15154536390827517 21.7125 5.066666666666666 0.9700000000000006
0.9534289207513615 0.12163509471585245 21.445 4.066666666666666 0.9800000000000006
0.9199733244414805 0.0897308075772682 20.6925 3.0 0.9900000000000007
0.0 0.0 0.0 0.0
