1.0 1.0 22.4925 200.6 0.0
1.0 0.9312063808574277 22.4925 186.8 0.01
1.0 0.8484546360917248 22.4925 170.2 0.02
1.0 0.7976071784646062 22.4925 160.0 0.03
1.0 0.7706879361914257 22.4925 154.6 0.04
1.0 0.752741774675972 22.4925 151.0 0.05
1.0 0.7178464606181456 22.4925 144.0 0.060000000000000005
1.0 0.7178464606181456 22.4925 144.0 0.07
1.0 0.6989032901296112 22.4925 140.2 0.08
1.0 0.6769690927218345 22.4925 135.8 0.09
1.0 0.6699900299102692 22.4925 134.4 0.09999999999999999
1.0 0.6660019940179461 22.4925 133.6 0.10999999999999999
1.0 0.6580259222333001 22.4925 132.0 0.11999999999999998
1.0 0.6440677966101694 22.4925 129.2 0.12999999999999998
1.0 0.638085742771685 22.4925 128.0 0.13999999999999999
1.0 0.634097706879362 22.4925 127.2 0.15
1.0 0.6201395812562313 22.4925 124.4 0.16
1.0 0.6121635094715853 22.4925 122.8 0.17
1.0 0.5902293120638086 22.4925 118.4 0.18000000000000002
1.0 0.5862412761714856 22.4925 117.6 0.19000000000000003
1.0 0.576271186440678 22.4925 115.6 0.20000000000000004
1.0 0.5663010967098704 22.4925 113.6 0.21000000000000005
1.0 0.5603190428713859 22.4925 112.4 0.22000000000000006
1.0 0.5523429710867398 22.4925 110.8 0.23000000000000007
1.0 0.5423728813559322 22.4925 108.8 0.24000000000000007
1.0 0.53938185443669 22.4925 108.2 0.25000000000000006
1.0 0.5383848454636092 22.4925 108.0 0.26000000000000006
1.0 0.5363908275174477 22.4925 107.6 0.2700000000000001
1.0 0.5363908275174477 22.4925 107.6 0.2800000000000001
1.0 0.5363908275174477 22.4925 107.6 0.2900000000000001
1.0 0.5353938185443669 22.4925 107.4 0.3000000000000001
1.0 0.5343968095712861 22.4925 107.2 0.3100000000000001
1.0 0.5264207377866401 22.4925 105.6 0.3200000000000001
1.0 0.5234297108673978 22.4925 105.0 0.3300000000000001
1.0 0.522432701894317 22.4925 104.8 0.34000000000000014
1.0 0.5194416749750748 22.4925 104.2 0.35000000000000014
1.0 0.5084745762711864 22.4925 102.0 0.36000000000000015
1.0 0.5044865403788634 22.4925 101.2 0.37000000000000016
1.0 0.4945164506480558 22.4925 99.2 0.38000000000000017
1.0 0.49252243270189433 22.4925 98.8 0.3900000000000002
1.0 0.4865403788634098 22.4925 97.6 0.4000000000000002
1.0 0.4795613160518445 22.4925 96.2 0.4100000000000002
1.0 0.4695912263210369 22.4925 94.2 0.4200000000000002
1.0 0.45663010967098705 22.4925 91.6 0.4300000000000002
1.0 0.4406779661016949 22.4925 88.4 0.4400000000000002
1.0 0.42771684945164506 22.4925 85.8 0.45000000000000023
1.0 0.42073778664007977 22.4925 84.4 0.46000000000000024
1.0 0.4077766699900299 22.4925 81.8 0.47000000000000025
1.0 0.4037886340977069 22.4925 81.0 0.48000000000000026
1.0 0.39780658025922233 22.4925 79.8 0.49000000000000027
1.0 0.3898305084745763 22.4925 78.2 0.5000000000000002
1.0 0.3848454636091725 22.4925 77.2 0.5100000000000002
1.0 0.37886340977068794 22.4925 76.0 0.5200000000000002
1.0 0.3728813559322034 22.4925 74.8 0.5300000000000002
1.0 0.3698903290129611 22.4925 74.2 0.5400000000000003
1.0 0.3659022931206381 22.4925 73.4 0.5500000000000003
1.0 0.36390827517447655 22.4925 73.0 0.5600000000000003
1.0 0.3589232303090728 22.4925 72.0 0.5700000000000003
1.0 0.35493519441674976 22.4925 71.2 0.5800000000000003
1.0 0.3509471585244267 22.4925 70.4 0.5900000000000003
1.0 0.3459621136590229 22.4925 69.4 0.6000000000000003
1.0 0.3439680957128614 22.4925 69.0 0.6100000000000003
1.0 0.34297108673978066 22.4925 68.8 0.6200000000000003
1.0 0.34097706879361916 22.4925 68.4 0.6300000000000003
1.0 0.3349950149551346 22.4925 67.2 0.6400000000000003
1.0 0.3300099700897308 22.4925 66.2 0.6500000000000004
1.0 0.3220338983050847 22.4925 64.6 0.6600000000000004
1.0 0.3150548354935194 22.4925 63.2 0.6700000000000004
1.0 0.30608175473579263 22.4925 61.4 0.6800000000000004
1.0 0.29611166500498504 22.4925 59.4 0.6900000000000004
1.0 0.28913260219341974 22.4925 58.0 0.7000000000000004
1.0 0.28414755732801594 22.4925 57.0 0.7100000000000004
1.0 0.26321036889332006 22.4925 52.8 0.7200000000000004
1.0 0.24825523429710866 22.4925 49.8 0.7300000000000004
1.0 0.23728813559322035 22.4925 47.6 0.7400000000000004
1.0 0.22233300099700898 22.4925 44.6 0.7500000000000004
1.0 0.21335992023928216 22.4925 42.8 0.7600000000000005
1.0 0.20438683948155534 22.4925 41.0 0.7700000000000005
1.0 0.19740777666999004 22.4925 39.6 0.7800000000000005
1.0 0.19441674975074777 22.4925 39.0 0.7900000000000005
1.0 0.18843469591226322 22.4925 37.8 0.8000000000000005
0.999888851839502 0.1864406779661017 22.49 37.4 0.8100000000000005
0.9995554073580082 0.18544366899302095 22.4825 37.2 0.8200000000000005
0.9984439257530288 0.1814556331006979 22.4575 36.4 0.8300000000000005
0.9979993331110371 0.17647058823529413 22.4475 35.4 0.8400000000000005
0.9967767033455597 0.17347956131605186 22.42 34.8 0.8500000000000005
0.9944425919751028 0.1674975074775673 22.3675 33.6 0.8600000000000005
0.9908858508391686 0.15254237288135594 22.2875 30.6 0.8700000000000006
0.986217628098255 0.13858424725822532 22.1825 27.8 0.8800000000000006
0.9814382571968434 0.11166500498504486 22.075 22.4 0.8900000000000006
0.9746582194064688 0.09371884346959122 21.9225 18.8 0.9000000000000006
0.9686562187395799 0.06580259222333001 21.7875 13.2 0.9100000000000006
0.9627653662331889 0.05284147557328016 21.655 10.6 0.9200000000000006
0.9576525508502834 0.03988035892323031 21.54 8.0 0.9300000000000006
0.9535400689118595 0.02991026919242273 21.4475 6.0 0.9400000000000006
0.9502056240969212 0.0259222333000997 21.3725 5.2 0.9500000000000006
0.9464265866399911 0.02193419740777667 21.2875 4.4 0.9600000000000006
0.9416472157385796 0.020937188434695914 21.18 4.2 0.9700000000000006
0.9296432144048016 0.020937188434695914 20.91 4.2 0.9800000000000006
0.8942980993664554 0.020937188434695914 20.115 4.2 0.9900000000000007
0.0 0.0 0.0 0.0
