1.0 1.0 8.997 Infinity 0.0
1.0 0.4675972083748754 8.997 Infinity 0.01
1.0 0.3320039880358923 8.997 Infinity 0.02
1.0 0.30109670987038883 8.997 Infinity 0.03
1.0 0.2731804586241276 8.997 Infinity 0.04
1.0 0.2472582253240279 8.997 Infinity 0.05
1.0 0.2123629112662014 8.997 Infinity 0.060000000000000005
1.0 0.2123629112662014 8.997 Infinity 0.07
1.0 0.2023928215353938 8.997 Infinity 0.08
1.0 0.18843469591226322 8.997 Infinity 0.09
1.0 0.18045862412761715 8.997 Infinity 0.09999999999999999
1.0 0.17347956131605186 8.997 Infinity 0.10999999999999999
1.0 0.16450648055832504 8.997 Infinity 0.11999999999999998
1.0 0.15653040877367896 8.997 Infinity 0.12999999999999998
1.0 0.1535393818544367 8.997 Infinity 0.13999999999999999
1.0 0.1485543369890329 8.997 Infinity 0.15
1.0 0.14057826520438685 8.997 Infinity 0.16
1.0 0.13559322033898305 8.997 Infinity 0.17
1.0 0.12063808574277168 8.997 Infinity 0.18000000000000002
1.0 0.11465603190428714 8.997 Infinity 0.19000000000000003
1.0 0.10568295114656032 8.997 Infinity 0.20000000000000004
1.0 0.09770687936191426 8.997 Infinity 0.21000000000000005
1.0 0.09371884346959122 8.997 Infinity 0.22000000000000006
1.0 0.09172482552342971 8.997 Infinity 0.23000000000000007
1.0 0.08873379860418744 8.997 Infinity 0.24000000000000007
1.0 0.08574277168494517 8.997 Infinity 0.25000000000000006
1.0 0.08374875373878365 8.997 Infinity 0.26000000000000006
1.0 0.08075772681954138 8.997 Infinity 0.2700000000000001
1.0 0.08075772681954138 8.997 Infinity 0.2800000000000001
1.0 0.07876370887337986 8.997 Infinity 0.2900000000000001
1.0 0.07876370887337986 8.997 Infinity 0.3000000000000001
1.0 0.07577268195413758 8.997 Infinity 0.3100000000000001
1.0 0.07278165503489531 8.997 Infinity 0.3200000000000001
1.0 0.0707876370887338 8.997 Infinity 0.3300000000000001
1.0 0.06879361914257229 8.997 Infinity 0.34000000000000014
1.0 0.06679960119641076 8.997 Infinity 0.35000000000000014
1.0 0.06480558325024925 8.997 Infinity 0.36000000000000015
1.0 0.06480558325024925 8.997 Infinity 0.37000000000000016
1.0 0.06380857427716849 8.997 Infinity 0.38000000000000017
1.0 0.06181455633100698 8.997 Infinity 0.3900000000000002
1.0 0.05982053838484546 8.997 Infinity 0.4000000000000002
1.0 0.05583250249252243 8.997 Infinity 0.4100000000000002
1.0 0.05284147557328016 8.997 Infinity 0.4200000000000002
1.0 0.049850448654037885 8.997 Infinity 0.4300000000000002
1.0 0.04685942173479561 8.997 Infinity 0.4400000000000002
1.0 0.0448654037886341 8.997 Infinity 0.45000000000000023
1.0 0.04386839481555334 8.997 Infinity 0.46000000000000024
1.0 0.04287138584247258 8.997 Infinity 0.47000000000000025
1.0 0.04287138584247258 8.997 Infinity 0.48000000000000026
1.0 0.04287138584247258 8.997 Infinity 0.49000000000000027
1.0 0.03988035892323031 8.997 Infinity 0.5000000000000002
1.0 0.03988035892323031 8.997 Infinity 0.5100000000000002
1.0 0.03988035892323031 8.997 Infinity 0.5200000000000002
1.0 0.036889332003988036 8.997 Infinity 0.5300000000000002
1.0 0.03489531405782652 8.997 Infinity 0.5400000000000003
1.0 0.03389830508474576 8.997 Infinity 0.5500000000000003
1.0 0.03290129611166501 8.997 Infinity 0.5600000000000003
1.0 0.031904287138584245 8.997 Infinity 0.5700000000000003
1.0 0.031904287138584245 8.997 Infinity 0.5800000000000003
1.0 0.031904287138584245 8.997 Infinity 0.5900000000000003
1.0 0.031904287138584245 8.997 Infinity 0.6000000000000003
1.0 0.03090727816550349 8.997 Infinity 0.6100000000000003
1.0 0.02991026919242273 8.997 Infinity 0.6200000000000003
1.0 0.02991026919242273 8.997 Infinity 0.6300000000000003
1.0 0.028913260219341975 8.997 Infinity 0.6400000000000003
1.0 0.028913260219341975 8.997 Infinity 0.6500000000000004
1.0 0.028913260219341975 8.997 Infinity 0.6600000000000004
1.0 0.0259222333000997 8.997 Infinity 0.6700000000000004
1.0 0.024925224327018942 8.997 Infinity 0.6800000000000004
1.0 0.023928215353938187 8.997 Infinity 0.6900000000000004
1.0 0.019940179461615155 8.997 Infinity 0.7000000000000004
1.0 0.019940179461615155 8.997 Infinity 0.7100000000000004
1.0 0.01794616151545364 8.997 Infinity 0.7200000000000004
1.0 0.014955134596211365 8.997 Infinity 0.7300000000000004
1.0 0.01296111665004985 8.997 Infinity 0.7400000000000004
1.0 0.011964107676969093 8.997 Infinity 0.7500000000000004
1.0 0.006979062811565304 8.997 Infinity 0.7600000000000005
1.0 0.005982053838484547 8.997 Infinity 0.7700000000000005
1.0 0.003988035892323031 8.997 Infinity 0.7800000000000005
1.0 0.003988035892323031 8.997 Infinity 0.7900000000000005
1.0 0.003988035892323031 8.997 Infinity 0.8000000000000005
1.0 0.0029910269192422734 8.997 Infinity 0.8100000000000005
1.0 0.0029910269192422734 8.997 Infinity 0.8200000000000005
1.0 0.0029910269192422734 8.997 Infinity 0.8300000000000005
1.0 0.0029910269192422734 8.997 Infinity 0.8400000000000005
1.0 0.0029910269192422734 8.997 Infinity 0.8500000000000005
1.0 0.0029910269192422734 8.997 Infinity 0.8600000000000005
0.9997777036790041 0.0029910269192422734 8.995 Infinity 0.8700000000000006
0.9996665555185061 0.0019940179461615153 8.994 Infinity 0.8800000000000006
0.9996665555185061 0.0019940179461615153 8.994 Infinity 0.8900000000000006
0.9996665555185061 0.0019940179461615153 8.994 Infinity 0.9000000000000006
0.9995554073580082 0.0019940179461615153 8.993 Infinity 0.9100000000000006
0.9995554073580082 9.970089730807576E-4 8.993 Infinity 0.9200000000000006
0.9994442591975102 0.0 8.992 NaN 0.9300000000000006
0.9992219628765144 0.0 8.99 NaN 0.9400000000000006
0.9992219628765144 0.0 8.99 NaN 0.9500000000000006
0.9992219628765144 0.0 8.99 NaN 0.9600000000000006
0.9989996665555185 0.0 8.988 NaN 0.9700000000000006
0.9986662220740247 0.0 8.985 NaN 0.9800000000000006
0.9971101478270534 0.0 8.971 NaN 0.9900000000000007
0.0 0.0 0.0 0.0
