1.0 1.0 14.995 20.06 0.0
1.0 0.8654037886340977 14.995 17.36 0.01
1.0 0.7676969092721835 14.995 15.4 0.02
1.0 0.7228315054835494 14.995 14.5 0.03
1.0 0.6819541375872383 14.995 13.68 0.04
1.0 0.6650049850448654 14.995 13.34 0.05
1.0 0.613160518444666 14.995 12.3 0.060000000000000005
1.0 0.613160518444666 14.995 12.3 0.07
1.0 0.5972083748753739 14.995 11.98 0.08
1.0 0.580259222333001 14.995 11.64 0.09
1.0 0.5672981056829511 14.995 11.38 0.09999999999999999
1.0 0.5543369890329013 14.995 11.12 0.10999999999999999
1.0 0.543369890329013 14.995 10.9 0.11999999999999998
1.0 0.5314057826520439 14.995 10.66 0.12999999999999998
1.0 0.5194416749750748 14.995 10.42 0.13999999999999999
1.0 0.5124626121635095 14.995 10.28 0.15
1.0 0.5004985044865404 14.995 10.04 0.16
1.0 0.48953140578265203 14.995 9.82 0.17
1.0 0.4646061814556331 14.995 9.32 0.18000000000000002
1.0 0.4456630109670987 14.995 8.94 0.19000000000000003
1.0 0.4386839481555334 14.995 8.8 0.20000000000000004
1.0 0.43270189431704886 14.995 8.68 0.21000000000000005
1.0 0.4247258225324028 14.995 8.52 0.22000000000000006
1.0 0.419740777666999 14.995 8.42 0.23000000000000007
1.0 0.4107676969092722 14.995 8.24 0.24000000000000007
1.0 0.4047856430707876 14.995 8.12 0.25000000000000006
1.0 0.4017946161515454 14.995 8.06 0.26000000000000006
1.0 0.3968095712861416 14.995 7.96 0.2700000000000001
1.0 0.3948155533399801 14.995 7.92 0.2800000000000001
1.0 0.3898305084745763 14.995 7.82 0.2900000000000001
1.0 0.38883349950149554 14.995 7.8 0.3000000000000001
1.0 0.386839481555334 14.995 7.76 0.3100000000000001
1.0 0.38584247258225324 14.995 7.74 0.3200000000000001
1.0 0.38384845463609174 14.995 7.7 0.3300000000000001
1.0 0.38085742771684944 14.995 7.64 0.34000000000000014
1.0 0.37686939182452645 14.995 7.56 0.35000000000000014
1.0 0.37188434695912265 14.995 7.46 0.36000000000000015
1.0 0.3659022931206381 14.995 7.34 0.37000000000000016
1.0 0.35992023928215355 14.995 7.22 0.38000000000000017
1.0 0.35493519441674976 14.995 7.12 0.3900000000000002
1.0 0.34995014955134596 14.995 7.02 0.4000000000000002
1.0 0.3389830508474576 14.995 6.8 0.4100000000000002
1.0 0.3320039880358923 14.995 6.66 0.4200000000000002
1.0 0.3200398803589232 14.995 6.42 0.4300000000000002
1.0 0.3150548354935194 14.995 6.32 0.4400000000000002
1.0 0.30807577268195413 14.995 6.18 0.45000000000000023
1.0 0.29611166500498504 14.995 5.94 0.46000000000000024
1.0 0.29112662013958124 14.995 5.84 0.47000000000000025
1.0 0.28414755732801594 14.995 5.7 0.48000000000000026
1.0 0.2781655034895314 14.995 5.58 0.49000000000000027
1.0 0.27218344965104685 14.995 5.46 0.5000000000000002
1.0 0.26520438683948155 14.995 5.32 0.5100000000000002
1.0 0.26321036889332006 14.995 5.28 0.5200000000000002
1.0 0.2612163509471585 14.995 5.24 0.5300000000000002
1.0 0.25822532402791626 14.995 5.18 0.5400000000000003
1.0 0.25523429710867396 14.995 5.12 0.5500000000000003
1.0 0.25523429710867396 14.995 5.12 0.5600000000000003
1.0 0.2542372881355932 14.995 5.1 0.5700000000000003
1.0 0.25324027916251246 14.995 5.08 0.5800000000000003
1.0 0.2522432701894317 14.995 5.06 0.5900000000000003
1.0 0.2522432701894317 14.995 5.06 0.6000000000000003
1.0 0.25124626121635096 14.995 5.04 0.6100000000000003
1.0 0.25124626121635096 14.995 5.04 0.6200000000000003
1.0 0.24825523429710866 14.995 4.98 0.6300000000000003
1.0 0.2472582253240279 14.995 4.96 0.6400000000000003
1.0 0.2452642073778664 14.995 4.92 0.6500000000000004
1.0 0.24426719840478564 14.995 4.9 0.6600000000000004
1.0 0.24027916251246262 14.995 4.82 0.6700000000000004
1.0 0.23429710867397807 14.995 4.7 0.6800000000000004
1.0 0.23030907278165502 14.995 4.62 0.6900000000000004
1.0 0.22432701894317048 14.995 4.5 0.7000000000000004
1.0 0.2143569292123629 14.995 4.3 0.7100000000000004
1.0 0.20438683948155534 14.995 4.1 0.7200000000000004
1.0 0.1984047856430708 14.995 3.98 0.7300000000000004
1.0 0.18843469591226322 14.995 3.78 0.7400000000000004
1.0 0.17647058823529413 14.995 3.54 0.7500000000000004
1.0 0.16650049850448653 14.995 3.34 0.7600000000000005
1.0 0.15653040877367896 14.995 3.14 0.7700000000000005
1.0 0.14955134596211367 14.995 3.0 0.7800000000000005
1.0 0.1465603190428714 14.995 2.94 0.7900000000000005
1.0 0.14356929212362912 14.995 2.88 0.8000000000000005
1.0 0.1415752741774676 14.995 2.84 0.8100000000000005
1.0 0.13858424725822532 14.995 2.78 0.8200000000000005
1.0 0.13758723828514458 14.995 2.76 0.8300000000000005
1.0 0.13758723828514458 14.995 2.76 0.8400000000000005
0.999888851839502 0.13160518444666003 14.993333333333334 2.64 0.8500000000000005
0.9992219628765144 0.13160518444666003 14.983333333333333 2.64 0.8600000000000005
0.9986662220740247 0.12861415752741776 14.975 2.58 0.8700000000000006
0.9973324441480493 0.12462612163509472 14.955 2.5 0.8800000000000006
0.9964432588640658 0.12163509471585245 14.941666666666666 2.44 0.8900000000000006
0.9952206290985884 0.10967098703888335 14.923333333333334 2.2 0.9000000000000006
0.9938868511726131 0.1036889332003988 14.903333333333334 2.08 0.9100000000000006
0.9928865177281316 0.1016949152542373 14.888333333333334 2.04 0.9200000000000006
0.9916638879626543 0.09970089730807577 14.87 2.0 0.9300000000000006
0.9906635545181727 0.09770687936191426 14.855 1.96 0.9400000000000006
0.9896632210736912 0.0967098703888335 14.84 1.94 0.9500000000000006
0.9883294431477159 0.0967098703888335 14.82 1.94 0.9600000000000006
0.986106479937757 0.0967098703888335 14.786666666666667 1.94 0.9700000000000006
0.980326775591864 0.0967098703888335 14.7 1.94 0.9800000000000006
0.9676558852950984 0.0967098703888335 14.51 1.94 0.9900000000000007
0.0 0.0 0.0 0.0
