1.0 1.0 89.97 4.892682926829268 0.0
1.0 0.9980059820538385 89.97 4.882926829268293 0.01
1.0 0.9950149551345963 89.97 4.868292682926829 0.02
1.0 0.9920239282153539 89.97 4.853658536585366 0.03
1.0 0.9870388833499502 89.97 4.829268292682927 0.04
1.0 0.9850448654037887 89.97 4.819512195121951 0.05
1.0 0.9820538384845464 89.97 4.804878048780488 0.060000000000000005
1.0 0.9820538384845464 89.97 4.804878048780488 0.07
1.0 0.9790628115653041 89.97 4.790243902439024 0.08
1.0 0.9780658025922233 89.97 4.785365853658536 0.09
1.0 0.9770687936191426 89.97 4.780487804878049 0.09999999999999999
1.0 0.9770687936191426 89.97 4.780487804878049 0.10999999999999999
1.0 0.9740777666999003 89.97 4.765853658536585 0.11999999999999998
1.0 0.9730807577268196 89.97 4.760975609756097 0.12999999999999998
1.0 0.9710867397806581 89.97 4.751219512195122 0.13999999999999999
1.0 0.9700897308075773 89.97 4.746341463414634 0.15
1.0 0.967098703888335 89.97 4.7317073170731705 0.16
1.0 0.9641076769690927 89.97 4.717073170731707 0.17
1.0 0.9561316051844466 89.97 4.678048780487805 0.18000000000000002
1.0 0.9551345962113659 89.97 4.673170731707317 0.19000000000000003
1.0 0.9531405782652044 89.97 4.663414634146341 0.20000000000000004
1.0 0.9521435692921236 89.97 4.658536585365853 0.21000000000000005
1.0 0.9511465603190429 89.97 4.6536585365853655 0.22000000000000006
1.0 0.9511465603190429 89.97 4.6536585365853655 0.23000000000000007
1.0 0.9481555333998006 89.97 4.639024390243902 0.24000000000000007
1.0 0.9481555333998006 89.97 4.639024390243902 0.25000000000000006
1.0 0.9471585244267199 89.97 4.634146341463414 0.26000000000000006
1.0 0.9471585244267199 89.97 4.634146341463414 0.2700000000000001
1.0 0.9471585244267199 89.97 4.634146341463414 0.2800000000000001
1.0 0.9461615154536391 89.97 4.6292682926829265 0.2900000000000001
1.0 0.9461615154536391 89.97 4.6292682926829265 0.3000000000000001
1.0 0.9461615154536391 89.97 4.6292682926829265 0.3100000000000001
1.0 0.9461615154536391 89.97 4.6292682926829265 0.3200000000000001
1.0 0.9451645064805583 89.97 4.624390243902439 0.3300000000000001
1.0 0.9441674975074775 89.97 4.619512195121951 0.34000000000000014
1.0 0.9441674975074775 89.97 4.619512195121951 0.35000000000000014
1.0 0.9441674975074775 89.97 4.619512195121951 0.36000000000000015
1.0 0.9441674975074775 89.97 4.619512195121951 0.37000000000000016
1.0 0.9431704885343968 89.97 4.614634146341463 0.38000000000000017
1.0 0.9411764705882353 89.97 4.6048780487804875 0.3900000000000002
1.0 0.938185443668993 89.97 4.590243902439024 0.4000000000000002
1.0 0.9351944167497508 89.97 4.575609756097561 0.4100000000000002
1.0 0.9351944167497508 89.97 4.575609756097561 0.4200000000000002
1.0 0.9322033898305084 89.97 4.560975609756097 0.4300000000000002
1.0 0.9252243270189432 89.97 4.5268292682926825 0.4400000000000002
1.0 0.9212362911266201 89.97 4.507317073170731 0.45000000000000023
1.0 0.9182452642073778 89.97 4.492682926829269 0.46000000000000024
1.0 0.9132602193419741 89.97 4.46829268292683 0.47000000000000025
1.0 0.909272183449651 89.97 4.4487804878048784 0.48000000000000026
1.0 0.9082751744765702 89.97 4.443902439024391 0.49000000000000027
1.0 0.9062811565304087 89.97 4.434146341463415 0.5000000000000002
1.0 0.9062811565304087 89.97 4.434146341463415 0.5100000000000002
1.0 0.905284147557328 89.97 4.429268292682927 0.5200000000000002
1.0 0.9042871385842473 89.97 4.424390243902439 0.5300000000000002
1.0 0.9042871385842473 89.97 4.424390243902439 0.5400000000000003
1.0 0.9042871385842473 89.97 4.424390243902439 0.5500000000000003
1.0 0.9042871385842473 89.97 4.424390243902439 0.5600000000000003
1.0 0.9042871385842473 89.97 4.424390243902439 0.5700000000000003
1.0 0.9032901296111665 89.97 4.419512195121952 0.5800000000000003
1.0 0.9032901296111665 89.97 4.419512195121952 0.5900000000000003
1.0 0.9022931206380858 89.97 4.414634146341464 0.6000000000000003
1.0 0.901296111665005 89.97 4.409756097560976 0.6100000000000003
1.0 0.8973080757726819 89.97 4.390243902439025 0.6200000000000003
1.0 0.8943170488534397 89.97 4.375609756097561 0.6300000000000003
1.0 0.8913260219341974 89.97 4.360975609756098 0.6400000000000003
1.0 0.8883349950149552 89.97 4.3463414634146345 0.6500000000000004
1.0 0.8813559322033898 89.97 4.31219512195122 0.6600000000000004
1.0 0.8733798604187437 89.97 4.273170731707317 0.6700000000000004
1.0 0.8673978065802592 89.97 4.2439024390243905 0.6800000000000004
1.0 0.8554336989032901 89.97 4.185365853658537 0.6900000000000004
1.0 0.8414755732801595 89.97 4.117073170731707 0.7000000000000004
1.0 0.8195413758723828 89.97 4.009756097560976 0.7100000000000004
1.0 0.7966101694915254 89.97 3.897560975609756 0.7200000000000004
1.0 0.7836490528414756 89.97 3.8341463414634145 0.7300000000000004
1.0 0.765702891326022 89.97 3.7463414634146344 0.7400000000000004
1.0 0.7477567298105683 89.97 3.658536585365854 0.7500000000000004
1.0 0.7357926221335992 89.97 3.6 0.7600000000000005
1.0 0.7258225324027916 89.97 3.551219512195122 0.7700000000000005
0.999888851839502 0.7088733798604188 89.96 3.4682926829268292 0.7800000000000005
0.9994442591975102 0.7038883349950149 89.92 3.44390243902439 0.7900000000000005
0.9989996665555185 0.6989032901296112 89.88 3.419512195121951 0.8000000000000005
0.9969989996665555 0.6899302093718843 89.7 3.375609756097561 0.8100000000000005
0.9938868511726131 0.6889332003988036 89.42 3.370731707317073 0.8200000000000005
0.9877737023452262 0.678963110667996 88.87 3.321951219512195 0.8300000000000005
0.978103812381905 0.6600199401794616 88.0 3.229268292682927 0.8400000000000005
0.9630988107146826 0.6420737786640079 86.65 3.1414634146341465 0.8500000000000005
0.9389796598866289 0.5952143569292123 84.48 2.9121951219512194 0.8600000000000005
0.9029676558852952 0.5483549351944168 81.24 2.682926829268293 0.8700000000000006
0.8548405023896855 0.4905284147557328 76.91 2.4 0.8800000000000006
0.7939313104368123 0.42771684945164506 71.43 2.0926829268292684 0.8900000000000006
0.729243081027009 0.3419740777666999 65.61 1.673170731707317 0.9000000000000006
0.6604423696787818 0.2522432701894317 59.42 1.2341463414634146 0.9100000000000006
0.5999777703679005 0.17148554336989033 53.98 0.8390243902439024 0.9200000000000006
0.5546293208847394 0.12163509471585245 49.9 0.5951219512195122 0.9300000000000006
0.5152828720684672 0.08673978065802593 46.36 0.424390243902439 0.9400000000000006
0.488162720906969 0.06879361914257229 43.92 0.33658536585365856 0.9500000000000006
0.4653773480048905 0.05583250249252243 41.87 0.2731707317073171 0.9600000000000006
0.44381460486828944 0.05284147557328016 39.93 0.25853658536585367 0.9700000000000006
0.40502389685450707 0.0518444666001994 36.44 0.25365853658536586 0.9800000000000006
0.3211070356785595 0.05084745762711865 28.89 0.24878048780487805 0.9900000000000007
0.0 0.0 0.0 0.0
