1.0 1.0 14.995 Infinity 0.0
1.0 0.7796610169491526 14.995 Infinity 0.01
1.0 0.6610169491525424 14.995 Infinity 0.02
1.0 0.613160518444666 14.995 Infinity 0.03
1.0 0.5772681954137587 14.995 Infinity 0.04
1.0 0.559322033898305 14.995 Infinity 0.05
1.0 0.5104685942173479 14.995 Infinity 0.060000000000000005
1.0 0.5104685942173479 14.995 Infinity 0.07
1.0 0.4955134596211366 14.995 Infinity 0.08
1.0 0.4745762711864407 14.995 Infinity 0.09
1.0 0.4646061814556331 14.995 Infinity 0.09999999999999999
1.0 0.45663010967098705 14.995 Infinity 0.10999999999999999
1.0 0.4476570289132602 14.995 Infinity 0.11999999999999998
1.0 0.43469591226321036 14.995 Infinity 0.12999999999999998
1.0 0.42572283150548357 14.995 Infinity 0.13999999999999999
1.0 0.419740777666999 14.995 Infinity 0.15
1.0 0.4077766699900299 14.995 Infinity 0.16
1.0 0.3948155533399801 14.995 Infinity 0.17
1.0 0.3708873379860419 14.995 Infinity 0.18000000000000002
1.0 0.357926221335992 14.995 Infinity 0.19000000000000003
1.0 0.35194416749750745 14.995 Infinity 0.20000000000000004
1.0 0.33998005982053836 14.995 Infinity 0.21000000000000005
1.0 0.32801595214356927 14.995 Infinity 0.22000000000000006
1.0 0.317048853439681 14.995 Infinity 0.23000000000000007
1.0 0.3120638085742772 14.995 Infinity 0.24000000000000007
1.0 0.31106679960119643 14.995 Infinity 0.25000000000000006
1.0 0.3090727816550349 14.995 Infinity 0.26000000000000006
1.0 0.3070787637088734 14.995 Infinity 0.2700000000000001
1.0 0.3050847457627119 14.995 Infinity 0.2800000000000001
1.0 0.3020937188434696 14.995 Infinity 0.2900000000000001
1.0 0.3000997008973081 14.995 Infinity 0.3000000000000001
1.0 0.29611166500498504 14.995 Infinity 0.3100000000000001
1.0 0.29411764705882354 14.995 Infinity 0.3200000000000001
1.0 0.292123629112662 14.995 Infinity 0.3300000000000001
1.0 0.28913260219341974 14.995 Infinity 0.34000000000000014
1.0 0.28713858424725824 14.995 Infinity 0.35000000000000014
1.0 0.28414755732801594 14.995 Infinity 0.36000000000000015
1.0 0.2781655034895314 14.995 Infinity 0.37000000000000016
1.0 0.2761714855433699 14.995 Infinity 0.38000000000000017
1.0 0.27218344965104685 14.995 Infinity 0.3900000000000002
1.0 0.2642073778664008 14.995 Infinity 0.4000000000000002
1.0 0.2522432701894317 14.995 Infinity 0.4100000000000002
1.0 0.24227318045862412 14.995 Infinity 0.4200000000000002
1.0 0.23629112662013957 14.995 Infinity 0.4300000000000002
1.0 0.2333000997008973 14.995 Infinity 0.4400000000000002
1.0 0.22831505483549352 14.995 Infinity 0.45000000000000023
1.0 0.21734795613160518 14.995 Infinity 0.46000000000000024
1.0 0.21036889332003988 14.995 Infinity 0.47000000000000025
1.0 0.1984047856430708 14.995 Infinity 0.48000000000000026
1.0 0.19441674975074777 14.995 Infinity 0.49000000000000027
1.0 0.18843469591226322 14.995 Infinity 0.5000000000000002
1.0 0.18245264207377868 14.995 Infinity 0.5100000000000002
1.0 0.18045862412761715 14.995 Infinity 0.5200000000000002
1.0 0.1794616151545364 14.995 Infinity 0.5300000000000002
1.0 0.17746759720837488 14.995 Infinity 0.5400000000000003
1.0 0.17347956131605186 14.995 Infinity 0.5500000000000003
1.0 0.17248255234297108 14.995 Infinity 0.5600000000000003
1.0 0.17048853439680958 14.995 Infinity 0.5700000000000003
1.0 0.1694915254237288 14.995 Infinity 0.5800000000000003
1.0 0.16849451645064806 14.995 Infinity 0.5900000000000003
1.0 0.16650049850448653 14.995 Infinity 0.6000000000000003
1.0 0.16550348953140578 14.995 Infinity 0.6100000000000003
1.0 0.16550348953140578 14.995 Infinity 0.6200000000000003
1.0 0.16350947158524426 14.995 Infinity 0.6300000000000003
1.0 0.1625124626121635 14.995 Infinity 0.6400000000000003
1.0 0.16051844466600199 14.995 Infinity 0.6500000000000004
1.0 0.1575274177467597 14.995 Infinity 0.6600000000000004
1.0 0.15254237288135594 14.995 Infinity 0.6700000000000004
1.0 0.1485543369890329 14.995 Infinity 0.6800000000000004
1.0 0.13958125623130607 14.995 Infinity 0.6900000000000004
1.0 0.1345962113659023 14.995 Infinity 0.7000000000000004
1.0 0.12662013958125623 14.995 Infinity 0.7100000000000004
1.0 0.11764705882352941 14.995 Infinity 0.7200000000000004
1.0 0.10468594217347957 14.995 Infinity 0.7300000000000004
1.0 0.09371884346959122 14.995 Infinity 0.7400000000000004
1.0 0.08175473579262213 14.995 Infinity 0.7500000000000004
1.0 0.07178464606181456 14.995 Infinity 0.7600000000000005
1.0 0.06679960119641076 14.995 Infinity 0.7700000000000005
1.0 0.058823529411764705 14.995 Infinity 0.7800000000000005
1.0 0.053838484546360914 14.995 Infinity 0.7900000000000005
1.0 0.053838484546360914 14.995 Infinity 0.8000000000000005
1.0 0.053838484546360914 14.995 Infinity 0.8100000000000005
1.0 0.05284147557328016 14.995 Infinity 0.8200000000000005
0.999888851839502 0.049850448654037885 14.993333333333334 Infinity 0.8300000000000005
0.9997777036790041 0.04885343968095713 14.991666666666667 Infinity 0.8400000000000005
0.9997777036790041 0.047856430707876374 14.991666666666667 Infinity 0.8500000000000005
0.9995554073580082 0.04386839481555334 14.988333333333333 Infinity 0.8600000000000005
0.9988885183950206 0.03489531405782652 14.978333333333333 Infinity 0.8700000000000006
0.9984439257530288 0.027916251246261216 14.971666666666666 Infinity 0.8800000000000006
0.9979993331110371 0.023928215353938187 14.965 Infinity 0.8900000000000006
0.9966655551850617 0.018943170488534396 14.945 Infinity 0.9000000000000006
0.995887518061576 0.013958125623130608 14.933333333333334 Infinity 0.9100000000000006
0.9955540735800823 0.006979062811565304 14.928333333333333 Infinity 0.9200000000000006
0.9948871846170946 0.0029910269192422734 14.918333333333333 Infinity 0.9300000000000006
0.9937757030121152 0.0019940179461615153 14.901666666666667 Infinity 0.9400000000000006
0.9934422585306213 0.0 14.896666666666667 NaN 0.9500000000000006
0.9926642214071357 0.0 14.885 NaN 0.9600000000000006
0.9915527398021563 0.0 14.868333333333334 NaN 0.9700000000000006
0.9878848505057242 0.0 14.813333333333333 NaN 0.9800000000000006
0.9752139602089586 0.0 14.623333333333333 NaN 0.9900000000000007
0.0 0.0 0.0 0.0
