1.0 1.0 29.99 33.43333333333333 0.0
1.0 0.9621136590229312 29.99 32.166666666666664 0.01
1.0 0.9082751744765702 29.99 30.366666666666667 0.02
1.0 0.8893320039880359 29.99 29.733333333333334 0.03
1.0 0.8793619142572283 29.99 29.4 0.04
1.0 0.8703888334995015 29.99 29.1 0.05
1.0 0.847457627118644 29.99 28.333333333333332 0.060000000000000005
1.0 0.847457627118644 29.99 28.333333333333332 0.07
1.0 0.8315054835493519 29.99 27.8 0.08
1.0 0.8215353938185443 29.99 27.466666666666665 0.09
1.0 0.8165503489531406 29.99 27.3 0.09999999999999999
1.0 0.8095712861415753 29.99 27.066666666666666 0.10999999999999999
1.0 0.8015952143569293 29.99 26.8 0.11999999999999998
1.0 0.7976071784646062 29.99 26.666666666666668 0.12999999999999998
1.0 0.7946161515453639 29.99 26.566666666666666 0.13999999999999999
1.0 0.7836490528414756 29.99 26.2 0.15
1.0 0.7776669990029911 29.99 26.0 0.16
1.0 0.773678963110668 29.99 25.866666666666667 0.17
1.0 0.7577268195413759 29.99 25.333333333333332 0.18000000000000002
1.0 0.7477567298105683 29.99 25.0 0.19000000000000003
1.0 0.7427716849451645 29.99 24.833333333333332 0.20000000000000004
1.0 0.7347956131605184 29.99 24.566666666666666 0.21000000000000005
1.0 0.7298105682951147 29.99 24.4 0.22000000000000006
1.0 0.7228315054835494 29.99 24.166666666666668 0.23000000000000007
1.0 0.7168494516450648 29.99 23.966666666666665 0.24000000000000007
1.0 0.711864406779661 29.99 23.8 0.25000000000000006
1.0 0.7098703888334995 29.99 23.733333333333334 0.26000000000000006
1.0 0.707876370887338 29.99 23.666666666666668 0.2700000000000001
1.0 0.7058823529411765 29.99 23.6 0.2800000000000001
1.0 0.7048853439680958 29.99 23.566666666666666 0.2900000000000001
1.0 0.7038883349950149 29.99 23.533333333333335 0.3000000000000001
1.0 0.6989032901296112 29.99 23.366666666666667 0.3100000000000001
1.0 0.6969092721834497 29.99 23.3 0.3200000000000001
1.0 0.6949152542372882 29.99 23.233333333333334 0.3300000000000001
1.0 0.6909272183449651 29.99 23.1 0.34000000000000014
1.0 0.6869391824526421 29.99 22.966666666666665 0.35000000000000014
1.0 0.6799601196410767 29.99 22.733333333333334 0.36000000000000015
1.0 0.6759720837487537 29.99 22.6 0.37000000000000016
1.0 0.6669990029910269 29.99 22.3 0.38000000000000017
1.0 0.6610169491525424 29.99 22.1 0.3900000000000002
1.0 0.6520438683948155 29.99 21.8 0.4000000000000002
1.0 0.6410767696909272 29.99 21.433333333333334 0.4100000000000002
1.0 0.6291126620139581 29.99 21.033333333333335 0.4200000000000002
1.0 0.6161515453639083 29.99 20.6 0.4300000000000002
1.0 0.6081754735792622 29.99 20.333333333333332 0.4400000000000002
1.0 0.5912263210368893 29.99 19.766666666666666 0.45000000000000023
1.0 0.5782652043868395 29.99 19.333333333333332 0.46000000000000024
1.0 0.5682951146560319 29.99 19.0 0.47000000000000025
1.0 0.5573280159521435 29.99 18.633333333333333 0.48000000000000026
1.0 0.5463609172482552 29.99 18.266666666666666 0.49000000000000027
1.0 0.5413758723828515 29.99 18.1 0.5000000000000002
1.0 0.5343968095712861 29.99 17.866666666666667 0.5100000000000002
1.0 0.5294117647058824 29.99 17.7 0.5200000000000002
1.0 0.5274177467597209 29.99 17.633333333333333 0.5300000000000002
1.0 0.5254237288135594 29.99 17.566666666666666 0.5400000000000003
1.0 0.518444666001994 29.99 17.333333333333332 0.5500000000000003
1.0 0.5174476570289133 29.99 17.3 0.5600000000000003
1.0 0.5154536390827518 29.99 17.233333333333334 0.5700000000000003
1.0 0.5114656031904287 29.99 17.1 0.5800000000000003
1.0 0.5104685942173479 29.99 17.066666666666666 0.5900000000000003
1.0 0.5074775672981057 29.99 16.966666666666665 0.6000000000000003
1.0 0.5054835493519442 29.99 16.9 0.6100000000000003
1.0 0.5024925224327019 29.99 16.8 0.6200000000000003
1.0 0.4995014955134596 29.99 16.7 0.6300000000000003
1.0 0.4965104685942173 29.99 16.6 0.6400000000000003
1.0 0.48454636091724823 29.99 16.2 0.6500000000000004
1.0 0.47357926221335994 29.99 15.833333333333334 0.6600000000000004
1.0 0.4646061814556331 29.99 15.533333333333333 0.6700000000000004
1.0 0.4546360917248255 29.99 15.2 0.6800000000000004
1.0 0.4317048853439681 29.99 14.433333333333334 0.6900000000000004
1.0 0.4137587238285145 29.99 13.833333333333334 0.7000000000000004
1.0 0.3968095712861416 29.99 13.266666666666667 0.7100000000000004
1.0 0.35692921236291125 29.99 11.933333333333334 0.7200000000000004
1.0 0.33300099700897307 29.99 11.133333333333333 0.7300000000000004
1.0 0.3150548354935194 29.99 10.533333333333333 0.7400000000000004
1.0 0.3000997008973081 29.99 10.033333333333333 0.7500000000000004
1.0 0.2831505483549352 29.99 9.466666666666667 0.7600000000000005
1.0 0.2691924227318046 29.99 9.0 0.7700000000000005
0.999888851839502 0.25124626121635096 29.986666666666668 8.4 0.7800000000000005
0.999888851839502 0.2313060817547358 29.986666666666668 7.733333333333333 0.7900000000000005
0.9997777036790041 0.22532402791625125 29.983333333333334 7.533333333333333 0.8000000000000005
0.9993331110370124 0.21734795613160518 29.97 7.266666666666667 0.8100000000000005
0.9991108147160165 0.21535393818544366 29.963333333333335 7.2 0.8200000000000005
0.998110481271535 0.2123629112662014 29.933333333333334 7.1 0.8300000000000005
0.9976658886295432 0.20638085742771686 29.92 6.9 0.8400000000000005
0.9951094809380905 0.20039880358923232 29.843333333333334 6.7 0.8500000000000005
0.9907747026786706 0.18344965104685942 29.713333333333335 6.133333333333334 0.8600000000000005
0.9851061464932755 0.1674975074775673 29.543333333333333 5.6 0.8700000000000006
0.9765477381349339 0.14356929212362912 29.286666666666665 4.8 0.8800000000000006
0.9673224408136045 0.12761714855433698 29.01 4.266666666666667 0.8900000000000006
0.9563187729243081 0.10269192422731804 28.68 3.433333333333333 0.9000000000000006
0.9469823274424808 0.07477567298105683 28.4 2.5 0.9100000000000006
0.9385350672446371 0.04386839481555334 28.14666666666667 1.4666666666666666 0.9200000000000006
0.930865844170279 0.02193419740777667 27.916666666666668 0.7333333333333333 0.9300000000000006
0.9228631766144271 0.009970089730807577 27.676666666666666 0.3333333333333333 0.9400000000000006
0.9157496943425586 0.005982053838484547 27.463333333333335 0.2 0.9500000000000006
0.9104145826386574 0.0 27.303333333333335 0.0 0.9600000000000006
0.8996332110703568 0.0 26.98 0.0 0.9700000000000006
0.8732910970323441 0.0 26.19 0.0 0.9800000000000006
0.8053795709681005 0.0 24.153333333333332 0.0 0.9900000000000007
0.0 0.0 0.0 0.0
