1.0 1.0 8.997 Infinity 0.0
1.0 0.4865403788634098 8.997 Infinity 0.01
1.0 0.3270189431704885 8.997 Infinity 0.02
1.0 0.292123629112662 8.997 Infinity 0.03
1.0 0.2622133599202393 8.997 Infinity 0.04
1.0 0.24127617148554337 8.997 Infinity 0.05
1.0 0.2073778664007976 8.997 Infinity 0.060000000000000005
1.0 0.2073778664007976 8.997 Infinity 0.07
1.0 0.1864406779661017 8.997 Infinity 0.08
1.0 0.1694915254237288 8.997 Infinity 0.09
1.0 0.1625124626121635 8.997 Infinity 0.09999999999999999
1.0 0.15653040877367896 8.997 Infinity 0.10999999999999999
1.0 0.15054835493519442 8.997 Infinity 0.11999999999999998
1.0 0.14556331006979062 8.997 Infinity 0.12999999999999998
1.0 0.14057826520438685 8.997 Infinity 0.13999999999999999
1.0 0.13559322033898305 8.997 Infinity 0.15
1.0 0.12761714855433698 8.997 Infinity 0.16
1.0 0.12163509471585245 8.997 Infinity 0.17
1.0 0.11266201395812563 8.997 Infinity 0.18000000000000002
1.0 0.11166500498504486 8.997 Infinity 0.19000000000000003
1.0 0.10069790628115653 8.997 Infinity 0.20000000000000004
1.0 0.09571286141575275 8.997 Infinity 0.21000000000000005
1.0 0.09072781655034895 8.997 Infinity 0.22000000000000006
1.0 0.0897308075772682 8.997 Infinity 0.23000000000000007
1.0 0.0847457627118644 8.997 Infinity 0.24000000000000007
1.0 0.08275174476570289 8.997 Infinity 0.25000000000000006
1.0 0.08175473579262213 8.997 Infinity 0.26000000000000006
1.0 0.07976071784646062 8.997 Infinity 0.2700000000000001
1.0 0.07876370887337986 8.997 Infinity 0.2800000000000001
1.0 0.07577268195413758 8.997 Infinity 0.2900000000000001
1.0 0.07377866400797607 8.997 Infinity 0.3000000000000001
1.0 0.07278165503489531 8.997 Infinity 0.3100000000000001
1.0 0.06979062811565304 8.997 Infinity 0.3200000000000001
1.0 0.06879361914257229 8.997 Infinity 0.3300000000000001
1.0 0.06779661016949153 8.997 Infinity 0.34000000000000014
1.0 0.06679960119641076 8.997 Infinity 0.35000000000000014
1.0 0.06580259222333001 8.997 Infinity 0.36000000000000015
1.0 0.06281156530408774 8.997 Infinity 0.37000000000000016
1.0 0.06081754735792622 8.997 Infinity 0.38000000000000017
1.0 0.058823529411764705 8.997 Infinity 0.3900000000000002
1.0 0.05782652043868395 8.997 Infinity 0.4000000000000002
1.0 0.05583250249252243 8.997 Infinity 0.4100000000000002
1.0 0.05284147557328016 8.997 Infinity 0.4200000000000002
1.0 0.04885343968095713 8.997 Infinity 0.4300000000000002
1.0 0.04685942173479561 8.997 Infinity 0.4400000000000002
1.0 0.04287138584247258 8.997 Infinity 0.45000000000000023
1.0 0.03988035892323031 8.997 Infinity 0.46000000000000024
1.0 0.03788634097706879 8.997 Infinity 0.47000000000000025
1.0 0.03489531405782652 8.997 Infinity 0.48000000000000026
1.0 0.03290129611166501 8.997 Infinity 0.49000000000000027
1.0 0.031904287138584245 8.997 Infinity 0.5000000000000002
1.0 0.03090727816550349 8.997 Infinity 0.5100000000000002
1.0 0.02991026919242273 8.997 Infinity 0.5200000000000002
1.0 0.027916251246261216 8.997 Infinity 0.5300000000000002
1.0 0.027916251246261216 8.997 Infinity 0.5400000000000003
1.0 0.026919242273180457 8.997 Infinity 0.5500000000000003
1.0 0.024925224327018942 8.997 Infinity 0.5600000000000003
1.0 0.024925224327018942 8.997 Infinity 0.5700000000000003
1.0 0.024925224327018942 8.997 Infinity 0.5800000000000003
1.0 0.024925224327018942 8.997 Infinity 0.5900000000000003
1.0 0.023928215353938187 8.997 Infinity 0.6000000000000003
1.0 0.022931206380857428 8.997 Infinity 0.6100000000000003
1.0 0.02193419740777667 8.997 Infinity 0.6200000000000003
1.0 0.020937188434695914 8.997 Infinity 0.6300000000000003
1.0 0.020937188434695914 8.997 Infinity 0.6400000000000003
1.0 0.019940179461615155 8.997 Infinity 0.6500000000000004
1.0 0.019940179461615155 8.997 Infinity 0.6600000000000004
1.0 0.018943170488534396 8.997 Infinity 0.6700000000000004
1.0 0.018943170488534396 8.997 Infinity 0.6800000000000004
1.0 0.018943170488534396 8.997 Infinity 0.6900000000000004
1.0 0.01794616151545364 8.997 Infinity 0.7000000000000004
1.0 0.01794616151545364 8.997 Infinity 0.7100000000000004
1.0 0.014955134596211365 8.997 Infinity 0.7200000000000004
1.0 0.01296111665004985 8.997 Infinity 0.7300000000000004
1.0 0.01296111665004985 8.997 Infinity 0.7400000000000004
1.0 0.01296111665004985 8.997 Infinity 0.7500000000000004
1.0 0.011964107676969093 8.997 Infinity 0.7600000000000005
1.0 0.010967098703888335 8.997 Infinity 0.7700000000000005
1.0 0.010967098703888335 8.997 Infinity 0.7800000000000005
1.0 0.007976071784646061 8.997 Infinity 0.7900000000000005
1.0 0.007976071784646061 8.997 Infinity 0.8000000000000005
1.0 0.006979062811565304 8.997 Infinity 0.8100000000000005
1.0 0.005982053838484547 8.997 Infinity 0.8200000000000005
1.0 0.004985044865403789 8.997 Infinity 0.8300000000000005
1.0 0.004985044865403789 8.997 Infinity 0.8400000000000005
1.0 0.003988035892323031 8.997 Infinity 0.8500000000000005
1.0 0.0029910269192422734 8.997 Infinity 0.8600000000000005
1.0 0.0029910269192422734 8.997 Infinity 0.8700000000000006
1.0 0.0029910269192422734 8.997 Infinity 0.8800000000000006
1.0 0.0019940179461615153 8.997 Infinity 0.8900000000000006
1.0 0.0019940179461615153 8.997 Infinity 0.9000000000000006
0.999888851839502 0.0019940179461615153 8.996 Infinity 0.9100000000000006
0.999888851839502 0.0 8.996 NaN 0.9200000000000006
0.999888851839502 0.0 8.996 NaN 0.9300000000000006
0.999888851839502 0.0 8.996 NaN 0.9400000000000006
0.999888851839502 0.0 8.996 NaN 0.9500000000000006
0.999888851839502 0.0 8.996 NaN 0.9600000000000006
0.999888851839502 0.0 8.996 NaN 0.9700000000000006
0.9997777036790041 0.0 8.995 NaN 0.9800000000000006
0.9995554073580082 0.0 8.993 NaN 0.9900000000000007
0.0 0.0 0.0 0.0
