1.0 1.0 Infinity 6.470967741935484 0.0
1.0 1.0 Infinity 6.470967741935484 0.01
1.0 1.0 Infinity 6.470967741935484 0.02
1.0 1.0 Infinity 6.470967741935484 0.03
1.0 1.0 Infinity 6.470967741935484 0.04
1.0 1.0 Infinity 6.470967741935484 0.05
1.0 1.0 Infinity 6.470967741935484 0.060000000000000005
1.0 1.0 Infinity 6.470967741935484 0.07
1.0 1.0 Infinity 6.470967741935484 0.08
1.0 1.0 Infinity 6.470967741935484 0.09
1.0 1.0 Infinity 6.470967741935484 0.09999999999999999
1.0 1.0 Infinity 6.470967741935484 0.10999999999999999
1.0 1.0 Infinity 6.470967741935484 0.11999999999999998
1.0 1.0 Infinity 6.470967741935484 0.12999999999999998
1.0 1.0 Infinity 6.470967741935484 0.13999999999999999
1.0 1.0 Infinity 6.470967741935484 0.15
1.0 1.0 Infinity 6.470967741935484 0.16
1.0 1.0 Infinity 6.470967741935484 0.17
1.0 1.0 Infinity 6.470967741935484 0.18000000000000002
1.0 1.0 Infinity 6.470967741935484 0.19000000000000003
1.0 1.0 Infinity 6.470967741935484 0.20000000000000004
1.0 1.0 Infinity 6.470967741935484 0.21000000000000005
1.0 1.0 Infinity 6.470967741935484 0.22000000000000006
1.0 1.0 Infinity 6.470967741935484 0.23000000000000007
1.0 1.0 Infinity 6.470967741935484 0.24000000000000007
1.0 1.0 Infinity 6.470967741935484 0.25000000000000006
1.0 1.0 Infinity 6.470967741935484 0.26000000000000006
1.0 1.0 Infinity 6.470967741935484 0.2700000000000001
1.0 1.0 Infinity 6.470967741935484 0.2800000000000001
1.0 1.0 Infinity 6.470967741935484 0.2900000000000001
1.0 1.0 Infinity 6.470967741935484 0.3000000000000001
1.0 1.0 Infinity 6.470967741935484 0.3100000000000001
1.0 1.0 Infinity 6.470967741935484 0.3200000000000001
1.0 1.0 Infinity 6.470967741935484 0.3300000000000001
1.0 1.0 Infinity 6.470967741935484 0.34000000000000014
1.0 1.0 Infinity 6.470967741935484 0.35000000000000014
1.0 1.0 Infinity 6.470967741935484 0.36000000000000015
1.0 1.0 Infinity 6.470967741935484 0.37000000000000016
1.0 1.0 Infinity 6.470967741935484 0.38000000000000017
1.0 1.0 Infinity 6.470967741935484 0.3900000000000002
1.0 1.0 Infinity 6.470967741935484 0.4000000000000002
1.0 1.0 Infinity 6.470967741935484 0.4100000000000002
1.0 1.0 Infinity 6.470967741935484 0.4200000000000002
1.0 1.0 Infinity 6.470967741935484 0.4300000000000002
1.0 1.0 Infinity 6.470967741935484 0.4400000000000002
1.0 1.0 Infinity 6.470967741935484 0.45000000000000023
1.0 1.0 Infinity 6.470967741935484 0.46000000000000024
1.0 1.0 Infinity 6.470967741935484 0.47000000000000025
1.0 1.0 Infinity 6.470967741935484 0.48000000000000026
1.0 1.0 Infinity 6.470967741935484 0.49000000000000027
1.0 1.0 Infinity 6.470967741935484 0.5000000000000002
1.0 1.0 Infinity 6.470967741935484 0.5100000000000002
1.0 1.0 Infinity 6.470967741935484 0.5200000000000002
1.0 1.0 Infinity 6.470967741935484 0.5300000000000002
1.0 1.0 Infinity 6.470967741935484 0.5400000000000003
1.0 1.0 Infinity 6.470967741935484 0.5500000000000003
1.0 1.0 Infinity 6.470967741935484 0.5600000000000003
1.0 1.0 Infinity 6.470967741935484 0.5700000000000003
1.0 1.0 Infinity 6.470967741935484 0.5800000000000003
1.0 1.0 Infinity 6.470967741935484 0.5900000000000003
1.0 1.0 Infinity 6.470967741935484 0.6000000000000003
1.0 1.0 Infinity 6.470967741935484 0.6100000000000003
1.0 1.0 Infinity 6.470967741935484 0.6200000000000003
1.0 1.0 Infinity 6.470967741935484 0.6300000000000003
1.0 1.0 Infinity 6.470967741935484 0.6400000000000003
1.0 1.0 Infinity 6.470967741935484 0.6500000000000004
1.0 1.0 Infinity 6.470967741935484 0.6600000000000004
1.0 1.0 Infinity 6.470967741935484 0.6700000000000004
1.0 1.0 Infinity 6.470967741935484 0.6800000000000004
1.0 1.0 Infinity 6.470967741935484 0.6900000000000004
1.0 1.0 Infinity 6.470967741935484 0.7000000000000004
1.0 1.0 Infinity 6.470967741935484 0.7100000000000004
1.0 1.0 Infinity 6.470967741935484 0.7200000000000004
1.0 1.0 Infinity 6.470967741935484 0.7300000000000004
1.0 1.0 Infinity 6.470967741935484 0.7400000000000004
1.0 1.0 Infinity 6.470967741935484 0.7500000000000004
1.0 1.0 Infinity 6.470967741935484 0.7600000000000005
0.999888851839502 1.0 Infinity 6.470967741935484 0.7700000000000005
0.9995554073580082 1.0 Infinity 6.470967741935484 0.7800000000000005
0.9988885183950206 1.0 Infinity 6.470967741935484 0.7900000000000005
0.9976658886295432 1.0 Infinity 6.470967741935484 0.8000000000000005
0.9945537401356007 0.9980059820538385 Infinity 6.458064516129032 0.8100000000000005
0.9889963321107036 0.9970089730807578 Infinity 6.451612903225806 0.8200000000000005
0.9786595531843948 0.9890329012961117 Infinity 6.4 0.8300000000000005
0.9607646993442258 0.9750747756729811 Infinity 6.309677419354839 0.8400000000000005
0.9298655107257975 0.9581256231306082 Infinity 6.2 0.8500000000000005
0.8807380237857063 0.8943170488534397 Infinity 5.787096774193548 0.8600000000000005
0.8076025341780594 0.8215353938185443 Infinity 5.316129032258065 0.8700000000000006
0.7107924863843503 0.7377866400797607 Infinity 4.774193548387097 0.8800000000000006
0.5887518061576081 0.646061814556331 Infinity 4.180645161290323 0.8900000000000006
0.4563743470045571 0.514456630109671 Infinity 3.329032258064516 0.9000000000000006
0.3217739246415472 0.3848454636091725 Infinity 2.490322580645161 0.9100000000000006
0.20818050461264867 0.2731804586241276 Infinity 1.767741935483871 0.9200000000000006
0.12348560631321552 0.18843469591226322 Infinity 1.2193548387096773 0.9300000000000006
0.058686228742914306 0.14356929212362912 Infinity 0.9290322580645162 0.9400000000000006
0.02356341002556408 0.11665004985044865 Infinity 0.7548387096774194 0.9500000000000006
0.006446593308880738 0.10269192422731804 Infinity 0.6645161290322581 0.9600000000000006
0.0021118150494609314 0.09970089730807577 Infinity 0.6451612903225806 0.9700000000000006
3.3344448149383126E-4 0.09870388833499502 Infinity 0.6387096774193548 0.9800000000000006
0.0 0.09770687936191426 NaN 0.632258064516129 0.9900000000000007
0.0 0.0 0.0 0.0
