1.0 1.0 11.24625 20.06 0.0
1.0 0.7258225324027916 11.24625 14.56 0.01
1.0 0.6181455633100698 11.24625 12.4 0.02
1.0 0.551345962113659 11.24625 11.06 0.03
1.0 0.5104685942173479 11.24625 10.24 0.04
1.0 0.4785643070787637 11.24625 9.6 0.05
1.0 0.43469591226321036 11.24625 8.72 0.060000000000000005
1.0 0.43469591226321036 11.24625 8.72 0.07
1.0 0.4097706879361914 11.24625 8.22 0.08
1.0 0.38384845463609174 11.24625 7.7 0.09
1.0 0.36689930209371885 11.24625 7.36 0.09999999999999999
1.0 0.353938185443669 11.24625 7.1 0.10999999999999999
1.0 0.34496510468594216 11.24625 6.92 0.11999999999999998
1.0 0.33100697906281157 11.24625 6.64 0.12999999999999998
1.0 0.32602193419740777 11.24625 6.54 0.13999999999999999
1.0 0.3120638085742772 11.24625 6.26 0.15
1.0 0.29910269192422734 11.24625 6.0 0.16
1.0 0.288135593220339 11.24625 5.78 0.17
1.0 0.2622133599202393 11.24625 5.26 0.18000000000000002
1.0 0.25324027916251246 11.24625 5.08 0.19000000000000003
1.0 0.24227318045862412 11.24625 4.86 0.20000000000000004
1.0 0.23629112662013957 11.24625 4.74 0.21000000000000005
1.0 0.23030907278165502 11.24625 4.62 0.22000000000000006
1.0 0.2213359920239282 11.24625 4.44 0.23000000000000007
1.0 0.2143569292123629 11.24625 4.3 0.24000000000000007
1.0 0.21136590229312063 11.24625 4.24 0.25000000000000006
1.0 0.2073778664007976 11.24625 4.16 0.26000000000000006
1.0 0.2033898305084746 11.24625 4.08 0.2700000000000001
1.0 0.19940179461615154 11.24625 4.0 0.2800000000000001
1.0 0.19541375872382852 11.24625 3.92 0.2900000000000001
1.0 0.19541375872382852 11.24625 3.92 0.3000000000000001
1.0 0.193419740777667 11.24625 3.88 0.3100000000000001
1.0 0.1914257228315055 11.24625 3.84 0.3200000000000001
1.0 0.19042871385842472 11.24625 3.82 0.3300000000000001
1.0 0.19042871385842472 11.24625 3.82 0.34000000000000014
1.0 0.1864406779661017 11.24625 3.74 0.35000000000000014
1.0 0.18544366899302095 11.24625 3.72 0.36000000000000015
1.0 0.18245264207377868 11.24625 3.66 0.37000000000000016
1.0 0.17846460618145563 11.24625 3.58 0.38000000000000017
1.0 0.17347956131605186 11.24625 3.48 0.3900000000000002
1.0 0.16849451645064806 11.24625 3.38 0.4000000000000002
1.0 0.16151545363908276 11.24625 3.24 0.4100000000000002
1.0 0.15653040877367896 11.24625 3.14 0.4200000000000002
1.0 0.15553339980059822 11.24625 3.12 0.4300000000000002
1.0 0.15054835493519442 11.24625 3.02 0.4400000000000002
1.0 0.14057826520438685 11.24625 2.82 0.45000000000000023
1.0 0.1345962113659023 11.24625 2.7 0.46000000000000024
1.0 0.12761714855433698 11.24625 2.56 0.47000000000000025
1.0 0.12362911266201396 11.24625 2.48 0.48000000000000026
1.0 0.11964107676969092 11.24625 2.4 0.49000000000000027
1.0 0.11864406779661017 11.24625 2.38 0.5000000000000002
1.0 0.11764705882352941 11.24625 2.36 0.5100000000000002
1.0 0.11665004985044865 11.24625 2.34 0.5200000000000002
1.0 0.11665004985044865 11.24625 2.34 0.5300000000000002
1.0 0.11665004985044865 11.24625 2.34 0.5400000000000003
1.0 0.1156530408773679 11.24625 2.32 0.5500000000000003
1.0 0.1156530408773679 11.24625 2.32 0.5600000000000003
1.0 0.11365902293120637 11.24625 2.28 0.5700000000000003
1.0 0.11365902293120637 11.24625 2.28 0.5800000000000003
1.0 0.11166500498504486 11.24625 2.24 0.5900000000000003
1.0 0.11166500498504486 11.24625 2.24 0.6000000000000003
1.0 0.11166500498504486 11.24625 2.24 0.6100000000000003
1.0 0.10967098703888335 11.24625 2.2 0.6200000000000003
1.0 0.10867397806580259 11.24625 2.18 0.6300000000000003
1.0 0.10867397806580259 11.24625 2.18 0.6400000000000003
1.0 0.10867397806580259 11.24625 2.18 0.6500000000000004
1.0 0.10667996011964108 11.24625 2.14 0.6600000000000004
1.0 0.10468594217347957 11.24625 2.1 0.6700000000000004
1.0 0.1016949152542373 11.24625 2.04 0.6800000000000004
1.0 0.09970089730807577 11.24625 2.0 0.6900000000000004
1.0 0.0967098703888335 11.24625 1.94 0.7000000000000004
1.0 0.09571286141575275 11.24625 1.92 0.7100000000000004
1.0 0.09072781655034895 11.24625 1.82 0.7200000000000004
1.0 0.08673978065802593 11.24625 1.74 0.7300000000000004
1.0 0.08574277168494517 11.24625 1.72 0.7400000000000004
1.0 0.07776669990029911 11.24625 1.56 0.7500000000000004
1.0 0.07577268195413758 11.24625 1.52 0.7600000000000005
1.0 0.06979062811565304 11.24625 1.4 0.7700000000000005
1.0 0.06879361914257229 11.24625 1.38 0.7800000000000005
1.0 0.06580259222333001 11.24625 1.32 0.7900000000000005
1.0 0.06480558325024925 11.24625 1.3 0.8000000000000005
1.0 0.06281156530408774 11.24625 1.26 0.8100000000000005
1.0 0.06181455633100698 11.24625 1.24 0.8200000000000005
1.0 0.06181455633100698 11.24625 1.24 0.8300000000000005
1.0 0.05982053838484546 11.24625 1.2 0.8400000000000005
1.0 0.05982053838484546 11.24625 1.2 0.8500000000000005
1.0 0.05982053838484546 11.24625 1.2 0.8600000000000005
0.999888851839502 0.058823529411764705 11.245 1.18 0.8700000000000006
0.9996665555185061 0.05583250249252243 11.2425 1.12 0.8800000000000006
0.9993331110370124 0.054835493519441676 11.23875 1.1 0.8900000000000006
0.9991108147160165 0.054835493519441676 11.23625 1.1 0.9000000000000006
0.9988885183950206 0.05084745762711865 11.23375 1.02 0.9100000000000006
0.9988885183950206 0.05084745762711865 11.23375 1.02 0.9200000000000006
0.9987773702345226 0.04885343968095713 11.2325 0.98 0.9300000000000006
0.9986662220740247 0.04885343968095713 11.23125 0.98 0.9400000000000006
0.9985550739135267 0.04885343968095713 11.23 0.98 0.9500000000000006
0.9985550739135267 0.04885343968095713 11.23 0.98 0.9600000000000006
0.9983327775925308 0.04885343968095713 11.2275 0.98 0.9700000000000006
0.9966655551850617 0.04885343968095713 11.20875 0.98 0.9800000000000006
0.9916638879626543 0.04885343968095713 11.1525 0.98 0.9900000000000007
0.0 0.0 0.0 0.0
