1.0 1.0 22.4925 20.06 0.0
1.0 0.9282153539381854 22.4925 18.62 0.01
1.0 0.8504486540378864 22.4925 17.06 0.02
1.0 0.7976071784646062 22.4925 16.0 0.03
1.0 0.7637088733798604 22.4925 15.32 0.04
1.0 0.7417746759720838 22.4925 14.88 0.05
1.0 0.7048853439680958 22.4925 14.14 0.060000000000000005
1.0 0.7048853439680958 22.4925 14.14 0.07
1.0 0.6839481555333998 22.4925 13.72 0.08
1.0 0.6660019940179461 22.4925 13.36 0.09
1.0 0.6560319042871385 22.4925 13.16 0.09999999999999999
1.0 0.6480558325024925 22.4925 13.0 0.10999999999999999
1.0 0.6360917248255235 22.4925 12.76 0.11999999999999998
1.0 0.6291126620139581 22.4925 12.62 0.12999999999999998
1.0 0.6241276171485544 22.4925 12.52 0.13999999999999999
1.0 0.6201395812562313 22.4925 12.44 0.15
1.0 0.613160518444666 22.4925 12.3 0.16
1.0 0.6031904287138584 22.4925 12.1 0.17
1.0 0.5882352941176471 22.4925 11.8 0.18000000000000002
1.0 0.5782652043868395 22.4925 11.6 0.19000000000000003
1.0 0.5653040877367896 22.4925 11.34 0.20000000000000004
1.0 0.555333998005982 22.4925 11.14 0.21000000000000005
1.0 0.5483549351944168 22.4925 11.0 0.22000000000000006
1.0 0.5403788634097707 22.4925 10.84 0.23000000000000007
1.0 0.5284147557328016 22.4925 10.6 0.24000000000000007
1.0 0.5234297108673978 22.4925 10.5 0.25000000000000006
1.0 0.5214356929212363 22.4925 10.46 0.26000000000000006
1.0 0.5164506480558325 22.4925 10.36 0.2700000000000001
1.0 0.5164506480558325 22.4925 10.36 0.2800000000000001
1.0 0.5154536390827518 22.4925 10.34 0.2900000000000001
1.0 0.514456630109671 22.4925 10.32 0.3000000000000001
1.0 0.5104685942173479 22.4925 10.24 0.3100000000000001
1.0 0.5094715852442672 22.4925 10.22 0.3200000000000001
1.0 0.5084745762711864 22.4925 10.2 0.3300000000000001
1.0 0.5034895314057827 22.4925 10.1 0.34000000000000014
1.0 0.5004985044865404 22.4925 10.04 0.35000000000000014
1.0 0.4945164506480558 22.4925 9.92 0.36000000000000015
1.0 0.48953140578265203 22.4925 9.82 0.37000000000000016
1.0 0.47557328015952144 22.4925 9.54 0.38000000000000017
1.0 0.4695912263210369 22.4925 9.42 0.3900000000000002
1.0 0.46560319042871384 22.4925 9.34 0.4000000000000002
1.0 0.4546360917248255 22.4925 9.12 0.4100000000000002
1.0 0.4406779661016949 22.4925 8.84 0.4200000000000002
1.0 0.4267198404785643 22.4925 8.56 0.4300000000000002
1.0 0.4187437686939183 22.4925 8.4 0.4400000000000002
1.0 0.4107676969092722 22.4925 8.24 0.45000000000000023
1.0 0.3988035892323031 22.4925 8.0 0.46000000000000024
1.0 0.38883349950149554 22.4925 7.8 0.47000000000000025
1.0 0.38085742771684944 22.4925 7.64 0.48000000000000026
1.0 0.3778664007976072 22.4925 7.58 0.49000000000000027
1.0 0.37188434695912265 22.4925 7.46 0.5000000000000002
1.0 0.3698903290129611 22.4925 7.42 0.5100000000000002
1.0 0.36490528414755735 22.4925 7.32 0.5200000000000002
1.0 0.36191425722831505 22.4925 7.26 0.5300000000000002
1.0 0.35992023928215355 22.4925 7.22 0.5400000000000003
1.0 0.35493519441674976 22.4925 7.12 0.5500000000000003
1.0 0.35294117647058826 22.4925 7.08 0.5600000000000003
1.0 0.3509471585244267 22.4925 7.04 0.5700000000000003
1.0 0.34795613160518446 22.4925 6.98 0.5800000000000003
1.0 0.3459621136590229 22.4925 6.94 0.5900000000000003
1.0 0.34496510468594216 22.4925 6.92 0.6000000000000003
1.0 0.3439680957128614 22.4925 6.9 0.6100000000000003
1.0 0.3439680957128614 22.4925 6.9 0.6200000000000003
1.0 0.33998005982053836 22.4925 6.82 0.6300000000000003
1.0 0.3339980059820538 22.4925 6.7 0.6400000000000003
1.0 0.3339980059820538 22.4925 6.7 0.6500000000000004
1.0 0.3270189431704885 22.4925 6.56 0.6600000000000004
1.0 0.3220338983050847 22.4925 6.46 0.6700000000000004
1.0 0.3090727816550349 22.4925 6.2 0.6800000000000004
1.0 0.3000997008973081 22.4925 6.02 0.6900000000000004
1.0 0.28913260219341974 22.4925 5.8 0.7000000000000004
1.0 0.2731804586241276 22.4925 5.48 0.7100000000000004
1.0 0.25623130608175476 22.4925 5.14 0.7200000000000004
1.0 0.23529411764705882 22.4925 4.72 0.7300000000000004
1.0 0.21834496510468593 22.4925 4.38 0.7400000000000004
1.0 0.2073778664007976 22.4925 4.16 0.7500000000000004
1.0 0.19441674975074777 22.4925 3.9 0.7600000000000005
1.0 0.1914257228315055 22.4925 3.84 0.7700000000000005
0.999888851839502 0.18444666001994017 22.49 3.7 0.7800000000000005
0.999888851839502 0.17647058823529413 22.49 3.54 0.7900000000000005
0.999888851839502 0.17347956131605186 22.49 3.48 0.8000000000000005
0.9996665555185061 0.1674975074775673 22.485 3.36 0.8100000000000005
0.9995554073580082 0.16550348953140578 22.4825 3.32 0.8200000000000005
0.9992219628765144 0.1575274177467597 22.475 3.16 0.8300000000000005
0.9985550739135267 0.1535393818544367 22.46 3.08 0.8400000000000005
0.9973324441480493 0.1485543369890329 22.4325 2.98 0.8500000000000005
0.9947760364565966 0.13260219341974078 22.375 2.66 0.8600000000000005
0.99188618428365 0.12462612163509472 22.31 2.5 0.8700000000000006
0.9894409247526953 0.11465603190428714 22.255 2.3 0.8800000000000006
0.9854395909747694 0.10568295114656032 22.165 2.12 0.8900000000000006
0.9799933311103701 0.07776669990029911 22.0425 1.56 0.9000000000000006
0.9728798488385018 0.05583250249252243 21.8825 1.12 0.9100000000000006
0.966544403690119 0.03788634097706879 21.74 0.76 0.9200000000000006
0.9606535511837279 0.024925224327018942 21.6075 0.5 0.9300000000000006
0.9562076247638102 0.015952143569292122 21.5075 0.32 0.9400000000000006
0.9524285873068801 0.011964107676969093 21.4225 0.24 0.9500000000000006
0.9478715127264644 0.010967098703888335 21.32 0.22 0.9600000000000006
0.9404245859731022 0.010967098703888335 21.1525 0.22 0.9700000000000006
0.9245303990218962 0.009970089730807577 20.795 0.2 0.9800000000000006
0.8835167277981549 0.009970089730807577 19.8725 0.2 0.9900000000000007
0.0 0.0 0.0 0.0
