1.0 1.0 89.97 6.078787878787879 0.0
1.0 0.9990029910269193 89.97 6.072727272727272 0.01
1.0 0.9970089730807578 89.97 6.0606060606060606 0.02
1.0 0.9940179461615155 89.97 6.042424242424242 0.03
1.0 0.9920239282153539 89.97 6.03030303030303 0.04
1.0 0.9890329012961117 89.97 6.012121212121212 0.05
1.0 0.9810568295114656 89.97 5.963636363636364 0.060000000000000005
1.0 0.9810568295114656 89.97 5.963636363636364 0.07
1.0 0.9800598205383848 89.97 5.957575757575758 0.08
1.0 0.9790628115653041 89.97 5.951515151515151 0.09
1.0 0.9770687936191426 89.97 5.9393939393939394 0.09999999999999999
1.0 0.9750747756729811 89.97 5.927272727272728 0.10999999999999999
1.0 0.9730807577268196 89.97 5.915151515151515 0.11999999999999998
1.0 0.9720837487537388 89.97 5.909090909090909 0.12999999999999998
1.0 0.9720837487537388 89.97 5.909090909090909 0.13999999999999999
1.0 0.9720837487537388 89.97 5.909090909090909 0.15
1.0 0.9690927218344965 89.97 5.890909090909091 0.16
1.0 0.9661016949152542 89.97 5.872727272727273 0.17
1.0 0.9571286141575274 89.97 5.818181818181818 0.18000000000000002
1.0 0.9551345962113659 89.97 5.806060606060606 0.19000000000000003
1.0 0.9511465603190429 89.97 5.781818181818182 0.20000000000000004
1.0 0.9501495513459621 89.97 5.775757575757575 0.21000000000000005
1.0 0.9461615154536391 89.97 5.751515151515152 0.22000000000000006
1.0 0.9451645064805583 89.97 5.745454545454545 0.23000000000000007
1.0 0.9411764705882353 89.97 5.721212121212122 0.24000000000000007
1.0 0.9411764705882353 89.97 5.721212121212122 0.25000000000000006
1.0 0.9401794616151545 89.97 5.715151515151515 0.26000000000000006
1.0 0.9401794616151545 89.97 5.715151515151515 0.2700000000000001
1.0 0.9391824526420738 89.97 5.709090909090909 0.2800000000000001
1.0 0.9391824526420738 89.97 5.709090909090909 0.2900000000000001
1.0 0.9391824526420738 89.97 5.709090909090909 0.3000000000000001
1.0 0.9391824526420738 89.97 5.709090909090909 0.3100000000000001
1.0 0.9391824526420738 89.97 5.709090909090909 0.3200000000000001
1.0 0.9391824526420738 89.97 5.709090909090909 0.3300000000000001
1.0 0.938185443668993 89.97 5.703030303030303 0.34000000000000014
1.0 0.938185443668993 89.97 5.703030303030303 0.35000000000000014
1.0 0.9351944167497508 89.97 5.684848484848485 0.36000000000000015
1.0 0.93419740777667 89.97 5.678787878787879 0.37000000000000016
1.0 0.9292123629112662 89.97 5.648484848484848 0.38000000000000017
1.0 0.9282153539381854 89.97 5.642424242424243 0.3900000000000002
1.0 0.9242273180458624 89.97 5.618181818181818 0.4000000000000002
1.0 0.9192422731804586 89.97 5.587878787878788 0.4100000000000002
1.0 0.9192422731804586 89.97 5.587878787878788 0.4200000000000002
1.0 0.9162512462612163 89.97 5.569696969696969 0.4300000000000002
1.0 0.9122632103688934 89.97 5.545454545454546 0.4400000000000002
1.0 0.9102691924227319 89.97 5.533333333333333 0.45000000000000023
1.0 0.9072781655034895 89.97 5.515151515151516 0.46000000000000024
1.0 0.9042871385842473 89.97 5.496969696969697 0.47000000000000025
1.0 0.901296111665005 89.97 5.4787878787878785 0.48000000000000026
1.0 0.9002991026919243 89.97 5.472727272727273 0.49000000000000027
1.0 0.8983050847457628 89.97 5.460606060606061 0.5000000000000002
1.0 0.8983050847457628 89.97 5.460606060606061 0.5100000000000002
1.0 0.8973080757726819 89.97 5.454545454545454 0.5200000000000002
1.0 0.8963110667996012 89.97 5.448484848484848 0.5300000000000002
1.0 0.8943170488534397 89.97 5.4363636363636365 0.5400000000000003
1.0 0.8933200398803589 89.97 5.430303030303031 0.5500000000000003
1.0 0.8923230309072782 89.97 5.424242424242424 0.5600000000000003
1.0 0.8913260219341974 89.97 5.418181818181818 0.5700000000000003
1.0 0.8913260219341974 89.97 5.418181818181818 0.5800000000000003
1.0 0.8893320039880359 89.97 5.406060606060606 0.5900000000000003
1.0 0.8863409770687937 89.97 5.387878787878788 0.6000000000000003
1.0 0.8833499501495513 89.97 5.36969696969697 0.6100000000000003
1.0 0.8823529411764706 89.97 5.363636363636363 0.6200000000000003
1.0 0.8813559322033898 89.97 5.357575757575757 0.6300000000000003
1.0 0.8773678963110668 89.97 5.333333333333333 0.6400000000000003
1.0 0.8713858424725822 89.97 5.296969696969697 0.6500000000000004
1.0 0.8673978065802592 89.97 5.2727272727272725 0.6600000000000004
1.0 0.8594217347956131 89.97 5.224242424242425 0.6700000000000004
1.0 0.8484546360917248 89.97 5.157575757575757 0.6800000000000004
1.0 0.8354935194416749 89.97 5.078787878787879 0.6900000000000004
1.0 0.8255234297108675 89.97 5.0181818181818185 0.7000000000000004
1.0 0.8115653040877367 89.97 4.933333333333334 0.7100000000000004
1.0 0.7856430707876371 89.97 4.775757575757575 0.7200000000000004
1.0 0.7666999002991027 89.97 4.66060606060606 0.7300000000000004
1.0 0.752741774675972 89.97 4.575757575757576 0.7400000000000004
1.0 0.7377866400797607 89.97 4.484848484848484 0.7500000000000004
1.0 0.7218344965104686 89.97 4.387878787878788 0.7600000000000005
1.0 0.7088733798604188 89.97 4.3090909090909095 0.7700000000000005
1.0 0.6939182452642074 89.97 4.218181818181818 0.7800000000000005
0.9996665555185061 0.6849451645064806 89.94 4.163636363636364 0.7900000000000005
0.9992219628765144 0.678963110667996 89.9 4.127272727272727 0.8000000000000005
0.9979993331110371 0.67098703888335 89.79 4.078787878787879 0.8100000000000005
0.9954429254195843 0.6679960119641076 89.56 4.0606060606060606 0.8200000000000005
0.9904412581971769 0.6590229312063809 89.11 4.006060606060606 0.8300000000000005
0.9828831832833167 0.650049850448654 88.43 3.9515151515151516 0.8400000000000005
0.9693231077025676 0.6370887337986042 87.21 3.8727272727272726 0.8500000000000005
0.9440924752695343 0.5982053838484547 84.94 3.6363636363636362 0.8600000000000005
0.9097476936756697 0.5543369890329013 81.85 3.3696969696969696 0.8700000000000006
0.8663999110814716 0.5054835493519442 77.95 3.0727272727272728 0.8800000000000006
0.8101589418695121 0.44666001994017945 72.89 2.7151515151515153 0.8900000000000006
0.7460264532621985 0.35992023928215355 67.12 2.187878787878788 0.9000000000000006
0.6823385572968768 0.2811565304087737 61.39 1.709090909090909 0.9100000000000006
0.626431032566411 0.21036889332003988 56.36 1.2787878787878788 0.9200000000000006
0.5857508058241636 0.15453639082751744 52.7 0.9393939393939394 0.9300000000000006
0.5502945426253195 0.13060817547357925 49.51 0.793939393939394 0.9400000000000006
0.5269534289207514 0.11166500498504486 47.41 0.6787878787878788 0.9500000000000006
0.5081693897965989 0.09770687936191426 45.72 0.593939393939394 0.9600000000000006
0.48916305435145047 0.0967098703888335 44.01 0.5878787878787879 0.9700000000000006
0.45326219851061467 0.09571286141575275 40.78 0.5818181818181818 0.9800000000000006
0.3631210403467823 0.09571286141575275 32.67 0.5818181818181818 0.9900000000000007
0.0 0.0 0.0 0.0
