1.0 1.0 29.99 20.06 0.0
1.0 0.9531405782652044 29.99 19.12 0.01
1.0 0.8913260219341974 29.99 17.88 0.02
1.0 0.8634097706879362 29.99 17.32 0.03
1.0 0.8504486540378864 29.99 17.06 0.04
1.0 0.8354935194416749 29.99 16.76 0.05
1.0 0.8035892323030908 29.99 16.12 0.060000000000000005
1.0 0.8035892323030908 29.99 16.12 0.07
1.0 0.7976071784646062 29.99 16.0 0.08
1.0 0.7866400797607178 29.99 15.78 0.09
1.0 0.7766699900299102 29.99 15.58 0.09999999999999999
1.0 0.7666999002991027 29.99 15.38 0.10999999999999999
1.0 0.7597208374875374 29.99 15.24 0.11999999999999998
1.0 0.7507477567298105 29.99 15.06 0.12999999999999998
1.0 0.7427716849451645 29.99 14.9 0.13999999999999999
1.0 0.7337986041874377 29.99 14.72 0.15
1.0 0.7228315054835494 29.99 14.5 0.16
1.0 0.7088733798604188 29.99 14.22 0.17
1.0 0.6869391824526421 29.99 13.78 0.18000000000000002
1.0 0.6799601196410767 29.99 13.64 0.19000000000000003
1.0 0.6620139581256231 29.99 13.28 0.20000000000000004
1.0 0.646061814556331 29.99 12.96 0.21000000000000005
1.0 0.6420737786640079 29.99 12.88 0.22000000000000006
1.0 0.6350947158524427 29.99 12.74 0.23000000000000007
1.0 0.6291126620139581 29.99 12.62 0.24000000000000007
1.0 0.6251246261216351 29.99 12.54 0.25000000000000006
1.0 0.6241276171485544 29.99 12.52 0.26000000000000006
1.0 0.6231306081754736 29.99 12.5 0.2700000000000001
1.0 0.6211365902293121 29.99 12.46 0.2800000000000001
1.0 0.6181455633100698 29.99 12.4 0.2900000000000001
1.0 0.6161515453639083 29.99 12.36 0.3000000000000001
1.0 0.6151545363908275 29.99 12.34 0.3100000000000001
1.0 0.6121635094715853 29.99 12.28 0.3200000000000001
1.0 0.6081754735792622 29.99 12.2 0.3300000000000001
1.0 0.6051844466600199 29.99 12.14 0.34000000000000014
1.0 0.6031904287138584 29.99 12.1 0.35000000000000014
1.0 0.5992023928215354 29.99 12.02 0.36000000000000015
1.0 0.5932203389830508 29.99 11.9 0.37000000000000016
1.0 0.5852442671984048 29.99 11.74 0.38000000000000017
1.0 0.5822532402791625 29.99 11.68 0.3900000000000002
1.0 0.5702891326021934 29.99 11.44 0.4000000000000002
1.0 0.5633100697906281 29.99 11.3 0.4100000000000002
1.0 0.5503489531405783 29.99 11.04 0.4200000000000002
1.0 0.5403788634097707 29.99 10.84 0.4300000000000002
1.0 0.5284147557328016 29.99 10.6 0.4400000000000002
1.0 0.5154536390827518 29.99 10.34 0.45000000000000023
1.0 0.5064805583250249 29.99 10.16 0.46000000000000024
1.0 0.49252243270189433 29.99 9.88 0.47000000000000025
1.0 0.48255234297108673 29.99 9.68 0.48000000000000026
1.0 0.47756729810568294 29.99 9.58 0.49000000000000027
1.0 0.4745762711864407 29.99 9.52 0.5000000000000002
1.0 0.4715852442671984 29.99 9.46 0.5100000000000002
1.0 0.4675972083748754 29.99 9.38 0.5200000000000002
1.0 0.4646061814556331 29.99 9.32 0.5300000000000002
1.0 0.46360917248255235 29.99 9.3 0.5400000000000003
1.0 0.46061814556331004 29.99 9.24 0.5500000000000003
1.0 0.4576271186440678 29.99 9.18 0.5600000000000003
1.0 0.4546360917248255 29.99 9.12 0.5700000000000003
1.0 0.4546360917248255 29.99 9.12 0.5800000000000003
1.0 0.452642073778664 29.99 9.08 0.5900000000000003
1.0 0.4506480558325025 29.99 9.04 0.6000000000000003
1.0 0.4436689930209372 29.99 8.9 0.6100000000000003
1.0 0.44167497507477566 29.99 8.86 0.6200000000000003
1.0 0.4386839481555334 29.99 8.8 0.6300000000000003
1.0 0.43270189431704886 29.99 8.68 0.6400000000000003
1.0 0.4267198404785643 29.99 8.56 0.6500000000000004
1.0 0.4187437686939183 29.99 8.4 0.6600000000000004
1.0 0.41575274177467597 29.99 8.34 0.6700000000000004
1.0 0.4067796610169492 29.99 8.16 0.6800000000000004
1.0 0.386839481555334 29.99 7.76 0.6900000000000004
1.0 0.37587238285144564 29.99 7.54 0.7000000000000004
1.0 0.3559322033898305 29.99 7.14 0.7100000000000004
1.0 0.3320039880358923 29.99 6.66 0.7200000000000004
1.0 0.317048853439681 29.99 6.36 0.7300000000000004
1.0 0.29411764705882354 29.99 5.9 0.7400000000000004
1.0 0.2781655034895314 29.99 5.58 0.7500000000000004
1.0 0.2662013958125623 29.99 5.34 0.7600000000000005
1.0 0.2522432701894317 29.99 5.06 0.7700000000000005
1.0 0.2382851445663011 29.99 4.78 0.7800000000000005
1.0 0.22831505483549352 29.99 4.58 0.7900000000000005
1.0 0.22432701894317048 29.99 4.5 0.8000000000000005
0.9997777036790041 0.21734795613160518 29.983333333333334 4.36 0.8100000000000005
0.9994442591975102 0.21535393818544366 29.973333333333333 4.32 0.8200000000000005
0.9991108147160165 0.2123629112662014 29.963333333333335 4.26 0.8300000000000005
0.9976658886295432 0.20837487537387836 29.92 4.18 0.8400000000000005
0.9955540735800823 0.2033898305084746 29.856666666666666 4.08 0.8500000000000005
0.9917750361231522 0.18943170488534397 29.743333333333332 3.8 0.8600000000000005
0.9874402578637324 0.17148554336989033 29.613333333333333 3.44 0.8700000000000006
0.9797710347893742 0.15154536390827517 29.383333333333333 3.04 0.8800000000000006
0.970323441147049 0.13559322033898305 29.1 2.72 0.8900000000000006
0.9632099588751806 0.10269192422731804 28.886666666666667 2.06 0.9000000000000006
0.9528731799488719 0.07278165503489531 28.576666666666668 1.46 0.9100000000000006
0.9452039568745138 0.05583250249252243 28.346666666666668 1.12 0.9200000000000006
0.9378681782816495 0.036889332003988036 28.126666666666665 0.74 0.9300000000000006
0.932866511059242 0.028913260219341975 27.976666666666667 0.58 0.9400000000000006
0.9269756585528509 0.022931206380857428 27.8 0.46 0.9500000000000006
0.9206402134044681 0.020937188434695914 27.61 0.42 0.9600000000000006
0.9127486940091142 0.019940179461615155 27.373333333333335 0.4 0.9700000000000006
0.8946315438479493 0.019940179461615155 26.83 0.4 0.9800000000000006
0.8386128709569857 0.019940179461615155 25.15 0.4 0.9900000000000007
0.0 0.0 0.0 0.0
