1.0 1.0 8.997 100.3 0.0
1.0 0.5034895314057827 8.997 50.5 0.01
1.0 0.33599202392821537 8.997 33.7 0.02
1.0 0.28713858424725824 8.997 28.8 0.03
1.0 0.25623130608175476 8.997 25.7 0.04
1.0 0.2313060817547358 8.997 23.2 0.05
1.0 0.20139581256231306 8.997 20.2 0.060000000000000005
1.0 0.20139581256231306 8.997 20.2 0.07
1.0 0.1914257228315055 8.997 19.2 0.08
1.0 0.17647058823529413 8.997 17.7 0.09
1.0 0.16450648055832504 8.997 16.5 0.09999999999999999
1.0 0.1585244267198405 8.997 15.9 0.10999999999999999
1.0 0.15453639082751744 8.997 15.5 0.11999999999999998
1.0 0.15054835493519442 8.997 15.1 0.12999999999999998
1.0 0.14456630109670987 8.997 14.5 0.13999999999999999
1.0 0.14057826520438685 8.997 14.1 0.15
1.0 0.13359920239282153 8.997 13.4 0.16
1.0 0.12562313060817548 8.997 12.6 0.17
1.0 0.11166500498504486 8.997 11.2 0.18000000000000002
1.0 0.1016949152542373 8.997 10.2 0.19000000000000003
1.0 0.09571286141575275 8.997 9.6 0.20000000000000004
1.0 0.08574277168494517 8.997 8.6 0.21000000000000005
1.0 0.07876370887337986 8.997 7.9 0.22000000000000006
1.0 0.07676969092721835 8.997 7.7 0.23000000000000007
1.0 0.07477567298105683 8.997 7.5 0.24000000000000007
1.0 0.07377866400797607 8.997 7.4 0.25000000000000006
1.0 0.07377866400797607 8.997 7.4 0.26000000000000006
1.0 0.07178464606181456 8.997 7.2 0.2700000000000001
1.0 0.0707876370887338 8.997 7.1 0.2800000000000001
1.0 0.0707876370887338 8.997 7.1 0.2900000000000001
1.0 0.06979062811565304 8.997 7.0 0.3000000000000001
1.0 0.06879361914257229 8.997 6.9 0.3100000000000001
1.0 0.06879361914257229 8.997 6.9 0.3200000000000001
1.0 0.06879361914257229 8.997 6.9 0.3300000000000001
1.0 0.06879361914257229 8.997 6.9 0.34000000000000014
1.0 0.06879361914257229 8.997 6.9 0.35000000000000014
1.0 0.06779661016949153 8.997 6.8 0.36000000000000015
1.0 0.06779661016949153 8.997 6.8 0.37000000000000016
1.0 0.06679960119641076 8.997 6.7 0.38000000000000017
1.0 0.06480558325024925 8.997 6.5 0.3900000000000002
1.0 0.06181455633100698 8.997 6.2 0.4000000000000002
1.0 0.05682951146560319 8.997 5.7 0.4100000000000002
1.0 0.05682951146560319 8.997 5.7 0.4200000000000002
1.0 0.054835493519441676 8.997 5.5 0.4300000000000002
1.0 0.05284147557328016 8.997 5.3 0.4400000000000002
1.0 0.04685942173479561 8.997 4.7 0.45000000000000023
1.0 0.04386839481555334 8.997 4.4 0.46000000000000024
1.0 0.03988035892323031 8.997 4.0 0.47000000000000025
1.0 0.03788634097706879 8.997 3.8 0.48000000000000026
1.0 0.03589232303090728 8.997 3.6 0.49000000000000027
1.0 0.03389830508474576 8.997 3.4 0.5000000000000002
1.0 0.03290129611166501 8.997 3.3 0.5100000000000002
1.0 0.031904287138584245 8.997 3.2 0.5200000000000002
1.0 0.031904287138584245 8.997 3.2 0.5300000000000002
1.0 0.03090727816550349 8.997 3.1 0.5400000000000003
1.0 0.02991026919242273 8.997 3.0 0.5500000000000003
1.0 0.02991026919242273 8.997 3.0 0.5600000000000003
1.0 0.02991026919242273 8.997 3.0 0.5700000000000003
1.0 0.02991026919242273 8.997 3.0 0.5800000000000003
1.0 0.02991026919242273 8.997 3.0 0.5900000000000003
1.0 0.02991026919242273 8.997 3.0 0.6000000000000003
1.0 0.02991026919242273 8.997 3.0 0.6100000000000003
1.0 0.02991026919242273 8.997 3.0 0.6200000000000003
1.0 0.02991026919242273 8.997 3.0 0.6300000000000003
1.0 0.02991026919242273 8.997 3.0 0.6400000000000003
1.0 0.02991026919242273 8.997 3.0 0.6500000000000004
1.0 0.028913260219341975 8.997 2.9 0.6600000000000004
1.0 0.027916251246261216 8.997 2.8 0.6700000000000004
1.0 0.0259222333000997 8.997 2.6 0.6800000000000004
0.999888851839502 0.022931206380857428 8.996 2.3 0.6900000000000004
0.999888851839502 0.020937188434695914 8.996 2.1 0.7000000000000004
0.999888851839502 0.018943170488534396 8.996 1.9 0.7100000000000004
0.999888851839502 0.01794616151545364 8.996 1.8 0.7200000000000004
0.999888851839502 0.015952143569292122 8.996 1.6 0.7300000000000004
0.999888851839502 0.015952143569292122 8.996 1.6 0.7400000000000004
0.999888851839502 0.014955134596211365 8.996 1.5 0.7500000000000004
0.999888851839502 0.014955134596211365 8.996 1.5 0.7600000000000005
0.999888851839502 0.011964107676969093 8.996 1.2 0.7700000000000005
0.999888851839502 0.011964107676969093 8.996 1.2 0.7800000000000005
0.999888851839502 0.010967098703888335 8.996 1.1 0.7900000000000005
0.999888851839502 0.009970089730807577 8.996 1.0 0.8000000000000005
0.999888851839502 0.00897308075772682 8.996 0.9 0.8100000000000005
0.999888851839502 0.00897308075772682 8.996 0.9 0.8200000000000005
0.999888851839502 0.00897308075772682 8.996 0.9 0.8300000000000005
0.999888851839502 0.00897308075772682 8.996 0.9 0.8400000000000005
0.999888851839502 0.00897308075772682 8.996 0.9 0.8500000000000005
0.9997777036790041 0.00897308075772682 8.995 0.9 0.8600000000000005
0.9996665555185061 0.00897308075772682 8.994 0.9 0.8700000000000006
0.9996665555185061 0.00897308075772682 8.994 0.9 0.8800000000000006
0.9995554073580082 0.00897308075772682 8.993 0.9 0.8900000000000006
0.9995554073580082 0.006979062811565304 8.993 0.7 0.9000000000000006
0.9995554073580082 0.005982053838484547 8.993 0.6 0.9100000000000006
0.9995554073580082 0.003988035892323031 8.993 0.4 0.9200000000000006
0.9995554073580082 0.0019940179461615153 8.993 0.2 0.9300000000000006
0.9995554073580082 0.0019940179461615153 8.993 0.2 0.9400000000000006
0.9995554073580082 0.0 8.993 0.0 0.9500000000000006
0.9995554073580082 0.0 8.993 0.0 0.9600000000000006
0.9995554073580082 0.0 8.993 0.0 0.9700000000000006
0.9989996665555185 0.0 8.988 0.0 0.9800000000000006
0.9974435923085473 0.0 8.974 0.0 0.9900000000000007
0.0 0.0 0.0 0.0
