0.0 0.5982053838484547 0.0 20.0 0.0
0.0 0.5972083748753739 0.0 19.966666666666665 0.01
0.0 0.5852442671984048 0.0 19.566666666666666 0.02
0.0 0.584247258225324 0.0 19.533333333333335 0.03
0.0 0.5782652043868395 0.0 19.333333333333332 0.04
0.0 0.576271186440678 0.0 19.266666666666666 0.05
0.0 0.5722831505483549 0.0 19.133333333333333 0.060000000000000005
0.0 0.5722831505483549 0.0 19.133333333333333 0.07
0.0 0.5712861415752741 0.0 19.1 0.08
0.0 0.5672981056829511 0.0 18.966666666666665 0.09
0.0 0.5643070787637089 0.0 18.866666666666667 0.09999999999999999
0.0 0.5603190428713859 0.0 18.733333333333334 0.10999999999999999
0.0 0.5583250249252243 0.0 18.666666666666668 0.11999999999999998
0.0 0.5573280159521435 0.0 18.633333333333333 0.12999999999999998
0.0 0.5563310069790628 0.0 18.6 0.13999999999999999
0.0 0.5563310069790628 0.0 18.6 0.15
0.0 0.5543369890329013 0.0 18.533333333333335 0.16
0.0 0.5543369890329013 0.0 18.533333333333335 0.17
0.0 0.5543369890329013 0.0 18.533333333333335 0.18000000000000002
0.0 0.5543369890329013 0.0 18.533333333333335 0.19000000000000003
0.0 0.5543369890329013 0.0 18.533333333333335 0.20000000000000004
0.0 0.5523429710867398 0.0 18.466666666666665 0.21000000000000005
0.0 0.551345962113659 0.0 18.433333333333334 0.22000000000000006
0.0 0.551345962113659 0.0 18.433333333333334 0.23000000000000007
0.0 0.5493519441674976 0.0 18.366666666666667 0.24000000000000007
0.0 0.5463609172482552 0.0 18.266666666666666 0.25000000000000006
0.0 0.5453639082751744 0.0 18.233333333333334 0.26000000000000006
0.0 0.5443668993020937 0.0 18.2 0.2700000000000001
0.0 0.543369890329013 0.0 18.166666666666668 0.2800000000000001
0.0 0.5403788634097707 0.0 18.066666666666666 0.2900000000000001
0.0 0.5363908275174477 0.0 17.933333333333334 0.3000000000000001
0.0 0.5363908275174477 0.0 17.933333333333334 0.3100000000000001
0.0 0.5363908275174477 0.0 17.933333333333334 0.3200000000000001
0.0 0.5343968095712861 0.0 17.866666666666667 0.3300000000000001
0.0 0.5333998005982054 0.0 17.833333333333332 0.34000000000000014
0.0 0.5333998005982054 0.0 17.833333333333332 0.35000000000000014
0.0 0.5333998005982054 0.0 17.833333333333332 0.36000000000000015
0.0 0.5333998005982054 0.0 17.833333333333332 0.37000000000000016
0.0 0.5333998005982054 0.0 17.833333333333332 0.38000000000000017
0.0 0.5333998005982054 0.0 17.833333333333332 0.3900000000000002
0.0 0.5314057826520439 0.0 17.766666666666666 0.4000000000000002
0.0 0.5294117647058824 0.0 17.7 0.4100000000000002
0.0 0.5294117647058824 0.0 17.7 0.4200000000000002
0.0 0.5274177467597209 0.0 17.633333333333333 0.4300000000000002
0.0 0.5274177467597209 0.0 17.633333333333333 0.4400000000000002
0.0 0.5264207377866401 0.0 17.6 0.45000000000000023
0.0 0.5254237288135594 0.0 17.566666666666666 0.46000000000000024
0.0 0.5254237288135594 0.0 17.566666666666666 0.47000000000000025
0.0 0.5244267198404786 0.0 17.533333333333335 0.48000000000000026
0.0 0.522432701894317 0.0 17.466666666666665 0.49000000000000027
0.0 0.522432701894317 0.0 17.466666666666665 0.5000000000000002
0.0 0.5194416749750748 0.0 17.366666666666667 0.5100000000000002
0.0 0.5154536390827518 0.0 17.233333333333334 0.5200000000000002
0.0 0.5134596211365903 0.0 17.166666666666668 0.5300000000000002
0.0 0.5114656031904287 0.0 17.1 0.5400000000000003
0.0 0.5114656031904287 0.0 17.1 0.5500000000000003
0.0 0.5104685942173479 0.0 17.066666666666666 0.5600000000000003
0.0 0.5104685942173479 0.0 17.066666666666666 0.5700000000000003
0.0 0.5084745762711864 0.0 17.0 0.5800000000000003
0.0 0.5054835493519442 0.0 16.9 0.5900000000000003
0.0 0.5044865403788634 0.0 16.866666666666667 0.6000000000000003
0.0 0.5024925224327019 0.0 16.8 0.6100000000000003
0.0 0.5014955134596212 0.0 16.766666666666666 0.6200000000000003
0.0 0.5014955134596212 0.0 16.766666666666666 0.6300000000000003
0.0 0.5004985044865404 0.0 16.733333333333334 0.6400000000000003
0.0 0.4985044865403789 0.0 16.666666666666668 0.6500000000000004
0.0 0.4965104685942173 0.0 16.6 0.6600000000000004
0.0 0.4965104685942173 0.0 16.6 0.6700000000000004
0.0 0.4965104685942173 0.0 16.6 0.6800000000000004
0.0 0.4955134596211366 0.0 16.566666666666666 0.6900000000000004
0.0 0.49252243270189433 0.0 16.466666666666665 0.7000000000000004
0.0 0.49252243270189433 0.0 16.466666666666665 0.7100000000000004
0.0 0.49252243270189433 0.0 16.466666666666665 0.7200000000000004
0.0 0.4905284147557328 0.0 16.4 0.7300000000000004
0.0 0.48953140578265203 0.0 16.366666666666667 0.7400000000000004
0.0 0.4835493519441675 0.0 16.166666666666668 0.7500000000000004
0.0 0.4785643070787637 0.0 16.0 0.7600000000000005
0.0 0.4765702891326022 0.0 15.933333333333334 0.7700000000000005
0.0 0.47258225324027914 0.0 15.8 0.7800000000000005
0.0 0.47058823529411764 0.0 15.733333333333333 0.7900000000000005
0.0 0.4675972083748754 0.0 15.633333333333333 0.8000000000000005
0.0 0.4646061814556331 0.0 15.533333333333333 0.8100000000000005
0.0 0.46161515453639085 0.0 15.433333333333334 0.8200000000000005
0.0 0.46061814556331004 0.0 15.4 0.8300000000000005
0.0 0.4556331006979063 0.0 15.233333333333333 0.8400000000000005
0.0 0.45363908275174475 0.0 15.166666666666666 0.8500000000000005
0.0 0.45363908275174475 0.0 15.166666666666666 0.8600000000000005
0.0 0.4456630109670987 0.0 14.9 0.8700000000000006
0.0 0.4406779661016949 0.0 14.733333333333333 0.8800000000000006
0.0 0.43469591226321036 0.0 14.533333333333333 0.8900000000000006
0.0 0.4247258225324028 0.0 14.2 0.9000000000000006
0.0 0.42073778664007977 0.0 14.066666666666666 0.9100000000000006
0.0 0.4097706879361914 0.0 13.7 0.9200000000000006
0.0 0.40279162512462613 0.0 13.466666666666667 0.9300000000000006
0.0 0.39282153539381853 0.0 13.133333333333333 0.9400000000000006
0.0 0.38085742771684944 0.0 12.733333333333333 0.9500000000000006
0.0 0.3659022931206381 0.0 12.233333333333333 0.9600000000000006
0.0 0.33998005982053836 0.0 11.366666666666667 0.9700000000000006
0.0 0.3020937188434696 0.0 10.1 0.9800000000000006
0.0 0.23728813559322035 0.0 7.933333333333334 0.9900000000000007
0.0 0.0 0.0 0.0
