1.0 1.0 29.99 9.552380952380952 0.0
1.0 0.9830508474576272 29.99 9.39047619047619 0.01
1.0 0.9312063808574277 29.99 8.895238095238096 0.02
1.0 0.922233300099701 29.99 8.80952380952381 0.03
1.0 0.9062811565304087 29.99 8.657142857142857 0.04
1.0 0.8993020937188435 29.99 8.59047619047619 0.05
1.0 0.8733798604187437 29.99 8.342857142857143 0.060000000000000005
1.0 0.8733798604187437 29.99 8.342857142857143 0.07
1.0 0.8654037886340977 29.99 8.266666666666667 0.08
1.0 0.8554336989032901 29.99 8.17142857142857 0.09
1.0 0.8524426719840479 29.99 8.142857142857142 0.09999999999999999
1.0 0.847457627118644 29.99 8.095238095238095 0.10999999999999999
1.0 0.843469591226321 29.99 8.057142857142857 0.11999999999999998
1.0 0.839481555333998 29.99 8.019047619047619 0.12999999999999998
1.0 0.8315054835493519 29.99 7.942857142857143 0.13999999999999999
1.0 0.8245264207377866 29.99 7.876190476190477 0.15
1.0 0.8185443668993021 29.99 7.819047619047619 0.16
1.0 0.8075772681954138 29.99 7.714285714285714 0.17
1.0 0.7846460618145563 29.99 7.495238095238095 0.18000000000000002
1.0 0.7706879361914257 29.99 7.3619047619047615 0.19000000000000003
1.0 0.7607178464606181 29.99 7.266666666666667 0.20000000000000004
1.0 0.7537387836490529 29.99 7.2 0.21000000000000005
1.0 0.7467597208374875 29.99 7.133333333333334 0.22000000000000006
1.0 0.7397806580259222 29.99 7.066666666666666 0.23000000000000007
1.0 0.7347956131605184 29.99 7.019047619047619 0.24000000000000007
1.0 0.7298105682951147 29.99 6.9714285714285715 0.25000000000000006
1.0 0.7258225324027916 29.99 6.933333333333334 0.26000000000000006
1.0 0.7228315054835494 29.99 6.904761904761905 0.2700000000000001
1.0 0.7198404785643071 29.99 6.876190476190477 0.2800000000000001
1.0 0.7198404785643071 29.99 6.876190476190477 0.2900000000000001
1.0 0.7188434695912264 29.99 6.866666666666666 0.3000000000000001
1.0 0.7168494516450648 29.99 6.847619047619047 0.3100000000000001
1.0 0.7168494516450648 29.99 6.847619047619047 0.3200000000000001
1.0 0.7138584247258225 29.99 6.819047619047619 0.3300000000000001
1.0 0.7108673978065803 29.99 6.79047619047619 0.34000000000000014
1.0 0.707876370887338 29.99 6.761904761904762 0.35000000000000014
1.0 0.7048853439680958 29.99 6.733333333333333 0.36000000000000015
1.0 0.6999002991026919 29.99 6.685714285714286 0.37000000000000016
1.0 0.6929212362911267 29.99 6.619047619047619 0.38000000000000017
1.0 0.6849451645064806 29.99 6.542857142857143 0.3900000000000002
1.0 0.6729810568295115 29.99 6.428571428571429 0.4000000000000002
1.0 0.6660019940179461 29.99 6.3619047619047615 0.4100000000000002
1.0 0.6530408773678963 29.99 6.238095238095238 0.4200000000000002
1.0 0.6450648055832503 29.99 6.161904761904762 0.4300000000000002
1.0 0.6311066799601196 29.99 6.0285714285714285 0.4400000000000002
1.0 0.6221335992023929 29.99 5.942857142857143 0.45000000000000023
1.0 0.6121635094715853 29.99 5.847619047619047 0.46000000000000024
1.0 0.6041874376869392 29.99 5.771428571428571 0.47000000000000025
1.0 0.5902293120638086 29.99 5.6380952380952385 0.48000000000000026
1.0 0.5852442671984048 29.99 5.59047619047619 0.49000000000000027
1.0 0.580259222333001 29.99 5.542857142857143 0.5000000000000002
1.0 0.5782652043868395 29.99 5.523809523809524 0.5100000000000002
1.0 0.5742771684945165 29.99 5.485714285714286 0.5200000000000002
1.0 0.5712861415752741 29.99 5.457142857142857 0.5300000000000002
1.0 0.5672981056829511 29.99 5.419047619047619 0.5400000000000003
1.0 0.5633100697906281 29.99 5.380952380952381 0.5500000000000003
1.0 0.5603190428713859 29.99 5.352380952380952 0.5600000000000003
1.0 0.5573280159521435 29.99 5.3238095238095235 0.5700000000000003
1.0 0.555333998005982 29.99 5.304761904761905 0.5800000000000003
1.0 0.5543369890329013 29.99 5.295238095238095 0.5900000000000003
1.0 0.5493519441674976 29.99 5.247619047619048 0.6000000000000003
1.0 0.5483549351944168 29.99 5.238095238095238 0.6100000000000003
1.0 0.5453639082751744 29.99 5.20952380952381 0.6200000000000003
1.0 0.5413758723828515 29.99 5.171428571428572 0.6300000000000003
1.0 0.53938185443669 29.99 5.152380952380953 0.6400000000000003
1.0 0.5284147557328016 29.99 5.0476190476190474 0.6500000000000004
1.0 0.5174476570289133 29.99 4.942857142857143 0.6600000000000004
1.0 0.5074775672981057 29.99 4.847619047619047 0.6700000000000004
1.0 0.4955134596211366 29.99 4.733333333333333 0.6800000000000004
1.0 0.48255234297108673 29.99 4.609523809523809 0.6900000000000004
1.0 0.46560319042871384 29.99 4.447619047619048 0.7000000000000004
1.0 0.44666001994017945 29.99 4.266666666666667 0.7100000000000004
1.0 0.42273180458624127 29.99 4.038095238095238 0.7200000000000004
1.0 0.4067796610169492 29.99 3.8857142857142857 0.7300000000000004
1.0 0.39082751744765704 29.99 3.7333333333333334 0.7400000000000004
1.0 0.3728813559322034 29.99 3.5619047619047617 0.7500000000000004
1.0 0.35992023928215355 29.99 3.4380952380952383 0.7600000000000005
1.0 0.3489531405782652 29.99 3.3333333333333335 0.7700000000000005
1.0 0.3349950149551346 29.99 3.2 0.7800000000000005
1.0 0.325024925224327 29.99 3.104761904761905 0.7900000000000005
0.999888851839502 0.31106679960119643 29.986666666666668 2.9714285714285715 0.8000000000000005
0.9997777036790041 0.3020937188434696 29.983333333333334 2.8857142857142857 0.8100000000000005
0.9991108147160165 0.29611166500498504 29.963333333333335 2.8285714285714287 0.8200000000000005
0.998110481271535 0.28713858424725824 29.933333333333334 2.742857142857143 0.8300000000000005
0.9972212959875514 0.27916251246261214 29.906666666666666 2.6666666666666665 0.8400000000000005
0.9943314438146049 0.27018943170488535 29.82 2.580952380952381 0.8500000000000005
0.9894409247526953 0.259222333000997 29.673333333333332 2.4761904761904763 0.8600000000000005
0.9824385906413249 0.23728813559322035 29.463333333333335 2.2666666666666666 0.8700000000000006
0.974324774924975 0.21635094715852443 29.22 2.066666666666667 0.8800000000000006
0.964432588640658 0.19940179461615154 28.923333333333332 1.9047619047619047 0.8900000000000006
0.9514282538623986 0.17148554336989033 28.533333333333335 1.638095238095238 0.9000000000000006
0.938757363565633 0.1485543369890329 28.153333333333332 1.4190476190476191 0.9100000000000006
0.930643547849283 0.12662013958125623 27.91 1.2095238095238094 0.9200000000000006
0.9235300655774147 0.10967098703888335 27.696666666666665 1.0476190476190477 0.9300000000000006
0.9159719906635545 0.09870388833499502 27.47 0.9428571428571428 0.9400000000000006
0.9076358786262088 0.09172482552342971 27.22 0.8761904761904762 0.9500000000000006
0.9001889518728465 0.0897308075772682 26.996666666666666 0.8571428571428571 0.9600000000000006
0.8907413582305213 0.0897308075772682 26.713333333333335 0.8571428571428571 0.9700000000000006
0.8682894298099366 0.0897308075772682 26.04 0.8571428571428571 0.9800000000000006
0.8017116816716683 0.0897308075772682 24.043333333333333 0.8571428571428571 0.9900000000000007
0.0 0.0 0.0 0.0
