0 75.48999999999997 10000 9345.469999999697
5 100.0 10000 9313.939999999659
10 100.0 10000 9317.429999999647
15 100.0 10000 9316.259999999673
20 100.0 10000 9375.709999999692
25 100.0 10000 9352.099999999664
30 100.0 10000 9330.069999999685
35 100.0 10000 9334.51999999967
40 100.0 10000 9324.469999999703
45 100.0 10000 9372.85999999967
50 100.0 10000 9347.849999999698
0 77.5 10000 9295.139999999672
5 100.0 10000 9332.84999999969
10 100.0 10000 9326.669999999678
15 100.0 10000 9349.519999999644
20 100.0 10000 9360.569999999687
25 100.0 10000 9386.529999999691
30 100.0 10000 9325.309999999688
35 100.0 10000 9358.959999999703
40 100.0 10000 9377.879999999703
45 100.0 10000 9333.36999999972
50 100.0 10000 9356.589999999685
55 100.0 10000 9325.3299999997
60 100.0 10000 9330.67999999968
65 100.0 10000 9373.579999999662
70 100.0 10000 9307.589999999658
75 100.0 10000 9371.78999999965
80 100.0 10000 9376.599999999677
85 100.0 10000 9358.629999999675
90 100.0 10000 9321.729999999656
95 100.0 10000 9362.079999999694
100 100.0 10000 9344.009999999691
105 100.0 10000 9288.019999999718
110 100.0 10000 9363.309999999663
115 100.0 10000 9350.659999999674
120 100.0 10000 9327.52999999967
125 100.0 10000 9360.209999999694
130 100.0 10000 9358.369999999686
135 100.0 10000 9322.469999999674
140 100.0 10000 9345.629999999688
145 100.0 10000 9377.779999999653
150 100.0 10000 9405.179999999687
155 100.0 10000 9384.54999999966
160 100.0 10000 9373.039999999684
165 100.0 10000 9352.109999999671
170 100.0 10000 9337.969999999703
175 100.0 10000 9384.889999999688
180 100.0 10000 9377.749999999673
185 100.0 10000 9317.959999999677
190 100.0 10000 9370.079999999678
195 100.0 10000 9360.02999999969
200 100.0 10000 9339.99999999969
50 0.0 10000 9312.149999999672
50 10.0 10000 9290.009999999678
50 20.0 10000 9333.699999999637
50 30.0 10000 9369.079999999687
50 40.0 10000 9356.87999999969
50 50.0 10000 9354.309999999632
50 60.0 10000 9391.779999999664
50 70.0 10000 9318.009999999684
50 80.0 10000 9335.119999999664
50 90.0 10000 9365.549999999666
50 100.0 10000 9377.65999999969
