1.0 1.0 9.996666666666666 50.15 0.0
1.0 0.6560319042871385 9.996666666666666 32.9 0.01
1.0 0.5154536390827518 9.996666666666666 25.85 0.02
1.0 0.47357926221335994 9.996666666666666 23.75 0.03
1.0 0.4436689930209372 9.996666666666666 22.25 0.04
1.0 0.4137587238285145 9.996666666666666 20.75 0.05
1.0 0.382851445663011 9.996666666666666 19.2 0.060000000000000005
1.0 0.382851445663011 9.996666666666666 19.2 0.07
1.0 0.3748753738783649 9.996666666666666 18.8 0.08
1.0 0.35294117647058826 9.996666666666666 17.7 0.09
1.0 0.33798604187437686 9.996666666666666 16.95 0.09999999999999999
1.0 0.32801595214356927 9.996666666666666 16.45 0.10999999999999999
1.0 0.3220338983050847 9.996666666666666 16.15 0.11999999999999998
1.0 0.3190428713858425 9.996666666666666 16.0 0.12999999999999998
1.0 0.3090727816550349 9.996666666666666 15.5 0.13999999999999999
1.0 0.30608175473579263 9.996666666666666 15.35 0.15
1.0 0.3000997008973081 9.996666666666666 15.05 0.16
1.0 0.29411764705882354 9.996666666666666 14.75 0.17
1.0 0.2781655034895314 9.996666666666666 13.95 0.18000000000000002
1.0 0.2731804586241276 9.996666666666666 13.7 0.19000000000000003
1.0 0.2662013958125623 9.996666666666666 13.35 0.20000000000000004
1.0 0.26021934197407776 9.996666666666666 13.05 0.21000000000000005
1.0 0.25623130608175476 9.996666666666666 12.85 0.22000000000000006
1.0 0.2522432701894317 9.996666666666666 12.65 0.23000000000000007
1.0 0.24825523429710866 9.996666666666666 12.45 0.24000000000000007
1.0 0.24626121635094717 9.996666666666666 12.35 0.25000000000000006
1.0 0.24227318045862412 9.996666666666666 12.15 0.26000000000000006
1.0 0.2382851445663011 9.996666666666666 11.95 0.2700000000000001
1.0 0.23629112662013957 9.996666666666666 11.85 0.2800000000000001
1.0 0.2313060817547358 9.996666666666666 11.6 0.2900000000000001
1.0 0.22731804586241275 9.996666666666666 11.4 0.3000000000000001
1.0 0.22731804586241275 9.996666666666666 11.4 0.3100000000000001
1.0 0.22532402791625125 9.996666666666666 11.3 0.3200000000000001
1.0 0.22233300099700898 9.996666666666666 11.15 0.3300000000000001
1.0 0.2213359920239282 9.996666666666666 11.1 0.34000000000000014
1.0 0.21834496510468593 9.996666666666666 10.95 0.35000000000000014
1.0 0.21834496510468593 9.996666666666666 10.95 0.36000000000000015
1.0 0.21535393818544366 9.996666666666666 10.8 0.37000000000000016
1.0 0.2143569292123629 9.996666666666666 10.75 0.38000000000000017
1.0 0.2143569292123629 9.996666666666666 10.75 0.3900000000000002
1.0 0.2123629112662014 9.996666666666666 10.65 0.4000000000000002
1.0 0.2073778664007976 9.996666666666666 10.4 0.4100000000000002
1.0 0.20438683948155534 9.996666666666666 10.25 0.4200000000000002
1.0 0.20139581256231306 9.996666666666666 10.1 0.4300000000000002
1.0 0.19740777666999004 9.996666666666666 9.9 0.4400000000000002
1.0 0.1914257228315055 9.996666666666666 9.6 0.45000000000000023
1.0 0.18943170488534397 9.996666666666666 9.5 0.46000000000000024
1.0 0.1864406779661017 9.996666666666666 9.35 0.47000000000000025
1.0 0.18344965104685942 9.996666666666666 9.2 0.48000000000000026
1.0 0.1794616151545364 9.996666666666666 9.0 0.49000000000000027
1.0 0.1744765702891326 9.996666666666666 8.75 0.5000000000000002
1.0 0.16849451645064806 9.996666666666666 8.45 0.5100000000000002
1.0 0.1625124626121635 9.996666666666666 8.15 0.5200000000000002
1.0 0.1625124626121635 9.996666666666666 8.15 0.5300000000000002
1.0 0.1585244267198405 9.996666666666666 7.95 0.5400000000000003
1.0 0.15653040877367896 9.996666666666666 7.85 0.5500000000000003
1.0 0.15453639082751744 9.996666666666666 7.75 0.5600000000000003
1.0 0.1535393818544367 9.996666666666666 7.7 0.5700000000000003
1.0 0.15254237288135594 9.996666666666666 7.65 0.5800000000000003
1.0 0.15154536390827517 9.996666666666666 7.6 0.5900000000000003
1.0 0.15054835493519442 9.996666666666666 7.55 0.6000000000000003
1.0 0.1485543369890329 9.996666666666666 7.45 0.6100000000000003
1.0 0.14755732801595214 9.996666666666666 7.4 0.6200000000000003
1.0 0.14456630109670987 9.996666666666666 7.25 0.6300000000000003
1.0 0.1415752741774676 9.996666666666666 7.1 0.6400000000000003
1.0 0.14057826520438685 9.996666666666666 7.05 0.6500000000000004
1.0 0.13559322033898305 9.996666666666666 6.8 0.6600000000000004
1.0 0.1345962113659023 9.996666666666666 6.75 0.6700000000000004
1.0 0.13160518444666003 9.996666666666666 6.6 0.6800000000000004
1.0 0.12861415752741776 9.996666666666666 6.45 0.6900000000000004
1.0 0.12462612163509472 9.996666666666666 6.25 0.7000000000000004
1.0 0.11964107676969092 9.996666666666666 6.0 0.7100000000000004
1.0 0.1156530408773679 9.996666666666666 5.8 0.7200000000000004
1.0 0.11365902293120637 9.996666666666666 5.7 0.7300000000000004
1.0 0.10767696909272183 9.996666666666666 5.4 0.7400000000000004
1.0 0.10069790628115653 9.996666666666666 5.05 0.7500000000000004
1.0 0.09571286141575275 9.996666666666666 4.8 0.7600000000000005
1.0 0.09371884346959122 9.996666666666666 4.7 0.7700000000000005
1.0 0.09072781655034895 9.996666666666666 4.55 0.7800000000000005
1.0 0.08873379860418744 9.996666666666666 4.45 0.7900000000000005
1.0 0.0847457627118644 9.996666666666666 4.25 0.8000000000000005
1.0 0.07976071784646062 9.996666666666666 4.0 0.8100000000000005
1.0 0.07776669990029911 9.996666666666666 3.9 0.8200000000000005
1.0 0.07676969092721835 9.996666666666666 3.85 0.8300000000000005
1.0 0.07377866400797607 9.996666666666666 3.7 0.8400000000000005
1.0 0.07278165503489531 9.996666666666666 3.65 0.8500000000000005
0.999888851839502 0.0707876370887338 9.995555555555555 3.55 0.8600000000000005
0.9996665555185061 0.06879361914257229 9.993333333333334 3.45 0.8700000000000006
0.9995554073580082 0.06779661016949153 9.992222222222223 3.4 0.8800000000000006
0.9994442591975102 0.06580259222333001 9.991111111111111 3.3 0.8900000000000006
0.9992219628765144 0.05782652043868395 9.988888888888889 2.9 0.9000000000000006
0.9992219628765144 0.05583250249252243 9.988888888888889 2.8 0.9100000000000006
0.9992219628765144 0.053838484546360914 9.988888888888889 2.7 0.9200000000000006
0.9992219628765144 0.05284147557328016 9.988888888888889 2.65 0.9300000000000006
0.9992219628765144 0.049850448654037885 9.988888888888889 2.5 0.9400000000000006
0.9989996665555185 0.045862412761714856 9.986666666666666 2.3 0.9500000000000006
0.9989996665555185 0.038883349950149554 9.986666666666666 1.95 0.9600000000000006
0.9987773702345226 0.031904287138584245 9.984444444444444 1.6 0.9700000000000006
0.9974435923085473 0.023928215353938187 9.971111111111112 1.2 0.9800000000000006
0.994109147493609 0.01694915254237288 9.937777777777777 0.85 0.9900000000000007
0.0 0.0 0.0 0.0
