1.0 1.0 44.985 9.552380952380952 0.0
1.0 0.9890329012961117 44.985 9.447619047619048 0.01
1.0 0.9760717846460618 44.985 9.323809523809524 0.02
1.0 0.9651046859421735 44.985 9.219047619047618 0.03
1.0 0.9511465603190429 44.985 9.085714285714285 0.04
1.0 0.9351944167497508 44.985 8.933333333333334 0.05
1.0 0.9152542372881356 44.985 8.742857142857142 0.060000000000000005
1.0 0.9152542372881356 44.985 8.742857142857142 0.07
1.0 0.9032901296111665 44.985 8.628571428571428 0.08
1.0 0.8973080757726819 44.985 8.571428571428571 0.09
1.0 0.8883349950149552 44.985 8.485714285714286 0.09999999999999999
1.0 0.8853439680957128 44.985 8.457142857142857 0.10999999999999999
1.0 0.8853439680957128 44.985 8.457142857142857 0.11999999999999998
1.0 0.8843469591226321 44.985 8.447619047619048 0.12999999999999998
1.0 0.8803589232303091 44.985 8.40952380952381 0.13999999999999999
1.0 0.8783649052841476 44.985 8.39047619047619 0.15
1.0 0.8733798604187437 44.985 8.342857142857143 0.16
1.0 0.8654037886340977 44.985 8.266666666666667 0.17
1.0 0.8564307078763709 44.985 8.18095238095238 0.18000000000000002
1.0 0.8504486540378864 44.985 8.123809523809523 0.19000000000000003
1.0 0.8424725822532403 44.985 8.047619047619047 0.20000000000000004
1.0 0.8384845463609173 44.985 8.00952380952381 0.21000000000000005
1.0 0.8285144566301097 44.985 7.914285714285715 0.22000000000000006
1.0 0.8255234297108675 44.985 7.885714285714286 0.23000000000000007
1.0 0.8245264207377866 44.985 7.876190476190477 0.24000000000000007
1.0 0.8245264207377866 44.985 7.876190476190477 0.25000000000000006
1.0 0.8235294117647058 44.985 7.866666666666666 0.26000000000000006
1.0 0.8215353938185443 44.985 7.847619047619047 0.2700000000000001
1.0 0.8205383848454636 44.985 7.838095238095238 0.2800000000000001
1.0 0.8175473579262214 44.985 7.809523809523809 0.2900000000000001
1.0 0.8175473579262214 44.985 7.809523809523809 0.3000000000000001
1.0 0.8165503489531406 44.985 7.8 0.3100000000000001
1.0 0.8155533399800599 44.985 7.79047619047619 0.3200000000000001
1.0 0.8145563310069791 44.985 7.780952380952381 0.3300000000000001
1.0 0.8125623130608175 44.985 7.761904761904762 0.34000000000000014
1.0 0.8095712861415753 44.985 7.733333333333333 0.35000000000000014
1.0 0.8035892323030908 44.985 7.6761904761904765 0.36000000000000015
1.0 0.8015952143569293 44.985 7.6571428571428575 0.37000000000000016
1.0 0.7966101694915254 44.985 7.609523809523809 0.38000000000000017
1.0 0.7936191425722832 44.985 7.580952380952381 0.3900000000000002
1.0 0.7866400797607178 44.985 7.514285714285714 0.4000000000000002
1.0 0.7826520438683948 44.985 7.476190476190476 0.4100000000000002
1.0 0.7766699900299102 44.985 7.419047619047619 0.4200000000000002
1.0 0.773678963110668 44.985 7.390476190476191 0.4300000000000002
1.0 0.7686939182452642 44.985 7.3428571428571425 0.4400000000000002
1.0 0.7607178464606181 44.985 7.266666666666667 0.45000000000000023
1.0 0.7547357926221336 44.985 7.20952380952381 0.46000000000000024
1.0 0.7497507477567298 44.985 7.161904761904762 0.47000000000000025
1.0 0.7427716849451645 44.985 7.095238095238095 0.48000000000000026
1.0 0.7357926221335992 44.985 7.0285714285714285 0.49000000000000027
1.0 0.7318045862412762 44.985 6.9904761904761905 0.5000000000000002
1.0 0.7258225324027916 44.985 6.933333333333334 0.5100000000000002
1.0 0.7238285144566301 44.985 6.914285714285715 0.5200000000000002
1.0 0.7228315054835494 44.985 6.904761904761905 0.5300000000000002
1.0 0.7218344965104686 44.985 6.895238095238096 0.5400000000000003
1.0 0.7218344965104686 44.985 6.895238095238096 0.5500000000000003
1.0 0.7208374875373879 44.985 6.885714285714286 0.5600000000000003
1.0 0.7198404785643071 44.985 6.876190476190477 0.5700000000000003
1.0 0.7178464606181456 44.985 6.857142857142857 0.5800000000000003
1.0 0.7168494516450648 44.985 6.847619047619047 0.5900000000000003
1.0 0.7168494516450648 44.985 6.847619047619047 0.6000000000000003
1.0 0.715852442671984 44.985 6.838095238095238 0.6100000000000003
1.0 0.7148554336989033 44.985 6.828571428571428 0.6200000000000003
1.0 0.7138584247258225 44.985 6.819047619047619 0.6300000000000003
1.0 0.707876370887338 44.985 6.761904761904762 0.6400000000000003
1.0 0.7058823529411765 44.985 6.742857142857143 0.6500000000000004
1.0 0.6969092721834497 44.985 6.6571428571428575 0.6600000000000004
1.0 0.6899302093718843 44.985 6.59047619047619 0.6700000000000004
1.0 0.674975074775673 44.985 6.447619047619048 0.6800000000000004
1.0 0.6600199401794616 44.985 6.304761904761905 0.6900000000000004
1.0 0.6510468594217348 44.985 6.219047619047619 0.7000000000000004
1.0 0.638085742771685 44.985 6.095238095238095 0.7100000000000004
1.0 0.6161515453639083 44.985 5.885714285714286 0.7200000000000004
1.0 0.6031904287138584 44.985 5.761904761904762 0.7300000000000004
1.0 0.5862412761714856 44.985 5.6 0.7400000000000004
1.0 0.5722831505483549 44.985 5.466666666666667 0.7500000000000004
1.0 0.5563310069790628 44.985 5.314285714285714 0.7600000000000005
1.0 0.5463609172482552 44.985 5.219047619047619 0.7700000000000005
0.999888851839502 0.5353938185443669 44.98 5.114285714285714 0.7800000000000005
0.9997777036790041 0.5304087736789631 44.975 5.066666666666666 0.7900000000000005
0.9993331110370124 0.5254237288135594 44.955 5.019047619047619 0.8000000000000005
0.9983327775925308 0.522432701894317 44.91 4.9904761904761905 0.8100000000000005
0.9965544070245638 0.5204386839481555 44.83 4.9714285714285715 0.8200000000000005
0.994109147493609 0.514456630109671 44.72 4.914285714285715 0.8300000000000005
0.9888851839502056 0.5064805583250249 44.485 4.838095238095238 0.8400000000000005
0.980215627431366 0.4965104685942173 44.095 4.742857142857143 0.8500000000000005
0.9676558852950984 0.4675972083748754 43.53 4.466666666666667 0.8600000000000005
0.9495387351339335 0.4386839481555334 42.715 4.190476190476191 0.8700000000000006
0.9228631766144271 0.40279162512462613 41.515 3.8476190476190477 0.8800000000000006
0.8890741358230522 0.3489531405782652 39.995 3.3333333333333335 0.8900000000000006
0.8500611314882739 0.2931206380857428 38.24 2.8 0.9000000000000006
0.8108258308324997 0.22931206380857427 36.475 2.1904761904761907 0.9100000000000006
0.7800377903745693 0.18444666001994017 35.09 1.7619047619047619 0.9200000000000006
0.7526953428920752 0.1415752741774676 33.86 1.3523809523809525 0.9300000000000006
0.7321329331999555 0.11964107676969092 32.935 1.1428571428571428 0.9400000000000006
0.7165721907302434 0.10468594217347957 32.235 1.0 0.9500000000000006
0.7021229298655107 0.0967098703888335 31.585 0.9238095238095239 0.9600000000000006
0.6870067800377904 0.09471585244267199 30.905 0.9047619047619048 0.9700000000000006
0.6565521840613537 0.09471585244267199 29.535 0.9047619047619048 0.9800000000000006
0.5659664332555296 0.09471585244267199 25.46 0.9047619047619048 0.9900000000000007
0.0 0.0 0.0 0.0
