1.0 1.0 8.997 50.15 0.0
1.0 0.5074775672981057 8.997 25.45 0.01
1.0 0.37686939182452645 8.997 18.9 0.02
1.0 0.3349950149551346 8.997 16.8 0.03
1.0 0.3070787637088734 8.997 15.4 0.04
1.0 0.29112662013958124 8.997 14.6 0.05
1.0 0.24825523429710866 8.997 12.45 0.060000000000000005
1.0 0.24825523429710866 8.997 12.45 0.07
1.0 0.2313060817547358 8.997 11.6 0.08
1.0 0.2143569292123629 8.997 10.75 0.09
1.0 0.2023928215353938 8.997 10.15 0.09999999999999999
1.0 0.19242273180458624 8.997 9.65 0.10999999999999999
0.999888851839502 0.18544366899302095 8.996 9.3 0.11999999999999998
0.999888851839502 0.18245264207377868 8.996 9.15 0.12999999999999998
0.999888851839502 0.17746759720837488 8.996 8.9 0.13999999999999999
0.999888851839502 0.17248255234297108 8.996 8.65 0.15
0.999888851839502 0.1674975074775673 8.996 8.4 0.16
0.999888851839502 0.1625124626121635 8.996 8.15 0.17
0.999888851839502 0.1535393818544367 8.996 7.7 0.18000000000000002
0.999888851839502 0.1485543369890329 8.996 7.45 0.19000000000000003
0.999888851839502 0.1415752741774676 8.996 7.1 0.20000000000000004
0.999888851839502 0.13359920239282153 8.996 6.7 0.21000000000000005
0.999888851839502 0.13160518444666003 8.996 6.6 0.22000000000000006
0.999888851839502 0.12861415752741776 8.996 6.45 0.23000000000000007
0.999888851839502 0.12662013958125623 8.996 6.35 0.24000000000000007
0.999888851839502 0.12362911266201396 8.996 6.2 0.25000000000000006
0.999888851839502 0.12163509471585245 8.996 6.1 0.26000000000000006
0.999888851839502 0.12063808574277168 8.996 6.05 0.2700000000000001
0.999888851839502 0.12063808574277168 8.996 6.05 0.2800000000000001
0.999888851839502 0.11964107676969092 8.996 6.0 0.2900000000000001
0.999888851839502 0.11864406779661017 8.996 5.95 0.3000000000000001
0.999888851839502 0.11864406779661017 8.996 5.95 0.3100000000000001
0.999888851839502 0.11864406779661017 8.996 5.95 0.3200000000000001
0.999888851839502 0.11764705882352941 8.996 5.9 0.3300000000000001
0.999888851839502 0.1156530408773679 8.996 5.8 0.34000000000000014
0.999888851839502 0.11465603190428714 8.996 5.75 0.35000000000000014
0.999888851839502 0.11266201395812563 8.996 5.65 0.36000000000000015
0.999888851839502 0.10967098703888335 8.996 5.5 0.37000000000000016
0.999888851839502 0.10667996011964108 8.996 5.35 0.38000000000000017
0.999888851839502 0.1036889332003988 8.996 5.2 0.3900000000000002
0.999888851839502 0.10269192422731804 8.996 5.15 0.4000000000000002
0.999888851839502 0.1016949152542373 8.996 5.1 0.4100000000000002
0.999888851839502 0.0967098703888335 8.996 4.85 0.4200000000000002
0.999888851839502 0.09172482552342971 8.996 4.6 0.4300000000000002
0.999888851839502 0.08175473579262213 8.996 4.1 0.4400000000000002
0.999888851839502 0.07876370887337986 8.996 3.95 0.45000000000000023
0.999888851839502 0.07278165503489531 8.996 3.65 0.46000000000000024
0.999888851839502 0.06779661016949153 8.996 3.4 0.47000000000000025
0.999888851839502 0.06580259222333001 8.996 3.3 0.48000000000000026
0.999888851839502 0.06480558325024925 8.996 3.25 0.49000000000000027
0.999888851839502 0.06380857427716849 8.996 3.2 0.5000000000000002
0.999888851839502 0.058823529411764705 8.996 2.95 0.5100000000000002
0.999888851839502 0.05682951146560319 8.996 2.85 0.5200000000000002
0.999888851839502 0.05682951146560319 8.996 2.85 0.5300000000000002
0.999888851839502 0.05583250249252243 8.996 2.8 0.5400000000000003
0.999888851839502 0.054835493519441676 8.996 2.75 0.5500000000000003
0.999888851839502 0.054835493519441676 8.996 2.75 0.5600000000000003
0.999888851839502 0.053838484546360914 8.996 2.7 0.5700000000000003
0.999888851839502 0.0518444666001994 8.996 2.6 0.5800000000000003
0.999888851839502 0.0518444666001994 8.996 2.6 0.5900000000000003
0.999888851839502 0.05084745762711865 8.996 2.55 0.6000000000000003
0.999888851839502 0.049850448654037885 8.996 2.5 0.6100000000000003
0.999888851839502 0.049850448654037885 8.996 2.5 0.6200000000000003
0.999888851839502 0.047856430707876374 8.996 2.4 0.6300000000000003
0.999888851839502 0.04685942173479561 8.996 2.35 0.6400000000000003
0.999888851839502 0.045862412761714856 8.996 2.3 0.6500000000000004
0.999888851839502 0.04386839481555334 8.996 2.2 0.6600000000000004
0.999888851839502 0.04187437686939183 8.996 2.1 0.6700000000000004
0.999888851839502 0.03788634097706879 8.996 1.9 0.6800000000000004
0.999888851839502 0.036889332003988036 8.996 1.85 0.6900000000000004
0.999888851839502 0.03389830508474576 8.996 1.7 0.7000000000000004
0.999888851839502 0.028913260219341975 8.996 1.45 0.7100000000000004
0.999888851839502 0.023928215353938187 8.996 1.2 0.7200000000000004
0.999888851839502 0.018943170488534396 8.996 0.95 0.7300000000000004
0.999888851839502 0.01694915254237288 8.996 0.85 0.7400000000000004
0.999888851839502 0.01694915254237288 8.996 0.85 0.7500000000000004
0.999888851839502 0.01694915254237288 8.996 0.85 0.7600000000000005
0.999888851839502 0.013958125623130608 8.996 0.7 0.7700000000000005
0.999888851839502 0.013958125623130608 8.996 0.7 0.7800000000000005
0.999888851839502 0.01296111665004985 8.996 0.65 0.7900000000000005
0.999888851839502 0.01296111665004985 8.996 0.65 0.8000000000000005
0.999888851839502 0.01296111665004985 8.996 0.65 0.8100000000000005
0.999888851839502 0.01296111665004985 8.996 0.65 0.8200000000000005
0.999888851839502 0.01296111665004985 8.996 0.65 0.8300000000000005
0.999888851839502 0.011964107676969093 8.996 0.6 0.8400000000000005
0.999888851839502 0.011964107676969093 8.996 0.6 0.8500000000000005
0.999888851839502 0.010967098703888335 8.996 0.55 0.8600000000000005
0.9997777036790041 0.010967098703888335 8.995 0.55 0.8700000000000006
0.9997777036790041 0.00897308075772682 8.995 0.45 0.8800000000000006
0.9996665555185061 0.007976071784646061 8.994 0.4 0.8900000000000006
0.9993331110370124 0.005982053838484547 8.991 0.3 0.9000000000000006
0.9993331110370124 0.004985044865403789 8.991 0.25 0.9100000000000006
0.9993331110370124 0.003988035892323031 8.991 0.2 0.9200000000000006
0.9991108147160165 9.970089730807576E-4 8.989 0.05 0.9300000000000006
0.9989996665555185 9.970089730807576E-4 8.988 0.05 0.9400000000000006
0.9987773702345226 0.0 8.986 0.0 0.9500000000000006
0.9986662220740247 0.0 8.985 0.0 0.9600000000000006
0.9982216294320329 0.0 8.981 0.0 0.9700000000000006
0.9976658886295432 0.0 8.976 0.0 0.9800000000000006
0.9947760364565966 0.0 8.95 0.0 0.9900000000000007
0.0 0.0 0.0 0.0
