1.0 1.0 17.994 66.86666666666666 0.0
1.0 0.9002991026919243 17.994 60.2 0.01
1.0 0.8155533399800599 17.994 54.53333333333333 0.02
1.0 0.773678963110668 17.994 51.733333333333334 0.03
1.0 0.7427716849451645 17.994 49.666666666666664 0.04
1.0 0.7218344965104686 17.994 48.266666666666666 0.05
1.0 0.6829511465603191 17.994 45.666666666666664 0.060000000000000005
1.0 0.6829511465603191 17.994 45.666666666666664 0.07
1.0 0.6590229312063809 17.994 44.06666666666667 0.08
1.0 0.6470588235294118 17.994 43.266666666666666 0.09
1.0 0.6370887337986042 17.994 42.6 0.09999999999999999
1.0 0.6251246261216351 17.994 41.8 0.10999999999999999
1.0 0.613160518444666 17.994 41.0 0.11999999999999998
1.0 0.6011964107676969 17.994 40.2 0.12999999999999998
1.0 0.5922233300099701 17.994 39.6 0.13999999999999999
1.0 0.5882352941176471 17.994 39.333333333333336 0.15
1.0 0.5752741774675972 17.994 38.46666666666667 0.16
1.0 0.5623130608175474 17.994 37.6 0.17
1.0 0.5363908275174477 17.994 35.86666666666667 0.18000000000000002
1.0 0.5294117647058824 17.994 35.4 0.19000000000000003
1.0 0.5164506480558325 17.994 34.53333333333333 0.20000000000000004
1.0 0.5054835493519442 17.994 33.8 0.21000000000000005
1.0 0.5014955134596212 17.994 33.53333333333333 0.22000000000000006
1.0 0.5004985044865404 17.994 33.46666666666667 0.23000000000000007
1.0 0.48953140578265203 17.994 32.733333333333334 0.24000000000000007
1.0 0.48753738783649053 17.994 32.6 0.25000000000000006
1.0 0.4865403788634098 17.994 32.53333333333333 0.26000000000000006
1.0 0.48255234297108673 17.994 32.266666666666666 0.2700000000000001
1.0 0.481555333998006 17.994 32.2 0.2800000000000001
1.0 0.4785643070787637 17.994 32.0 0.2900000000000001
1.0 0.4765702891326022 17.994 31.866666666666667 0.3000000000000001
1.0 0.4745762711864407 17.994 31.733333333333334 0.3100000000000001
1.0 0.4715852442671984 17.994 31.533333333333335 0.3200000000000001
1.0 0.4695912263210369 17.994 31.4 0.3300000000000001
1.0 0.4675972083748754 17.994 31.266666666666666 0.34000000000000014
1.0 0.4646061814556331 17.994 31.066666666666666 0.35000000000000014
1.0 0.4596211365902293 17.994 30.733333333333334 0.36000000000000015
1.0 0.452642073778664 17.994 30.266666666666666 0.37000000000000016
1.0 0.44666001994017945 17.994 29.866666666666667 0.38000000000000017
1.0 0.4436689930209372 17.994 29.666666666666668 0.3900000000000002
1.0 0.43469591226321036 17.994 29.066666666666666 0.4000000000000002
1.0 0.42572283150548357 17.994 28.466666666666665 0.4100000000000002
1.0 0.41575274177467597 17.994 27.8 0.4200000000000002
1.0 0.40279162512462613 17.994 26.933333333333334 0.4300000000000002
1.0 0.39282153539381853 17.994 26.266666666666666 0.4400000000000002
1.0 0.38085742771684944 17.994 25.466666666666665 0.45000000000000023
1.0 0.3698903290129611 17.994 24.733333333333334 0.46000000000000024
1.0 0.3629112662013958 17.994 24.266666666666666 0.47000000000000025
1.0 0.35692921236291125 17.994 23.866666666666667 0.48000000000000026
1.0 0.3489531405782652 17.994 23.333333333333332 0.49000000000000027
1.0 0.34297108673978066 17.994 22.933333333333334 0.5000000000000002
1.0 0.33599202392821537 17.994 22.466666666666665 0.5100000000000002
1.0 0.3300099700897308 17.994 22.066666666666666 0.5200000000000002
1.0 0.32602193419740777 17.994 21.8 0.5300000000000002
1.0 0.3230309072781655 17.994 21.6 0.5400000000000003
1.0 0.3220338983050847 17.994 21.533333333333335 0.5500000000000003
1.0 0.32103688933200397 17.994 21.466666666666665 0.5600000000000003
1.0 0.32103688933200397 17.994 21.466666666666665 0.5700000000000003
1.0 0.32103688933200397 17.994 21.466666666666665 0.5800000000000003
1.0 0.3200398803589232 17.994 21.4 0.5900000000000003
1.0 0.3180458624127617 17.994 21.266666666666666 0.6000000000000003
1.0 0.3150548354935194 17.994 21.066666666666666 0.6100000000000003
1.0 0.3120638085742772 17.994 20.866666666666667 0.6200000000000003
1.0 0.3090727816550349 17.994 20.666666666666668 0.6300000000000003
1.0 0.30807577268195413 17.994 20.6 0.6400000000000003
1.0 0.30608175473579263 17.994 20.466666666666665 0.6500000000000004
1.0 0.29810568295114653 17.994 19.933333333333334 0.6600000000000004
1.0 0.29611166500498504 17.994 19.8 0.6700000000000004
1.0 0.2931206380857428 17.994 19.6 0.6800000000000004
1.0 0.28414755732801594 17.994 19.0 0.6900000000000004
1.0 0.27716849451645065 17.994 18.533333333333335 0.7000000000000004
1.0 0.2711864406779661 17.994 18.133333333333333 0.7100000000000004
1.0 0.2542372881355932 17.994 17.0 0.7200000000000004
1.0 0.24626121635094717 17.994 16.466666666666665 0.7300000000000004
1.0 0.226321036889332 17.994 15.133333333333333 0.7400000000000004
1.0 0.21834496510468593 17.994 14.6 0.7500000000000004
1.0 0.21036889332003988 17.994 14.066666666666666 0.7600000000000005
1.0 0.2073778664007976 17.994 13.866666666666667 0.7700000000000005
1.0 0.20039880358923232 17.994 13.4 0.7800000000000005
1.0 0.19641076769690927 17.994 13.133333333333333 0.7900000000000005
1.0 0.19641076769690927 17.994 13.133333333333333 0.8000000000000005
1.0 0.19541375872382852 17.994 13.066666666666666 0.8100000000000005
0.9997777036790041 0.19441674975074777 17.99 13.0 0.8200000000000005
0.9996665555185061 0.19242273180458624 17.988 12.866666666666667 0.8300000000000005
0.9994442591975102 0.1914257228315055 17.984 12.8 0.8400000000000005
0.9985550739135267 0.1864406779661017 17.968 12.466666666666667 0.8500000000000005
0.9967767033455597 0.17846460618145563 17.936 11.933333333333334 0.8600000000000005
0.9937757030121152 0.1744765702891326 17.882 11.666666666666666 0.8700000000000006
0.9916638879626543 0.16550348953140578 17.844 11.066666666666666 0.8800000000000006
0.9872179615427364 0.15553339980059822 17.764 10.4 0.8900000000000006
0.9819939979993331 0.14257228315054835 17.67 9.533333333333333 0.9000000000000006
0.9772146270979215 0.13260219341974078 17.584 8.866666666666667 0.9100000000000006
0.9733244414804935 0.11864406779661017 17.514 7.933333333333334 0.9200000000000006
0.9695454040235634 0.10667996011964108 17.446 7.133333333333334 0.9300000000000006
0.9672112926531066 0.1016949152542373 17.404 6.8 0.9400000000000006
0.9629876625541848 0.09870388833499502 17.328 6.6 0.9500000000000006
0.9604312548627321 0.09471585244267199 17.282 6.333333333333333 0.9600000000000006
0.9563187729243081 0.09471585244267199 17.208 6.333333333333333 0.9700000000000006
0.9468711792819828 0.09471585244267199 17.038 6.333333333333333 0.9800000000000006
0.9174169167500278 0.09471585244267199 16.508 6.333333333333333 0.9900000000000007
0.0 0.0 0.0 0.0
