0.0 0.8973080757726819 0.0 20.0 0.0
0.0 0.8923230309072782 0.0 19.88888888888889 0.01
0.0 0.8654037886340977 0.0 19.288888888888888 0.02
0.0 0.8584247258225324 0.0 19.133333333333333 0.03
0.0 0.8454636091724825 0.0 18.844444444444445 0.04
0.0 0.8424725822532403 0.0 18.77777777777778 0.05
0.0 0.8295114656031904 0.0 18.488888888888887 0.060000000000000005
0.0 0.8295114656031904 0.0 18.488888888888887 0.07
0.0 0.8225324027916251 0.0 18.333333333333332 0.08
0.0 0.8215353938185443 0.0 18.31111111111111 0.09
0.0 0.8145563310069791 0.0 18.155555555555555 0.09999999999999999
0.0 0.810568295114656 0.0 18.066666666666666 0.10999999999999999
0.0 0.8045862412761715 0.0 17.933333333333334 0.11999999999999998
0.0 0.7996011964107677 0.0 17.822222222222223 0.12999999999999998
0.0 0.7986041874376869 0.0 17.8 0.13999999999999999
0.0 0.7976071784646062 0.0 17.77777777777778 0.15
0.0 0.7976071784646062 0.0 17.77777777777778 0.16
0.0 0.7956131605184447 0.0 17.733333333333334 0.17
0.0 0.7866400797607178 0.0 17.533333333333335 0.18000000000000002
0.0 0.7816550348953141 0.0 17.42222222222222 0.19000000000000003
0.0 0.7746759720837487 0.0 17.266666666666666 0.20000000000000004
0.0 0.7726819541375872 0.0 17.22222222222222 0.21000000000000005
0.0 0.7706879361914257 0.0 17.177777777777777 0.22000000000000006
0.0 0.7686939182452642 0.0 17.133333333333333 0.23000000000000007
0.0 0.7666999002991027 0.0 17.08888888888889 0.24000000000000007
0.0 0.7666999002991027 0.0 17.08888888888889 0.25000000000000006
0.0 0.7647058823529411 0.0 17.044444444444444 0.26000000000000006
0.0 0.7637088733798604 0.0 17.022222222222222 0.2700000000000001
0.0 0.7627118644067796 0.0 17.0 0.2800000000000001
0.0 0.7617148554336989 0.0 16.977777777777778 0.2900000000000001
0.0 0.7597208374875374 0.0 16.933333333333334 0.3000000000000001
0.0 0.7567298105682951 0.0 16.866666666666667 0.3100000000000001
0.0 0.7517447657028913 0.0 16.755555555555556 0.3200000000000001
0.0 0.7457627118644068 0.0 16.622222222222224 0.3300000000000001
0.0 0.7457627118644068 0.0 16.622222222222224 0.34000000000000014
0.0 0.7457627118644068 0.0 16.622222222222224 0.35000000000000014
0.0 0.7437686939182453 0.0 16.57777777777778 0.36000000000000015
0.0 0.7437686939182453 0.0 16.57777777777778 0.37000000000000016
0.0 0.7407776669990029 0.0 16.511111111111113 0.38000000000000017
0.0 0.7397806580259222 0.0 16.488888888888887 0.3900000000000002
0.0 0.7397806580259222 0.0 16.488888888888887 0.4000000000000002
0.0 0.7397806580259222 0.0 16.488888888888887 0.4100000000000002
0.0 0.7397806580259222 0.0 16.488888888888887 0.4200000000000002
0.0 0.7397806580259222 0.0 16.488888888888887 0.4300000000000002
0.0 0.7367896311066799 0.0 16.42222222222222 0.4400000000000002
0.0 0.7347956131605184 0.0 16.377777777777776 0.45000000000000023
0.0 0.7347956131605184 0.0 16.377777777777776 0.46000000000000024
0.0 0.7347956131605184 0.0 16.377777777777776 0.47000000000000025
0.0 0.732801595214357 0.0 16.333333333333332 0.48000000000000026
0.0 0.7308075772681955 0.0 16.288888888888888 0.49000000000000027
0.0 0.7278165503489531 0.0 16.22222222222222 0.5000000000000002
0.0 0.7248255234297108 0.0 16.155555555555555 0.5100000000000002
0.0 0.7238285144566301 0.0 16.133333333333333 0.5200000000000002
0.0 0.7208374875373879 0.0 16.066666666666666 0.5300000000000002
0.0 0.715852442671984 0.0 15.955555555555556 0.5400000000000003
0.0 0.7148554336989033 0.0 15.933333333333334 0.5500000000000003
0.0 0.7098703888334995 0.0 15.822222222222223 0.5600000000000003
0.0 0.7018943170488534 0.0 15.644444444444444 0.5700000000000003
0.0 0.6979062811565304 0.0 15.555555555555555 0.5800000000000003
0.0 0.6969092721834497 0.0 15.533333333333333 0.5900000000000003
0.0 0.6969092721834497 0.0 15.533333333333333 0.6000000000000003
0.0 0.6939182452642074 0.0 15.466666666666667 0.6100000000000003
0.0 0.6929212362911267 0.0 15.444444444444445 0.6200000000000003
0.0 0.6929212362911267 0.0 15.444444444444445 0.6300000000000003
0.0 0.6899302093718843 0.0 15.377777777777778 0.6400000000000003
0.0 0.6869391824526421 0.0 15.311111111111112 0.6500000000000004
0.0 0.6859421734795613 0.0 15.28888888888889 0.6600000000000004
0.0 0.6829511465603191 0.0 15.222222222222221 0.6700000000000004
0.0 0.678963110667996 0.0 15.133333333333333 0.6800000000000004
0.0 0.6759720837487537 0.0 15.066666666666666 0.6900000000000004
0.0 0.674975074775673 0.0 15.044444444444444 0.7000000000000004
0.0 0.6669990029910269 0.0 14.866666666666667 0.7100000000000004
0.0 0.6610169491525424 0.0 14.733333333333333 0.7200000000000004
0.0 0.6550348953140578 0.0 14.6 0.7300000000000004
0.0 0.6530408773678963 0.0 14.555555555555555 0.7400000000000004
0.0 0.6520438683948155 0.0 14.533333333333333 0.7500000000000004
0.0 0.650049850448654 0.0 14.488888888888889 0.7600000000000005
0.0 0.650049850448654 0.0 14.488888888888889 0.7700000000000005
0.0 0.6470588235294118 0.0 14.422222222222222 0.7800000000000005
0.0 0.6450648055832503 0.0 14.377777777777778 0.7900000000000005
0.0 0.6400797607178464 0.0 14.266666666666667 0.8000000000000005
0.0 0.6301096709870389 0.0 14.044444444444444 0.8100000000000005
0.0 0.6281156530408774 0.0 14.0 0.8200000000000005
0.0 0.6241276171485544 0.0 13.911111111111111 0.8300000000000005
0.0 0.617148554336989 0.0 13.755555555555556 0.8400000000000005
0.0 0.6151545363908275 0.0 13.71111111111111 0.8500000000000005
0.0 0.613160518444666 0.0 13.666666666666666 0.8600000000000005
0.0 0.6051844466600199 0.0 13.488888888888889 0.8700000000000006
0.0 0.6011964107676969 0.0 13.4 0.8800000000000006
0.0 0.5992023928215354 0.0 13.355555555555556 0.8900000000000006
0.0 0.5962113659022931 0.0 13.28888888888889 0.9000000000000006
0.0 0.5862412761714856 0.0 13.066666666666666 0.9100000000000006
0.0 0.5672981056829511 0.0 12.644444444444444 0.9200000000000006
0.0 0.5563310069790628 0.0 12.4 0.9300000000000006
0.0 0.5333998005982054 0.0 11.88888888888889 0.9400000000000006
0.0 0.522432701894317 0.0 11.644444444444444 0.9500000000000006
0.0 0.5044865403788634 0.0 11.244444444444444 0.9600000000000006
0.0 0.46859421734795614 0.0 10.444444444444445 0.9700000000000006
0.0 0.423728813559322 0.0 9.444444444444445 0.9800000000000006
0.0 0.3339980059820538 0.0 7.444444444444445 0.9900000000000007
0.0 0.0 0.0 0.0
