1.0 1.0 11.24625 50.15 0.0
1.0 0.7048853439680958 11.24625 35.35 0.01
1.0 0.6051844466600199 11.24625 30.35 0.02
1.0 0.5633100697906281 11.24625 28.25 0.03
1.0 0.5254237288135594 11.24625 26.35 0.04
1.0 0.4965104685942173 11.24625 24.9 0.05
1.0 0.46560319042871384 11.24625 23.35 0.060000000000000005
1.0 0.46560319042871384 11.24625 23.35 0.07
1.0 0.4506480558325025 11.24625 22.6 0.08
1.0 0.42971086739780656 11.24625 21.55 0.09
1.0 0.4187437686939183 11.24625 21.0 0.09999999999999999
1.0 0.41575274177467597 11.24625 20.85 0.10999999999999999
1.0 0.4097706879361914 11.24625 20.55 0.11999999999999998
1.0 0.4067796610169492 11.24625 20.4 0.12999999999999998
1.0 0.3968095712861416 11.24625 19.9 0.13999999999999999
1.0 0.3898305084745763 11.24625 19.55 0.15
1.0 0.38384845463609174 11.24625 19.25 0.16
1.0 0.37188434695912265 11.24625 18.65 0.17
1.0 0.35692921236291125 11.24625 17.9 0.18000000000000002
1.0 0.3439680957128614 11.24625 17.25 0.19000000000000003
1.0 0.3349950149551346 11.24625 16.8 0.20000000000000004
1.0 0.3220338983050847 11.24625 16.15 0.21000000000000005
1.0 0.3160518444666002 11.24625 15.85 0.22000000000000006
1.0 0.31106679960119643 11.24625 15.6 0.23000000000000007
1.0 0.3070787637088734 11.24625 15.4 0.24000000000000007
1.0 0.30309072781655033 11.24625 15.2 0.25000000000000006
1.0 0.30109670987038883 11.24625 15.1 0.26000000000000006
1.0 0.29910269192422734 11.24625 15.0 0.2700000000000001
1.0 0.2951146560319043 11.24625 14.8 0.2800000000000001
1.0 0.28913260219341974 11.24625 14.5 0.2900000000000001
1.0 0.28614157527417744 11.24625 14.35 0.3000000000000001
1.0 0.2851445663010967 11.24625 14.3 0.3100000000000001
1.0 0.28215353938185445 11.24625 14.15 0.3200000000000001
1.0 0.2811565304087737 11.24625 14.1 0.3300000000000001
1.0 0.2781655034895314 11.24625 13.95 0.34000000000000014
1.0 0.2741774675972084 11.24625 13.75 0.35000000000000014
1.0 0.27218344965104685 11.24625 13.65 0.36000000000000015
1.0 0.27018943170488535 11.24625 13.55 0.37000000000000016
1.0 0.2622133599202393 11.24625 13.15 0.38000000000000017
1.0 0.26021934197407776 11.24625 13.05 0.3900000000000002
1.0 0.2522432701894317 11.24625 12.65 0.4000000000000002
1.0 0.24626121635094717 11.24625 12.35 0.4100000000000002
1.0 0.23728813559322035 11.24625 11.9 0.4200000000000002
1.0 0.23030907278165502 11.24625 11.55 0.4300000000000002
1.0 0.22831505483549352 11.24625 11.45 0.4400000000000002
1.0 0.22432701894317048 11.24625 11.25 0.45000000000000023
1.0 0.2193419740777667 11.24625 11.0 0.46000000000000024
1.0 0.20937188434695914 11.24625 10.5 0.47000000000000025
1.0 0.20638085742771686 11.24625 10.35 0.48000000000000026
1.0 0.2053838484546361 11.24625 10.3 0.49000000000000027
1.0 0.20438683948155534 11.24625 10.25 0.5000000000000002
1.0 0.20438683948155534 11.24625 10.25 0.5100000000000002
1.0 0.20139581256231306 11.24625 10.1 0.5200000000000002
1.0 0.1984047856430708 11.24625 9.95 0.5300000000000002
1.0 0.19740777666999004 11.24625 9.9 0.5400000000000003
1.0 0.19740777666999004 11.24625 9.9 0.5500000000000003
1.0 0.19541375872382852 11.24625 9.8 0.5600000000000003
1.0 0.19242273180458624 11.24625 9.65 0.5700000000000003
1.0 0.1914257228315055 11.24625 9.6 0.5800000000000003
1.0 0.18943170488534397 11.24625 9.5 0.5900000000000003
1.0 0.18843469591226322 11.24625 9.45 0.6000000000000003
1.0 0.1864406779661017 11.24625 9.35 0.6100000000000003
1.0 0.18544366899302095 11.24625 9.3 0.6200000000000003
1.0 0.18245264207377868 11.24625 9.15 0.6300000000000003
1.0 0.18045862412761715 11.24625 9.05 0.6400000000000003
1.0 0.17846460618145563 11.24625 8.95 0.6500000000000004
1.0 0.17647058823529413 11.24625 8.85 0.6600000000000004
1.0 0.17547357926221335 11.24625 8.8 0.6700000000000004
1.0 0.17048853439680958 11.24625 8.55 0.6800000000000004
1.0 0.16450648055832504 11.24625 8.25 0.6900000000000004
1.0 0.1575274177467597 11.24625 7.9 0.7000000000000004
1.0 0.15254237288135594 11.24625 7.65 0.7100000000000004
1.0 0.14356929212362912 11.24625 7.2 0.7200000000000004
1.0 0.13758723828514458 11.24625 6.9 0.7300000000000004
1.0 0.1345962113659023 11.24625 6.75 0.7400000000000004
1.0 0.13359920239282153 11.24625 6.7 0.7500000000000004
1.0 0.12861415752741776 11.24625 6.45 0.7600000000000005
1.0 0.12861415752741776 11.24625 6.45 0.7700000000000005
1.0 0.12861415752741776 11.24625 6.45 0.7800000000000005
1.0 0.12362911266201396 11.24625 6.2 0.7900000000000005
1.0 0.12063808574277168 11.24625 6.05 0.8000000000000005
1.0 0.11864406779661017 11.24625 5.95 0.8100000000000005
1.0 0.11764705882352941 11.24625 5.9 0.8200000000000005
1.0 0.11665004985044865 11.24625 5.85 0.8300000000000005
1.0 0.11465603190428714 11.24625 5.75 0.8400000000000005
0.999888851839502 0.11365902293120637 11.245 5.7 0.8500000000000005
0.9996665555185061 0.11365902293120637 11.2425 5.7 0.8600000000000005
0.9994442591975102 0.11266201395812563 11.24 5.65 0.8700000000000006
0.9994442591975102 0.1106679960119641 11.24 5.55 0.8800000000000006
0.9989996665555185 0.1106679960119641 11.235 5.55 0.8900000000000006
0.9986662220740247 0.10667996011964108 11.23125 5.35 0.9000000000000006
0.998110481271535 0.10468594217347957 11.225 5.25 0.9100000000000006
0.9975547404690452 0.09870388833499502 11.21875 4.95 0.9200000000000006
0.9974435923085473 0.09870388833499502 11.2175 4.95 0.9300000000000006
0.9967767033455597 0.0967098703888335 11.21 4.85 0.9400000000000006
0.9963321107035679 0.09571286141575275 11.205 4.8 0.9500000000000006
0.9962209625430699 0.09571286141575275 11.20375 4.8 0.9600000000000006
0.9955540735800823 0.09571286141575275 11.19625 4.8 0.9700000000000006
0.994220295654107 0.09571286141575275 11.18125 4.8 0.9800000000000006
0.9878848505057242 0.09571286141575275 11.11 4.8 0.9900000000000007
0.0 0.0 0.0 0.0
