1.0 1.0 89.97 11.8 0.0
1.0 0.9990029910269193 89.97 11.788235294117648 0.01
1.0 0.9850448654037887 89.97 11.623529411764705 0.02
1.0 0.9730807577268196 89.97 11.48235294117647 0.03
1.0 0.9700897308075773 89.97 11.447058823529412 0.04
1.0 0.967098703888335 89.97 11.411764705882353 0.05
1.0 0.9581256231306082 89.97 11.305882352941177 0.060000000000000005
1.0 0.9581256231306082 89.97 11.305882352941177 0.07
1.0 0.9531405782652044 89.97 11.24705882352941 0.08
1.0 0.9511465603190429 89.97 11.223529411764705 0.09
1.0 0.9461615154536391 89.97 11.16470588235294 0.09999999999999999
1.0 0.9431704885343968 89.97 11.129411764705882 0.10999999999999999
1.0 0.9401794616151545 89.97 11.094117647058823 0.11999999999999998
1.0 0.9391824526420738 89.97 11.08235294117647 0.12999999999999998
1.0 0.9371884346959123 89.97 11.058823529411764 0.13999999999999999
1.0 0.9371884346959123 89.97 11.058823529411764 0.15
1.0 0.9361914257228315 89.97 11.047058823529412 0.16
1.0 0.9282153539381854 89.97 10.952941176470588 0.17
1.0 0.922233300099701 89.97 10.882352941176471 0.18000000000000002
1.0 0.9182452642073778 89.97 10.83529411764706 0.19000000000000003
1.0 0.9142572283150548 89.97 10.788235294117648 0.20000000000000004
1.0 0.909272183449651 89.97 10.729411764705882 0.21000000000000005
1.0 0.9042871385842473 89.97 10.670588235294117 0.22000000000000006
1.0 0.9022931206380858 89.97 10.647058823529411 0.23000000000000007
1.0 0.9022931206380858 89.97 10.647058823529411 0.24000000000000007
1.0 0.9002991026919243 89.97 10.623529411764705 0.25000000000000006
1.0 0.8993020937188435 89.97 10.611764705882353 0.26000000000000006
1.0 0.8993020937188435 89.97 10.611764705882353 0.2700000000000001
1.0 0.8993020937188435 89.97 10.611764705882353 0.2800000000000001
1.0 0.8993020937188435 89.97 10.611764705882353 0.2900000000000001
1.0 0.8993020937188435 89.97 10.611764705882353 0.3000000000000001
1.0 0.8993020937188435 89.97 10.611764705882353 0.3100000000000001
1.0 0.8983050847457628 89.97 10.6 0.3200000000000001
1.0 0.8973080757726819 89.97 10.588235294117647 0.3300000000000001
1.0 0.8963110667996012 89.97 10.576470588235294 0.34000000000000014
1.0 0.8963110667996012 89.97 10.576470588235294 0.35000000000000014
1.0 0.8953140578265204 89.97 10.564705882352941 0.36000000000000015
1.0 0.8913260219341974 89.97 10.51764705882353 0.37000000000000016
1.0 0.8893320039880359 89.97 10.494117647058824 0.38000000000000017
1.0 0.8883349950149552 89.97 10.48235294117647 0.3900000000000002
1.0 0.8853439680957128 89.97 10.447058823529412 0.4000000000000002
1.0 0.8833499501495513 89.97 10.423529411764706 0.4100000000000002
1.0 0.8783649052841476 89.97 10.364705882352942 0.4200000000000002
1.0 0.8743768693918246 89.97 10.31764705882353 0.4300000000000002
1.0 0.8703888334995015 89.97 10.270588235294118 0.4400000000000002
1.0 0.8673978065802592 89.97 10.235294117647058 0.45000000000000023
1.0 0.8574277168494516 89.97 10.117647058823529 0.46000000000000024
1.0 0.8534396809571286 89.97 10.070588235294117 0.47000000000000025
1.0 0.8504486540378864 89.97 10.035294117647059 0.48000000000000026
1.0 0.8484546360917248 89.97 10.011764705882353 0.49000000000000027
1.0 0.8464606181455633 89.97 9.988235294117647 0.5000000000000002
1.0 0.8444666001994018 89.97 9.964705882352941 0.5100000000000002
1.0 0.8424725822532403 89.97 9.941176470588236 0.5200000000000002
1.0 0.8404785643070788 89.97 9.91764705882353 0.5300000000000002
1.0 0.839481555333998 89.97 9.905882352941177 0.5400000000000003
1.0 0.8384845463609173 89.97 9.894117647058824 0.5500000000000003
1.0 0.8384845463609173 89.97 9.894117647058824 0.5600000000000003
1.0 0.8384845463609173 89.97 9.894117647058824 0.5700000000000003
1.0 0.8384845463609173 89.97 9.894117647058824 0.5800000000000003
1.0 0.8384845463609173 89.97 9.894117647058824 0.5900000000000003
1.0 0.8364905284147557 89.97 9.870588235294118 0.6000000000000003
1.0 0.8354935194416749 89.97 9.858823529411765 0.6100000000000003
1.0 0.8344965104685942 89.97 9.847058823529412 0.6200000000000003
1.0 0.8334995014955134 89.97 9.83529411764706 0.6300000000000003
1.0 0.8305084745762712 89.97 9.8 0.6400000000000003
1.0 0.8255234297108675 89.97 9.741176470588234 0.6500000000000004
1.0 0.8215353938185443 89.97 9.694117647058823 0.6600000000000004
1.0 0.8185443668993021 89.97 9.658823529411764 0.6700000000000004
1.0 0.8085742771684945 89.97 9.541176470588235 0.6800000000000004
1.0 0.7946161515453639 89.97 9.376470588235295 0.6900000000000004
1.0 0.7836490528414756 89.97 9.24705882352941 0.7000000000000004
1.0 0.7746759720837487 89.97 9.141176470588235 0.7100000000000004
1.0 0.7547357926221336 89.97 8.905882352941177 0.7200000000000004
1.0 0.7407776669990029 89.97 8.741176470588234 0.7300000000000004
1.0 0.7298105682951147 89.97 8.611764705882353 0.7400000000000004
1.0 0.7168494516450648 89.97 8.458823529411765 0.7500000000000004
1.0 0.6999002991026919 89.97 8.258823529411766 0.7600000000000005
1.0 0.6859421734795613 89.97 8.094117647058823 0.7700000000000005
1.0 0.6719840478564307 89.97 7.929411764705883 0.7800000000000005
0.999888851839502 0.6640079760717846 89.96 7.8352941176470585 0.7900000000000005
0.9996665555185061 0.6570289132602194 89.94 7.752941176470588 0.8000000000000005
0.9983327775925308 0.6510468594217348 89.82 7.682352941176471 0.8100000000000005
0.995887518061576 0.6480558325024925 89.6 7.647058823529412 0.8200000000000005
0.9922196287651439 0.6410767696909272 89.27 7.564705882352941 0.8300000000000005
0.9848838501722796 0.6301096709870389 88.61 7.435294117647059 0.8400000000000005
0.9717683672335223 0.6211365902293121 87.43 7.329411764705882 0.8500000000000005
0.9502056240969212 0.5812562313060817 85.49 6.858823529411764 0.8600000000000005
0.9188618428365011 0.5353938185443669 82.67 6.317647058823529 0.8700000000000006
0.8779593197732578 0.4865403788634098 78.99 5.741176470588235 0.8800000000000006
0.8252750916972325 0.4267198404785643 74.25 5.035294117647059 0.8900000000000006
0.768922974324775 0.34995014955134596 69.18 4.129411764705883 0.9000000000000006
0.7162387462487496 0.27018943170488535 64.44 3.1882352941176473 0.9100000000000006
0.667889296432144 0.20139581256231306 60.09 2.376470588235294 0.9200000000000006
0.6274313660108926 0.15254237288135594 56.45 1.8 0.9300000000000006
0.5983105479604313 0.12462612163509472 53.83 1.4705882352941178 0.9400000000000006
0.5725241747249084 0.1106679960119641 51.51 1.3058823529411765 0.9500000000000006
0.5515171723907969 0.09770687936191426 49.62 1.1529411764705881 0.9600000000000006
0.5297321329332 0.09471585244267199 47.66 1.1176470588235294 0.9700000000000006
0.49138601756140937 0.09371884346959122 44.21 1.1058823529411765 0.9800000000000006
0.3990218961876181 0.09371884346959122 35.9 1.1058823529411765 0.9900000000000007
0.0 0.0 0.0 0.0
