1.0 1.0 29.99 20.06 0.0
1.0 0.9611166500498505 29.99 19.28 0.01
1.0 0.9042871385842473 29.99 18.14 0.02
1.0 0.8793619142572283 29.99 17.64 0.03
1.0 0.8624127617148555 29.99 17.3 0.04
1.0 0.8454636091724825 29.99 16.96 0.05
1.0 0.8155533399800599 29.99 16.36 0.060000000000000005
1.0 0.8155533399800599 29.99 16.36 0.07
1.0 0.7976071784646062 29.99 16.0 0.08
1.0 0.7826520438683948 29.99 15.7 0.09
1.0 0.7756729810568295 29.99 15.56 0.09999999999999999
1.0 0.7686939182452642 29.99 15.42 0.10999999999999999
1.0 0.7627118644067796 29.99 15.3 0.11999999999999998
1.0 0.7577268195413759 29.99 15.2 0.12999999999999998
1.0 0.7537387836490529 29.99 15.12 0.13999999999999999
1.0 0.748753738783649 29.99 15.02 0.15
1.0 0.7407776669990029 29.99 14.86 0.16
1.0 0.7298105682951147 29.99 14.64 0.17
1.0 0.707876370887338 29.99 14.2 0.18000000000000002
1.0 0.7028913260219342 29.99 14.1 0.19000000000000003
1.0 0.6949152542372882 29.99 13.94 0.20000000000000004
1.0 0.6889332003988036 29.99 13.82 0.21000000000000005
1.0 0.6869391824526421 29.99 13.78 0.22000000000000006
1.0 0.6859421734795613 29.99 13.76 0.23000000000000007
1.0 0.6799601196410767 29.99 13.64 0.24000000000000007
1.0 0.678963110667996 29.99 13.62 0.25000000000000006
1.0 0.678963110667996 29.99 13.62 0.26000000000000006
1.0 0.6779661016949152 29.99 13.6 0.2700000000000001
1.0 0.6769690927218345 29.99 13.58 0.2800000000000001
1.0 0.6769690927218345 29.99 13.58 0.2900000000000001
1.0 0.6759720837487537 29.99 13.56 0.3000000000000001
1.0 0.6759720837487537 29.99 13.56 0.3100000000000001
1.0 0.6729810568295115 29.99 13.5 0.3200000000000001
1.0 0.6729810568295115 29.99 13.5 0.3300000000000001
1.0 0.67098703888335 29.99 13.46 0.34000000000000014
1.0 0.6689930209371885 29.99 13.42 0.35000000000000014
1.0 0.6660019940179461 29.99 13.36 0.36000000000000015
1.0 0.6610169491525424 29.99 13.26 0.37000000000000016
1.0 0.6470588235294118 29.99 12.98 0.38000000000000017
1.0 0.6430707876370887 29.99 12.9 0.3900000000000002
1.0 0.634097706879362 29.99 12.72 0.4000000000000002
1.0 0.6201395812562313 29.99 12.44 0.4100000000000002
1.0 0.6081754735792622 29.99 12.2 0.4200000000000002
1.0 0.5982053838484547 29.99 12.0 0.4300000000000002
1.0 0.5912263210368893 29.99 11.86 0.4400000000000002
1.0 0.5782652043868395 29.99 11.6 0.45000000000000023
1.0 0.5702891326021934 29.99 11.44 0.46000000000000024
1.0 0.5613160518444666 29.99 11.26 0.47000000000000025
1.0 0.555333998005982 29.99 11.14 0.48000000000000026
1.0 0.5503489531405783 29.99 11.04 0.49000000000000027
1.0 0.5463609172482552 29.99 10.96 0.5000000000000002
1.0 0.5413758723828515 29.99 10.86 0.5100000000000002
1.0 0.5383848454636092 29.99 10.8 0.5200000000000002
1.0 0.5363908275174477 29.99 10.76 0.5300000000000002
1.0 0.5353938185443669 29.99 10.74 0.5400000000000003
1.0 0.5343968095712861 29.99 10.72 0.5500000000000003
1.0 0.5304087736789631 29.99 10.64 0.5600000000000003
1.0 0.5304087736789631 29.99 10.64 0.5700000000000003
1.0 0.5284147557328016 29.99 10.6 0.5800000000000003
1.0 0.5274177467597209 29.99 10.58 0.5900000000000003
1.0 0.5244267198404786 29.99 10.52 0.6000000000000003
1.0 0.5244267198404786 29.99 10.52 0.6100000000000003
1.0 0.5244267198404786 29.99 10.52 0.6200000000000003
1.0 0.518444666001994 29.99 10.4 0.6300000000000003
1.0 0.514456630109671 29.99 10.32 0.6400000000000003
1.0 0.5134596211365903 29.99 10.3 0.6500000000000004
1.0 0.5074775672981057 29.99 10.18 0.6600000000000004
1.0 0.4995014955134596 29.99 10.02 0.6700000000000004
1.0 0.4915254237288136 29.99 9.86 0.6800000000000004
1.0 0.47557328015952144 29.99 9.54 0.6900000000000004
1.0 0.46560319042871384 29.99 9.34 0.7000000000000004
1.0 0.4506480558325025 29.99 9.04 0.7100000000000004
1.0 0.4267198404785643 29.99 8.56 0.7200000000000004
1.0 0.4107676969092722 29.99 8.24 0.7300000000000004
1.0 0.39980059820538383 29.99 8.02 0.7400000000000004
1.0 0.382851445663011 29.99 7.68 0.7500000000000004
1.0 0.37188434695912265 29.99 7.46 0.7600000000000005
1.0 0.3629112662013958 29.99 7.28 0.7700000000000005
1.0 0.35294117647058826 29.99 7.08 0.7800000000000005
0.999888851839502 0.34496510468594216 29.986666666666668 6.92 0.7900000000000005
0.9996665555185061 0.33998005982053836 29.98 6.82 0.8000000000000005
0.9996665555185061 0.33599202392821537 29.98 6.74 0.8100000000000005
0.9991108147160165 0.3320039880358923 29.963333333333335 6.66 0.8200000000000005
0.9983327775925308 0.32901296111665007 29.94 6.6 0.8300000000000005
0.9972212959875514 0.32602193419740777 29.906666666666666 6.54 0.8400000000000005
0.9938868511726131 0.32103688933200397 29.80666666666667 6.44 0.8500000000000005
0.9879959986662221 0.3100697906281156 29.63 6.22 0.8600000000000005
0.9805490719128599 0.28913260219341974 29.406666666666666 5.8 0.8700000000000006
0.9717683672335223 0.26819541375872386 29.143333333333334 5.38 0.8800000000000006
0.9590974769367567 0.24925224327018944 28.763333333333332 5.0 0.8900000000000006
0.9462042903189952 0.2143569292123629 28.376666666666665 4.3 0.9000000000000006
0.930754696009781 0.1744765702891326 27.913333333333334 3.5 0.9100000000000006
0.9177503612315216 0.14356929212362912 27.523333333333333 2.88 0.9200000000000006
0.9080804712682005 0.11764705882352941 27.233333333333334 2.36 0.9300000000000006
0.9006335445148382 0.10767696909272183 27.01 2.16 0.9400000000000006
0.8938535067244637 0.09770687936191426 26.80666666666667 1.96 0.9500000000000006
0.8865177281315995 0.09471585244267199 26.586666666666666 1.9 0.9600000000000006
0.8785150605757475 0.09371884346959122 26.346666666666668 1.88 0.9700000000000006
0.8585083916861176 0.09371884346959122 25.746666666666666 1.88 0.9800000000000006
0.7927086806713349 0.09371884346959122 23.773333333333333 1.88 0.9900000000000007
0.0 0.0 0.0 0.0
