0 60.13999999999998 10000 9402.119999999728
5 99.99 10000 9446.839999999733
10 100.0 10000 9432.159999999702
15 100.0 10000 9458.809999999703
20 100.0 10000 9446.269999999733
25 100.0 10000 9447.04999999975
30 100.0 10000 9466.289999999783
35 100.0 10000 9462.119999999752
40 100.0 10000 9452.979999999756
45 100.0 10000 9404.199999999722
50 100.0 10000 9445.619999999755
0 66.03999999999999 10000 9427.519999999706
5 100.0 10000 9426.509999999758
10 100.0 10000 9453.079999999736
15 100.0 10000 9437.389999999701
20 100.0 10000 9446.429999999775
25 100.0 10000 9448.929999999757
30 100.0 10000 9436.789999999746
35 100.0 10000 9439.099999999775
40 100.0 10000 9448.06999999975
45 100.0 10000 9445.569999999756
50 100.0 10000 9478.869999999755
55 100.0 10000 9459.629999999739
60 100.0 10000 9446.159999999762
65 100.0 10000 9465.329999999729
70 100.0 10000 9445.22999999976
75 100.0 10000 9429.019999999728
80 100.0 10000 9428.409999999749
85 100.0 10000 9432.539999999717
90 100.0 10000 9463.14999999973
95 100.0 10000 9452.94999999974
100 100.0 10000 9432.269999999802
105 100.0 10000 9406.759999999722
110 100.0 10000 9436.399999999707
115 100.0 10000 9460.4399999997
120 100.0 10000 9437.019999999764
125 100.0 10000 9444.10999999973
130 100.0 10000 9451.999999999698
135 100.0 10000 9430.179999999717
140 100.0 10000 9434.249999999767
145 100.0 10000 9473.999999999727
150 100.0 10000 9424.349999999698
155 100.0 10000 9439.90999999976
160 100.0 10000 9451.87999999968
165 100.0 10000 9446.829999999749
170 100.0 10000 9491.389999999796
175 100.0 10000 9420.61999999978
180 100.0 10000 9470.74999999972
185 100.0 10000 9457.369999999757
190 100.0 10000 9472.259999999707
195 100.0 10000 9458.679999999658
200 100.0 10000 9442.609999999762
50 0.0 10000 9444.159999999754
50 10.0 10000 9405.959999999699
50 20.0 10000 9416.879999999755
50 30.0 10000 9435.809999999783
50 40.0 10000 9459.599999999722
50 50.0 10000 9464.209999999732
50 60.0 10000 9459.309999999696
50 70.0 10000 9419.819999999698
50 80.0 10000 9434.809999999721
50 90.0 10000 9462.639999999727
50 100.0 10000 9453.149999999734
