1.0 1.0 29.99 28.65714285714286 0.0
1.0 0.9780658025922233 29.99 28.02857142857143 0.01
1.0 0.942173479561316 29.99 27.0 0.02
1.0 0.9232303090727817 29.99 26.457142857142856 0.03
1.0 0.9102691924227319 29.99 26.085714285714285 0.04
1.0 0.8923230309072782 29.99 25.571428571428573 0.05
1.0 0.8743768693918246 29.99 25.057142857142857 0.060000000000000005
1.0 0.8743768693918246 29.99 25.057142857142857 0.07
1.0 0.8624127617148555 29.99 24.714285714285715 0.08
1.0 0.8524426719840479 29.99 24.428571428571427 0.09
1.0 0.843469591226321 29.99 24.17142857142857 0.09999999999999999
1.0 0.8374875373878365 29.99 24.0 0.10999999999999999
1.0 0.8344965104685942 29.99 23.914285714285715 0.11999999999999998
1.0 0.827517447657029 29.99 23.714285714285715 0.12999999999999998
1.0 0.8195413758723828 29.99 23.485714285714284 0.13999999999999999
1.0 0.8155533399800599 29.99 23.37142857142857 0.15
1.0 0.810568295114656 29.99 23.228571428571428 0.16
1.0 0.8005982053838484 29.99 22.942857142857143 0.17
1.0 0.7946161515453639 29.99 22.771428571428572 0.18000000000000002
1.0 0.7916251246261217 29.99 22.685714285714287 0.19000000000000003
1.0 0.7806580259222333 29.99 22.37142857142857 0.20000000000000004
1.0 0.7776669990029911 29.99 22.285714285714285 0.21000000000000005
1.0 0.7746759720837487 29.99 22.2 0.22000000000000006
1.0 0.7666999002991027 29.99 21.97142857142857 0.23000000000000007
1.0 0.7597208374875374 29.99 21.771428571428572 0.24000000000000007
1.0 0.7567298105682951 29.99 21.685714285714287 0.25000000000000006
1.0 0.7517447657028913 29.99 21.542857142857144 0.26000000000000006
1.0 0.7477567298105683 29.99 21.428571428571427 0.2700000000000001
1.0 0.744765702891326 29.99 21.34285714285714 0.2800000000000001
1.0 0.744765702891326 29.99 21.34285714285714 0.2900000000000001
1.0 0.7427716849451645 29.99 21.285714285714285 0.3000000000000001
1.0 0.7407776669990029 29.99 21.228571428571428 0.3100000000000001
1.0 0.7377866400797607 29.99 21.142857142857142 0.3200000000000001
1.0 0.7347956131605184 29.99 21.057142857142857 0.3300000000000001
1.0 0.732801595214357 29.99 21.0 0.34000000000000014
1.0 0.732801595214357 29.99 21.0 0.35000000000000014
1.0 0.7298105682951147 29.99 20.914285714285715 0.36000000000000015
1.0 0.7288135593220338 29.99 20.885714285714286 0.37000000000000016
1.0 0.7248255234297108 29.99 20.771428571428572 0.38000000000000017
1.0 0.7218344965104686 29.99 20.685714285714287 0.3900000000000002
1.0 0.7168494516450648 29.99 20.542857142857144 0.4000000000000002
1.0 0.7098703888334995 29.99 20.34285714285714 0.4100000000000002
1.0 0.7058823529411765 29.99 20.228571428571428 0.4200000000000002
1.0 0.7018943170488534 29.99 20.114285714285714 0.4300000000000002
1.0 0.6959122632103689 29.99 19.942857142857143 0.4400000000000002
1.0 0.6909272183449651 29.99 19.8 0.45000000000000023
1.0 0.6859421734795613 29.99 19.65714285714286 0.46000000000000024
1.0 0.6809571286141576 29.99 19.514285714285716 0.47000000000000025
1.0 0.6729810568295115 29.99 19.285714285714285 0.48000000000000026
1.0 0.6729810568295115 29.99 19.285714285714285 0.49000000000000027
1.0 0.6679960119641076 29.99 19.142857142857142 0.5000000000000002
1.0 0.6590229312063809 29.99 18.885714285714286 0.5100000000000002
1.0 0.6560319042871385 29.99 18.8 0.5200000000000002
1.0 0.6520438683948155 29.99 18.685714285714287 0.5300000000000002
1.0 0.6480558325024925 29.99 18.571428571428573 0.5400000000000003
1.0 0.6450648055832503 29.99 18.485714285714284 0.5500000000000003
1.0 0.6410767696909272 29.99 18.37142857142857 0.5600000000000003
1.0 0.638085742771685 29.99 18.285714285714285 0.5700000000000003
1.0 0.6321036889332003 29.99 18.114285714285714 0.5800000000000003
1.0 0.6271186440677966 29.99 17.97142857142857 0.5900000000000003
1.0 0.6251246261216351 29.99 17.914285714285715 0.6000000000000003
1.0 0.6221335992023929 29.99 17.82857142857143 0.6100000000000003
1.0 0.6201395812562313 29.99 17.771428571428572 0.6200000000000003
1.0 0.617148554336989 29.99 17.685714285714287 0.6300000000000003
1.0 0.6151545363908275 29.99 17.62857142857143 0.6400000000000003
1.0 0.609172482552343 29.99 17.457142857142856 0.6500000000000004
1.0 0.5982053838484547 29.99 17.142857142857142 0.6600000000000004
1.0 0.5912263210368893 29.99 16.942857142857143 0.6700000000000004
1.0 0.5822532402791625 29.99 16.685714285714287 0.6800000000000004
1.0 0.5742771684945165 29.99 16.457142857142856 0.6900000000000004
1.0 0.5643070787637089 29.99 16.17142857142857 0.7000000000000004
1.0 0.5543369890329013 29.99 15.885714285714286 0.7100000000000004
1.0 0.5443668993020937 29.99 15.6 0.7200000000000004
1.0 0.5343968095712861 29.99 15.314285714285715 0.7300000000000004
1.0 0.522432701894317 29.99 14.971428571428572 0.7400000000000004
1.0 0.5124626121635095 29.99 14.685714285714285 0.7500000000000004
1.0 0.5014955134596212 29.99 14.371428571428572 0.7600000000000005
1.0 0.4945164506480558 29.99 14.17142857142857 0.7700000000000005
1.0 0.48554336989032904 29.99 13.914285714285715 0.7800000000000005
1.0 0.47357926221335994 29.99 13.571428571428571 0.7900000000000005
0.999888851839502 0.46560319042871384 29.986666666666668 13.342857142857143 0.8000000000000005
0.999888851839502 0.4556331006979063 29.986666666666668 13.057142857142857 0.8100000000000005
0.9996665555185061 0.4506480558325025 29.98 12.914285714285715 0.8200000000000005
0.9992219628765144 0.43968095712861416 29.966666666666665 12.6 0.8300000000000005
0.9984439257530288 0.43270189431704886 29.94333333333333 12.4 0.8400000000000005
0.9973324441480493 0.42771684945164506 29.91 12.257142857142858 0.8500000000000005
0.9949983327775925 0.4187437686939183 29.84 12.0 0.8600000000000005
0.9917750361231522 0.4077766699900299 29.743333333333332 11.685714285714285 0.8700000000000006
0.9865510725797488 0.39780658025922233 29.586666666666666 11.4 0.8800000000000006
0.9817717016783373 0.38883349950149554 29.44333333333333 11.142857142857142 0.8900000000000006
0.9754362565299545 0.37686939182452645 29.253333333333334 10.8 0.9000000000000006
0.9672112926531066 0.35692921236291125 29.006666666666668 10.228571428571428 0.9100000000000006
0.9619873291097032 0.3369890329012961 28.85 9.657142857142857 0.9200000000000006
0.9574302545292875 0.325024925224327 28.713333333333335 9.314285714285715 0.9300000000000006
0.9529843281093698 0.30309072781655033 28.58 8.685714285714285 0.9400000000000006
0.9479826608869624 0.2851445663010967 28.43 8.17142857142857 0.9500000000000006
0.9434255863065466 0.26021934197407776 28.293333333333333 7.457142857142857 0.9600000000000006
0.9355340669111927 0.2333000997008973 28.05666666666667 6.685714285714286 0.9700000000000006
0.9141936200955875 0.19940179461615154 27.416666666666668 5.714285714285714 0.9800000000000006
0.8553962431921752 0.1465603190428714 25.653333333333332 4.2 0.9900000000000007
0.0 0.0 0.0 0.0
