1.0 1.0 89.97 20.06 0.0
0.998110481271535 0.996011964107677 89.8 19.98 0.01
0.9978881849505391 0.9890329012961117 89.78 19.84 0.02
0.9978881849505391 0.9840478564307079 89.78 19.74 0.03
0.9978881849505391 0.9770687936191426 89.78 19.6 0.04
0.9978881849505391 0.9750747756729811 89.78 19.56 0.05
0.9978881849505391 0.9651046859421735 89.78 19.36 0.060000000000000005
0.9978881849505391 0.9651046859421735 89.78 19.36 0.07
0.9978881849505391 0.9611166500498505 89.78 19.28 0.08
0.9978881849505391 0.9561316051844466 89.78 19.18 0.09
0.9978881849505391 0.9531405782652044 89.78 19.12 0.09999999999999999
0.9978881849505391 0.9501495513459621 89.78 19.06 0.10999999999999999
0.9978881849505391 0.9481555333998006 89.78 19.02 0.11999999999999998
0.9978881849505391 0.9481555333998006 89.78 19.02 0.12999999999999998
0.9978881849505391 0.9461615154536391 89.78 18.98 0.13999999999999999
0.9978881849505391 0.9441674975074775 89.78 18.94 0.15
0.9978881849505391 0.9411764705882353 89.78 18.88 0.16
0.9978881849505391 0.9361914257228315 89.78 18.78 0.17
0.9978881849505391 0.9322033898305084 89.78 18.7 0.18000000000000002
0.9978881849505391 0.9282153539381854 89.78 18.62 0.19000000000000003
0.9978881849505391 0.9202392821535393 89.78 18.46 0.20000000000000004
0.9978881849505391 0.9142572283150548 89.78 18.34 0.21000000000000005
0.9978881849505391 0.9122632103688934 89.78 18.3 0.22000000000000006
0.9978881849505391 0.9072781655034895 89.78 18.2 0.23000000000000007
0.9978881849505391 0.9042871385842473 89.78 18.14 0.24000000000000007
0.9978881849505391 0.9042871385842473 89.78 18.14 0.25000000000000006
0.9978881849505391 0.9042871385842473 89.78 18.14 0.26000000000000006
0.9978881849505391 0.9032901296111665 89.78 18.12 0.2700000000000001
0.9978881849505391 0.9032901296111665 89.78 18.12 0.2800000000000001
0.9978881849505391 0.9022931206380858 89.78 18.1 0.2900000000000001
0.9978881849505391 0.9022931206380858 89.78 18.1 0.3000000000000001
0.9978881849505391 0.901296111665005 89.78 18.08 0.3100000000000001
0.9977770367900411 0.8993020937188435 89.77 18.04 0.3200000000000001
0.9977770367900411 0.8983050847457628 89.77 18.02 0.3300000000000001
0.9977770367900411 0.8973080757726819 89.77 18.0 0.34000000000000014
0.9977770367900411 0.8933200398803589 89.77 17.92 0.35000000000000014
0.9977770367900411 0.8893320039880359 89.77 17.84 0.36000000000000015
0.9977770367900411 0.8863409770687937 89.77 17.78 0.37000000000000016
0.9977770367900411 0.8833499501495513 89.77 17.72 0.38000000000000017
0.9977770367900411 0.8793619142572283 89.77 17.64 0.3900000000000002
0.9977770367900411 0.872382851445663 89.77 17.5 0.4000000000000002
0.9977770367900411 0.8664007976071785 89.77 17.38 0.4100000000000002
0.9977770367900411 0.8614157527417746 89.77 17.28 0.4200000000000002
0.9977770367900411 0.8554336989032901 89.77 17.16 0.4300000000000002
0.9977770367900411 0.847457627118644 89.77 17.0 0.4400000000000002
0.9977770367900411 0.8424725822532403 89.77 16.9 0.45000000000000023
0.9977770367900411 0.8344965104685942 89.77 16.74 0.46000000000000024
0.9977770367900411 0.8255234297108675 89.77 16.56 0.47000000000000025
0.9977770367900411 0.8195413758723828 89.77 16.44 0.48000000000000026
0.9977770367900411 0.8155533399800599 89.77 16.36 0.49000000000000027
0.9977770367900411 0.8145563310069791 89.77 16.34 0.5000000000000002
0.9977770367900411 0.8115653040877367 89.77 16.28 0.5100000000000002
0.9977770367900411 0.8085742771684945 89.77 16.22 0.5200000000000002
0.9977770367900411 0.8075772681954138 89.77 16.2 0.5300000000000002
0.9977770367900411 0.8075772681954138 89.77 16.2 0.5400000000000003
0.9977770367900411 0.8035892323030908 89.77 16.12 0.5500000000000003
0.9977770367900411 0.8035892323030908 89.77 16.12 0.5600000000000003
0.9977770367900411 0.8015952143569293 89.77 16.08 0.5700000000000003
0.9977770367900411 0.8015952143569293 89.77 16.08 0.5800000000000003
0.9977770367900411 0.8015952143569293 89.77 16.08 0.5900000000000003
0.9977770367900411 0.8015952143569293 89.77 16.08 0.6000000000000003
0.9977770367900411 0.8005982053838484 89.77 16.06 0.6100000000000003
0.9977770367900411 0.7996011964107677 89.77 16.04 0.6200000000000003
0.9977770367900411 0.7956131605184447 89.77 15.96 0.6300000000000003
0.9977770367900411 0.7936191425722832 89.77 15.92 0.6400000000000003
0.9977770367900411 0.7906281156530409 89.77 15.86 0.6500000000000004
0.9977770367900411 0.7826520438683948 89.77 15.7 0.6600000000000004
0.9977770367900411 0.7686939182452642 89.77 15.42 0.6700000000000004
0.9977770367900411 0.7547357926221336 89.77 15.14 0.6800000000000004
0.9977770367900411 0.7387836490528414 89.77 14.82 0.6900000000000004
0.9977770367900411 0.7208374875373879 89.77 14.46 0.7000000000000004
0.9977770367900411 0.6939182452642074 89.77 13.92 0.7100000000000004
0.9977770367900411 0.6560319042871385 89.77 13.16 0.7200000000000004
0.9977770367900411 0.6370887337986042 89.77 12.78 0.7300000000000004
0.9977770367900411 0.6111665004985045 89.77 12.26 0.7400000000000004
0.9977770367900411 0.5862412761714856 89.77 11.76 0.7500000000000004
0.9977770367900411 0.5603190428713859 89.77 11.24 0.7600000000000005
0.9977770367900411 0.543369890329013 89.77 10.9 0.7700000000000005
0.9977770367900411 0.5264207377866401 89.77 10.56 0.7800000000000005
0.9973324441480493 0.5104685942173479 89.73 10.24 0.7900000000000005
0.9971101478270534 0.4985044865403789 89.71 10.0 0.8000000000000005
0.9964432588640658 0.48953140578265203 89.65 9.82 0.8100000000000005
0.9944425919751028 0.48454636091724823 89.47 9.72 0.8200000000000005
0.9903301100366789 0.47258225324027914 89.1 9.48 0.8300000000000005
0.9834389240858064 0.45862412761714855 88.48 9.2 0.8400000000000005
0.9749916638879627 0.44666001994017945 87.72 8.96 0.8500000000000005
0.9573191063687896 0.4217347956131605 86.13 8.46 0.8600000000000005
0.9321996220962543 0.3778664007976072 83.87 7.58 0.8700000000000006
0.8955207291319328 0.3320039880358923 80.57 6.66 0.8800000000000006
0.8527286873402246 0.28414755732801594 76.72 5.7 0.8900000000000006
0.8037123485606313 0.23030907278165502 72.31 4.62 0.9000000000000006
0.7525841947315772 0.1585244267198405 67.71 3.18 0.9100000000000006
0.7104590419028565 0.09471585244267199 63.92 1.9 0.9200000000000006
0.6793375569634322 0.05583250249252243 61.12 1.12 0.9300000000000006
0.6529954429254196 0.03090727816550349 58.75 0.62 0.9400000000000006
0.6359897743692342 0.014955134596211365 57.22 0.3 0.9500000000000006
0.6194286984550406 0.004985044865403789 55.73 0.1 0.9600000000000006
0.600755807491386 0.0029910269192422734 54.05 0.06 0.9700000000000006
0.5609647660331222 0.0019940179461615153 50.47 0.04 0.9800000000000006
0.45359564299210847 9.970089730807576E-4 40.81 0.02 0.9900000000000007
0.0 0.0 0.0 0.0
