1.0 1.0 12.852857142857143 20.06 0.0
1.0 0.7507477567298105 12.852857142857143 15.06 0.01
1.0 0.6321036889332003 12.852857142857143 12.68 0.02
1.0 0.584247258225324 12.852857142857143 11.72 0.03
1.0 0.5463609172482552 12.852857142857143 10.96 0.04
1.0 0.5234297108673978 12.852857142857143 10.5 0.05
1.0 0.48055832502492524 12.852857142857143 9.64 0.060000000000000005
1.0 0.48055832502492524 12.852857142857143 9.64 0.07
1.0 0.4626121635094716 12.852857142857143 9.28 0.08
1.0 0.4406779661016949 12.852857142857143 8.84 0.09
1.0 0.4307078763708873 12.852857142857143 8.64 0.09999999999999999
1.0 0.42073778664007977 12.852857142857143 8.44 0.10999999999999999
1.0 0.4097706879361914 12.852857142857143 8.22 0.11999999999999998
1.0 0.4057826520438684 12.852857142857143 8.14 0.12999999999999998
1.0 0.39581256231306083 12.852857142857143 7.94 0.13999999999999999
1.0 0.38584247258225324 12.852857142857143 7.74 0.15
1.0 0.3798604187437687 12.852857142857143 7.62 0.16
1.0 0.36390827517447655 12.852857142857143 7.3 0.17
1.0 0.3419740777666999 12.852857142857143 6.86 0.18000000000000002
1.0 0.3270189431704885 12.852857142857143 6.56 0.19000000000000003
1.0 0.3150548354935194 12.852857142857143 6.32 0.20000000000000004
1.0 0.3040877367896311 12.852857142857143 6.1 0.21000000000000005
1.0 0.2931206380857428 12.852857142857143 5.88 0.22000000000000006
1.0 0.28215353938185445 12.852857142857143 5.66 0.23000000000000007
1.0 0.2731804586241276 12.852857142857143 5.48 0.24000000000000007
1.0 0.2711864406779661 12.852857142857143 5.44 0.25000000000000006
1.0 0.2691924227318046 12.852857142857143 5.4 0.26000000000000006
1.0 0.26719840478564305 12.852857142857143 5.36 0.2700000000000001
1.0 0.26520438683948155 12.852857142857143 5.32 0.2800000000000001
1.0 0.2622133599202393 12.852857142857143 5.26 0.2900000000000001
1.0 0.26021934197407776 12.852857142857143 5.22 0.3000000000000001
1.0 0.25623130608175476 12.852857142857143 5.14 0.3100000000000001
1.0 0.25623130608175476 12.852857142857143 5.14 0.3200000000000001
1.0 0.25324027916251246 12.852857142857143 5.08 0.3300000000000001
1.0 0.25124626121635096 12.852857142857143 5.04 0.34000000000000014
1.0 0.2472582253240279 12.852857142857143 4.96 0.35000000000000014
1.0 0.24227318045862412 12.852857142857143 4.86 0.36000000000000015
1.0 0.2382851445663011 12.852857142857143 4.78 0.37000000000000016
1.0 0.23629112662013957 12.852857142857143 4.74 0.38000000000000017
1.0 0.2313060817547358 12.852857142857143 4.64 0.3900000000000002
1.0 0.22731804586241275 12.852857142857143 4.56 0.4000000000000002
1.0 0.21635094715852443 12.852857142857143 4.34 0.4100000000000002
1.0 0.21136590229312063 12.852857142857143 4.24 0.4200000000000002
1.0 0.2073778664007976 12.852857142857143 4.16 0.4300000000000002
1.0 0.1984047856430708 12.852857142857143 3.98 0.4400000000000002
1.0 0.19242273180458624 12.852857142857143 3.86 0.45000000000000023
1.0 0.18943170488534397 12.852857142857143 3.8 0.46000000000000024
1.0 0.18245264207377868 12.852857142857143 3.66 0.47000000000000025
1.0 0.17248255234297108 12.852857142857143 3.46 0.48000000000000026
1.0 0.17048853439680958 12.852857142857143 3.42 0.49000000000000027
1.0 0.16849451645064806 12.852857142857143 3.38 0.5000000000000002
1.0 0.16550348953140578 12.852857142857143 3.32 0.5100000000000002
1.0 0.16450648055832504 12.852857142857143 3.3 0.5200000000000002
1.0 0.1625124626121635 12.852857142857143 3.26 0.5300000000000002
1.0 0.16051844466600199 12.852857142857143 3.22 0.5400000000000003
1.0 0.16051844466600199 12.852857142857143 3.22 0.5500000000000003
1.0 0.16051844466600199 12.852857142857143 3.22 0.5600000000000003
1.0 0.16051844466600199 12.852857142857143 3.22 0.5700000000000003
1.0 0.1585244267198405 12.852857142857143 3.18 0.5800000000000003
1.0 0.15653040877367896 12.852857142857143 3.14 0.5900000000000003
1.0 0.15653040877367896 12.852857142857143 3.14 0.6000000000000003
1.0 0.15653040877367896 12.852857142857143 3.14 0.6100000000000003
1.0 0.15653040877367896 12.852857142857143 3.14 0.6200000000000003
1.0 0.15453639082751744 12.852857142857143 3.1 0.6300000000000003
1.0 0.1535393818544367 12.852857142857143 3.08 0.6400000000000003
1.0 0.15154536390827517 12.852857142857143 3.04 0.6500000000000004
1.0 0.14456630109670987 12.852857142857143 2.9 0.6600000000000004
1.0 0.14257228315054835 12.852857142857143 2.86 0.6700000000000004
1.0 0.13758723828514458 12.852857142857143 2.76 0.6800000000000004
1.0 0.13260219341974078 12.852857142857143 2.66 0.6900000000000004
1.0 0.13060817547357925 12.852857142857143 2.62 0.7000000000000004
1.0 0.12662013958125623 12.852857142857143 2.54 0.7100000000000004
1.0 0.11864406779661017 12.852857142857143 2.38 0.7200000000000004
1.0 0.11465603190428714 12.852857142857143 2.3 0.7300000000000004
1.0 0.10967098703888335 12.852857142857143 2.2 0.7400000000000004
1.0 0.10767696909272183 12.852857142857143 2.16 0.7500000000000004
1.0 0.10468594217347957 12.852857142857143 2.1 0.7600000000000005
1.0 0.09970089730807577 12.852857142857143 2.0 0.7700000000000005
1.0 0.0967098703888335 12.852857142857143 1.94 0.7800000000000005
1.0 0.09571286141575275 12.852857142857143 1.92 0.7900000000000005
1.0 0.09371884346959122 12.852857142857143 1.88 0.8000000000000005
1.0 0.09371884346959122 12.852857142857143 1.88 0.8100000000000005
1.0 0.09371884346959122 12.852857142857143 1.88 0.8200000000000005
1.0 0.09272183449651047 12.852857142857143 1.86 0.8300000000000005
0.999888851839502 0.09172482552342971 12.851428571428572 1.84 0.8400000000000005
0.9996665555185061 0.09172482552342971 12.848571428571429 1.84 0.8500000000000005
0.9994442591975102 0.0897308075772682 12.845714285714285 1.8 0.8600000000000005
0.9993331110370124 0.0897308075772682 12.844285714285714 1.8 0.8700000000000006
0.9991108147160165 0.08673978065802593 12.84142857142857 1.74 0.8800000000000006
0.9989996665555185 0.0847457627118644 12.84 1.7 0.8900000000000006
0.9986662220740247 0.08075772681954138 12.835714285714285 1.62 0.9000000000000006
0.9985550739135267 0.07577268195413758 12.834285714285715 1.52 0.9100000000000006
0.9979993331110371 0.0707876370887338 12.827142857142857 1.42 0.9200000000000006
0.9975547404690452 0.06879361914257229 12.821428571428571 1.38 0.9300000000000006
0.9973324441480493 0.06879361914257229 12.81857142857143 1.38 0.9400000000000006
0.9972212959875514 0.06879361914257229 12.817142857142857 1.38 0.9500000000000006
0.9968878515060575 0.06879361914257229 12.812857142857142 1.38 0.9600000000000006
0.9962209625430699 0.06879361914257229 12.804285714285715 1.38 0.9700000000000006
0.9946648882960987 0.06879361914257229 12.784285714285714 1.38 0.9800000000000006
0.9885517394687118 0.06879361914257229 12.705714285714286 1.38 0.9900000000000007
0.0 0.0 0.0 0.0
