1.0 1.0 8.997 20.06 0.0
1.0 0.4745762711864407 8.997 9.52 0.01
1.0 0.32602193419740777 8.997 6.54 0.02
1.0 0.2781655034895314 8.997 5.58 0.03
1.0 0.2522432701894317 8.997 5.06 0.04
1.0 0.2313060817547358 8.997 4.64 0.05
1.0 0.21036889332003988 8.997 4.22 0.060000000000000005
1.0 0.21036889332003988 8.997 4.22 0.07
1.0 0.19940179461615154 8.997 4.0 0.08
1.0 0.18245264207377868 8.997 3.66 0.09
1.0 0.16849451645064806 8.997 3.38 0.09999999999999999
1.0 0.1625124626121635 8.997 3.26 0.10999999999999999
1.0 0.16051844466600199 8.997 3.22 0.11999999999999998
1.0 0.15553339980059822 8.997 3.12 0.12999999999999998
1.0 0.15254237288135594 8.997 3.06 0.13999999999999999
1.0 0.14955134596211367 8.997 3.0 0.15
1.0 0.1415752741774676 8.997 2.84 0.16
1.0 0.1365902293120638 8.997 2.74 0.17
1.0 0.12163509471585245 8.997 2.44 0.18000000000000002
1.0 0.10867397806580259 8.997 2.18 0.19000000000000003
1.0 0.1036889332003988 8.997 2.08 0.20000000000000004
1.0 0.09970089730807577 8.997 2.0 0.21000000000000005
1.0 0.09870388833499502 8.997 1.98 0.22000000000000006
1.0 0.09371884346959122 8.997 1.88 0.23000000000000007
1.0 0.08773678963110668 8.997 1.76 0.24000000000000007
1.0 0.0847457627118644 8.997 1.7 0.25000000000000006
1.0 0.08374875373878365 8.997 1.68 0.26000000000000006
1.0 0.08374875373878365 8.997 1.68 0.2700000000000001
1.0 0.08275174476570289 8.997 1.66 0.2800000000000001
1.0 0.08275174476570289 8.997 1.66 0.2900000000000001
1.0 0.07876370887337986 8.997 1.58 0.3000000000000001
1.0 0.07776669990029911 8.997 1.56 0.3100000000000001
1.0 0.07577268195413758 8.997 1.52 0.3200000000000001
1.0 0.07278165503489531 8.997 1.46 0.3300000000000001
1.0 0.0707876370887338 8.997 1.42 0.34000000000000014
1.0 0.06879361914257229 8.997 1.38 0.35000000000000014
1.0 0.06679960119641076 8.997 1.34 0.36000000000000015
1.0 0.06679960119641076 8.997 1.34 0.37000000000000016
1.0 0.06580259222333001 8.997 1.32 0.38000000000000017
1.0 0.06181455633100698 8.997 1.24 0.3900000000000002
1.0 0.058823529411764705 8.997 1.18 0.4000000000000002
1.0 0.05782652043868395 8.997 1.16 0.4100000000000002
1.0 0.054835493519441676 8.997 1.1 0.4200000000000002
1.0 0.053838484546360914 8.997 1.08 0.4300000000000002
1.0 0.05284147557328016 8.997 1.06 0.4400000000000002
1.0 0.04885343968095713 8.997 0.98 0.45000000000000023
1.0 0.0448654037886341 8.997 0.9 0.46000000000000024
1.0 0.04187437686939183 8.997 0.84 0.47000000000000025
1.0 0.03788634097706879 8.997 0.76 0.48000000000000026
1.0 0.036889332003988036 8.997 0.74 0.49000000000000027
1.0 0.03589232303090728 8.997 0.72 0.5000000000000002
1.0 0.03389830508474576 8.997 0.68 0.5100000000000002
1.0 0.031904287138584245 8.997 0.64 0.5200000000000002
1.0 0.02991026919242273 8.997 0.6 0.5300000000000002
1.0 0.02991026919242273 8.997 0.6 0.5400000000000003
1.0 0.028913260219341975 8.997 0.58 0.5500000000000003
1.0 0.028913260219341975 8.997 0.58 0.5600000000000003
1.0 0.026919242273180457 8.997 0.54 0.5700000000000003
1.0 0.026919242273180457 8.997 0.54 0.5800000000000003
1.0 0.026919242273180457 8.997 0.54 0.5900000000000003
1.0 0.026919242273180457 8.997 0.54 0.6000000000000003
1.0 0.026919242273180457 8.997 0.54 0.6100000000000003
1.0 0.026919242273180457 8.997 0.54 0.6200000000000003
1.0 0.0259222333000997 8.997 0.52 0.6300000000000003
1.0 0.024925224327018942 8.997 0.5 0.6400000000000003
1.0 0.024925224327018942 8.997 0.5 0.6500000000000004
1.0 0.024925224327018942 8.997 0.5 0.6600000000000004
1.0 0.023928215353938187 8.997 0.48 0.6700000000000004
1.0 0.022931206380857428 8.997 0.46 0.6800000000000004
1.0 0.022931206380857428 8.997 0.46 0.6900000000000004
1.0 0.02193419740777667 8.997 0.44 0.7000000000000004
1.0 0.020937188434695914 8.997 0.42 0.7100000000000004
1.0 0.018943170488534396 8.997 0.38 0.7200000000000004
1.0 0.015952143569292122 8.997 0.32 0.7300000000000004
1.0 0.014955134596211365 8.997 0.3 0.7400000000000004
1.0 0.01296111665004985 8.997 0.26 0.7500000000000004
1.0 0.01296111665004985 8.997 0.26 0.7600000000000005
1.0 0.010967098703888335 8.997 0.22 0.7700000000000005
1.0 0.010967098703888335 8.997 0.22 0.7800000000000005
1.0 0.009970089730807577 8.997 0.2 0.7900000000000005
1.0 0.00897308075772682 8.997 0.18 0.8000000000000005
1.0 0.00897308075772682 8.997 0.18 0.8100000000000005
1.0 0.00897308075772682 8.997 0.18 0.8200000000000005
1.0 0.007976071784646061 8.997 0.16 0.8300000000000005
1.0 0.007976071784646061 8.997 0.16 0.8400000000000005
1.0 0.007976071784646061 8.997 0.16 0.8500000000000005
1.0 0.006979062811565304 8.997 0.14 0.8600000000000005
1.0 0.005982053838484547 8.997 0.12 0.8700000000000006
0.999888851839502 0.003988035892323031 8.996 0.08 0.8800000000000006
0.999888851839502 0.0019940179461615153 8.996 0.04 0.8900000000000006
0.999888851839502 0.0019940179461615153 8.996 0.04 0.9000000000000006
0.999888851839502 0.0019940179461615153 8.996 0.04 0.9100000000000006
0.999888851839502 0.0 8.996 0.0 0.9200000000000006
0.9997777036790041 0.0 8.995 0.0 0.9300000000000006
0.9997777036790041 0.0 8.995 0.0 0.9400000000000006
0.9997777036790041 0.0 8.995 0.0 0.9500000000000006
0.9996665555185061 0.0 8.994 0.0 0.9600000000000006
0.9995554073580082 0.0 8.993 0.0 0.9700000000000006
0.9992219628765144 0.0 8.99 0.0 0.9800000000000006
0.9975547404690452 0.0 8.975 0.0 0.9900000000000007
0.0 0.0 0.0 0.0
