1.0 1.0 11.24625 200.6 0.0
1.0 0.6301096709870389 11.24625 126.4 0.01
1.0 0.4795613160518445 11.24625 96.2 0.02
1.0 0.42572283150548357 11.24625 85.4 0.03
1.0 0.39780658025922233 11.24625 79.8 0.04
1.0 0.38085742771684944 11.24625 76.4 0.05
1.0 0.34795613160518446 11.24625 69.8 0.060000000000000005
1.0 0.34795613160518446 11.24625 69.8 0.07
1.0 0.3320039880358923 11.24625 66.6 0.08
1.0 0.3180458624127617 11.24625 63.8 0.09
1.0 0.3050847457627119 11.24625 61.2 0.09999999999999999
1.0 0.29611166500498504 11.24625 59.4 0.10999999999999999
1.0 0.2901296111665005 11.24625 58.2 0.11999999999999998
1.0 0.27916251246261214 11.24625 56.0 0.12999999999999998
1.0 0.2761714855433699 11.24625 55.4 0.13999999999999999
1.0 0.26819541375872386 11.24625 53.8 0.15
1.0 0.2542372881355932 11.24625 51.0 0.16
1.0 0.24027916251246262 11.24625 48.2 0.17
1.0 0.22333000997008973 11.24625 44.8 0.18000000000000002
1.0 0.20937188434695914 11.24625 42.0 0.19000000000000003
1.0 0.20139581256231306 11.24625 40.4 0.20000000000000004
1.0 0.19042871385842472 11.24625 38.2 0.21000000000000005
1.0 0.18743768693918245 11.24625 37.6 0.22000000000000006
1.0 0.18245264207377868 11.24625 36.6 0.23000000000000007
1.0 0.17647058823529413 11.24625 35.4 0.24000000000000007
1.0 0.17547357926221335 11.24625 35.2 0.25000000000000006
1.0 0.1744765702891326 11.24625 35.0 0.26000000000000006
1.0 0.17048853439680958 11.24625 34.2 0.2700000000000001
1.0 0.16849451645064806 11.24625 33.8 0.2800000000000001
1.0 0.1674975074775673 11.24625 33.6 0.2900000000000001
1.0 0.16650049850448653 11.24625 33.4 0.3000000000000001
1.0 0.16550348953140578 11.24625 33.2 0.3100000000000001
1.0 0.16550348953140578 11.24625 33.2 0.3200000000000001
1.0 0.1625124626121635 11.24625 32.6 0.3300000000000001
1.0 0.16151545363908276 11.24625 32.4 0.34000000000000014
1.0 0.15952143569292124 11.24625 32.0 0.35000000000000014
1.0 0.15254237288135594 11.24625 30.6 0.36000000000000015
1.0 0.1485543369890329 11.24625 29.8 0.37000000000000016
1.0 0.1415752741774676 11.24625 28.4 0.38000000000000017
1.0 0.13758723828514458 11.24625 27.6 0.3900000000000002
1.0 0.13060817547357925 11.24625 26.2 0.4000000000000002
1.0 0.1226321036889332 11.24625 24.6 0.4100000000000002
1.0 0.11365902293120637 11.24625 22.8 0.4200000000000002
1.0 0.10967098703888335 11.24625 22.0 0.4300000000000002
1.0 0.10269192422731804 11.24625 20.6 0.4400000000000002
1.0 0.1016949152542373 11.24625 20.4 0.45000000000000023
1.0 0.09272183449651047 11.24625 18.6 0.46000000000000024
1.0 0.08873379860418744 11.24625 17.8 0.47000000000000025
1.0 0.08574277168494517 11.24625 17.2 0.48000000000000026
1.0 0.08075772681954138 11.24625 16.2 0.49000000000000027
1.0 0.07776669990029911 11.24625 15.6 0.5000000000000002
1.0 0.07577268195413758 11.24625 15.2 0.5100000000000002
1.0 0.07278165503489531 11.24625 14.6 0.5200000000000002
1.0 0.07178464606181456 11.24625 14.4 0.5300000000000002
1.0 0.07178464606181456 11.24625 14.4 0.5400000000000003
1.0 0.07178464606181456 11.24625 14.4 0.5500000000000003
1.0 0.0707876370887338 11.24625 14.2 0.5600000000000003
1.0 0.0707876370887338 11.24625 14.2 0.5700000000000003
1.0 0.06979062811565304 11.24625 14.0 0.5800000000000003
1.0 0.06979062811565304 11.24625 14.0 0.5900000000000003
1.0 0.06979062811565304 11.24625 14.0 0.6000000000000003
1.0 0.06979062811565304 11.24625 14.0 0.6100000000000003
1.0 0.06979062811565304 11.24625 14.0 0.6200000000000003
1.0 0.06879361914257229 11.24625 13.8 0.6300000000000003
1.0 0.06779661016949153 11.24625 13.6 0.6400000000000003
1.0 0.06679960119641076 11.24625 13.4 0.6500000000000004
1.0 0.06380857427716849 11.24625 12.8 0.6600000000000004
1.0 0.06281156530408774 11.24625 12.6 0.6700000000000004
1.0 0.06081754735792622 11.24625 12.2 0.6800000000000004
1.0 0.05682951146560319 11.24625 11.4 0.6900000000000004
1.0 0.0518444666001994 11.24625 10.4 0.7000000000000004
1.0 0.047856430707876374 11.24625 9.6 0.7100000000000004
1.0 0.045862412761714856 11.24625 9.2 0.7200000000000004
1.0 0.04386839481555334 11.24625 8.8 0.7300000000000004
1.0 0.040877367896311065 11.24625 8.2 0.7400000000000004
1.0 0.038883349950149554 11.24625 7.8 0.7500000000000004
1.0 0.03489531405782652 11.24625 7.0 0.7600000000000005
1.0 0.031904287138584245 11.24625 6.4 0.7700000000000005
1.0 0.028913260219341975 11.24625 5.8 0.7800000000000005
1.0 0.026919242273180457 11.24625 5.4 0.7900000000000005
1.0 0.0259222333000997 11.24625 5.2 0.8000000000000005
1.0 0.0259222333000997 11.24625 5.2 0.8100000000000005
1.0 0.0259222333000997 11.24625 5.2 0.8200000000000005
1.0 0.0259222333000997 11.24625 5.2 0.8300000000000005
0.999888851839502 0.0259222333000997 11.245 5.2 0.8400000000000005
0.999888851839502 0.0259222333000997 11.245 5.2 0.8500000000000005
0.9997777036790041 0.0259222333000997 11.24375 5.2 0.8600000000000005
0.9995554073580082 0.023928215353938187 11.24125 4.8 0.8700000000000006
0.9994442591975102 0.018943170488534396 11.24 3.8 0.8800000000000006
0.9989996665555185 0.015952143569292122 11.235 3.2 0.8900000000000006
0.9987773702345226 0.01296111665004985 11.2325 2.6 0.9000000000000006
0.9983327775925308 0.007976071784646061 11.2275 1.6 0.9100000000000006
0.9979993331110371 0.003988035892323031 11.22375 0.8 0.9200000000000006
0.9978881849505391 0.0019940179461615153 11.2225 0.4 0.9300000000000006
0.9977770367900411 0.0019940179461615153 11.22125 0.4 0.9400000000000006
0.9973324441480493 9.970089730807576E-4 11.21625 0.2 0.9500000000000006
0.9971101478270534 9.970089730807576E-4 11.21375 0.2 0.9600000000000006
0.9963321107035679 0.0 11.205 0.0 0.9700000000000006
0.9949983327775925 0.0 11.19 0.0 0.9800000000000006
0.9885517394687118 0.0 11.1175 0.0 0.9900000000000007
0.0 0.0 0.0 0.0
