1.0 1.0 22.4925 66.86666666666666 0.0
1.0 0.9391824526420738 22.4925 62.8 0.01
1.0 0.864406779661017 22.4925 57.8 0.02
1.0 0.8334995014955134 22.4925 55.733333333333334 0.03
1.0 0.8135593220338984 22.4925 54.4 0.04
1.0 0.7996011964107677 22.4925 53.46666666666667 0.05
1.0 0.7746759720837487 22.4925 51.8 0.060000000000000005
1.0 0.7746759720837487 22.4925 51.8 0.07
1.0 0.7627118644067796 22.4925 51.0 0.08
1.0 0.7577268195413759 22.4925 50.666666666666664 0.09
1.0 0.7467597208374875 22.4925 49.93333333333333 0.09999999999999999
1.0 0.732801595214357 22.4925 49.0 0.10999999999999999
1.0 0.7268195413758723 22.4925 48.6 0.11999999999999998
1.0 0.7168494516450648 22.4925 47.93333333333333 0.12999999999999998
1.0 0.7108673978065803 22.4925 47.53333333333333 0.13999999999999999
1.0 0.7028913260219342 22.4925 47.0 0.15
1.0 0.6969092721834497 22.4925 46.6 0.16
1.0 0.6869391824526421 22.4925 45.93333333333333 0.17
1.0 0.6660019940179461 22.4925 44.53333333333333 0.18000000000000002
1.0 0.6530408773678963 22.4925 43.666666666666664 0.19000000000000003
1.0 0.6410767696909272 22.4925 42.86666666666667 0.20000000000000004
1.0 0.6331006979062812 22.4925 42.333333333333336 0.21000000000000005
1.0 0.6231306081754736 22.4925 41.666666666666664 0.22000000000000006
1.0 0.6191425722831505 22.4925 41.4 0.23000000000000007
1.0 0.6141575274177468 22.4925 41.06666666666667 0.24000000000000007
1.0 0.6061814556331007 22.4925 40.53333333333333 0.25000000000000006
1.0 0.6021934197407777 22.4925 40.266666666666666 0.26000000000000006
1.0 0.5972083748753739 22.4925 39.93333333333333 0.2700000000000001
1.0 0.5922233300099701 22.4925 39.6 0.2800000000000001
1.0 0.5862412761714856 22.4925 39.2 0.2900000000000001
1.0 0.5832502492522432 22.4925 39.0 0.3000000000000001
1.0 0.5822532402791625 22.4925 38.93333333333333 0.3100000000000001
1.0 0.5792622133599202 22.4925 38.733333333333334 0.3200000000000001
1.0 0.5782652043868395 22.4925 38.666666666666664 0.3300000000000001
1.0 0.576271186440678 22.4925 38.53333333333333 0.34000000000000014
1.0 0.5712861415752741 22.4925 38.2 0.35000000000000014
1.0 0.5692921236291126 22.4925 38.06666666666667 0.36000000000000015
1.0 0.5672981056829511 22.4925 37.93333333333333 0.37000000000000016
1.0 0.5633100697906281 22.4925 37.666666666666664 0.38000000000000017
1.0 0.5583250249252243 22.4925 37.333333333333336 0.3900000000000002
1.0 0.5483549351944168 22.4925 36.666666666666664 0.4000000000000002
1.0 0.543369890329013 22.4925 36.333333333333336 0.4100000000000002
1.0 0.5324027916251246 22.4925 35.6 0.4200000000000002
1.0 0.5204386839481555 22.4925 34.8 0.4300000000000002
1.0 0.5084745762711864 22.4925 34.0 0.4400000000000002
1.0 0.5014955134596212 22.4925 33.53333333333333 0.45000000000000023
1.0 0.49252243270189433 22.4925 32.93333333333333 0.46000000000000024
1.0 0.48255234297108673 22.4925 32.266666666666666 0.47000000000000025
1.0 0.4745762711864407 22.4925 31.733333333333334 0.48000000000000026
1.0 0.4675972083748754 22.4925 31.266666666666666 0.49000000000000027
1.0 0.46560319042871384 22.4925 31.133333333333333 0.5000000000000002
1.0 0.46360917248255235 22.4925 31.0 0.5100000000000002
1.0 0.45862412761714855 22.4925 30.666666666666668 0.5200000000000002
1.0 0.4556331006979063 22.4925 30.466666666666665 0.5300000000000002
1.0 0.45164506480558325 22.4925 30.2 0.5400000000000003
1.0 0.44666001994017945 22.4925 29.866666666666667 0.5500000000000003
1.0 0.4456630109670987 22.4925 29.8 0.5600000000000003
1.0 0.4436689930209372 22.4925 29.666666666666668 0.5700000000000003
1.0 0.4406779661016949 22.4925 29.466666666666665 0.5800000000000003
1.0 0.43668993020937186 22.4925 29.2 0.5900000000000003
1.0 0.43270189431704886 22.4925 28.933333333333334 0.6000000000000003
1.0 0.4287138584247258 22.4925 28.666666666666668 0.6100000000000003
1.0 0.42771684945164506 22.4925 28.6 0.6200000000000003
1.0 0.42572283150548357 22.4925 28.466666666666665 0.6300000000000003
1.0 0.423728813559322 22.4925 28.333333333333332 0.6400000000000003
1.0 0.4217347956131605 22.4925 28.2 0.6500000000000004
1.0 0.4167497507477567 22.4925 27.866666666666667 0.6600000000000004
1.0 0.4097706879361914 22.4925 27.4 0.6700000000000004
1.0 0.4017946161515454 22.4925 26.866666666666667 0.6800000000000004
1.0 0.3938185443668993 22.4925 26.333333333333332 0.6900000000000004
1.0 0.38883349950149554 22.4925 26.0 0.7000000000000004
1.0 0.37587238285144564 22.4925 25.133333333333333 0.7100000000000004
1.0 0.36490528414755735 22.4925 24.4 0.7200000000000004
1.0 0.353938185443669 22.4925 23.666666666666668 0.7300000000000004
1.0 0.3439680957128614 22.4925 23.0 0.7400000000000004
1.0 0.32901296111665007 22.4925 22.0 0.7500000000000004
1.0 0.32103688933200397 22.4925 21.466666666666665 0.7600000000000005
1.0 0.3120638085742772 22.4925 20.866666666666667 0.7700000000000005
1.0 0.3070787637088734 22.4925 20.533333333333335 0.7800000000000005
0.999888851839502 0.2971086739780658 22.49 19.866666666666667 0.7900000000000005
0.9996665555185061 0.292123629112662 22.485 19.533333333333335 0.8000000000000005
0.9995554073580082 0.29112662013958124 22.4825 19.466666666666665 0.8100000000000005
0.9994442591975102 0.2851445663010967 22.48 19.066666666666666 0.8200000000000005
0.9986662220740247 0.27716849451645065 22.4625 18.533333333333335 0.8300000000000005
0.9977770367900411 0.26819541375872386 22.4425 17.933333333333334 0.8400000000000005
0.9963321107035679 0.2622133599202393 22.41 17.533333333333335 0.8500000000000005
0.9929976658886296 0.25124626121635096 22.335 16.8 0.8600000000000005
0.9891074802712015 0.2382851445663011 22.2475 15.933333333333334 0.8700000000000006
0.9838835167277982 0.22233300099700898 22.13 14.866666666666667 0.8800000000000006
0.978214960542403 0.21136590229312063 22.0025 14.133333333333333 0.8900000000000006
0.970434589307547 0.1914257228315055 21.8275 12.8 0.9000000000000006
0.9635434033566744 0.16650049850448653 21.6725 11.133333333333333 0.9100000000000006
0.9575414026897855 0.14057826520438685 21.5375 9.4 0.9200000000000006
0.9532066244303656 0.12163509471585245 21.44 8.133333333333333 0.9300000000000006
0.9480938090474602 0.10867397806580259 21.325 7.266666666666667 0.9400000000000006
0.9437590307880405 0.09870388833499502 21.2275 6.6 0.9500000000000006
0.9383127709236412 0.09072781655034895 21.105 6.066666666666666 0.9600000000000006
0.9317550294542626 0.07876370887337986 20.9575 5.266666666666667 0.9700000000000006
0.9157496943425586 0.06281156530408774 20.5975 4.2 0.9800000000000006
0.8674002445259531 0.03988035892323031 19.51 2.6666666666666665 0.9900000000000007
0.0 0.0 0.0 0.0
