1.0 1.0 22.4925 25.075 0.0
1.0 0.963110667996012 22.4925 24.15 0.01
1.0 0.8913260219341974 22.4925 22.35 0.02
1.0 0.8673978065802592 22.4925 21.75 0.03
1.0 0.8504486540378864 22.4925 21.325 0.04
1.0 0.8354935194416749 22.4925 20.95 0.05
1.0 0.8055832502492523 22.4925 20.2 0.060000000000000005
1.0 0.8055832502492523 22.4925 20.2 0.07
1.0 0.7946161515453639 22.4925 19.925 0.08
1.0 0.7906281156530409 22.4925 19.825 0.09
1.0 0.7806580259222333 22.4925 19.575 0.09999999999999999
1.0 0.7716849451645065 22.4925 19.35 0.10999999999999999
1.0 0.765702891326022 22.4925 19.2 0.11999999999999998
1.0 0.7617148554336989 22.4925 19.1 0.12999999999999998
1.0 0.7587238285144566 22.4925 19.025 0.13999999999999999
1.0 0.7547357926221336 22.4925 18.925 0.15
1.0 0.7537387836490529 22.4925 18.9 0.16
1.0 0.7477567298105683 22.4925 18.75 0.17
1.0 0.7397806580259222 22.4925 18.55 0.18000000000000002
1.0 0.7308075772681955 22.4925 18.325 0.19000000000000003
1.0 0.7238285144566301 22.4925 18.15 0.20000000000000004
1.0 0.7198404785643071 22.4925 18.05 0.21000000000000005
1.0 0.715852442671984 22.4925 17.95 0.22000000000000006
1.0 0.7128614157527418 22.4925 17.875 0.23000000000000007
1.0 0.7068793619142573 22.4925 17.725 0.24000000000000007
1.0 0.7048853439680958 22.4925 17.675 0.25000000000000006
1.0 0.6989032901296112 22.4925 17.525 0.26000000000000006
1.0 0.6969092721834497 22.4925 17.475 0.2700000000000001
1.0 0.6939182452642074 22.4925 17.4 0.2800000000000001
1.0 0.6879361914257228 22.4925 17.25 0.2900000000000001
1.0 0.6859421734795613 22.4925 17.2 0.3000000000000001
1.0 0.6839481555333998 22.4925 17.15 0.3100000000000001
1.0 0.6819541375872383 22.4925 17.1 0.3200000000000001
1.0 0.6819541375872383 22.4925 17.1 0.3300000000000001
1.0 0.6799601196410767 22.4925 17.05 0.34000000000000014
1.0 0.6759720837487537 22.4925 16.95 0.35000000000000014
1.0 0.6729810568295115 22.4925 16.875 0.36000000000000015
1.0 0.6699900299102692 22.4925 16.8 0.37000000000000016
1.0 0.6620139581256231 22.4925 16.6 0.38000000000000017
1.0 0.6570289132602194 22.4925 16.475 0.3900000000000002
1.0 0.654037886340977 22.4925 16.4 0.4000000000000002
1.0 0.6470588235294118 22.4925 16.225 0.4100000000000002
1.0 0.6410767696909272 22.4925 16.075 0.4200000000000002
1.0 0.6360917248255235 22.4925 15.95 0.4300000000000002
1.0 0.6321036889332003 22.4925 15.85 0.4400000000000002
1.0 0.6231306081754736 22.4925 15.625 0.45000000000000023
1.0 0.617148554336989 22.4925 15.475 0.46000000000000024
1.0 0.6151545363908275 22.4925 15.425 0.47000000000000025
1.0 0.6051844466600199 22.4925 15.175 0.48000000000000026
1.0 0.6011964107676969 22.4925 15.075 0.49000000000000027
1.0 0.5962113659022931 22.4925 14.95 0.5000000000000002
1.0 0.5902293120638086 22.4925 14.8 0.5100000000000002
1.0 0.5852442671984048 22.4925 14.675 0.5200000000000002
1.0 0.5832502492522432 22.4925 14.625 0.5300000000000002
1.0 0.5732801595214357 22.4925 14.375 0.5400000000000003
1.0 0.5663010967098704 22.4925 14.2 0.5500000000000003
1.0 0.5583250249252243 22.4925 14.0 0.5600000000000003
1.0 0.555333998005982 22.4925 13.925 0.5700000000000003
1.0 0.5493519441674976 22.4925 13.775 0.5800000000000003
1.0 0.5463609172482552 22.4925 13.7 0.5900000000000003
1.0 0.543369890329013 22.4925 13.625 0.6000000000000003
1.0 0.5403788634097707 22.4925 13.55 0.6100000000000003
1.0 0.5373878364905285 22.4925 13.475 0.6200000000000003
1.0 0.5314057826520439 22.4925 13.325 0.6300000000000003
1.0 0.5284147557328016 22.4925 13.25 0.6400000000000003
1.0 0.522432701894317 22.4925 13.1 0.6500000000000004
1.0 0.5174476570289133 22.4925 12.975 0.6600000000000004
1.0 0.5104685942173479 22.4925 12.8 0.6700000000000004
1.0 0.5064805583250249 22.4925 12.7 0.6800000000000004
1.0 0.4995014955134596 22.4925 12.525 0.6900000000000004
1.0 0.4915254237288136 22.4925 12.325 0.7000000000000004
1.0 0.48454636091724823 22.4925 12.15 0.7100000000000004
1.0 0.47258225324027914 22.4925 11.85 0.7200000000000004
1.0 0.46360917248255235 22.4925 11.625 0.7300000000000004
1.0 0.4576271186440678 22.4925 11.475 0.7400000000000004
1.0 0.44167497507477566 22.4925 11.075 0.7500000000000004
1.0 0.4307078763708873 22.4925 10.8 0.7600000000000005
1.0 0.42572283150548357 22.4925 10.675 0.7700000000000005
1.0 0.419740777666999 22.4925 10.525 0.7800000000000005
1.0 0.4107676969092722 22.4925 10.3 0.7900000000000005
1.0 0.4037886340977069 22.4925 10.125 0.8000000000000005
1.0 0.3988035892323031 22.4925 10.0 0.8100000000000005
0.999888851839502 0.38883349950149554 22.49 9.75 0.8200000000000005
0.999888851839502 0.3778664007976072 22.49 9.475 0.8300000000000005
0.9997777036790041 0.37188434695912265 22.4875 9.325 0.8400000000000005
0.9986662220740247 0.3678963110667996 22.4625 9.225 0.8500000000000005
0.9974435923085473 0.3609172482552343 22.435 9.05 0.8600000000000005
0.9955540735800823 0.3489531405782652 22.3925 8.75 0.8700000000000006
0.991997332444148 0.34297108673978066 22.3125 8.6 0.8800000000000006
0.9882182949872179 0.3369890329012961 22.2275 8.45 0.8900000000000006
0.9838835167277982 0.32801595214356927 22.13 8.225 0.9000000000000006
0.9796598866288763 0.3150548354935194 22.035 7.9 0.9100000000000006
0.9758808491719462 0.3000997008973081 21.95 7.525 0.9200000000000006
0.9725464043570079 0.28015952143569295 21.875 7.025 0.9300000000000006
0.9685450705790819 0.26520438683948155 21.785 6.65 0.9400000000000006
0.9636545515171724 0.2522432701894317 21.675 6.325 0.9500000000000006
0.9595420695787484 0.22931206380857427 21.5825 5.75 0.9600000000000006
0.9523174391463821 0.20837487537387836 21.42 5.225 0.9700000000000006
0.9394242525286206 0.1794616151545364 21.13 4.5 0.9800000000000006
0.8985217294653773 0.13758723828514458 20.21 3.45 0.9900000000000007
0.0 0.0 0.0 0.0
