1.0 1.0 12.852857142857143 20.06 0.0
1.0 0.7018943170488534 12.852857142857143 14.08 0.01
1.0 0.5682951146560319 12.852857142857143 11.4 0.02
1.0 0.5084745762711864 12.852857142857143 10.2 0.03
1.0 0.48255234297108673 12.852857142857143 9.68 0.04
1.0 0.4556331006979063 12.852857142857143 9.14 0.05
1.0 0.4247258225324028 12.852857142857143 8.52 0.060000000000000005
1.0 0.4247258225324028 12.852857142857143 8.52 0.07
1.0 0.4137587238285145 12.852857142857143 8.3 0.08
1.0 0.40079760717846463 12.852857142857143 8.04 0.09
1.0 0.3848454636091725 12.852857142857143 7.72 0.09999999999999999
1.0 0.37587238285144564 12.852857142857143 7.54 0.10999999999999999
1.0 0.37188434695912265 12.852857142857143 7.46 0.11999999999999998
1.0 0.3698903290129611 12.852857142857143 7.42 0.12999999999999998
1.0 0.36689930209371885 12.852857142857143 7.36 0.13999999999999999
1.0 0.35692921236291125 12.852857142857143 7.16 0.15
1.0 0.34795613160518446 12.852857142857143 6.98 0.16
1.0 0.33998005982053836 12.852857142857143 6.82 0.17
1.0 0.3180458624127617 12.852857142857143 6.38 0.18000000000000002
1.0 0.30608175473579263 12.852857142857143 6.14 0.19000000000000003
1.0 0.29910269192422734 12.852857142857143 6.0 0.20000000000000004
1.0 0.2951146560319043 12.852857142857143 5.92 0.21000000000000005
1.0 0.288135593220339 12.852857142857143 5.78 0.22000000000000006
1.0 0.2831505483549352 12.852857142857143 5.68 0.23000000000000007
1.0 0.27916251246261214 12.852857142857143 5.6 0.24000000000000007
1.0 0.2741774675972084 12.852857142857143 5.5 0.25000000000000006
1.0 0.27218344965104685 12.852857142857143 5.46 0.26000000000000006
1.0 0.27018943170488535 12.852857142857143 5.42 0.2700000000000001
1.0 0.27018943170488535 12.852857142857143 5.42 0.2800000000000001
1.0 0.27018943170488535 12.852857142857143 5.42 0.2900000000000001
1.0 0.27018943170488535 12.852857142857143 5.42 0.3000000000000001
1.0 0.2691924227318046 12.852857142857143 5.4 0.3100000000000001
1.0 0.26819541375872386 12.852857142857143 5.38 0.3200000000000001
1.0 0.26520438683948155 12.852857142857143 5.32 0.3300000000000001
1.0 0.26321036889332006 12.852857142857143 5.28 0.34000000000000014
1.0 0.2612163509471585 12.852857142857143 5.24 0.35000000000000014
1.0 0.2572283150548355 12.852857142857143 5.16 0.36000000000000015
1.0 0.2542372881355932 12.852857142857143 5.1 0.37000000000000016
1.0 0.24925224327018944 12.852857142857143 5.0 0.38000000000000017
1.0 0.2432701894317049 12.852857142857143 4.88 0.3900000000000002
1.0 0.23928215353938184 12.852857142857143 4.8 0.4000000000000002
1.0 0.23230309072781655 12.852857142857143 4.66 0.4100000000000002
1.0 0.22831505483549352 12.852857142857143 4.58 0.4200000000000002
1.0 0.2193419740777667 12.852857142857143 4.4 0.4300000000000002
1.0 0.2143569292123629 12.852857142857143 4.3 0.4400000000000002
1.0 0.20937188434695914 12.852857142857143 4.2 0.45000000000000023
1.0 0.1984047856430708 12.852857142857143 3.98 0.46000000000000024
1.0 0.19441674975074777 12.852857142857143 3.9 0.47000000000000025
1.0 0.18544366899302095 12.852857142857143 3.72 0.48000000000000026
1.0 0.18245264207377868 12.852857142857143 3.66 0.49000000000000027
1.0 0.1794616151545364 12.852857142857143 3.6 0.5000000000000002
1.0 0.17746759720837488 12.852857142857143 3.56 0.5100000000000002
1.0 0.17347956131605186 12.852857142857143 3.48 0.5200000000000002
1.0 0.17248255234297108 12.852857142857143 3.46 0.5300000000000002
1.0 0.17248255234297108 12.852857142857143 3.46 0.5400000000000003
1.0 0.1694915254237288 12.852857142857143 3.4 0.5500000000000003
1.0 0.1694915254237288 12.852857142857143 3.4 0.5600000000000003
1.0 0.16849451645064806 12.852857142857143 3.38 0.5700000000000003
1.0 0.16849451645064806 12.852857142857143 3.38 0.5800000000000003
1.0 0.16849451645064806 12.852857142857143 3.38 0.5900000000000003
1.0 0.16849451645064806 12.852857142857143 3.38 0.6000000000000003
1.0 0.16849451645064806 12.852857142857143 3.38 0.6100000000000003
1.0 0.16650049850448653 12.852857142857143 3.34 0.6200000000000003
1.0 0.16450648055832504 12.852857142857143 3.3 0.6300000000000003
1.0 0.16350947158524426 12.852857142857143 3.28 0.6400000000000003
1.0 0.16151545363908276 12.852857142857143 3.24 0.6500000000000004
1.0 0.1585244267198405 12.852857142857143 3.18 0.6600000000000004
1.0 0.15453639082751744 12.852857142857143 3.1 0.6700000000000004
1.0 0.14955134596211367 12.852857142857143 3.0 0.6800000000000004
1.0 0.14356929212362912 12.852857142857143 2.88 0.6900000000000004
1.0 0.14057826520438685 12.852857142857143 2.82 0.7000000000000004
1.0 0.1345962113659023 12.852857142857143 2.7 0.7100000000000004
1.0 0.12662013958125623 12.852857142857143 2.54 0.7200000000000004
1.0 0.11764705882352941 12.852857142857143 2.36 0.7300000000000004
1.0 0.11266201395812563 12.852857142857143 2.26 0.7400000000000004
1.0 0.10468594217347957 12.852857142857143 2.1 0.7500000000000004
1.0 0.09870388833499502 12.852857142857143 1.98 0.7600000000000005
1.0 0.09471585244267199 12.852857142857143 1.9 0.7700000000000005
1.0 0.0897308075772682 12.852857142857143 1.8 0.7800000000000005
1.0 0.08773678963110668 12.852857142857143 1.76 0.7900000000000005
1.0 0.08574277168494517 12.852857142857143 1.72 0.8000000000000005
1.0 0.08574277168494517 12.852857142857143 1.72 0.8100000000000005
1.0 0.08574277168494517 12.852857142857143 1.72 0.8200000000000005
1.0 0.08574277168494517 12.852857142857143 1.72 0.8300000000000005
0.999888851839502 0.08574277168494517 12.851428571428572 1.72 0.8400000000000005
0.9997777036790041 0.0847457627118644 12.85 1.7 0.8500000000000005
0.9995554073580082 0.08075772681954138 12.847142857142858 1.62 0.8600000000000005
0.9993331110370124 0.07477567298105683 12.844285714285714 1.5 0.8700000000000006
0.9988885183950206 0.07377866400797607 12.838571428571429 1.48 0.8800000000000006
0.9985550739135267 0.0707876370887338 12.834285714285715 1.42 0.8900000000000006
0.9972212959875514 0.06380857427716849 12.817142857142857 1.28 0.9000000000000006
0.9963321107035679 0.05782652043868395 12.805714285714286 1.16 0.9100000000000006
0.9956652217405801 0.04885343968095713 12.797142857142857 0.98 0.9200000000000006
0.9951094809380905 0.04287138584247258 12.79 0.86 0.9300000000000006
0.9947760364565966 0.04287138584247258 12.785714285714286 0.86 0.9400000000000006
0.9944425919751028 0.040877367896311065 12.781428571428572 0.82 0.9500000000000006
0.9933311103701233 0.040877367896311065 12.767142857142858 0.82 0.9600000000000006
0.9922196287651439 0.040877367896311065 12.752857142857144 0.82 0.9700000000000006
0.9903301100366789 0.03988035892323031 12.728571428571428 0.8 0.9800000000000006
0.9827720351228187 0.03988035892323031 12.631428571428572 0.8 0.9900000000000007
0.0 0.0 0.0 0.0
