1.0 1.0 29.99 22.288888888888888 0.0
1.0 0.963110667996012 29.99 21.466666666666665 0.01
1.0 0.9212362911266201 29.99 20.533333333333335 0.02
1.0 0.901296111665005 29.99 20.08888888888889 0.03
1.0 0.8823529411764706 29.99 19.666666666666668 0.04
1.0 0.8703888334995015 29.99 19.4 0.05
1.0 0.8524426719840479 29.99 19.0 0.060000000000000005
1.0 0.8524426719840479 29.99 19.0 0.07
1.0 0.8404785643070788 29.99 18.733333333333334 0.08
1.0 0.8295114656031904 29.99 18.488888888888887 0.09
1.0 0.8205383848454636 29.99 18.288888888888888 0.09999999999999999
1.0 0.8125623130608175 29.99 18.11111111111111 0.10999999999999999
1.0 0.8095712861415753 29.99 18.044444444444444 0.11999999999999998
1.0 0.8005982053838484 29.99 17.844444444444445 0.12999999999999998
1.0 0.7946161515453639 29.99 17.711111111111112 0.13999999999999999
1.0 0.7856430707876371 29.99 17.511111111111113 0.15
1.0 0.7766699900299102 29.99 17.31111111111111 0.16
1.0 0.7686939182452642 29.99 17.133333333333333 0.17
1.0 0.7497507477567298 29.99 16.711111111111112 0.18000000000000002
1.0 0.7377866400797607 29.99 16.444444444444443 0.19000000000000003
1.0 0.7288135593220338 29.99 16.244444444444444 0.20000000000000004
1.0 0.7198404785643071 29.99 16.044444444444444 0.21000000000000005
1.0 0.715852442671984 29.99 15.955555555555556 0.22000000000000006
1.0 0.711864406779661 29.99 15.866666666666667 0.23000000000000007
1.0 0.7068793619142573 29.99 15.755555555555556 0.24000000000000007
1.0 0.7038883349950149 29.99 15.688888888888888 0.25000000000000006
1.0 0.7008973080757727 29.99 15.622222222222222 0.26000000000000006
1.0 0.6989032901296112 29.99 15.577777777777778 0.2700000000000001
1.0 0.6979062811565304 29.99 15.555555555555555 0.2800000000000001
1.0 0.6969092721834497 29.99 15.533333333333333 0.2900000000000001
1.0 0.6949152542372882 29.99 15.488888888888889 0.3000000000000001
1.0 0.6929212362911267 29.99 15.444444444444445 0.3100000000000001
1.0 0.6929212362911267 29.99 15.444444444444445 0.3200000000000001
1.0 0.6899302093718843 29.99 15.377777777777778 0.3300000000000001
1.0 0.6849451645064806 29.99 15.266666666666667 0.34000000000000014
1.0 0.6829511465603191 29.99 15.222222222222221 0.35000000000000014
1.0 0.678963110667996 29.99 15.133333333333333 0.36000000000000015
1.0 0.6739780658025922 29.99 15.022222222222222 0.37000000000000016
1.0 0.6640079760717846 29.99 14.8 0.38000000000000017
1.0 0.6570289132602194 29.99 14.644444444444444 0.3900000000000002
1.0 0.6520438683948155 29.99 14.533333333333333 0.4000000000000002
1.0 0.6410767696909272 29.99 14.28888888888889 0.4100000000000002
1.0 0.6281156530408774 29.99 14.0 0.4200000000000002
1.0 0.6211365902293121 29.99 13.844444444444445 0.4300000000000002
1.0 0.6061814556331007 29.99 13.511111111111111 0.4400000000000002
1.0 0.5902293120638086 29.99 13.155555555555555 0.45000000000000023
1.0 0.5792622133599202 29.99 12.911111111111111 0.46000000000000024
1.0 0.5752741774675972 29.99 12.822222222222223 0.47000000000000025
1.0 0.5653040877367896 29.99 12.6 0.48000000000000026
1.0 0.5603190428713859 29.99 12.488888888888889 0.49000000000000027
1.0 0.5563310069790628 29.99 12.4 0.5000000000000002
1.0 0.551345962113659 29.99 12.28888888888889 0.5100000000000002
1.0 0.5473579262213359 29.99 12.2 0.5200000000000002
1.0 0.543369890329013 29.99 12.11111111111111 0.5300000000000002
1.0 0.5403788634097707 29.99 12.044444444444444 0.5400000000000003
1.0 0.5353938185443669 29.99 11.933333333333334 0.5500000000000003
1.0 0.5343968095712861 29.99 11.911111111111111 0.5600000000000003
1.0 0.5333998005982054 29.99 11.88888888888889 0.5700000000000003
1.0 0.5304087736789631 29.99 11.822222222222223 0.5800000000000003
1.0 0.5294117647058824 29.99 11.8 0.5900000000000003
1.0 0.5274177467597209 29.99 11.755555555555556 0.6000000000000003
1.0 0.5274177467597209 29.99 11.755555555555556 0.6100000000000003
1.0 0.5254237288135594 29.99 11.71111111111111 0.6200000000000003
1.0 0.5204386839481555 29.99 11.6 0.6300000000000003
1.0 0.5174476570289133 29.99 11.533333333333333 0.6400000000000003
1.0 0.5134596211365903 29.99 11.444444444444445 0.6500000000000004
1.0 0.5074775672981057 29.99 11.311111111111112 0.6600000000000004
1.0 0.4945164506480558 29.99 11.022222222222222 0.6700000000000004
1.0 0.48554336989032904 29.99 10.822222222222223 0.6800000000000004
1.0 0.46859421734795614 29.99 10.444444444444445 0.6900000000000004
1.0 0.4556331006979063 29.99 10.155555555555555 0.7000000000000004
1.0 0.4426719840478564 29.99 9.866666666666667 0.7100000000000004
1.0 0.42073778664007977 29.99 9.377777777777778 0.7200000000000004
1.0 0.4037886340977069 29.99 9.0 0.7300000000000004
1.0 0.386839481555334 29.99 8.622222222222222 0.7400000000000004
1.0 0.36689930209371885 29.99 8.177777777777777 0.7500000000000004
1.0 0.3509471585244267 29.99 7.822222222222222 0.7600000000000005
1.0 0.34297108673978066 29.99 7.644444444444445 0.7700000000000005
1.0 0.3320039880358923 29.99 7.4 0.7800000000000005
1.0 0.3190428713858425 29.99 7.111111111111111 0.7900000000000005
0.999888851839502 0.3090727816550349 29.986666666666668 6.888888888888889 0.8000000000000005
0.9996665555185061 0.3020937188434696 29.98 6.733333333333333 0.8100000000000005
0.9995554073580082 0.29810568295114653 29.976666666666667 6.644444444444445 0.8200000000000005
0.9988885183950206 0.288135593220339 29.956666666666667 6.4222222222222225 0.8300000000000005
0.9973324441480493 0.28015952143569295 29.91 6.2444444444444445 0.8400000000000005
0.9951094809380905 0.27018943170488535 29.843333333333334 6.022222222222222 0.8500000000000005
0.9914415916416583 0.2612163509471585 29.733333333333334 5.822222222222222 0.8600000000000005
0.9846615538512837 0.24626121635094717 29.53 5.488888888888889 0.8700000000000006
0.9764365899744359 0.226321036889332 29.283333333333335 5.044444444444444 0.8800000000000006
0.9655440702456375 0.20937188434695914 28.956666666666667 4.666666666666667 0.8900000000000006
0.9532066244303656 0.1744765702891326 28.586666666666666 3.888888888888889 0.9000000000000006
0.9424252528620651 0.15054835493519442 28.263333333333332 3.3555555555555556 0.9100000000000006
0.9326442147382461 0.12861415752741776 27.97 2.8666666666666667 0.9200000000000006
0.9243081027009002 0.11166500498504486 27.72 2.488888888888889 0.9300000000000006
0.9180838057130154 0.10667996011964108 27.533333333333335 2.3777777777777778 0.9400000000000006
0.9107480271201511 0.09870388833499502 27.313333333333333 2.2 0.9500000000000006
0.9029676558852952 0.09571286141575275 27.08 2.1333333333333333 0.9600000000000006
0.8946315438479493 0.09471585244267199 26.83 2.111111111111111 0.9700000000000006
0.8705123930198955 0.09471585244267199 26.106666666666666 2.111111111111111 0.9800000000000006
0.7995998666222074 0.09371884346959122 23.98 2.088888888888889 0.9900000000000007
0.0 0.0 0.0 0.0
