1.0 1.0 10.834 0.4864 0.0
1.0 0.6455592105263158 10.834 0.314 0.01
1.0 0.5213815789473685 10.834 0.2536 0.02
1.0 0.47286184210526316 10.834 0.23 0.03
1.0 0.4498355263157895 10.834 0.2188 0.04
1.0 0.42023026315789475 10.834 0.2044 0.05
1.0 0.3930921052631579 10.834 0.1912 0.060000000000000005
1.0 0.3930921052631579 10.834 0.1912 0.07
1.0 0.3824013157894737 10.834 0.186 0.08
1.0 0.37006578947368424 10.834 0.18 0.09
1.0 0.35855263157894735 10.834 0.1744 0.09999999999999999
1.0 0.35526315789473684 10.834 0.1728 0.10999999999999999
1.0 0.3470394736842105 10.834 0.1688 0.11999999999999998
1.0 0.33881578947368424 10.834 0.1648 0.12999999999999998
1.0 0.3305921052631579 10.834 0.1608 0.13999999999999999
1.0 0.32319078947368424 10.834 0.1572 0.15
1.0 0.31743421052631576 10.834 0.1544 0.16
1.0 0.31167763157894735 10.834 0.1516 0.17
1.0 0.2944078947368421 10.834 0.1432 0.18000000000000002
1.0 0.29194078947368424 10.834 0.142 0.19000000000000003
1.0 0.2870065789473684 10.834 0.1396 0.20000000000000004
1.0 0.2845394736842105 10.834 0.1384 0.21000000000000005
1.0 0.28125 10.834 0.1368 0.22000000000000006
1.0 0.2754934210526316 10.834 0.134 0.23000000000000007
1.0 0.26973684210526316 10.834 0.1312 0.24000000000000007
1.0 0.26726973684210525 10.834 0.13 0.25000000000000006
1.0 0.26644736842105265 10.834 0.1296 0.26000000000000006
1.0 0.265625 10.834 0.1292 0.2700000000000001
1.0 0.26480263157894735 10.834 0.1288 0.2800000000000001
1.0 0.2631578947368421 10.834 0.128 0.2900000000000001
1.0 0.2598684210526316 10.834 0.1264 0.3000000000000001
1.0 0.2598684210526316 10.834 0.1264 0.3100000000000001
1.0 0.2590460526315789 10.834 0.126 0.3200000000000001
1.0 0.2557565789473684 10.834 0.1244 0.3300000000000001
1.0 0.2532894736842105 10.834 0.1232 0.34000000000000014
1.0 0.25082236842105265 10.834 0.122 0.35000000000000014
1.0 0.24753289473684212 10.834 0.1204 0.36000000000000015
1.0 0.24671052631578946 10.834 0.12 0.37000000000000016
1.0 0.24259868421052633 10.834 0.118 0.38000000000000017
1.0 0.24095394736842105 10.834 0.1172 0.3900000000000002
1.0 0.23766447368421054 10.834 0.1156 0.4000000000000002
1.0 0.23190789473684212 10.834 0.1128 0.4100000000000002
1.0 0.23026315789473684 10.834 0.112 0.4200000000000002
1.0 0.22697368421052633 10.834 0.1104 0.4300000000000002
1.0 0.2236842105263158 10.834 0.1088 0.4400000000000002
1.0 0.2236842105263158 10.834 0.1088 0.45000000000000023
1.0 0.22203947368421054 10.834 0.108 0.46000000000000024
1.0 0.22039473684210525 10.834 0.1072 0.47000000000000025
1.0 0.21875 10.834 0.1064 0.48000000000000026
1.0 0.21710526315789475 10.834 0.1056 0.49000000000000027
1.0 0.2138157894736842 10.834 0.104 0.5000000000000002
1.0 0.21134868421052633 10.834 0.1028 0.5100000000000002
1.0 0.20888157894736842 10.834 0.1016 0.5200000000000002
1.0 0.20723684210526316 10.834 0.1008 0.5300000000000002
1.0 0.20723684210526316 10.834 0.1008 0.5400000000000003
1.0 0.20641447368421054 10.834 0.1004 0.5500000000000003
1.0 0.20641447368421054 10.834 0.1004 0.5600000000000003
1.0 0.20641447368421054 10.834 0.1004 0.5700000000000003
1.0 0.20641447368421054 10.834 0.1004 0.5800000000000003
1.0 0.20641447368421054 10.834 0.1004 0.5900000000000003
1.0 0.20641447368421054 10.834 0.1004 0.6000000000000003
1.0 0.20476973684210525 10.834 0.0996 0.6100000000000003
1.0 0.20476973684210525 10.834 0.0996 0.6200000000000003
1.0 0.20394736842105263 10.834 0.0992 0.6300000000000003
1.0 0.20394736842105263 10.834 0.0992 0.6400000000000003
1.0 0.203125 10.834 0.0988 0.6500000000000004
1.0 0.20148026315789475 10.834 0.098 0.6600000000000004
1.0 0.20148026315789475 10.834 0.098 0.6700000000000004
1.0 0.20065789473684212 10.834 0.0976 0.6800000000000004
1.0 0.1981907894736842 10.834 0.0964 0.6900000000000004
1.0 0.19490131578947367 10.834 0.0948 0.7000000000000004
1.0 0.19078947368421054 10.834 0.0928 0.7100000000000004
1.0 0.18832236842105263 10.834 0.0916 0.7200000000000004
1.0 0.18585526315789475 10.834 0.0904 0.7300000000000004
1.0 0.18421052631578946 10.834 0.0896 0.7400000000000004
1.0 0.1825657894736842 10.834 0.0888 0.7500000000000004
1.0 0.18174342105263158 10.834 0.0884 0.7600000000000005
1.0 0.17927631578947367 10.834 0.0872 0.7700000000000005
1.0 0.17763157894736842 10.834 0.0864 0.7800000000000005
0.9999076979878161 0.17598684210526316 10.833 0.0856 0.7900000000000005
0.9998153959756323 0.17598684210526316 10.832 0.0856 0.8000000000000005
0.9992615839025291 0.17598684210526316 10.826 0.0856 0.8100000000000005
0.9982462617685065 0.17516447368421054 10.815 0.0852 0.8200000000000005
0.9964002215248292 0.17351973684210525 10.795 0.0844 0.8300000000000005
0.9932619531105779 0.1669407894736842 10.761 0.0812 0.8400000000000005
0.9886468525013845 0.16282894736842105 10.711 0.0792 0.8500000000000005
0.9785859331733432 0.15789473684210525 10.602 0.0768 0.8600000000000005
0.9652944434188665 0.14638157894736842 10.458 0.0712 0.8700000000000006
0.9496031013476094 0.13075657894736842 10.288 0.0636 0.8800000000000006
0.9266199003138268 0.11430921052631579 10.039 0.0556 0.8900000000000006
0.9034520952556766 0.08881578947368421 9.788 0.0432 0.9000000000000006
0.8820380284290198 0.061677631578947366 9.556 0.03 0.9100000000000006
0.8637622300166143 0.03782894736842105 9.358 0.0184 0.9200000000000006
0.8477939819088056 0.02055921052631579 9.185 0.01 0.9300000000000006
0.8373638545320288 0.01069078947368421 9.072 0.0052 0.9400000000000006
0.8327487539228355 0.004934210526315789 9.022 0.0024 0.9500000000000006
0.8302565995938711 0.0 8.995 0.0 0.9600000000000006
0.8284105593501938 0.0 8.975 0.0 0.9700000000000006
0.8277644452649068 0.0 8.968 0.0 0.9800000000000006
0.8261953110577811 0.0 8.951 0.0 0.9900000000000007
0.0 0.0 0.0 0.0
