1.0 1.0 89.97 50.15 0.0
1.0 0.9970089730807578 89.97 50.0 0.01
1.0 0.9850448654037887 89.97 49.4 0.02
1.0 0.9750747756729811 89.97 48.9 0.03
1.0 0.967098703888335 89.97 48.5 0.04
1.0 0.959122632103689 89.97 48.1 0.05
1.0 0.9511465603190429 89.97 47.7 0.060000000000000005
1.0 0.9511465603190429 89.97 47.7 0.07
1.0 0.9471585244267199 89.97 47.5 0.08
1.0 0.9431704885343968 89.97 47.3 0.09
1.0 0.9391824526420738 89.97 47.1 0.09999999999999999
1.0 0.93419740777667 89.97 46.85 0.10999999999999999
1.0 0.9302093718843469 89.97 46.65 0.11999999999999998
1.0 0.9282153539381854 89.97 46.55 0.12999999999999998
1.0 0.9252243270189432 89.97 46.4 0.13999999999999999
1.0 0.9212362911266201 89.97 46.2 0.15
1.0 0.9172482552342971 89.97 46.0 0.16
1.0 0.9142572283150548 89.97 45.85 0.17
1.0 0.9082751744765702 89.97 45.55 0.18000000000000002
1.0 0.9022931206380858 89.97 45.25 0.19000000000000003
1.0 0.8993020937188435 89.97 45.1 0.20000000000000004
1.0 0.8943170488534397 89.97 44.85 0.21000000000000005
1.0 0.8923230309072782 89.97 44.75 0.22000000000000006
1.0 0.8913260219341974 89.97 44.7 0.23000000000000007
1.0 0.8883349950149552 89.97 44.55 0.24000000000000007
1.0 0.8843469591226321 89.97 44.35 0.25000000000000006
1.0 0.8843469591226321 89.97 44.35 0.26000000000000006
1.0 0.8833499501495513 89.97 44.3 0.2700000000000001
1.0 0.8833499501495513 89.97 44.3 0.2800000000000001
1.0 0.8833499501495513 89.97 44.3 0.2900000000000001
1.0 0.8833499501495513 89.97 44.3 0.3000000000000001
1.0 0.8823529411764706 89.97 44.25 0.3100000000000001
1.0 0.8803589232303091 89.97 44.15 0.3200000000000001
1.0 0.8783649052841476 89.97 44.05 0.3300000000000001
1.0 0.8773678963110668 89.97 44.0 0.34000000000000014
1.0 0.8703888334995015 89.97 43.65 0.35000000000000014
1.0 0.8664007976071785 89.97 43.45 0.36000000000000015
1.0 0.8624127617148555 89.97 43.25 0.37000000000000016
1.0 0.8604187437686939 89.97 43.15 0.38000000000000017
1.0 0.8544366899302094 89.97 42.85 0.3900000000000002
1.0 0.847457627118644 89.97 42.5 0.4000000000000002
1.0 0.8424725822532403 89.97 42.25 0.4100000000000002
1.0 0.8344965104685942 89.97 41.85 0.4200000000000002
1.0 0.8315054835493519 89.97 41.7 0.4300000000000002
1.0 0.827517447657029 89.97 41.5 0.4400000000000002
1.0 0.8205383848454636 89.97 41.15 0.45000000000000023
1.0 0.8185443668993021 89.97 41.05 0.46000000000000024
1.0 0.8115653040877367 89.97 40.7 0.47000000000000025
1.0 0.806580259222333 89.97 40.45 0.48000000000000026
1.0 0.8055832502492523 89.97 40.4 0.49000000000000027
1.0 0.8045862412761715 89.97 40.35 0.5000000000000002
1.0 0.8005982053838484 89.97 40.15 0.5100000000000002
1.0 0.7996011964107677 89.97 40.1 0.5200000000000002
1.0 0.7986041874376869 89.97 40.05 0.5300000000000002
1.0 0.7986041874376869 89.97 40.05 0.5400000000000003
1.0 0.7976071784646062 89.97 40.0 0.5500000000000003
1.0 0.7976071784646062 89.97 40.0 0.5600000000000003
1.0 0.7976071784646062 89.97 40.0 0.5700000000000003
1.0 0.7976071784646062 89.97 40.0 0.5800000000000003
1.0 0.7976071784646062 89.97 40.0 0.5900000000000003
1.0 0.7966101694915254 89.97 39.95 0.6000000000000003
1.0 0.7966101694915254 89.97 39.95 0.6100000000000003
1.0 0.7966101694915254 89.97 39.95 0.6200000000000003
1.0 0.7916251246261217 89.97 39.7 0.6300000000000003
1.0 0.7846460618145563 89.97 39.35 0.6400000000000003
1.0 0.7806580259222333 89.97 39.15 0.6500000000000004
1.0 0.7726819541375872 89.97 38.75 0.6600000000000004
1.0 0.7666999002991027 89.97 38.45 0.6700000000000004
1.0 0.7567298105682951 89.97 37.95 0.6800000000000004
1.0 0.7477567298105683 89.97 37.5 0.6900000000000004
1.0 0.7318045862412762 89.97 36.7 0.7000000000000004
1.0 0.715852442671984 89.97 35.9 0.7100000000000004
1.0 0.6909272183449651 89.97 34.65 0.7200000000000004
1.0 0.6719840478564307 89.97 33.7 0.7300000000000004
1.0 0.6550348953140578 89.97 32.85 0.7400000000000004
1.0 0.6360917248255235 89.97 31.9 0.7500000000000004
1.0 0.6191425722831505 89.97 31.05 0.7600000000000005
0.999888851839502 0.6051844466600199 89.96 30.35 0.7700000000000005
0.9997777036790041 0.5962113659022931 89.95 29.9 0.7800000000000005
0.9996665555185061 0.5882352941176471 89.94 29.5 0.7900000000000005
0.9991108147160165 0.5812562313060817 89.89 29.15 0.8000000000000005
0.9976658886295432 0.5752741774675972 89.76 28.85 0.8100000000000005
0.9954429254195843 0.5702891326021934 89.56 28.6 0.8200000000000005
0.9904412581971769 0.5643070787637089 89.11 28.3 0.8300000000000005
0.9831054796043125 0.5543369890329013 88.45 27.8 0.8400000000000005
0.9697677003445593 0.543369890329013 87.25 27.25 0.8500000000000005
0.9505390685784151 0.5054835493519442 85.52 25.35 0.8600000000000005
0.9223074358119373 0.46161515453639085 82.98 23.15 0.8700000000000006
0.8847393575636323 0.4137587238285145 79.6 20.75 0.8800000000000006
0.8355007224630432 0.35194416749750745 75.17 17.65 0.8900000000000006
0.7813715683005447 0.27218344965104685 70.3 13.65 0.9000000000000006
0.7260197843725686 0.18843469591226322 65.32 9.45 0.9100000000000006
0.681782816494387 0.11964107676969092 61.34 6.0 0.9200000000000006
0.6475491830610204 0.05982053838484546 58.26 3.0 0.9300000000000006
0.6196509947760365 0.03090727816550349 55.75 1.55 0.9400000000000006
0.6006446593308881 0.01296111665004985 54.04 0.65 0.9500000000000006
0.5860842503056575 0.003988035892323031 52.73 0.2 0.9600000000000006
0.5719684339224186 0.0019940179461615153 51.46 0.1 0.9700000000000006
0.5364010225630765 0.0019940179461615153 48.26 0.1 0.9800000000000006
0.44592641991775034 9.970089730807576E-4 40.12 0.05 0.9900000000000007
0.0 0.0 0.0 0.0
