1.0 1.0 14.995 25.075 0.0
1.0 0.9232303090727817 14.995 23.15 0.01
1.0 0.8504486540378864 14.995 21.325 0.02
1.0 0.8015952143569293 14.995 20.1 0.03
1.0 0.7726819541375872 14.995 19.375 0.04
1.0 0.7537387836490529 14.995 18.9 0.05
1.0 0.7248255234297108 14.995 18.175 0.060000000000000005
1.0 0.7248255234297108 14.995 18.175 0.07
1.0 0.7148554336989033 14.995 17.925 0.08
1.0 0.7048853439680958 14.995 17.675 0.09
1.0 0.6949152542372882 14.995 17.425 0.09999999999999999
1.0 0.6889332003988036 14.995 17.275 0.10999999999999999
1.0 0.6829511465603191 14.995 17.125 0.11999999999999998
1.0 0.6729810568295115 14.995 16.875 0.12999999999999998
1.0 0.6679960119641076 14.995 16.75 0.13999999999999999
1.0 0.6630109670987039 14.995 16.625 0.15
1.0 0.6560319042871385 14.995 16.45 0.16
1.0 0.650049850448654 14.995 16.3 0.17
1.0 0.6400797607178464 14.995 16.05 0.18000000000000002
1.0 0.6311066799601196 14.995 15.825 0.19000000000000003
1.0 0.6221335992023929 14.995 15.6 0.20000000000000004
1.0 0.6161515453639083 14.995 15.45 0.21000000000000005
1.0 0.6041874376869392 14.995 15.15 0.22000000000000006
1.0 0.5982053838484547 14.995 15.0 0.23000000000000007
1.0 0.5942173479561316 14.995 14.9 0.24000000000000007
1.0 0.5902293120638086 14.995 14.8 0.25000000000000006
1.0 0.5872382851445663 14.995 14.725 0.26000000000000006
1.0 0.5812562313060817 14.995 14.575 0.2700000000000001
1.0 0.5752741774675972 14.995 14.425 0.2800000000000001
1.0 0.5702891326021934 14.995 14.3 0.2900000000000001
1.0 0.5633100697906281 14.995 14.125 0.3000000000000001
1.0 0.5623130608175474 14.995 14.1 0.3100000000000001
1.0 0.5583250249252243 14.995 14.0 0.3200000000000001
1.0 0.555333998005982 14.995 13.925 0.3300000000000001
1.0 0.551345962113659 14.995 13.825 0.34000000000000014
1.0 0.5503489531405783 14.995 13.8 0.35000000000000014
1.0 0.5453639082751744 14.995 13.675 0.36000000000000015
1.0 0.5403788634097707 14.995 13.55 0.37000000000000016
1.0 0.5333998005982054 14.995 13.375 0.38000000000000017
1.0 0.5294117647058824 14.995 13.275 0.3900000000000002
1.0 0.5274177467597209 14.995 13.225 0.4000000000000002
1.0 0.5204386839481555 14.995 13.05 0.4100000000000002
1.0 0.518444666001994 14.995 13.0 0.4200000000000002
1.0 0.5114656031904287 14.995 12.825 0.4300000000000002
1.0 0.5054835493519442 14.995 12.675 0.4400000000000002
1.0 0.4985044865403789 14.995 12.5 0.45000000000000023
1.0 0.49252243270189433 14.995 12.35 0.46000000000000024
1.0 0.48953140578265203 14.995 12.275 0.47000000000000025
1.0 0.48454636091724823 14.995 12.15 0.48000000000000026
1.0 0.4795613160518445 14.995 12.025 0.49000000000000027
1.0 0.4765702891326022 14.995 11.95 0.5000000000000002
1.0 0.47258225324027914 14.995 11.85 0.5100000000000002
1.0 0.46859421734795614 14.995 11.75 0.5200000000000002
1.0 0.46360917248255235 14.995 11.625 0.5300000000000002
1.0 0.46161515453639085 14.995 11.575 0.5400000000000003
1.0 0.4546360917248255 14.995 11.4 0.5500000000000003
1.0 0.4476570289132602 14.995 11.225 0.5600000000000003
1.0 0.4456630109670987 14.995 11.175 0.5700000000000003
1.0 0.44466600199401796 14.995 11.15 0.5800000000000003
1.0 0.4406779661016949 14.995 11.05 0.5900000000000003
1.0 0.4386839481555334 14.995 11.0 0.6000000000000003
1.0 0.42971086739780656 14.995 10.775 0.6100000000000003
1.0 0.42971086739780656 14.995 10.775 0.6200000000000003
1.0 0.4267198404785643 14.995 10.7 0.6300000000000003
1.0 0.42572283150548357 14.995 10.675 0.6400000000000003
1.0 0.423728813559322 14.995 10.625 0.6500000000000004
1.0 0.419740777666999 14.995 10.525 0.6600000000000004
1.0 0.4167497507477567 14.995 10.45 0.6700000000000004
1.0 0.4117647058823529 14.995 10.325 0.6800000000000004
1.0 0.4097706879361914 14.995 10.275 0.6900000000000004
1.0 0.4087736789631107 14.995 10.25 0.7000000000000004
1.0 0.4067796610169492 14.995 10.2 0.7100000000000004
1.0 0.40079760717846463 14.995 10.05 0.7200000000000004
1.0 0.39980059820538383 14.995 10.025 0.7300000000000004
1.0 0.39082751744765704 14.995 9.8 0.7400000000000004
1.0 0.3798604187437687 14.995 9.525 0.7500000000000004
1.0 0.37387836490528414 14.995 9.375 0.7600000000000005
1.0 0.36889332003988035 14.995 9.25 0.7700000000000005
1.0 0.36191425722831505 14.995 9.075 0.7800000000000005
1.0 0.35992023928215355 14.995 9.025 0.7900000000000005
1.0 0.35294117647058826 14.995 8.85 0.8000000000000005
1.0 0.34795613160518446 14.995 8.725 0.8100000000000005
1.0 0.34097706879361916 14.995 8.55 0.8200000000000005
0.9997777036790041 0.3320039880358923 14.991666666666667 8.325 0.8300000000000005
0.9996665555185061 0.32602193419740777 14.99 8.175 0.8400000000000005
0.9995554073580082 0.3220338983050847 14.988333333333333 8.075 0.8500000000000005
0.9991108147160165 0.3150548354935194 14.981666666666667 7.9 0.8600000000000005
0.9985550739135267 0.3100697906281156 14.973333333333333 7.775 0.8700000000000006
0.9977770367900411 0.3040877367896311 14.961666666666666 7.625 0.8800000000000006
0.9965544070245638 0.29810568295114653 14.943333333333333 7.475 0.8900000000000006
0.995998666222074 0.2851445663010967 14.935 7.15 0.9000000000000006
0.9954429254195843 0.27218344965104685 14.926666666666666 6.825 0.9100000000000006
0.9934422585306213 0.26021934197407776 14.896666666666667 6.525 0.9200000000000006
0.9924419250861398 0.24925224327018944 14.881666666666666 6.25 0.9300000000000006
0.9915527398021563 0.23429710867397807 14.868333333333334 5.875 0.9400000000000006
0.9911081471601645 0.2213359920239282 14.861666666666666 5.55 0.9500000000000006
0.9904412581971769 0.19641076769690927 14.851666666666667 4.925 0.9600000000000006
0.9886628876292097 0.17846460618145563 14.825 4.475 0.9700000000000006
0.9845504056907858 0.1485543369890329 14.763333333333334 3.725 0.9800000000000006
0.968322774258086 0.1106679960119641 14.52 2.775 0.9900000000000007
0.0 0.0 0.0 0.0
