1.0 1.0 11.24625 20.06 0.0
1.0 0.6111665004985045 11.24625 12.26 0.01
1.0 0.47258225324027914 11.24625 9.48 0.02
1.0 0.42273180458624127 11.24625 8.48 0.03
1.0 0.3898305084745763 11.24625 7.82 0.04
1.0 0.36390827517447655 11.24625 7.3 0.05
1.0 0.325024925224327 11.24625 6.52 0.060000000000000005
1.0 0.325024925224327 11.24625 6.52 0.07
1.0 0.3020937188434696 11.24625 6.06 0.08
1.0 0.2931206380857428 11.24625 5.88 0.09
1.0 0.2851445663010967 11.24625 5.72 0.09999999999999999
1.0 0.2811565304087737 11.24625 5.64 0.10999999999999999
1.0 0.27716849451645065 11.24625 5.56 0.11999999999999998
1.0 0.2741774675972084 11.24625 5.5 0.12999999999999998
1.0 0.26719840478564305 11.24625 5.36 0.13999999999999999
1.0 0.25324027916251246 11.24625 5.08 0.15
1.0 0.24825523429710866 11.24625 4.98 0.16
1.0 0.23529411764705882 11.24625 4.72 0.17
1.0 0.21136590229312063 11.24625 4.24 0.18000000000000002
1.0 0.2033898305084746 11.24625 4.08 0.19000000000000003
1.0 0.19441674975074777 11.24625 3.9 0.20000000000000004
1.0 0.1814556331006979 11.24625 3.64 0.21000000000000005
1.0 0.17347956131605186 11.24625 3.48 0.22000000000000006
1.0 0.16849451645064806 11.24625 3.38 0.23000000000000007
1.0 0.16450648055832504 11.24625 3.3 0.24000000000000007
1.0 0.16350947158524426 11.24625 3.28 0.25000000000000006
1.0 0.1625124626121635 11.24625 3.26 0.26000000000000006
1.0 0.15952143569292124 11.24625 3.2 0.2700000000000001
1.0 0.1585244267198405 11.24625 3.18 0.2800000000000001
1.0 0.15653040877367896 11.24625 3.14 0.2900000000000001
1.0 0.15254237288135594 11.24625 3.06 0.3000000000000001
1.0 0.15054835493519442 11.24625 3.02 0.3100000000000001
1.0 0.1485543369890329 11.24625 2.98 0.3200000000000001
1.0 0.14755732801595214 11.24625 2.96 0.3300000000000001
1.0 0.14456630109670987 11.24625 2.9 0.34000000000000014
1.0 0.14356929212362912 11.24625 2.88 0.35000000000000014
1.0 0.14057826520438685 11.24625 2.82 0.36000000000000015
1.0 0.13758723828514458 11.24625 2.76 0.37000000000000016
1.0 0.1365902293120638 11.24625 2.74 0.38000000000000017
1.0 0.1345962113659023 11.24625 2.7 0.3900000000000002
1.0 0.12562313060817548 11.24625 2.52 0.4000000000000002
1.0 0.11964107676969092 11.24625 2.4 0.4100000000000002
1.0 0.11365902293120637 11.24625 2.28 0.4200000000000002
1.0 0.10767696909272183 11.24625 2.16 0.4300000000000002
1.0 0.10269192422731804 11.24625 2.06 0.4400000000000002
1.0 0.09571286141575275 11.24625 1.92 0.45000000000000023
1.0 0.08773678963110668 11.24625 1.76 0.46000000000000024
1.0 0.08075772681954138 11.24625 1.62 0.47000000000000025
1.0 0.07676969092721835 11.24625 1.54 0.48000000000000026
1.0 0.07676969092721835 11.24625 1.54 0.49000000000000027
1.0 0.07477567298105683 11.24625 1.5 0.5000000000000002
1.0 0.07178464606181456 11.24625 1.44 0.5100000000000002
1.0 0.06879361914257229 11.24625 1.38 0.5200000000000002
1.0 0.06779661016949153 11.24625 1.36 0.5300000000000002
1.0 0.06679960119641076 11.24625 1.34 0.5400000000000003
1.0 0.06580259222333001 11.24625 1.32 0.5500000000000003
1.0 0.06580259222333001 11.24625 1.32 0.5600000000000003
1.0 0.06480558325024925 11.24625 1.3 0.5700000000000003
1.0 0.06281156530408774 11.24625 1.26 0.5800000000000003
1.0 0.06181455633100698 11.24625 1.24 0.5900000000000003
1.0 0.06181455633100698 11.24625 1.24 0.6000000000000003
1.0 0.06081754735792622 11.24625 1.22 0.6100000000000003
1.0 0.06081754735792622 11.24625 1.22 0.6200000000000003
1.0 0.06081754735792622 11.24625 1.22 0.6300000000000003
1.0 0.06081754735792622 11.24625 1.22 0.6400000000000003
1.0 0.06081754735792622 11.24625 1.22 0.6500000000000004
1.0 0.06081754735792622 11.24625 1.22 0.6600000000000004
1.0 0.06081754735792622 11.24625 1.22 0.6700000000000004
1.0 0.05782652043868395 11.24625 1.16 0.6800000000000004
1.0 0.053838484546360914 11.24625 1.08 0.6900000000000004
1.0 0.04885343968095713 11.24625 0.98 0.7000000000000004
1.0 0.04685942173479561 11.24625 0.94 0.7100000000000004
1.0 0.04287138584247258 11.24625 0.86 0.7200000000000004
1.0 0.04187437686939183 11.24625 0.84 0.7300000000000004
1.0 0.036889332003988036 11.24625 0.74 0.7400000000000004
1.0 0.031904287138584245 11.24625 0.64 0.7500000000000004
1.0 0.02991026919242273 11.24625 0.6 0.7600000000000005
1.0 0.026919242273180457 11.24625 0.54 0.7700000000000005
1.0 0.022931206380857428 11.24625 0.46 0.7800000000000005
1.0 0.022931206380857428 11.24625 0.46 0.7900000000000005
1.0 0.022931206380857428 11.24625 0.46 0.8000000000000005
1.0 0.022931206380857428 11.24625 0.46 0.8100000000000005
1.0 0.022931206380857428 11.24625 0.46 0.8200000000000005
1.0 0.022931206380857428 11.24625 0.46 0.8300000000000005
1.0 0.022931206380857428 11.24625 0.46 0.8400000000000005
1.0 0.02193419740777667 11.24625 0.44 0.8500000000000005
0.999888851839502 0.02193419740777667 11.245 0.44 0.8600000000000005
0.999888851839502 0.02193419740777667 11.245 0.44 0.8700000000000006
0.999888851839502 0.02193419740777667 11.245 0.44 0.8800000000000006
0.999888851839502 0.02193419740777667 11.245 0.44 0.8900000000000006
0.999888851839502 0.02193419740777667 11.245 0.44 0.9000000000000006
0.999888851839502 0.020937188434695914 11.245 0.42 0.9100000000000006
0.999888851839502 0.020937188434695914 11.245 0.42 0.9200000000000006
0.9996665555185061 0.020937188434695914 11.2425 0.42 0.9300000000000006
0.9995554073580082 0.020937188434695914 11.24125 0.42 0.9400000000000006
0.9995554073580082 0.020937188434695914 11.24125 0.42 0.9500000000000006
0.9994442591975102 0.020937188434695914 11.24 0.42 0.9600000000000006
0.9993331110370124 0.019940179461615155 11.23875 0.4 0.9700000000000006
0.9989996665555185 0.019940179461615155 11.235 0.4 0.9800000000000006
0.9971101478270534 0.019940179461615155 11.21375 0.4 0.9900000000000007
0.0 0.0 0.0 0.0
