1.0 1.0 17.994 28.65714285714286 0.0
1.0 0.8793619142572283 17.994 25.2 0.01
1.0 0.769690927218345 17.994 22.057142857142857 0.02
1.0 0.7367896311066799 17.994 21.114285714285714 0.03
1.0 0.711864406779661 17.994 20.4 0.04
1.0 0.6889332003988036 17.994 19.742857142857144 0.05
1.0 0.6570289132602194 17.994 18.82857142857143 0.060000000000000005
1.0 0.6570289132602194 17.994 18.82857142857143 0.07
1.0 0.6440677966101694 17.994 18.457142857142856 0.08
1.0 0.6331006979062812 17.994 18.142857142857142 0.09
1.0 0.617148554336989 17.994 17.685714285714287 0.09999999999999999
1.0 0.6071784646061814 17.994 17.4 0.10999999999999999
1.0 0.6001994017946162 17.994 17.2 0.11999999999999998
1.0 0.5902293120638086 17.994 16.914285714285715 0.12999999999999998
1.0 0.5872382851445663 17.994 16.82857142857143 0.13999999999999999
1.0 0.5832502492522432 17.994 16.714285714285715 0.15
1.0 0.5752741774675972 17.994 16.485714285714284 0.16
1.0 0.5702891326021934 17.994 16.34285714285714 0.17
1.0 0.5543369890329013 17.994 15.885714285714286 0.18000000000000002
1.0 0.5453639082751744 17.994 15.628571428571428 0.19000000000000003
1.0 0.5383848454636092 17.994 15.428571428571429 0.20000000000000004
1.0 0.5343968095712861 17.994 15.314285714285715 0.21000000000000005
1.0 0.5294117647058824 17.994 15.17142857142857 0.22000000000000006
1.0 0.5234297108673978 17.994 15.0 0.23000000000000007
1.0 0.5164506480558325 17.994 14.8 0.24000000000000007
1.0 0.5134596211365903 17.994 14.714285714285714 0.25000000000000006
1.0 0.5104685942173479 17.994 14.628571428571428 0.26000000000000006
1.0 0.5054835493519442 17.994 14.485714285714286 0.2700000000000001
1.0 0.4985044865403789 17.994 14.285714285714286 0.2800000000000001
1.0 0.4965104685942173 17.994 14.228571428571428 0.2900000000000001
1.0 0.48953140578265203 17.994 14.028571428571428 0.3000000000000001
1.0 0.48953140578265203 17.994 14.028571428571428 0.3100000000000001
1.0 0.48753738783649053 17.994 13.971428571428572 0.3200000000000001
1.0 0.48454636091724823 17.994 13.885714285714286 0.3300000000000001
1.0 0.481555333998006 17.994 13.8 0.34000000000000014
1.0 0.48055832502492524 17.994 13.771428571428572 0.35000000000000014
1.0 0.47258225324027914 17.994 13.542857142857143 0.36000000000000015
1.0 0.4695912263210369 17.994 13.457142857142857 0.37000000000000016
1.0 0.46560319042871384 17.994 13.342857142857143 0.38000000000000017
1.0 0.46061814556331004 17.994 13.2 0.3900000000000002
1.0 0.4556331006979063 17.994 13.057142857142857 0.4000000000000002
1.0 0.44666001994017945 17.994 12.8 0.4100000000000002
1.0 0.44466600199401796 17.994 12.742857142857142 0.4200000000000002
1.0 0.43968095712861416 17.994 12.6 0.4300000000000002
1.0 0.4356929212362911 17.994 12.485714285714286 0.4400000000000002
1.0 0.43469591226321036 17.994 12.457142857142857 0.45000000000000023
1.0 0.4307078763708873 17.994 12.342857142857143 0.46000000000000024
1.0 0.4267198404785643 17.994 12.228571428571428 0.47000000000000025
1.0 0.423728813559322 17.994 12.142857142857142 0.48000000000000026
1.0 0.4187437686939183 17.994 12.0 0.49000000000000027
1.0 0.41774675972083747 17.994 11.971428571428572 0.5000000000000002
1.0 0.4147557328015952 17.994 11.885714285714286 0.5100000000000002
1.0 0.4117647058823529 17.994 11.8 0.5200000000000002
1.0 0.4107676969092722 17.994 11.771428571428572 0.5300000000000002
1.0 0.4057826520438684 17.994 11.628571428571428 0.5400000000000003
1.0 0.39980059820538383 17.994 11.457142857142857 0.5500000000000003
1.0 0.3988035892323031 17.994 11.428571428571429 0.5600000000000003
1.0 0.3938185443668993 17.994 11.285714285714286 0.5700000000000003
1.0 0.39082751744765704 17.994 11.2 0.5800000000000003
1.0 0.38584247258225324 17.994 11.057142857142857 0.5900000000000003
1.0 0.38384845463609174 17.994 11.0 0.6000000000000003
1.0 0.3798604187437687 17.994 10.885714285714286 0.6100000000000003
1.0 0.37686939182452645 17.994 10.8 0.6200000000000003
1.0 0.3748753738783649 17.994 10.742857142857142 0.6300000000000003
1.0 0.37188434695912265 17.994 10.657142857142857 0.6400000000000003
1.0 0.36889332003988035 17.994 10.571428571428571 0.6500000000000004
1.0 0.36191425722831505 17.994 10.371428571428572 0.6600000000000004
1.0 0.3609172482552343 17.994 10.342857142857143 0.6700000000000004
1.0 0.35692921236291125 17.994 10.228571428571428 0.6800000000000004
1.0 0.34795613160518446 17.994 9.971428571428572 0.6900000000000004
1.0 0.34496510468594216 17.994 9.885714285714286 0.7000000000000004
1.0 0.33599202392821537 17.994 9.628571428571428 0.7100000000000004
1.0 0.32602193419740777 17.994 9.342857142857143 0.7200000000000004
1.0 0.3220338983050847 17.994 9.228571428571428 0.7300000000000004
1.0 0.3150548354935194 17.994 9.028571428571428 0.7400000000000004
1.0 0.3040877367896311 17.994 8.714285714285714 0.7500000000000004
1.0 0.292123629112662 17.994 8.371428571428572 0.7600000000000005
1.0 0.28414755732801594 17.994 8.142857142857142 0.7700000000000005
1.0 0.2741774675972084 17.994 7.857142857142857 0.7800000000000005
1.0 0.26719840478564305 17.994 7.6571428571428575 0.7900000000000005
1.0 0.26321036889332006 17.994 7.542857142857143 0.8000000000000005
1.0 0.259222333000997 17.994 7.428571428571429 0.8100000000000005
0.999888851839502 0.25523429710867396 17.992 7.314285714285714 0.8200000000000005
0.9997777036790041 0.2502492522432702 17.99 7.171428571428572 0.8300000000000005
0.9993331110370124 0.24227318045862412 17.982 6.942857142857143 0.8400000000000005
0.9987773702345226 0.24027916251246262 17.972 6.885714285714286 0.8500000000000005
0.9983327775925308 0.23429710867397807 17.964 6.714285714285714 0.8600000000000005
0.9978881849505391 0.2333000997008973 17.956 6.685714285714286 0.8700000000000006
0.9967767033455597 0.23030907278165502 17.936 6.6 0.8800000000000006
0.9956652217405801 0.2193419740777667 17.916 6.285714285714286 0.8900000000000006
0.9945537401356007 0.21335992023928216 17.896 6.114285714285714 0.9000000000000006
0.9928865177281316 0.20438683948155534 17.866 5.857142857142857 0.9100000000000006
0.9915527398021563 0.19441674975074777 17.842 5.571428571428571 0.9200000000000006
0.9909969989996665 0.18245264207377868 17.832 5.228571428571429 0.9300000000000006
0.9893297765921975 0.17148554336989033 17.802 4.914285714285715 0.9400000000000006
0.9882182949872179 0.1585244267198405 17.782 4.542857142857143 0.9500000000000006
0.9866622207402468 0.14356929212362912 17.754 4.114285714285714 0.9600000000000006
0.98432810936979 0.1345962113659023 17.712 3.857142857142857 0.9700000000000006
0.9776592197399133 0.10667996011964108 17.592 3.057142857142857 0.9800000000000006
0.9576525508502834 0.07676969092721835 17.232 2.2 0.9900000000000007
0.0 0.0 0.0 0.0
