1.0 1.0 12.852857142857143 200.6 0.0
1.0 0.6919242273180458 12.852857142857143 138.8 0.01
1.0 0.5832502492522432 12.852857142857143 117.0 0.02
1.0 0.5373878364905285 12.852857142857143 107.8 0.03
1.0 0.5054835493519442 12.852857142857143 101.4 0.04
1.0 0.47756729810568294 12.852857142857143 95.8 0.05
1.0 0.43968095712861416 12.852857142857143 88.2 0.060000000000000005
1.0 0.43968095712861416 12.852857142857143 88.2 0.07
1.0 0.42771684945164506 12.852857142857143 85.8 0.08
1.0 0.4187437686939183 12.852857142857143 84.0 0.09
1.0 0.4057826520438684 12.852857142857143 81.4 0.09999999999999999
1.0 0.3988035892323031 12.852857142857143 80.0 0.10999999999999999
1.0 0.39082751744765704 12.852857142857143 78.4 0.11999999999999998
1.0 0.382851445663011 12.852857142857143 76.8 0.12999999999999998
1.0 0.37886340977068794 12.852857142857143 76.0 0.13999999999999999
1.0 0.3678963110667996 12.852857142857143 73.8 0.15
1.0 0.3609172482552343 12.852857142857143 72.4 0.16
1.0 0.34995014955134596 12.852857142857143 70.2 0.17
1.0 0.33100697906281157 12.852857142857143 66.4 0.18000000000000002
1.0 0.325024925224327 12.852857142857143 65.2 0.19000000000000003
1.0 0.3120638085742772 12.852857142857143 62.6 0.20000000000000004
1.0 0.30309072781655033 12.852857142857143 60.8 0.21000000000000005
1.0 0.29810568295114653 12.852857142857143 59.8 0.22000000000000006
1.0 0.2931206380857428 12.852857142857143 58.8 0.23000000000000007
1.0 0.288135593220339 12.852857142857143 57.8 0.24000000000000007
1.0 0.2851445663010967 12.852857142857143 57.2 0.25000000000000006
1.0 0.28414755732801594 12.852857142857143 57.0 0.26000000000000006
1.0 0.2831505483549352 12.852857142857143 56.8 0.2700000000000001
1.0 0.2831505483549352 12.852857142857143 56.8 0.2800000000000001
1.0 0.2811565304087737 12.852857142857143 56.4 0.2900000000000001
1.0 0.27716849451645065 12.852857142857143 55.6 0.3000000000000001
1.0 0.27716849451645065 12.852857142857143 55.6 0.3100000000000001
1.0 0.2761714855433699 12.852857142857143 55.4 0.3200000000000001
1.0 0.27218344965104685 12.852857142857143 54.6 0.3300000000000001
1.0 0.26819541375872386 12.852857142857143 53.8 0.34000000000000014
1.0 0.26520438683948155 12.852857142857143 53.2 0.35000000000000014
1.0 0.26021934197407776 12.852857142857143 52.2 0.36000000000000015
1.0 0.25523429710867396 12.852857142857143 51.2 0.37000000000000016
1.0 0.24925224327018944 12.852857142857143 50.0 0.38000000000000017
1.0 0.24127617148554337 12.852857142857143 48.4 0.3900000000000002
1.0 0.23728813559322035 12.852857142857143 47.6 0.4000000000000002
1.0 0.22731804586241275 12.852857142857143 45.6 0.4100000000000002
1.0 0.22033898305084745 12.852857142857143 44.2 0.4200000000000002
1.0 0.21136590229312063 12.852857142857143 42.4 0.4300000000000002
1.0 0.20139581256231306 12.852857142857143 40.4 0.4400000000000002
1.0 0.18743768693918245 12.852857142857143 37.6 0.45000000000000023
1.0 0.1794616151545364 12.852857142857143 36.0 0.46000000000000024
1.0 0.17248255234297108 12.852857142857143 34.6 0.47000000000000025
1.0 0.1674975074775673 12.852857142857143 33.6 0.48000000000000026
1.0 0.16051844466600199 12.852857142857143 32.2 0.49000000000000027
1.0 0.15553339980059822 12.852857142857143 31.2 0.5000000000000002
1.0 0.15453639082751744 12.852857142857143 31.0 0.5100000000000002
1.0 0.15054835493519442 12.852857142857143 30.2 0.5200000000000002
1.0 0.1485543369890329 12.852857142857143 29.8 0.5300000000000002
1.0 0.14755732801595214 12.852857142857143 29.6 0.5400000000000003
1.0 0.1465603190428714 12.852857142857143 29.4 0.5500000000000003
1.0 0.14456630109670987 12.852857142857143 29.0 0.5600000000000003
1.0 0.14456630109670987 12.852857142857143 29.0 0.5700000000000003
1.0 0.14456630109670987 12.852857142857143 29.0 0.5800000000000003
1.0 0.14257228315054835 12.852857142857143 28.6 0.5900000000000003
1.0 0.14257228315054835 12.852857142857143 28.6 0.6000000000000003
1.0 0.1415752741774676 12.852857142857143 28.4 0.6100000000000003
1.0 0.14057826520438685 12.852857142857143 28.2 0.6200000000000003
1.0 0.13758723828514458 12.852857142857143 27.6 0.6300000000000003
1.0 0.1365902293120638 12.852857142857143 27.4 0.6400000000000003
1.0 0.13559322033898305 12.852857142857143 27.2 0.6500000000000004
1.0 0.13359920239282153 12.852857142857143 26.8 0.6600000000000004
1.0 0.13160518444666003 12.852857142857143 26.4 0.6700000000000004
1.0 0.12662013958125623 12.852857142857143 25.4 0.6800000000000004
1.0 0.1226321036889332 12.852857142857143 24.6 0.6900000000000004
1.0 0.1156530408773679 12.852857142857143 23.2 0.7000000000000004
1.0 0.10967098703888335 12.852857142857143 22.0 0.7100000000000004
1.0 0.09970089730807577 12.852857142857143 20.0 0.7200000000000004
1.0 0.08873379860418744 12.852857142857143 17.8 0.7300000000000004
1.0 0.08075772681954138 12.852857142857143 16.2 0.7400000000000004
1.0 0.07377866400797607 12.852857142857143 14.8 0.7500000000000004
1.0 0.06679960119641076 12.852857142857143 13.4 0.7600000000000005
1.0 0.06281156530408774 12.852857142857143 12.6 0.7700000000000005
1.0 0.05982053838484546 12.852857142857143 12.0 0.7800000000000005
1.0 0.05583250249252243 12.852857142857143 11.2 0.7900000000000005
1.0 0.05284147557328016 12.852857142857143 10.6 0.8000000000000005
1.0 0.05284147557328016 12.852857142857143 10.6 0.8100000000000005
1.0 0.05284147557328016 12.852857142857143 10.6 0.8200000000000005
0.999888851839502 0.0518444666001994 12.851428571428572 10.4 0.8300000000000005
0.999888851839502 0.05084745762711865 12.851428571428572 10.2 0.8400000000000005
0.999888851839502 0.05084745762711865 12.851428571428572 10.2 0.8500000000000005
0.9997777036790041 0.04885343968095713 12.85 9.8 0.8600000000000005
0.9997777036790041 0.045862412761714856 12.85 9.2 0.8700000000000006
0.9996665555185061 0.04187437686939183 12.848571428571429 8.4 0.8800000000000006
0.9991108147160165 0.03988035892323031 12.84142857142857 8.0 0.8900000000000006
0.9987773702345226 0.03489531405782652 12.837142857142856 7.0 0.9000000000000006
0.998110481271535 0.031904287138584245 12.82857142857143 6.4 0.9100000000000006
0.9974435923085473 0.026919242273180457 12.82 5.4 0.9200000000000006
0.9967767033455597 0.02193419740777667 12.811428571428571 4.4 0.9300000000000006
0.9963321107035679 0.020937188434695914 12.805714285714286 4.2 0.9400000000000006
0.9962209625430699 0.018943170488534396 12.804285714285715 3.8 0.9500000000000006
0.9954429254195843 0.01694915254237288 12.794285714285714 3.4 0.9600000000000006
0.994220295654107 0.01694915254237288 12.778571428571428 3.4 0.9700000000000006
0.9915527398021563 0.01694915254237288 12.744285714285715 3.4 0.9800000000000006
0.9834389240858064 0.015952143569292122 12.64 3.2 0.9900000000000007
0.0 0.0 0.0 0.0
