1.0 1.0 89.97 50.15 0.0
1.0 0.9940179461615155 89.97 49.85 0.01
1.0 0.9860418743768694 89.97 49.45 0.02
1.0 0.9740777666999003 89.97 48.85 0.03
1.0 0.9641076769690927 89.97 48.35 0.04
1.0 0.9551345962113659 89.97 47.9 0.05
1.0 0.9441674975074775 89.97 47.35 0.060000000000000005
1.0 0.9441674975074775 89.97 47.35 0.07
1.0 0.9371884346959123 89.97 47.0 0.08
1.0 0.9332003988035892 89.97 46.8 0.09
1.0 0.9312063808574277 89.97 46.7 0.09999999999999999
1.0 0.9282153539381854 89.97 46.55 0.10999999999999999
1.0 0.9272183449651047 89.97 46.5 0.11999999999999998
1.0 0.9242273180458624 89.97 46.35 0.12999999999999998
1.0 0.9232303090727817 89.97 46.3 0.13999999999999999
1.0 0.9232303090727817 89.97 46.3 0.15
1.0 0.9182452642073778 89.97 46.05 0.16
1.0 0.9142572283150548 89.97 45.85 0.17
1.0 0.9062811565304087 89.97 45.45 0.18000000000000002
1.0 0.901296111665005 89.97 45.2 0.19000000000000003
1.0 0.8953140578265204 89.97 44.9 0.20000000000000004
1.0 0.8933200398803589 89.97 44.8 0.21000000000000005
1.0 0.8913260219341974 89.97 44.7 0.22000000000000006
1.0 0.8903290129611167 89.97 44.65 0.23000000000000007
1.0 0.8883349950149552 89.97 44.55 0.24000000000000007
1.0 0.8863409770687937 89.97 44.45 0.25000000000000006
1.0 0.8853439680957128 89.97 44.4 0.26000000000000006
1.0 0.8843469591226321 89.97 44.35 0.2700000000000001
1.0 0.8843469591226321 89.97 44.35 0.2800000000000001
1.0 0.8843469591226321 89.97 44.35 0.2900000000000001
1.0 0.8843469591226321 89.97 44.35 0.3000000000000001
1.0 0.8843469591226321 89.97 44.35 0.3100000000000001
1.0 0.8843469591226321 89.97 44.35 0.3200000000000001
1.0 0.8843469591226321 89.97 44.35 0.3300000000000001
1.0 0.8843469591226321 89.97 44.35 0.34000000000000014
1.0 0.8843469591226321 89.97 44.35 0.35000000000000014
1.0 0.8823529411764706 89.97 44.25 0.36000000000000015
1.0 0.8803589232303091 89.97 44.15 0.37000000000000016
1.0 0.8793619142572283 89.97 44.1 0.38000000000000017
1.0 0.8733798604187437 89.97 43.8 0.3900000000000002
1.0 0.8713858424725822 89.97 43.7 0.4000000000000002
1.0 0.8664007976071785 89.97 43.45 0.4100000000000002
1.0 0.8654037886340977 89.97 43.4 0.4200000000000002
1.0 0.864406779661017 89.97 43.35 0.4300000000000002
1.0 0.8604187437686939 89.97 43.15 0.4400000000000002
1.0 0.8594217347956131 89.97 43.1 0.45000000000000023
1.0 0.8564307078763709 89.97 42.95 0.46000000000000024
1.0 0.8544366899302094 89.97 42.85 0.47000000000000025
1.0 0.8514456630109671 89.97 42.7 0.48000000000000026
1.0 0.8514456630109671 89.97 42.7 0.49000000000000027
1.0 0.8494516450648056 89.97 42.6 0.5000000000000002
1.0 0.847457627118644 89.97 42.5 0.5100000000000002
1.0 0.8454636091724825 89.97 42.4 0.5200000000000002
1.0 0.8444666001994018 89.97 42.35 0.5300000000000002
1.0 0.8424725822532403 89.97 42.25 0.5400000000000003
1.0 0.8424725822532403 89.97 42.25 0.5500000000000003
1.0 0.8424725822532403 89.97 42.25 0.5600000000000003
1.0 0.839481555333998 89.97 42.1 0.5700000000000003
1.0 0.8384845463609173 89.97 42.05 0.5800000000000003
1.0 0.8364905284147557 89.97 41.95 0.5900000000000003
1.0 0.8364905284147557 89.97 41.95 0.6000000000000003
1.0 0.8334995014955134 89.97 41.8 0.6100000000000003
1.0 0.8334995014955134 89.97 41.8 0.6200000000000003
1.0 0.827517447657029 89.97 41.5 0.6300000000000003
1.0 0.8215353938185443 89.97 41.2 0.6400000000000003
1.0 0.8175473579262214 89.97 41.0 0.6500000000000004
1.0 0.8075772681954138 89.97 40.5 0.6600000000000004
1.0 0.8015952143569293 89.97 40.2 0.6700000000000004
1.0 0.7866400797607178 89.97 39.45 0.6800000000000004
1.0 0.7756729810568295 89.97 38.9 0.6900000000000004
1.0 0.7637088733798604 89.97 38.3 0.7000000000000004
1.0 0.7457627118644068 89.97 37.4 0.7100000000000004
1.0 0.7248255234297108 89.97 36.35 0.7200000000000004
1.0 0.7098703888334995 89.97 35.6 0.7300000000000004
1.0 0.6879361914257228 89.97 34.5 0.7400000000000004
1.0 0.6669990029910269 89.97 33.45 0.7500000000000004
1.0 0.6520438683948155 89.97 32.7 0.7600000000000005
0.999888851839502 0.646061814556331 89.96 32.4 0.7700000000000005
0.9995554073580082 0.6321036889332003 89.93 31.7 0.7800000000000005
0.9993331110370124 0.6161515453639083 89.91 30.9 0.7900000000000005
0.9985550739135267 0.6071784646061814 89.84 30.45 0.8000000000000005
0.9973324441480493 0.6001994017946162 89.73 30.1 0.8100000000000005
0.9947760364565966 0.5982053838484547 89.5 30.0 0.8200000000000005
0.9906635545181727 0.5892323030907278 89.13 29.55 0.8300000000000005
0.9828831832833167 0.5742771684945165 88.43 28.8 0.8400000000000005
0.968433922418584 0.5603190428713859 87.13 28.1 0.8500000000000005
0.9479826608869624 0.5064805583250249 85.29 25.4 0.8600000000000005
0.9146382127375792 0.4646061814556331 82.29 23.3 0.8700000000000006
0.8769589863287762 0.4127617148554337 78.9 20.7 0.8800000000000006
0.8268311659442036 0.35194416749750745 74.39 17.65 0.8900000000000006
0.7740357897076804 0.26520438683948155 69.64 13.3 0.9000000000000006
0.7154607091252639 0.17746759720837488 64.37 8.9 0.9100000000000006
0.6685561853951317 0.10867397806580259 60.15 5.45 0.9200000000000006
0.6335445148382794 0.05782652043868395 57.0 2.9 0.9300000000000006
0.5976436589974435 0.027916251246261216 53.77 1.4 0.9400000000000006
0.5757474713793487 0.013958125623130608 51.8 0.7 0.9500000000000006
0.5568522840946982 0.004985044865403789 50.1 0.25 0.9600000000000006
0.5381793931310437 0.0019940179461615153 48.42 0.1 0.9700000000000006
0.49838835167277984 9.970089730807576E-4 44.84 0.05 0.9800000000000006
0.40769145270645774 9.970089730807576E-4 36.68 0.05 0.9900000000000007
0.0 0.0 0.0 0.0
