1.0 1.0 22.4925 8.721739130434782 0.0
1.0 0.9441674975074775 22.4925 8.234782608695653 0.01
1.0 0.8863409770687937 22.4925 7.730434782608696 0.02
1.0 0.8544366899302094 22.4925 7.452173913043478 0.03
1.0 0.8295114656031904 22.4925 7.234782608695652 0.04
1.0 0.8055832502492523 22.4925 7.026086956521739 0.05
1.0 0.7796610169491526 22.4925 6.8 0.060000000000000005
1.0 0.7796610169491526 22.4925 6.8 0.07
1.0 0.7706879361914257 22.4925 6.721739130434782 0.08
1.0 0.7547357926221336 22.4925 6.582608695652174 0.09
1.0 0.7457627118644068 22.4925 6.504347826086956 0.09999999999999999
1.0 0.7367896311066799 22.4925 6.426086956521739 0.10999999999999999
1.0 0.732801595214357 22.4925 6.391304347826087 0.11999999999999998
1.0 0.7248255234297108 22.4925 6.321739130434783 0.12999999999999998
1.0 0.7168494516450648 22.4925 6.252173913043478 0.13999999999999999
1.0 0.707876370887338 22.4925 6.173913043478261 0.15
1.0 0.6969092721834497 22.4925 6.078260869565217 0.16
1.0 0.6839481555333998 22.4925 5.965217391304348 0.17
1.0 0.6620139581256231 22.4925 5.773913043478261 0.18000000000000002
1.0 0.6440677966101694 22.4925 5.6173913043478265 0.19000000000000003
1.0 0.6301096709870389 22.4925 5.495652173913044 0.20000000000000004
1.0 0.6201395812562313 22.4925 5.408695652173913 0.21000000000000005
1.0 0.6061814556331007 22.4925 5.28695652173913 0.22000000000000006
1.0 0.6011964107676969 22.4925 5.243478260869566 0.23000000000000007
1.0 0.5922233300099701 22.4925 5.165217391304348 0.24000000000000007
1.0 0.5862412761714856 22.4925 5.113043478260869 0.25000000000000006
1.0 0.5822532402791625 22.4925 5.078260869565217 0.26000000000000006
1.0 0.576271186440678 22.4925 5.026086956521739 0.2700000000000001
1.0 0.5722831505483549 22.4925 4.991304347826087 0.2800000000000001
1.0 0.5663010967098704 22.4925 4.939130434782609 0.2900000000000001
1.0 0.5643070787637089 22.4925 4.921739130434783 0.3000000000000001
1.0 0.5623130608175474 22.4925 4.904347826086957 0.3100000000000001
1.0 0.559322033898305 22.4925 4.878260869565217 0.3200000000000001
1.0 0.559322033898305 22.4925 4.878260869565217 0.3300000000000001
1.0 0.555333998005982 22.4925 4.843478260869565 0.34000000000000014
1.0 0.5523429710867398 22.4925 4.817391304347826 0.35000000000000014
1.0 0.5493519441674976 22.4925 4.791304347826087 0.36000000000000015
1.0 0.5443668993020937 22.4925 4.747826086956522 0.37000000000000016
1.0 0.5383848454636092 22.4925 4.695652173913044 0.38000000000000017
1.0 0.5304087736789631 22.4925 4.626086956521739 0.3900000000000002
1.0 0.518444666001994 22.4925 4.521739130434782 0.4000000000000002
1.0 0.5024925224327019 22.4925 4.3826086956521735 0.4100000000000002
1.0 0.4915254237288136 22.4925 4.28695652173913 0.4200000000000002
1.0 0.4795613160518445 22.4925 4.182608695652174 0.4300000000000002
1.0 0.4646061814556331 22.4925 4.052173913043478 0.4400000000000002
1.0 0.4576271186440678 22.4925 3.991304347826087 0.45000000000000023
1.0 0.4436689930209372 22.4925 3.869565217391304 0.46000000000000024
1.0 0.4406779661016949 22.4925 3.8434782608695652 0.47000000000000025
1.0 0.43270189431704886 22.4925 3.773913043478261 0.48000000000000026
1.0 0.4267198404785643 22.4925 3.7217391304347824 0.49000000000000027
1.0 0.42572283150548357 22.4925 3.7130434782608694 0.5000000000000002
1.0 0.42273180458624127 22.4925 3.6869565217391305 0.5100000000000002
1.0 0.419740777666999 22.4925 3.6608695652173915 0.5200000000000002
1.0 0.41774675972083747 22.4925 3.643478260869565 0.5300000000000002
1.0 0.4137587238285145 22.4925 3.608695652173913 0.5400000000000003
1.0 0.4117647058823529 22.4925 3.591304347826087 0.5500000000000003
1.0 0.4097706879361914 22.4925 3.5739130434782607 0.5600000000000003
1.0 0.4077766699900299 22.4925 3.5565217391304347 0.5700000000000003
1.0 0.4077766699900299 22.4925 3.5565217391304347 0.5800000000000003
1.0 0.4047856430707876 22.4925 3.5304347826086957 0.5900000000000003
1.0 0.40279162512462613 22.4925 3.5130434782608697 0.6000000000000003
1.0 0.39980059820538383 22.4925 3.4869565217391303 0.6100000000000003
1.0 0.39980059820538383 22.4925 3.4869565217391303 0.6200000000000003
1.0 0.39581256231306083 22.4925 3.4521739130434783 0.6300000000000003
1.0 0.3918245264207378 22.4925 3.417391304347826 0.6400000000000003
1.0 0.38584247258225324 22.4925 3.365217391304348 0.6500000000000004
1.0 0.382851445663011 22.4925 3.3391304347826085 0.6600000000000004
1.0 0.37587238285144564 22.4925 3.2782608695652176 0.6700000000000004
1.0 0.36889332003988035 22.4925 3.217391304347826 0.6800000000000004
1.0 0.3609172482552343 22.4925 3.1478260869565218 0.6900000000000004
1.0 0.3509471585244267 22.4925 3.0608695652173914 0.7000000000000004
1.0 0.33599202392821537 22.4925 2.9304347826086956 0.7100000000000004
1.0 0.32103688933200397 22.4925 2.8 0.7200000000000004
1.0 0.3070787637088734 22.4925 2.6782608695652175 0.7300000000000004
1.0 0.28713858424725824 22.4925 2.5043478260869567 0.7400000000000004
1.0 0.27018943170488535 22.4925 2.356521739130435 0.7500000000000004
1.0 0.25523429710867396 22.4925 2.226086956521739 0.7600000000000005
1.0 0.24626121635094717 22.4925 2.1478260869565218 0.7700000000000005
1.0 0.23728813559322035 22.4925 2.0695652173913044 0.7800000000000005
0.999888851839502 0.22931206380857427 22.49 2.0 0.7900000000000005
0.9997777036790041 0.22731804586241275 22.4875 1.982608695652174 0.8000000000000005
0.9997777036790041 0.226321036889332 22.4875 1.9739130434782608 0.8100000000000005
0.9995554073580082 0.22333000997008973 22.4825 1.9478260869565218 0.8200000000000005
0.9993331110370124 0.21834496510468593 22.4775 1.9043478260869566 0.8300000000000005
0.9988885183950206 0.21335992023928216 22.4675 1.8608695652173912 0.8400000000000005
0.9974435923085473 0.21036889332003988 22.435 1.8347826086956522 0.8500000000000005
0.9946648882960987 0.2023928215353938 22.3725 1.7652173913043478 0.8600000000000005
0.9903301100366789 0.19242273180458624 22.275 1.6782608695652175 0.8700000000000006
0.9844392575302878 0.18045862412761715 22.1425 1.5739130434782609 0.8800000000000006
0.9785484050238968 0.17148554336989033 22.01 1.4956521739130435 0.8900000000000006
0.9715460709125264 0.15553339980059822 21.8525 1.3565217391304347 0.9000000000000006
0.9627653662331889 0.13758723828514458 21.655 1.2 0.9100000000000006
0.9572079582082916 0.1226321036889332 21.53 1.0695652173913044 0.9200000000000006
0.9536512170723574 0.1016949152542373 21.45 0.8869565217391304 0.9300000000000006
0.9503167722574192 0.09471585244267199 21.375 0.8260869565217391 0.9400000000000006
0.9468711792819828 0.09072781655034895 21.2975 0.7913043478260869 0.9500000000000006
0.9437590307880405 0.0897308075772682 21.2275 0.782608695652174 0.9600000000000006
0.9389796598866289 0.0897308075772682 21.12 0.782608695652174 0.9700000000000006
0.9251972879848839 0.0897308075772682 20.81 0.782608695652174 0.9800000000000006
0.877625875291764 0.0897308075772682 19.74 0.782608695652174 0.9900000000000007
0.0 0.0 0.0 0.0
