1.0 1.0 11.24625 50.15 0.0
1.0 0.646061814556331 11.24625 32.4 0.01
1.0 0.49750747756729813 11.24625 24.95 0.02
1.0 0.4426719840478564 11.24625 22.2 0.03
1.0 0.4137587238285145 11.24625 20.75 0.04
1.0 0.3818544366899302 11.24625 19.15 0.05
1.0 0.3389830508474576 11.24625 17.0 0.060000000000000005
1.0 0.3389830508474576 11.24625 17.0 0.07
1.0 0.32103688933200397 11.24625 16.1 0.08
1.0 0.3090727816550349 11.24625 15.5 0.09
1.0 0.3000997008973081 11.24625 15.05 0.09999999999999999
1.0 0.28713858424725824 11.24625 14.4 0.10999999999999999
1.0 0.28015952143569295 11.24625 14.05 0.11999999999999998
1.0 0.2741774675972084 11.24625 13.75 0.12999999999999998
1.0 0.26321036889332006 11.24625 13.2 0.13999999999999999
1.0 0.25623130608175476 11.24625 12.85 0.15
1.0 0.25124626121635096 11.24625 12.6 0.16
1.0 0.24426719840478564 11.24625 12.25 0.17
1.0 0.2213359920239282 11.24625 11.1 0.18000000000000002
1.0 0.21036889332003988 11.24625 10.55 0.19000000000000003
1.0 0.19940179461615154 11.24625 10.0 0.20000000000000004
1.0 0.19441674975074777 11.24625 9.75 0.21000000000000005
1.0 0.18743768693918245 11.24625 9.4 0.22000000000000006
1.0 0.18344965104685942 11.24625 9.2 0.23000000000000007
1.0 0.1744765702891326 11.24625 8.75 0.24000000000000007
1.0 0.17347956131605186 11.24625 8.7 0.25000000000000006
1.0 0.17148554336989033 11.24625 8.6 0.26000000000000006
1.0 0.1694915254237288 11.24625 8.5 0.2700000000000001
1.0 0.16650049850448653 11.24625 8.35 0.2800000000000001
1.0 0.16350947158524426 11.24625 8.2 0.2900000000000001
1.0 0.16151545363908276 11.24625 8.1 0.3000000000000001
1.0 0.1585244267198405 11.24625 7.95 0.3100000000000001
1.0 0.1575274177467597 11.24625 7.9 0.3200000000000001
1.0 0.15453639082751744 11.24625 7.75 0.3300000000000001
1.0 0.15254237288135594 11.24625 7.65 0.34000000000000014
1.0 0.15154536390827517 11.24625 7.6 0.35000000000000014
1.0 0.1485543369890329 11.24625 7.45 0.36000000000000015
1.0 0.14556331006979062 11.24625 7.3 0.37000000000000016
1.0 0.14257228315054835 11.24625 7.15 0.38000000000000017
1.0 0.13559322033898305 11.24625 6.8 0.3900000000000002
1.0 0.13060817547357925 11.24625 6.55 0.4000000000000002
1.0 0.1296111665004985 11.24625 6.5 0.4100000000000002
1.0 0.12662013958125623 11.24625 6.35 0.4200000000000002
1.0 0.11964107676969092 11.24625 6.0 0.4300000000000002
1.0 0.11764705882352941 11.24625 5.9 0.4400000000000002
1.0 0.11365902293120637 11.24625 5.7 0.45000000000000023
1.0 0.11166500498504486 11.24625 5.6 0.46000000000000024
1.0 0.10568295114656032 11.24625 5.3 0.47000000000000025
1.0 0.1016949152542373 11.24625 5.1 0.48000000000000026
1.0 0.09571286141575275 11.24625 4.8 0.49000000000000027
1.0 0.09172482552342971 11.24625 4.6 0.5000000000000002
1.0 0.09072781655034895 11.24625 4.55 0.5100000000000002
1.0 0.08873379860418744 11.24625 4.45 0.5200000000000002
1.0 0.08773678963110668 11.24625 4.4 0.5300000000000002
1.0 0.08773678963110668 11.24625 4.4 0.5400000000000003
1.0 0.08574277168494517 11.24625 4.3 0.5500000000000003
1.0 0.0847457627118644 11.24625 4.25 0.5600000000000003
1.0 0.0847457627118644 11.24625 4.25 0.5700000000000003
1.0 0.0847457627118644 11.24625 4.25 0.5800000000000003
1.0 0.0847457627118644 11.24625 4.25 0.5900000000000003
1.0 0.0847457627118644 11.24625 4.25 0.6000000000000003
1.0 0.0847457627118644 11.24625 4.25 0.6100000000000003
1.0 0.08275174476570289 11.24625 4.15 0.6200000000000003
1.0 0.08075772681954138 11.24625 4.05 0.6300000000000003
1.0 0.07976071784646062 11.24625 4.0 0.6400000000000003
1.0 0.07876370887337986 11.24625 3.95 0.6500000000000004
1.0 0.07477567298105683 11.24625 3.75 0.6600000000000004
1.0 0.07377866400797607 11.24625 3.7 0.6700000000000004
1.0 0.07377866400797607 11.24625 3.7 0.6800000000000004
1.0 0.06779661016949153 11.24625 3.4 0.6900000000000004
1.0 0.06580259222333001 11.24625 3.3 0.7000000000000004
1.0 0.06281156530408774 11.24625 3.15 0.7100000000000004
1.0 0.05982053838484546 11.24625 3.0 0.7200000000000004
1.0 0.05583250249252243 11.24625 2.8 0.7300000000000004
1.0 0.054835493519441676 11.24625 2.75 0.7400000000000004
1.0 0.0518444666001994 11.24625 2.6 0.7500000000000004
1.0 0.05084745762711865 11.24625 2.55 0.7600000000000005
1.0 0.049850448654037885 11.24625 2.5 0.7700000000000005
1.0 0.045862412761714856 11.24625 2.3 0.7800000000000005
1.0 0.04386839481555334 11.24625 2.2 0.7900000000000005
1.0 0.04287138584247258 11.24625 2.15 0.8000000000000005
1.0 0.04187437686939183 11.24625 2.1 0.8100000000000005
1.0 0.04187437686939183 11.24625 2.1 0.8200000000000005
1.0 0.04187437686939183 11.24625 2.1 0.8300000000000005
1.0 0.04187437686939183 11.24625 2.1 0.8400000000000005
1.0 0.04187437686939183 11.24625 2.1 0.8500000000000005
1.0 0.038883349950149554 11.24625 1.95 0.8600000000000005
0.999888851839502 0.03788634097706879 11.245 1.9 0.8700000000000006
0.999888851839502 0.036889332003988036 11.245 1.85 0.8800000000000006
0.9997777036790041 0.03589232303090728 11.24375 1.8 0.8900000000000006
0.9996665555185061 0.031904287138584245 11.2425 1.6 0.9000000000000006
0.9993331110370124 0.026919242273180457 11.23875 1.35 0.9100000000000006
0.9988885183950206 0.023928215353938187 11.23375 1.2 0.9200000000000006
0.9987773702345226 0.020937188434695914 11.2325 1.05 0.9300000000000006
0.9987773702345226 0.020937188434695914 11.2325 1.05 0.9400000000000006
0.9984439257530288 0.019940179461615155 11.22875 1.0 0.9500000000000006
0.998110481271535 0.019940179461615155 11.225 1.0 0.9600000000000006
0.9974435923085473 0.019940179461615155 11.2175 1.0 0.9700000000000006
0.9968878515060575 0.019940179461615155 11.21125 1.0 0.9800000000000006
0.9922196287651439 0.019940179461615155 11.15875 1.0 0.9900000000000007
0.0 0.0 0.0 0.0
