1.0 1.0 17.994 66.86666666666666 0.0
1.0 0.8823529411764706 17.994 59.0 0.01
1.0 0.7906281156530409 17.994 52.86666666666667 0.02
1.0 0.7537387836490529 17.994 50.4 0.03
1.0 0.7268195413758723 17.994 48.6 0.04
1.0 0.6919242273180458 17.994 46.266666666666666 0.05
1.0 0.6420737786640079 17.994 42.93333333333333 0.060000000000000005
1.0 0.6420737786640079 17.994 42.93333333333333 0.07
1.0 0.6321036889332003 17.994 42.266666666666666 0.08
1.0 0.6181455633100698 17.994 41.333333333333336 0.09
1.0 0.5982053838484547 17.994 40.0 0.09999999999999999
1.0 0.5862412761714856 17.994 39.2 0.10999999999999999
1.0 0.5832502492522432 17.994 39.0 0.11999999999999998
1.0 0.5742771684945165 17.994 38.4 0.12999999999999998
1.0 0.5682951146560319 17.994 38.0 0.13999999999999999
1.0 0.5563310069790628 17.994 37.2 0.15
1.0 0.5483549351944168 17.994 36.666666666666664 0.16
1.0 0.5383848454636092 17.994 36.0 0.17
1.0 0.5084745762711864 17.994 34.0 0.18000000000000002
1.0 0.4955134596211366 17.994 33.13333333333333 0.19000000000000003
0.999888851839502 0.4835493519441675 17.992 32.333333333333336 0.20000000000000004
0.999888851839502 0.47756729810568294 17.992 31.933333333333334 0.21000000000000005
0.999888851839502 0.46859421734795614 17.992 31.333333333333332 0.22000000000000006
0.999888851839502 0.46161515453639085 17.992 30.866666666666667 0.23000000000000007
0.999888851839502 0.452642073778664 17.992 30.266666666666666 0.24000000000000007
0.999888851839502 0.44666001994017945 17.992 29.866666666666667 0.25000000000000006
0.999888851839502 0.4426719840478564 17.992 29.6 0.26000000000000006
0.999888851839502 0.44167497507477566 17.992 29.533333333333335 0.2700000000000001
0.999888851839502 0.4386839481555334 17.992 29.333333333333332 0.2800000000000001
0.999888851839502 0.43668993020937186 17.992 29.2 0.2900000000000001
0.999888851839502 0.4356929212362911 17.992 29.133333333333333 0.3000000000000001
0.999888851839502 0.43469591226321036 17.992 29.066666666666666 0.3100000000000001
0.999888851839502 0.4317048853439681 17.992 28.866666666666667 0.3200000000000001
0.999888851839502 0.42771684945164506 17.992 28.6 0.3300000000000001
0.999888851839502 0.42273180458624127 17.992 28.266666666666666 0.34000000000000014
0.999888851839502 0.42073778664007977 17.992 28.133333333333333 0.35000000000000014
0.999888851839502 0.4127617148554337 17.992 27.6 0.36000000000000015
0.999888851839502 0.4077766699900299 17.992 27.266666666666666 0.37000000000000016
0.999888851839502 0.39980059820538383 17.992 26.733333333333334 0.38000000000000017
0.999888851839502 0.3938185443668993 17.992 26.333333333333332 0.3900000000000002
0.999888851839502 0.3818544366899302 17.992 25.533333333333335 0.4000000000000002
0.999888851839502 0.3728813559322034 17.992 24.933333333333334 0.4100000000000002
0.999888851839502 0.3629112662013958 17.992 24.266666666666666 0.4200000000000002
0.999888851839502 0.35294117647058826 17.992 23.6 0.4300000000000002
0.999888851839502 0.3349950149551346 17.992 22.4 0.4400000000000002
0.999888851839502 0.3240279162512463 17.992 21.666666666666668 0.45000000000000023
0.999888851839502 0.317048853439681 17.992 21.2 0.46000000000000024
0.999888851839502 0.3070787637088734 17.992 20.533333333333335 0.47000000000000025
0.999888851839502 0.3000997008973081 17.992 20.066666666666666 0.48000000000000026
0.999888851839502 0.2951146560319043 17.992 19.733333333333334 0.49000000000000027
0.999888851839502 0.288135593220339 17.992 19.266666666666666 0.5000000000000002
0.999888851839502 0.2831505483549352 17.992 18.933333333333334 0.5100000000000002
0.999888851839502 0.27716849451645065 17.992 18.533333333333335 0.5200000000000002
0.999888851839502 0.27517447657028915 17.992 18.4 0.5300000000000002
0.999888851839502 0.2691924227318046 17.992 18.0 0.5400000000000003
0.999888851839502 0.26819541375872386 17.992 17.933333333333334 0.5500000000000003
0.999888851839502 0.26520438683948155 17.992 17.733333333333334 0.5600000000000003
0.999888851839502 0.26520438683948155 17.992 17.733333333333334 0.5700000000000003
0.999888851839502 0.2642073778664008 17.992 17.666666666666668 0.5800000000000003
0.999888851839502 0.2642073778664008 17.992 17.666666666666668 0.5900000000000003
0.999888851839502 0.2622133599202393 17.992 17.533333333333335 0.6000000000000003
0.999888851839502 0.2622133599202393 17.992 17.533333333333335 0.6100000000000003
0.999888851839502 0.26021934197407776 17.992 17.4 0.6200000000000003
0.999888851839502 0.2542372881355932 17.992 17.0 0.6300000000000003
0.999888851839502 0.2522432701894317 17.992 16.866666666666667 0.6400000000000003
0.999888851839502 0.24626121635094717 17.992 16.466666666666665 0.6500000000000004
0.999888851839502 0.2432701894317049 17.992 16.266666666666666 0.6600000000000004
0.999888851839502 0.23728813559322035 17.992 15.866666666666667 0.6700000000000004
0.999888851839502 0.22831505483549352 17.992 15.266666666666667 0.6800000000000004
0.999888851839502 0.22033898305084745 17.992 14.733333333333333 0.6900000000000004
0.999888851839502 0.20937188434695914 17.992 14.0 0.7000000000000004
0.999888851839502 0.2053838484546361 17.992 13.733333333333333 0.7100000000000004
0.999888851839502 0.18444666001994017 17.992 12.333333333333334 0.7200000000000004
0.999888851839502 0.16849451645064806 17.992 11.266666666666667 0.7300000000000004
0.999888851839502 0.15553339980059822 17.992 10.4 0.7400000000000004
0.999888851839502 0.1415752741774676 17.992 9.466666666666667 0.7500000000000004
0.999888851839502 0.13260219341974078 17.992 8.866666666666667 0.7600000000000005
0.999888851839502 0.11864406779661017 17.992 7.933333333333334 0.7700000000000005
0.999888851839502 0.10967098703888335 17.992 7.333333333333333 0.7800000000000005
0.999888851839502 0.10568295114656032 17.992 7.066666666666666 0.7900000000000005
0.999888851839502 0.1016949152542373 17.992 6.8 0.8000000000000005
0.9996665555185061 0.09571286141575275 17.988 6.4 0.8100000000000005
0.9994442591975102 0.09172482552342971 17.984 6.133333333333334 0.8200000000000005
0.9994442591975102 0.0847457627118644 17.984 5.666666666666667 0.8300000000000005
0.9991108147160165 0.08275174476570289 17.978 5.533333333333333 0.8400000000000005
0.9986662220740247 0.08175473579262213 17.97 5.466666666666667 0.8500000000000005
0.9978881849505391 0.07577268195413758 17.956 5.066666666666666 0.8600000000000005
0.995998666222074 0.06879361914257229 17.922 4.6 0.8700000000000006
0.9944425919751028 0.053838484546360914 17.894 3.6 0.8800000000000006
0.9927753695676337 0.049850448654037885 17.864 3.3333333333333335 0.8900000000000006
0.9907747026786706 0.03589232303090728 17.828 2.4 0.9000000000000006
0.9886628876292097 0.022931206380857428 17.79 1.5333333333333334 0.9100000000000006
0.9864399244192509 0.01296111665004985 17.75 0.8666666666666667 0.9200000000000006
0.984216961209292 0.00897308075772682 17.71 0.6 0.9300000000000006
0.9828831832833167 0.005982053838484547 17.686 0.4 0.9400000000000006
0.9815494053573414 0.0029910269192422734 17.662 0.2 0.9500000000000006
0.980215627431366 9.970089730807576E-4 17.638 0.06666666666666667 0.9600000000000006
0.9771034789374236 0.0 17.582 0.0 0.9700000000000006
0.9709903301100367 0.0 17.472 0.0 0.9800000000000006
0.9454262531955097 0.0 17.012 0.0 0.9900000000000007
0.0 0.0 0.0 0.0
