1.0 1.0 11.24625 50.15 0.0
1.0 0.6041874376869392 11.24625 30.3 0.01
1.0 0.4695912263210369 11.24625 23.55 0.02
1.0 0.4147557328015952 11.24625 20.8 0.03
1.0 0.36889332003988035 11.24625 18.5 0.04
1.0 0.3509471585244267 11.24625 17.6 0.05
1.0 0.31306081754735793 11.24625 15.7 0.060000000000000005
1.0 0.31306081754735793 11.24625 15.7 0.07
1.0 0.3070787637088734 11.24625 15.4 0.08
1.0 0.2931206380857428 11.24625 14.7 0.09
1.0 0.28913260219341974 11.24625 14.5 0.09999999999999999
1.0 0.2831505483549352 11.24625 14.2 0.10999999999999999
1.0 0.2731804586241276 11.24625 13.7 0.11999999999999998
1.0 0.26719840478564305 11.24625 13.4 0.12999999999999998
1.0 0.26021934197407776 11.24625 13.05 0.13999999999999999
1.0 0.25523429710867396 11.24625 12.8 0.15
1.0 0.25324027916251246 11.24625 12.7 0.16
1.0 0.24027916251246262 11.24625 12.05 0.17
1.0 0.22731804586241275 11.24625 11.4 0.18000000000000002
1.0 0.2193419740777667 11.24625 11.0 0.19000000000000003
1.0 0.21136590229312063 11.24625 10.6 0.20000000000000004
1.0 0.2053838484546361 11.24625 10.3 0.21000000000000005
1.0 0.2023928215353938 11.24625 10.15 0.22000000000000006
1.0 0.19940179461615154 11.24625 10.0 0.23000000000000007
1.0 0.19441674975074777 11.24625 9.75 0.24000000000000007
1.0 0.19242273180458624 11.24625 9.65 0.25000000000000006
1.0 0.1914257228315055 11.24625 9.6 0.26000000000000006
1.0 0.18843469591226322 11.24625 9.45 0.2700000000000001
1.0 0.18843469591226322 11.24625 9.45 0.2800000000000001
1.0 0.18544366899302095 11.24625 9.3 0.2900000000000001
1.0 0.18344965104685942 11.24625 9.2 0.3000000000000001
1.0 0.18045862412761715 11.24625 9.05 0.3100000000000001
1.0 0.18045862412761715 11.24625 9.05 0.3200000000000001
1.0 0.17547357926221335 11.24625 8.8 0.3300000000000001
1.0 0.17248255234297108 11.24625 8.65 0.34000000000000014
1.0 0.17248255234297108 11.24625 8.65 0.35000000000000014
1.0 0.1694915254237288 11.24625 8.5 0.36000000000000015
1.0 0.1674975074775673 11.24625 8.4 0.37000000000000016
1.0 0.16650049850448653 11.24625 8.35 0.38000000000000017
1.0 0.16151545363908276 11.24625 8.1 0.3900000000000002
1.0 0.15254237288135594 11.24625 7.65 0.4000000000000002
1.0 0.14755732801595214 11.24625 7.4 0.4100000000000002
1.0 0.13958125623130607 11.24625 7.0 0.4200000000000002
1.0 0.13758723828514458 11.24625 6.9 0.4300000000000002
1.0 0.13359920239282153 11.24625 6.7 0.4400000000000002
1.0 0.12462612163509472 11.24625 6.25 0.45000000000000023
1.0 0.11764705882352941 11.24625 5.9 0.46000000000000024
1.0 0.10967098703888335 11.24625 5.5 0.47000000000000025
1.0 0.10667996011964108 11.24625 5.35 0.48000000000000026
1.0 0.1016949152542373 11.24625 5.1 0.49000000000000027
1.0 0.09770687936191426 11.24625 4.9 0.5000000000000002
1.0 0.09471585244267199 11.24625 4.75 0.5100000000000002
1.0 0.09272183449651047 11.24625 4.65 0.5200000000000002
1.0 0.0897308075772682 11.24625 4.5 0.5300000000000002
1.0 0.08673978065802593 11.24625 4.35 0.5400000000000003
1.0 0.08374875373878365 11.24625 4.2 0.5500000000000003
1.0 0.08275174476570289 11.24625 4.15 0.5600000000000003
1.0 0.08275174476570289 11.24625 4.15 0.5700000000000003
1.0 0.08175473579262213 11.24625 4.1 0.5800000000000003
1.0 0.08075772681954138 11.24625 4.05 0.5900000000000003
1.0 0.08075772681954138 11.24625 4.05 0.6000000000000003
1.0 0.07976071784646062 11.24625 4.0 0.6100000000000003
1.0 0.07976071784646062 11.24625 4.0 0.6200000000000003
1.0 0.07976071784646062 11.24625 4.0 0.6300000000000003
1.0 0.07876370887337986 11.24625 3.95 0.6400000000000003
1.0 0.07676969092721835 11.24625 3.85 0.6500000000000004
1.0 0.07377866400797607 11.24625 3.7 0.6600000000000004
1.0 0.07178464606181456 11.24625 3.6 0.6700000000000004
1.0 0.07178464606181456 11.24625 3.6 0.6800000000000004
1.0 0.06879361914257229 11.24625 3.45 0.6900000000000004
1.0 0.06679960119641076 11.24625 3.35 0.7000000000000004
0.999888851839502 0.06181455633100698 11.245 3.1 0.7100000000000004
0.999888851839502 0.05682951146560319 11.245 2.85 0.7200000000000004
0.999888851839502 0.053838484546360914 11.245 2.7 0.7300000000000004
0.999888851839502 0.04885343968095713 11.245 2.45 0.7400000000000004
0.999888851839502 0.04685942173479561 11.245 2.35 0.7500000000000004
0.999888851839502 0.040877367896311065 11.245 2.05 0.7600000000000005
0.999888851839502 0.03988035892323031 11.245 2.0 0.7700000000000005
0.999888851839502 0.03788634097706879 11.245 1.9 0.7800000000000005
0.999888851839502 0.036889332003988036 11.245 1.85 0.7900000000000005
0.999888851839502 0.036889332003988036 11.245 1.85 0.8000000000000005
0.999888851839502 0.03589232303090728 11.245 1.8 0.8100000000000005
0.999888851839502 0.03589232303090728 11.245 1.8 0.8200000000000005
0.9997777036790041 0.03489531405782652 11.24375 1.75 0.8300000000000005
0.9997777036790041 0.03389830508474576 11.24375 1.7 0.8400000000000005
0.9996665555185061 0.03389830508474576 11.2425 1.7 0.8500000000000005
0.9995554073580082 0.02991026919242273 11.24125 1.5 0.8600000000000005
0.9995554073580082 0.028913260219341975 11.24125 1.45 0.8700000000000006
0.9995554073580082 0.0259222333000997 11.24125 1.3 0.8800000000000006
0.9993331110370124 0.02193419740777667 11.23875 1.1 0.8900000000000006
0.9992219628765144 0.01794616151545364 11.2375 0.9 0.9000000000000006
0.9991108147160165 0.01296111665004985 11.23625 0.65 0.9100000000000006
0.9989996665555185 0.007976071784646061 11.235 0.4 0.9200000000000006
0.9988885183950206 0.003988035892323031 11.23375 0.2 0.9300000000000006
0.9987773702345226 0.0029910269192422734 11.2325 0.15 0.9400000000000006
0.9982216294320329 9.970089730807576E-4 11.22625 0.05 0.9500000000000006
0.9979993331110371 0.0 11.22375 0.0 0.9600000000000006
0.9976658886295432 0.0 11.22 0.0 0.9700000000000006
0.9955540735800823 0.0 11.19625 0.0 0.9800000000000006
0.9912192953206624 0.0 11.1475 0.0 0.9900000000000007
0.0 0.0 0.0 0.0
