1.0 1.0 89.97 2.253932584269663 0.0
1.0 0.9990029910269193 89.97 2.251685393258427 0.01
1.0 0.9870388833499502 89.97 2.2247191011235956 0.02
1.0 0.9820538384845464 89.97 2.2134831460674156 0.03
1.0 0.9770687936191426 89.97 2.202247191011236 0.04
1.0 0.9700897308075773 89.97 2.1865168539325843 0.05
1.0 0.9561316051844466 89.97 2.155056179775281 0.060000000000000005
1.0 0.9561316051844466 89.97 2.155056179775281 0.07
1.0 0.9551345962113659 89.97 2.152808988764045 0.08
1.0 0.9521435692921236 89.97 2.146067415730337 0.09
1.0 0.9491525423728814 89.97 2.1393258426966293 0.09999999999999999
1.0 0.9481555333998006 89.97 2.1370786516853935 0.10999999999999999
1.0 0.9471585244267199 89.97 2.134831460674157 0.11999999999999998
1.0 0.9461615154536391 89.97 2.1325842696629214 0.12999999999999998
1.0 0.9441674975074775 89.97 2.1280898876404493 0.13999999999999999
1.0 0.9411764705882353 89.97 2.121348314606742 0.15
1.0 0.9371884346959123 89.97 2.1123595505617976 0.16
1.0 0.93419740777667 89.97 2.10561797752809 0.17
1.0 0.9272183449651047 89.97 2.0898876404494384 0.18000000000000002
1.0 0.922233300099701 89.97 2.0786516853932584 0.19000000000000003
1.0 0.9152542372881356 89.97 2.0629213483146067 0.20000000000000004
1.0 0.9132602193419741 89.97 2.0584269662921346 0.21000000000000005
1.0 0.909272183449651 89.97 2.049438202247191 0.22000000000000006
1.0 0.9082751744765702 89.97 2.047191011235955 0.23000000000000007
1.0 0.905284147557328 89.97 2.040449438202247 0.24000000000000007
1.0 0.905284147557328 89.97 2.040449438202247 0.25000000000000006
1.0 0.905284147557328 89.97 2.040449438202247 0.26000000000000006
1.0 0.9042871385842473 89.97 2.0382022471910113 0.2700000000000001
1.0 0.9042871385842473 89.97 2.0382022471910113 0.2800000000000001
1.0 0.9042871385842473 89.97 2.0382022471910113 0.2900000000000001
1.0 0.9022931206380858 89.97 2.033707865168539 0.3000000000000001
1.0 0.901296111665005 89.97 2.0314606741573034 0.3100000000000001
1.0 0.9002991026919243 89.97 2.0292134831460675 0.3200000000000001
1.0 0.9002991026919243 89.97 2.0292134831460675 0.3300000000000001
1.0 0.8993020937188435 89.97 2.0269662921348313 0.34000000000000014
1.0 0.8983050847457628 89.97 2.0247191011235954 0.35000000000000014
1.0 0.8963110667996012 89.97 2.020224719101124 0.36000000000000015
1.0 0.8953140578265204 89.97 2.0179775280898875 0.37000000000000016
1.0 0.8913260219341974 89.97 2.0089887640449438 0.38000000000000017
1.0 0.8903290129611167 89.97 2.006741573033708 0.3900000000000002
1.0 0.8863409770687937 89.97 1.997752808988764 0.4000000000000002
1.0 0.8803589232303091 89.97 1.9842696629213483 0.4100000000000002
1.0 0.8693918245264207 89.97 1.9595505617977529 0.4200000000000002
1.0 0.864406779661017 89.97 1.948314606741573 0.4300000000000002
1.0 0.8554336989032901 89.97 1.9280898876404495 0.4400000000000002
1.0 0.8514456630109671 89.97 1.9191011235955056 0.45000000000000023
1.0 0.847457627118644 89.97 1.9101123595505618 0.46000000000000024
1.0 0.839481555333998 89.97 1.892134831460674 0.47000000000000025
1.0 0.8354935194416749 89.97 1.8831460674157303 0.48000000000000026
1.0 0.8325024925224327 89.97 1.8764044943820224 0.49000000000000027
1.0 0.8315054835493519 89.97 1.8741573033707866 0.5000000000000002
1.0 0.8295114656031904 89.97 1.8696629213483147 0.5100000000000002
1.0 0.8285144566301097 89.97 1.8674157303370786 0.5200000000000002
1.0 0.8245264207377866 89.97 1.8584269662921349 0.5300000000000002
1.0 0.8235294117647058 89.97 1.8561797752808988 0.5400000000000003
1.0 0.8215353938185443 89.97 1.851685393258427 0.5500000000000003
1.0 0.8215353938185443 89.97 1.851685393258427 0.5600000000000003
1.0 0.8215353938185443 89.97 1.851685393258427 0.5700000000000003
1.0 0.8205383848454636 89.97 1.849438202247191 0.5800000000000003
1.0 0.8205383848454636 89.97 1.849438202247191 0.5900000000000003
1.0 0.8195413758723828 89.97 1.847191011235955 0.6000000000000003
1.0 0.8185443668993021 89.97 1.844943820224719 0.6100000000000003
1.0 0.8175473579262214 89.97 1.8426966292134832 0.6200000000000003
1.0 0.8155533399800599 89.97 1.8382022471910113 0.6300000000000003
1.0 0.8125623130608175 89.97 1.8314606741573034 0.6400000000000003
1.0 0.8075772681954138 89.97 1.8202247191011236 0.6500000000000004
1.0 0.8035892323030908 89.97 1.8112359550561798 0.6600000000000004
1.0 0.7966101694915254 89.97 1.7955056179775282 0.6700000000000004
1.0 0.7856430707876371 89.97 1.7707865168539325 0.6800000000000004
1.0 0.773678963110668 89.97 1.743820224719101 0.6900000000000004
1.0 0.7637088733798604 89.97 1.7213483146067416 0.7000000000000004
1.0 0.7577268195413759 89.97 1.7078651685393258 0.7100000000000004
1.0 0.7367896311066799 89.97 1.6606741573033708 0.7200000000000004
1.0 0.7218344965104686 89.97 1.6269662921348316 0.7300000000000004
1.0 0.7048853439680958 89.97 1.5887640449438203 0.7400000000000004
1.0 0.6919242273180458 89.97 1.5595505617977528 0.7500000000000004
1.0 0.6799601196410767 89.97 1.5325842696629213 0.7600000000000005
0.999888851839502 0.6650049850448654 89.96 1.498876404494382 0.7700000000000005
0.9996665555185061 0.6510468594217348 89.94 1.4674157303370787 0.7800000000000005
0.9993331110370124 0.646061814556331 89.91 1.456179775280899 0.7900000000000005
0.9984439257530288 0.6430707876370887 89.83 1.449438202247191 0.8000000000000005
0.9971101478270534 0.6400797607178464 89.71 1.442696629213483 0.8100000000000005
0.9945537401356007 0.6370887337986042 89.48 1.4359550561797754 0.8200000000000005
0.9897743692341892 0.6261216350947159 89.05 1.4112359550561797 0.8300000000000005
0.9823274424808269 0.6141575274177468 88.38 1.3842696629213482 0.8400000000000005
0.9687673669000778 0.6041874376869392 87.16 1.3617977528089888 0.8500000000000005
0.9458708458375014 0.559322033898305 85.1 1.2606741573033708 0.8600000000000005
0.9118595087251306 0.5154536390827518 82.04 1.1617977528089887 0.8700000000000006
0.8667333555629654 0.4646061814556331 77.98 1.047191011235955 0.8800000000000006
0.8098254973880182 0.4057826520438684 72.86 0.9146067415730337 0.8900000000000006
0.7491386017561409 0.317048853439681 67.4 0.7146067415730337 0.9000000000000006
0.6872290763587863 0.2382851445663011 61.83 0.5370786516853933 0.9100000000000006
0.6323218850728021 0.16650049850448653 56.89 0.3752808988764045 0.9200000000000006
0.5935311770590197 0.1106679960119641 53.4 0.24943820224719102 0.9300000000000006
0.5617428031566077 0.07976071784646062 50.54 0.1797752808988764 0.9400000000000006
0.5447371346004224 0.06281156530408774 49.01 0.14157303370786517 0.9500000000000006
0.5347338001556075 0.0518444666001994 48.11 0.11685393258426967 0.9600000000000006
0.5250639101922863 0.05084745762711865 47.24 0.1146067415730337 0.9700000000000006
0.4952762031788374 0.05084745762711865 44.56 0.1146067415730337 0.9800000000000006
0.39702122929865513 0.049850448654037885 35.72 0.11235955056179775 0.9900000000000007
0.0 0.0 0.0 0.0
