0.0 0.29910269192422734 0.0 20.0 0.0
0.0 0.2951146560319043 0.0 19.733333333333334 0.01
0.0 0.26021934197407776 0.0 17.4 0.02
0.0 0.2542372881355932 0.0 17.0 0.03
0.0 0.24925224327018944 0.0 16.666666666666668 0.04
0.0 0.2432701894317049 0.0 16.266666666666666 0.05
0.0 0.2382851445663011 0.0 15.933333333333334 0.060000000000000005
0.0 0.2382851445663011 0.0 15.933333333333334 0.07
0.0 0.23629112662013957 0.0 15.8 0.08
0.0 0.23529411764705882 0.0 15.733333333333333 0.09
0.0 0.23529411764705882 0.0 15.733333333333333 0.09999999999999999
0.0 0.2313060817547358 0.0 15.466666666666667 0.10999999999999999
0.0 0.23030907278165502 0.0 15.4 0.11999999999999998
0.0 0.22532402791625125 0.0 15.066666666666666 0.12999999999999998
0.0 0.22333000997008973 0.0 14.933333333333334 0.13999999999999999
0.0 0.2213359920239282 0.0 14.8 0.15
0.0 0.2213359920239282 0.0 14.8 0.16
0.0 0.2193419740777667 0.0 14.666666666666666 0.17
0.0 0.21635094715852443 0.0 14.466666666666667 0.18000000000000002
0.0 0.21635094715852443 0.0 14.466666666666667 0.19000000000000003
0.0 0.21335992023928216 0.0 14.266666666666667 0.20000000000000004
0.0 0.2123629112662014 0.0 14.2 0.21000000000000005
0.0 0.21036889332003988 0.0 14.066666666666666 0.22000000000000006
0.0 0.20937188434695914 0.0 14.0 0.23000000000000007
0.0 0.2073778664007976 0.0 13.866666666666667 0.24000000000000007
0.0 0.2073778664007976 0.0 13.866666666666667 0.25000000000000006
0.0 0.2053838484546361 0.0 13.733333333333333 0.26000000000000006
0.0 0.2023928215353938 0.0 13.533333333333333 0.2700000000000001
0.0 0.20139581256231306 0.0 13.466666666666667 0.2800000000000001
0.0 0.19940179461615154 0.0 13.333333333333334 0.2900000000000001
0.0 0.19940179461615154 0.0 13.333333333333334 0.3000000000000001
0.0 0.1984047856430708 0.0 13.266666666666667 0.3100000000000001
0.0 0.19740777666999004 0.0 13.2 0.3200000000000001
0.0 0.19641076769690927 0.0 13.133333333333333 0.3300000000000001
0.0 0.19541375872382852 0.0 13.066666666666666 0.34000000000000014
0.0 0.19441674975074777 0.0 13.0 0.35000000000000014
0.0 0.193419740777667 0.0 12.933333333333334 0.36000000000000015
0.0 0.1914257228315055 0.0 12.8 0.37000000000000016
0.0 0.1914257228315055 0.0 12.8 0.38000000000000017
0.0 0.19042871385842472 0.0 12.733333333333333 0.3900000000000002
0.0 0.18943170488534397 0.0 12.666666666666666 0.4000000000000002
0.0 0.18943170488534397 0.0 12.666666666666666 0.4100000000000002
0.0 0.18943170488534397 0.0 12.666666666666666 0.4200000000000002
0.0 0.18943170488534397 0.0 12.666666666666666 0.4300000000000002
0.0 0.1864406779661017 0.0 12.466666666666667 0.4400000000000002
0.0 0.1864406779661017 0.0 12.466666666666667 0.45000000000000023
0.0 0.1864406779661017 0.0 12.466666666666667 0.46000000000000024
0.0 0.1864406779661017 0.0 12.466666666666667 0.47000000000000025
0.0 0.18544366899302095 0.0 12.4 0.48000000000000026
0.0 0.18544366899302095 0.0 12.4 0.49000000000000027
0.0 0.18444666001994017 0.0 12.333333333333334 0.5000000000000002
0.0 0.18444666001994017 0.0 12.333333333333334 0.5100000000000002
0.0 0.1814556331006979 0.0 12.133333333333333 0.5200000000000002
0.0 0.18045862412761715 0.0 12.066666666666666 0.5300000000000002
0.0 0.17846460618145563 0.0 11.933333333333334 0.5400000000000003
0.0 0.17746759720837488 0.0 11.866666666666667 0.5500000000000003
0.0 0.17746759720837488 0.0 11.866666666666667 0.5600000000000003
0.0 0.17647058823529413 0.0 11.8 0.5700000000000003
0.0 0.17248255234297108 0.0 11.533333333333333 0.5800000000000003
0.0 0.17148554336989033 0.0 11.466666666666667 0.5900000000000003
0.0 0.1694915254237288 0.0 11.333333333333334 0.6000000000000003
0.0 0.16849451645064806 0.0 11.266666666666667 0.6100000000000003
0.0 0.16650049850448653 0.0 11.133333333333333 0.6200000000000003
0.0 0.16550348953140578 0.0 11.066666666666666 0.6300000000000003
0.0 0.16550348953140578 0.0 11.066666666666666 0.6400000000000003
0.0 0.16550348953140578 0.0 11.066666666666666 0.6500000000000004
0.0 0.16151545363908276 0.0 10.8 0.6600000000000004
0.0 0.1585244267198405 0.0 10.6 0.6700000000000004
0.0 0.1585244267198405 0.0 10.6 0.6800000000000004
0.0 0.1585244267198405 0.0 10.6 0.6900000000000004
0.0 0.1575274177467597 0.0 10.533333333333333 0.7000000000000004
0.0 0.15453639082751744 0.0 10.333333333333334 0.7100000000000004
0.0 0.15453639082751744 0.0 10.333333333333334 0.7200000000000004
0.0 0.1535393818544367 0.0 10.266666666666667 0.7300000000000004
0.0 0.15254237288135594 0.0 10.2 0.7400000000000004
0.0 0.15154536390827517 0.0 10.133333333333333 0.7500000000000004
0.0 0.1485543369890329 0.0 9.933333333333334 0.7600000000000005
0.0 0.14556331006979062 0.0 9.733333333333333 0.7700000000000005
0.0 0.14057826520438685 0.0 9.4 0.7800000000000005
0.0 0.13858424725822532 0.0 9.266666666666667 0.7900000000000005
0.0 0.13160518444666003 0.0 8.8 0.8000000000000005
0.0 0.12861415752741776 0.0 8.6 0.8100000000000005
0.0 0.12861415752741776 0.0 8.6 0.8200000000000005
0.0 0.12861415752741776 0.0 8.6 0.8300000000000005
0.0 0.12662013958125623 0.0 8.466666666666667 0.8400000000000005
0.0 0.1226321036889332 0.0 8.2 0.8500000000000005
0.0 0.1226321036889332 0.0 8.2 0.8600000000000005
0.0 0.11764705882352941 0.0 7.866666666666666 0.8700000000000006
0.0 0.11764705882352941 0.0 7.866666666666666 0.8800000000000006
0.0 0.11465603190428714 0.0 7.666666666666667 0.8900000000000006
0.0 0.1106679960119641 0.0 7.4 0.9000000000000006
0.0 0.10867397806580259 0.0 7.266666666666667 0.9100000000000006
0.0 0.1036889332003988 0.0 6.933333333333334 0.9200000000000006
0.0 0.09870388833499502 0.0 6.6 0.9300000000000006
0.0 0.08673978065802593 0.0 5.8 0.9400000000000006
0.0 0.08374875373878365 0.0 5.6 0.9500000000000006
0.0 0.07577268195413758 0.0 5.066666666666666 0.9600000000000006
0.0 0.06480558325024925 0.0 4.333333333333333 0.9700000000000006
0.0 0.05583250249252243 0.0 3.7333333333333334 0.9800000000000006
0.0 0.036889332003988036 0.0 2.466666666666667 0.9900000000000007
0.0 0.0 0.0 0.0
