1.0 1.0 9.996666666666666 25.075 0.0
0.9989996665555185 0.5194416749750748 9.986666666666666 13.025 0.01
0.9989996665555185 0.357926221335992 9.986666666666666 8.975 0.02
0.9989996665555185 0.29411764705882354 9.986666666666666 7.375 0.03
0.9989996665555185 0.26021934197407776 9.986666666666666 6.525 0.04
0.9989996665555185 0.23728813559322035 9.986666666666666 5.95 0.05
0.9988885183950206 0.2123629112662014 9.985555555555555 5.325 0.060000000000000005
0.9988885183950206 0.2123629112662014 9.985555555555555 5.325 0.07
0.9988885183950206 0.19541375872382852 9.985555555555555 4.9 0.08
0.9988885183950206 0.18245264207377868 9.985555555555555 4.575 0.09
0.9988885183950206 0.1744765702891326 9.985555555555555 4.375 0.09999999999999999
0.9988885183950206 0.16450648055832504 9.985555555555555 4.125 0.10999999999999999
0.9988885183950206 0.15952143569292124 9.985555555555555 4.0 0.11999999999999998
0.9988885183950206 0.15653040877367896 9.985555555555555 3.925 0.12999999999999998
0.9988885183950206 0.15154536390827517 9.985555555555555 3.8 0.13999999999999999
0.9988885183950206 0.14955134596211367 9.985555555555555 3.75 0.15
0.9988885183950206 0.14257228315054835 9.985555555555555 3.575 0.16
0.9988885183950206 0.13858424725822532 9.985555555555555 3.475 0.17
0.9988885183950206 0.12662013958125623 9.985555555555555 3.175 0.18000000000000002
0.9988885183950206 0.11964107676969092 9.985555555555555 3.0 0.19000000000000003
0.9987773702345226 0.11465603190428714 9.984444444444444 2.875 0.20000000000000004
0.9987773702345226 0.10867397806580259 9.984444444444444 2.725 0.21000000000000005
0.9987773702345226 0.10468594217347957 9.984444444444444 2.625 0.22000000000000006
0.9987773702345226 0.10269192422731804 9.984444444444444 2.575 0.23000000000000007
0.9987773702345226 0.09571286141575275 9.984444444444444 2.4 0.24000000000000007
0.9987773702345226 0.09172482552342971 9.984444444444444 2.3 0.25000000000000006
0.9987773702345226 0.0897308075772682 9.984444444444444 2.25 0.26000000000000006
0.9987773702345226 0.08773678963110668 9.984444444444444 2.2 0.2700000000000001
0.9987773702345226 0.0847457627118644 9.984444444444444 2.125 0.2800000000000001
0.9987773702345226 0.08175473579262213 9.984444444444444 2.05 0.2900000000000001
0.9987773702345226 0.08175473579262213 9.984444444444444 2.05 0.3000000000000001
0.9987773702345226 0.08175473579262213 9.984444444444444 2.05 0.3100000000000001
0.9987773702345226 0.08175473579262213 9.984444444444444 2.05 0.3200000000000001
0.9987773702345226 0.08175473579262213 9.984444444444444 2.05 0.3300000000000001
0.9987773702345226 0.07976071784646062 9.984444444444444 2.0 0.34000000000000014
0.9987773702345226 0.07876370887337986 9.984444444444444 1.975 0.35000000000000014
0.9987773702345226 0.07676969092721835 9.984444444444444 1.925 0.36000000000000015
0.9987773702345226 0.07278165503489531 9.984444444444444 1.825 0.37000000000000016
0.9987773702345226 0.07178464606181456 9.984444444444444 1.8 0.38000000000000017
0.9987773702345226 0.06979062811565304 9.984444444444444 1.75 0.3900000000000002
0.9987773702345226 0.06679960119641076 9.984444444444444 1.675 0.4000000000000002
0.9987773702345226 0.06380857427716849 9.984444444444444 1.6 0.4100000000000002
0.9987773702345226 0.06081754735792622 9.984444444444444 1.525 0.4200000000000002
0.9987773702345226 0.053838484546360914 9.984444444444444 1.35 0.4300000000000002
0.9987773702345226 0.04885343968095713 9.984444444444444 1.225 0.4400000000000002
0.9987773702345226 0.04685942173479561 9.984444444444444 1.175 0.45000000000000023
0.9987773702345226 0.04187437686939183 9.984444444444444 1.05 0.46000000000000024
0.9987773702345226 0.03589232303090728 9.984444444444444 0.9 0.47000000000000025
0.9987773702345226 0.03389830508474576 9.984444444444444 0.85 0.48000000000000026
0.9987773702345226 0.031904287138584245 9.984444444444444 0.8 0.49000000000000027
0.9987773702345226 0.02991026919242273 9.984444444444444 0.75 0.5000000000000002
0.9987773702345226 0.02991026919242273 9.984444444444444 0.75 0.5100000000000002
0.9987773702345226 0.028913260219341975 9.984444444444444 0.725 0.5200000000000002
0.9987773702345226 0.026919242273180457 9.984444444444444 0.675 0.5300000000000002
0.9987773702345226 0.024925224327018942 9.984444444444444 0.625 0.5400000000000003
0.9987773702345226 0.023928215353938187 9.984444444444444 0.6 0.5500000000000003
0.9987773702345226 0.023928215353938187 9.984444444444444 0.6 0.5600000000000003
0.9987773702345226 0.023928215353938187 9.984444444444444 0.6 0.5700000000000003
0.9987773702345226 0.023928215353938187 9.984444444444444 0.6 0.5800000000000003
0.9987773702345226 0.022931206380857428 9.984444444444444 0.575 0.5900000000000003
0.9987773702345226 0.020937188434695914 9.984444444444444 0.525 0.6000000000000003
0.9987773702345226 0.020937188434695914 9.984444444444444 0.525 0.6100000000000003
0.9987773702345226 0.019940179461615155 9.984444444444444 0.5 0.6200000000000003
0.9987773702345226 0.019940179461615155 9.984444444444444 0.5 0.6300000000000003
0.9987773702345226 0.019940179461615155 9.984444444444444 0.5 0.6400000000000003
0.9987773702345226 0.018943170488534396 9.984444444444444 0.475 0.6500000000000004
0.9987773702345226 0.018943170488534396 9.984444444444444 0.475 0.6600000000000004
0.9987773702345226 0.01794616151545364 9.984444444444444 0.45 0.6700000000000004
0.9987773702345226 0.015952143569292122 9.984444444444444 0.4 0.6800000000000004
0.9987773702345226 0.013958125623130608 9.984444444444444 0.35 0.6900000000000004
0.9986662220740247 0.013958125623130608 9.983333333333333 0.35 0.7000000000000004
0.9986662220740247 0.011964107676969093 9.983333333333333 0.3 0.7100000000000004
0.9986662220740247 0.007976071784646061 9.983333333333333 0.2 0.7200000000000004
0.9986662220740247 0.005982053838484547 9.983333333333333 0.15 0.7300000000000004
0.9986662220740247 0.005982053838484547 9.983333333333333 0.15 0.7400000000000004
0.9986662220740247 0.005982053838484547 9.983333333333333 0.15 0.7500000000000004
0.9986662220740247 0.004985044865403789 9.983333333333333 0.125 0.7600000000000005
0.9986662220740247 0.003988035892323031 9.983333333333333 0.1 0.7700000000000005
0.9986662220740247 0.003988035892323031 9.983333333333333 0.1 0.7800000000000005
0.9986662220740247 0.0029910269192422734 9.983333333333333 0.075 0.7900000000000005
0.9986662220740247 0.0029910269192422734 9.983333333333333 0.075 0.8000000000000005
0.9986662220740247 0.0029910269192422734 9.983333333333333 0.075 0.8100000000000005
0.9986662220740247 0.0029910269192422734 9.983333333333333 0.075 0.8200000000000005
0.9985550739135267 0.0029910269192422734 9.982222222222223 0.075 0.8300000000000005
0.9985550739135267 0.0029910269192422734 9.982222222222223 0.075 0.8400000000000005
0.9984439257530288 0.0029910269192422734 9.981111111111112 0.075 0.8500000000000005
0.9984439257530288 0.0029910269192422734 9.981111111111112 0.075 0.8600000000000005
0.9984439257530288 9.970089730807576E-4 9.981111111111112 0.025 0.8700000000000006
0.9984439257530288 9.970089730807576E-4 9.981111111111112 0.025 0.8800000000000006
0.9983327775925308 9.970089730807576E-4 9.98 0.025 0.8900000000000006
0.9983327775925308 0.0 9.98 0.0 0.9000000000000006
0.998110481271535 0.0 9.977777777777778 0.0 0.9100000000000006
0.998110481271535 0.0 9.977777777777778 0.0 0.9200000000000006
0.998110481271535 0.0 9.977777777777778 0.0 0.9300000000000006
0.998110481271535 0.0 9.977777777777778 0.0 0.9400000000000006
0.9979993331110371 0.0 9.976666666666667 0.0 0.9500000000000006
0.9979993331110371 0.0 9.976666666666667 0.0 0.9600000000000006
0.9979993331110371 0.0 9.976666666666667 0.0 0.9700000000000006
0.9977770367900411 0.0 9.974444444444444 0.0 0.9800000000000006
0.9962209625430699 0.0 9.95888888888889 0.0 0.9900000000000007
0.0 0.0 0.0 0.0
