1.0 1.0 22.4925 22.288888888888888 0.0
1.0 0.922233300099701 22.4925 20.555555555555557 0.01
1.0 0.8524426719840479 22.4925 19.0 0.02
1.0 0.8145563310069791 22.4925 18.155555555555555 0.03
1.0 0.7966101694915254 22.4925 17.755555555555556 0.04
1.0 0.7746759720837487 22.4925 17.266666666666666 0.05
1.0 0.7387836490528414 22.4925 16.466666666666665 0.060000000000000005
1.0 0.7387836490528414 22.4925 16.466666666666665 0.07
1.0 0.7208374875373879 22.4925 16.066666666666666 0.08
1.0 0.7098703888334995 22.4925 15.822222222222223 0.09
1.0 0.7008973080757727 22.4925 15.622222222222222 0.09999999999999999
1.0 0.6939182452642074 22.4925 15.466666666666667 0.10999999999999999
1.0 0.6869391824526421 22.4925 15.311111111111112 0.11999999999999998
1.0 0.6829511465603191 22.4925 15.222222222222221 0.12999999999999998
1.0 0.6739780658025922 22.4925 15.022222222222222 0.13999999999999999
1.0 0.6640079760717846 22.4925 14.8 0.15
1.0 0.6510468594217348 22.4925 14.511111111111111 0.16
1.0 0.6450648055832503 22.4925 14.377777777777778 0.17
1.0 0.6181455633100698 22.4925 13.777777777777779 0.18000000000000002
1.0 0.6061814556331007 22.4925 13.511111111111111 0.19000000000000003
1.0 0.6021934197407777 22.4925 13.422222222222222 0.20000000000000004
1.0 0.5932203389830508 22.4925 13.222222222222221 0.21000000000000005
1.0 0.5902293120638086 22.4925 13.155555555555555 0.22000000000000006
1.0 0.5832502492522432 22.4925 13.0 0.23000000000000007
1.0 0.580259222333001 22.4925 12.933333333333334 0.24000000000000007
1.0 0.5782652043868395 22.4925 12.88888888888889 0.25000000000000006
1.0 0.5752741774675972 22.4925 12.822222222222223 0.26000000000000006
1.0 0.5722831505483549 22.4925 12.755555555555556 0.2700000000000001
1.0 0.5692921236291126 22.4925 12.688888888888888 0.2800000000000001
1.0 0.5653040877367896 22.4925 12.6 0.2900000000000001
1.0 0.5643070787637089 22.4925 12.577777777777778 0.3000000000000001
1.0 0.5613160518444666 22.4925 12.511111111111111 0.3100000000000001
1.0 0.5573280159521435 22.4925 12.422222222222222 0.3200000000000001
1.0 0.5533399800598205 22.4925 12.333333333333334 0.3300000000000001
1.0 0.5473579262213359 22.4925 12.2 0.34000000000000014
1.0 0.5423728813559322 22.4925 12.088888888888889 0.35000000000000014
1.0 0.5363908275174477 22.4925 11.955555555555556 0.36000000000000015
1.0 0.5333998005982054 22.4925 11.88888888888889 0.37000000000000016
1.0 0.522432701894317 22.4925 11.644444444444444 0.38000000000000017
1.0 0.5194416749750748 22.4925 11.577777777777778 0.3900000000000002
1.0 0.5114656031904287 22.4925 11.4 0.4000000000000002
1.0 0.4985044865403789 22.4925 11.11111111111111 0.4100000000000002
1.0 0.48055832502492524 22.4925 10.71111111111111 0.4200000000000002
1.0 0.46560319042871384 22.4925 10.377777777777778 0.4300000000000002
1.0 0.4506480558325025 22.4925 10.044444444444444 0.4400000000000002
1.0 0.4406779661016949 22.4925 9.822222222222223 0.45000000000000023
1.0 0.4336989032901296 22.4925 9.666666666666666 0.46000000000000024
1.0 0.42771684945164506 22.4925 9.533333333333333 0.47000000000000025
1.0 0.4137587238285145 22.4925 9.222222222222221 0.48000000000000026
1.0 0.4057826520438684 22.4925 9.044444444444444 0.49000000000000027
1.0 0.39581256231306083 22.4925 8.822222222222223 0.5000000000000002
1.0 0.3918245264207378 22.4925 8.733333333333333 0.5100000000000002
1.0 0.3848454636091725 22.4925 8.577777777777778 0.5200000000000002
1.0 0.3818544366899302 22.4925 8.511111111111111 0.5300000000000002
1.0 0.37886340977068794 22.4925 8.444444444444445 0.5400000000000003
1.0 0.37587238285144564 22.4925 8.377777777777778 0.5500000000000003
1.0 0.3728813559322034 22.4925 8.311111111111112 0.5600000000000003
1.0 0.3708873379860419 22.4925 8.266666666666667 0.5700000000000003
1.0 0.3708873379860419 22.4925 8.266666666666667 0.5800000000000003
1.0 0.36889332003988035 22.4925 8.222222222222221 0.5900000000000003
1.0 0.36689930209371885 22.4925 8.177777777777777 0.6000000000000003
1.0 0.36490528414755735 22.4925 8.133333333333333 0.6100000000000003
1.0 0.3629112662013958 22.4925 8.088888888888889 0.6200000000000003
1.0 0.3589232303090728 22.4925 8.0 0.6300000000000003
1.0 0.35692921236291125 22.4925 7.955555555555556 0.6400000000000003
1.0 0.35194416749750745 22.4925 7.844444444444444 0.6500000000000004
1.0 0.34297108673978066 22.4925 7.644444444444445 0.6600000000000004
1.0 0.33599202392821537 22.4925 7.488888888888889 0.6700000000000004
1.0 0.325024925224327 22.4925 7.2444444444444445 0.6800000000000004
1.0 0.3120638085742772 22.4925 6.955555555555556 0.6900000000000004
1.0 0.3000997008973081 22.4925 6.688888888888889 0.7000000000000004
1.0 0.288135593220339 22.4925 6.4222222222222225 0.7100000000000004
1.0 0.25623130608175476 22.4925 5.711111111111111 0.7200000000000004
1.0 0.23529411764705882 22.4925 5.2444444444444445 0.7300000000000004
1.0 0.2073778664007976 22.4925 4.622222222222222 0.7400000000000004
1.0 0.18743768693918245 22.4925 4.177777777777778 0.7500000000000004
1.0 0.17248255234297108 22.4925 3.8444444444444446 0.7600000000000005
1.0 0.15653040877367896 22.4925 3.488888888888889 0.7700000000000005
1.0 0.13858424725822532 22.4925 3.088888888888889 0.7800000000000005
1.0 0.12362911266201396 22.4925 2.7555555555555555 0.7900000000000005
1.0 0.11465603190428714 22.4925 2.5555555555555554 0.8000000000000005
1.0 0.11166500498504486 22.4925 2.488888888888889 0.8100000000000005
0.999888851839502 0.10667996011964108 22.49 2.3777777777777778 0.8200000000000005
0.9995554073580082 0.0967098703888335 22.4825 2.1555555555555554 0.8300000000000005
0.9987773702345226 0.09371884346959122 22.465 2.088888888888889 0.8400000000000005
0.9979993331110371 0.09272183449651047 22.4475 2.066666666666667 0.8500000000000005
0.9969989996665555 0.08374875373878365 22.425 1.8666666666666667 0.8600000000000005
0.9954429254195843 0.07976071784646062 22.39 1.7777777777777777 0.8700000000000006
0.9932199622096254 0.07178464606181456 22.34 1.6 0.8800000000000006
0.990107813715683 0.05682951146560319 22.27 1.2666666666666666 0.8900000000000006
0.9878848505057242 0.047856430707876374 22.22 1.0666666666666667 0.9000000000000006
0.9833277759253084 0.03589232303090728 22.1175 0.8 0.9100000000000006
0.9809936645548516 0.022931206380857428 22.065 0.5111111111111111 0.9200000000000006
0.9788818495053907 0.01296111665004985 22.0175 0.28888888888888886 0.9300000000000006
0.9767700344559298 0.006979062811565304 21.97 0.15555555555555556 0.9400000000000006
0.9752139602089586 0.003988035892323031 21.935 0.08888888888888889 0.9500000000000006
0.9733244414804935 0.0 21.8925 0.0 0.9600000000000006
0.968322774258086 0.0 21.78 0.0 0.9700000000000006
0.9577636990107814 0.0 21.5425 0.0 0.9800000000000006
0.9195287317994887 0.0 20.6825 0.0 0.9900000000000007
0.0 0.0 0.0 0.0
