1.0 1.0 12.852857142857143 200.6 0.0
1.0 0.7537387836490529 12.852857142857143 151.2 0.01
1.0 0.6311066799601196 12.852857142857143 126.6 0.02
1.0 0.5862412761714856 12.852857142857143 117.6 0.03
1.0 0.5533399800598205 12.852857142857143 111.0 0.04
1.0 0.5284147557328016 12.852857142857143 106.0 0.05
1.0 0.4915254237288136 12.852857142857143 98.6 0.060000000000000005
1.0 0.4915254237288136 12.852857142857143 98.6 0.07
1.0 0.47058823529411764 12.852857142857143 94.4 0.08
1.0 0.45663010967098705 12.852857142857143 91.6 0.09
1.0 0.44466600199401796 12.852857142857143 89.2 0.09999999999999999
1.0 0.43270189431704886 12.852857142857143 86.8 0.10999999999999999
1.0 0.41774675972083747 12.852857142857143 83.8 0.11999999999999998
1.0 0.4087736789631107 12.852857142857143 82.0 0.12999999999999998
1.0 0.40279162512462613 12.852857142857143 80.8 0.13999999999999999
1.0 0.39282153539381853 12.852857142857143 78.8 0.15
1.0 0.38384845463609174 12.852857142857143 77.0 0.16
1.0 0.37587238285144564 12.852857142857143 75.4 0.17
1.0 0.3509471585244267 12.852857142857143 70.4 0.18000000000000002
1.0 0.3369890329012961 12.852857142857143 67.6 0.19000000000000003
1.0 0.32801595214356927 12.852857142857143 65.8 0.20000000000000004
1.0 0.3100697906281156 12.852857142857143 62.2 0.21000000000000005
1.0 0.3050847457627119 12.852857142857143 61.2 0.22000000000000006
1.0 0.3020937188434696 12.852857142857143 60.6 0.23000000000000007
1.0 0.29810568295114653 12.852857142857143 59.8 0.24000000000000007
1.0 0.29411764705882354 12.852857142857143 59.0 0.25000000000000006
1.0 0.2931206380857428 12.852857142857143 58.8 0.26000000000000006
1.0 0.2931206380857428 12.852857142857143 58.8 0.2700000000000001
1.0 0.2901296111665005 12.852857142857143 58.2 0.2800000000000001
1.0 0.28614157527417744 12.852857142857143 57.4 0.2900000000000001
1.0 0.2851445663010967 12.852857142857143 57.2 0.3000000000000001
1.0 0.2831505483549352 12.852857142857143 56.8 0.3100000000000001
1.0 0.2811565304087737 12.852857142857143 56.4 0.3200000000000001
1.0 0.27716849451645065 12.852857142857143 55.6 0.3300000000000001
1.0 0.2731804586241276 12.852857142857143 54.8 0.34000000000000014
1.0 0.2711864406779661 12.852857142857143 54.4 0.35000000000000014
1.0 0.26719840478564305 12.852857142857143 53.6 0.36000000000000015
1.0 0.26520438683948155 12.852857142857143 53.2 0.37000000000000016
1.0 0.259222333000997 12.852857142857143 52.0 0.38000000000000017
1.0 0.2542372881355932 12.852857142857143 51.0 0.3900000000000002
1.0 0.2502492522432702 12.852857142857143 50.2 0.4000000000000002
1.0 0.24227318045862412 12.852857142857143 48.6 0.4100000000000002
1.0 0.2382851445663011 12.852857142857143 47.8 0.4200000000000002
1.0 0.22931206380857427 12.852857142857143 46.0 0.4300000000000002
1.0 0.22333000997008973 12.852857142857143 44.8 0.4400000000000002
1.0 0.21136590229312063 12.852857142857143 42.4 0.45000000000000023
1.0 0.20438683948155534 12.852857142857143 41.0 0.46000000000000024
1.0 0.19940179461615154 12.852857142857143 40.0 0.47000000000000025
1.0 0.193419740777667 12.852857142857143 38.8 0.48000000000000026
1.0 0.18544366899302095 12.852857142857143 37.2 0.49000000000000027
1.0 0.18245264207377868 12.852857142857143 36.6 0.5000000000000002
1.0 0.17846460618145563 12.852857142857143 35.8 0.5100000000000002
1.0 0.17547357926221335 12.852857142857143 35.2 0.5200000000000002
1.0 0.17248255234297108 12.852857142857143 34.6 0.5300000000000002
1.0 0.17148554336989033 12.852857142857143 34.4 0.5400000000000003
1.0 0.17048853439680958 12.852857142857143 34.2 0.5500000000000003
1.0 0.16650049850448653 12.852857142857143 33.4 0.5600000000000003
1.0 0.16650049850448653 12.852857142857143 33.4 0.5700000000000003
1.0 0.16650049850448653 12.852857142857143 33.4 0.5800000000000003
1.0 0.1625124626121635 12.852857142857143 32.6 0.5900000000000003
1.0 0.16151545363908276 12.852857142857143 32.4 0.6000000000000003
1.0 0.16051844466600199 12.852857142857143 32.2 0.6100000000000003
1.0 0.16051844466600199 12.852857142857143 32.2 0.6200000000000003
1.0 0.1585244267198405 12.852857142857143 31.8 0.6300000000000003
1.0 0.1575274177467597 12.852857142857143 31.6 0.6400000000000003
1.0 0.1575274177467597 12.852857142857143 31.6 0.6500000000000004
1.0 0.15653040877367896 12.852857142857143 31.4 0.6600000000000004
1.0 0.15154536390827517 12.852857142857143 30.4 0.6700000000000004
1.0 0.14356929212362912 12.852857142857143 28.8 0.6800000000000004
1.0 0.14057826520438685 12.852857142857143 28.2 0.6900000000000004
1.0 0.1296111665004985 12.852857142857143 26.0 0.7000000000000004
1.0 0.12662013958125623 12.852857142857143 25.4 0.7100000000000004
1.0 0.11764705882352941 12.852857142857143 23.6 0.7200000000000004
1.0 0.11166500498504486 12.852857142857143 22.4 0.7300000000000004
1.0 0.0967098703888335 12.852857142857143 19.4 0.7400000000000004
1.0 0.09172482552342971 12.852857142857143 18.4 0.7500000000000004
1.0 0.07976071784646062 12.852857142857143 16.0 0.7600000000000005
1.0 0.07178464606181456 12.852857142857143 14.4 0.7700000000000005
1.0 0.06779661016949153 12.852857142857143 13.6 0.7800000000000005
1.0 0.06480558325024925 12.852857142857143 13.0 0.7900000000000005
1.0 0.06181455633100698 12.852857142857143 12.4 0.8000000000000005
1.0 0.06181455633100698 12.852857142857143 12.4 0.8100000000000005
1.0 0.05982053838484546 12.852857142857143 12.0 0.8200000000000005
0.999888851839502 0.058823529411764705 12.851428571428572 11.8 0.8300000000000005
0.9997777036790041 0.054835493519441676 12.85 11.0 0.8400000000000005
0.9996665555185061 0.053838484546360914 12.848571428571429 10.8 0.8500000000000005
0.9995554073580082 0.05084745762711865 12.847142857142858 10.2 0.8600000000000005
0.9994442591975102 0.047856430707876374 12.845714285714285 9.6 0.8700000000000006
0.9991108147160165 0.0448654037886341 12.84142857142857 9.0 0.8800000000000006
0.9989996665555185 0.04287138584247258 12.84 8.6 0.8900000000000006
0.9983327775925308 0.03788634097706879 12.831428571428571 7.6 0.9000000000000006
0.9979993331110371 0.03090727816550349 12.827142857142857 6.2 0.9100000000000006
0.9977770367900411 0.026919242273180457 12.824285714285715 5.4 0.9200000000000006
0.9974435923085473 0.02193419740777667 12.82 4.4 0.9300000000000006
0.9971101478270534 0.01794616151545364 12.815714285714286 3.6 0.9400000000000006
0.9968878515060575 0.015952143569292122 12.812857142857142 3.2 0.9500000000000006
0.9962209625430699 0.009970089730807577 12.804285714285715 2.0 0.9600000000000006
0.9952206290985884 0.007976071784646061 12.791428571428572 1.6 0.9700000000000006
0.9927753695676337 0.005982053838484547 12.76 1.2 0.9800000000000006
0.9852172946537735 0.0019940179461615153 12.662857142857144 0.4 0.9900000000000007
0.0 0.0 0.0 0.0
