1.0 1.0 89.97 3.2885245901639344 0.0
1.0 0.9990029910269193 89.97 3.2852459016393443 0.01
1.0 0.9920239282153539 89.97 3.262295081967213 0.02
1.0 0.9870388833499502 89.97 3.2459016393442623 0.03
1.0 0.9830508474576272 89.97 3.232786885245902 0.04
1.0 0.9800598205383848 89.97 3.222950819672131 0.05
1.0 0.9680957128614157 89.97 3.183606557377049 0.060000000000000005
1.0 0.9680957128614157 89.97 3.183606557377049 0.07
1.0 0.9651046859421735 89.97 3.1737704918032787 0.08
1.0 0.9621136590229312 89.97 3.1639344262295084 0.09
1.0 0.9571286141575274 89.97 3.1475409836065573 0.09999999999999999
1.0 0.9541375872382851 89.97 3.137704918032787 0.10999999999999999
1.0 0.9541375872382851 89.97 3.137704918032787 0.11999999999999998
1.0 0.9521435692921236 89.97 3.1311475409836067 0.12999999999999998
1.0 0.9521435692921236 89.97 3.1311475409836067 0.13999999999999999
1.0 0.9511465603190429 89.97 3.1278688524590166 0.15
1.0 0.9481555333998006 89.97 3.1180327868852458 0.16
1.0 0.9461615154536391 89.97 3.1114754098360655 0.17
1.0 0.9441674975074775 89.97 3.1049180327868853 0.18000000000000002
1.0 0.942173479561316 89.97 3.098360655737705 0.19000000000000003
1.0 0.942173479561316 89.97 3.098360655737705 0.20000000000000004
1.0 0.9361914257228315 89.97 3.078688524590164 0.21000000000000005
1.0 0.93419740777667 89.97 3.0721311475409836 0.22000000000000006
1.0 0.9322033898305084 89.97 3.0655737704918034 0.23000000000000007
1.0 0.9322033898305084 89.97 3.0655737704918034 0.24000000000000007
1.0 0.9322033898305084 89.97 3.0655737704918034 0.25000000000000006
1.0 0.9322033898305084 89.97 3.0655737704918034 0.26000000000000006
1.0 0.9322033898305084 89.97 3.0655737704918034 0.2700000000000001
1.0 0.9322033898305084 89.97 3.0655737704918034 0.2800000000000001
1.0 0.9322033898305084 89.97 3.0655737704918034 0.2900000000000001
1.0 0.9322033898305084 89.97 3.0655737704918034 0.3000000000000001
1.0 0.9322033898305084 89.97 3.0655737704918034 0.3100000000000001
1.0 0.9322033898305084 89.97 3.0655737704918034 0.3200000000000001
1.0 0.9322033898305084 89.97 3.0655737704918034 0.3300000000000001
1.0 0.9322033898305084 89.97 3.0655737704918034 0.34000000000000014
1.0 0.9322033898305084 89.97 3.0655737704918034 0.35000000000000014
1.0 0.9262213359920239 89.97 3.045901639344262 0.36000000000000015
1.0 0.9262213359920239 89.97 3.045901639344262 0.37000000000000016
1.0 0.9242273180458624 89.97 3.039344262295082 0.38000000000000017
1.0 0.9242273180458624 89.97 3.039344262295082 0.3900000000000002
1.0 0.922233300099701 89.97 3.0327868852459017 0.4000000000000002
1.0 0.9202392821535393 89.97 3.0262295081967214 0.4100000000000002
1.0 0.9192422731804586 89.97 3.0229508196721313 0.4200000000000002
1.0 0.9152542372881356 89.97 3.0098360655737704 0.4300000000000002
1.0 0.909272183449651 89.97 2.9901639344262296 0.4400000000000002
1.0 0.9072781655034895 89.97 2.9836065573770494 0.45000000000000023
1.0 0.905284147557328 89.97 2.9770491803278687 0.46000000000000024
1.0 0.905284147557328 89.97 2.9770491803278687 0.47000000000000025
1.0 0.9002991026919243 89.97 2.960655737704918 0.48000000000000026
1.0 0.8983050847457628 89.97 2.954098360655738 0.49000000000000027
1.0 0.8943170488534397 89.97 2.940983606557377 0.5000000000000002
1.0 0.8913260219341974 89.97 2.9311475409836065 0.5100000000000002
1.0 0.8893320039880359 89.97 2.9245901639344263 0.5200000000000002
1.0 0.8873379860418744 89.97 2.918032786885246 0.5300000000000002
1.0 0.8873379860418744 89.97 2.918032786885246 0.5400000000000003
1.0 0.8863409770687937 89.97 2.914754098360656 0.5500000000000003
1.0 0.8853439680957128 89.97 2.911475409836066 0.5600000000000003
1.0 0.8853439680957128 89.97 2.911475409836066 0.5700000000000003
1.0 0.8843469591226321 89.97 2.908196721311475 0.5800000000000003
1.0 0.8833499501495513 89.97 2.904918032786885 0.5900000000000003
1.0 0.8813559322033898 89.97 2.898360655737705 0.6000000000000003
1.0 0.8813559322033898 89.97 2.898360655737705 0.6100000000000003
1.0 0.8813559322033898 89.97 2.898360655737705 0.6200000000000003
1.0 0.8793619142572283 89.97 2.8918032786885246 0.6300000000000003
1.0 0.8783649052841476 89.97 2.8885245901639345 0.6400000000000003
1.0 0.8733798604187437 89.97 2.8721311475409834 0.6500000000000004
1.0 0.8703888334995015 89.97 2.862295081967213 0.6600000000000004
1.0 0.864406779661017 89.97 2.8426229508196723 0.6700000000000004
1.0 0.8554336989032901 89.97 2.8131147540983608 0.6800000000000004
1.0 0.8454636091724825 89.97 2.780327868852459 0.6900000000000004
1.0 0.8334995014955134 89.97 2.740983606557377 0.7000000000000004
1.0 0.8235294117647058 89.97 2.7081967213114755 0.7100000000000004
1.0 0.80259222333001 89.97 2.639344262295082 0.7200000000000004
1.0 0.7906281156530409 89.97 2.6 0.7300000000000004
1.0 0.7786640079760718 89.97 2.560655737704918 0.7400000000000004
1.0 0.7686939182452642 89.97 2.5278688524590165 0.7500000000000004
1.0 0.7507477567298105 89.97 2.4688524590163934 0.7600000000000005
0.999888851839502 0.7407776669990029 89.96 2.4360655737704917 0.7700000000000005
0.9996665555185061 0.7337986041874377 89.94 2.413114754098361 0.7800000000000005
0.9991108147160165 0.7268195413758723 89.89 2.3901639344262295 0.7900000000000005
0.9984439257530288 0.7198404785643071 89.83 2.3672131147540982 0.8000000000000005
0.9965544070245638 0.715852442671984 89.66 2.3540983606557377 0.8100000000000005
0.9936645548516172 0.7128614157527418 89.4 2.3442622950819674 0.8200000000000005
0.9888851839502056 0.7018943170488534 88.97 2.3081967213114756 0.8300000000000005
0.978214960542403 0.6879361914257228 88.01 2.262295081967213 0.8400000000000005
0.962320773591197 0.6719840478564307 86.58 2.2098360655737705 0.8500000000000005
0.9399799933311104 0.6201395812562313 84.57 2.039344262295082 0.8600000000000005
0.9025230632433033 0.5672981056829511 81.2 1.8655737704918032 0.8700000000000006
0.8529509836612204 0.5024925224327019 76.74 1.6524590163934427 0.8800000000000006
0.7914860509058576 0.4307078763708873 71.21 1.4163934426229507 0.8900000000000006
0.7261309325330666 0.3369890329012961 65.33 1.1081967213114754 0.9000000000000006
0.6567744803823496 0.2432701894317049 59.09 0.8 0.9100000000000006
0.594864954984995 0.17048853439680958 53.52 0.5606557377049181 0.9200000000000006
0.5525175058352785 0.12063808574277168 49.71 0.39672131147540984 0.9300000000000006
0.515838612870957 0.0897308075772682 46.41 0.29508196721311475 0.9400000000000006
0.49094142491941756 0.06679960119641076 44.17 0.21967213114754097 0.9500000000000006
0.4748249416472157 0.0518444666001994 42.72 0.17049180327868851 0.9600000000000006
0.4577081249305324 0.049850448654037885 41.18 0.16393442622950818 0.9700000000000006
0.424919417583639 0.049850448654037885 38.23 0.16393442622950818 0.9800000000000006
0.34589307546960096 0.049850448654037885 31.12 0.16393442622950818 0.9900000000000007
0.0 0.0 0.0 0.0
