1.0 1.0 89.97 33.43333333333333 0.0
1.0 0.9980059820538385 89.97 33.36666666666667 0.01
1.0 0.9940179461615155 89.97 33.233333333333334 0.02
1.0 0.9940179461615155 89.97 33.233333333333334 0.03
1.0 0.9930209371884346 89.97 33.2 0.04
1.0 0.9930209371884346 89.97 33.2 0.05
1.0 0.9890329012961117 89.97 33.06666666666667 0.060000000000000005
1.0 0.9890329012961117 89.97 33.06666666666667 0.07
1.0 0.9840478564307079 89.97 32.9 0.08
1.0 0.9800598205383848 89.97 32.766666666666666 0.09
1.0 0.9790628115653041 89.97 32.733333333333334 0.09999999999999999
1.0 0.9760717846460618 89.97 32.63333333333333 0.10999999999999999
1.0 0.9750747756729811 89.97 32.6 0.11999999999999998
1.0 0.9750747756729811 89.97 32.6 0.12999999999999998
1.0 0.9740777666999003 89.97 32.56666666666667 0.13999999999999999
1.0 0.9740777666999003 89.97 32.56666666666667 0.15
1.0 0.9730807577268196 89.97 32.53333333333333 0.16
1.0 0.9730807577268196 89.97 32.53333333333333 0.17
1.0 0.9720837487537388 89.97 32.5 0.18000000000000002
1.0 0.9710867397806581 89.97 32.46666666666667 0.19000000000000003
1.0 0.9700897308075773 89.97 32.43333333333333 0.20000000000000004
1.0 0.9690927218344965 89.97 32.4 0.21000000000000005
1.0 0.9690927218344965 89.97 32.4 0.22000000000000006
1.0 0.9690927218344965 89.97 32.4 0.23000000000000007
1.0 0.9690927218344965 89.97 32.4 0.24000000000000007
1.0 0.9690927218344965 89.97 32.4 0.25000000000000006
1.0 0.9690927218344965 89.97 32.4 0.26000000000000006
1.0 0.9690927218344965 89.97 32.4 0.2700000000000001
1.0 0.9680957128614157 89.97 32.36666666666667 0.2800000000000001
1.0 0.9680957128614157 89.97 32.36666666666667 0.2900000000000001
1.0 0.9680957128614157 89.97 32.36666666666667 0.3000000000000001
1.0 0.9680957128614157 89.97 32.36666666666667 0.3100000000000001
1.0 0.9680957128614157 89.97 32.36666666666667 0.3200000000000001
1.0 0.9680957128614157 89.97 32.36666666666667 0.3300000000000001
1.0 0.9680957128614157 89.97 32.36666666666667 0.34000000000000014
1.0 0.9680957128614157 89.97 32.36666666666667 0.35000000000000014
1.0 0.967098703888335 89.97 32.333333333333336 0.36000000000000015
1.0 0.967098703888335 89.97 32.333333333333336 0.37000000000000016
1.0 0.9641076769690927 89.97 32.233333333333334 0.38000000000000017
1.0 0.9641076769690927 89.97 32.233333333333334 0.3900000000000002
1.0 0.963110667996012 89.97 32.2 0.4000000000000002
1.0 0.9601196410767697 89.97 32.1 0.4100000000000002
1.0 0.9541375872382851 89.97 31.9 0.4200000000000002
1.0 0.9531405782652044 89.97 31.866666666666667 0.4300000000000002
1.0 0.9511465603190429 89.97 31.8 0.4400000000000002
1.0 0.9501495513459621 89.97 31.766666666666666 0.45000000000000023
1.0 0.9491525423728814 89.97 31.733333333333334 0.46000000000000024
1.0 0.9471585244267199 89.97 31.666666666666668 0.47000000000000025
1.0 0.9451645064805583 89.97 31.6 0.48000000000000026
1.0 0.942173479561316 89.97 31.5 0.49000000000000027
1.0 0.942173479561316 89.97 31.5 0.5000000000000002
1.0 0.9411764705882353 89.97 31.466666666666665 0.5100000000000002
1.0 0.9401794616151545 89.97 31.433333333333334 0.5200000000000002
1.0 0.9401794616151545 89.97 31.433333333333334 0.5300000000000002
1.0 0.9401794616151545 89.97 31.433333333333334 0.5400000000000003
1.0 0.9391824526420738 89.97 31.4 0.5500000000000003
1.0 0.938185443668993 89.97 31.366666666666667 0.5600000000000003
1.0 0.938185443668993 89.97 31.366666666666667 0.5700000000000003
1.0 0.938185443668993 89.97 31.366666666666667 0.5800000000000003
1.0 0.938185443668993 89.97 31.366666666666667 0.5900000000000003
1.0 0.9371884346959123 89.97 31.333333333333332 0.6000000000000003
1.0 0.9361914257228315 89.97 31.3 0.6100000000000003
1.0 0.9361914257228315 89.97 31.3 0.6200000000000003
1.0 0.9322033898305084 89.97 31.166666666666668 0.6300000000000003
1.0 0.9282153539381854 89.97 31.033333333333335 0.6400000000000003
1.0 0.9252243270189432 89.97 30.933333333333334 0.6500000000000004
1.0 0.9162512462612163 89.97 30.633333333333333 0.6600000000000004
1.0 0.9102691924227319 89.97 30.433333333333334 0.6700000000000004
1.0 0.8993020937188435 89.97 30.066666666666666 0.6800000000000004
1.0 0.8883349950149552 89.97 29.7 0.6900000000000004
1.0 0.8783649052841476 89.97 29.366666666666667 0.7000000000000004
1.0 0.8584247258225324 89.97 28.7 0.7100000000000004
1.0 0.8364905284147557 89.97 27.966666666666665 0.7200000000000004
1.0 0.8175473579262214 89.97 27.333333333333332 0.7300000000000004
1.0 0.8085742771684945 89.97 27.033333333333335 0.7400000000000004
1.0 0.7936191425722832 89.97 26.533333333333335 0.7500000000000004
1.0 0.7766699900299102 89.97 25.966666666666665 0.7600000000000005
0.9997777036790041 0.7676969092721835 89.95 25.666666666666668 0.7700000000000005
0.9996665555185061 0.7577268195413759 89.94 25.333333333333332 0.7800000000000005
0.9992219628765144 0.7467597208374875 89.9 24.966666666666665 0.7900000000000005
0.9983327775925308 0.744765702891326 89.82 24.9 0.8000000000000005
0.9962209625430699 0.7417746759720838 89.63 24.8 0.8100000000000005
0.9909969989996665 0.7407776669990029 89.16 24.766666666666666 0.8200000000000005
0.9841058130487941 0.7318045862412762 88.54 24.466666666666665 0.8300000000000005
0.9726575525175059 0.7198404785643071 87.51 24.066666666666666 0.8400000000000005
0.9513171057019006 0.7038883349950149 85.59 23.533333333333335 0.8500000000000005
0.916972324108036 0.6590229312063809 82.5 22.033333333333335 0.8600000000000005
0.8690674669334223 0.6041874376869392 78.19 20.2 0.8700000000000006
0.808380571301545 0.5314057826520439 72.73 17.766666666666666 0.8800000000000006
0.73135489607647 0.45363908275174475 65.8 15.166666666666666 0.8900000000000006
0.6486606646659998 0.33300099700897307 58.36 11.133333333333333 0.9000000000000006
0.5683005446259864 0.23030907278165502 51.13 7.7 0.9100000000000006
0.5001667222407469 0.14456630109670987 45.0 4.833333333333333 0.9200000000000006
0.448593975769701 0.07876370887337986 40.36 2.6333333333333333 0.9300000000000006
0.4089140824719351 0.038883349950149554 36.79 1.3 0.9400000000000006
0.38512837612537515 0.01694915254237288 34.65 0.5666666666666667 0.9500000000000006
0.3687895965321774 0.003988035892323031 33.18 0.13333333333333333 0.9600000000000006
0.3571190396798933 9.970089730807576E-4 32.13 0.03333333333333333 0.9700000000000006
0.3237745915305102 9.970089730807576E-4 29.13 0.03333333333333333 0.9800000000000006
0.23474491497165723 0.0 21.12 0.0 0.9900000000000007
0.0 0.0 0.0 0.0
