1.0 1.0 29.99 20.06 0.0
1.0 0.9611166500498505 29.99 19.28 0.01
1.0 0.9102691924227319 29.99 18.26 0.02
1.0 0.8693918245264207 29.99 17.44 0.03
1.0 0.8424725822532403 29.99 16.9 0.04
1.0 0.8225324027916251 29.99 16.5 0.05
1.0 0.8045862412761715 29.99 16.14 0.060000000000000005
1.0 0.8045862412761715 29.99 16.14 0.07
1.0 0.7886340977068793 29.99 15.82 0.08
1.0 0.7816550348953141 29.99 15.68 0.09
1.0 0.7686939182452642 29.99 15.42 0.09999999999999999
1.0 0.7587238285144566 29.99 15.22 0.10999999999999999
1.0 0.7547357926221336 29.99 15.14 0.11999999999999998
1.0 0.752741774675972 29.99 15.1 0.12999999999999998
1.0 0.7497507477567298 29.99 15.04 0.13999999999999999
1.0 0.7437686939182453 29.99 14.92 0.15
1.0 0.7347956131605184 29.99 14.74 0.16
1.0 0.7288135593220338 29.99 14.62 0.17
1.0 0.7138584247258225 29.99 14.32 0.18000000000000002
1.0 0.7058823529411765 29.99 14.16 0.19000000000000003
1.0 0.6999002991026919 29.99 14.04 0.20000000000000004
1.0 0.6929212362911267 29.99 13.9 0.21000000000000005
1.0 0.6899302093718843 29.99 13.84 0.22000000000000006
1.0 0.6879361914257228 29.99 13.8 0.23000000000000007
1.0 0.678963110667996 29.99 13.62 0.24000000000000007
1.0 0.6779661016949152 29.99 13.6 0.25000000000000006
1.0 0.6729810568295115 29.99 13.5 0.26000000000000006
1.0 0.6699900299102692 29.99 13.44 0.2700000000000001
1.0 0.6660019940179461 29.99 13.36 0.2800000000000001
1.0 0.6620139581256231 29.99 13.28 0.2900000000000001
1.0 0.6590229312063809 29.99 13.22 0.3000000000000001
1.0 0.6560319042871385 29.99 13.16 0.3100000000000001
1.0 0.6530408773678963 29.99 13.1 0.3200000000000001
1.0 0.6510468594217348 29.99 13.06 0.3300000000000001
1.0 0.6480558325024925 29.99 13.0 0.34000000000000014
1.0 0.6450648055832503 29.99 12.94 0.35000000000000014
1.0 0.6430707876370887 29.99 12.9 0.36000000000000015
1.0 0.6390827517447657 29.99 12.82 0.37000000000000016
1.0 0.6360917248255235 29.99 12.76 0.38000000000000017
1.0 0.6271186440677966 29.99 12.58 0.3900000000000002
1.0 0.6241276171485544 29.99 12.52 0.4000000000000002
1.0 0.6121635094715853 29.99 12.28 0.4100000000000002
1.0 0.6041874376869392 29.99 12.12 0.4200000000000002
1.0 0.5992023928215354 29.99 12.02 0.4300000000000002
1.0 0.5892323030907278 29.99 11.82 0.4400000000000002
1.0 0.5792622133599202 29.99 11.62 0.45000000000000023
1.0 0.5722831505483549 29.99 11.48 0.46000000000000024
1.0 0.5663010967098704 29.99 11.36 0.47000000000000025
1.0 0.5543369890329013 29.99 11.12 0.48000000000000026
1.0 0.5483549351944168 29.99 11.0 0.49000000000000027
1.0 0.543369890329013 29.99 10.9 0.5000000000000002
1.0 0.5363908275174477 29.99 10.76 0.5100000000000002
1.0 0.5314057826520439 29.99 10.66 0.5200000000000002
1.0 0.5244267198404786 29.99 10.52 0.5300000000000002
1.0 0.5214356929212363 29.99 10.46 0.5400000000000003
1.0 0.5194416749750748 29.99 10.42 0.5500000000000003
1.0 0.5174476570289133 29.99 10.38 0.5600000000000003
1.0 0.5154536390827518 29.99 10.34 0.5700000000000003
1.0 0.5134596211365903 29.99 10.3 0.5800000000000003
1.0 0.5124626121635095 29.99 10.28 0.5900000000000003
1.0 0.5114656031904287 29.99 10.26 0.6000000000000003
1.0 0.5074775672981057 29.99 10.18 0.6100000000000003
1.0 0.5004985044865404 29.99 10.04 0.6200000000000003
1.0 0.4985044865403789 29.99 10.0 0.6300000000000003
1.0 0.4945164506480558 29.99 9.92 0.6400000000000003
1.0 0.48953140578265203 29.99 9.82 0.6500000000000004
1.0 0.48753738783649053 29.99 9.78 0.6600000000000004
1.0 0.4785643070787637 29.99 9.6 0.6700000000000004
1.0 0.4695912263210369 29.99 9.42 0.6800000000000004
1.0 0.45862412761714855 29.99 9.2 0.6900000000000004
1.0 0.4456630109670987 29.99 8.94 0.7000000000000004
1.0 0.42971086739780656 29.99 8.62 0.7100000000000004
1.0 0.3988035892323031 29.99 8.0 0.7200000000000004
1.0 0.3778664007976072 29.99 7.58 0.7300000000000004
1.0 0.3659022931206381 29.99 7.34 0.7400000000000004
1.0 0.3509471585244267 29.99 7.04 0.7500000000000004
1.0 0.3349950149551346 29.99 6.72 0.7600000000000005
1.0 0.3240279162512463 29.99 6.5 0.7700000000000005
0.999888851839502 0.3100697906281156 29.986666666666668 6.22 0.7800000000000005
0.999888851839502 0.3000997008973081 29.986666666666668 6.02 0.7900000000000005
0.9997777036790041 0.2971086739780658 29.983333333333334 5.96 0.8000000000000005
0.9996665555185061 0.292123629112662 29.98 5.86 0.8100000000000005
0.9994442591975102 0.28913260219341974 29.973333333333333 5.8 0.8200000000000005
0.9988885183950206 0.2851445663010967 29.956666666666667 5.72 0.8300000000000005
0.9978881849505391 0.28015952143569295 29.926666666666666 5.62 0.8400000000000005
0.9963321107035679 0.2761714855433699 29.88 5.54 0.8500000000000005
0.9936645548516172 0.2612163509471585 29.8 5.24 0.8600000000000005
0.9898855173946871 0.2452642073778664 29.686666666666667 4.92 0.8700000000000006
0.9841058130487941 0.22731804586241275 29.513333333333332 4.56 0.8800000000000006
0.9756585528509503 0.20937188434695914 29.26 4.2 0.8900000000000006
0.9677670334555963 0.17547357926221335 29.023333333333333 3.52 0.9000000000000006
0.9606535511837279 0.14755732801595214 28.81 2.96 0.9100000000000006
0.9530954762698677 0.12362911266201396 28.583333333333332 2.48 0.9200000000000006
0.9474269200844726 0.1036889332003988 28.413333333333334 2.08 0.9300000000000006
0.9396465488496165 0.09172482552342971 28.18 1.84 0.9400000000000006
0.9343114371457152 0.08175473579262213 28.02 1.64 0.9500000000000006
0.9287540291208181 0.07876370887337986 27.85333333333333 1.58 0.9600000000000006
0.9191952873179949 0.07876370887337986 27.566666666666666 1.58 0.9700000000000006
0.8992997665888629 0.07876370887337986 26.97 1.58 0.9800000000000006
0.8437256863398911 0.07876370887337986 25.303333333333335 1.58 0.9900000000000007
0.0 0.0 0.0 0.0
