1.0 1.0 89.97 2.3057471264367817 0.0
1.0 0.996011964107677 89.97 2.296551724137931 0.01
1.0 0.9810568295114656 89.97 2.2620689655172415 0.02
1.0 0.9790628115653041 89.97 2.2574712643678163 0.03
1.0 0.9740777666999003 89.97 2.245977011494253 0.04
1.0 0.9700897308075773 89.97 2.2367816091954023 0.05
1.0 0.963110667996012 89.97 2.220689655172414 0.060000000000000005
1.0 0.963110667996012 89.97 2.220689655172414 0.07
1.0 0.9581256231306082 89.97 2.2091954022988505 0.08
1.0 0.9561316051844466 89.97 2.2045977011494253 0.09
1.0 0.9531405782652044 89.97 2.197701149425287 0.09999999999999999
1.0 0.9521435692921236 89.97 2.1954022988505746 0.10999999999999999
1.0 0.9521435692921236 89.97 2.1954022988505746 0.11999999999999998
1.0 0.9511465603190429 89.97 2.193103448275862 0.12999999999999998
1.0 0.9511465603190429 89.97 2.193103448275862 0.13999999999999999
1.0 0.9501495513459621 89.97 2.1908045977011494 0.15
1.0 0.9451645064805583 89.97 2.179310344827586 0.16
1.0 0.9441674975074775 89.97 2.1770114942528735 0.17
1.0 0.9411764705882353 89.97 2.170114942528736 0.18000000000000002
1.0 0.93419740777667 89.97 2.154022988505747 0.19000000000000003
1.0 0.9332003988035892 89.97 2.1517241379310343 0.20000000000000004
1.0 0.9292123629112662 89.97 2.142528735632184 0.21000000000000005
1.0 0.9272183449651047 89.97 2.1379310344827585 0.22000000000000006
1.0 0.9252243270189432 89.97 2.1333333333333333 0.23000000000000007
1.0 0.922233300099701 89.97 2.1264367816091956 0.24000000000000007
1.0 0.9212362911266201 89.97 2.1241379310344826 0.25000000000000006
1.0 0.9212362911266201 89.97 2.1241379310344826 0.26000000000000006
1.0 0.9212362911266201 89.97 2.1241379310344826 0.2700000000000001
1.0 0.9212362911266201 89.97 2.1241379310344826 0.2800000000000001
1.0 0.9202392821535393 89.97 2.12183908045977 0.2900000000000001
1.0 0.9202392821535393 89.97 2.12183908045977 0.3000000000000001
1.0 0.9202392821535393 89.97 2.12183908045977 0.3100000000000001
1.0 0.9192422731804586 89.97 2.1195402298850574 0.3200000000000001
1.0 0.9182452642073778 89.97 2.117241379310345 0.3300000000000001
1.0 0.9172482552342971 89.97 2.1149425287356323 0.34000000000000014
1.0 0.9172482552342971 89.97 2.1149425287356323 0.35000000000000014
1.0 0.9132602193419741 89.97 2.1057471264367815 0.36000000000000015
1.0 0.9112662013958126 89.97 2.1011494252873564 0.37000000000000016
1.0 0.9082751744765702 89.97 2.094252873563218 0.38000000000000017
1.0 0.9032901296111665 89.97 2.0827586206896553 0.3900000000000002
1.0 0.9022931206380858 89.97 2.0804597701149423 0.4000000000000002
1.0 0.8993020937188435 89.97 2.0735632183908046 0.4100000000000002
1.0 0.8913260219341974 89.97 2.0551724137931036 0.4200000000000002
1.0 0.8863409770687937 89.97 2.0436781609195402 0.4300000000000002
1.0 0.8813559322033898 89.97 2.032183908045977 0.4400000000000002
1.0 0.8753738783649053 89.97 2.018390804597701 0.45000000000000023
1.0 0.86839481555334 89.97 2.0022988505747126 0.46000000000000024
1.0 0.8673978065802592 89.97 2.0 0.47000000000000025
1.0 0.8654037886340977 89.97 1.9954022988505746 0.48000000000000026
1.0 0.864406779661017 89.97 1.993103448275862 0.49000000000000027
1.0 0.8614157527417746 89.97 1.986206896551724 0.5000000000000002
1.0 0.8584247258225324 89.97 1.9793103448275862 0.5100000000000002
1.0 0.8564307078763709 89.97 1.974712643678161 0.5200000000000002
1.0 0.8554336989032901 89.97 1.9724137931034482 0.5300000000000002
1.0 0.8524426719840479 89.97 1.9655172413793103 0.5400000000000003
1.0 0.8514456630109671 89.97 1.9632183908045977 0.5500000000000003
1.0 0.8504486540378864 89.97 1.9609195402298851 0.5600000000000003
1.0 0.8494516450648056 89.97 1.9586206896551723 0.5700000000000003
1.0 0.8494516450648056 89.97 1.9586206896551723 0.5800000000000003
1.0 0.847457627118644 89.97 1.9540229885057472 0.5900000000000003
1.0 0.8454636091724825 89.97 1.9494252873563218 0.6000000000000003
1.0 0.843469591226321 89.97 1.9448275862068964 0.6100000000000003
1.0 0.8414755732801595 89.97 1.9402298850574713 0.6200000000000003
1.0 0.8374875373878365 89.97 1.9310344827586208 0.6300000000000003
1.0 0.8334995014955134 89.97 1.92183908045977 0.6400000000000003
1.0 0.8305084745762712 89.97 1.914942528735632 0.6500000000000004
1.0 0.8195413758723828 89.97 1.889655172413793 0.6600000000000004
1.0 0.8125623130608175 89.97 1.8735632183908046 0.6700000000000004
1.0 0.7976071784646062 89.97 1.839080459770115 0.6800000000000004
1.0 0.7836490528414756 89.97 1.806896551724138 0.6900000000000004
1.0 0.7686939182452642 89.97 1.7724137931034483 0.7000000000000004
1.0 0.7507477567298105 89.97 1.7310344827586206 0.7100000000000004
1.0 0.7178464606181456 89.97 1.6551724137931034 0.7200000000000004
1.0 0.6989032901296112 89.97 1.6114942528735632 0.7300000000000004
1.0 0.6779661016949152 89.97 1.5632183908045978 0.7400000000000004
1.0 0.6550348953140578 89.97 1.5103448275862068 0.7500000000000004
1.0 0.6331006979062812 89.97 1.4597701149425288 0.7600000000000005
1.0 0.6181455633100698 89.97 1.4252873563218391 0.7700000000000005
0.9997777036790041 0.6041874376869392 89.95 1.393103448275862 0.7800000000000005
0.9996665555185061 0.5902293120638086 89.94 1.360919540229885 0.7900000000000005
0.9989996665555185 0.5852442671984048 89.88 1.349425287356322 0.8000000000000005
0.9975547404690452 0.5742771684945165 89.75 1.3241379310344827 0.8100000000000005
0.9955540735800823 0.5722831505483549 89.57 1.3195402298850574 0.8200000000000005
0.9906635545181727 0.5633100697906281 89.13 1.2988505747126438 0.8300000000000005
0.9829943314438147 0.555333998005982 88.44 1.2804597701149425 0.8400000000000005
0.968433922418584 0.5473579262213359 87.13 1.2620689655172415 0.8500000000000005
0.948538401689452 0.5064805583250249 85.34 1.167816091954023 0.8600000000000005
0.9179726575525176 0.4556331006979063 82.59 1.0505747126436782 0.8700000000000006
0.8740691341558298 0.4087736789631107 78.64 0.9425287356321839 0.8800000000000006
0.8236078692897633 0.35692921236291125 74.1 0.8229885057471265 0.8900000000000006
0.766700011114816 0.28215353938185445 68.98 0.6505747126436782 0.9000000000000006
0.7063465599644326 0.21136590229312063 63.55 0.48735632183908045 0.9100000000000006
0.6555518506168723 0.14955134596211367 58.98 0.3448275862068966 0.9200000000000006
0.618761809492053 0.09471585244267199 55.67 0.21839080459770116 0.9300000000000006
0.5879737690341225 0.0707876370887338 52.9 0.1632183908045977 0.9400000000000006
0.569078581749472 0.05782652043868395 51.2 0.13333333333333333 0.9500000000000006
0.5565188396132044 0.05084745762711865 50.07 0.11724137931034483 0.9600000000000006
0.5419584305879738 0.049850448654037885 48.76 0.11494252873563218 0.9700000000000006
0.5092808714015783 0.049850448654037885 45.82 0.11494252873563218 0.9800000000000006
0.40780260086695563 0.049850448654037885 36.69 0.11494252873563218 0.9900000000000007
0.0 0.0 0.0 0.0
