1.0 1.0 14.995 66.86666666666666 0.0
1.0 0.8444666001994018 14.995 56.46666666666667 0.01
1.0 0.7178464606181456 14.995 48.0 0.02
1.0 0.6799601196410767 14.995 45.46666666666667 0.03
1.0 0.6550348953140578 14.995 43.8 0.04
1.0 0.6360917248255235 14.995 42.53333333333333 0.05
1.0 0.5992023928215354 14.995 40.06666666666667 0.060000000000000005
1.0 0.5992023928215354 14.995 40.06666666666667 0.07
1.0 0.5912263210368893 14.995 39.53333333333333 0.08
1.0 0.5812562313060817 14.995 38.86666666666667 0.09
1.0 0.5752741774675972 14.995 38.46666666666667 0.09999999999999999
1.0 0.5623130608175474 14.995 37.6 0.10999999999999999
1.0 0.5543369890329013 14.995 37.06666666666667 0.11999999999999998
1.0 0.53938185443669 14.995 36.06666666666667 0.12999999999999998
1.0 0.5343968095712861 14.995 35.733333333333334 0.13999999999999999
1.0 0.5254237288135594 14.995 35.13333333333333 0.15
1.0 0.5194416749750748 14.995 34.733333333333334 0.16
1.0 0.5084745762711864 14.995 34.0 0.17
1.0 0.48753738783649053 14.995 32.6 0.18000000000000002
1.0 0.48055832502492524 14.995 32.13333333333333 0.19000000000000003
1.0 0.4745762711864407 14.995 31.733333333333334 0.20000000000000004
1.0 0.46061814556331004 14.995 30.8 0.21000000000000005
1.0 0.452642073778664 14.995 30.266666666666666 0.22000000000000006
1.0 0.4436689930209372 14.995 29.666666666666668 0.23000000000000007
1.0 0.43469591226321036 14.995 29.066666666666666 0.24000000000000007
1.0 0.4287138584247258 14.995 28.666666666666668 0.25000000000000006
1.0 0.423728813559322 14.995 28.333333333333332 0.26000000000000006
1.0 0.41774675972083747 14.995 27.933333333333334 0.2700000000000001
1.0 0.4147557328015952 14.995 27.733333333333334 0.2800000000000001
1.0 0.4107676969092722 14.995 27.466666666666665 0.2900000000000001
1.0 0.4097706879361914 14.995 27.4 0.3000000000000001
1.0 0.4057826520438684 14.995 27.133333333333333 0.3100000000000001
1.0 0.40079760717846463 14.995 26.8 0.3200000000000001
1.0 0.39780658025922233 14.995 26.6 0.3300000000000001
1.0 0.3948155533399801 14.995 26.4 0.34000000000000014
1.0 0.3918245264207378 14.995 26.2 0.35000000000000014
1.0 0.38584247258225324 14.995 25.8 0.36000000000000015
1.0 0.37886340977068794 14.995 25.333333333333332 0.37000000000000016
1.0 0.37587238285144564 14.995 25.133333333333333 0.38000000000000017
1.0 0.37188434695912265 14.995 24.866666666666667 0.3900000000000002
1.0 0.36390827517447655 14.995 24.333333333333332 0.4000000000000002
1.0 0.36191425722831505 14.995 24.2 0.4100000000000002
1.0 0.3489531405782652 14.995 23.333333333333332 0.4200000000000002
1.0 0.3419740777666999 14.995 22.866666666666667 0.4300000000000002
1.0 0.3339980059820538 14.995 22.333333333333332 0.4400000000000002
1.0 0.32901296111665007 14.995 22.0 0.45000000000000023
1.0 0.32103688933200397 14.995 21.466666666666665 0.46000000000000024
1.0 0.3140578265204387 14.995 21.0 0.47000000000000025
1.0 0.3070787637088734 14.995 20.533333333333335 0.48000000000000026
1.0 0.3050847457627119 14.995 20.4 0.49000000000000027
1.0 0.30109670987038883 14.995 20.133333333333333 0.5000000000000002
1.0 0.2971086739780658 14.995 19.866666666666667 0.5100000000000002
1.0 0.2931206380857428 14.995 19.6 0.5200000000000002
1.0 0.288135593220339 14.995 19.266666666666666 0.5300000000000002
1.0 0.28614157527417744 14.995 19.133333333333333 0.5400000000000003
1.0 0.2831505483549352 14.995 18.933333333333334 0.5500000000000003
1.0 0.2811565304087737 14.995 18.8 0.5600000000000003
1.0 0.27916251246261214 14.995 18.666666666666668 0.5700000000000003
1.0 0.2761714855433699 14.995 18.466666666666665 0.5800000000000003
1.0 0.27517447657028915 14.995 18.4 0.5900000000000003
1.0 0.2731804586241276 14.995 18.266666666666666 0.6000000000000003
1.0 0.27218344965104685 14.995 18.2 0.6100000000000003
1.0 0.27018943170488535 14.995 18.066666666666666 0.6200000000000003
1.0 0.26819541375872386 14.995 17.933333333333334 0.6300000000000003
1.0 0.26719840478564305 14.995 17.866666666666667 0.6400000000000003
1.0 0.2662013958125623 14.995 17.8 0.6500000000000004
1.0 0.259222333000997 14.995 17.333333333333332 0.6600000000000004
1.0 0.25623130608175476 14.995 17.133333333333333 0.6700000000000004
1.0 0.25324027916251246 14.995 16.933333333333334 0.6800000000000004
1.0 0.2472582253240279 14.995 16.533333333333335 0.6900000000000004
1.0 0.24227318045862412 14.995 16.2 0.7000000000000004
1.0 0.23230309072781655 14.995 15.533333333333333 0.7100000000000004
1.0 0.22432701894317048 14.995 15.0 0.7200000000000004
1.0 0.21335992023928216 14.995 14.266666666666667 0.7300000000000004
1.0 0.20438683948155534 14.995 13.666666666666666 0.7400000000000004
1.0 0.19641076769690927 14.995 13.133333333333333 0.7500000000000004
1.0 0.18943170488534397 14.995 12.666666666666666 0.7600000000000005
1.0 0.18245264207377868 14.995 12.2 0.7700000000000005
1.0 0.17347956131605186 14.995 11.6 0.7800000000000005
1.0 0.1694915254237288 14.995 11.333333333333334 0.7900000000000005
1.0 0.16350947158524426 14.995 10.933333333333334 0.8000000000000005
1.0 0.1575274177467597 14.995 10.533333333333333 0.8100000000000005
0.999888851839502 0.15653040877367896 14.993333333333334 10.466666666666667 0.8200000000000005
0.9997777036790041 0.1535393818544367 14.991666666666667 10.266666666666667 0.8300000000000005
0.9997777036790041 0.14955134596211367 14.991666666666667 10.0 0.8400000000000005
0.9995554073580082 0.14356929212362912 14.988333333333333 9.6 0.8500000000000005
0.9992219628765144 0.14257228315054835 14.983333333333333 9.533333333333333 0.8600000000000005
0.9988885183950206 0.13260219341974078 14.978333333333333 8.866666666666667 0.8700000000000006
0.9979993331110371 0.1296111665004985 14.965 8.666666666666666 0.8800000000000006
0.9972212959875514 0.12163509471585245 14.953333333333333 8.133333333333333 0.8900000000000006
0.9956652217405801 0.10667996011964108 14.93 7.133333333333334 0.9000000000000006
0.9937757030121152 0.10269192422731804 14.901666666666667 6.866666666666666 0.9100000000000006
0.9932199622096254 0.09172482552342971 14.893333333333333 6.133333333333334 0.9200000000000006
0.991997332444148 0.07876370887337986 14.875 5.266666666666667 0.9300000000000006
0.9912192953206624 0.06380857427716849 14.863333333333333 4.266666666666667 0.9400000000000006
0.990218961876181 0.06081754735792622 14.848333333333333 4.066666666666666 0.9500000000000006
0.9893297765921975 0.0518444666001994 14.835 3.466666666666667 0.9600000000000006
0.9873291097032344 0.04386839481555334 14.805 2.933333333333333 0.9700000000000006
0.9829943314438147 0.03589232303090728 14.74 2.4 0.9800000000000006
0.9689896632210737 0.02193419740777667 14.53 1.4666666666666666 0.9900000000000007
0.0 0.0 0.0 0.0
