1.0 1.0 12.852857142857143 25.075 0.0
1.0 0.6959122632103689 12.852857142857143 17.45 0.01
0.999888851839502 0.5623130608175474 12.851428571428572 14.1 0.02
0.999888851839502 0.5094715852442672 12.851428571428572 12.775 0.03
0.999888851839502 0.4865403788634098 12.851428571428572 12.2 0.04
0.999888851839502 0.4546360917248255 12.851428571428572 11.4 0.05
0.999888851839502 0.4107676969092722 12.851428571428572 10.3 0.060000000000000005
0.999888851839502 0.4107676969092722 12.851428571428572 10.3 0.07
0.999888851839502 0.39282153539381853 12.851428571428572 9.85 0.08
0.9997777036790041 0.37686939182452645 12.85 9.45 0.09
0.9997777036790041 0.36490528414755735 12.85 9.15 0.09999999999999999
0.9997777036790041 0.353938185443669 12.85 8.875 0.10999999999999999
0.9997777036790041 0.3419740777666999 12.85 8.575 0.11999999999999998
0.9997777036790041 0.3320039880358923 12.85 8.325 0.12999999999999998
0.9997777036790041 0.3240279162512463 12.85 8.125 0.13999999999999999
0.9997777036790041 0.3140578265204387 12.85 7.875 0.15
0.9997777036790041 0.30608175473579263 12.85 7.675 0.16
0.9997777036790041 0.2951146560319043 12.85 7.4 0.17
0.9997777036790041 0.2622133599202393 12.85 6.575 0.18000000000000002
0.9997777036790041 0.24825523429710866 12.85 6.225 0.19000000000000003
0.9997777036790041 0.23429710867397807 12.85 5.875 0.20000000000000004
0.9997777036790041 0.22532402791625125 12.85 5.65 0.21000000000000005
0.9997777036790041 0.21734795613160518 12.85 5.45 0.22000000000000006
0.9997777036790041 0.21335992023928216 12.85 5.35 0.23000000000000007
0.9997777036790041 0.20837487537387836 12.85 5.225 0.24000000000000007
0.9997777036790041 0.2023928215353938 12.85 5.075 0.25000000000000006
0.9997777036790041 0.1984047856430708 12.85 4.975 0.26000000000000006
0.9997777036790041 0.19441674975074777 12.85 4.875 0.2700000000000001
0.9997777036790041 0.19042871385842472 12.85 4.775 0.2800000000000001
0.9997777036790041 0.18943170488534397 12.85 4.75 0.2900000000000001
0.9997777036790041 0.18743768693918245 12.85 4.7 0.3000000000000001
0.9997777036790041 0.18544366899302095 12.85 4.65 0.3100000000000001
0.9997777036790041 0.18344965104685942 12.85 4.6 0.3200000000000001
0.9997777036790041 0.1794616151545364 12.85 4.5 0.3300000000000001
0.9997777036790041 0.1744765702891326 12.85 4.375 0.34000000000000014
0.9997777036790041 0.17148554336989033 12.85 4.3 0.35000000000000014
0.9997777036790041 0.17048853439680958 12.85 4.275 0.36000000000000015
0.9997777036790041 0.1674975074775673 12.85 4.2 0.37000000000000016
0.9997777036790041 0.16550348953140578 12.85 4.15 0.38000000000000017
0.9997777036790041 0.16051844466600199 12.85 4.025 0.3900000000000002
0.9997777036790041 0.1535393818544367 12.85 3.85 0.4000000000000002
0.9997777036790041 0.14755732801595214 12.85 3.7 0.4100000000000002
0.9997777036790041 0.14257228315054835 12.85 3.575 0.4200000000000002
0.9997777036790041 0.13260219341974078 12.85 3.325 0.4300000000000002
0.9997777036790041 0.12861415752741776 12.85 3.225 0.4400000000000002
0.9997777036790041 0.12362911266201396 12.85 3.1 0.45000000000000023
0.9997777036790041 0.1106679960119641 12.85 2.775 0.46000000000000024
0.9997777036790041 0.10568295114656032 12.85 2.65 0.47000000000000025
0.9997777036790041 0.09770687936191426 12.85 2.45 0.48000000000000026
0.9997777036790041 0.09571286141575275 12.85 2.4 0.49000000000000027
0.9997777036790041 0.09371884346959122 12.85 2.35 0.5000000000000002
0.9997777036790041 0.08873379860418744 12.85 2.225 0.5100000000000002
0.9997777036790041 0.08374875373878365 12.85 2.1 0.5200000000000002
0.9996665555185061 0.08075772681954138 12.848571428571429 2.025 0.5300000000000002
0.9996665555185061 0.07876370887337986 12.848571428571429 1.975 0.5400000000000003
0.9996665555185061 0.07676969092721835 12.848571428571429 1.925 0.5500000000000003
0.9996665555185061 0.07676969092721835 12.848571428571429 1.925 0.5600000000000003
0.9996665555185061 0.07577268195413758 12.848571428571429 1.9 0.5700000000000003
0.9996665555185061 0.07377866400797607 12.848571428571429 1.85 0.5800000000000003
0.9996665555185061 0.07377866400797607 12.848571428571429 1.85 0.5900000000000003
0.9996665555185061 0.07278165503489531 12.848571428571429 1.825 0.6000000000000003
0.9996665555185061 0.06979062811565304 12.848571428571429 1.75 0.6100000000000003
0.9996665555185061 0.06679960119641076 12.848571428571429 1.675 0.6200000000000003
0.9996665555185061 0.06181455633100698 12.848571428571429 1.55 0.6300000000000003
0.9996665555185061 0.06181455633100698 12.848571428571429 1.55 0.6400000000000003
0.9996665555185061 0.06081754735792622 12.848571428571429 1.525 0.6500000000000004
0.9996665555185061 0.05782652043868395 12.848571428571429 1.45 0.6600000000000004
0.9996665555185061 0.05583250249252243 12.848571428571429 1.4 0.6700000000000004
0.9996665555185061 0.05284147557328016 12.848571428571429 1.325 0.6800000000000004
0.9996665555185061 0.05084745762711865 12.848571428571429 1.275 0.6900000000000004
0.9996665555185061 0.047856430707876374 12.848571428571429 1.2 0.7000000000000004
0.9996665555185061 0.0448654037886341 12.848571428571429 1.125 0.7100000000000004
0.9996665555185061 0.03988035892323031 12.848571428571429 1.0 0.7200000000000004
0.9996665555185061 0.03489531405782652 12.848571428571429 0.875 0.7300000000000004
0.9996665555185061 0.03290129611166501 12.848571428571429 0.825 0.7400000000000004
0.9996665555185061 0.028913260219341975 12.848571428571429 0.725 0.7500000000000004
0.9996665555185061 0.0259222333000997 12.848571428571429 0.65 0.7600000000000005
0.9996665555185061 0.024925224327018942 12.848571428571429 0.625 0.7700000000000005
0.9996665555185061 0.024925224327018942 12.848571428571429 0.625 0.7800000000000005
0.9996665555185061 0.020937188434695914 12.848571428571429 0.525 0.7900000000000005
0.9996665555185061 0.019940179461615155 12.848571428571429 0.5 0.8000000000000005
0.9996665555185061 0.019940179461615155 12.848571428571429 0.5 0.8100000000000005
0.9996665555185061 0.019940179461615155 12.848571428571429 0.5 0.8200000000000005
0.9995554073580082 0.018943170488534396 12.847142857142858 0.475 0.8300000000000005
0.9995554073580082 0.01694915254237288 12.847142857142858 0.425 0.8400000000000005
0.9995554073580082 0.015952143569292122 12.847142857142858 0.4 0.8500000000000005
0.9995554073580082 0.015952143569292122 12.847142857142858 0.4 0.8600000000000005
0.9994442591975102 0.01296111665004985 12.845714285714285 0.325 0.8700000000000006
0.9987773702345226 0.011964107676969093 12.837142857142856 0.3 0.8800000000000006
0.9985550739135267 0.009970089730807577 12.834285714285715 0.25 0.8900000000000006
0.9979993331110371 0.00897308075772682 12.827142857142857 0.225 0.9000000000000006
0.9974435923085473 0.006979062811565304 12.82 0.175 0.9100000000000006
0.9966655551850617 0.003988035892323031 12.81 0.1 0.9200000000000006
0.9965544070245638 9.970089730807576E-4 12.808571428571428 0.025 0.9300000000000006
0.9965544070245638 9.970089730807576E-4 12.808571428571428 0.025 0.9400000000000006
0.9962209625430699 9.970089730807576E-4 12.804285714285715 0.025 0.9500000000000006
0.9955540735800823 0.0 12.795714285714286 0.0 0.9600000000000006
0.9944425919751028 0.0 12.781428571428572 0.0 0.9700000000000006
0.99188618428365 0.0 12.748571428571429 0.0 0.9800000000000006
0.9846615538512837 0.0 12.655714285714286 0.0 0.9900000000000007
0.0 0.0 0.0 0.0
