0 9.56 10000 9379.999999999864
0 11.78 10000 9443.49999999977
10 20.0 10000 9373.749999999825
0 13.470000000000002 10000 9378.759999999838
10 20.0 10000 9390.899999999834
20 20.0 10000 9389.799999999836
30 20.0 10000 9440.11999999978
0 9.559999999999999 10000 9401.949999999866
10 20.0 10000 9410.48999999977
20 20.0 10000 9385.599999999797
30 20.0 10000 9426.639999999818
40 20.0 10000 9424.689999999775
50 20.0 10000 9398.799999999837
0 9.21 10000 9404.449999999832
5 20.0 10000 9414.779999999813
10 20.0 10000 9408.779999999804
15 20.0 10000 9398.81999999982
20 20.0 10000 9393.279999999844
25 20.0 10000 9404.119999999826
30 20.0 10000 9406.139999999868
35 20.0 10000 9374.499999999887
40 20.0 10000 9418.449999999806
45 20.0 10000 9425.579999999782
50 20.0 10000 9395.139999999881
