1.0 1.0 17.994 40.12 0.0
1.0 0.8773678963110668 17.994 35.2 0.01
1.0 0.7806580259222333 17.994 31.32 0.02
1.0 0.7028913260219342 17.994 28.2 0.03
1.0 0.6650049850448654 17.994 26.68 0.04
1.0 0.6350947158524427 17.994 25.48 0.05
1.0 0.5932203389830508 17.994 23.8 0.060000000000000005
1.0 0.5932203389830508 17.994 23.8 0.07
1.0 0.576271186440678 17.994 23.12 0.08
1.0 0.5583250249252243 17.994 22.4 0.09
1.0 0.5473579262213359 17.994 21.96 0.09999999999999999
1.0 0.5363908275174477 17.994 21.52 0.10999999999999999
1.0 0.5314057826520439 17.994 21.32 0.11999999999999998
1.0 0.5214356929212363 17.994 20.92 0.12999999999999998
1.0 0.5124626121635095 17.994 20.56 0.13999999999999999
1.0 0.5054835493519442 17.994 20.28 0.15
1.0 0.4955134596211366 17.994 19.88 0.16
1.0 0.48554336989032904 17.994 19.48 0.17
1.0 0.46061814556331004 17.994 18.48 0.18000000000000002
1.0 0.4556331006979063 17.994 18.28 0.19000000000000003
1.0 0.4436689930209372 17.994 17.8 0.20000000000000004
1.0 0.43270189431704886 17.994 17.36 0.21000000000000005
1.0 0.4287138584247258 17.994 17.2 0.22000000000000006
1.0 0.42572283150548357 17.994 17.08 0.23000000000000007
1.0 0.423728813559322 17.994 17.0 0.24000000000000007
1.0 0.42073778664007977 17.994 16.88 0.25000000000000006
1.0 0.4167497507477567 17.994 16.72 0.26000000000000006
1.0 0.4137587238285145 17.994 16.6 0.2700000000000001
1.0 0.4107676969092722 17.994 16.48 0.2800000000000001
1.0 0.4107676969092722 17.994 16.48 0.2900000000000001
1.0 0.4067796610169492 17.994 16.32 0.3000000000000001
1.0 0.4067796610169492 17.994 16.32 0.3100000000000001
1.0 0.4047856430707876 17.994 16.24 0.3200000000000001
1.0 0.4047856430707876 17.994 16.24 0.3300000000000001
1.0 0.4017946161515454 17.994 16.12 0.34000000000000014
1.0 0.3968095712861416 17.994 15.92 0.35000000000000014
1.0 0.3918245264207378 17.994 15.72 0.36000000000000015
1.0 0.38783649052841473 17.994 15.56 0.37000000000000016
1.0 0.37886340977068794 17.994 15.2 0.38000000000000017
1.0 0.37188434695912265 17.994 14.92 0.3900000000000002
1.0 0.36390827517447655 17.994 14.6 0.4000000000000002
1.0 0.35692921236291125 17.994 14.32 0.4100000000000002
1.0 0.3509471585244267 17.994 14.08 0.4200000000000002
1.0 0.3419740777666999 17.994 13.72 0.4300000000000002
1.0 0.33300099700897307 17.994 13.36 0.4400000000000002
1.0 0.3240279162512463 17.994 13.0 0.45000000000000023
1.0 0.3180458624127617 17.994 12.76 0.46000000000000024
1.0 0.30807577268195413 17.994 12.36 0.47000000000000025
1.0 0.2971086739780658 17.994 11.92 0.48000000000000026
1.0 0.2951146560319043 17.994 11.84 0.49000000000000027
1.0 0.28913260219341974 17.994 11.6 0.5000000000000002
1.0 0.28414755732801594 17.994 11.4 0.5100000000000002
1.0 0.28015952143569295 17.994 11.24 0.5200000000000002
1.0 0.2781655034895314 17.994 11.16 0.5300000000000002
1.0 0.27517447657028915 17.994 11.04 0.5400000000000003
1.0 0.2741774675972084 17.994 11.0 0.5500000000000003
1.0 0.27018943170488535 17.994 10.84 0.5600000000000003
1.0 0.26819541375872386 17.994 10.76 0.5700000000000003
1.0 0.26520438683948155 17.994 10.64 0.5800000000000003
1.0 0.26520438683948155 17.994 10.64 0.5900000000000003
1.0 0.2622133599202393 17.994 10.52 0.6000000000000003
1.0 0.26021934197407776 17.994 10.44 0.6100000000000003
1.0 0.2572283150548355 17.994 10.32 0.6200000000000003
1.0 0.25523429710867396 17.994 10.24 0.6300000000000003
1.0 0.2472582253240279 17.994 9.92 0.6400000000000003
1.0 0.24426719840478564 17.994 9.8 0.6500000000000004
1.0 0.24027916251246262 17.994 9.64 0.6600000000000004
0.999888851839502 0.23230309072781655 17.992 9.32 0.6700000000000004
0.999888851839502 0.22731804586241275 17.992 9.12 0.6800000000000004
0.999888851839502 0.21834496510468593 17.992 8.76 0.6900000000000004
0.999888851839502 0.20937188434695914 17.992 8.4 0.7000000000000004
0.999888851839502 0.193419740777667 17.992 7.76 0.7100000000000004
0.999888851839502 0.17547357926221335 17.992 7.04 0.7200000000000004
0.999888851839502 0.16550348953140578 17.992 6.64 0.7300000000000004
0.999888851839502 0.15553339980059822 17.992 6.24 0.7400000000000004
0.999888851839502 0.14456630109670987 17.992 5.8 0.7500000000000004
0.999888851839502 0.13858424725822532 17.992 5.56 0.7600000000000005
0.999888851839502 0.12462612163509472 17.992 5.0 0.7700000000000005
0.999888851839502 0.11465603190428714 17.992 4.6 0.7800000000000005
0.9997777036790041 0.10269192422731804 17.99 4.12 0.7900000000000005
0.9997777036790041 0.09870388833499502 17.99 3.96 0.8000000000000005
0.9997777036790041 0.09272183449651047 17.99 3.72 0.8100000000000005
0.9997777036790041 0.09072781655034895 17.99 3.64 0.8200000000000005
0.9996665555185061 0.0897308075772682 17.988 3.6 0.8300000000000005
0.9995554073580082 0.08773678963110668 17.986 3.52 0.8400000000000005
0.9991108147160165 0.08574277168494517 17.978 3.44 0.8500000000000005
0.9977770367900411 0.08175473579262213 17.954 3.28 0.8600000000000005
0.9964432588640658 0.07676969092721835 17.93 3.08 0.8700000000000006
0.9951094809380905 0.0707876370887338 17.906 2.84 0.8800000000000006
0.9926642214071357 0.054835493519441676 17.862 2.2 0.8900000000000006
0.9903301100366789 0.040877367896311065 17.82 1.64 0.9000000000000006
0.9873291097032344 0.027916251246261216 17.766 1.12 0.9100000000000006
0.9845504056907858 0.015952143569292122 17.716 0.64 0.9200000000000006
0.9824385906413249 0.009970089730807577 17.678 0.4 0.9300000000000006
0.9806602200733577 0.004985044865403789 17.646 0.2 0.9400000000000006
0.9791041458263866 0.003988035892323031 17.618 0.16 0.9500000000000006
0.976325441813938 0.0019940179461615153 17.568 0.08 0.9600000000000006
0.972212959875514 0.0019940179461615153 17.494 0.08 0.9700000000000006
0.9628765143936868 9.970089730807576E-4 17.326 0.04 0.9800000000000006
0.9354229187506947 9.970089730807576E-4 16.832 0.04 0.9900000000000007
0.0 0.0 0.0 0.0
