1.0 1.0 29.99 28.65714285714286 0.0
1.0 0.959122632103689 29.99 27.485714285714284 0.01
1.0 0.9212362911266201 29.99 26.4 0.02
1.0 0.8863409770687937 29.99 25.4 0.03
1.0 0.864406779661017 29.99 24.771428571428572 0.04
1.0 0.8494516450648056 29.99 24.34285714285714 0.05
1.0 0.8235294117647058 29.99 23.6 0.060000000000000005
1.0 0.8235294117647058 29.99 23.6 0.07
1.0 0.8075772681954138 29.99 23.142857142857142 0.08
1.0 0.7936191425722832 29.99 22.742857142857144 0.09
1.0 0.7866400797607178 29.99 22.542857142857144 0.09999999999999999
1.0 0.7816550348953141 29.99 22.4 0.10999999999999999
1.0 0.7776669990029911 29.99 22.285714285714285 0.11999999999999998
1.0 0.7746759720837487 29.99 22.2 0.12999999999999998
1.0 0.7726819541375872 29.99 22.142857142857142 0.13999999999999999
1.0 0.7617148554336989 29.99 21.82857142857143 0.15
1.0 0.7567298105682951 29.99 21.685714285714287 0.16
1.0 0.7497507477567298 29.99 21.485714285714284 0.17
1.0 0.7318045862412762 29.99 20.97142857142857 0.18000000000000002
1.0 0.7208374875373879 29.99 20.65714285714286 0.19000000000000003
1.0 0.7088733798604188 29.99 20.314285714285713 0.20000000000000004
1.0 0.6929212362911267 29.99 19.857142857142858 0.21000000000000005
1.0 0.6879361914257228 29.99 19.714285714285715 0.22000000000000006
1.0 0.6859421734795613 29.99 19.65714285714286 0.23000000000000007
1.0 0.6799601196410767 29.99 19.485714285714284 0.24000000000000007
1.0 0.6779661016949152 29.99 19.428571428571427 0.25000000000000006
1.0 0.6739780658025922 29.99 19.314285714285713 0.26000000000000006
1.0 0.6719840478564307 29.99 19.257142857142856 0.2700000000000001
1.0 0.6699900299102692 29.99 19.2 0.2800000000000001
1.0 0.6640079760717846 29.99 19.02857142857143 0.2900000000000001
1.0 0.6630109670987039 29.99 19.0 0.3000000000000001
1.0 0.6610169491525424 29.99 18.942857142857143 0.3100000000000001
1.0 0.6610169491525424 29.99 18.942857142857143 0.3200000000000001
1.0 0.6590229312063809 29.99 18.885714285714286 0.3300000000000001
1.0 0.6560319042871385 29.99 18.8 0.34000000000000014
1.0 0.654037886340977 29.99 18.742857142857144 0.35000000000000014
1.0 0.6480558325024925 29.99 18.571428571428573 0.36000000000000015
1.0 0.6400797607178464 29.99 18.34285714285714 0.37000000000000016
1.0 0.638085742771685 29.99 18.285714285714285 0.38000000000000017
1.0 0.6331006979062812 29.99 18.142857142857142 0.3900000000000002
1.0 0.6251246261216351 29.99 17.914285714285715 0.4000000000000002
1.0 0.617148554336989 29.99 17.685714285714287 0.4100000000000002
1.0 0.6111665004985045 29.99 17.514285714285716 0.4200000000000002
1.0 0.5972083748753739 29.99 17.114285714285714 0.4300000000000002
1.0 0.5882352941176471 29.99 16.857142857142858 0.4400000000000002
1.0 0.576271186440678 29.99 16.514285714285716 0.45000000000000023
1.0 0.5702891326021934 29.99 16.34285714285714 0.46000000000000024
1.0 0.5613160518444666 29.99 16.085714285714285 0.47000000000000025
1.0 0.5523429710867398 29.99 15.82857142857143 0.48000000000000026
1.0 0.5463609172482552 29.99 15.657142857142857 0.49000000000000027
1.0 0.5353938185443669 29.99 15.342857142857143 0.5000000000000002
1.0 0.5314057826520439 29.99 15.228571428571428 0.5100000000000002
1.0 0.5254237288135594 29.99 15.057142857142857 0.5200000000000002
1.0 0.5214356929212363 29.99 14.942857142857143 0.5300000000000002
1.0 0.518444666001994 29.99 14.857142857142858 0.5400000000000003
1.0 0.514456630109671 29.99 14.742857142857142 0.5500000000000003
1.0 0.514456630109671 29.99 14.742857142857142 0.5600000000000003
1.0 0.5124626121635095 29.99 14.685714285714285 0.5700000000000003
1.0 0.5104685942173479 29.99 14.628571428571428 0.5800000000000003
1.0 0.5104685942173479 29.99 14.628571428571428 0.5900000000000003
1.0 0.5104685942173479 29.99 14.628571428571428 0.6000000000000003
1.0 0.5064805583250249 29.99 14.514285714285714 0.6100000000000003
1.0 0.5034895314057827 29.99 14.428571428571429 0.6200000000000003
1.0 0.4995014955134596 29.99 14.314285714285715 0.6300000000000003
1.0 0.4945164506480558 29.99 14.17142857142857 0.6400000000000003
1.0 0.48953140578265203 29.99 14.028571428571428 0.6500000000000004
1.0 0.47756729810568294 29.99 13.685714285714285 0.6600000000000004
1.0 0.4695912263210369 29.99 13.457142857142857 0.6700000000000004
1.0 0.4546360917248255 29.99 13.028571428571428 0.6800000000000004
1.0 0.43968095712861416 29.99 12.6 0.6900000000000004
1.0 0.4247258225324028 29.99 12.17142857142857 0.7000000000000004
1.0 0.4067796610169492 29.99 11.657142857142857 0.7100000000000004
1.0 0.386839481555334 29.99 11.085714285714285 0.7200000000000004
1.0 0.37188434695912265 29.99 10.657142857142857 0.7300000000000004
1.0 0.3509471585244267 29.99 10.057142857142857 0.7400000000000004
1.0 0.33599202392821537 29.99 9.628571428571428 0.7500000000000004
1.0 0.317048853439681 29.99 9.085714285714285 0.7600000000000005
1.0 0.3020937188434696 29.99 8.657142857142857 0.7700000000000005
0.999888851839502 0.288135593220339 29.986666666666668 8.257142857142858 0.7800000000000005
0.999888851839502 0.27916251246261214 29.986666666666668 8.0 0.7900000000000005
0.9997777036790041 0.2731804586241276 29.983333333333334 7.828571428571428 0.8000000000000005
0.9997777036790041 0.26719840478564305 29.983333333333334 7.6571428571428575 0.8100000000000005
0.9993331110370124 0.2642073778664008 29.97 7.571428571428571 0.8200000000000005
0.9991108147160165 0.26021934197407776 29.963333333333335 7.457142857142857 0.8300000000000005
0.998110481271535 0.25822532402791626 29.933333333333334 7.4 0.8400000000000005
0.9953317772590864 0.2502492522432702 29.85 7.171428571428572 0.8500000000000005
0.99188618428365 0.2382851445663011 29.746666666666666 6.828571428571428 0.8600000000000005
0.9867733689007447 0.226321036889332 29.593333333333334 6.485714285714286 0.8700000000000006
0.9817717016783373 0.21335992023928216 29.44333333333333 6.114285714285714 0.8800000000000006
0.9749916638879627 0.20039880358923232 29.24 5.742857142857143 0.8900000000000006
0.9673224408136045 0.17048853439680958 29.01 4.885714285714286 0.9000000000000006
0.9555407358008225 0.14356929212362912 28.656666666666666 4.114285714285714 0.9100000000000006
0.9470934756029787 0.12662013958125623 28.403333333333332 3.6285714285714286 0.9200000000000006
0.9402022896521063 0.11166500498504486 28.196666666666665 3.2 0.9300000000000006
0.9338668445037235 0.1036889332003988 28.006666666666668 2.9714285714285715 0.9400000000000006
0.9290874736023119 0.09970089730807577 27.863333333333333 2.857142857142857 0.9500000000000006
0.9234189174169167 0.0967098703888335 27.69333333333333 2.7714285714285714 0.9600000000000006
0.9129709903301101 0.0967098703888335 27.38 2.7714285714285714 0.9700000000000006
0.8927420251194843 0.0967098703888335 26.773333333333333 2.7714285714285714 0.9800000000000006
0.8252750916972325 0.0967098703888335 24.75 2.7714285714285714 0.9900000000000007
0.0 0.0 0.0 0.0
