0 0.0  0 NaN 10000 9376.269999999866 0.9376269999999866
5 98.76  100 0.9876 10000 9413.269999999802 0.9413269999999803
10 197.39999999999998  200 0.9869999999999999 10000 9378.519999999806 0.9378519999999806
15 295.42000000000013  300 0.9847333333333338 10000 9396.799999999841 0.9396799999999841
20 393.8000000000002  400 0.9845000000000005 10000 9374.189999999822 0.9374189999999822
25 493.87000000000035  500 0.9877400000000007 10000 9423.789999999855 0.9423789999999855
30 593.6300000000003  600 0.989383333333334 10000 9428.23999999982 0.942823999999982
35 688.1800000000009  700 0.9831142857142869 10000 9450.899999999783 0.9450899999999783
40 791.2800000000007  800 0.9891000000000009 10000 9396.25999999985 0.939625999999985
45 893.3700000000005  900 0.9926333333333338 10000 9412.309999999874 0.9412309999999874
50 988.090000000001  1000 0.988090000000001 10000 9386.719999999872 0.9386719999999872
