1.0 1.0 9.996666666666666 200.6 0.0
1.0 0.5663010967098704 9.996666666666666 113.6 0.01
1.0 0.4107676969092722 9.996666666666666 82.4 0.02
1.0 0.35294117647058826 9.996666666666666 70.8 0.03
1.0 0.32801595214356927 9.996666666666666 65.8 0.04
1.0 0.30608175473579263 9.996666666666666 61.4 0.05
1.0 0.2691924227318046 9.996666666666666 54.0 0.060000000000000005
1.0 0.2691924227318046 9.996666666666666 54.0 0.07
1.0 0.2472582253240279 9.996666666666666 49.6 0.08
1.0 0.23030907278165502 9.996666666666666 46.2 0.09
1.0 0.22333000997008973 9.996666666666666 44.8 0.09999999999999999
1.0 0.21734795613160518 9.996666666666666 43.6 0.10999999999999999
1.0 0.21136590229312063 9.996666666666666 42.4 0.11999999999999998
1.0 0.20139581256231306 9.996666666666666 40.4 0.12999999999999998
1.0 0.19441674975074777 9.996666666666666 39.0 0.13999999999999999
1.0 0.19042871385842472 9.996666666666666 38.2 0.15
1.0 0.1794616151545364 9.996666666666666 36.0 0.16
1.0 0.17048853439680958 9.996666666666666 34.2 0.17
1.0 0.15653040877367896 9.996666666666666 31.4 0.18000000000000002
1.0 0.15254237288135594 9.996666666666666 30.6 0.19000000000000003
1.0 0.15154536390827517 9.996666666666666 30.4 0.20000000000000004
1.0 0.14556331006979062 9.996666666666666 29.2 0.21000000000000005
1.0 0.14257228315054835 9.996666666666666 28.6 0.22000000000000006
1.0 0.13758723828514458 9.996666666666666 27.6 0.23000000000000007
1.0 0.13160518444666003 9.996666666666666 26.4 0.24000000000000007
1.0 0.1296111665004985 9.996666666666666 26.0 0.25000000000000006
1.0 0.12861415752741776 9.996666666666666 25.8 0.26000000000000006
1.0 0.12662013958125623 9.996666666666666 25.4 0.2700000000000001
1.0 0.12562313060817548 9.996666666666666 25.2 0.2800000000000001
1.0 0.12362911266201396 9.996666666666666 24.8 0.2900000000000001
1.0 0.1226321036889332 9.996666666666666 24.6 0.3000000000000001
1.0 0.1226321036889332 9.996666666666666 24.6 0.3100000000000001
1.0 0.1226321036889332 9.996666666666666 24.6 0.3200000000000001
1.0 0.12063808574277168 9.996666666666666 24.2 0.3300000000000001
1.0 0.11665004985044865 9.996666666666666 23.4 0.34000000000000014
1.0 0.11365902293120637 9.996666666666666 22.8 0.35000000000000014
1.0 0.11166500498504486 9.996666666666666 22.4 0.36000000000000015
1.0 0.10767696909272183 9.996666666666666 21.6 0.37000000000000016
1.0 0.10269192422731804 9.996666666666666 20.6 0.38000000000000017
1.0 0.09970089730807577 9.996666666666666 20.0 0.3900000000000002
1.0 0.09571286141575275 9.996666666666666 19.2 0.4000000000000002
1.0 0.09172482552342971 9.996666666666666 18.4 0.4100000000000002
1.0 0.08673978065802593 9.996666666666666 17.4 0.4200000000000002
1.0 0.08075772681954138 9.996666666666666 16.2 0.4300000000000002
1.0 0.07776669990029911 9.996666666666666 15.6 0.4400000000000002
1.0 0.07377866400797607 9.996666666666666 14.8 0.45000000000000023
1.0 0.07178464606181456 9.996666666666666 14.4 0.46000000000000024
1.0 0.06679960119641076 9.996666666666666 13.4 0.47000000000000025
1.0 0.06380857427716849 9.996666666666666 12.8 0.48000000000000026
1.0 0.05982053838484546 9.996666666666666 12.0 0.49000000000000027
1.0 0.058823529411764705 9.996666666666666 11.8 0.5000000000000002
1.0 0.05583250249252243 9.996666666666666 11.2 0.5100000000000002
1.0 0.054835493519441676 9.996666666666666 11.0 0.5200000000000002
1.0 0.0518444666001994 9.996666666666666 10.4 0.5300000000000002
1.0 0.049850448654037885 9.996666666666666 10.0 0.5400000000000003
1.0 0.049850448654037885 9.996666666666666 10.0 0.5500000000000003
1.0 0.049850448654037885 9.996666666666666 10.0 0.5600000000000003
1.0 0.049850448654037885 9.996666666666666 10.0 0.5700000000000003
1.0 0.047856430707876374 9.996666666666666 9.6 0.5800000000000003
1.0 0.047856430707876374 9.996666666666666 9.6 0.5900000000000003
1.0 0.047856430707876374 9.996666666666666 9.6 0.6000000000000003
1.0 0.04685942173479561 9.996666666666666 9.4 0.6100000000000003
1.0 0.045862412761714856 9.996666666666666 9.2 0.6200000000000003
1.0 0.045862412761714856 9.996666666666666 9.2 0.6300000000000003
1.0 0.0448654037886341 9.996666666666666 9.0 0.6400000000000003
1.0 0.04187437686939183 9.996666666666666 8.4 0.6500000000000004
1.0 0.040877367896311065 9.996666666666666 8.2 0.6600000000000004
1.0 0.040877367896311065 9.996666666666666 8.2 0.6700000000000004
1.0 0.03788634097706879 9.996666666666666 7.6 0.6800000000000004
1.0 0.03489531405782652 9.996666666666666 7.0 0.6900000000000004
1.0 0.031904287138584245 9.996666666666666 6.4 0.7000000000000004
1.0 0.0259222333000997 9.996666666666666 5.2 0.7100000000000004
1.0 0.022931206380857428 9.996666666666666 4.6 0.7200000000000004
1.0 0.020937188434695914 9.996666666666666 4.2 0.7300000000000004
1.0 0.01694915254237288 9.996666666666666 3.4 0.7400000000000004
1.0 0.014955134596211365 9.996666666666666 3.0 0.7500000000000004
1.0 0.013958125623130608 9.996666666666666 2.8 0.7600000000000005
1.0 0.010967098703888335 9.996666666666666 2.2 0.7700000000000005
1.0 0.00897308075772682 9.996666666666666 1.8 0.7800000000000005
1.0 0.006979062811565304 9.996666666666666 1.4 0.7900000000000005
1.0 0.006979062811565304 9.996666666666666 1.4 0.8000000000000005
1.0 0.006979062811565304 9.996666666666666 1.4 0.8100000000000005
1.0 0.006979062811565304 9.996666666666666 1.4 0.8200000000000005
1.0 0.005982053838484547 9.996666666666666 1.2 0.8300000000000005
0.9997777036790041 0.005982053838484547 9.994444444444444 1.2 0.8400000000000005
0.9997777036790041 0.005982053838484547 9.994444444444444 1.2 0.8500000000000005
0.9995554073580082 0.004985044865403789 9.992222222222223 1.0 0.8600000000000005
0.9993331110370124 0.003988035892323031 9.99 0.8 0.8700000000000006
0.9993331110370124 0.0029910269192422734 9.99 0.6 0.8800000000000006
0.9993331110370124 0.0019940179461615153 9.99 0.4 0.8900000000000006
0.9992219628765144 0.0019940179461615153 9.988888888888889 0.4 0.9000000000000006
0.9991108147160165 0.0019940179461615153 9.987777777777778 0.4 0.9100000000000006
0.9988885183950206 9.970089730807576E-4 9.985555555555555 0.2 0.9200000000000006
0.9988885183950206 0.0 9.985555555555555 0.0 0.9300000000000006
0.9987773702345226 0.0 9.984444444444444 0.0 0.9400000000000006
0.9985550739135267 0.0 9.982222222222223 0.0 0.9500000000000006
0.9984439257530288 0.0 9.981111111111112 0.0 0.9600000000000006
0.9983327775925308 0.0 9.98 0.0 0.9700000000000006
0.9974435923085473 0.0 9.971111111111112 0.0 0.9800000000000006
0.9947760364565966 0.0 9.944444444444445 0.0 0.9900000000000007
0.0 0.0 0.0 0.0
