1.0 1.0 44.985 Infinity 0.0
1.0 0.9810568295114656 44.985 Infinity 0.01
1.0 0.9451645064805583 44.985 Infinity 0.02
1.0 0.922233300099701 44.985 Infinity 0.03
1.0 0.909272183449651 44.985 Infinity 0.04
1.0 0.8983050847457628 44.985 Infinity 0.05
1.0 0.8793619142572283 44.985 Infinity 0.060000000000000005
1.0 0.8793619142572283 44.985 Infinity 0.07
1.0 0.86839481555334 44.985 Infinity 0.08
1.0 0.8604187437686939 44.985 Infinity 0.09
1.0 0.8504486540378864 44.985 Infinity 0.09999999999999999
1.0 0.847457627118644 44.985 Infinity 0.10999999999999999
1.0 0.843469591226321 44.985 Infinity 0.11999999999999998
1.0 0.8384845463609173 44.985 Infinity 0.12999999999999998
1.0 0.8344965104685942 44.985 Infinity 0.13999999999999999
1.0 0.8315054835493519 44.985 Infinity 0.15
1.0 0.8255234297108675 44.985 Infinity 0.16
1.0 0.8175473579262214 44.985 Infinity 0.17
1.0 0.7956131605184447 44.985 Infinity 0.18000000000000002
1.0 0.7806580259222333 44.985 Infinity 0.19000000000000003
1.0 0.773678963110668 44.985 Infinity 0.20000000000000004
1.0 0.769690927218345 44.985 Infinity 0.21000000000000005
1.0 0.765702891326022 44.985 Infinity 0.22000000000000006
1.0 0.7627118644067796 44.985 Infinity 0.23000000000000007
1.0 0.7587238285144566 44.985 Infinity 0.24000000000000007
1.0 0.7567298105682951 44.985 Infinity 0.25000000000000006
1.0 0.7557328015952144 44.985 Infinity 0.26000000000000006
1.0 0.7537387836490529 44.985 Infinity 0.2700000000000001
1.0 0.7537387836490529 44.985 Infinity 0.2800000000000001
1.0 0.7517447657028913 44.985 Infinity 0.2900000000000001
1.0 0.7517447657028913 44.985 Infinity 0.3000000000000001
1.0 0.748753738783649 44.985 Infinity 0.3100000000000001
1.0 0.7467597208374875 44.985 Infinity 0.3200000000000001
1.0 0.7467597208374875 44.985 Infinity 0.3300000000000001
1.0 0.7457627118644068 44.985 Infinity 0.34000000000000014
1.0 0.7437686939182453 44.985 Infinity 0.35000000000000014
1.0 0.7387836490528414 44.985 Infinity 0.36000000000000015
1.0 0.7367896311066799 44.985 Infinity 0.37000000000000016
1.0 0.7318045862412762 44.985 Infinity 0.38000000000000017
1.0 0.7268195413758723 44.985 Infinity 0.3900000000000002
1.0 0.7198404785643071 44.985 Infinity 0.4000000000000002
1.0 0.7148554336989033 44.985 Infinity 0.4100000000000002
1.0 0.7058823529411765 44.985 Infinity 0.4200000000000002
1.0 0.6899302093718843 44.985 Infinity 0.4300000000000002
1.0 0.6799601196410767 44.985 Infinity 0.4400000000000002
1.0 0.6689930209371885 44.985 Infinity 0.45000000000000023
1.0 0.6630109670987039 44.985 Infinity 0.46000000000000024
1.0 0.6560319042871385 44.985 Infinity 0.47000000000000025
1.0 0.6470588235294118 44.985 Infinity 0.48000000000000026
1.0 0.6440677966101694 44.985 Infinity 0.49000000000000027
1.0 0.638085742771685 44.985 Infinity 0.5000000000000002
1.0 0.634097706879362 44.985 Infinity 0.5100000000000002
1.0 0.6301096709870389 44.985 Infinity 0.5200000000000002
1.0 0.6291126620139581 44.985 Infinity 0.5300000000000002
1.0 0.6281156530408774 44.985 Infinity 0.5400000000000003
1.0 0.6281156530408774 44.985 Infinity 0.5500000000000003
1.0 0.6251246261216351 44.985 Infinity 0.5600000000000003
1.0 0.6221335992023929 44.985 Infinity 0.5700000000000003
1.0 0.6221335992023929 44.985 Infinity 0.5800000000000003
1.0 0.6201395812562313 44.985 Infinity 0.5900000000000003
1.0 0.6191425722831505 44.985 Infinity 0.6000000000000003
1.0 0.617148554336989 44.985 Infinity 0.6100000000000003
1.0 0.617148554336989 44.985 Infinity 0.6200000000000003
1.0 0.6111665004985045 44.985 Infinity 0.6300000000000003
1.0 0.6071784646061814 44.985 Infinity 0.6400000000000003
1.0 0.6051844466600199 44.985 Infinity 0.6500000000000004
1.0 0.5982053838484547 44.985 Infinity 0.6600000000000004
1.0 0.5912263210368893 44.985 Infinity 0.6700000000000004
1.0 0.580259222333001 44.985 Infinity 0.6800000000000004
1.0 0.5702891326021934 44.985 Infinity 0.6900000000000004
1.0 0.5573280159521435 44.985 Infinity 0.7000000000000004
1.0 0.5343968095712861 44.985 Infinity 0.7100000000000004
1.0 0.514456630109671 44.985 Infinity 0.7200000000000004
1.0 0.5014955134596212 44.985 Infinity 0.7300000000000004
1.0 0.48753738783649053 44.985 Infinity 0.7400000000000004
1.0 0.4695912263210369 44.985 Infinity 0.7500000000000004
1.0 0.452642073778664 44.985 Infinity 0.7600000000000005
1.0 0.43668993020937186 44.985 Infinity 0.7700000000000005
1.0 0.423728813559322 44.985 Infinity 0.7800000000000005
1.0 0.41575274177467597 44.985 Infinity 0.7900000000000005
0.9996665555185061 0.4087736789631107 44.97 Infinity 0.8000000000000005
0.9987773702345226 0.40279162512462613 44.93 Infinity 0.8100000000000005
0.9979993331110371 0.3988035892323031 44.895 Infinity 0.8200000000000005
0.9957763699010781 0.39282153539381853 44.795 Infinity 0.8300000000000005
0.9923307769256419 0.386839481555334 44.64 Infinity 0.8400000000000005
0.9865510725797488 0.3748753738783649 44.38 Infinity 0.8500000000000005
0.9751028120484606 0.34496510468594216 43.865 Infinity 0.8600000000000005
0.9614315883072135 0.31106679960119643 43.25 Infinity 0.8700000000000006
0.9409803267755918 0.27218344965104685 42.33 Infinity 0.8800000000000006
0.9170834722685339 0.2333000997008973 41.255 Infinity 0.8900000000000006
0.8902967655885295 0.18344965104685942 40.05 Infinity 0.9000000000000006
0.8629543181060353 0.12662013958125623 38.82 Infinity 0.9100000000000006
0.8407246860064466 0.08175473579262213 37.82 Infinity 0.9200000000000006
0.8203845726353229 0.03988035892323031 36.905 Infinity 0.9300000000000006
0.8046015338446149 0.02193419740777667 36.195 Infinity 0.9400000000000006
0.7941536067578081 0.007976071784646061 35.725 Infinity 0.9500000000000006
0.784594864954985 9.970089730807576E-4 35.295 Infinity 0.9600000000000006
0.7731466044236968 0.0 34.78 NaN 0.9700000000000006
0.7436923418917417 0.0 33.455 NaN 0.9800000000000006
0.6585528509503168 0.0 29.625 NaN 0.9900000000000007
0.0 0.0 0.0 0.0
