1.0 1.0 9.996666666666666 250.75 0.0
1.0 0.6031904287138584 9.996666666666666 151.25 0.01
1.0 0.4247258225324028 9.996666666666666 106.5 0.02
1.0 0.37188434695912265 9.996666666666666 93.25 0.03
1.0 0.34496510468594216 9.996666666666666 86.5 0.04
1.0 0.3150548354935194 9.996666666666666 79.0 0.05
1.0 0.2781655034895314 9.996666666666666 69.75 0.060000000000000005
1.0 0.2781655034895314 9.996666666666666 69.75 0.07
1.0 0.25324027916251246 9.996666666666666 63.5 0.08
1.0 0.23629112662013957 9.996666666666666 59.25 0.09
1.0 0.22831505483549352 9.996666666666666 57.25 0.09999999999999999
1.0 0.22033898305084745 9.996666666666666 55.25 0.10999999999999999
1.0 0.21635094715852443 9.996666666666666 54.25 0.11999999999999998
1.0 0.20837487537387836 9.996666666666666 52.25 0.12999999999999998
1.0 0.19541375872382852 9.996666666666666 49.0 0.13999999999999999
1.0 0.18344965104685942 9.996666666666666 46.0 0.15
1.0 0.1794616151545364 9.996666666666666 45.0 0.16
1.0 0.1694915254237288 9.996666666666666 42.5 0.17
1.0 0.14755732801595214 9.996666666666666 37.0 0.18000000000000002
1.0 0.13958125623130607 9.996666666666666 35.0 0.19000000000000003
1.0 0.12761714855433698 9.996666666666666 32.0 0.20000000000000004
1.0 0.11864406779661017 9.996666666666666 29.75 0.21000000000000005
1.0 0.11266201395812563 9.996666666666666 28.25 0.22000000000000006
1.0 0.1106679960119641 9.996666666666666 27.75 0.23000000000000007
1.0 0.10667996011964108 9.996666666666666 26.75 0.24000000000000007
1.0 0.1036889332003988 9.996666666666666 26.0 0.25000000000000006
1.0 0.10069790628115653 9.996666666666666 25.25 0.26000000000000006
1.0 0.09970089730807577 9.996666666666666 25.0 0.2700000000000001
1.0 0.09770687936191426 9.996666666666666 24.5 0.2800000000000001
1.0 0.0967098703888335 9.996666666666666 24.25 0.2900000000000001
1.0 0.0967098703888335 9.996666666666666 24.25 0.3000000000000001
1.0 0.09571286141575275 9.996666666666666 24.0 0.3100000000000001
1.0 0.09371884346959122 9.996666666666666 23.5 0.3200000000000001
1.0 0.09371884346959122 9.996666666666666 23.5 0.3300000000000001
1.0 0.09172482552342971 9.996666666666666 23.0 0.34000000000000014
1.0 0.09172482552342971 9.996666666666666 23.0 0.35000000000000014
1.0 0.08873379860418744 9.996666666666666 22.25 0.36000000000000015
1.0 0.08673978065802593 9.996666666666666 21.75 0.37000000000000016
1.0 0.0847457627118644 9.996666666666666 21.25 0.38000000000000017
1.0 0.08275174476570289 9.996666666666666 20.75 0.3900000000000002
1.0 0.08075772681954138 9.996666666666666 20.25 0.4000000000000002
1.0 0.07477567298105683 9.996666666666666 18.75 0.4100000000000002
1.0 0.06679960119641076 9.996666666666666 16.75 0.4200000000000002
1.0 0.06281156530408774 9.996666666666666 15.75 0.4300000000000002
1.0 0.05583250249252243 9.996666666666666 14.0 0.4400000000000002
1.0 0.05284147557328016 9.996666666666666 13.25 0.45000000000000023
1.0 0.049850448654037885 9.996666666666666 12.5 0.46000000000000024
1.0 0.04685942173479561 9.996666666666666 11.75 0.47000000000000025
1.0 0.04287138584247258 9.996666666666666 10.75 0.48000000000000026
1.0 0.03988035892323031 9.996666666666666 10.0 0.49000000000000027
1.0 0.036889332003988036 9.996666666666666 9.25 0.5000000000000002
1.0 0.03589232303090728 9.996666666666666 9.0 0.5100000000000002
1.0 0.031904287138584245 9.996666666666666 8.0 0.5200000000000002
1.0 0.03090727816550349 9.996666666666666 7.75 0.5300000000000002
1.0 0.028913260219341975 9.996666666666666 7.25 0.5400000000000003
1.0 0.027916251246261216 9.996666666666666 7.0 0.5500000000000003
1.0 0.027916251246261216 9.996666666666666 7.0 0.5600000000000003
1.0 0.026919242273180457 9.996666666666666 6.75 0.5700000000000003
1.0 0.0259222333000997 9.996666666666666 6.5 0.5800000000000003
1.0 0.024925224327018942 9.996666666666666 6.25 0.5900000000000003
1.0 0.024925224327018942 9.996666666666666 6.25 0.6000000000000003
1.0 0.023928215353938187 9.996666666666666 6.0 0.6100000000000003
1.0 0.023928215353938187 9.996666666666666 6.0 0.6200000000000003
1.0 0.022931206380857428 9.996666666666666 5.75 0.6300000000000003
1.0 0.022931206380857428 9.996666666666666 5.75 0.6400000000000003
1.0 0.022931206380857428 9.996666666666666 5.75 0.6500000000000004
1.0 0.02193419740777667 9.996666666666666 5.5 0.6600000000000004
1.0 0.020937188434695914 9.996666666666666 5.25 0.6700000000000004
1.0 0.020937188434695914 9.996666666666666 5.25 0.6800000000000004
1.0 0.018943170488534396 9.996666666666666 4.75 0.6900000000000004
1.0 0.01794616151545364 9.996666666666666 4.5 0.7000000000000004
1.0 0.01694915254237288 9.996666666666666 4.25 0.7100000000000004
1.0 0.014955134596211365 9.996666666666666 3.75 0.7200000000000004
1.0 0.013958125623130608 9.996666666666666 3.5 0.7300000000000004
1.0 0.010967098703888335 9.996666666666666 2.75 0.7400000000000004
1.0 0.009970089730807577 9.996666666666666 2.5 0.7500000000000004
1.0 0.007976071784646061 9.996666666666666 2.0 0.7600000000000005
1.0 0.005982053838484547 9.996666666666666 1.5 0.7700000000000005
1.0 0.004985044865403789 9.996666666666666 1.25 0.7800000000000005
1.0 0.003988035892323031 9.996666666666666 1.0 0.7900000000000005
1.0 0.003988035892323031 9.996666666666666 1.0 0.8000000000000005
1.0 0.003988035892323031 9.996666666666666 1.0 0.8100000000000005
1.0 0.0029910269192422734 9.996666666666666 0.75 0.8200000000000005
1.0 0.0029910269192422734 9.996666666666666 0.75 0.8300000000000005
1.0 0.0029910269192422734 9.996666666666666 0.75 0.8400000000000005
1.0 0.0029910269192422734 9.996666666666666 0.75 0.8500000000000005
1.0 0.0029910269192422734 9.996666666666666 0.75 0.8600000000000005
1.0 9.970089730807576E-4 9.996666666666666 0.25 0.8700000000000006
1.0 9.970089730807576E-4 9.996666666666666 0.25 0.8800000000000006
1.0 9.970089730807576E-4 9.996666666666666 0.25 0.8900000000000006
1.0 0.0 9.996666666666666 0.0 0.9000000000000006
1.0 0.0 9.996666666666666 0.0 0.9100000000000006
1.0 0.0 9.996666666666666 0.0 0.9200000000000006
1.0 0.0 9.996666666666666 0.0 0.9300000000000006
1.0 0.0 9.996666666666666 0.0 0.9400000000000006
1.0 0.0 9.996666666666666 0.0 0.9500000000000006
1.0 0.0 9.996666666666666 0.0 0.9600000000000006
1.0 0.0 9.996666666666666 0.0 0.9700000000000006
0.999888851839502 0.0 9.995555555555555 0.0 0.9800000000000006
0.9979993331110371 0.0 9.976666666666667 0.0 0.9900000000000007
0.0 0.0 0.0 0.0
