1.0 1.0 89.97 2.2795454545454548 0.0
1.0 0.996011964107677 89.97 2.2704545454545455 0.01
1.0 0.9810568295114656 89.97 2.2363636363636363 0.02
1.0 0.9720837487537388 89.97 2.215909090909091 0.03
1.0 0.9651046859421735 89.97 2.2 0.04
1.0 0.9621136590229312 89.97 2.1931818181818183 0.05
1.0 0.9561316051844466 89.97 2.1795454545454547 0.060000000000000005
1.0 0.9561316051844466 89.97 2.1795454545454547 0.07
1.0 0.9511465603190429 89.97 2.168181818181818 0.08
1.0 0.9471585244267199 89.97 2.159090909090909 0.09
1.0 0.9441674975074775 89.97 2.1522727272727273 0.09999999999999999
1.0 0.942173479561316 89.97 2.147727272727273 0.10999999999999999
1.0 0.9401794616151545 89.97 2.143181818181818 0.11999999999999998
1.0 0.9361914257228315 89.97 2.1340909090909093 0.12999999999999998
1.0 0.9332003988035892 89.97 2.1272727272727274 0.13999999999999999
1.0 0.9312063808574277 89.97 2.1227272727272726 0.15
1.0 0.9302093718843469 89.97 2.1204545454545456 0.16
1.0 0.9302093718843469 89.97 2.1204545454545456 0.17
1.0 0.9252243270189432 89.97 2.109090909090909 0.18000000000000002
1.0 0.9212362911266201 89.97 2.1 0.19000000000000003
1.0 0.9172482552342971 89.97 2.090909090909091 0.20000000000000004
1.0 0.9152542372881356 89.97 2.0863636363636364 0.21000000000000005
1.0 0.9142572283150548 89.97 2.084090909090909 0.22000000000000006
1.0 0.9142572283150548 89.97 2.084090909090909 0.23000000000000007
1.0 0.9132602193419741 89.97 2.081818181818182 0.24000000000000007
1.0 0.9122632103688934 89.97 2.0795454545454546 0.25000000000000006
1.0 0.9112662013958126 89.97 2.077272727272727 0.26000000000000006
1.0 0.9102691924227319 89.97 2.075 0.2700000000000001
1.0 0.9102691924227319 89.97 2.075 0.2800000000000001
1.0 0.9102691924227319 89.97 2.075 0.2900000000000001
1.0 0.9082751744765702 89.97 2.0704545454545453 0.3000000000000001
1.0 0.9082751744765702 89.97 2.0704545454545453 0.3100000000000001
1.0 0.9062811565304087 89.97 2.065909090909091 0.3200000000000001
1.0 0.905284147557328 89.97 2.0636363636363635 0.3300000000000001
1.0 0.905284147557328 89.97 2.0636363636363635 0.34000000000000014
1.0 0.9042871385842473 89.97 2.0613636363636365 0.35000000000000014
1.0 0.9032901296111665 89.97 2.059090909090909 0.36000000000000015
1.0 0.8993020937188435 89.97 2.05 0.37000000000000016
1.0 0.8973080757726819 89.97 2.0454545454545454 0.38000000000000017
1.0 0.8943170488534397 89.97 2.0386363636363636 0.3900000000000002
1.0 0.8933200398803589 89.97 2.036363636363636 0.4000000000000002
1.0 0.8893320039880359 89.97 2.0272727272727273 0.4100000000000002
1.0 0.8863409770687937 89.97 2.0204545454545455 0.4200000000000002
1.0 0.8803589232303091 89.97 2.006818181818182 0.4300000000000002
1.0 0.8763708873379861 89.97 1.9977272727272728 0.4400000000000002
1.0 0.86839481555334 89.97 1.9795454545454545 0.45000000000000023
1.0 0.8614157527417746 89.97 1.9636363636363636 0.46000000000000024
1.0 0.8584247258225324 89.97 1.9568181818181818 0.47000000000000025
1.0 0.8534396809571286 89.97 1.9454545454545455 0.48000000000000026
1.0 0.8524426719840479 89.97 1.9431818181818181 0.49000000000000027
1.0 0.8514456630109671 89.97 1.940909090909091 0.5000000000000002
1.0 0.8494516450648056 89.97 1.9363636363636363 0.5100000000000002
1.0 0.8484546360917248 89.97 1.934090909090909 0.5200000000000002
1.0 0.847457627118644 89.97 1.9318181818181819 0.5300000000000002
1.0 0.8454636091724825 89.97 1.9272727272727272 0.5400000000000003
1.0 0.843469591226321 89.97 1.9227272727272726 0.5500000000000003
1.0 0.843469591226321 89.97 1.9227272727272726 0.5600000000000003
1.0 0.843469591226321 89.97 1.9227272727272726 0.5700000000000003
1.0 0.8424725822532403 89.97 1.9204545454545454 0.5800000000000003
1.0 0.8424725822532403 89.97 1.9204545454545454 0.5900000000000003
1.0 0.8404785643070788 89.97 1.915909090909091 0.6000000000000003
1.0 0.8374875373878365 89.97 1.9090909090909092 0.6100000000000003
1.0 0.8374875373878365 89.97 1.9090909090909092 0.6200000000000003
1.0 0.8354935194416749 89.97 1.9045454545454545 0.6300000000000003
1.0 0.8334995014955134 89.97 1.9 0.6400000000000003
1.0 0.8305084745762712 89.97 1.893181818181818 0.6500000000000004
1.0 0.8225324027916251 89.97 1.875 0.6600000000000004
1.0 0.8145563310069791 89.97 1.856818181818182 0.6700000000000004
1.0 0.8035892323030908 89.97 1.8318181818181818 0.6800000000000004
1.0 0.7836490528414756 89.97 1.7863636363636364 0.6900000000000004
1.0 0.7706879361914257 89.97 1.7568181818181818 0.7000000000000004
1.0 0.7517447657028913 89.97 1.7136363636363636 0.7100000000000004
1.0 0.7298105682951147 89.97 1.6636363636363636 0.7200000000000004
1.0 0.7088733798604188 89.97 1.615909090909091 0.7300000000000004
1.0 0.6929212362911267 89.97 1.5795454545454546 0.7400000000000004
1.0 0.6799601196410767 89.97 1.55 0.7500000000000004
1.0 0.6650049850448654 89.97 1.5159090909090909 0.7600000000000005
0.999888851839502 0.6530408773678963 89.96 1.4886363636363635 0.7700000000000005
0.9996665555185061 0.6420737786640079 89.94 1.4636363636363636 0.7800000000000005
0.9993331110370124 0.634097706879362 89.91 1.4454545454545455 0.7900000000000005
0.9989996665555185 0.634097706879362 89.88 1.4454545454545455 0.8000000000000005
0.998110481271535 0.6281156530408774 89.8 1.4318181818181819 0.8100000000000005
0.9952206290985884 0.6251246261216351 89.54 1.425 0.8200000000000005
0.9909969989996665 0.6181455633100698 89.16 1.4090909090909092 0.8300000000000005
0.9829943314438147 0.6051844466600199 88.44 1.3795454545454546 0.8400000000000005
0.9689896632210737 0.5932203389830508 87.18 1.3522727272727273 0.8500000000000005
0.9455374013560076 0.5483549351944168 85.07 1.25 0.8600000000000005
0.9117483605646327 0.5024925224327019 82.03 1.1454545454545455 0.8700000000000006
0.8686228742914305 0.45363908275174475 78.15 1.0340909090909092 0.8800000000000006
0.8132710903634545 0.3918245264207378 73.17 0.8931818181818182 0.8900000000000006
0.7496943425586307 0.31106679960119643 67.45 0.7090909090909091 0.9000000000000006
0.6920084472601978 0.23030907278165502 62.26 0.525 0.9100000000000006
0.6389907747026786 0.1674975074775673 57.49 0.38181818181818183 0.9200000000000006
0.5978659553184394 0.10867397806580259 53.79 0.24772727272727274 0.9300000000000006
0.5648549516505502 0.07676969092721835 50.82 0.175 0.9400000000000006
0.5469600978103812 0.05982053838484546 49.21 0.13636363636363635 0.9500000000000006
0.5352895409580971 0.05084745762711865 48.16 0.1159090909090909 0.9600000000000006
0.5210625764143604 0.05084745762711865 46.88 0.1159090909090909 0.9700000000000006
0.4851617205735245 0.05084745762711865 43.65 0.1159090909090909 0.9800000000000006
0.383350005557408 0.05084745762711865 34.49 0.1159090909090909 0.9900000000000007
0.0 0.0 0.0 0.0
