1.0 1.0 17.994 33.43333333333333 0.0
1.0 0.8315054835493519 17.994 27.8 0.01
1.0 0.7357926221335992 17.994 24.6 0.02
1.0 0.6759720837487537 17.994 22.6 0.03
1.0 0.6450648055832503 17.994 21.566666666666666 0.04
1.0 0.6181455633100698 17.994 20.666666666666668 0.05
1.0 0.5742771684945165 17.994 19.2 0.060000000000000005
1.0 0.5742771684945165 17.994 19.2 0.07
1.0 0.5563310069790628 17.994 18.6 0.08
1.0 0.5443668993020937 17.994 18.2 0.09
1.0 0.5284147557328016 17.994 17.666666666666668 0.09999999999999999
1.0 0.5154536390827518 17.994 17.233333333333334 0.10999999999999999
1.0 0.5084745762711864 17.994 17.0 0.11999999999999998
1.0 0.5044865403788634 17.994 16.866666666666667 0.12999999999999998
1.0 0.5014955134596212 17.994 16.766666666666666 0.13999999999999999
1.0 0.49252243270189433 17.994 16.466666666666665 0.15
1.0 0.481555333998006 17.994 16.1 0.16
1.0 0.4675972083748754 17.994 15.633333333333333 0.17
1.0 0.4456630109670987 17.994 14.9 0.18000000000000002
1.0 0.43469591226321036 17.994 14.533333333333333 0.19000000000000003
1.0 0.42771684945164506 17.994 14.3 0.20000000000000004
1.0 0.41575274177467597 17.994 13.9 0.21000000000000005
1.0 0.4087736789631107 17.994 13.666666666666666 0.22000000000000006
1.0 0.4057826520438684 17.994 13.566666666666666 0.23000000000000007
1.0 0.4037886340977069 17.994 13.5 0.24000000000000007
1.0 0.4017946161515454 17.994 13.433333333333334 0.25000000000000006
1.0 0.39780658025922233 17.994 13.3 0.26000000000000006
1.0 0.3948155533399801 17.994 13.2 0.2700000000000001
1.0 0.3918245264207378 17.994 13.1 0.2800000000000001
1.0 0.38783649052841473 17.994 12.966666666666667 0.2900000000000001
1.0 0.38584247258225324 17.994 12.9 0.3000000000000001
1.0 0.382851445663011 17.994 12.8 0.3100000000000001
1.0 0.38085742771684944 17.994 12.733333333333333 0.3200000000000001
1.0 0.37886340977068794 17.994 12.666666666666666 0.3300000000000001
1.0 0.37686939182452645 17.994 12.6 0.34000000000000014
1.0 0.3698903290129611 17.994 12.366666666666667 0.35000000000000014
1.0 0.36390827517447655 17.994 12.166666666666666 0.36000000000000015
1.0 0.3589232303090728 17.994 12.0 0.37000000000000016
1.0 0.353938185443669 17.994 11.833333333333334 0.38000000000000017
1.0 0.34995014955134596 17.994 11.7 0.3900000000000002
1.0 0.3439680957128614 17.994 11.5 0.4000000000000002
1.0 0.33798604187437686 17.994 11.3 0.4100000000000002
1.0 0.32801595214356927 17.994 10.966666666666667 0.4200000000000002
1.0 0.3180458624127617 17.994 10.633333333333333 0.4300000000000002
1.0 0.30309072781655033 17.994 10.133333333333333 0.4400000000000002
1.0 0.29112662013958124 17.994 9.733333333333333 0.45000000000000023
1.0 0.2831505483549352 17.994 9.466666666666667 0.46000000000000024
1.0 0.2731804586241276 17.994 9.133333333333333 0.47000000000000025
1.0 0.26520438683948155 17.994 8.866666666666667 0.48000000000000026
1.0 0.25623130608175476 17.994 8.566666666666666 0.49000000000000027
1.0 0.2522432701894317 17.994 8.433333333333334 0.5000000000000002
1.0 0.24925224327018944 17.994 8.333333333333334 0.5100000000000002
1.0 0.2432701894317049 17.994 8.133333333333333 0.5200000000000002
1.0 0.24127617148554337 17.994 8.066666666666666 0.5300000000000002
1.0 0.23928215353938184 17.994 8.0 0.5400000000000003
1.0 0.23529411764705882 17.994 7.866666666666666 0.5500000000000003
1.0 0.2333000997008973 17.994 7.8 0.5600000000000003
1.0 0.23030907278165502 17.994 7.7 0.5700000000000003
1.0 0.22831505483549352 17.994 7.633333333333334 0.5800000000000003
1.0 0.22731804586241275 17.994 7.6 0.5900000000000003
1.0 0.22333000997008973 17.994 7.466666666666667 0.6000000000000003
1.0 0.2213359920239282 17.994 7.4 0.6100000000000003
1.0 0.22033898305084745 17.994 7.366666666666666 0.6200000000000003
1.0 0.21734795613160518 17.994 7.266666666666667 0.6300000000000003
1.0 0.2143569292123629 17.994 7.166666666666667 0.6400000000000003
1.0 0.21036889332003988 17.994 7.033333333333333 0.6500000000000004
1.0 0.2073778664007976 17.994 6.933333333333334 0.6600000000000004
1.0 0.20139581256231306 17.994 6.733333333333333 0.6700000000000004
1.0 0.19042871385842472 17.994 6.366666666666666 0.6800000000000004
1.0 0.18045862412761715 17.994 6.033333333333333 0.6900000000000004
1.0 0.17647058823529413 17.994 5.9 0.7000000000000004
0.999888851839502 0.1674975074775673 17.992 5.6 0.7100000000000004
0.999888851839502 0.1535393818544367 17.992 5.133333333333334 0.7200000000000004
0.999888851839502 0.1345962113659023 17.992 4.5 0.7300000000000004
0.999888851839502 0.12063808574277168 17.992 4.033333333333333 0.7400000000000004
0.9997777036790041 0.10767696909272183 17.99 3.6 0.7500000000000004
0.9997777036790041 0.09571286141575275 17.99 3.2 0.7600000000000005
0.9997777036790041 0.0847457627118644 17.99 2.8333333333333335 0.7700000000000005
0.9997777036790041 0.07976071784646062 17.99 2.6666666666666665 0.7800000000000005
0.9997777036790041 0.07676969092721835 17.99 2.566666666666667 0.7900000000000005
0.9997777036790041 0.07477567298105683 17.99 2.5 0.8000000000000005
0.9996665555185061 0.07377866400797607 17.988 2.466666666666667 0.8100000000000005
0.9992219628765144 0.07278165503489531 17.98 2.433333333333333 0.8200000000000005
0.9992219628765144 0.06879361914257229 17.98 2.3 0.8300000000000005
0.9988885183950206 0.06779661016949153 17.974 2.2666666666666666 0.8400000000000005
0.9985550739135267 0.06779661016949153 17.968 2.2666666666666666 0.8500000000000005
0.9976658886295432 0.06281156530408774 17.952 2.1 0.8600000000000005
0.9954429254195843 0.05982053838484546 17.912 2.0 0.8700000000000006
0.9939979993331111 0.053838484546360914 17.886 1.8 0.8800000000000006
0.9915527398021563 0.0448654037886341 17.842 1.5 0.8900000000000006
0.9895520729131932 0.031904287138584245 17.806 1.0666666666666667 0.9000000000000006
0.9867733689007447 0.02193419740777667 17.756 0.7333333333333333 0.9100000000000006
0.9845504056907858 0.01794616151545364 17.716 0.6 0.9200000000000006
0.9819939979993331 0.011964107676969093 17.67 0.4 0.9300000000000006
0.9807713682338557 0.005982053838484547 17.648 0.2 0.9400000000000006
0.9794375903078804 0.003988035892323031 17.624 0.13333333333333333 0.9500000000000006
0.978103812381905 0.0 17.6 0.0 0.9600000000000006
0.9749916638879627 0.0 17.544 0.0 0.9700000000000006
0.9693231077025676 0.0 17.442 0.0 0.9800000000000006
0.9473157719239746 0.0 17.046 0.0 0.9900000000000007
0.0 0.0 0.0 0.0
