1.0 1.0 22.4925 13.373333333333333 0.0
1.0 0.9431704885343968 22.4925 12.613333333333333 0.01
1.0 0.8693918245264207 22.4925 11.626666666666667 0.02
1.0 0.8265204386839482 22.4925 11.053333333333333 0.03
1.0 0.8055832502492523 22.4925 10.773333333333333 0.04
1.0 0.7856430707876371 22.4925 10.506666666666666 0.05
1.0 0.7547357926221336 22.4925 10.093333333333334 0.060000000000000005
1.0 0.7547357926221336 22.4925 10.093333333333334 0.07
1.0 0.7347956131605184 22.4925 9.826666666666666 0.08
1.0 0.7258225324027916 22.4925 9.706666666666667 0.09
1.0 0.7148554336989033 22.4925 9.56 0.09999999999999999
1.0 0.7098703888334995 22.4925 9.493333333333334 0.10999999999999999
1.0 0.7048853439680958 22.4925 9.426666666666666 0.11999999999999998
1.0 0.6989032901296112 22.4925 9.346666666666666 0.12999999999999998
1.0 0.6909272183449651 22.4925 9.24 0.13999999999999999
1.0 0.6859421734795613 22.4925 9.173333333333334 0.15
1.0 0.6729810568295115 22.4925 9.0 0.16
1.0 0.6630109670987039 22.4925 8.866666666666667 0.17
1.0 0.6430707876370887 22.4925 8.6 0.18000000000000002
1.0 0.6291126620139581 22.4925 8.413333333333334 0.19000000000000003
1.0 0.6151545363908275 22.4925 8.226666666666667 0.20000000000000004
1.0 0.6071784646061814 22.4925 8.12 0.21000000000000005
1.0 0.6011964107676969 22.4925 8.04 0.22000000000000006
1.0 0.5962113659022931 22.4925 7.973333333333334 0.23000000000000007
1.0 0.5912263210368893 22.4925 7.906666666666666 0.24000000000000007
1.0 0.5822532402791625 22.4925 7.786666666666667 0.25000000000000006
1.0 0.5782652043868395 22.4925 7.733333333333333 0.26000000000000006
1.0 0.5742771684945165 22.4925 7.68 0.2700000000000001
1.0 0.5702891326021934 22.4925 7.626666666666667 0.2800000000000001
1.0 0.5663010967098704 22.4925 7.573333333333333 0.2900000000000001
1.0 0.5643070787637089 22.4925 7.546666666666667 0.3000000000000001
1.0 0.5633100697906281 22.4925 7.533333333333333 0.3100000000000001
1.0 0.5633100697906281 22.4925 7.533333333333333 0.3200000000000001
1.0 0.5603190428713859 22.4925 7.493333333333333 0.3300000000000001
1.0 0.5583250249252243 22.4925 7.466666666666667 0.34000000000000014
1.0 0.555333998005982 22.4925 7.426666666666667 0.35000000000000014
1.0 0.5483549351944168 22.4925 7.333333333333333 0.36000000000000015
1.0 0.5373878364905285 22.4925 7.1866666666666665 0.37000000000000016
1.0 0.5284147557328016 22.4925 7.066666666666666 0.38000000000000017
1.0 0.522432701894317 22.4925 6.986666666666666 0.3900000000000002
1.0 0.5134596211365903 22.4925 6.866666666666666 0.4000000000000002
1.0 0.5084745762711864 22.4925 6.8 0.4100000000000002
1.0 0.49750747756729813 22.4925 6.653333333333333 0.4200000000000002
1.0 0.48753738783649053 22.4925 6.52 0.4300000000000002
1.0 0.47756729810568294 22.4925 6.386666666666667 0.4400000000000002
1.0 0.46859421734795614 22.4925 6.266666666666667 0.45000000000000023
1.0 0.4556331006979063 22.4925 6.093333333333334 0.46000000000000024
1.0 0.4436689930209372 22.4925 5.933333333333334 0.47000000000000025
1.0 0.43768693918245266 22.4925 5.8533333333333335 0.48000000000000026
1.0 0.42771684945164506 22.4925 5.72 0.49000000000000027
1.0 0.4217347956131605 22.4925 5.64 0.5000000000000002
1.0 0.4187437686939183 22.4925 5.6 0.5100000000000002
1.0 0.4147557328015952 22.4925 5.546666666666667 0.5200000000000002
1.0 0.4127617148554337 22.4925 5.52 0.5300000000000002
1.0 0.4087736789631107 22.4925 5.466666666666667 0.5400000000000003
1.0 0.40279162512462613 22.4925 5.386666666666667 0.5500000000000003
1.0 0.39980059820538383 22.4925 5.346666666666667 0.5600000000000003
1.0 0.39780658025922233 22.4925 5.32 0.5700000000000003
1.0 0.39780658025922233 22.4925 5.32 0.5800000000000003
1.0 0.39780658025922233 22.4925 5.32 0.5900000000000003
1.0 0.39581256231306083 22.4925 5.293333333333333 0.6000000000000003
1.0 0.3938185443668993 22.4925 5.266666666666667 0.6100000000000003
1.0 0.39282153539381853 22.4925 5.253333333333333 0.6200000000000003
1.0 0.38783649052841473 22.4925 5.1866666666666665 0.6300000000000003
1.0 0.386839481555334 22.4925 5.173333333333333 0.6400000000000003
1.0 0.3818544366899302 22.4925 5.1066666666666665 0.6500000000000004
1.0 0.37387836490528414 22.4925 5.0 0.6600000000000004
1.0 0.3659022931206381 22.4925 4.8933333333333335 0.6700000000000004
1.0 0.35493519441674976 22.4925 4.746666666666667 0.6800000000000004
1.0 0.3389830508474576 22.4925 4.533333333333333 0.6900000000000004
1.0 0.32103688933200397 22.4925 4.293333333333333 0.7000000000000004
1.0 0.3000997008973081 22.4925 4.013333333333334 0.7100000000000004
1.0 0.2831505483549352 22.4925 3.7866666666666666 0.7200000000000004
1.0 0.2691924227318046 22.4925 3.6 0.7300000000000004
1.0 0.25523429710867396 22.4925 3.4133333333333336 0.7400000000000004
1.0 0.23928215353938184 22.4925 3.2 0.7500000000000004
1.0 0.22233300099700898 22.4925 2.973333333333333 0.7600000000000005
1.0 0.21136590229312063 22.4925 2.8266666666666667 0.7700000000000005
1.0 0.20039880358923232 22.4925 2.68 0.7800000000000005
1.0 0.19242273180458624 22.4925 2.5733333333333333 0.7900000000000005
1.0 0.18544366899302095 22.4925 2.48 0.8000000000000005
1.0 0.1814556331006979 22.4925 2.4266666666666667 0.8100000000000005
0.999888851839502 0.1814556331006979 22.49 2.4266666666666667 0.8200000000000005
0.9993331110370124 0.17547357926221335 22.4775 2.3466666666666667 0.8300000000000005
0.9984439257530288 0.17248255234297108 22.4575 2.3066666666666666 0.8400000000000005
0.9969989996665555 0.17048853439680958 22.425 2.28 0.8500000000000005
0.9956652217405801 0.1625124626121635 22.395 2.1733333333333333 0.8600000000000005
0.9932199622096254 0.15653040877367896 22.34 2.0933333333333333 0.8700000000000006
0.9915527398021563 0.1485543369890329 22.3025 1.9866666666666666 0.8800000000000006
0.9883294431477159 0.1415752741774676 22.23 1.8933333333333333 0.8900000000000006
0.9833277759253084 0.13359920239282153 22.1175 1.7866666666666666 0.9000000000000006
0.9779926642214072 0.12462612163509472 21.9975 1.6666666666666667 0.9100000000000006
0.9741024786039791 0.1106679960119641 21.91 1.48 0.9200000000000006
0.972324108036012 0.10468594217347957 21.87 1.4 0.9300000000000006
0.9696565521840613 0.09970089730807577 21.81 1.3333333333333333 0.9400000000000006
0.9675447371346004 0.09571286141575275 21.7625 1.28 0.9500000000000006
0.9662109592086251 0.09371884346959122 21.7325 1.2533333333333334 0.9600000000000006
0.9629876625541848 0.09371884346959122 21.66 1.2533333333333334 0.9700000000000006
0.9507613648994109 0.09371884346959122 21.385 1.2533333333333334 0.9800000000000006
0.9116372124041348 0.09371884346959122 20.505 1.2533333333333334 0.9900000000000007
0.0 0.0 0.0 0.0
