1.0 1.0 12.852857142857143 50.15 0.0
1.0 0.6799601196410767 12.852857142857143 34.1 0.01
1.0 0.5264207377866401 12.852857142857143 26.4 0.02
1.0 0.47258225324027914 12.852857142857143 23.7 0.03
1.0 0.4436689930209372 12.852857142857143 22.25 0.04
1.0 0.419740777666999 12.852857142857143 21.05 0.05
1.0 0.3848454636091725 12.852857142857143 19.3 0.060000000000000005
1.0 0.3848454636091725 12.852857142857143 19.3 0.07
1.0 0.3678963110667996 12.852857142857143 18.45 0.08
1.0 0.3509471585244267 12.852857142857143 17.6 0.09
1.0 0.33798604187437686 12.852857142857143 16.95 0.09999999999999999
1.0 0.3300099700897308 12.852857142857143 16.55 0.10999999999999999
1.0 0.3200398803589232 12.852857142857143 16.05 0.11999999999999998
1.0 0.3140578265204387 12.852857142857143 15.75 0.12999999999999998
1.0 0.30608175473579263 12.852857142857143 15.35 0.13999999999999999
1.0 0.3000997008973081 12.852857142857143 15.05 0.15
1.0 0.292123629112662 12.852857142857143 14.65 0.16
1.0 0.28015952143569295 12.852857142857143 14.05 0.17
1.0 0.25822532402791626 12.852857142857143 12.95 0.18000000000000002
1.0 0.2502492522432702 12.852857142857143 12.55 0.19000000000000003
1.0 0.2382851445663011 12.852857142857143 11.95 0.20000000000000004
1.0 0.22033898305084745 12.852857142857143 11.05 0.21000000000000005
1.0 0.2143569292123629 12.852857142857143 10.75 0.22000000000000006
1.0 0.20638085742771686 12.852857142857143 10.35 0.23000000000000007
1.0 0.2023928215353938 12.852857142857143 10.15 0.24000000000000007
1.0 0.19740777666999004 12.852857142857143 9.9 0.25000000000000006
1.0 0.193419740777667 12.852857142857143 9.7 0.26000000000000006
1.0 0.19242273180458624 12.852857142857143 9.65 0.2700000000000001
1.0 0.19042871385842472 12.852857142857143 9.55 0.2800000000000001
1.0 0.18743768693918245 12.852857142857143 9.4 0.2900000000000001
1.0 0.18344965104685942 12.852857142857143 9.2 0.3000000000000001
1.0 0.1814556331006979 12.852857142857143 9.1 0.3100000000000001
1.0 0.18045862412761715 12.852857142857143 9.05 0.3200000000000001
1.0 0.17746759720837488 12.852857142857143 8.9 0.3300000000000001
1.0 0.17647058823529413 12.852857142857143 8.85 0.34000000000000014
1.0 0.1744765702891326 12.852857142857143 8.75 0.35000000000000014
1.0 0.16849451645064806 12.852857142857143 8.45 0.36000000000000015
1.0 0.1625124626121635 12.852857142857143 8.15 0.37000000000000016
0.999888851839502 0.15653040877367896 12.851428571428572 7.85 0.38000000000000017
0.999888851839502 0.1535393818544367 12.851428571428572 7.7 0.3900000000000002
0.999888851839502 0.1485543369890329 12.851428571428572 7.45 0.4000000000000002
0.999888851839502 0.14257228315054835 12.851428571428572 7.15 0.4100000000000002
0.999888851839502 0.1345962113659023 12.851428571428572 6.75 0.4200000000000002
0.999888851839502 0.12662013958125623 12.851428571428572 6.35 0.4300000000000002
0.999888851839502 0.11964107676969092 12.851428571428572 6.0 0.4400000000000002
0.999888851839502 0.10767696909272183 12.851428571428572 5.4 0.45000000000000023
0.999888851839502 0.1036889332003988 12.851428571428572 5.2 0.46000000000000024
0.999888851839502 0.09970089730807577 12.851428571428572 5.0 0.47000000000000025
0.999888851839502 0.0967098703888335 12.851428571428572 4.85 0.48000000000000026
0.999888851839502 0.09571286141575275 12.851428571428572 4.8 0.49000000000000027
0.999888851839502 0.09172482552342971 12.851428571428572 4.6 0.5000000000000002
0.999888851839502 0.0897308075772682 12.851428571428572 4.5 0.5100000000000002
0.999888851839502 0.0847457627118644 12.851428571428572 4.25 0.5200000000000002
0.999888851839502 0.08275174476570289 12.851428571428572 4.15 0.5300000000000002
0.999888851839502 0.08075772681954138 12.851428571428572 4.05 0.5400000000000003
0.999888851839502 0.08075772681954138 12.851428571428572 4.05 0.5500000000000003
0.999888851839502 0.07976071784646062 12.851428571428572 4.0 0.5600000000000003
0.999888851839502 0.07976071784646062 12.851428571428572 4.0 0.5700000000000003
0.999888851839502 0.07976071784646062 12.851428571428572 4.0 0.5800000000000003
0.999888851839502 0.07876370887337986 12.851428571428572 3.95 0.5900000000000003
0.999888851839502 0.07776669990029911 12.851428571428572 3.9 0.6000000000000003
0.999888851839502 0.07577268195413758 12.851428571428572 3.8 0.6100000000000003
0.999888851839502 0.07577268195413758 12.851428571428572 3.8 0.6200000000000003
0.999888851839502 0.07577268195413758 12.851428571428572 3.8 0.6300000000000003
0.999888851839502 0.07577268195413758 12.851428571428572 3.8 0.6400000000000003
0.999888851839502 0.07577268195413758 12.851428571428572 3.8 0.6500000000000004
0.999888851839502 0.07377866400797607 12.851428571428572 3.7 0.6600000000000004
0.999888851839502 0.07278165503489531 12.851428571428572 3.65 0.6700000000000004
0.999888851839502 0.0707876370887338 12.851428571428572 3.55 0.6800000000000004
0.999888851839502 0.06979062811565304 12.851428571428572 3.5 0.6900000000000004
0.999888851839502 0.06580259222333001 12.851428571428572 3.3 0.7000000000000004
0.999888851839502 0.06181455633100698 12.851428571428572 3.1 0.7100000000000004
0.999888851839502 0.049850448654037885 12.851428571428572 2.5 0.7200000000000004
0.999888851839502 0.04685942173479561 12.851428571428572 2.35 0.7300000000000004
0.999888851839502 0.0448654037886341 12.851428571428572 2.25 0.7400000000000004
0.999888851839502 0.03988035892323031 12.851428571428572 2.0 0.7500000000000004
0.999888851839502 0.036889332003988036 12.851428571428572 1.85 0.7600000000000005
0.999888851839502 0.03389830508474576 12.851428571428572 1.7 0.7700000000000005
0.999888851839502 0.028913260219341975 12.851428571428572 1.45 0.7800000000000005
0.999888851839502 0.0259222333000997 12.851428571428572 1.3 0.7900000000000005
0.999888851839502 0.0259222333000997 12.851428571428572 1.3 0.8000000000000005
0.999888851839502 0.0259222333000997 12.851428571428572 1.3 0.8100000000000005
0.999888851839502 0.024925224327018942 12.851428571428572 1.25 0.8200000000000005
0.999888851839502 0.022931206380857428 12.851428571428572 1.15 0.8300000000000005
0.999888851839502 0.022931206380857428 12.851428571428572 1.15 0.8400000000000005
0.999888851839502 0.022931206380857428 12.851428571428572 1.15 0.8500000000000005
0.999888851839502 0.02193419740777667 12.851428571428572 1.1 0.8600000000000005
0.9996665555185061 0.019940179461615155 12.848571428571429 1.0 0.8700000000000006
0.9993331110370124 0.019940179461615155 12.844285714285714 1.0 0.8800000000000006
0.9992219628765144 0.015952143569292122 12.842857142857143 0.8 0.8900000000000006
0.9988885183950206 0.009970089730807577 12.838571428571429 0.5 0.9000000000000006
0.9987773702345226 0.007976071784646061 12.837142857142856 0.4 0.9100000000000006
0.9987773702345226 0.005982053838484547 12.837142857142856 0.3 0.9200000000000006
0.9987773702345226 0.003988035892323031 12.837142857142856 0.2 0.9300000000000006
0.9986662220740247 9.970089730807576E-4 12.835714285714285 0.05 0.9400000000000006
0.9983327775925308 0.0 12.831428571428571 0.0 0.9500000000000006
0.9979993331110371 0.0 12.827142857142857 0.0 0.9600000000000006
0.9976658886295432 0.0 12.822857142857142 0.0 0.9700000000000006
0.995998666222074 0.0 12.801428571428572 0.0 0.9800000000000006
0.9907747026786706 0.0 12.734285714285715 0.0 0.9900000000000007
0.0 0.0 0.0 0.0
