1.0 1.0 14.995 100.3 0.0
1.0 0.7726819541375872 14.995 77.5 0.01
1.0 0.6410767696909272 14.995 64.3 0.02
1.0 0.6001994017946162 14.995 60.2 0.03
1.0 0.5613160518444666 14.995 56.3 0.04
1.0 0.5413758723828515 14.995 54.3 0.05
1.0 0.4995014955134596 14.995 50.1 0.060000000000000005
1.0 0.4995014955134596 14.995 50.1 0.07
1.0 0.4835493519441675 14.995 48.5 0.08
1.0 0.46560319042871384 14.995 46.7 0.09
1.0 0.4506480558325025 14.995 45.2 0.09999999999999999
1.0 0.43968095712861416 14.995 44.1 0.10999999999999999
1.0 0.42971086739780656 14.995 43.1 0.11999999999999998
1.0 0.41774675972083747 14.995 41.9 0.12999999999999998
1.0 0.4087736789631107 14.995 41.0 0.13999999999999999
1.0 0.3988035892323031 14.995 40.0 0.15
1.0 0.38883349950149554 14.995 39.0 0.16
1.0 0.382851445663011 14.995 38.4 0.17
1.0 0.3589232303090728 14.995 36.0 0.18000000000000002
1.0 0.35194416749750745 14.995 35.3 0.19000000000000003
1.0 0.3389830508474576 14.995 34.0 0.20000000000000004
1.0 0.32602193419740777 14.995 32.7 0.21000000000000005
1.0 0.3200398803589232 14.995 32.1 0.22000000000000006
1.0 0.3140578265204387 14.995 31.5 0.23000000000000007
1.0 0.3050847457627119 14.995 30.6 0.24000000000000007
1.0 0.29810568295114653 14.995 29.9 0.25000000000000006
1.0 0.2931206380857428 14.995 29.4 0.26000000000000006
1.0 0.28913260219341974 14.995 29.0 0.2700000000000001
1.0 0.28614157527417744 14.995 28.7 0.2800000000000001
1.0 0.2851445663010967 14.995 28.6 0.2900000000000001
1.0 0.2811565304087737 14.995 28.2 0.3000000000000001
1.0 0.28015952143569295 14.995 28.1 0.3100000000000001
1.0 0.2781655034895314 14.995 27.9 0.3200000000000001
1.0 0.27218344965104685 14.995 27.3 0.3300000000000001
1.0 0.26719840478564305 14.995 26.8 0.34000000000000014
1.0 0.2662013958125623 14.995 26.7 0.35000000000000014
1.0 0.25822532402791626 14.995 25.9 0.36000000000000015
1.0 0.2542372881355932 14.995 25.5 0.37000000000000016
1.0 0.2472582253240279 14.995 24.8 0.38000000000000017
1.0 0.24027916251246262 14.995 24.1 0.3900000000000002
1.0 0.22831505483549352 14.995 22.9 0.4000000000000002
1.0 0.21635094715852443 14.995 21.7 0.4100000000000002
1.0 0.2073778664007976 14.995 20.8 0.4200000000000002
1.0 0.20039880358923232 14.995 20.1 0.4300000000000002
1.0 0.19042871385842472 14.995 19.1 0.4400000000000002
1.0 0.18743768693918245 14.995 18.8 0.45000000000000023
1.0 0.1794616151545364 14.995 18.0 0.46000000000000024
1.0 0.1674975074775673 14.995 16.8 0.47000000000000025
1.0 0.1585244267198405 14.995 15.9 0.48000000000000026
1.0 0.15653040877367896 14.995 15.7 0.49000000000000027
1.0 0.15453639082751744 14.995 15.5 0.5000000000000002
1.0 0.14955134596211367 14.995 15.0 0.5100000000000002
1.0 0.14356929212362912 14.995 14.4 0.5200000000000002
1.0 0.14257228315054835 14.995 14.3 0.5300000000000002
1.0 0.1415752741774676 14.995 14.2 0.5400000000000003
1.0 0.14057826520438685 14.995 14.1 0.5500000000000003
1.0 0.13858424725822532 14.995 13.9 0.5600000000000003
1.0 0.13559322033898305 14.995 13.6 0.5700000000000003
1.0 0.13559322033898305 14.995 13.6 0.5800000000000003
1.0 0.1345962113659023 14.995 13.5 0.5900000000000003
1.0 0.13359920239282153 14.995 13.4 0.6000000000000003
1.0 0.13260219341974078 14.995 13.3 0.6100000000000003
1.0 0.13160518444666003 14.995 13.2 0.6200000000000003
1.0 0.12761714855433698 14.995 12.8 0.6300000000000003
1.0 0.12662013958125623 14.995 12.7 0.6400000000000003
1.0 0.12662013958125623 14.995 12.7 0.6500000000000004
1.0 0.12362911266201396 14.995 12.4 0.6600000000000004
1.0 0.12362911266201396 14.995 12.4 0.6700000000000004
1.0 0.11964107676969092 14.995 12.0 0.6800000000000004
1.0 0.11465603190428714 14.995 11.5 0.6900000000000004
1.0 0.11465603190428714 14.995 11.5 0.7000000000000004
1.0 0.10767696909272183 14.995 10.8 0.7100000000000004
1.0 0.09371884346959122 14.995 9.4 0.7200000000000004
1.0 0.08574277168494517 14.995 8.6 0.7300000000000004
1.0 0.08275174476570289 14.995 8.3 0.7400000000000004
1.0 0.07976071784646062 14.995 8.0 0.7500000000000004
1.0 0.07477567298105683 14.995 7.5 0.7600000000000005
1.0 0.07178464606181456 14.995 7.2 0.7700000000000005
0.999888851839502 0.06679960119641076 14.993333333333334 6.7 0.7800000000000005
0.999888851839502 0.06181455633100698 14.993333333333334 6.2 0.7900000000000005
0.999888851839502 0.05982053838484546 14.993333333333334 6.0 0.8000000000000005
0.9997777036790041 0.053838484546360914 14.991666666666667 5.4 0.8100000000000005
0.9997777036790041 0.05284147557328016 14.991666666666667 5.3 0.8200000000000005
0.9996665555185061 0.0518444666001994 14.99 5.2 0.8300000000000005
0.9995554073580082 0.047856430707876374 14.988333333333333 4.8 0.8400000000000005
0.9993331110370124 0.045862412761714856 14.985 4.6 0.8500000000000005
0.9986662220740247 0.04386839481555334 14.975 4.4 0.8600000000000005
0.9983327775925308 0.03988035892323031 14.97 4.0 0.8700000000000006
0.9975547404690452 0.03389830508474576 14.958333333333334 3.4 0.8800000000000006
0.9968878515060575 0.026919242273180457 14.948333333333334 2.7 0.8900000000000006
0.9954429254195843 0.018943170488534396 14.926666666666666 1.9 0.9000000000000006
0.994220295654107 0.011964107676969093 14.908333333333333 1.2 0.9100000000000006
0.9936645548516172 0.007976071784646061 14.9 0.8 0.9200000000000006
0.9927753695676337 0.003988035892323031 14.886666666666667 0.4 0.9300000000000006
0.9916638879626543 0.0 14.87 0.0 0.9400000000000006
0.9899966655551851 0.0 14.845 0.0 0.9500000000000006
0.9883294431477159 0.0 14.82 0.0 0.9600000000000006
0.9863287762587529 0.0 14.79 0.0 0.9700000000000006
0.9825497388018228 0.0 14.733333333333333 0.0 0.9800000000000006
0.968211626097588 0.0 14.518333333333333 0.0 0.9900000000000007
0.0 0.0 0.0 0.0
