1.0 1.0 17.994 20.06 0.0
1.0 0.9042871385842473 17.994 18.14 0.01
1.0 0.8115653040877367 17.994 16.28 0.02
1.0 0.7706879361914257 17.994 15.46 0.03
1.0 0.7248255234297108 17.994 14.54 0.04
1.0 0.6949152542372882 17.994 13.94 0.05
1.0 0.6570289132602194 17.994 13.18 0.060000000000000005
1.0 0.6570289132602194 17.994 13.18 0.07
1.0 0.6400797607178464 17.994 12.84 0.08
1.0 0.6261216350947159 17.994 12.56 0.09
1.0 0.6081754735792622 17.994 12.2 0.09999999999999999
1.0 0.5962113659022931 17.994 11.96 0.10999999999999999
1.0 0.5902293120638086 17.994 11.84 0.11999999999999998
1.0 0.584247258225324 17.994 11.72 0.12999999999999998
1.0 0.5782652043868395 17.994 11.6 0.13999999999999999
1.0 0.5663010967098704 17.994 11.36 0.15
1.0 0.5543369890329013 17.994 11.12 0.16
1.0 0.5413758723828515 17.994 10.86 0.17
1.0 0.5124626121635095 17.994 10.28 0.18000000000000002
1.0 0.49750747756729813 17.994 9.98 0.19000000000000003
1.0 0.48454636091724823 17.994 9.72 0.20000000000000004
1.0 0.4785643070787637 17.994 9.6 0.21000000000000005
1.0 0.47357926221335994 17.994 9.5 0.22000000000000006
1.0 0.4646061814556331 17.994 9.32 0.23000000000000007
1.0 0.4596211365902293 17.994 9.22 0.24000000000000007
1.0 0.4556331006979063 17.994 9.14 0.25000000000000006
1.0 0.45164506480558325 17.994 9.06 0.26000000000000006
1.0 0.4506480558325025 17.994 9.04 0.2700000000000001
1.0 0.44865403788634095 17.994 9.0 0.2800000000000001
1.0 0.44865403788634095 17.994 9.0 0.2900000000000001
1.0 0.4476570289132602 17.994 8.98 0.3000000000000001
1.0 0.4456630109670987 17.994 8.94 0.3100000000000001
1.0 0.44466600199401796 17.994 8.92 0.3200000000000001
1.0 0.4436689930209372 17.994 8.9 0.3300000000000001
1.0 0.43968095712861416 17.994 8.82 0.34000000000000014
1.0 0.43768693918245266 17.994 8.78 0.35000000000000014
1.0 0.4307078763708873 17.994 8.64 0.36000000000000015
1.0 0.4247258225324028 17.994 8.52 0.37000000000000016
1.0 0.41774675972083747 17.994 8.38 0.38000000000000017
1.0 0.4107676969092722 17.994 8.24 0.3900000000000002
1.0 0.40079760717846463 17.994 8.04 0.4000000000000002
1.0 0.38883349950149554 17.994 7.8 0.4100000000000002
1.0 0.38085742771684944 17.994 7.64 0.4200000000000002
1.0 0.3708873379860419 17.994 7.44 0.4300000000000002
1.0 0.36191425722831505 17.994 7.26 0.4400000000000002
1.0 0.3509471585244267 17.994 7.04 0.45000000000000023
1.0 0.3339980059820538 17.994 6.7 0.46000000000000024
1.0 0.325024925224327 17.994 6.52 0.47000000000000025
1.0 0.3180458624127617 17.994 6.38 0.48000000000000026
1.0 0.3160518444666002 17.994 6.34 0.49000000000000027
1.0 0.3120638085742772 17.994 6.26 0.5000000000000002
1.0 0.3070787637088734 17.994 6.16 0.5100000000000002
1.0 0.3050847457627119 17.994 6.12 0.5200000000000002
1.0 0.30309072781655033 17.994 6.08 0.5300000000000002
1.0 0.3000997008973081 17.994 6.02 0.5400000000000003
1.0 0.3000997008973081 17.994 6.02 0.5500000000000003
1.0 0.29810568295114653 17.994 5.98 0.5600000000000003
1.0 0.2951146560319043 17.994 5.92 0.5700000000000003
1.0 0.2931206380857428 17.994 5.88 0.5800000000000003
1.0 0.2931206380857428 17.994 5.88 0.5900000000000003
1.0 0.29112662013958124 17.994 5.84 0.6000000000000003
1.0 0.28913260219341974 17.994 5.8 0.6100000000000003
1.0 0.288135593220339 17.994 5.78 0.6200000000000003
1.0 0.28215353938185445 17.994 5.66 0.6300000000000003
1.0 0.28015952143569295 17.994 5.62 0.6400000000000003
1.0 0.2781655034895314 17.994 5.58 0.6500000000000004
1.0 0.2741774675972084 17.994 5.5 0.6600000000000004
1.0 0.26719840478564305 17.994 5.36 0.6700000000000004
1.0 0.25822532402791626 17.994 5.18 0.6800000000000004
1.0 0.24825523429710866 17.994 4.98 0.6900000000000004
1.0 0.23429710867397807 17.994 4.7 0.7000000000000004
1.0 0.226321036889332 17.994 4.54 0.7100000000000004
1.0 0.2073778664007976 17.994 4.16 0.7200000000000004
1.0 0.19740777666999004 17.994 3.96 0.7300000000000004
1.0 0.17846460618145563 17.994 3.58 0.7400000000000004
1.0 0.1575274177467597 17.994 3.16 0.7500000000000004
1.0 0.14755732801595214 17.994 2.96 0.7600000000000005
1.0 0.13958125623130607 17.994 2.8 0.7700000000000005
1.0 0.1296111665004985 17.994 2.6 0.7800000000000005
1.0 0.11864406779661017 17.994 2.38 0.7900000000000005
1.0 0.11665004985044865 17.994 2.34 0.8000000000000005
1.0 0.10867397806580259 17.994 2.18 0.8100000000000005
0.9996665555185061 0.10568295114656032 17.988 2.12 0.8200000000000005
0.9994442591975102 0.1016949152542373 17.984 2.04 0.8300000000000005
0.9988885183950206 0.0967098703888335 17.974 1.94 0.8400000000000005
0.9978881849505391 0.09272183449651047 17.956 1.86 0.8500000000000005
0.9971101478270534 0.08673978065802593 17.942 1.74 0.8600000000000005
0.9944425919751028 0.0847457627118644 17.894 1.7 0.8700000000000006
0.99188618428365 0.07377866400797607 17.848 1.48 0.8800000000000006
0.9883294431477159 0.06281156530408774 17.784 1.26 0.8900000000000006
0.9853284428142715 0.053838484546360914 17.73 1.08 0.9000000000000006
0.9823274424808269 0.03988035892323031 17.676 0.8 0.9100000000000006
0.9793264421473825 0.024925224327018942 17.622 0.5 0.9200000000000006
0.9764365899744359 0.01296111665004985 17.57 0.26 0.9300000000000006
0.9747693675669667 0.007976071784646061 17.54 0.16 0.9400000000000006
0.9726575525175059 0.005982053838484547 17.502 0.12 0.9500000000000006
0.970545737468045 0.0 17.464 0.0 0.9600000000000006
0.9658775147271312 0.0 17.38 0.0 0.9700000000000006
0.9562076247638102 0.0 17.206 0.0 0.9800000000000006
0.9220851394909414 0.0 16.592 0.0 0.9900000000000007
0.0 0.0 0.0 0.0
