1.0 1.0 29.99 25.075 0.0
1.0 0.9481555333998006 29.99 23.775 0.01
1.0 0.8953140578265204 29.99 22.45 0.02
1.0 0.8783649052841476 29.99 22.025 0.03
1.0 0.8554336989032901 29.99 21.45 0.04
1.0 0.8354935194416749 29.99 20.95 0.05
1.0 0.7996011964107677 29.99 20.05 0.060000000000000005
1.0 0.7996011964107677 29.99 20.05 0.07
1.0 0.7866400797607178 29.99 19.725 0.08
1.0 0.7806580259222333 29.99 19.575 0.09
1.0 0.7756729810568295 29.99 19.45 0.09999999999999999
1.0 0.769690927218345 29.99 19.3 0.10999999999999999
1.0 0.7627118644067796 29.99 19.125 0.11999999999999998
1.0 0.7577268195413759 29.99 19.0 0.12999999999999998
1.0 0.7557328015952144 29.99 18.95 0.13999999999999999
1.0 0.7537387836490529 29.99 18.9 0.15
1.0 0.7467597208374875 29.99 18.725 0.16
1.0 0.7377866400797607 29.99 18.5 0.17
1.0 0.7228315054835494 29.99 18.125 0.18000000000000002
1.0 0.7168494516450648 29.99 17.975 0.19000000000000003
1.0 0.707876370887338 29.99 17.75 0.20000000000000004
1.0 0.6959122632103689 29.99 17.45 0.21000000000000005
1.0 0.6899302093718843 29.99 17.3 0.22000000000000006
1.0 0.6859421734795613 29.99 17.2 0.23000000000000007
1.0 0.6809571286141576 29.99 17.075 0.24000000000000007
1.0 0.6759720837487537 29.99 16.95 0.25000000000000006
1.0 0.6739780658025922 29.99 16.9 0.26000000000000006
1.0 0.6729810568295115 29.99 16.875 0.2700000000000001
1.0 0.6699900299102692 29.99 16.8 0.2800000000000001
1.0 0.6689930209371885 29.99 16.775 0.2900000000000001
1.0 0.6679960119641076 29.99 16.75 0.3000000000000001
1.0 0.6640079760717846 29.99 16.65 0.3100000000000001
1.0 0.6610169491525424 29.99 16.575 0.3200000000000001
1.0 0.6580259222333001 29.99 16.5 0.3300000000000001
1.0 0.6570289132602194 29.99 16.475 0.34000000000000014
1.0 0.654037886340977 29.99 16.4 0.35000000000000014
1.0 0.6520438683948155 29.99 16.35 0.36000000000000015
1.0 0.646061814556331 29.99 16.2 0.37000000000000016
1.0 0.6390827517447657 29.99 16.025 0.38000000000000017
1.0 0.634097706879362 29.99 15.9 0.3900000000000002
1.0 0.6231306081754736 29.99 15.625 0.4000000000000002
1.0 0.6111665004985045 29.99 15.325 0.4100000000000002
1.0 0.5992023928215354 29.99 15.025 0.4200000000000002
1.0 0.5882352941176471 29.99 14.75 0.4300000000000002
1.0 0.580259222333001 29.99 14.55 0.4400000000000002
1.0 0.5752741774675972 29.99 14.425 0.45000000000000023
1.0 0.5663010967098704 29.99 14.2 0.46000000000000024
1.0 0.555333998005982 29.99 13.925 0.47000000000000025
1.0 0.5463609172482552 29.99 13.7 0.48000000000000026
1.0 0.5383848454636092 29.99 13.5 0.49000000000000027
1.0 0.5343968095712861 29.99 13.4 0.5000000000000002
1.0 0.5314057826520439 29.99 13.325 0.5100000000000002
1.0 0.5244267198404786 29.99 13.15 0.5200000000000002
1.0 0.5214356929212363 29.99 13.075 0.5300000000000002
1.0 0.514456630109671 29.99 12.9 0.5400000000000003
1.0 0.5134596211365903 29.99 12.875 0.5500000000000003
1.0 0.5114656031904287 29.99 12.825 0.5600000000000003
1.0 0.5074775672981057 29.99 12.725 0.5700000000000003
1.0 0.5044865403788634 29.99 12.65 0.5800000000000003
1.0 0.5034895314057827 29.99 12.625 0.5900000000000003
1.0 0.49750747756729813 29.99 12.475 0.6000000000000003
1.0 0.4915254237288136 29.99 12.325 0.6100000000000003
1.0 0.4865403788634098 29.99 12.2 0.6200000000000003
1.0 0.48255234297108673 29.99 12.1 0.6300000000000003
1.0 0.4795613160518445 29.99 12.025 0.6400000000000003
1.0 0.47557328015952144 29.99 11.925 0.6500000000000004
1.0 0.46360917248255235 29.99 11.625 0.6600000000000004
1.0 0.45363908275174475 29.99 11.375 0.6700000000000004
1.0 0.43668993020937186 29.99 10.95 0.6800000000000004
1.0 0.41575274177467597 29.99 10.425 0.6900000000000004
1.0 0.40279162512462613 29.99 10.1 0.7000000000000004
1.0 0.3818544366899302 29.99 9.575 0.7100000000000004
1.0 0.35493519441674976 29.99 8.9 0.7200000000000004
1.0 0.3369890329012961 29.99 8.45 0.7300000000000004
1.0 0.30807577268195413 29.99 7.725 0.7400000000000004
1.0 0.28713858424725824 29.99 7.2 0.7500000000000004
1.0 0.2691924227318046 29.99 6.75 0.7600000000000005
1.0 0.2542372881355932 29.99 6.375 0.7700000000000005
1.0 0.24426719840478564 29.99 6.125 0.7800000000000005
0.999888851839502 0.24127617148554337 29.986666666666668 6.05 0.7900000000000005
0.9996665555185061 0.23529411764705882 29.98 5.9 0.8000000000000005
0.9993331110370124 0.23030907278165502 29.97 5.775 0.8100000000000005
0.9987773702345226 0.226321036889332 29.953333333333333 5.675 0.8200000000000005
0.998110481271535 0.22333000997008973 29.933333333333334 5.6 0.8300000000000005
0.9969989996665555 0.21834496510468593 29.9 5.475 0.8400000000000005
0.994109147493609 0.21535393818544366 29.813333333333333 5.4 0.8500000000000005
0.9891074802712015 0.19940179461615154 29.663333333333334 5.0 0.8600000000000005
0.9826608869623208 0.19042871385842472 29.47 4.775 0.8700000000000006
0.9746582194064688 0.1744765702891326 29.23 4.375 0.8800000000000006
0.9647660331221518 0.1585244267198405 28.933333333333334 3.975 0.8900000000000006
0.952650883627876 0.12662013958125623 28.57 3.175 0.9000000000000006
0.9405357341336001 0.09172482552342971 28.206666666666667 2.3 0.9100000000000006
0.9300878070467934 0.06480558325024925 27.893333333333334 1.625 0.9200000000000006
0.9214182505279538 0.0518444666001994 27.633333333333333 1.3 0.9300000000000006
0.9146382127375792 0.03589232303090728 27.43 0.9 0.9400000000000006
0.9078581749472047 0.027916251246261216 27.226666666666667 0.7 0.9500000000000006
0.8996332110703568 0.020937188434695914 26.98 0.525 0.9600000000000006
0.891297099033011 0.019940179461615155 26.73 0.5 0.9700000000000006
0.869512059575414 0.019940179461615155 26.076666666666668 0.5 0.9800000000000006
0.8032677559186395 0.019940179461615155 24.09 0.5 0.9900000000000007
0.0 0.0 0.0 0.0
