1.0 1.0 17.994 33.43333333333333 0.0
1.0 0.9132602193419741 17.994 30.533333333333335 0.01
1.0 0.8364905284147557 17.994 27.966666666666665 0.02
1.0 0.7966101694915254 17.994 26.633333333333333 0.03
1.0 0.7726819541375872 17.994 25.833333333333332 0.04
1.0 0.752741774675972 17.994 25.166666666666668 0.05
1.0 0.7178464606181456 17.994 24.0 0.060000000000000005
1.0 0.7178464606181456 17.994 24.0 0.07
1.0 0.7098703888334995 17.994 23.733333333333334 0.08
1.0 0.6979062811565304 17.994 23.333333333333332 0.09
1.0 0.6869391824526421 17.994 22.966666666666665 0.09999999999999999
1.0 0.67098703888335 17.994 22.433333333333334 0.10999999999999999
1.0 0.6620139581256231 17.994 22.133333333333333 0.11999999999999998
1.0 0.6560319042871385 17.994 21.933333333333334 0.12999999999999998
1.0 0.6530408773678963 17.994 21.833333333333332 0.13999999999999999
1.0 0.6470588235294118 17.994 21.633333333333333 0.15
1.0 0.6350947158524427 17.994 21.233333333333334 0.16
1.0 0.6181455633100698 17.994 20.666666666666668 0.17
1.0 0.6001994017946162 17.994 20.066666666666666 0.18000000000000002
1.0 0.5952143569292123 17.994 19.9 0.19000000000000003
1.0 0.5872382851445663 17.994 19.633333333333333 0.20000000000000004
1.0 0.580259222333001 17.994 19.4 0.21000000000000005
1.0 0.5692921236291126 17.994 19.033333333333335 0.22000000000000006
1.0 0.5653040877367896 17.994 18.9 0.23000000000000007
1.0 0.5613160518444666 17.994 18.766666666666666 0.24000000000000007
1.0 0.5523429710867398 17.994 18.466666666666665 0.25000000000000006
1.0 0.5483549351944168 17.994 18.333333333333332 0.26000000000000006
1.0 0.53938185443669 17.994 18.033333333333335 0.2700000000000001
1.0 0.5343968095712861 17.994 17.866666666666667 0.2800000000000001
1.0 0.5304087736789631 17.994 17.733333333333334 0.2900000000000001
1.0 0.5284147557328016 17.994 17.666666666666668 0.3000000000000001
1.0 0.522432701894317 17.994 17.466666666666665 0.3100000000000001
1.0 0.5174476570289133 17.994 17.3 0.3200000000000001
1.0 0.5164506480558325 17.994 17.266666666666666 0.3300000000000001
1.0 0.514456630109671 17.994 17.2 0.34000000000000014
1.0 0.5114656031904287 17.994 17.1 0.35000000000000014
1.0 0.5094715852442672 17.994 17.033333333333335 0.36000000000000015
1.0 0.5044865403788634 17.994 16.866666666666667 0.37000000000000016
1.0 0.4995014955134596 17.994 16.7 0.38000000000000017
1.0 0.4935194416749751 17.994 16.5 0.3900000000000002
1.0 0.48953140578265203 17.994 16.366666666666667 0.4000000000000002
1.0 0.48454636091724823 17.994 16.2 0.4100000000000002
1.0 0.481555333998006 17.994 16.1 0.4200000000000002
1.0 0.4745762711864407 17.994 15.866666666666667 0.4300000000000002
1.0 0.46859421734795614 17.994 15.666666666666666 0.4400000000000002
1.0 0.46161515453639085 17.994 15.433333333333334 0.45000000000000023
1.0 0.4506480558325025 17.994 15.066666666666666 0.46000000000000024
1.0 0.4476570289132602 17.994 14.966666666666667 0.47000000000000025
1.0 0.44167497507477566 17.994 14.766666666666667 0.48000000000000026
1.0 0.43668993020937186 17.994 14.6 0.49000000000000027
1.0 0.43469591226321036 17.994 14.533333333333333 0.5000000000000002
1.0 0.4307078763708873 17.994 14.4 0.5100000000000002
1.0 0.4267198404785643 17.994 14.266666666666667 0.5200000000000002
1.0 0.42073778664007977 17.994 14.066666666666666 0.5300000000000002
1.0 0.4147557328015952 17.994 13.866666666666667 0.5400000000000003
1.0 0.4087736789631107 17.994 13.666666666666666 0.5500000000000003
1.0 0.4047856430707876 17.994 13.533333333333333 0.5600000000000003
1.0 0.4017946161515454 17.994 13.433333333333334 0.5700000000000003
1.0 0.39780658025922233 17.994 13.3 0.5800000000000003
1.0 0.3948155533399801 17.994 13.2 0.5900000000000003
1.0 0.39082751744765704 17.994 13.066666666666666 0.6000000000000003
1.0 0.3898305084745763 17.994 13.033333333333333 0.6100000000000003
1.0 0.386839481555334 17.994 12.933333333333334 0.6200000000000003
1.0 0.386839481555334 17.994 12.933333333333334 0.6300000000000003
1.0 0.3848454636091725 17.994 12.866666666666667 0.6400000000000003
1.0 0.382851445663011 17.994 12.8 0.6500000000000004
1.0 0.38085742771684944 17.994 12.733333333333333 0.6600000000000004
1.0 0.3798604187437687 17.994 12.7 0.6700000000000004
1.0 0.3708873379860419 17.994 12.4 0.6800000000000004
1.0 0.36490528414755735 17.994 12.2 0.6900000000000004
1.0 0.35992023928215355 17.994 12.033333333333333 0.7000000000000004
1.0 0.35493519441674976 17.994 11.866666666666667 0.7100000000000004
1.0 0.3469591226321037 17.994 11.6 0.7200000000000004
1.0 0.33798604187437686 17.994 11.3 0.7300000000000004
1.0 0.32901296111665007 17.994 11.0 0.7400000000000004
1.0 0.3200398803589232 17.994 10.7 0.7500000000000004
1.0 0.3160518444666002 17.994 10.566666666666666 0.7600000000000005
1.0 0.3100697906281156 17.994 10.366666666666667 0.7700000000000005
1.0 0.2951146560319043 17.994 9.866666666666667 0.7800000000000005
0.999888851839502 0.2901296111665005 17.992 9.7 0.7900000000000005
0.999888851839502 0.28215353938185445 17.992 9.433333333333334 0.8000000000000005
0.999888851839502 0.27716849451645065 17.992 9.266666666666667 0.8100000000000005
0.999888851839502 0.2711864406779661 17.992 9.066666666666666 0.8200000000000005
0.9995554073580082 0.2642073778664008 17.986 8.833333333333334 0.8300000000000005
0.9989996665555185 0.25822532402791626 17.976 8.633333333333333 0.8400000000000005
0.9985550739135267 0.2522432701894317 17.968 8.433333333333334 0.8500000000000005
0.9976658886295432 0.24426719840478564 17.952 8.166666666666666 0.8600000000000005
0.9962209625430699 0.23728813559322035 17.926 7.933333333333334 0.8700000000000006
0.9938868511726131 0.23030907278165502 17.884 7.7 0.8800000000000006
0.9922196287651439 0.22432701894317048 17.854 7.5 0.8900000000000006
0.9887740357897077 0.2123629112662014 17.792 7.1 0.9000000000000006
0.9858841836167611 0.19940179461615154 17.74 6.666666666666667 0.9100000000000006
0.9837723685673002 0.18943170488534397 17.702 6.333333333333333 0.9200000000000006
0.9818828498388351 0.17647058823529413 17.668 5.9 0.9300000000000006
0.980215627431366 0.16650049850448653 17.638 5.566666666666666 0.9400000000000006
0.9785484050238968 0.1535393818544367 17.608 5.133333333333334 0.9500000000000006
0.9764365899744359 0.13858424725822532 17.57 4.633333333333334 0.9600000000000006
0.9736578859619873 0.12362911266201396 17.52 4.133333333333334 0.9700000000000006
0.9660998110481271 0.09970089730807577 17.384 3.3333333333333335 0.9800000000000006
0.9397576970101145 0.07278165503489531 16.91 2.433333333333333 0.9900000000000007
0.0 0.0 0.0 0.0
