1.0 1.0 89.97 Infinity 0.0
1.0 0.9990029910269193 89.97 Infinity 0.01
1.0 0.9880358923230309 89.97 Infinity 0.02
1.0 0.9860418743768694 89.97 Infinity 0.03
1.0 0.9840478564307079 89.97 Infinity 0.04
1.0 0.9800598205383848 89.97 Infinity 0.05
1.0 0.9760717846460618 89.97 Infinity 0.060000000000000005
1.0 0.9760717846460618 89.97 Infinity 0.07
1.0 0.9750747756729811 89.97 Infinity 0.08
1.0 0.9720837487537388 89.97 Infinity 0.09
1.0 0.9690927218344965 89.97 Infinity 0.09999999999999999
1.0 0.967098703888335 89.97 Infinity 0.10999999999999999
1.0 0.9651046859421735 89.97 Infinity 0.11999999999999998
1.0 0.963110667996012 89.97 Infinity 0.12999999999999998
1.0 0.9611166500498505 89.97 Infinity 0.13999999999999999
1.0 0.9601196410767697 89.97 Infinity 0.15
1.0 0.9581256231306082 89.97 Infinity 0.16
1.0 0.9571286141575274 89.97 Infinity 0.17
1.0 0.9551345962113659 89.97 Infinity 0.18000000000000002
1.0 0.9491525423728814 89.97 Infinity 0.19000000000000003
1.0 0.9481555333998006 89.97 Infinity 0.20000000000000004
1.0 0.9471585244267199 89.97 Infinity 0.21000000000000005
1.0 0.9461615154536391 89.97 Infinity 0.22000000000000006
1.0 0.9431704885343968 89.97 Infinity 0.23000000000000007
1.0 0.9401794616151545 89.97 Infinity 0.24000000000000007
1.0 0.938185443668993 89.97 Infinity 0.25000000000000006
1.0 0.938185443668993 89.97 Infinity 0.26000000000000006
1.0 0.938185443668993 89.97 Infinity 0.2700000000000001
1.0 0.938185443668993 89.97 Infinity 0.2800000000000001
1.0 0.938185443668993 89.97 Infinity 0.2900000000000001
1.0 0.9371884346959123 89.97 Infinity 0.3000000000000001
1.0 0.9332003988035892 89.97 Infinity 0.3100000000000001
1.0 0.9322033898305084 89.97 Infinity 0.3200000000000001
1.0 0.9322033898305084 89.97 Infinity 0.3300000000000001
1.0 0.9322033898305084 89.97 Infinity 0.34000000000000014
1.0 0.9292123629112662 89.97 Infinity 0.35000000000000014
1.0 0.9262213359920239 89.97 Infinity 0.36000000000000015
1.0 0.9242273180458624 89.97 Infinity 0.37000000000000016
1.0 0.9242273180458624 89.97 Infinity 0.38000000000000017
1.0 0.9232303090727817 89.97 Infinity 0.3900000000000002
1.0 0.9192422731804586 89.97 Infinity 0.4000000000000002
1.0 0.9142572283150548 89.97 Infinity 0.4100000000000002
1.0 0.9112662013958126 89.97 Infinity 0.4200000000000002
1.0 0.905284147557328 89.97 Infinity 0.4300000000000002
1.0 0.9022931206380858 89.97 Infinity 0.4400000000000002
1.0 0.8953140578265204 89.97 Infinity 0.45000000000000023
1.0 0.8913260219341974 89.97 Infinity 0.46000000000000024
1.0 0.8873379860418744 89.97 Infinity 0.47000000000000025
1.0 0.8813559322033898 89.97 Infinity 0.48000000000000026
1.0 0.8803589232303091 89.97 Infinity 0.49000000000000027
1.0 0.8793619142572283 89.97 Infinity 0.5000000000000002
1.0 0.8783649052841476 89.97 Infinity 0.5100000000000002
1.0 0.8763708873379861 89.97 Infinity 0.5200000000000002
1.0 0.8753738783649053 89.97 Infinity 0.5300000000000002
1.0 0.8743768693918246 89.97 Infinity 0.5400000000000003
1.0 0.8733798604187437 89.97 Infinity 0.5500000000000003
1.0 0.8733798604187437 89.97 Infinity 0.5600000000000003
1.0 0.8733798604187437 89.97 Infinity 0.5700000000000003
1.0 0.872382851445663 89.97 Infinity 0.5800000000000003
1.0 0.872382851445663 89.97 Infinity 0.5900000000000003
1.0 0.8703888334995015 89.97 Infinity 0.6000000000000003
1.0 0.86839481555334 89.97 Infinity 0.6100000000000003
1.0 0.86839481555334 89.97 Infinity 0.6200000000000003
1.0 0.8634097706879362 89.97 Infinity 0.6300000000000003
1.0 0.8614157527417746 89.97 Infinity 0.6400000000000003
1.0 0.8594217347956131 89.97 Infinity 0.6500000000000004
1.0 0.8534396809571286 89.97 Infinity 0.6600000000000004
1.0 0.8454636091724825 89.97 Infinity 0.6700000000000004
1.0 0.8364905284147557 89.97 Infinity 0.6800000000000004
1.0 0.8265204386839482 89.97 Infinity 0.6900000000000004
1.0 0.8205383848454636 89.97 Infinity 0.7000000000000004
1.0 0.8055832502492523 89.97 Infinity 0.7100000000000004
1.0 0.7916251246261217 89.97 Infinity 0.7200000000000004
1.0 0.7726819541375872 89.97 Infinity 0.7300000000000004
1.0 0.7557328015952144 89.97 Infinity 0.7400000000000004
1.0 0.7417746759720838 89.97 Infinity 0.7500000000000004
1.0 0.732801595214357 89.97 Infinity 0.7600000000000005
0.999888851839502 0.7168494516450648 89.96 Infinity 0.7700000000000005
0.9997777036790041 0.707876370887338 89.95 Infinity 0.7800000000000005
0.9992219628765144 0.7038883349950149 89.9 Infinity 0.7900000000000005
0.9988885183950206 0.7018943170488534 89.87 Infinity 0.8000000000000005
0.9969989996665555 0.6959122632103689 89.7 Infinity 0.8100000000000005
0.994109147493609 0.6949152542372882 89.44 Infinity 0.8200000000000005
0.9882182949872179 0.6859421734795613 88.91 Infinity 0.8300000000000005
0.978214960542403 0.6729810568295115 88.01 Infinity 0.8400000000000005
0.9613204401467156 0.6580259222333001 86.49 Infinity 0.8500000000000005
0.9319773257752584 0.6061814556331007 83.85 Infinity 0.8600000000000005
0.8858508391686117 0.5453639082751744 79.7 Infinity 0.8700000000000006
0.8293875736356563 0.4865403788634098 74.62 Infinity 0.8800000000000006
0.7558074913860175 0.4217347956131605 68.0 Infinity 0.8900000000000006
0.6771145937534734 0.3240279162512463 60.92 Infinity 0.9000000000000006
0.5970879181949539 0.22233300099700898 53.72 Infinity 0.9100000000000006
0.5293986884517061 0.14356929212362912 47.63 Infinity 0.9200000000000006
0.48282760920306766 0.07377866400797607 43.44 Infinity 0.9300000000000006
0.44270312326331 0.04187437686939183 39.83 Infinity 0.9400000000000006
0.42069578748471714 0.018943170488534396 37.85 Infinity 0.9500000000000006
0.4084694898299433 0.004985044865403789 36.75 Infinity 0.9600000000000006
0.3983550072246304 0.0029910269192422734 35.84 Infinity 0.9700000000000006
0.3674558186062021 0.0019940179461615153 33.06 Infinity 0.9800000000000006
0.2824274758252751 9.970089730807576E-4 25.41 Infinity 0.9900000000000007
0.0 0.0 0.0 0.0
