1.0 1.0 12.852857142857143 20.06 0.0
1.0 0.67098703888335 12.852857142857143 13.46 0.01
1.0 0.5363908275174477 12.852857142857143 10.76 0.02
1.0 0.4795613160518445 12.852857142857143 9.62 0.03
1.0 0.43968095712861416 12.852857142857143 8.82 0.04
1.0 0.4097706879361914 12.852857142857143 8.22 0.05
1.0 0.37188434695912265 12.852857142857143 7.46 0.060000000000000005
1.0 0.37188434695912265 12.852857142857143 7.46 0.07
1.0 0.35493519441674976 12.852857142857143 7.12 0.08
1.0 0.3419740777666999 12.852857142857143 6.86 0.09
1.0 0.32901296111665007 12.852857142857143 6.6 0.09999999999999999
1.0 0.3220338983050847 12.852857142857143 6.46 0.10999999999999999
1.0 0.3120638085742772 12.852857142857143 6.26 0.11999999999999998
1.0 0.3000997008973081 12.852857142857143 6.02 0.12999999999999998
1.0 0.2951146560319043 12.852857142857143 5.92 0.13999999999999999
1.0 0.29112662013958124 12.852857142857143 5.84 0.15
1.0 0.27916251246261214 12.852857142857143 5.6 0.16
1.0 0.2711864406779661 12.852857142857143 5.44 0.17
1.0 0.26021934197407776 12.852857142857143 5.22 0.18000000000000002
1.0 0.24925224327018944 12.852857142857143 5.0 0.19000000000000003
1.0 0.24127617148554337 12.852857142857143 4.84 0.20000000000000004
1.0 0.23429710867397807 12.852857142857143 4.7 0.21000000000000005
1.0 0.2313060817547358 12.852857142857143 4.64 0.22000000000000006
1.0 0.22831505483549352 12.852857142857143 4.58 0.23000000000000007
1.0 0.22033898305084745 12.852857142857143 4.42 0.24000000000000007
1.0 0.21834496510468593 12.852857142857143 4.38 0.25000000000000006
1.0 0.21635094715852443 12.852857142857143 4.34 0.26000000000000006
1.0 0.2143569292123629 12.852857142857143 4.3 0.2700000000000001
1.0 0.21335992023928216 12.852857142857143 4.28 0.2800000000000001
1.0 0.21036889332003988 12.852857142857143 4.22 0.2900000000000001
1.0 0.21036889332003988 12.852857142857143 4.22 0.3000000000000001
1.0 0.21036889332003988 12.852857142857143 4.22 0.3100000000000001
1.0 0.21036889332003988 12.852857142857143 4.22 0.3200000000000001
1.0 0.20837487537387836 12.852857142857143 4.18 0.3300000000000001
1.0 0.20438683948155534 12.852857142857143 4.1 0.34000000000000014
1.0 0.2033898305084746 12.852857142857143 4.08 0.35000000000000014
1.0 0.20139581256231306 12.852857142857143 4.04 0.36000000000000015
1.0 0.19641076769690927 12.852857142857143 3.94 0.37000000000000016
1.0 0.19441674975074777 12.852857142857143 3.9 0.38000000000000017
1.0 0.18843469591226322 12.852857142857143 3.78 0.3900000000000002
1.0 0.18743768693918245 12.852857142857143 3.76 0.4000000000000002
1.0 0.1794616151545364 12.852857142857143 3.6 0.4100000000000002
1.0 0.1694915254237288 12.852857142857143 3.4 0.4200000000000002
1.0 0.16450648055832504 12.852857142857143 3.3 0.4300000000000002
1.0 0.1575274177467597 12.852857142857143 3.16 0.4400000000000002
1.0 0.14257228315054835 12.852857142857143 2.86 0.45000000000000023
1.0 0.1345962113659023 12.852857142857143 2.7 0.46000000000000024
1.0 0.1296111665004985 12.852857142857143 2.6 0.47000000000000025
1.0 0.12761714855433698 12.852857142857143 2.56 0.48000000000000026
1.0 0.12462612163509472 12.852857142857143 2.5 0.49000000000000027
1.0 0.11764705882352941 12.852857142857143 2.36 0.5000000000000002
1.0 0.1156530408773679 12.852857142857143 2.32 0.5100000000000002
1.0 0.11465603190428714 12.852857142857143 2.3 0.5200000000000002
1.0 0.11266201395812563 12.852857142857143 2.26 0.5300000000000002
1.0 0.10967098703888335 12.852857142857143 2.2 0.5400000000000003
1.0 0.10667996011964108 12.852857142857143 2.14 0.5500000000000003
1.0 0.1036889332003988 12.852857142857143 2.08 0.5600000000000003
1.0 0.1036889332003988 12.852857142857143 2.08 0.5700000000000003
1.0 0.10269192422731804 12.852857142857143 2.06 0.5800000000000003
1.0 0.10069790628115653 12.852857142857143 2.02 0.5900000000000003
1.0 0.10069790628115653 12.852857142857143 2.02 0.6000000000000003
1.0 0.09770687936191426 12.852857142857143 1.96 0.6100000000000003
1.0 0.0967098703888335 12.852857142857143 1.94 0.6200000000000003
1.0 0.0967098703888335 12.852857142857143 1.94 0.6300000000000003
1.0 0.09471585244267199 12.852857142857143 1.9 0.6400000000000003
1.0 0.09471585244267199 12.852857142857143 1.9 0.6500000000000004
1.0 0.0897308075772682 12.852857142857143 1.8 0.6600000000000004
1.0 0.08873379860418744 12.852857142857143 1.78 0.6700000000000004
1.0 0.08773678963110668 12.852857142857143 1.76 0.6800000000000004
1.0 0.08374875373878365 12.852857142857143 1.68 0.6900000000000004
1.0 0.08075772681954138 12.852857142857143 1.62 0.7000000000000004
1.0 0.07976071784646062 12.852857142857143 1.6 0.7100000000000004
1.0 0.07278165503489531 12.852857142857143 1.46 0.7200000000000004
1.0 0.0707876370887338 12.852857142857143 1.42 0.7300000000000004
1.0 0.06380857427716849 12.852857142857143 1.28 0.7400000000000004
1.0 0.05782652043868395 12.852857142857143 1.16 0.7500000000000004
1.0 0.053838484546360914 12.852857142857143 1.08 0.7600000000000005
1.0 0.047856430707876374 12.852857142857143 0.96 0.7700000000000005
1.0 0.04685942173479561 12.852857142857143 0.94 0.7800000000000005
1.0 0.0448654037886341 12.852857142857143 0.9 0.7900000000000005
1.0 0.04287138584247258 12.852857142857143 0.86 0.8000000000000005
1.0 0.04187437686939183 12.852857142857143 0.84 0.8100000000000005
1.0 0.04187437686939183 12.852857142857143 0.84 0.8200000000000005
1.0 0.038883349950149554 12.852857142857143 0.78 0.8300000000000005
1.0 0.036889332003988036 12.852857142857143 0.74 0.8400000000000005
0.999888851839502 0.03589232303090728 12.851428571428572 0.72 0.8500000000000005
0.999888851839502 0.03589232303090728 12.851428571428572 0.72 0.8600000000000005
0.9997777036790041 0.03290129611166501 12.85 0.66 0.8700000000000006
0.9995554073580082 0.031904287138584245 12.847142857142858 0.64 0.8800000000000006
0.9995554073580082 0.03090727816550349 12.847142857142858 0.62 0.8900000000000006
0.9995554073580082 0.026919242273180457 12.847142857142858 0.54 0.9000000000000006
0.9993331110370124 0.022931206380857428 12.844285714285714 0.46 0.9100000000000006
0.9988885183950206 0.02193419740777667 12.838571428571429 0.44 0.9200000000000006
0.9988885183950206 0.02193419740777667 12.838571428571429 0.44 0.9300000000000006
0.9986662220740247 0.019940179461615155 12.835714285714285 0.4 0.9400000000000006
0.9984439257530288 0.019940179461615155 12.832857142857144 0.4 0.9500000000000006
0.998110481271535 0.019940179461615155 12.82857142857143 0.4 0.9600000000000006
0.9976658886295432 0.019940179461615155 12.822857142857142 0.4 0.9700000000000006
0.9972212959875514 0.019940179461615155 12.817142857142857 0.4 0.9800000000000006
0.9927753695676337 0.019940179461615155 12.76 0.4 0.9900000000000007
0.0 0.0 0.0 0.0
