1.0 1.0 89.97 8.721739130434782 0.0
1.0 0.9970089730807578 89.97 8.695652173913043 0.01
1.0 0.9910269192422732 89.97 8.643478260869566 0.02
1.0 0.9880358923230309 89.97 8.617391304347827 0.03
1.0 0.9810568295114656 89.97 8.556521739130435 0.04
1.0 0.9760717846460618 89.97 8.513043478260869 0.05
1.0 0.967098703888335 89.97 8.434782608695652 0.060000000000000005
1.0 0.967098703888335 89.97 8.434782608695652 0.07
1.0 0.9651046859421735 89.97 8.417391304347825 0.08
1.0 0.963110667996012 89.97 8.4 0.09
1.0 0.9621136590229312 89.97 8.391304347826088 0.09999999999999999
1.0 0.9571286141575274 89.97 8.347826086956522 0.10999999999999999
1.0 0.9561316051844466 89.97 8.339130434782609 0.11999999999999998
1.0 0.9511465603190429 89.97 8.295652173913043 0.12999999999999998
1.0 0.9501495513459621 89.97 8.28695652173913 0.13999999999999999
1.0 0.9501495513459621 89.97 8.28695652173913 0.15
1.0 0.9501495513459621 89.97 8.28695652173913 0.16
1.0 0.9461615154536391 89.97 8.252173913043478 0.17
1.0 0.938185443668993 89.97 8.182608695652174 0.18000000000000002
1.0 0.9361914257228315 89.97 8.165217391304347 0.19000000000000003
1.0 0.9312063808574277 89.97 8.121739130434783 0.20000000000000004
1.0 0.9282153539381854 89.97 8.095652173913043 0.21000000000000005
1.0 0.9282153539381854 89.97 8.095652173913043 0.22000000000000006
1.0 0.9262213359920239 89.97 8.078260869565218 0.23000000000000007
1.0 0.9242273180458624 89.97 8.060869565217391 0.24000000000000007
1.0 0.922233300099701 89.97 8.043478260869565 0.25000000000000006
1.0 0.9212362911266201 89.97 8.034782608695652 0.26000000000000006
1.0 0.9212362911266201 89.97 8.034782608695652 0.2700000000000001
1.0 0.9192422731804586 89.97 8.017391304347827 0.2800000000000001
1.0 0.9192422731804586 89.97 8.017391304347827 0.2900000000000001
1.0 0.9182452642073778 89.97 8.008695652173913 0.3000000000000001
1.0 0.9182452642073778 89.97 8.008695652173913 0.3100000000000001
1.0 0.9172482552342971 89.97 8.0 0.3200000000000001
1.0 0.9172482552342971 89.97 8.0 0.3300000000000001
1.0 0.9172482552342971 89.97 8.0 0.34000000000000014
1.0 0.9172482552342971 89.97 8.0 0.35000000000000014
1.0 0.9172482552342971 89.97 8.0 0.36000000000000015
1.0 0.9172482552342971 89.97 8.0 0.37000000000000016
1.0 0.9162512462612163 89.97 7.991304347826087 0.38000000000000017
1.0 0.9162512462612163 89.97 7.991304347826087 0.3900000000000002
1.0 0.9152542372881356 89.97 7.982608695652174 0.4000000000000002
1.0 0.9122632103688934 89.97 7.956521739130435 0.4100000000000002
1.0 0.9062811565304087 89.97 7.904347826086957 0.4200000000000002
1.0 0.905284147557328 89.97 7.895652173913043 0.4300000000000002
1.0 0.901296111665005 89.97 7.860869565217391 0.4400000000000002
1.0 0.8993020937188435 89.97 7.843478260869565 0.45000000000000023
1.0 0.8933200398803589 89.97 7.791304347826087 0.46000000000000024
1.0 0.8933200398803589 89.97 7.791304347826087 0.47000000000000025
1.0 0.8913260219341974 89.97 7.773913043478261 0.48000000000000026
1.0 0.8873379860418744 89.97 7.739130434782608 0.49000000000000027
1.0 0.8873379860418744 89.97 7.739130434782608 0.5000000000000002
1.0 0.8853439680957128 89.97 7.721739130434782 0.5100000000000002
1.0 0.8843469591226321 89.97 7.71304347826087 0.5200000000000002
1.0 0.8843469591226321 89.97 7.71304347826087 0.5300000000000002
1.0 0.8843469591226321 89.97 7.71304347826087 0.5400000000000003
1.0 0.8843469591226321 89.97 7.71304347826087 0.5500000000000003
1.0 0.8843469591226321 89.97 7.71304347826087 0.5600000000000003
1.0 0.8843469591226321 89.97 7.71304347826087 0.5700000000000003
1.0 0.8843469591226321 89.97 7.71304347826087 0.5800000000000003
1.0 0.8843469591226321 89.97 7.71304347826087 0.5900000000000003
1.0 0.8843469591226321 89.97 7.71304347826087 0.6000000000000003
1.0 0.8833499501495513 89.97 7.7043478260869565 0.6100000000000003
1.0 0.8813559322033898 89.97 7.6869565217391305 0.6200000000000003
1.0 0.8763708873379861 89.97 7.643478260869565 0.6300000000000003
1.0 0.872382851445663 89.97 7.608695652173913 0.6400000000000003
1.0 0.8693918245264207 89.97 7.582608695652174 0.6500000000000004
1.0 0.8574277168494516 89.97 7.478260869565218 0.6600000000000004
1.0 0.8524426719840479 89.97 7.434782608695652 0.6700000000000004
1.0 0.8384845463609173 89.97 7.3130434782608695 0.6800000000000004
1.0 0.8255234297108675 89.97 7.2 0.6900000000000004
1.0 0.8185443668993021 89.97 7.139130434782609 0.7000000000000004
1.0 0.8045862412761715 89.97 7.017391304347826 0.7100000000000004
1.0 0.7806580259222333 89.97 6.808695652173913 0.7200000000000004
1.0 0.7607178464606181 89.97 6.6347826086956525 0.7300000000000004
1.0 0.7437686939182453 89.97 6.48695652173913 0.7400000000000004
1.0 0.7198404785643071 89.97 6.278260869565218 0.7500000000000004
1.0 0.7018943170488534 89.97 6.121739130434783 0.7600000000000005
1.0 0.6859421734795613 89.97 5.982608695652174 0.7700000000000005
0.9997777036790041 0.6779661016949152 89.95 5.913043478260869 0.7800000000000005
0.9993331110370124 0.6669990029910269 89.91 5.817391304347826 0.7900000000000005
0.9986662220740247 0.6650049850448654 89.85 5.8 0.8000000000000005
0.9968878515060575 0.6590229312063809 89.69 5.747826086956522 0.8100000000000005
0.9936645548516172 0.6550348953140578 89.4 5.71304347826087 0.8200000000000005
0.9891074802712015 0.6440677966101694 88.99 5.6173913043478265 0.8300000000000005
0.9811048127153496 0.6321036889332003 88.27 5.51304347826087 0.8400000000000005
0.9658775147271312 0.617148554336989 86.9 5.3826086956521735 0.8500000000000005
0.9430921418250527 0.5732801595214357 84.85 5.0 0.8600000000000005
0.9079693231077026 0.5274177467597209 81.69 4.6 0.8700000000000006
0.8650661331554963 0.4715852442671984 77.83 4.113043478260869 0.8800000000000006
0.8060464599310881 0.3988035892323031 72.52 3.4782608695652173 0.8900000000000006
0.7420251194842725 0.3180458624127617 66.76 2.773913043478261 0.9000000000000006
0.6788929643214405 0.23429710867397807 61.08 2.0434782608695654 0.9100000000000006
0.6237634767144604 0.16650049850448653 56.12 1.4521739130434783 0.9200000000000006
0.5813048794042459 0.10767696909272183 52.3 0.9391304347826087 0.9300000000000006
0.5477381349338668 0.07776669990029911 49.28 0.6782608695652174 0.9400000000000006
0.5285095031677226 0.06181455633100698 47.55 0.5391304347826087 0.9500000000000006
0.5165055018339446 0.05084745762711865 46.47 0.4434782608695652 0.9600000000000006
0.5000555740802489 0.05084745762711865 44.99 0.4434782608695652 0.9700000000000006
0.460486828942981 0.05084745762711865 41.43 0.4434782608695652 0.9800000000000006
0.3590085584083583 0.049850448654037885 32.3 0.43478260869565216 0.9900000000000007
0.0 0.0 0.0 0.0
