1.0 1.0 9.996666666666666 66.86666666666666 0.0
1.0 0.6570289132602194 9.996666666666666 43.93333333333333 0.01
1.0 0.5453639082751744 9.996666666666666 36.46666666666667 0.02
1.0 0.4965104685942173 9.996666666666666 33.2 0.03
1.0 0.4646061814556331 9.996666666666666 31.066666666666666 0.04
1.0 0.44466600199401796 9.996666666666666 29.733333333333334 0.05
1.0 0.4107676969092722 9.996666666666666 27.466666666666665 0.060000000000000005
1.0 0.4107676969092722 9.996666666666666 27.466666666666665 0.07
1.0 0.39282153539381853 9.996666666666666 26.266666666666666 0.08
1.0 0.3798604187437687 9.996666666666666 25.4 0.09
1.0 0.36689930209371885 9.996666666666666 24.533333333333335 0.09999999999999999
1.0 0.3509471585244267 9.996666666666666 23.466666666666665 0.10999999999999999
1.0 0.3469591226321037 9.996666666666666 23.2 0.11999999999999998
1.0 0.3389830508474576 9.996666666666666 22.666666666666668 0.12999999999999998
1.0 0.3300099700897308 9.996666666666666 22.066666666666666 0.13999999999999999
1.0 0.3200398803589232 9.996666666666666 21.4 0.15
1.0 0.3090727816550349 9.996666666666666 20.666666666666668 0.16
1.0 0.30109670987038883 9.996666666666666 20.133333333333333 0.17
1.0 0.2901296111665005 9.996666666666666 19.4 0.18000000000000002
1.0 0.2851445663010967 9.996666666666666 19.066666666666666 0.19000000000000003
1.0 0.2781655034895314 9.996666666666666 18.6 0.20000000000000004
1.0 0.27018943170488535 9.996666666666666 18.066666666666666 0.21000000000000005
1.0 0.26719840478564305 9.996666666666666 17.866666666666667 0.22000000000000006
1.0 0.2572283150548355 9.996666666666666 17.2 0.23000000000000007
1.0 0.2472582253240279 9.996666666666666 16.533333333333335 0.24000000000000007
1.0 0.2432701894317049 9.996666666666666 16.266666666666666 0.25000000000000006
1.0 0.24227318045862412 9.996666666666666 16.2 0.26000000000000006
1.0 0.23728813559322035 9.996666666666666 15.866666666666667 0.2700000000000001
1.0 0.23629112662013957 9.996666666666666 15.8 0.2800000000000001
1.0 0.23030907278165502 9.996666666666666 15.4 0.2900000000000001
1.0 0.23030907278165502 9.996666666666666 15.4 0.3000000000000001
1.0 0.22931206380857427 9.996666666666666 15.333333333333334 0.3100000000000001
1.0 0.22731804586241275 9.996666666666666 15.2 0.3200000000000001
1.0 0.22532402791625125 9.996666666666666 15.066666666666666 0.3300000000000001
1.0 0.22432701894317048 9.996666666666666 15.0 0.34000000000000014
1.0 0.22333000997008973 9.996666666666666 14.933333333333334 0.35000000000000014
1.0 0.22333000997008973 9.996666666666666 14.933333333333334 0.36000000000000015
1.0 0.2213359920239282 9.996666666666666 14.8 0.37000000000000016
1.0 0.22033898305084745 9.996666666666666 14.733333333333333 0.38000000000000017
1.0 0.21734795613160518 9.996666666666666 14.533333333333333 0.3900000000000002
1.0 0.2143569292123629 9.996666666666666 14.333333333333334 0.4000000000000002
1.0 0.20937188434695914 9.996666666666666 14.0 0.4100000000000002
1.0 0.20638085742771686 9.996666666666666 13.8 0.4200000000000002
1.0 0.2023928215353938 9.996666666666666 13.533333333333333 0.4300000000000002
1.0 0.20039880358923232 9.996666666666666 13.4 0.4400000000000002
1.0 0.1984047856430708 9.996666666666666 13.266666666666667 0.45000000000000023
1.0 0.19441674975074777 9.996666666666666 13.0 0.46000000000000024
1.0 0.18444666001994017 9.996666666666666 12.333333333333334 0.47000000000000025
1.0 0.17846460618145563 9.996666666666666 11.933333333333334 0.48000000000000026
1.0 0.17347956131605186 9.996666666666666 11.6 0.49000000000000027
1.0 0.16650049850448653 9.996666666666666 11.133333333333333 0.5000000000000002
1.0 0.16450648055832504 9.996666666666666 11.0 0.5100000000000002
1.0 0.16051844466600199 9.996666666666666 10.733333333333333 0.5200000000000002
1.0 0.15653040877367896 9.996666666666666 10.466666666666667 0.5300000000000002
1.0 0.15453639082751744 9.996666666666666 10.333333333333334 0.5400000000000003
1.0 0.15453639082751744 9.996666666666666 10.333333333333334 0.5500000000000003
1.0 0.1535393818544367 9.996666666666666 10.266666666666667 0.5600000000000003
1.0 0.15254237288135594 9.996666666666666 10.2 0.5700000000000003
1.0 0.14755732801595214 9.996666666666666 9.866666666666667 0.5800000000000003
1.0 0.14257228315054835 9.996666666666666 9.533333333333333 0.5900000000000003
1.0 0.1415752741774676 9.996666666666666 9.466666666666667 0.6000000000000003
1.0 0.1365902293120638 9.996666666666666 9.133333333333333 0.6100000000000003
1.0 0.1365902293120638 9.996666666666666 9.133333333333333 0.6200000000000003
1.0 0.13359920239282153 9.996666666666666 8.933333333333334 0.6300000000000003
1.0 0.13260219341974078 9.996666666666666 8.866666666666667 0.6400000000000003
1.0 0.13260219341974078 9.996666666666666 8.866666666666667 0.6500000000000004
1.0 0.12861415752741776 9.996666666666666 8.6 0.6600000000000004
1.0 0.12761714855433698 9.996666666666666 8.533333333333333 0.6700000000000004
1.0 0.12462612163509472 9.996666666666666 8.333333333333334 0.6800000000000004
1.0 0.12362911266201396 9.996666666666666 8.266666666666667 0.6900000000000004
1.0 0.11964107676969092 9.996666666666666 8.0 0.7000000000000004
1.0 0.11764705882352941 9.996666666666666 7.866666666666666 0.7100000000000004
1.0 0.10867397806580259 9.996666666666666 7.266666666666667 0.7200000000000004
1.0 0.1036889332003988 9.996666666666666 6.933333333333334 0.7300000000000004
1.0 0.10069790628115653 9.996666666666666 6.733333333333333 0.7400000000000004
1.0 0.0967098703888335 9.996666666666666 6.466666666666667 0.7500000000000004
1.0 0.09371884346959122 9.996666666666666 6.266666666666667 0.7600000000000005
1.0 0.09172482552342971 9.996666666666666 6.133333333333334 0.7700000000000005
1.0 0.09072781655034895 9.996666666666666 6.066666666666666 0.7800000000000005
1.0 0.08673978065802593 9.996666666666666 5.8 0.7900000000000005
1.0 0.08275174476570289 9.996666666666666 5.533333333333333 0.8000000000000005
1.0 0.08075772681954138 9.996666666666666 5.4 0.8100000000000005
1.0 0.07976071784646062 9.996666666666666 5.333333333333333 0.8200000000000005
1.0 0.07577268195413758 9.996666666666666 5.066666666666666 0.8300000000000005
1.0 0.0707876370887338 9.996666666666666 4.733333333333333 0.8400000000000005
1.0 0.06879361914257229 9.996666666666666 4.6 0.8500000000000005
1.0 0.06879361914257229 9.996666666666666 4.6 0.8600000000000005
0.999888851839502 0.06281156530408774 9.995555555555555 4.2 0.8700000000000006
0.9997777036790041 0.058823529411764705 9.994444444444444 3.933333333333333 0.8800000000000006
0.9997777036790041 0.05284147557328016 9.994444444444444 3.533333333333333 0.8900000000000006
0.9995554073580082 0.04287138584247258 9.992222222222223 2.8666666666666667 0.9000000000000006
0.9993331110370124 0.03788634097706879 9.99 2.533333333333333 0.9100000000000006
0.9993331110370124 0.03389830508474576 9.99 2.2666666666666666 0.9200000000000006
0.9992219628765144 0.03090727816550349 9.988888888888889 2.066666666666667 0.9300000000000006
0.9988885183950206 0.026919242273180457 9.985555555555555 1.8 0.9400000000000006
0.9988885183950206 0.023928215353938187 9.985555555555555 1.6 0.9500000000000006
0.9988885183950206 0.023928215353938187 9.985555555555555 1.6 0.9600000000000006
0.9985550739135267 0.019940179461615155 9.982222222222223 1.3333333333333333 0.9700000000000006
0.9978881849505391 0.014955134596211365 9.975555555555555 1.0 0.9800000000000006
0.9954429254195843 0.007976071784646061 9.95111111111111 0.5333333333333333 0.9900000000000007
0.0 0.0 0.0 0.0
