1.0 1.0 11.24625 200.6 0.0
1.0 0.6869391824526421 11.24625 137.8 0.01
1.0 0.5174476570289133 11.24625 103.8 0.02
1.0 0.44865403788634095 11.24625 90.0 0.03
1.0 0.3968095712861416 11.24625 79.6 0.04
1.0 0.3708873379860419 11.24625 74.4 0.05
1.0 0.3160518444666002 11.24625 63.4 0.060000000000000005
1.0 0.3160518444666002 11.24625 63.4 0.07
1.0 0.29810568295114653 11.24625 59.8 0.08
1.0 0.28614157527417744 11.24625 57.4 0.09
1.0 0.27517447657028915 11.24625 55.2 0.09999999999999999
1.0 0.2662013958125623 11.24625 53.4 0.10999999999999999
1.0 0.26021934197407776 11.24625 52.2 0.11999999999999998
1.0 0.2522432701894317 11.24625 50.6 0.12999999999999998
1.0 0.24825523429710866 11.24625 49.8 0.13999999999999999
1.0 0.2432701894317049 11.24625 48.8 0.15
1.0 0.24027916251246262 11.24625 48.2 0.16
1.0 0.23230309072781655 11.24625 46.6 0.17
1.0 0.22033898305084745 11.24625 44.2 0.18000000000000002
1.0 0.21136590229312063 11.24625 42.4 0.19000000000000003
1.0 0.20638085742771686 11.24625 41.4 0.20000000000000004
1.0 0.20039880358923232 11.24625 40.2 0.21000000000000005
1.0 0.193419740777667 11.24625 38.8 0.22000000000000006
1.0 0.19242273180458624 11.24625 38.6 0.23000000000000007
1.0 0.18843469591226322 11.24625 37.8 0.24000000000000007
1.0 0.1814556331006979 11.24625 36.4 0.25000000000000006
1.0 0.18045862412761715 11.24625 36.2 0.26000000000000006
1.0 0.18045862412761715 11.24625 36.2 0.2700000000000001
1.0 0.17846460618145563 11.24625 35.8 0.2800000000000001
1.0 0.17846460618145563 11.24625 35.8 0.2900000000000001
1.0 0.17746759720837488 11.24625 35.6 0.3000000000000001
1.0 0.17647058823529413 11.24625 35.4 0.3100000000000001
1.0 0.17547357926221335 11.24625 35.2 0.3200000000000001
1.0 0.17347956131605186 11.24625 34.8 0.3300000000000001
1.0 0.17048853439680958 11.24625 34.2 0.34000000000000014
1.0 0.1694915254237288 11.24625 34.0 0.35000000000000014
1.0 0.16849451645064806 11.24625 33.8 0.36000000000000015
1.0 0.16550348953140578 11.24625 33.2 0.37000000000000016
1.0 0.16151545363908276 11.24625 32.4 0.38000000000000017
1.0 0.15553339980059822 11.24625 31.2 0.3900000000000002
1.0 0.15054835493519442 11.24625 30.2 0.4000000000000002
1.0 0.14257228315054835 11.24625 28.6 0.4100000000000002
1.0 0.13858424725822532 11.24625 27.8 0.4200000000000002
1.0 0.13359920239282153 11.24625 26.8 0.4300000000000002
1.0 0.12861415752741776 11.24625 25.8 0.4400000000000002
1.0 0.12163509471585245 11.24625 24.4 0.45000000000000023
1.0 0.11764705882352941 11.24625 23.6 0.46000000000000024
1.0 0.11266201395812563 11.24625 22.6 0.47000000000000025
1.0 0.10867397806580259 11.24625 21.8 0.48000000000000026
1.0 0.10767696909272183 11.24625 21.6 0.49000000000000027
1.0 0.10568295114656032 11.24625 21.2 0.5000000000000002
1.0 0.1016949152542373 11.24625 20.4 0.5100000000000002
1.0 0.09870388833499502 11.24625 19.8 0.5200000000000002
1.0 0.0967098703888335 11.24625 19.4 0.5300000000000002
1.0 0.09571286141575275 11.24625 19.2 0.5400000000000003
1.0 0.09571286141575275 11.24625 19.2 0.5500000000000003
1.0 0.09371884346959122 11.24625 18.8 0.5600000000000003
1.0 0.09072781655034895 11.24625 18.2 0.5700000000000003
1.0 0.0897308075772682 11.24625 18.0 0.5800000000000003
1.0 0.0897308075772682 11.24625 18.0 0.5900000000000003
1.0 0.0897308075772682 11.24625 18.0 0.6000000000000003
1.0 0.0897308075772682 11.24625 18.0 0.6100000000000003
1.0 0.08773678963110668 11.24625 17.6 0.6200000000000003
1.0 0.08673978065802593 11.24625 17.4 0.6300000000000003
1.0 0.0847457627118644 11.24625 17.0 0.6400000000000003
1.0 0.08374875373878365 11.24625 16.8 0.6500000000000004
1.0 0.08175473579262213 11.24625 16.4 0.6600000000000004
1.0 0.08075772681954138 11.24625 16.2 0.6700000000000004
1.0 0.08075772681954138 11.24625 16.2 0.6800000000000004
1.0 0.07577268195413758 11.24625 15.2 0.6900000000000004
1.0 0.07477567298105683 11.24625 15.0 0.7000000000000004
1.0 0.06879361914257229 11.24625 13.8 0.7100000000000004
1.0 0.06480558325024925 11.24625 13.0 0.7200000000000004
1.0 0.06081754735792622 11.24625 12.2 0.7300000000000004
1.0 0.05682951146560319 11.24625 11.4 0.7400000000000004
1.0 0.05084745762711865 11.24625 10.2 0.7500000000000004
1.0 0.047856430707876374 11.24625 9.6 0.7600000000000005
1.0 0.045862412761714856 11.24625 9.2 0.7700000000000005
1.0 0.040877367896311065 11.24625 8.2 0.7800000000000005
1.0 0.03988035892323031 11.24625 8.0 0.7900000000000005
1.0 0.038883349950149554 11.24625 7.8 0.8000000000000005
1.0 0.036889332003988036 11.24625 7.4 0.8100000000000005
1.0 0.036889332003988036 11.24625 7.4 0.8200000000000005
0.9997777036790041 0.036889332003988036 11.24375 7.4 0.8300000000000005
0.9997777036790041 0.036889332003988036 11.24375 7.4 0.8400000000000005
0.9997777036790041 0.03589232303090728 11.24375 7.2 0.8500000000000005
0.9996665555185061 0.03290129611166501 11.2425 6.6 0.8600000000000005
0.9996665555185061 0.03290129611166501 11.2425 6.6 0.8700000000000006
0.9993331110370124 0.02991026919242273 11.23875 6.0 0.8800000000000006
0.9992219628765144 0.028913260219341975 11.2375 5.8 0.8900000000000006
0.9991108147160165 0.027916251246261216 11.23625 5.6 0.9000000000000006
0.9989996665555185 0.0259222333000997 11.235 5.2 0.9100000000000006
0.9987773702345226 0.023928215353938187 11.2325 4.8 0.9200000000000006
0.9984439257530288 0.02193419740777667 11.22875 4.4 0.9300000000000006
0.9983327775925308 0.02193419740777667 11.2275 4.4 0.9400000000000006
0.998110481271535 0.020937188434695914 11.225 4.2 0.9500000000000006
0.9974435923085473 0.019940179461615155 11.2175 4.0 0.9600000000000006
0.9971101478270534 0.019940179461615155 11.21375 4.0 0.9700000000000006
0.9953317772590864 0.019940179461615155 11.19375 4.0 0.9800000000000006
0.9912192953206624 0.018943170488534396 11.1475 3.8 0.9900000000000007
0.0 0.0 0.0 0.0
