0.0 0.5982053838484547 0.0 20.0 0.0
0.0 0.5982053838484547 0.0 20.0 0.01
0.0 0.5982053838484547 0.0 20.0 0.02
0.0 0.5982053838484547 0.0 20.0 0.03
0.0 0.5982053838484547 0.0 20.0 0.04
0.0 0.5972083748753739 0.0 19.966666666666665 0.05
0.0 0.5972083748753739 0.0 19.966666666666665 0.060000000000000005
0.0 0.5972083748753739 0.0 19.966666666666665 0.07
0.0 0.5972083748753739 0.0 19.966666666666665 0.08
0.0 0.5972083748753739 0.0 19.966666666666665 0.09
0.0 0.5962113659022931 0.0 19.933333333333334 0.09999999999999999
0.0 0.5962113659022931 0.0 19.933333333333334 0.10999999999999999
0.0 0.5962113659022931 0.0 19.933333333333334 0.11999999999999998
0.0 0.5952143569292123 0.0 19.9 0.12999999999999998
0.0 0.5952143569292123 0.0 19.9 0.13999999999999999
0.0 0.5952143569292123 0.0 19.9 0.15
0.0 0.5952143569292123 0.0 19.9 0.16
0.0 0.5942173479561316 0.0 19.866666666666667 0.17
0.0 0.5922233300099701 0.0 19.8 0.18000000000000002
0.0 0.5922233300099701 0.0 19.8 0.19000000000000003
0.0 0.5912263210368893 0.0 19.766666666666666 0.20000000000000004
0.0 0.5902293120638086 0.0 19.733333333333334 0.21000000000000005
0.0 0.5902293120638086 0.0 19.733333333333334 0.22000000000000006
0.0 0.5902293120638086 0.0 19.733333333333334 0.23000000000000007
0.0 0.5902293120638086 0.0 19.733333333333334 0.24000000000000007
0.0 0.5902293120638086 0.0 19.733333333333334 0.25000000000000006
0.0 0.5902293120638086 0.0 19.733333333333334 0.26000000000000006
0.0 0.5902293120638086 0.0 19.733333333333334 0.2700000000000001
0.0 0.5902293120638086 0.0 19.733333333333334 0.2800000000000001
0.0 0.5902293120638086 0.0 19.733333333333334 0.2900000000000001
0.0 0.5902293120638086 0.0 19.733333333333334 0.3000000000000001
0.0 0.5902293120638086 0.0 19.733333333333334 0.3100000000000001
0.0 0.5902293120638086 0.0 19.733333333333334 0.3200000000000001
0.0 0.5902293120638086 0.0 19.733333333333334 0.3300000000000001
0.0 0.5902293120638086 0.0 19.733333333333334 0.34000000000000014
0.0 0.5902293120638086 0.0 19.733333333333334 0.35000000000000014
0.0 0.5902293120638086 0.0 19.733333333333334 0.36000000000000015
0.0 0.5892323030907278 0.0 19.7 0.37000000000000016
0.0 0.5892323030907278 0.0 19.7 0.38000000000000017
0.0 0.5892323030907278 0.0 19.7 0.3900000000000002
0.0 0.5872382851445663 0.0 19.633333333333333 0.4000000000000002
0.0 0.5872382851445663 0.0 19.633333333333333 0.4100000000000002
0.0 0.5872382851445663 0.0 19.633333333333333 0.4200000000000002
0.0 0.5872382851445663 0.0 19.633333333333333 0.4300000000000002
0.0 0.5872382851445663 0.0 19.633333333333333 0.4400000000000002
0.0 0.5862412761714856 0.0 19.6 0.45000000000000023
0.0 0.5852442671984048 0.0 19.566666666666666 0.46000000000000024
0.0 0.5852442671984048 0.0 19.566666666666666 0.47000000000000025
0.0 0.5832502492522432 0.0 19.5 0.48000000000000026
0.0 0.5832502492522432 0.0 19.5 0.49000000000000027
0.0 0.5832502492522432 0.0 19.5 0.5000000000000002
0.0 0.5822532402791625 0.0 19.466666666666665 0.5100000000000002
0.0 0.5822532402791625 0.0 19.466666666666665 0.5200000000000002
0.0 0.5812562313060817 0.0 19.433333333333334 0.5300000000000002
0.0 0.580259222333001 0.0 19.4 0.5400000000000003
0.0 0.580259222333001 0.0 19.4 0.5500000000000003
0.0 0.5792622133599202 0.0 19.366666666666667 0.5600000000000003
0.0 0.5792622133599202 0.0 19.366666666666667 0.5700000000000003
0.0 0.5792622133599202 0.0 19.366666666666667 0.5800000000000003
0.0 0.5782652043868395 0.0 19.333333333333332 0.5900000000000003
0.0 0.5782652043868395 0.0 19.333333333333332 0.6000000000000003
0.0 0.576271186440678 0.0 19.266666666666666 0.6100000000000003
0.0 0.576271186440678 0.0 19.266666666666666 0.6200000000000003
0.0 0.576271186440678 0.0 19.266666666666666 0.6300000000000003
0.0 0.576271186440678 0.0 19.266666666666666 0.6400000000000003
0.0 0.5752741774675972 0.0 19.233333333333334 0.6500000000000004
0.0 0.5752741774675972 0.0 19.233333333333334 0.6600000000000004
0.0 0.5752741774675972 0.0 19.233333333333334 0.6700000000000004
0.0 0.5752741774675972 0.0 19.233333333333334 0.6800000000000004
0.0 0.5732801595214357 0.0 19.166666666666668 0.6900000000000004
0.0 0.5712861415752741 0.0 19.1 0.7000000000000004
0.0 0.5712861415752741 0.0 19.1 0.7100000000000004
0.0 0.5702891326021934 0.0 19.066666666666666 0.7200000000000004
0.0 0.5702891326021934 0.0 19.066666666666666 0.7300000000000004
0.0 0.5692921236291126 0.0 19.033333333333335 0.7400000000000004
0.0 0.5692921236291126 0.0 19.033333333333335 0.7500000000000004
0.0 0.5682951146560319 0.0 19.0 0.7600000000000005
0.0 0.5663010967098704 0.0 18.933333333333334 0.7700000000000005
0.0 0.5653040877367896 0.0 18.9 0.7800000000000005
0.0 0.5653040877367896 0.0 18.9 0.7900000000000005
0.0 0.5633100697906281 0.0 18.833333333333332 0.8000000000000005
0.0 0.5613160518444666 0.0 18.766666666666666 0.8100000000000005
0.0 0.5613160518444666 0.0 18.766666666666666 0.8200000000000005
0.0 0.559322033898305 0.0 18.7 0.8300000000000005
0.0 0.5563310069790628 0.0 18.6 0.8400000000000005
0.0 0.555333998005982 0.0 18.566666666666666 0.8500000000000005
0.0 0.555333998005982 0.0 18.566666666666666 0.8600000000000005
0.0 0.555333998005982 0.0 18.566666666666666 0.8700000000000006
0.0 0.551345962113659 0.0 18.433333333333334 0.8800000000000006
0.0 0.5483549351944168 0.0 18.333333333333332 0.8900000000000006
0.0 0.5473579262213359 0.0 18.3 0.9000000000000006
0.0 0.5453639082751744 0.0 18.233333333333334 0.9100000000000006
0.0 0.543369890329013 0.0 18.166666666666668 0.9200000000000006
0.0 0.5423728813559322 0.0 18.133333333333333 0.9300000000000006
0.0 0.5413758723828515 0.0 18.1 0.9400000000000006
0.0 0.5343968095712861 0.0 17.866666666666667 0.9500000000000006
0.0 0.522432701894317 0.0 17.466666666666665 0.9600000000000006
0.0 0.4955134596211366 0.0 16.566666666666666 0.9700000000000006
0.0 0.44666001994017945 0.0 14.933333333333334 0.9800000000000006
0.0 0.3559322033898305 0.0 11.9 0.9900000000000007
0.0 0.0 0.0 0.0
