1.0 1.0 29.99 6.917241379310345 0.0
1.0 0.9661016949152542 29.99 6.682758620689655 0.01
1.0 0.9112662013958126 29.99 6.303448275862069 0.02
1.0 0.8783649052841476 29.99 6.075862068965518 0.03
1.0 0.8564307078763709 29.99 5.924137931034482 0.04
1.0 0.8374875373878365 29.99 5.793103448275862 0.05
1.0 0.8115653040877367 29.99 5.613793103448276 0.060000000000000005
1.0 0.8115653040877367 29.99 5.613793103448276 0.07
1.0 0.7996011964107677 29.99 5.531034482758621 0.08
1.0 0.7876370887337986 29.99 5.448275862068965 0.09
1.0 0.7806580259222333 29.99 5.4 0.09999999999999999
1.0 0.773678963110668 29.99 5.3517241379310345 0.10999999999999999
1.0 0.769690927218345 29.99 5.324137931034483 0.11999999999999998
1.0 0.7637088733798604 29.99 5.2827586206896555 0.12999999999999998
1.0 0.7607178464606181 29.99 5.2620689655172415 0.13999999999999999
1.0 0.7547357926221336 29.99 5.220689655172414 0.15
1.0 0.7467597208374875 29.99 5.165517241379311 0.16
1.0 0.7397806580259222 29.99 5.117241379310345 0.17
1.0 0.7218344965104686 29.99 4.993103448275862 0.18000000000000002
1.0 0.7068793619142573 29.99 4.889655172413793 0.19000000000000003
1.0 0.6959122632103689 29.99 4.813793103448276 0.20000000000000004
1.0 0.6879361914257228 29.99 4.758620689655173 0.21000000000000005
1.0 0.6819541375872383 29.99 4.7172413793103445 0.22000000000000006
1.0 0.6759720837487537 29.99 4.675862068965517 0.23000000000000007
1.0 0.67098703888335 29.99 4.641379310344828 0.24000000000000007
1.0 0.6679960119641076 29.99 4.620689655172414 0.25000000000000006
1.0 0.6679960119641076 29.99 4.620689655172414 0.26000000000000006
1.0 0.6650049850448654 29.99 4.6 0.2700000000000001
1.0 0.6650049850448654 29.99 4.6 0.2800000000000001
1.0 0.6650049850448654 29.99 4.6 0.2900000000000001
1.0 0.6640079760717846 29.99 4.593103448275862 0.3000000000000001
1.0 0.6630109670987039 29.99 4.586206896551724 0.3100000000000001
1.0 0.6610169491525424 29.99 4.572413793103448 0.3200000000000001
1.0 0.6600199401794616 29.99 4.56551724137931 0.3300000000000001
1.0 0.6570289132602194 29.99 4.544827586206897 0.34000000000000014
1.0 0.6560319042871385 29.99 4.537931034482758 0.35000000000000014
1.0 0.6490528414755733 29.99 4.489655172413793 0.36000000000000015
1.0 0.6410767696909272 29.99 4.43448275862069 0.37000000000000016
1.0 0.6370887337986042 29.99 4.406896551724138 0.38000000000000017
1.0 0.6331006979062812 29.99 4.379310344827586 0.3900000000000002
1.0 0.6311066799601196 29.99 4.36551724137931 0.4000000000000002
1.0 0.6261216350947159 29.99 4.3310344827586205 0.4100000000000002
1.0 0.6201395812562313 29.99 4.289655172413793 0.4200000000000002
1.0 0.6181455633100698 29.99 4.275862068965517 0.4300000000000002
1.0 0.6111665004985045 29.99 4.227586206896552 0.4400000000000002
1.0 0.6031904287138584 29.99 4.172413793103448 0.45000000000000023
1.0 0.5972083748753739 29.99 4.13103448275862 0.46000000000000024
1.0 0.5912263210368893 29.99 4.089655172413793 0.47000000000000025
1.0 0.5852442671984048 29.99 4.048275862068966 0.48000000000000026
1.0 0.5822532402791625 29.99 4.027586206896552 0.49000000000000027
1.0 0.5812562313060817 29.99 4.020689655172414 0.5000000000000002
1.0 0.5782652043868395 29.99 4.0 0.5100000000000002
1.0 0.5722831505483549 29.99 3.9586206896551723 0.5200000000000002
1.0 0.5712861415752741 29.99 3.9517241379310346 0.5300000000000002
1.0 0.5712861415752741 29.99 3.9517241379310346 0.5400000000000003
1.0 0.5692921236291126 29.99 3.9379310344827587 0.5500000000000003
1.0 0.5682951146560319 29.99 3.9310344827586206 0.5600000000000003
1.0 0.5672981056829511 29.99 3.924137931034483 0.5700000000000003
1.0 0.5672981056829511 29.99 3.924137931034483 0.5800000000000003
1.0 0.5643070787637089 29.99 3.9034482758620688 0.5900000000000003
1.0 0.5633100697906281 29.99 3.896551724137931 0.6000000000000003
1.0 0.5613160518444666 29.99 3.882758620689655 0.6100000000000003
1.0 0.5583250249252243 29.99 3.8620689655172415 0.6200000000000003
1.0 0.5563310069790628 29.99 3.8482758620689657 0.6300000000000003
1.0 0.555333998005982 29.99 3.8413793103448275 0.6400000000000003
1.0 0.551345962113659 29.99 3.8137931034482757 0.6500000000000004
1.0 0.5403788634097707 29.99 3.7379310344827585 0.6600000000000004
1.0 0.5363908275174477 29.99 3.7103448275862068 0.6700000000000004
1.0 0.5244267198404786 29.99 3.627586206896552 0.6800000000000004
1.0 0.5094715852442672 29.99 3.524137931034483 0.6900000000000004
1.0 0.4985044865403789 29.99 3.4482758620689653 0.7000000000000004
1.0 0.48055832502492524 29.99 3.3241379310344827 0.7100000000000004
1.0 0.45164506480558325 29.99 3.1241379310344826 0.7200000000000004
1.0 0.43270189431704886 29.99 2.9931034482758623 0.7300000000000004
1.0 0.41575274177467597 29.99 2.8758620689655174 0.7400000000000004
1.0 0.39282153539381853 29.99 2.717241379310345 0.7500000000000004
1.0 0.37686939182452645 29.99 2.606896551724138 0.7600000000000005
1.0 0.36191425722831505 29.99 2.503448275862069 0.7700000000000005
0.9997777036790041 0.353938185443669 29.983333333333334 2.4482758620689653 0.7800000000000005
0.9995554073580082 0.3489531405782652 29.976666666666667 2.413793103448276 0.7900000000000005
0.9993331110370124 0.34097706879361916 29.97 2.3586206896551722 0.8000000000000005
0.9986662220740247 0.3349950149551346 29.95 2.317241379310345 0.8100000000000005
0.998110481271535 0.33100697906281157 29.933333333333334 2.2896551724137932 0.8200000000000005
0.9968878515060575 0.325024925224327 29.89666666666667 2.2482758620689656 0.8300000000000005
0.9954429254195843 0.32103688933200397 29.85333333333333 2.220689655172414 0.8400000000000005
0.992108480604646 0.3100697906281156 29.753333333333334 2.1448275862068966 0.8500000000000005
0.9858841836167611 0.2931206380857428 29.566666666666666 2.027586206896552 0.8600000000000005
0.978103812381905 0.2851445663010967 29.333333333333332 1.9724137931034482 0.8700000000000006
0.9677670334555963 0.2612163509471585 29.023333333333333 1.806896551724138 0.8800000000000006
0.9532066244303656 0.23529411764705882 28.586666666666666 1.6275862068965516 0.8900000000000006
0.9393131043681227 0.2033898305084746 28.17 1.4068965517241379 0.9000000000000006
0.9244192508613982 0.17746759720837488 27.723333333333333 1.2275862068965517 0.9100000000000006
0.9114149160831388 0.15054835493519442 27.333333333333332 1.0413793103448277 0.9200000000000006
0.9016338779593198 0.12662013958125623 27.04 0.8758620689655172 0.9300000000000006
0.8922974324774925 0.11266201395812563 26.76 0.7793103448275862 0.9400000000000006
0.8876292097365789 0.10468594217347957 26.62 0.7241379310344828 0.9500000000000006
0.8819606535511837 0.09571286141575275 26.45 0.6620689655172414 0.9600000000000006
0.8729576525508503 0.09471585244267199 26.18 0.6551724137931034 0.9700000000000006
0.8500611314882739 0.09471585244267199 25.493333333333332 0.6551724137931034 0.9800000000000006
0.7809269756585528 0.09471585244267199 23.42 0.6551724137931034 0.9900000000000007
0.0 0.0 0.0 0.0
