1.0 1.0 29.99 50.15 0.0
1.0 0.9770687936191426 29.99 49.0 0.01
1.0 0.942173479561316 29.99 47.25 0.02
1.0 0.9132602193419741 29.99 45.8 0.03
1.0 0.8873379860418744 29.99 44.5 0.04
1.0 0.864406779661017 29.99 43.35 0.05
1.0 0.8265204386839482 29.99 41.45 0.060000000000000005
1.0 0.8265204386839482 29.99 41.45 0.07
1.0 0.8155533399800599 29.99 40.9 0.08
1.0 0.8035892323030908 29.99 40.3 0.09
1.0 0.7906281156530409 29.99 39.65 0.09999999999999999
1.0 0.7836490528414756 29.99 39.3 0.10999999999999999
1.0 0.7766699900299102 29.99 38.95 0.11999999999999998
1.0 0.7716849451645065 29.99 38.7 0.12999999999999998
1.0 0.7587238285144566 29.99 38.05 0.13999999999999999
1.0 0.7557328015952144 29.99 37.9 0.15
1.0 0.7457627118644068 29.99 37.4 0.16
1.0 0.7357926221335992 29.99 36.9 0.17
1.0 0.7138584247258225 29.99 35.8 0.18000000000000002
1.0 0.6979062811565304 29.99 35.0 0.19000000000000003
1.0 0.6819541375872383 29.99 34.2 0.20000000000000004
1.0 0.6689930209371885 29.99 33.55 0.21000000000000005
1.0 0.6600199401794616 29.99 33.1 0.22000000000000006
1.0 0.6550348953140578 29.99 32.85 0.23000000000000007
1.0 0.6510468594217348 29.99 32.65 0.24000000000000007
1.0 0.6470588235294118 29.99 32.45 0.25000000000000006
1.0 0.6450648055832503 29.99 32.35 0.26000000000000006
1.0 0.6420737786640079 29.99 32.2 0.2700000000000001
1.0 0.6410767696909272 29.99 32.15 0.2800000000000001
1.0 0.638085742771685 29.99 32.0 0.2900000000000001
1.0 0.6350947158524427 29.99 31.85 0.3000000000000001
1.0 0.634097706879362 29.99 31.8 0.3100000000000001
1.0 0.6331006979062812 29.99 31.75 0.3200000000000001
1.0 0.6321036889332003 29.99 31.7 0.3300000000000001
1.0 0.6301096709870389 29.99 31.6 0.34000000000000014
1.0 0.6271186440677966 29.99 31.45 0.35000000000000014
1.0 0.6221335992023929 29.99 31.2 0.36000000000000015
1.0 0.6181455633100698 29.99 31.0 0.37000000000000016
1.0 0.6081754735792622 29.99 30.5 0.38000000000000017
1.0 0.6031904287138584 29.99 30.25 0.3900000000000002
1.0 0.5972083748753739 29.99 29.95 0.4000000000000002
1.0 0.5922233300099701 29.99 29.7 0.4100000000000002
1.0 0.5872382851445663 29.99 29.45 0.4200000000000002
1.0 0.5782652043868395 29.99 29.0 0.4300000000000002
1.0 0.5682951146560319 29.99 28.5 0.4400000000000002
1.0 0.559322033898305 29.99 28.05 0.45000000000000023
1.0 0.5483549351944168 29.99 27.5 0.46000000000000024
1.0 0.5413758723828515 29.99 27.15 0.47000000000000025
1.0 0.5304087736789631 29.99 26.6 0.48000000000000026
1.0 0.5264207377866401 29.99 26.4 0.49000000000000027
1.0 0.522432701894317 29.99 26.2 0.5000000000000002
1.0 0.5214356929212363 29.99 26.15 0.5100000000000002
1.0 0.5134596211365903 29.99 25.75 0.5200000000000002
1.0 0.5054835493519442 29.99 25.35 0.5300000000000002
1.0 0.5044865403788634 29.99 25.3 0.5400000000000003
1.0 0.5024925224327019 29.99 25.2 0.5500000000000003
1.0 0.5004985044865404 29.99 25.1 0.5600000000000003
1.0 0.4955134596211366 29.99 24.85 0.5700000000000003
1.0 0.4905284147557328 29.99 24.6 0.5800000000000003
1.0 0.48953140578265203 29.99 24.55 0.5900000000000003
1.0 0.48255234297108673 29.99 24.2 0.6000000000000003
1.0 0.481555333998006 29.99 24.15 0.6100000000000003
1.0 0.4785643070787637 29.99 24.0 0.6200000000000003
1.0 0.47557328015952144 29.99 23.85 0.6300000000000003
1.0 0.4695912263210369 29.99 23.55 0.6400000000000003
1.0 0.4646061814556331 29.99 23.3 0.6500000000000004
1.0 0.4556331006979063 29.99 22.85 0.6600000000000004
1.0 0.44466600199401796 29.99 22.3 0.6700000000000004
1.0 0.43469591226321036 29.99 21.8 0.6800000000000004
1.0 0.4117647058823529 29.99 20.65 0.6900000000000004
1.0 0.3968095712861416 29.99 19.9 0.7000000000000004
1.0 0.3798604187437687 29.99 19.05 0.7100000000000004
1.0 0.35692921236291125 29.99 17.9 0.7200000000000004
1.0 0.33599202392821537 29.99 16.85 0.7300000000000004
1.0 0.3190428713858425 29.99 16.0 0.7400000000000004
1.0 0.3090727816550349 29.99 15.5 0.7500000000000004
1.0 0.288135593220339 29.99 14.45 0.7600000000000005
1.0 0.27517447657028915 29.99 13.8 0.7700000000000005
0.9996665555185061 0.2642073778664008 29.98 13.25 0.7800000000000005
0.9994442591975102 0.25623130608175476 29.973333333333333 12.85 0.7900000000000005
0.9993331110370124 0.2522432701894317 29.97 12.65 0.8000000000000005
0.9988885183950206 0.24426719840478564 29.956666666666667 12.25 0.8100000000000005
0.9986662220740247 0.24027916251246262 29.95 12.05 0.8200000000000005
0.9972212959875514 0.23429710867397807 29.906666666666666 11.75 0.8300000000000005
0.9949983327775925 0.22731804586241275 29.84 11.4 0.8400000000000005
0.9911081471601645 0.22233300099700898 29.723333333333333 11.15 0.8500000000000005
0.9858841836167611 0.20638085742771686 29.566666666666666 10.35 0.8600000000000005
0.9776592197399133 0.18544366899302095 29.32 9.3 0.8700000000000006
0.9660998110481271 0.16450648055832504 28.973333333333333 8.25 0.8800000000000006
0.9503167722574192 0.14955134596211367 28.5 7.5 0.8900000000000006
0.9362009558741803 0.11166500498504486 28.076666666666668 5.6 0.9000000000000006
0.9211959542069579 0.07178464606181456 27.626666666666665 3.6 0.9100000000000006
0.9088585083916861 0.04187437686939183 27.256666666666668 2.1 0.9200000000000006
0.8977436923418918 0.020937188434695914 26.923333333333332 1.05 0.9300000000000006
0.8890741358230522 0.01296111665004985 26.663333333333334 0.65 0.9400000000000006
0.8799599866622208 0.004985044865403789 26.39 0.25 0.9500000000000006
0.873402245192842 0.0019940179461615153 26.19333333333333 0.1 0.9600000000000006
0.8626208736245415 0.0 25.87 0.0 0.9700000000000006
0.8422807602534178 0.0 25.26 0.0 0.9800000000000006
0.7752584194731578 0.0 23.25 0.0 0.9900000000000007
0.0 0.0 0.0 0.0
