1.0 1.0 14.995 20.06 0.0
1.0 0.8255234297108675 14.995 16.56 0.01
1.0 0.7278165503489531 14.995 14.6 0.02
1.0 0.6769690927218345 14.995 13.58 0.03
1.0 0.6480558325024925 14.995 13.0 0.04
1.0 0.617148554336989 14.995 12.38 0.05
1.0 0.5822532402791625 14.995 11.68 0.060000000000000005
1.0 0.5822532402791625 14.995 11.68 0.07
1.0 0.5643070787637089 14.995 11.32 0.08
1.0 0.5493519441674976 14.995 11.02 0.09
1.0 0.5343968095712861 14.995 10.72 0.09999999999999999
1.0 0.5244267198404786 14.995 10.52 0.10999999999999999
1.0 0.5154536390827518 14.995 10.34 0.11999999999999998
1.0 0.5104685942173479 14.995 10.24 0.12999999999999998
1.0 0.5064805583250249 14.995 10.16 0.13999999999999999
1.0 0.4985044865403789 14.995 10.0 0.15
1.0 0.48554336989032904 14.995 9.74 0.16
1.0 0.4765702891326022 14.995 9.56 0.17
1.0 0.4476570289132602 14.995 8.98 0.18000000000000002
1.0 0.4267198404785643 14.995 8.56 0.19000000000000003
1.0 0.4167497507477567 14.995 8.36 0.20000000000000004
1.0 0.4077766699900299 14.995 8.18 0.21000000000000005
1.0 0.40079760717846463 14.995 8.04 0.22000000000000006
1.0 0.3968095712861416 14.995 7.96 0.23000000000000007
1.0 0.3898305084745763 14.995 7.82 0.24000000000000007
1.0 0.38384845463609174 14.995 7.7 0.25000000000000006
1.0 0.37886340977068794 14.995 7.6 0.26000000000000006
1.0 0.37686939182452645 14.995 7.56 0.2700000000000001
1.0 0.3728813559322034 14.995 7.48 0.2800000000000001
1.0 0.37188434695912265 14.995 7.46 0.2900000000000001
1.0 0.3708873379860419 14.995 7.44 0.3000000000000001
1.0 0.3708873379860419 14.995 7.44 0.3100000000000001
1.0 0.36889332003988035 14.995 7.4 0.3200000000000001
1.0 0.3659022931206381 14.995 7.34 0.3300000000000001
1.0 0.3609172482552343 14.995 7.24 0.34000000000000014
1.0 0.357926221335992 14.995 7.18 0.35000000000000014
1.0 0.35294117647058826 14.995 7.08 0.36000000000000015
1.0 0.34795613160518446 14.995 6.98 0.37000000000000016
1.0 0.33998005982053836 14.995 6.82 0.38000000000000017
1.0 0.3349950149551346 14.995 6.72 0.3900000000000002
1.0 0.3270189431704885 14.995 6.56 0.4000000000000002
1.0 0.3180458624127617 14.995 6.38 0.4100000000000002
1.0 0.31306081754735793 14.995 6.28 0.4200000000000002
1.0 0.3040877367896311 14.995 6.1 0.4300000000000002
1.0 0.292123629112662 14.995 5.86 0.4400000000000002
1.0 0.28215353938185445 14.995 5.66 0.45000000000000023
1.0 0.2741774675972084 14.995 5.5 0.46000000000000024
1.0 0.26819541375872386 14.995 5.38 0.47000000000000025
1.0 0.26021934197407776 14.995 5.22 0.48000000000000026
1.0 0.2542372881355932 14.995 5.1 0.49000000000000027
1.0 0.24626121635094717 14.995 4.94 0.5000000000000002
1.0 0.2432701894317049 14.995 4.88 0.5100000000000002
1.0 0.24127617148554337 14.995 4.84 0.5200000000000002
1.0 0.2382851445663011 14.995 4.78 0.5300000000000002
1.0 0.2382851445663011 14.995 4.78 0.5400000000000003
1.0 0.23429710867397807 14.995 4.7 0.5500000000000003
1.0 0.23429710867397807 14.995 4.7 0.5600000000000003
1.0 0.2333000997008973 14.995 4.68 0.5700000000000003
1.0 0.23230309072781655 14.995 4.66 0.5800000000000003
1.0 0.2313060817547358 14.995 4.64 0.5900000000000003
1.0 0.2313060817547358 14.995 4.64 0.6000000000000003
1.0 0.22831505483549352 14.995 4.58 0.6100000000000003
1.0 0.22731804586241275 14.995 4.56 0.6200000000000003
1.0 0.22532402791625125 14.995 4.52 0.6300000000000003
1.0 0.22333000997008973 14.995 4.48 0.6400000000000003
1.0 0.2213359920239282 14.995 4.44 0.6500000000000004
1.0 0.2143569292123629 14.995 4.3 0.6600000000000004
1.0 0.20837487537387836 14.995 4.18 0.6700000000000004
1.0 0.20438683948155534 14.995 4.1 0.6800000000000004
1.0 0.1914257228315055 14.995 3.84 0.6900000000000004
1.0 0.18544366899302095 14.995 3.72 0.7000000000000004
1.0 0.1794616151545364 14.995 3.6 0.7100000000000004
1.0 0.1674975074775673 14.995 3.36 0.7200000000000004
1.0 0.1585244267198405 14.995 3.18 0.7300000000000004
1.0 0.15453639082751744 14.995 3.1 0.7400000000000004
1.0 0.14755732801595214 14.995 2.96 0.7500000000000004
1.0 0.1365902293120638 14.995 2.74 0.7600000000000005
1.0 0.1296111665004985 14.995 2.6 0.7700000000000005
1.0 0.12462612163509472 14.995 2.5 0.7800000000000005
1.0 0.11964107676969092 14.995 2.4 0.7900000000000005
1.0 0.11964107676969092 14.995 2.4 0.8000000000000005
1.0 0.11465603190428714 14.995 2.3 0.8100000000000005
0.999888851839502 0.11266201395812563 14.993333333333334 2.26 0.8200000000000005
0.999888851839502 0.11166500498504486 14.993333333333334 2.24 0.8300000000000005
0.9995554073580082 0.10967098703888335 14.988333333333333 2.2 0.8400000000000005
0.9994442591975102 0.10867397806580259 14.986666666666666 2.18 0.8500000000000005
0.9992219628765144 0.10767696909272183 14.983333333333333 2.16 0.8600000000000005
0.9987773702345226 0.1036889332003988 14.976666666666667 2.08 0.8700000000000006
0.9978881849505391 0.10069790628115653 14.963333333333333 2.02 0.8800000000000006
0.9967767033455597 0.09571286141575275 14.946666666666667 1.92 0.8900000000000006
0.995887518061576 0.09172482552342971 14.933333333333334 1.84 0.9000000000000006
0.9946648882960987 0.08673978065802593 14.915 1.74 0.9100000000000006
0.9932199622096254 0.08574277168494517 14.893333333333333 1.72 0.9200000000000006
0.9922196287651439 0.08374875373878365 14.878333333333334 1.68 0.9300000000000006
0.9917750361231522 0.08374875373878365 14.871666666666666 1.68 0.9400000000000006
0.9911081471601645 0.07876370887337986 14.861666666666666 1.58 0.9500000000000006
0.990107813715683 0.07876370887337986 14.846666666666666 1.58 0.9600000000000006
0.9888851839502056 0.07876370887337986 14.828333333333333 1.58 0.9700000000000006
0.9854395909747694 0.07876370887337986 14.776666666666667 1.58 0.9800000000000006
0.9721018117150161 0.07876370887337986 14.576666666666666 1.58 0.9900000000000007
0.0 0.0 0.0 0.0
