1.0 1.0 89.97 5.015 0.0
1.0 0.9970089730807578 89.97 5.0 0.01
1.0 0.9940179461615155 89.97 4.985 0.02
1.0 0.9890329012961117 89.97 4.96 0.03
1.0 0.9840478564307079 89.97 4.935 0.04
1.0 0.9780658025922233 89.97 4.905 0.05
1.0 0.9720837487537388 89.97 4.875 0.060000000000000005
1.0 0.9720837487537388 89.97 4.875 0.07
1.0 0.9710867397806581 89.97 4.87 0.08
1.0 0.9700897308075773 89.97 4.865 0.09
1.0 0.967098703888335 89.97 4.85 0.09999999999999999
1.0 0.9651046859421735 89.97 4.84 0.10999999999999999
1.0 0.9621136590229312 89.97 4.825 0.11999999999999998
1.0 0.9611166500498505 89.97 4.82 0.12999999999999998
1.0 0.9601196410767697 89.97 4.815 0.13999999999999999
1.0 0.9581256231306082 89.97 4.805 0.15
1.0 0.9561316051844466 89.97 4.795 0.16
1.0 0.9531405782652044 89.97 4.78 0.17
1.0 0.9491525423728814 89.97 4.76 0.18000000000000002
1.0 0.9461615154536391 89.97 4.745 0.19000000000000003
1.0 0.942173479561316 89.97 4.725 0.20000000000000004
1.0 0.9391824526420738 89.97 4.71 0.21000000000000005
1.0 0.9371884346959123 89.97 4.7 0.22000000000000006
1.0 0.9332003988035892 89.97 4.68 0.23000000000000007
1.0 0.9322033898305084 89.97 4.675 0.24000000000000007
1.0 0.9312063808574277 89.97 4.67 0.25000000000000006
1.0 0.9312063808574277 89.97 4.67 0.26000000000000006
1.0 0.9302093718843469 89.97 4.665 0.2700000000000001
1.0 0.9302093718843469 89.97 4.665 0.2800000000000001
1.0 0.9302093718843469 89.97 4.665 0.2900000000000001
1.0 0.9302093718843469 89.97 4.665 0.3000000000000001
1.0 0.9292123629112662 89.97 4.66 0.3100000000000001
1.0 0.9292123629112662 89.97 4.66 0.3200000000000001
1.0 0.9292123629112662 89.97 4.66 0.3300000000000001
1.0 0.9292123629112662 89.97 4.66 0.34000000000000014
1.0 0.9282153539381854 89.97 4.655 0.35000000000000014
1.0 0.9272183449651047 89.97 4.65 0.36000000000000015
1.0 0.9242273180458624 89.97 4.635 0.37000000000000016
1.0 0.9212362911266201 89.97 4.62 0.38000000000000017
1.0 0.9192422731804586 89.97 4.61 0.3900000000000002
1.0 0.9172482552342971 89.97 4.6 0.4000000000000002
1.0 0.9132602193419741 89.97 4.58 0.4100000000000002
1.0 0.9112662013958126 89.97 4.57 0.4200000000000002
1.0 0.9082751744765702 89.97 4.555 0.4300000000000002
1.0 0.9042871385842473 89.97 4.535 0.4400000000000002
1.0 0.901296111665005 89.97 4.52 0.45000000000000023
1.0 0.8983050847457628 89.97 4.505 0.46000000000000024
1.0 0.8913260219341974 89.97 4.47 0.47000000000000025
1.0 0.8903290129611167 89.97 4.465 0.48000000000000026
1.0 0.8873379860418744 89.97 4.45 0.49000000000000027
1.0 0.8863409770687937 89.97 4.445 0.5000000000000002
1.0 0.8843469591226321 89.97 4.435 0.5100000000000002
1.0 0.8843469591226321 89.97 4.435 0.5200000000000002
1.0 0.8843469591226321 89.97 4.435 0.5300000000000002
1.0 0.8843469591226321 89.97 4.435 0.5400000000000003
1.0 0.8833499501495513 89.97 4.43 0.5500000000000003
1.0 0.8833499501495513 89.97 4.43 0.5600000000000003
1.0 0.8833499501495513 89.97 4.43 0.5700000000000003
1.0 0.8823529411764706 89.97 4.425 0.5800000000000003
1.0 0.8823529411764706 89.97 4.425 0.5900000000000003
1.0 0.8813559322033898 89.97 4.42 0.6000000000000003
1.0 0.8803589232303091 89.97 4.415 0.6100000000000003
1.0 0.8803589232303091 89.97 4.415 0.6200000000000003
1.0 0.8773678963110668 89.97 4.4 0.6300000000000003
1.0 0.8753738783649053 89.97 4.39 0.6400000000000003
1.0 0.8743768693918246 89.97 4.385 0.6500000000000004
1.0 0.8693918245264207 89.97 4.36 0.6600000000000004
1.0 0.8574277168494516 89.97 4.3 0.6700000000000004
1.0 0.8504486540378864 89.97 4.265 0.6800000000000004
1.0 0.8305084745762712 89.97 4.165 0.6900000000000004
1.0 0.8145563310069791 89.97 4.085 0.7000000000000004
1.0 0.7976071784646062 89.97 4.0 0.7100000000000004
1.0 0.7786640079760718 89.97 3.905 0.7200000000000004
1.0 0.7587238285144566 89.97 3.805 0.7300000000000004
1.0 0.7437686939182453 89.97 3.73 0.7400000000000004
1.0 0.7228315054835494 89.97 3.625 0.7500000000000004
1.0 0.7018943170488534 89.97 3.52 0.7600000000000005
0.999888851839502 0.6939182452642074 89.96 3.48 0.7700000000000005
0.9997777036790041 0.6859421734795613 89.95 3.44 0.7800000000000005
0.9992219628765144 0.6779661016949152 89.9 3.4 0.7900000000000005
0.9986662220740247 0.67098703888335 89.85 3.365 0.8000000000000005
0.9965544070245638 0.6660019940179461 89.66 3.34 0.8100000000000005
0.9935534066911192 0.6630109670987039 89.39 3.325 0.8200000000000005
0.9884405913082138 0.6510468594217348 88.93 3.265 0.8300000000000005
0.9809936645548516 0.638085742771685 88.26 3.2 0.8400000000000005
0.9653217739246416 0.6231306081754736 86.85 3.125 0.8500000000000005
0.942869845504057 0.5792622133599202 84.83 2.905 0.8600000000000005
0.9078581749472047 0.5333998005982054 81.68 2.675 0.8700000000000006
0.8663999110814716 0.48454636091724823 77.95 2.43 0.8800000000000006
0.8086028676225409 0.423728813559322 72.75 2.125 0.8900000000000006
0.746915638546182 0.3349950149551346 67.2 1.68 0.9000000000000006
0.6870067800377904 0.24825523429710866 61.81 1.245 0.9100000000000006
0.6338779593197733 0.17746759720837488 57.03 0.89 0.9200000000000006
0.5914193620095587 0.11764705882352941 53.21 0.59 0.9300000000000006
0.5608536178726242 0.08175473579262213 50.46 0.41 0.9400000000000006
0.5399577636990108 0.06281156530408774 48.58 0.315 0.9500000000000006
0.5252862065132822 0.053838484546360914 47.26 0.27 0.9600000000000006
0.5101700566855618 0.0518444666001994 45.9 0.26 0.9700000000000006
0.47415805268422806 0.05084745762711865 42.66 0.255 0.9800000000000006
0.3716794487051239 0.05084745762711865 33.44 0.255 0.9900000000000007
0.0 0.0 0.0 0.0
