1.0 1.0 9.996666666666666 25.075 0.0
1.0 0.6031904287138584 9.996666666666666 15.125 0.01
1.0 0.4426719840478564 9.996666666666666 11.1 0.02
1.0 0.39780658025922233 9.996666666666666 9.975 0.03
1.0 0.36191425722831505 9.996666666666666 9.075 0.04
1.0 0.34097706879361916 9.996666666666666 8.55 0.05
1.0 0.2971086739780658 9.996666666666666 7.45 0.060000000000000005
1.0 0.2971086739780658 9.996666666666666 7.45 0.07
1.0 0.2811565304087737 9.996666666666666 7.05 0.08
1.0 0.2731804586241276 9.996666666666666 6.85 0.09
1.0 0.26520438683948155 9.996666666666666 6.65 0.09999999999999999
1.0 0.25623130608175476 9.996666666666666 6.425 0.10999999999999999
1.0 0.25124626121635096 9.996666666666666 6.3 0.11999999999999998
1.0 0.2452642073778664 9.996666666666666 6.15 0.12999999999999998
1.0 0.2432701894317049 9.996666666666666 6.1 0.13999999999999999
1.0 0.24027916251246262 9.996666666666666 6.025 0.15
1.0 0.23429710867397807 9.996666666666666 5.875 0.16
1.0 0.226321036889332 9.996666666666666 5.675 0.17
1.0 0.20837487537387836 9.996666666666666 5.225 0.18000000000000002
1.0 0.19740777666999004 9.996666666666666 4.95 0.19000000000000003
1.0 0.19242273180458624 9.996666666666666 4.825 0.20000000000000004
1.0 0.18544366899302095 9.996666666666666 4.65 0.21000000000000005
1.0 0.17846460618145563 9.996666666666666 4.475 0.22000000000000006
1.0 0.1744765702891326 9.996666666666666 4.375 0.23000000000000007
1.0 0.17248255234297108 9.996666666666666 4.325 0.24000000000000007
1.0 0.16650049850448653 9.996666666666666 4.175 0.25000000000000006
1.0 0.1625124626121635 9.996666666666666 4.075 0.26000000000000006
1.0 0.16151545363908276 9.996666666666666 4.05 0.2700000000000001
1.0 0.15952143569292124 9.996666666666666 4.0 0.2800000000000001
1.0 0.1585244267198405 9.996666666666666 3.975 0.2900000000000001
1.0 0.1585244267198405 9.996666666666666 3.975 0.3000000000000001
1.0 0.1575274177467597 9.996666666666666 3.95 0.3100000000000001
1.0 0.15653040877367896 9.996666666666666 3.925 0.3200000000000001
1.0 0.15653040877367896 9.996666666666666 3.925 0.3300000000000001
1.0 0.15553339980059822 9.996666666666666 3.9 0.34000000000000014
0.999888851839502 0.15453639082751744 9.995555555555555 3.875 0.35000000000000014
0.999888851839502 0.15254237288135594 9.995555555555555 3.825 0.36000000000000015
0.999888851839502 0.14955134596211367 9.995555555555555 3.75 0.37000000000000016
0.999888851839502 0.14556331006979062 9.995555555555555 3.65 0.38000000000000017
0.999888851839502 0.14356929212362912 9.995555555555555 3.6 0.3900000000000002
0.999888851839502 0.1415752741774676 9.995555555555555 3.55 0.4000000000000002
0.999888851839502 0.1345962113659023 9.995555555555555 3.375 0.4100000000000002
0.999888851839502 0.1296111665004985 9.995555555555555 3.25 0.4200000000000002
0.999888851839502 0.1226321036889332 9.995555555555555 3.075 0.4300000000000002
0.999888851839502 0.11764705882352941 9.995555555555555 2.95 0.4400000000000002
0.999888851839502 0.11166500498504486 9.995555555555555 2.8 0.45000000000000023
0.999888851839502 0.10568295114656032 9.995555555555555 2.65 0.46000000000000024
0.999888851839502 0.10269192422731804 9.995555555555555 2.575 0.47000000000000025
0.999888851839502 0.09770687936191426 9.995555555555555 2.45 0.48000000000000026
0.9997777036790041 0.09471585244267199 9.994444444444444 2.375 0.49000000000000027
0.9997777036790041 0.09471585244267199 9.994444444444444 2.375 0.5000000000000002
0.9997777036790041 0.09072781655034895 9.994444444444444 2.275 0.5100000000000002
0.9997777036790041 0.0897308075772682 9.994444444444444 2.25 0.5200000000000002
0.9997777036790041 0.08773678963110668 9.994444444444444 2.2 0.5300000000000002
0.9997777036790041 0.08773678963110668 9.994444444444444 2.2 0.5400000000000003
0.9997777036790041 0.08673978065802593 9.994444444444444 2.175 0.5500000000000003
0.9997777036790041 0.0847457627118644 9.994444444444444 2.125 0.5600000000000003
0.9997777036790041 0.08374875373878365 9.994444444444444 2.1 0.5700000000000003
0.9997777036790041 0.08275174476570289 9.994444444444444 2.075 0.5800000000000003
0.9997777036790041 0.08175473579262213 9.994444444444444 2.05 0.5900000000000003
0.9997777036790041 0.07876370887337986 9.994444444444444 1.975 0.6000000000000003
0.9997777036790041 0.07776669990029911 9.994444444444444 1.95 0.6100000000000003
0.9997777036790041 0.07776669990029911 9.994444444444444 1.95 0.6200000000000003
0.9997777036790041 0.07577268195413758 9.994444444444444 1.9 0.6300000000000003
0.9997777036790041 0.07477567298105683 9.994444444444444 1.875 0.6400000000000003
0.9997777036790041 0.07477567298105683 9.994444444444444 1.875 0.6500000000000004
0.9997777036790041 0.07477567298105683 9.994444444444444 1.875 0.6600000000000004
0.9997777036790041 0.06979062811565304 9.994444444444444 1.75 0.6700000000000004
0.9996665555185061 0.06879361914257229 9.993333333333334 1.725 0.6800000000000004
0.9996665555185061 0.06380857427716849 9.993333333333334 1.6 0.6900000000000004
0.9995554073580082 0.05982053838484546 9.992222222222223 1.5 0.7000000000000004
0.9995554073580082 0.05782652043868395 9.992222222222223 1.45 0.7100000000000004
0.9995554073580082 0.0518444666001994 9.992222222222223 1.3 0.7200000000000004
0.9995554073580082 0.049850448654037885 9.992222222222223 1.25 0.7300000000000004
0.9995554073580082 0.045862412761714856 9.992222222222223 1.15 0.7400000000000004
0.9994442591975102 0.04187437686939183 9.991111111111111 1.05 0.7500000000000004
0.9994442591975102 0.03788634097706879 9.991111111111111 0.95 0.7600000000000005
0.9994442591975102 0.03389830508474576 9.991111111111111 0.85 0.7700000000000005
0.9993331110370124 0.028913260219341975 9.99 0.725 0.7800000000000005
0.9993331110370124 0.0259222333000997 9.99 0.65 0.7900000000000005
0.9993331110370124 0.024925224327018942 9.99 0.625 0.8000000000000005
0.9992219628765144 0.024925224327018942 9.988888888888889 0.625 0.8100000000000005
0.9992219628765144 0.022931206380857428 9.988888888888889 0.575 0.8200000000000005
0.9992219628765144 0.022931206380857428 9.988888888888889 0.575 0.8300000000000005
0.9991108147160165 0.022931206380857428 9.987777777777778 0.575 0.8400000000000005
0.9991108147160165 0.022931206380857428 9.987777777777778 0.575 0.8500000000000005
0.9987773702345226 0.02193419740777667 9.984444444444444 0.55 0.8600000000000005
0.9987773702345226 0.015952143569292122 9.984444444444444 0.4 0.8700000000000006
0.9987773702345226 0.014955134596211365 9.984444444444444 0.375 0.8800000000000006
0.9986662220740247 0.011964107676969093 9.983333333333333 0.3 0.8900000000000006
0.9984439257530288 0.005982053838484547 9.981111111111112 0.15 0.9000000000000006
0.998110481271535 0.003988035892323031 9.977777777777778 0.1 0.9100000000000006
0.9978881849505391 0.003988035892323031 9.975555555555555 0.1 0.9200000000000006
0.9977770367900411 0.0029910269192422734 9.974444444444444 0.075 0.9300000000000006
0.9974435923085473 0.0019940179461615153 9.971111111111112 0.05 0.9400000000000006
0.9973324441480493 0.0019940179461615153 9.97 0.05 0.9500000000000006
0.9971101478270534 9.970089730807576E-4 9.967777777777778 0.025 0.9600000000000006
0.9963321107035679 9.970089730807576E-4 9.96 0.025 0.9700000000000006
0.9954429254195843 0.0 9.95111111111111 0.0 0.9800000000000006
0.9928865177281316 0.0 9.925555555555556 0.0 0.9900000000000007
0.0 0.0 0.0 0.0
