1.0 1.0 29.99 50.15 0.0
1.0 0.963110667996012 29.99 48.3 0.01
1.0 0.9322033898305084 29.99 46.75 0.02
1.0 0.9022931206380858 29.99 45.25 0.03
1.0 0.8863409770687937 29.99 44.45 0.04
1.0 0.872382851445663 29.99 43.75 0.05
1.0 0.8424725822532403 29.99 42.25 0.060000000000000005
1.0 0.8424725822532403 29.99 42.25 0.07
1.0 0.8325024925224327 29.99 41.75 0.08
1.0 0.8235294117647058 29.99 41.3 0.09
1.0 0.8115653040877367 29.99 40.7 0.09999999999999999
1.0 0.8075772681954138 29.99 40.5 0.10999999999999999
1.0 0.806580259222333 29.99 40.45 0.11999999999999998
1.0 0.8045862412761715 29.99 40.35 0.12999999999999998
1.0 0.80259222333001 29.99 40.25 0.13999999999999999
1.0 0.8005982053838484 29.99 40.15 0.15
1.0 0.7896311066799602 29.99 39.6 0.16
1.0 0.7866400797607178 29.99 39.45 0.17
1.0 0.7706879361914257 29.99 38.65 0.18000000000000002
1.0 0.7617148554336989 29.99 38.2 0.19000000000000003
1.0 0.7547357926221336 29.99 37.85 0.20000000000000004
1.0 0.7397806580259222 29.99 37.1 0.21000000000000005
1.0 0.7318045862412762 29.99 36.7 0.22000000000000006
1.0 0.7308075772681955 29.99 36.65 0.23000000000000007
1.0 0.7248255234297108 29.99 36.35 0.24000000000000007
1.0 0.7218344965104686 29.99 36.2 0.25000000000000006
1.0 0.7208374875373879 29.99 36.15 0.26000000000000006
1.0 0.7208374875373879 29.99 36.15 0.2700000000000001
1.0 0.7198404785643071 29.99 36.1 0.2800000000000001
1.0 0.7188434695912264 29.99 36.05 0.2900000000000001
1.0 0.7188434695912264 29.99 36.05 0.3000000000000001
1.0 0.715852442671984 29.99 35.9 0.3100000000000001
1.0 0.7148554336989033 29.99 35.85 0.3200000000000001
1.0 0.7088733798604188 29.99 35.55 0.3300000000000001
1.0 0.707876370887338 29.99 35.5 0.34000000000000014
1.0 0.7058823529411765 29.99 35.4 0.35000000000000014
1.0 0.6999002991026919 29.99 35.1 0.36000000000000015
1.0 0.6949152542372882 29.99 34.85 0.37000000000000016
1.0 0.6909272183449651 29.99 34.65 0.38000000000000017
1.0 0.6849451645064806 29.99 34.35 0.3900000000000002
1.0 0.6719840478564307 29.99 33.7 0.4000000000000002
1.0 0.6650049850448654 29.99 33.35 0.4100000000000002
1.0 0.6560319042871385 29.99 32.9 0.4200000000000002
1.0 0.6480558325024925 29.99 32.5 0.4300000000000002
1.0 0.6291126620139581 29.99 31.55 0.4400000000000002
1.0 0.6241276171485544 29.99 31.3 0.45000000000000023
1.0 0.6181455633100698 29.99 31.0 0.46000000000000024
1.0 0.609172482552343 29.99 30.55 0.47000000000000025
1.0 0.6021934197407777 29.99 30.2 0.48000000000000026
1.0 0.5952143569292123 29.99 29.85 0.49000000000000027
1.0 0.5932203389830508 29.99 29.75 0.5000000000000002
1.0 0.5882352941176471 29.99 29.5 0.5100000000000002
1.0 0.584247258225324 29.99 29.3 0.5200000000000002
1.0 0.5832502492522432 29.99 29.25 0.5300000000000002
1.0 0.580259222333001 29.99 29.1 0.5400000000000003
1.0 0.5782652043868395 29.99 29.0 0.5500000000000003
1.0 0.5772681954137587 29.99 28.95 0.5600000000000003
1.0 0.5752741774675972 29.99 28.85 0.5700000000000003
1.0 0.5732801595214357 29.99 28.75 0.5800000000000003
1.0 0.5702891326021934 29.99 28.6 0.5900000000000003
1.0 0.5682951146560319 29.99 28.5 0.6000000000000003
1.0 0.5653040877367896 29.99 28.35 0.6100000000000003
1.0 0.5653040877367896 29.99 28.35 0.6200000000000003
1.0 0.5613160518444666 29.99 28.15 0.6300000000000003
1.0 0.5563310069790628 29.99 27.9 0.6400000000000003
1.0 0.555333998005982 29.99 27.85 0.6500000000000004
1.0 0.543369890329013 29.99 27.25 0.6600000000000004
1.0 0.5304087736789631 29.99 26.6 0.6700000000000004
1.0 0.5204386839481555 29.99 26.1 0.6800000000000004
1.0 0.5014955134596212 29.99 25.15 0.6900000000000004
1.0 0.4835493519441675 29.99 24.25 0.7000000000000004
1.0 0.4675972083748754 29.99 23.45 0.7100000000000004
1.0 0.43768693918245266 29.99 21.95 0.7200000000000004
1.0 0.4217347956131605 29.99 21.15 0.7300000000000004
1.0 0.4057826520438684 29.99 20.35 0.7400000000000004
1.0 0.386839481555334 29.99 19.4 0.7500000000000004
1.0 0.3609172482552343 29.99 18.1 0.7600000000000005
1.0 0.34995014955134596 29.99 17.55 0.7700000000000005
0.999888851839502 0.33798604187437686 29.986666666666668 16.95 0.7800000000000005
0.9997777036790041 0.325024925224327 29.983333333333334 16.3 0.7900000000000005
0.9997777036790041 0.32103688933200397 29.983333333333334 16.1 0.8000000000000005
0.9993331110370124 0.3160518444666002 29.97 15.85 0.8100000000000005
0.9993331110370124 0.31106679960119643 29.97 15.6 0.8200000000000005
0.9986662220740247 0.3070787637088734 29.95 15.4 0.8300000000000005
0.995998666222074 0.3000997008973081 29.87 15.05 0.8400000000000005
0.9936645548516172 0.2951146560319043 29.8 14.8 0.8500000000000005
0.9891074802712015 0.2761714855433699 29.663333333333334 13.85 0.8600000000000005
0.9808825163943536 0.25324027916251246 29.416666666666668 12.7 0.8700000000000006
0.9716572190730244 0.2382851445663011 29.14 11.95 0.8800000000000006
0.9587640324552629 0.21734795613160518 28.753333333333334 10.9 0.8900000000000006
0.9478715127264644 0.18444666001994017 28.426666666666666 9.25 0.9000000000000006
0.934756029787707 0.16051844466600199 28.033333333333335 8.05 0.9100000000000006
0.922974324774925 0.13160518444666003 27.68 6.6 0.9200000000000006
0.9129709903301101 0.1106679960119641 27.38 5.55 0.9300000000000006
0.9041902856507725 0.10069790628115653 27.116666666666667 5.05 0.9400000000000006
0.897187951539402 0.09272183449651047 26.906666666666666 4.65 0.9500000000000006
0.889296432144048 0.08673978065802593 26.67 4.35 0.9600000000000006
0.8771812826497721 0.08673978065802593 26.30666666666667 4.35 0.9700000000000006
0.8530621318217183 0.08673978065802593 25.583333333333332 4.35 0.9800000000000006
0.7853729020784705 0.08673978065802593 23.553333333333335 4.35 0.9900000000000007
0.0 0.0 0.0 0.0
