1.0 1.0 12.852857142857143 20.06 0.0
1.0 0.748753738783649 12.852857142857143 15.02 0.01
1.0 0.6350947158524427 12.852857142857143 12.74 0.02
1.0 0.5872382851445663 12.852857142857143 11.78 0.03
1.0 0.5473579262213359 12.852857142857143 10.98 0.04
1.0 0.5234297108673978 12.852857142857143 10.5 0.05
1.0 0.4835493519441675 12.852857142857143 9.7 0.060000000000000005
1.0 0.4835493519441675 12.852857142857143 9.7 0.07
1.0 0.4675972083748754 12.852857142857143 9.38 0.08
1.0 0.45663010967098705 12.852857142857143 9.16 0.09
1.0 0.43968095712861416 12.852857142857143 8.82 0.09999999999999999
1.0 0.43768693918245266 12.852857142857143 8.78 0.10999999999999999
1.0 0.43270189431704886 12.852857142857143 8.68 0.11999999999999998
1.0 0.42073778664007977 12.852857142857143 8.44 0.12999999999999998
1.0 0.4107676969092722 12.852857142857143 8.24 0.13999999999999999
1.0 0.39581256231306083 12.852857142857143 7.94 0.15
1.0 0.3778664007976072 12.852857142857143 7.58 0.16
1.0 0.37387836490528414 12.852857142857143 7.5 0.17
1.0 0.35194416749750745 12.852857142857143 7.06 0.18000000000000002
1.0 0.33798604187437686 12.852857142857143 6.78 0.19000000000000003
1.0 0.32901296111665007 12.852857142857143 6.6 0.20000000000000004
1.0 0.317048853439681 12.852857142857143 6.36 0.21000000000000005
1.0 0.30807577268195413 12.852857142857143 6.18 0.22000000000000006
1.0 0.2971086739780658 12.852857142857143 5.96 0.23000000000000007
1.0 0.2901296111665005 12.852857142857143 5.82 0.24000000000000007
1.0 0.28614157527417744 12.852857142857143 5.74 0.25000000000000006
1.0 0.28414755732801594 12.852857142857143 5.7 0.26000000000000006
1.0 0.28015952143569295 12.852857142857143 5.62 0.2700000000000001
1.0 0.2761714855433699 12.852857142857143 5.54 0.2800000000000001
1.0 0.27218344965104685 12.852857142857143 5.46 0.2900000000000001
1.0 0.2691924227318046 12.852857142857143 5.4 0.3000000000000001
1.0 0.26719840478564305 12.852857142857143 5.36 0.3100000000000001
1.0 0.2662013958125623 12.852857142857143 5.34 0.3200000000000001
1.0 0.26321036889332006 12.852857142857143 5.28 0.3300000000000001
1.0 0.259222333000997 12.852857142857143 5.2 0.34000000000000014
1.0 0.2542372881355932 12.852857142857143 5.1 0.35000000000000014
1.0 0.24825523429710866 12.852857142857143 4.98 0.36000000000000015
1.0 0.24626121635094717 12.852857142857143 4.94 0.37000000000000016
1.0 0.23429710867397807 12.852857142857143 4.7 0.38000000000000017
1.0 0.22432701894317048 12.852857142857143 4.5 0.3900000000000002
1.0 0.21136590229312063 12.852857142857143 4.24 0.4000000000000002
1.0 0.20039880358923232 12.852857142857143 4.02 0.4100000000000002
1.0 0.1914257228315055 12.852857142857143 3.84 0.4200000000000002
1.0 0.18544366899302095 12.852857142857143 3.72 0.4300000000000002
1.0 0.17048853439680958 12.852857142857143 3.42 0.4400000000000002
1.0 0.16051844466600199 12.852857142857143 3.22 0.45000000000000023
1.0 0.15054835493519442 12.852857142857143 3.02 0.46000000000000024
1.0 0.13559322033898305 12.852857142857143 2.72 0.47000000000000025
1.0 0.13160518444666003 12.852857142857143 2.64 0.48000000000000026
1.0 0.1296111665004985 12.852857142857143 2.6 0.49000000000000027
1.0 0.12462612163509472 12.852857142857143 2.5 0.5000000000000002
1.0 0.12362911266201396 12.852857142857143 2.48 0.5100000000000002
1.0 0.11964107676969092 12.852857142857143 2.4 0.5200000000000002
1.0 0.11665004985044865 12.852857142857143 2.34 0.5300000000000002
1.0 0.11465603190428714 12.852857142857143 2.3 0.5400000000000003
1.0 0.11465603190428714 12.852857142857143 2.3 0.5500000000000003
1.0 0.11365902293120637 12.852857142857143 2.28 0.5600000000000003
1.0 0.11266201395812563 12.852857142857143 2.26 0.5700000000000003
1.0 0.10967098703888335 12.852857142857143 2.2 0.5800000000000003
1.0 0.10967098703888335 12.852857142857143 2.2 0.5900000000000003
1.0 0.10867397806580259 12.852857142857143 2.18 0.6000000000000003
1.0 0.10767696909272183 12.852857142857143 2.16 0.6100000000000003
1.0 0.10568295114656032 12.852857142857143 2.12 0.6200000000000003
1.0 0.10468594217347957 12.852857142857143 2.1 0.6300000000000003
1.0 0.10269192422731804 12.852857142857143 2.06 0.6400000000000003
1.0 0.09870388833499502 12.852857142857143 1.98 0.6500000000000004
1.0 0.0967098703888335 12.852857142857143 1.94 0.6600000000000004
1.0 0.09272183449651047 12.852857142857143 1.86 0.6700000000000004
1.0 0.08873379860418744 12.852857142857143 1.78 0.6800000000000004
1.0 0.08175473579262213 12.852857142857143 1.64 0.6900000000000004
1.0 0.07976071784646062 12.852857142857143 1.6 0.7000000000000004
1.0 0.07278165503489531 12.852857142857143 1.46 0.7100000000000004
1.0 0.06480558325024925 12.852857142857143 1.3 0.7200000000000004
1.0 0.05583250249252243 12.852857142857143 1.12 0.7300000000000004
1.0 0.0518444666001994 12.852857142857143 1.04 0.7400000000000004
1.0 0.04685942173479561 12.852857142857143 0.94 0.7500000000000004
1.0 0.038883349950149554 12.852857142857143 0.78 0.7600000000000005
1.0 0.03489531405782652 12.852857142857143 0.7 0.7700000000000005
1.0 0.03290129611166501 12.852857142857143 0.66 0.7800000000000005
0.999888851839502 0.02991026919242273 12.851428571428572 0.6 0.7900000000000005
0.999888851839502 0.027916251246261216 12.851428571428572 0.56 0.8000000000000005
0.999888851839502 0.026919242273180457 12.851428571428572 0.54 0.8100000000000005
0.999888851839502 0.026919242273180457 12.851428571428572 0.54 0.8200000000000005
0.999888851839502 0.023928215353938187 12.851428571428572 0.48 0.8300000000000005
0.9997777036790041 0.022931206380857428 12.85 0.46 0.8400000000000005
0.9994442591975102 0.02193419740777667 12.845714285714285 0.44 0.8500000000000005
0.9992219628765144 0.02193419740777667 12.842857142857143 0.44 0.8600000000000005
0.9991108147160165 0.01794616151545364 12.84142857142857 0.36 0.8700000000000006
0.9987773702345226 0.013958125623130608 12.837142857142856 0.28 0.8800000000000006
0.9982216294320329 0.01296111665004985 12.83 0.26 0.8900000000000006
0.998110481271535 0.00897308075772682 12.82857142857143 0.18 0.9000000000000006
0.9979993331110371 0.004985044865403789 12.827142857142857 0.1 0.9100000000000006
0.9974435923085473 0.003988035892323031 12.82 0.08 0.9200000000000006
0.9972212959875514 0.0029910269192422734 12.817142857142857 0.06 0.9300000000000006
0.9968878515060575 0.0019940179461615153 12.812857142857142 0.04 0.9400000000000006
0.9967767033455597 9.970089730807576E-4 12.811428571428571 0.02 0.9500000000000006
0.9963321107035679 0.0 12.805714285714286 0.0 0.9600000000000006
0.9947760364565966 0.0 12.785714285714286 0.0 0.9700000000000006
0.9925530732466378 0.0 12.757142857142858 0.0 0.9800000000000006
0.982216294320329 0.0 12.624285714285714 0.0 0.9900000000000007
0.0 0.0 0.0 0.0
