1.0 1.0 17.994 40.12 0.0
1.0 0.8873379860418744 17.994 35.6 0.01
1.0 0.8055832502492523 17.994 32.32 0.02
1.0 0.7567298105682951 17.994 30.36 0.03
1.0 0.711864406779661 17.994 28.56 0.04
1.0 0.6889332003988036 17.994 27.64 0.05
1.0 0.6610169491525424 17.994 26.52 0.060000000000000005
1.0 0.6610169491525424 17.994 26.52 0.07
1.0 0.6480558325024925 17.994 26.0 0.08
1.0 0.6281156530408774 17.994 25.2 0.09
1.0 0.617148554336989 17.994 24.76 0.09999999999999999
1.0 0.609172482552343 17.994 24.44 0.10999999999999999
1.0 0.6011964107676969 17.994 24.12 0.11999999999999998
1.0 0.5942173479561316 17.994 23.84 0.12999999999999998
1.0 0.5892323030907278 17.994 23.64 0.13999999999999999
1.0 0.5782652043868395 17.994 23.2 0.15
1.0 0.5682951146560319 17.994 22.8 0.16
1.0 0.5623130608175474 17.994 22.56 0.17
1.0 0.5363908275174477 17.994 21.52 0.18000000000000002
1.0 0.522432701894317 17.994 20.96 0.19000000000000003
1.0 0.5024925224327019 17.994 20.16 0.20000000000000004
1.0 0.4915254237288136 17.994 19.72 0.21000000000000005
1.0 0.47357926221335994 17.994 19.0 0.22000000000000006
1.0 0.4626121635094716 17.994 18.56 0.23000000000000007
1.0 0.45164506480558325 17.994 18.12 0.24000000000000007
1.0 0.4506480558325025 17.994 18.08 0.25000000000000006
1.0 0.4456630109670987 17.994 17.88 0.26000000000000006
1.0 0.4426719840478564 17.994 17.76 0.2700000000000001
1.0 0.4386839481555334 17.994 17.6 0.2800000000000001
1.0 0.43668993020937186 17.994 17.52 0.2900000000000001
1.0 0.4336989032901296 17.994 17.4 0.3000000000000001
1.0 0.4317048853439681 17.994 17.32 0.3100000000000001
1.0 0.4307078763708873 17.994 17.28 0.3200000000000001
1.0 0.4267198404785643 17.994 17.12 0.3300000000000001
1.0 0.42273180458624127 17.994 16.96 0.34000000000000014
1.0 0.4167497507477567 17.994 16.72 0.35000000000000014
1.0 0.4117647058823529 17.994 16.52 0.36000000000000015
1.0 0.4077766699900299 17.994 16.36 0.37000000000000016
1.0 0.4037886340977069 17.994 16.2 0.38000000000000017
1.0 0.39780658025922233 17.994 15.96 0.3900000000000002
1.0 0.38883349950149554 17.994 15.6 0.4000000000000002
1.0 0.382851445663011 17.994 15.36 0.4100000000000002
1.0 0.3609172482552343 17.994 14.48 0.4200000000000002
1.0 0.35493519441674976 17.994 14.24 0.4300000000000002
1.0 0.34297108673978066 17.994 13.76 0.4400000000000002
1.0 0.3320039880358923 17.994 13.32 0.45000000000000023
1.0 0.32602193419740777 17.994 13.08 0.46000000000000024
1.0 0.3180458624127617 17.994 12.76 0.47000000000000025
1.0 0.31106679960119643 17.994 12.48 0.48000000000000026
1.0 0.30608175473579263 17.994 12.28 0.49000000000000027
1.0 0.3040877367896311 17.994 12.2 0.5000000000000002
1.0 0.30109670987038883 17.994 12.08 0.5100000000000002
1.0 0.29611166500498504 17.994 11.88 0.5200000000000002
1.0 0.2951146560319043 17.994 11.84 0.5300000000000002
1.0 0.288135593220339 17.994 11.56 0.5400000000000003
1.0 0.2851445663010967 17.994 11.44 0.5500000000000003
1.0 0.28215353938185445 17.994 11.32 0.5600000000000003
1.0 0.28215353938185445 17.994 11.32 0.5700000000000003
1.0 0.2811565304087737 17.994 11.28 0.5800000000000003
1.0 0.27916251246261214 17.994 11.2 0.5900000000000003
1.0 0.27716849451645065 17.994 11.12 0.6000000000000003
1.0 0.2761714855433699 17.994 11.08 0.6100000000000003
1.0 0.2741774675972084 17.994 11.0 0.6200000000000003
1.0 0.26819541375872386 17.994 10.76 0.6300000000000003
1.0 0.2662013958125623 17.994 10.68 0.6400000000000003
1.0 0.259222333000997 17.994 10.4 0.6500000000000004
1.0 0.25324027916251246 17.994 10.16 0.6600000000000004
1.0 0.2472582253240279 17.994 9.92 0.6700000000000004
1.0 0.2382851445663011 17.994 9.56 0.6800000000000004
1.0 0.2313060817547358 17.994 9.28 0.6900000000000004
1.0 0.22333000997008973 17.994 8.96 0.7000000000000004
1.0 0.21635094715852443 17.994 8.68 0.7100000000000004
1.0 0.2033898305084746 17.994 8.16 0.7200000000000004
1.0 0.18943170488534397 17.994 7.6 0.7300000000000004
1.0 0.17746759720837488 17.994 7.12 0.7400000000000004
1.0 0.1625124626121635 17.994 6.52 0.7500000000000004
1.0 0.15154536390827517 17.994 6.08 0.7600000000000005
1.0 0.14356929212362912 17.994 5.76 0.7700000000000005
1.0 0.13858424725822532 17.994 5.56 0.7800000000000005
1.0 0.13160518444666003 17.994 5.28 0.7900000000000005
1.0 0.12662013958125623 17.994 5.08 0.8000000000000005
0.999888851839502 0.12163509471585245 17.992 4.88 0.8100000000000005
0.9997777036790041 0.12063808574277168 17.99 4.84 0.8200000000000005
0.9995554073580082 0.11665004985044865 17.986 4.68 0.8300000000000005
0.9995554073580082 0.11465603190428714 17.986 4.6 0.8400000000000005
0.9991108147160165 0.10767696909272183 17.978 4.32 0.8500000000000005
0.9984439257530288 0.09970089730807577 17.966 4.0 0.8600000000000005
0.9971101478270534 0.08673978065802593 17.942 3.48 0.8700000000000006
0.9949983327775925 0.08175473579262213 17.904 3.28 0.8800000000000006
0.991997332444148 0.06979062811565304 17.85 2.8 0.8900000000000006
0.9887740357897077 0.06081754735792622 17.792 2.44 0.9000000000000006
0.9863287762587529 0.045862412761714856 17.748 1.84 0.9100000000000006
0.9841058130487941 0.036889332003988036 17.708 1.48 0.9200000000000006
0.9816605535178393 0.02991026919242273 17.664 1.2 0.9300000000000006
0.9795487384683783 0.022931206380857428 17.626 0.92 0.9400000000000006
0.9771034789374236 0.02193419740777667 17.582 0.88 0.9500000000000006
0.9741024786039791 0.020937188434695914 17.528 0.84 0.9600000000000006
0.9707680337890408 0.019940179461615155 17.468 0.8 0.9700000000000006
0.9606535511837279 0.019940179461615155 17.286 0.8 0.9800000000000006
0.9353117705901968 0.018943170488534396 16.83 0.76 0.9900000000000007
0.0 0.0 0.0 0.0
