1.0 1.0 89.97 13.373333333333333 0.0
1.0 0.9940179461615155 89.97 13.293333333333333 0.01
1.0 0.9820538384845464 89.97 13.133333333333333 0.02
1.0 0.9720837487537388 89.97 13.0 0.03
1.0 0.9641076769690927 89.97 12.893333333333333 0.04
1.0 0.9601196410767697 89.97 12.84 0.05
1.0 0.9541375872382851 89.97 12.76 0.060000000000000005
1.0 0.9541375872382851 89.97 12.76 0.07
1.0 0.9521435692921236 89.97 12.733333333333333 0.08
1.0 0.9501495513459621 89.97 12.706666666666667 0.09
1.0 0.9481555333998006 89.97 12.68 0.09999999999999999
1.0 0.9451645064805583 89.97 12.64 0.10999999999999999
1.0 0.942173479561316 89.97 12.6 0.11999999999999998
1.0 0.9371884346959123 89.97 12.533333333333333 0.12999999999999998
1.0 0.9371884346959123 89.97 12.533333333333333 0.13999999999999999
1.0 0.9351944167497508 89.97 12.506666666666666 0.15
1.0 0.9302093718843469 89.97 12.44 0.16
1.0 0.9252243270189432 89.97 12.373333333333333 0.17
1.0 0.9212362911266201 89.97 12.32 0.18000000000000002
1.0 0.9122632103688934 89.97 12.2 0.19000000000000003
1.0 0.9112662013958126 89.97 12.186666666666667 0.20000000000000004
1.0 0.9072781655034895 89.97 12.133333333333333 0.21000000000000005
1.0 0.9062811565304087 89.97 12.12 0.22000000000000006
1.0 0.9062811565304087 89.97 12.12 0.23000000000000007
1.0 0.9042871385842473 89.97 12.093333333333334 0.24000000000000007
1.0 0.9042871385842473 89.97 12.093333333333334 0.25000000000000006
1.0 0.9032901296111665 89.97 12.08 0.26000000000000006
1.0 0.9032901296111665 89.97 12.08 0.2700000000000001
1.0 0.9022931206380858 89.97 12.066666666666666 0.2800000000000001
1.0 0.901296111665005 89.97 12.053333333333333 0.2900000000000001
1.0 0.901296111665005 89.97 12.053333333333333 0.3000000000000001
1.0 0.901296111665005 89.97 12.053333333333333 0.3100000000000001
1.0 0.8993020937188435 89.97 12.026666666666667 0.3200000000000001
1.0 0.8983050847457628 89.97 12.013333333333334 0.3300000000000001
1.0 0.8973080757726819 89.97 12.0 0.34000000000000014
1.0 0.8953140578265204 89.97 11.973333333333333 0.35000000000000014
1.0 0.8933200398803589 89.97 11.946666666666667 0.36000000000000015
1.0 0.8923230309072782 89.97 11.933333333333334 0.37000000000000016
1.0 0.8903290129611167 89.97 11.906666666666666 0.38000000000000017
1.0 0.8883349950149552 89.97 11.88 0.3900000000000002
1.0 0.8863409770687937 89.97 11.853333333333333 0.4000000000000002
1.0 0.8803589232303091 89.97 11.773333333333333 0.4100000000000002
1.0 0.8753738783649053 89.97 11.706666666666667 0.4200000000000002
1.0 0.872382851445663 89.97 11.666666666666666 0.4300000000000002
1.0 0.8693918245264207 89.97 11.626666666666667 0.4400000000000002
1.0 0.864406779661017 89.97 11.56 0.45000000000000023
1.0 0.8544366899302094 89.97 11.426666666666666 0.46000000000000024
1.0 0.8494516450648056 89.97 11.36 0.47000000000000025
1.0 0.847457627118644 89.97 11.333333333333334 0.48000000000000026
1.0 0.8454636091724825 89.97 11.306666666666667 0.49000000000000027
1.0 0.8444666001994018 89.97 11.293333333333333 0.5000000000000002
1.0 0.8424725822532403 89.97 11.266666666666667 0.5100000000000002
1.0 0.839481555333998 89.97 11.226666666666667 0.5200000000000002
1.0 0.839481555333998 89.97 11.226666666666667 0.5300000000000002
1.0 0.839481555333998 89.97 11.226666666666667 0.5400000000000003
1.0 0.839481555333998 89.97 11.226666666666667 0.5500000000000003
1.0 0.8374875373878365 89.97 11.2 0.5600000000000003
1.0 0.8364905284147557 89.97 11.186666666666667 0.5700000000000003
1.0 0.8364905284147557 89.97 11.186666666666667 0.5800000000000003
1.0 0.8364905284147557 89.97 11.186666666666667 0.5900000000000003
1.0 0.8354935194416749 89.97 11.173333333333334 0.6000000000000003
1.0 0.8334995014955134 89.97 11.146666666666667 0.6100000000000003
1.0 0.8325024925224327 89.97 11.133333333333333 0.6200000000000003
1.0 0.8295114656031904 89.97 11.093333333333334 0.6300000000000003
1.0 0.8245264207377866 89.97 11.026666666666667 0.6400000000000003
1.0 0.8215353938185443 89.97 10.986666666666666 0.6500000000000004
1.0 0.810568295114656 89.97 10.84 0.6600000000000004
1.0 0.8005982053838484 89.97 10.706666666666667 0.6700000000000004
1.0 0.7926221335992024 89.97 10.6 0.6800000000000004
1.0 0.7796610169491526 89.97 10.426666666666666 0.6900000000000004
1.0 0.769690927218345 89.97 10.293333333333333 0.7000000000000004
1.0 0.7577268195413759 89.97 10.133333333333333 0.7100000000000004
1.0 0.7387836490528414 89.97 9.88 0.7200000000000004
1.0 0.7208374875373879 89.97 9.64 0.7300000000000004
1.0 0.6979062811565304 89.97 9.333333333333334 0.7400000000000004
1.0 0.6819541375872383 89.97 9.12 0.7500000000000004
1.0 0.6650049850448654 89.97 8.893333333333333 0.7600000000000005
1.0 0.6560319042871385 89.97 8.773333333333333 0.7700000000000005
0.9997777036790041 0.6390827517447657 89.95 8.546666666666667 0.7800000000000005
0.9995554073580082 0.6331006979062812 89.93 8.466666666666667 0.7900000000000005
0.9992219628765144 0.6251246261216351 89.9 8.36 0.8000000000000005
0.9984439257530288 0.6231306081754736 89.83 8.333333333333334 0.8100000000000005
0.9965544070245638 0.6161515453639083 89.66 8.24 0.8200000000000005
0.9915527398021563 0.6061814556331007 89.21 8.106666666666667 0.8300000000000005
0.984216961209292 0.5942173479561316 88.55 7.946666666666666 0.8400000000000005
0.97243525619651 0.5852442671984048 87.49 7.826666666666667 0.8500000000000005
0.9537623652328554 0.5403788634097707 85.81 7.226666666666667 0.8600000000000005
0.9231966210959208 0.5014955134596212 83.06 6.706666666666667 0.8700000000000006
0.8848505057241303 0.44965104685942175 79.61 6.013333333333334 0.8800000000000006
0.8329443147715905 0.386839481555334 74.94 5.173333333333333 0.8900000000000006
0.7791486050905857 0.3200398803589232 70.1 4.28 0.9000000000000006
0.7241302656441035 0.24925224327018944 65.15 3.3333333333333335 0.9100000000000006
0.6807824830499055 0.19042871385842472 61.25 2.546666666666667 0.9200000000000006
0.6469934422585306 0.14257228315054835 58.21 1.9066666666666667 0.9300000000000006
0.6155385128376125 0.11365902293120637 55.38 1.52 0.9400000000000006
0.5958652884294765 0.09870388833499502 53.61 1.32 0.9500000000000006
0.5799711014782706 0.09371884346959122 52.18 1.2533333333333334 0.9600000000000006
0.563187729243081 0.09172482552342971 50.67 1.2266666666666666 0.9700000000000006
0.5250639101922863 0.09072781655034895 47.24 1.2133333333333334 0.9800000000000006
0.432810936978993 0.09072781655034895 38.94 1.2133333333333334 0.9900000000000007
0.0 0.0 0.0 0.0
