1.0 1.0 17.994 20.06 0.0
1.0 0.8883349950149552 17.994 17.82 0.01
1.0 0.7776669990029911 17.994 15.6 0.02
1.0 0.7367896311066799 17.994 14.78 0.03
1.0 0.711864406779661 17.994 14.28 0.04
1.0 0.6809571286141576 17.994 13.66 0.05
1.0 0.6350947158524427 17.994 12.74 0.060000000000000005
1.0 0.6350947158524427 17.994 12.74 0.07
1.0 0.6231306081754736 17.994 12.5 0.08
1.0 0.6041874376869392 17.994 12.12 0.09
1.0 0.5932203389830508 17.994 11.9 0.09999999999999999
1.0 0.5832502492522432 17.994 11.7 0.10999999999999999
1.0 0.5752741774675972 17.994 11.54 0.11999999999999998
1.0 0.5633100697906281 17.994 11.3 0.12999999999999998
1.0 0.555333998005982 17.994 11.14 0.13999999999999999
1.0 0.5503489531405783 17.994 11.04 0.15
1.0 0.5403788634097707 17.994 10.84 0.16
1.0 0.5333998005982054 17.994 10.7 0.17
1.0 0.5114656031904287 17.994 10.26 0.18000000000000002
1.0 0.4985044865403789 17.994 10.0 0.19000000000000003
1.0 0.4885343968095713 17.994 9.8 0.20000000000000004
1.0 0.48055832502492524 17.994 9.64 0.21000000000000005
1.0 0.47357926221335994 17.994 9.5 0.22000000000000006
1.0 0.4715852442671984 17.994 9.46 0.23000000000000007
1.0 0.4626121635094716 17.994 9.28 0.24000000000000007
1.0 0.4596211365902293 17.994 9.22 0.25000000000000006
1.0 0.45663010967098705 17.994 9.16 0.26000000000000006
1.0 0.4546360917248255 17.994 9.12 0.2700000000000001
1.0 0.45164506480558325 17.994 9.06 0.2800000000000001
1.0 0.44965104685942175 17.994 9.02 0.2900000000000001
1.0 0.4456630109670987 17.994 8.94 0.3000000000000001
1.0 0.4456630109670987 17.994 8.94 0.3100000000000001
1.0 0.4456630109670987 17.994 8.94 0.3200000000000001
1.0 0.44466600199401796 17.994 8.92 0.3300000000000001
1.0 0.4406779661016949 17.994 8.84 0.34000000000000014
1.0 0.43270189431704886 17.994 8.68 0.35000000000000014
1.0 0.4247258225324028 17.994 8.52 0.36000000000000015
1.0 0.41774675972083747 17.994 8.38 0.37000000000000016
1.0 0.4117647058823529 17.994 8.26 0.38000000000000017
1.0 0.4087736789631107 17.994 8.2 0.3900000000000002
1.0 0.3988035892323031 17.994 8.0 0.4000000000000002
1.0 0.3848454636091725 17.994 7.72 0.4100000000000002
1.0 0.37686939182452645 17.994 7.56 0.4200000000000002
1.0 0.3659022931206381 17.994 7.34 0.4300000000000002
1.0 0.35992023928215355 17.994 7.22 0.4400000000000002
1.0 0.3489531405782652 17.994 7.0 0.45000000000000023
1.0 0.3389830508474576 17.994 6.8 0.46000000000000024
1.0 0.33300099700897307 17.994 6.68 0.47000000000000025
1.0 0.3200398803589232 17.994 6.42 0.48000000000000026
1.0 0.3120638085742772 17.994 6.26 0.49000000000000027
1.0 0.31106679960119643 17.994 6.24 0.5000000000000002
1.0 0.3070787637088734 17.994 6.16 0.5100000000000002
1.0 0.3050847457627119 17.994 6.12 0.5200000000000002
1.0 0.30109670987038883 17.994 6.04 0.5300000000000002
1.0 0.29611166500498504 17.994 5.94 0.5400000000000003
1.0 0.2931206380857428 17.994 5.88 0.5500000000000003
1.0 0.28913260219341974 17.994 5.8 0.5600000000000003
1.0 0.28614157527417744 17.994 5.74 0.5700000000000003
1.0 0.2811565304087737 17.994 5.64 0.5800000000000003
1.0 0.27716849451645065 17.994 5.56 0.5900000000000003
1.0 0.2741774675972084 17.994 5.5 0.6000000000000003
1.0 0.27218344965104685 17.994 5.46 0.6100000000000003
1.0 0.2711864406779661 17.994 5.44 0.6200000000000003
1.0 0.2662013958125623 17.994 5.34 0.6300000000000003
1.0 0.2622133599202393 17.994 5.26 0.6400000000000003
1.0 0.259222333000997 17.994 5.2 0.6500000000000004
1.0 0.25623130608175476 17.994 5.14 0.6600000000000004
1.0 0.2522432701894317 17.994 5.06 0.6700000000000004
1.0 0.24227318045862412 17.994 4.86 0.6800000000000004
1.0 0.2333000997008973 17.994 4.68 0.6900000000000004
1.0 0.22532402791625125 17.994 4.52 0.7000000000000004
1.0 0.21136590229312063 17.994 4.24 0.7100000000000004
1.0 0.2033898305084746 17.994 4.08 0.7200000000000004
1.0 0.19242273180458624 17.994 3.86 0.7300000000000004
1.0 0.17248255234297108 17.994 3.46 0.7400000000000004
1.0 0.16450648055832504 17.994 3.3 0.7500000000000004
1.0 0.15553339980059822 17.994 3.12 0.7600000000000005
1.0 0.15054835493519442 17.994 3.02 0.7700000000000005
1.0 0.13858424725822532 17.994 2.78 0.7800000000000005
1.0 0.13359920239282153 17.994 2.68 0.7900000000000005
0.999888851839502 0.1296111665004985 17.992 2.6 0.8000000000000005
0.999888851839502 0.12662013958125623 17.992 2.54 0.8100000000000005
0.9997777036790041 0.12462612163509472 17.99 2.5 0.8200000000000005
0.9994442591975102 0.1226321036889332 17.984 2.46 0.8300000000000005
0.9989996665555185 0.11964107676969092 17.976 2.4 0.8400000000000005
0.998110481271535 0.11665004985044865 17.96 2.34 0.8500000000000005
0.9969989996665555 0.10767696909272183 17.94 2.16 0.8600000000000005
0.9962209625430699 0.10269192422731804 17.926 2.06 0.8700000000000006
0.9947760364565966 0.09571286141575275 17.9 1.92 0.8800000000000006
0.9925530732466378 0.0847457627118644 17.86 1.7 0.8900000000000006
0.9885517394687118 0.07377866400797607 17.788 1.48 0.9000000000000006
0.9863287762587529 0.06281156530408774 17.748 1.26 0.9100000000000006
0.98432810936979 0.0518444666001994 17.712 1.04 0.9200000000000006
0.9824385906413249 0.045862412761714856 17.678 0.92 0.9300000000000006
0.9805490719128599 0.03988035892323031 17.644 0.8 0.9400000000000006
0.9789929976658887 0.03988035892323031 17.616 0.8 0.9500000000000006
0.9764365899744359 0.03988035892323031 17.57 0.8 0.9600000000000006
0.9725464043570079 0.03988035892323031 17.5 0.8 0.9700000000000006
0.9634322551961765 0.03988035892323031 17.336 0.8 0.9800000000000006
0.940646882294098 0.03988035892323031 16.926 0.8 0.9900000000000007
0.0 0.0 0.0 0.0
