1.0 1.0 14.995 200.6 0.0
1.0 0.8125623130608175 14.995 163.0 0.01
1.0 0.6949152542372882 14.995 139.4 0.02
1.0 0.654037886340977 14.995 131.2 0.03
1.0 0.6151545363908275 14.995 123.4 0.04
1.0 0.5862412761714856 14.995 117.6 0.05
1.0 0.5373878364905285 14.995 107.8 0.060000000000000005
1.0 0.5373878364905285 14.995 107.8 0.07
1.0 0.5244267198404786 14.995 105.2 0.08
1.0 0.5124626121635095 14.995 102.8 0.09
1.0 0.5074775672981057 14.995 101.8 0.09999999999999999
1.0 0.49750747756729813 14.995 99.8 0.10999999999999999
1.0 0.48753738783649053 14.995 97.8 0.11999999999999998
1.0 0.48055832502492524 14.995 96.4 0.12999999999999998
1.0 0.4715852442671984 14.995 94.6 0.13999999999999999
1.0 0.4626121635094716 14.995 92.8 0.15
1.0 0.44965104685942175 14.995 90.2 0.16
1.0 0.43968095712861416 14.995 88.2 0.17
1.0 0.4097706879361914 14.995 82.2 0.18000000000000002
1.0 0.39980059820538383 14.995 80.2 0.19000000000000003
1.0 0.38783649052841473 14.995 77.8 0.20000000000000004
1.0 0.3778664007976072 14.995 75.8 0.21000000000000005
1.0 0.36390827517447655 14.995 73.0 0.22000000000000006
1.0 0.353938185443669 14.995 71.0 0.23000000000000007
1.0 0.3489531405782652 14.995 70.0 0.24000000000000007
1.0 0.34795613160518446 14.995 69.8 0.25000000000000006
1.0 0.34297108673978066 14.995 68.8 0.26000000000000006
1.0 0.34097706879361916 14.995 68.4 0.2700000000000001
1.0 0.3389830508474576 14.995 68.0 0.2800000000000001
1.0 0.33798604187437686 14.995 67.8 0.2900000000000001
1.0 0.33599202392821537 14.995 67.4 0.3000000000000001
1.0 0.3339980059820538 14.995 67.0 0.3100000000000001
1.0 0.32901296111665007 14.995 66.0 0.3200000000000001
1.0 0.3270189431704885 14.995 65.6 0.3300000000000001
1.0 0.3270189431704885 14.995 65.6 0.34000000000000014
1.0 0.3200398803589232 14.995 64.2 0.35000000000000014
1.0 0.3180458624127617 14.995 63.8 0.36000000000000015
1.0 0.3150548354935194 14.995 63.2 0.37000000000000016
1.0 0.3090727816550349 14.995 62.0 0.38000000000000017
1.0 0.3050847457627119 14.995 61.2 0.3900000000000002
1.0 0.3000997008973081 14.995 60.2 0.4000000000000002
1.0 0.288135593220339 14.995 57.8 0.4100000000000002
1.0 0.27716849451645065 14.995 55.6 0.4200000000000002
1.0 0.2662013958125623 14.995 53.4 0.4300000000000002
1.0 0.259222333000997 14.995 52.0 0.4400000000000002
1.0 0.2522432701894317 14.995 50.6 0.45000000000000023
1.0 0.24227318045862412 14.995 48.6 0.46000000000000024
1.0 0.2313060817547358 14.995 46.4 0.47000000000000025
1.0 0.22831505483549352 14.995 45.8 0.48000000000000026
1.0 0.22532402791625125 14.995 45.2 0.49000000000000027
1.0 0.22033898305084745 14.995 44.2 0.5000000000000002
1.0 0.21535393818544366 14.995 43.2 0.5100000000000002
1.0 0.2143569292123629 14.995 43.0 0.5200000000000002
1.0 0.2123629112662014 14.995 42.6 0.5300000000000002
1.0 0.21036889332003988 14.995 42.2 0.5400000000000003
1.0 0.20937188434695914 14.995 42.0 0.5500000000000003
1.0 0.20638085742771686 14.995 41.4 0.5600000000000003
1.0 0.20638085742771686 14.995 41.4 0.5700000000000003
1.0 0.20638085742771686 14.995 41.4 0.5800000000000003
1.0 0.20039880358923232 14.995 40.2 0.5900000000000003
1.0 0.19940179461615154 14.995 40.0 0.6000000000000003
1.0 0.1984047856430708 14.995 39.8 0.6100000000000003
1.0 0.19740777666999004 14.995 39.6 0.6200000000000003
1.0 0.19740777666999004 14.995 39.6 0.6300000000000003
1.0 0.19641076769690927 14.995 39.4 0.6400000000000003
1.0 0.19641076769690927 14.995 39.4 0.6500000000000004
1.0 0.19441674975074777 14.995 39.0 0.6600000000000004
1.0 0.1914257228315055 14.995 38.4 0.6700000000000004
1.0 0.18943170488534397 14.995 38.0 0.6800000000000004
1.0 0.1864406779661017 14.995 37.4 0.6900000000000004
1.0 0.18245264207377868 14.995 36.6 0.7000000000000004
1.0 0.17647058823529413 14.995 35.4 0.7100000000000004
1.0 0.17048853439680958 14.995 34.2 0.7200000000000004
1.0 0.16350947158524426 14.995 32.8 0.7300000000000004
1.0 0.1575274177467597 14.995 31.6 0.7400000000000004
1.0 0.15553339980059822 14.995 31.2 0.7500000000000004
1.0 0.14955134596211367 14.995 30.0 0.7600000000000005
1.0 0.1415752741774676 14.995 28.4 0.7700000000000005
1.0 0.13559322033898305 14.995 27.2 0.7800000000000005
1.0 0.13260219341974078 14.995 26.6 0.7900000000000005
1.0 0.1296111665004985 14.995 26.0 0.8000000000000005
1.0 0.12362911266201396 14.995 24.8 0.8100000000000005
0.999888851839502 0.12163509471585245 14.993333333333334 24.4 0.8200000000000005
0.9996665555185061 0.11764705882352941 14.99 23.6 0.8300000000000005
0.9995554073580082 0.1156530408773679 14.988333333333333 23.2 0.8400000000000005
0.9993331110370124 0.11266201395812563 14.985 22.6 0.8500000000000005
0.9988885183950206 0.11166500498504486 14.978333333333333 22.4 0.8600000000000005
0.9984439257530288 0.1106679960119641 14.971666666666666 22.2 0.8700000000000006
0.9977770367900411 0.10867397806580259 14.961666666666666 21.8 0.8800000000000006
0.9973324441480493 0.10468594217347957 14.955 21.0 0.8900000000000006
0.9966655551850617 0.1016949152542373 14.945 20.4 0.9000000000000006
0.995998666222074 0.09970089730807577 14.935 20.0 0.9100000000000006
0.9948871846170946 0.09770687936191426 14.918333333333333 19.6 0.9200000000000006
0.9945537401356007 0.09272183449651047 14.913333333333334 18.6 0.9300000000000006
0.9936645548516172 0.09272183449651047 14.9 18.6 0.9400000000000006
0.9932199622096254 0.09272183449651047 14.893333333333333 18.6 0.9500000000000006
0.9927753695676337 0.09172482552342971 14.886666666666667 18.4 0.9600000000000006
0.99188618428365 0.09072781655034895 14.873333333333333 18.2 0.9700000000000006
0.9904412581971769 0.08673978065802593 14.851666666666667 17.4 0.9800000000000006
0.9832166277648104 0.0847457627118644 14.743333333333334 17.0 0.9900000000000007
0.0 0.0 0.0 0.0
