1.0 1.0 89.97 6.26875 0.0
1.0 1.0 89.97 6.26875 0.01
1.0 0.9930209371884346 89.97 6.225 0.02
1.0 0.9900299102691924 89.97 6.20625 0.03
1.0 0.9870388833499502 89.97 6.1875 0.04
1.0 0.9810568295114656 89.97 6.15 0.05
1.0 0.9750747756729811 89.97 6.1125 0.060000000000000005
1.0 0.9750747756729811 89.97 6.1125 0.07
1.0 0.9740777666999003 89.97 6.10625 0.08
1.0 0.9720837487537388 89.97 6.09375 0.09
1.0 0.9710867397806581 89.97 6.0875 0.09999999999999999
1.0 0.9690927218344965 89.97 6.075 0.10999999999999999
1.0 0.967098703888335 89.97 6.0625 0.11999999999999998
1.0 0.9651046859421735 89.97 6.05 0.12999999999999998
1.0 0.9621136590229312 89.97 6.03125 0.13999999999999999
1.0 0.9611166500498505 89.97 6.025 0.15
1.0 0.959122632103689 89.97 6.0125 0.16
1.0 0.9581256231306082 89.97 6.00625 0.17
1.0 0.9531405782652044 89.97 5.975 0.18000000000000002
1.0 0.9481555333998006 89.97 5.94375 0.19000000000000003
1.0 0.9451645064805583 89.97 5.925 0.20000000000000004
1.0 0.942173479561316 89.97 5.90625 0.21000000000000005
1.0 0.9401794616151545 89.97 5.89375 0.22000000000000006
1.0 0.9401794616151545 89.97 5.89375 0.23000000000000007
1.0 0.9391824526420738 89.97 5.8875 0.24000000000000007
1.0 0.9371884346959123 89.97 5.875 0.25000000000000006
1.0 0.9371884346959123 89.97 5.875 0.26000000000000006
1.0 0.9371884346959123 89.97 5.875 0.2700000000000001
1.0 0.9371884346959123 89.97 5.875 0.2800000000000001
1.0 0.9361914257228315 89.97 5.86875 0.2900000000000001
1.0 0.9361914257228315 89.97 5.86875 0.3000000000000001
1.0 0.9361914257228315 89.97 5.86875 0.3100000000000001
1.0 0.9361914257228315 89.97 5.86875 0.3200000000000001
1.0 0.9361914257228315 89.97 5.86875 0.3300000000000001
1.0 0.9332003988035892 89.97 5.85 0.34000000000000014
1.0 0.9292123629112662 89.97 5.825 0.35000000000000014
1.0 0.9262213359920239 89.97 5.80625 0.36000000000000015
1.0 0.9252243270189432 89.97 5.8 0.37000000000000016
1.0 0.922233300099701 89.97 5.78125 0.38000000000000017
1.0 0.9192422731804586 89.97 5.7625 0.3900000000000002
1.0 0.9172482552342971 89.97 5.75 0.4000000000000002
1.0 0.9142572283150548 89.97 5.73125 0.4100000000000002
1.0 0.909272183449651 89.97 5.7 0.4200000000000002
1.0 0.9062811565304087 89.97 5.68125 0.4300000000000002
1.0 0.9042871385842473 89.97 5.66875 0.4400000000000002
1.0 0.9022931206380858 89.97 5.65625 0.45000000000000023
1.0 0.8963110667996012 89.97 5.61875 0.46000000000000024
1.0 0.8933200398803589 89.97 5.6 0.47000000000000025
1.0 0.8863409770687937 89.97 5.55625 0.48000000000000026
1.0 0.8833499501495513 89.97 5.5375 0.49000000000000027
1.0 0.8823529411764706 89.97 5.53125 0.5000000000000002
1.0 0.8813559322033898 89.97 5.525 0.5100000000000002
1.0 0.8793619142572283 89.97 5.5125 0.5200000000000002
1.0 0.8783649052841476 89.97 5.50625 0.5300000000000002
1.0 0.8783649052841476 89.97 5.50625 0.5400000000000003
1.0 0.8783649052841476 89.97 5.50625 0.5500000000000003
1.0 0.8783649052841476 89.97 5.50625 0.5600000000000003
1.0 0.8783649052841476 89.97 5.50625 0.5700000000000003
1.0 0.8783649052841476 89.97 5.50625 0.5800000000000003
1.0 0.8783649052841476 89.97 5.50625 0.5900000000000003
1.0 0.8783649052841476 89.97 5.50625 0.6000000000000003
1.0 0.8783649052841476 89.97 5.50625 0.6100000000000003
1.0 0.8753738783649053 89.97 5.4875 0.6200000000000003
1.0 0.8733798604187437 89.97 5.475 0.6300000000000003
1.0 0.8733798604187437 89.97 5.475 0.6400000000000003
1.0 0.8664007976071785 89.97 5.43125 0.6500000000000004
1.0 0.8604187437686939 89.97 5.39375 0.6600000000000004
1.0 0.8524426719840479 89.97 5.34375 0.6700000000000004
1.0 0.8454636091724825 89.97 5.3 0.6800000000000004
1.0 0.8315054835493519 89.97 5.2125 0.6900000000000004
1.0 0.8235294117647058 89.97 5.1625 0.7000000000000004
1.0 0.8055832502492523 89.97 5.05 0.7100000000000004
1.0 0.7856430707876371 89.97 4.925 0.7200000000000004
1.0 0.765702891326022 89.97 4.8 0.7300000000000004
1.0 0.7507477567298105 89.97 4.70625 0.7400000000000004
1.0 0.7387836490528414 89.97 4.63125 0.7500000000000004
1.0 0.7248255234297108 89.97 4.54375 0.7600000000000005
1.0 0.7098703888334995 89.97 4.45 0.7700000000000005
0.999888851839502 0.6999002991026919 89.96 4.3875 0.7800000000000005
0.9994442591975102 0.6889332003988036 89.92 4.31875 0.7900000000000005
0.9985550739135267 0.6839481555333998 89.84 4.2875 0.8000000000000005
0.9972212959875514 0.6769690927218345 89.72 4.24375 0.8100000000000005
0.9945537401356007 0.674975074775673 89.48 4.23125 0.8200000000000005
0.9891074802712015 0.6640079760717846 88.99 4.1625 0.8300000000000005
0.9807713682338557 0.6550348953140578 88.24 4.10625 0.8400000000000005
0.9649883294431477 0.6420737786640079 86.82 4.025 0.8500000000000005
0.9400911414916083 0.5962113659022931 84.58 3.7375 0.8600000000000005
0.9009669889963321 0.5373878364905285 81.06 3.36875 0.8700000000000006
0.8510614649327554 0.47357926221335994 76.57 2.96875 0.8800000000000006
0.788485050572413 0.4077766699900299 70.94 2.55625 0.8900000000000006
0.7166833388907413 0.317048853439681 64.48 1.9875 0.9000000000000006
0.6457708124930532 0.23728813559322035 58.1 1.4875 0.9100000000000006
0.5844170278981883 0.1694915254237288 52.58 1.0625 0.9200000000000006
0.5408469489829943 0.11365902293120637 48.66 0.7125 0.9300000000000006
0.501945092808714 0.08574277168494517 45.16 0.5375 0.9400000000000006
0.48049349783261086 0.06480558325024925 43.23 0.40625 0.9500000000000006
0.4632655329554296 0.0518444666001994 41.68 0.325 0.9600000000000006
0.44759364232521953 0.05084745762711865 40.27 0.31875 0.9700000000000006
0.4162498610647994 0.05084745762711865 37.45 0.31875 0.9800000000000006
0.32477492497499166 0.049850448654037885 29.22 0.3125 0.9900000000000007
0.0 0.0 0.0 0.0
