1.0 1.0 29.99 100.3 0.0
1.0 0.9730807577268196 29.99 97.6 0.01
1.0 0.9371884346959123 29.99 94.0 0.02
1.0 0.9192422731804586 29.99 92.2 0.03
1.0 0.9042871385842473 29.99 90.7 0.04
1.0 0.8933200398803589 29.99 89.6 0.05
1.0 0.8614157527417746 29.99 86.4 0.060000000000000005
1.0 0.8614157527417746 29.99 86.4 0.07
1.0 0.8464606181455633 29.99 84.9 0.08
1.0 0.8404785643070788 29.99 84.3 0.09
1.0 0.8334995014955134 29.99 83.6 0.09999999999999999
1.0 0.8245264207377866 29.99 82.7 0.10999999999999999
1.0 0.8155533399800599 29.99 81.8 0.11999999999999998
1.0 0.8095712861415753 29.99 81.2 0.12999999999999998
1.0 0.8035892323030908 29.99 80.6 0.13999999999999999
1.0 0.7986041874376869 29.99 80.1 0.15
1.0 0.7886340977068793 29.99 79.1 0.16
1.0 0.7866400797607178 29.99 78.9 0.17
1.0 0.773678963110668 29.99 77.6 0.18000000000000002
1.0 0.7647058823529411 29.99 76.7 0.19000000000000003
1.0 0.7557328015952144 29.99 75.8 0.20000000000000004
1.0 0.7417746759720838 29.99 74.4 0.21000000000000005
1.0 0.7367896311066799 29.99 73.9 0.22000000000000006
1.0 0.732801595214357 29.99 73.5 0.23000000000000007
1.0 0.7258225324027916 29.99 72.8 0.24000000000000007
1.0 0.7218344965104686 29.99 72.4 0.25000000000000006
1.0 0.7178464606181456 29.99 72.0 0.26000000000000006
1.0 0.715852442671984 29.99 71.8 0.2700000000000001
1.0 0.7138584247258225 29.99 71.6 0.2800000000000001
1.0 0.7128614157527418 29.99 71.5 0.2900000000000001
1.0 0.7128614157527418 29.99 71.5 0.3000000000000001
1.0 0.711864406779661 29.99 71.4 0.3100000000000001
1.0 0.7108673978065803 29.99 71.3 0.3200000000000001
1.0 0.7098703888334995 29.99 71.2 0.3300000000000001
1.0 0.707876370887338 29.99 71.0 0.34000000000000014
1.0 0.7048853439680958 29.99 70.7 0.35000000000000014
1.0 0.7008973080757727 29.99 70.3 0.36000000000000015
1.0 0.6989032901296112 29.99 70.1 0.37000000000000016
1.0 0.6909272183449651 29.99 69.3 0.38000000000000017
1.0 0.6839481555333998 29.99 68.6 0.3900000000000002
1.0 0.6759720837487537 29.99 67.8 0.4000000000000002
1.0 0.6600199401794616 29.99 66.2 0.4100000000000002
1.0 0.6480558325024925 29.99 65.0 0.4200000000000002
1.0 0.6321036889332003 29.99 63.4 0.4300000000000002
1.0 0.6201395812562313 29.99 62.2 0.4400000000000002
1.0 0.6111665004985045 29.99 61.3 0.45000000000000023
1.0 0.5992023928215354 29.99 60.1 0.46000000000000024
1.0 0.5932203389830508 29.99 59.5 0.47000000000000025
1.0 0.580259222333001 29.99 58.2 0.48000000000000026
1.0 0.5732801595214357 29.99 57.5 0.49000000000000027
1.0 0.5643070787637089 29.99 56.6 0.5000000000000002
1.0 0.5623130608175474 29.99 56.4 0.5100000000000002
1.0 0.5583250249252243 29.99 56.0 0.5200000000000002
1.0 0.5563310069790628 29.99 55.8 0.5300000000000002
1.0 0.5543369890329013 29.99 55.6 0.5400000000000003
1.0 0.5493519441674976 29.99 55.1 0.5500000000000003
1.0 0.5473579262213359 29.99 54.9 0.5600000000000003
1.0 0.5463609172482552 29.99 54.8 0.5700000000000003
1.0 0.5443668993020937 29.99 54.6 0.5800000000000003
1.0 0.543369890329013 29.99 54.5 0.5900000000000003
1.0 0.5423728813559322 29.99 54.4 0.6000000000000003
1.0 0.5363908275174477 29.99 53.8 0.6100000000000003
1.0 0.5363908275174477 29.99 53.8 0.6200000000000003
1.0 0.5324027916251246 29.99 53.4 0.6300000000000003
1.0 0.5284147557328016 29.99 53.0 0.6400000000000003
1.0 0.5244267198404786 29.99 52.6 0.6500000000000004
1.0 0.5134596211365903 29.99 51.5 0.6600000000000004
1.0 0.5014955134596212 29.99 50.3 0.6700000000000004
1.0 0.4905284147557328 29.99 49.2 0.6800000000000004
1.0 0.47756729810568294 29.99 47.9 0.6900000000000004
1.0 0.46560319042871384 29.99 46.7 0.7000000000000004
1.0 0.4436689930209372 29.99 44.5 0.7100000000000004
1.0 0.4247258225324028 29.99 42.6 0.7200000000000004
1.0 0.4077766699900299 29.99 40.9 0.7300000000000004
1.0 0.3898305084745763 29.99 39.1 0.7400000000000004
1.0 0.3748753738783649 29.99 37.6 0.7500000000000004
1.0 0.35692921236291125 29.99 35.8 0.7600000000000005
1.0 0.3419740777666999 29.99 34.3 0.7700000000000005
1.0 0.32602193419740777 29.99 32.7 0.7800000000000005
0.999888851839502 0.3150548354935194 29.986666666666668 31.6 0.7900000000000005
0.9997777036790041 0.3120638085742772 29.983333333333334 31.3 0.8000000000000005
0.9992219628765144 0.3050847457627119 29.966666666666665 30.6 0.8100000000000005
0.9986662220740247 0.30109670987038883 29.95 30.2 0.8200000000000005
0.9977770367900411 0.292123629112662 29.923333333333332 29.3 0.8300000000000005
0.9963321107035679 0.28713858424725824 29.88 28.8 0.8400000000000005
0.9928865177281316 0.28215353938185445 29.776666666666667 28.3 0.8500000000000005
0.9873291097032344 0.27018943170488535 29.61 27.1 0.8600000000000005
0.9809936645548516 0.25124626121635096 29.42 25.2 0.8700000000000006
0.97243525619651 0.2382851445663011 29.163333333333334 23.9 0.8800000000000006
0.9606535511837279 0.21734795613160518 28.81 21.8 0.8900000000000006
0.9482049572079582 0.1814556331006979 28.436666666666667 18.2 0.9000000000000006
0.9357563632321885 0.15453639082751744 28.063333333333333 15.5 0.9100000000000006
0.9245303990218962 0.13559322033898305 27.726666666666667 13.6 0.9200000000000006
0.9173057685895298 0.1156530408773679 27.51 11.6 0.9300000000000006
0.9085250639101923 0.1036889332003988 27.246666666666666 10.4 0.9400000000000006
0.9026342114038013 0.09571286141575275 27.07 9.6 0.9500000000000006
0.8958541736134267 0.08673978065802593 26.866666666666667 8.7 0.9600000000000006
0.8841836167611427 0.07776669990029911 26.516666666666666 7.8 0.9700000000000006
0.8592864288096032 0.05682951146560319 25.77 5.7 0.9800000000000006
0.786595531843948 0.038883349950149554 23.59 3.9 0.9900000000000007
0.0 0.0 0.0 0.0
