1.0 1.0 14.995 20.06 0.0
1.0 0.8364905284147557 14.995 16.78 0.01
1.0 0.7318045862412762 14.995 14.68 0.02
1.0 0.6949152542372882 14.995 13.94 0.03
1.0 0.678963110667996 14.995 13.62 0.04
1.0 0.6510468594217348 14.995 13.06 0.05
1.0 0.6031904287138584 14.995 12.1 0.060000000000000005
1.0 0.6031904287138584 14.995 12.1 0.07
1.0 0.5732801595214357 14.995 11.5 0.08
1.0 0.5603190428713859 14.995 11.24 0.09
1.0 0.551345962113659 14.995 11.06 0.09999999999999999
1.0 0.5373878364905285 14.995 10.78 0.10999999999999999
1.0 0.5343968095712861 14.995 10.72 0.11999999999999998
1.0 0.5204386839481555 14.995 10.44 0.12999999999999998
1.0 0.5084745762711864 14.995 10.2 0.13999999999999999
1.0 0.5054835493519442 14.995 10.14 0.15
1.0 0.4915254237288136 14.995 9.86 0.16
1.0 0.4795613160518445 14.995 9.62 0.17
1.0 0.4596211365902293 14.995 9.22 0.18000000000000002
1.0 0.4436689930209372 14.995 8.9 0.19000000000000003
1.0 0.4336989032901296 14.995 8.7 0.20000000000000004
1.0 0.4247258225324028 14.995 8.52 0.21000000000000005
1.0 0.4167497507477567 14.995 8.36 0.22000000000000006
1.0 0.4137587238285145 14.995 8.3 0.23000000000000007
1.0 0.4087736789631107 14.995 8.2 0.24000000000000007
1.0 0.4037886340977069 14.995 8.1 0.25000000000000006
1.0 0.40079760717846463 14.995 8.04 0.26000000000000006
1.0 0.40079760717846463 14.995 8.04 0.2700000000000001
1.0 0.3988035892323031 14.995 8.0 0.2800000000000001
1.0 0.3988035892323031 14.995 8.0 0.2900000000000001
1.0 0.39780658025922233 14.995 7.98 0.3000000000000001
1.0 0.3968095712861416 14.995 7.96 0.3100000000000001
1.0 0.3968095712861416 14.995 7.96 0.3200000000000001
1.0 0.3898305084745763 14.995 7.82 0.3300000000000001
1.0 0.38584247258225324 14.995 7.74 0.34000000000000014
1.0 0.382851445663011 14.995 7.68 0.35000000000000014
1.0 0.3778664007976072 14.995 7.58 0.36000000000000015
1.0 0.36689930209371885 14.995 7.36 0.37000000000000016
1.0 0.3589232303090728 14.995 7.2 0.38000000000000017
1.0 0.353938185443669 14.995 7.1 0.3900000000000002
1.0 0.34297108673978066 14.995 6.88 0.4000000000000002
1.0 0.3300099700897308 14.995 6.62 0.4100000000000002
1.0 0.3160518444666002 14.995 6.34 0.4200000000000002
1.0 0.3040877367896311 14.995 6.1 0.4300000000000002
1.0 0.2971086739780658 14.995 5.96 0.4400000000000002
1.0 0.28713858424725824 14.995 5.76 0.45000000000000023
1.0 0.27517447657028915 14.995 5.52 0.46000000000000024
1.0 0.26520438683948155 14.995 5.32 0.47000000000000025
1.0 0.2572283150548355 14.995 5.16 0.48000000000000026
1.0 0.2522432701894317 14.995 5.06 0.49000000000000027
1.0 0.2472582253240279 14.995 4.96 0.5000000000000002
1.0 0.24227318045862412 14.995 4.86 0.5100000000000002
1.0 0.2382851445663011 14.995 4.78 0.5200000000000002
1.0 0.2333000997008973 14.995 4.68 0.5300000000000002
1.0 0.23230309072781655 14.995 4.66 0.5400000000000003
1.0 0.22931206380857427 14.995 4.6 0.5500000000000003
1.0 0.22432701894317048 14.995 4.5 0.5600000000000003
1.0 0.2213359920239282 14.995 4.44 0.5700000000000003
1.0 0.22033898305084745 14.995 4.42 0.5800000000000003
1.0 0.2193419740777667 14.995 4.4 0.5900000000000003
1.0 0.21734795613160518 14.995 4.36 0.6000000000000003
1.0 0.21635094715852443 14.995 4.34 0.6100000000000003
1.0 0.2143569292123629 14.995 4.3 0.6200000000000003
1.0 0.21136590229312063 14.995 4.24 0.6300000000000003
1.0 0.20438683948155534 14.995 4.1 0.6400000000000003
1.0 0.2033898305084746 14.995 4.08 0.6500000000000004
1.0 0.1984047856430708 14.995 3.98 0.6600000000000004
1.0 0.19641076769690927 14.995 3.94 0.6700000000000004
1.0 0.193419740777667 14.995 3.88 0.6800000000000004
1.0 0.18743768693918245 14.995 3.76 0.6900000000000004
1.0 0.18344965104685942 14.995 3.68 0.7000000000000004
1.0 0.18245264207377868 14.995 3.66 0.7100000000000004
1.0 0.17647058823529413 14.995 3.54 0.7200000000000004
1.0 0.16849451645064806 14.995 3.38 0.7300000000000004
1.0 0.1575274177467597 14.995 3.16 0.7400000000000004
1.0 0.14755732801595214 14.995 2.96 0.7500000000000004
1.0 0.1365902293120638 14.995 2.74 0.7600000000000005
1.0 0.13260219341974078 14.995 2.66 0.7700000000000005
1.0 0.12462612163509472 14.995 2.5 0.7800000000000005
0.999888851839502 0.12462612163509472 14.993333333333334 2.5 0.7900000000000005
0.999888851839502 0.1226321036889332 14.993333333333334 2.46 0.8000000000000005
0.9997777036790041 0.12163509471585245 14.991666666666667 2.44 0.8100000000000005
0.9995554073580082 0.12163509471585245 14.988333333333333 2.44 0.8200000000000005
0.9995554073580082 0.12163509471585245 14.988333333333333 2.44 0.8300000000000005
0.9994442591975102 0.12063808574277168 14.986666666666666 2.42 0.8400000000000005
0.9991108147160165 0.11964107676969092 14.981666666666667 2.4 0.8500000000000005
0.9987773702345226 0.11764705882352941 14.976666666666667 2.36 0.8600000000000005
0.9974435923085473 0.11465603190428714 14.956666666666667 2.3 0.8700000000000006
0.995887518061576 0.10967098703888335 14.933333333333334 2.2 0.8800000000000006
0.9939979993331111 0.10468594217347957 14.905 2.1 0.8900000000000006
0.9925530732466378 0.09770687936191426 14.883333333333333 1.96 0.9000000000000006
0.990218961876181 0.09471585244267199 14.848333333333333 1.9 0.9100000000000006
0.9885517394687118 0.09172482552342971 14.823333333333334 1.84 0.9200000000000006
0.9869956652217405 0.08873379860418744 14.8 1.78 0.9300000000000006
0.986106479937757 0.08773678963110668 14.786666666666667 1.76 0.9400000000000006
0.9847727020117817 0.08574277168494517 14.766666666666667 1.72 0.9500000000000006
0.9838835167277982 0.0847457627118644 14.753333333333334 1.7 0.9600000000000006
0.982105146159831 0.0847457627118644 14.726666666666667 1.7 0.9700000000000006
0.9765477381349339 0.0847457627118644 14.643333333333333 1.7 0.9800000000000006
0.9607646993442258 0.0847457627118644 14.406666666666666 1.7 0.9900000000000007
0.0 0.0 0.0 0.0
