1.0 1.0 Infinity 25.075 0.0
1.0 1.0 Infinity 25.075 0.01
1.0 1.0 Infinity 25.075 0.02
1.0 1.0 Infinity 25.075 0.03
1.0 1.0 Infinity 25.075 0.04
1.0 1.0 Infinity 25.075 0.05
1.0 1.0 Infinity 25.075 0.060000000000000005
1.0 1.0 Infinity 25.075 0.07
1.0 1.0 Infinity 25.075 0.08
1.0 1.0 Infinity 25.075 0.09
1.0 1.0 Infinity 25.075 0.09999999999999999
1.0 1.0 Infinity 25.075 0.10999999999999999
1.0 1.0 Infinity 25.075 0.11999999999999998
1.0 1.0 Infinity 25.075 0.12999999999999998
1.0 1.0 Infinity 25.075 0.13999999999999999
1.0 1.0 Infinity 25.075 0.15
1.0 1.0 Infinity 25.075 0.16
1.0 1.0 Infinity 25.075 0.17
1.0 1.0 Infinity 25.075 0.18000000000000002
1.0 1.0 Infinity 25.075 0.19000000000000003
1.0 1.0 Infinity 25.075 0.20000000000000004
1.0 1.0 Infinity 25.075 0.21000000000000005
1.0 1.0 Infinity 25.075 0.22000000000000006
1.0 1.0 Infinity 25.075 0.23000000000000007
1.0 1.0 Infinity 25.075 0.24000000000000007
1.0 1.0 Infinity 25.075 0.25000000000000006
1.0 1.0 Infinity 25.075 0.26000000000000006
1.0 1.0 Infinity 25.075 0.2700000000000001
1.0 1.0 Infinity 25.075 0.2800000000000001
1.0 1.0 Infinity 25.075 0.2900000000000001
1.0 1.0 Infinity 25.075 0.3000000000000001
1.0 1.0 Infinity 25.075 0.3100000000000001
1.0 1.0 Infinity 25.075 0.3200000000000001
1.0 1.0 Infinity 25.075 0.3300000000000001
1.0 1.0 Infinity 25.075 0.34000000000000014
1.0 1.0 Infinity 25.075 0.35000000000000014
1.0 1.0 Infinity 25.075 0.36000000000000015
1.0 1.0 Infinity 25.075 0.37000000000000016
1.0 1.0 Infinity 25.075 0.38000000000000017
1.0 1.0 Infinity 25.075 0.3900000000000002
1.0 1.0 Infinity 25.075 0.4000000000000002
1.0 1.0 Infinity 25.075 0.4100000000000002
1.0 1.0 Infinity 25.075 0.4200000000000002
1.0 1.0 Infinity 25.075 0.4300000000000002
1.0 1.0 Infinity 25.075 0.4400000000000002
1.0 1.0 Infinity 25.075 0.45000000000000023
1.0 1.0 Infinity 25.075 0.46000000000000024
1.0 1.0 Infinity 25.075 0.47000000000000025
1.0 1.0 Infinity 25.075 0.48000000000000026
1.0 1.0 Infinity 25.075 0.49000000000000027
1.0 1.0 Infinity 25.075 0.5000000000000002
1.0 1.0 Infinity 25.075 0.5100000000000002
1.0 1.0 Infinity 25.075 0.5200000000000002
1.0 1.0 Infinity 25.075 0.5300000000000002
1.0 1.0 Infinity 25.075 0.5400000000000003
1.0 1.0 Infinity 25.075 0.5500000000000003
1.0 1.0 Infinity 25.075 0.5600000000000003
1.0 1.0 Infinity 25.075 0.5700000000000003
1.0 1.0 Infinity 25.075 0.5800000000000003
1.0 1.0 Infinity 25.075 0.5900000000000003
1.0 1.0 Infinity 25.075 0.6000000000000003
1.0 1.0 Infinity 25.075 0.6100000000000003
1.0 1.0 Infinity 25.075 0.6200000000000003
1.0 1.0 Infinity 25.075 0.6300000000000003
1.0 1.0 Infinity 25.075 0.6400000000000003
1.0 1.0 Infinity 25.075 0.6500000000000004
1.0 1.0 Infinity 25.075 0.6600000000000004
1.0 1.0 Infinity 25.075 0.6700000000000004
1.0 1.0 Infinity 25.075 0.6800000000000004
1.0 1.0 Infinity 25.075 0.6900000000000004
1.0 1.0 Infinity 25.075 0.7000000000000004
1.0 1.0 Infinity 25.075 0.7100000000000004
1.0 1.0 Infinity 25.075 0.7200000000000004
1.0 1.0 Infinity 25.075 0.7300000000000004
1.0 1.0 Infinity 25.075 0.7400000000000004
1.0 1.0 Infinity 25.075 0.7500000000000004
1.0 1.0 Infinity 25.075 0.7600000000000005
0.999888851839502 1.0 Infinity 25.075 0.7700000000000005
0.9995554073580082 1.0 Infinity 25.075 0.7800000000000005
0.9988885183950206 1.0 Infinity 25.075 0.7900000000000005
0.9976658886295432 1.0 Infinity 25.075 0.8000000000000005
0.9945537401356007 0.9970089730807578 Infinity 25.0 0.8100000000000005
0.9889963321107036 0.996011964107677 Infinity 24.975 0.8200000000000005
0.9786595531843948 0.9860418743768694 Infinity 24.725 0.8300000000000005
0.9607646993442258 0.9700897308075773 Infinity 24.325 0.8400000000000005
0.9298655107257975 0.9511465603190429 Infinity 23.85 0.8500000000000005
0.8807380237857063 0.8823529411764706 Infinity 22.125 0.8600000000000005
0.8076025341780594 0.806580259222333 Infinity 20.225 0.8700000000000006
0.7107924863843503 0.7168494516450648 Infinity 17.975 0.8800000000000006
0.5887518061576081 0.6151545363908275 Infinity 15.425 0.8900000000000006
0.4563743470045571 0.47557328015952144 Infinity 11.925 0.9000000000000006
0.3217739246415472 0.3339980059820538 Infinity 8.375 0.9100000000000006
0.20818050461264867 0.21635094715852443 Infinity 5.425 0.9200000000000006
0.12348560631321552 0.12462612163509472 Infinity 3.125 0.9300000000000006
0.058686228742914306 0.07377866400797607 Infinity 1.85 0.9400000000000006
0.02356341002556408 0.0448654037886341 Infinity 1.125 0.9500000000000006
0.006446593308880738 0.0259222333000997 Infinity 0.65 0.9600000000000006
0.0021118150494609314 0.022931206380857428 Infinity 0.575 0.9700000000000006
3.3344448149383126E-4 0.02193419740777667 Infinity 0.55 0.9800000000000006
0.0 0.020937188434695914 NaN 0.525 0.9900000000000007
0.0 0.0 0.0 0.0
