1.0 1.0 89.97 200.6 0.0
1.0 0.996011964107677 89.97 199.8 0.01
1.0 0.9870388833499502 89.97 198.0 0.02
1.0 0.9800598205383848 89.97 196.6 0.03
1.0 0.9750747756729811 89.97 195.6 0.04
1.0 0.9710867397806581 89.97 194.8 0.05
1.0 0.9571286141575274 89.97 192.0 0.060000000000000005
1.0 0.9571286141575274 89.97 192.0 0.07
1.0 0.9521435692921236 89.97 191.0 0.08
1.0 0.9461615154536391 89.97 189.8 0.09
1.0 0.9441674975074775 89.97 189.4 0.09999999999999999
1.0 0.9411764705882353 89.97 188.8 0.10999999999999999
1.0 0.9391824526420738 89.97 188.4 0.11999999999999998
1.0 0.9361914257228315 89.97 187.8 0.12999999999999998
1.0 0.9351944167497508 89.97 187.6 0.13999999999999999
1.0 0.9322033898305084 89.97 187.0 0.15
1.0 0.9292123629112662 89.97 186.4 0.16
1.0 0.9242273180458624 89.97 185.4 0.17
1.0 0.9162512462612163 89.97 183.8 0.18000000000000002
1.0 0.9082751744765702 89.97 182.2 0.19000000000000003
1.0 0.9032901296111665 89.97 181.2 0.20000000000000004
1.0 0.9002991026919243 89.97 180.6 0.21000000000000005
1.0 0.8983050847457628 89.97 180.2 0.22000000000000006
1.0 0.8983050847457628 89.97 180.2 0.23000000000000007
1.0 0.8963110667996012 89.97 179.8 0.24000000000000007
1.0 0.8953140578265204 89.97 179.6 0.25000000000000006
1.0 0.8923230309072782 89.97 179.0 0.26000000000000006
1.0 0.8923230309072782 89.97 179.0 0.2700000000000001
1.0 0.8913260219341974 89.97 178.8 0.2800000000000001
1.0 0.8913260219341974 89.97 178.8 0.2900000000000001
1.0 0.8893320039880359 89.97 178.4 0.3000000000000001
1.0 0.8873379860418744 89.97 178.0 0.3100000000000001
1.0 0.8873379860418744 89.97 178.0 0.3200000000000001
1.0 0.8863409770687937 89.97 177.8 0.3300000000000001
1.0 0.8863409770687937 89.97 177.8 0.34000000000000014
1.0 0.8853439680957128 89.97 177.6 0.35000000000000014
1.0 0.8803589232303091 89.97 176.6 0.36000000000000015
1.0 0.8763708873379861 89.97 175.8 0.37000000000000016
1.0 0.8713858424725822 89.97 174.8 0.38000000000000017
1.0 0.86839481555334 89.97 174.2 0.3900000000000002
1.0 0.8634097706879362 89.97 173.2 0.4000000000000002
1.0 0.8584247258225324 89.97 172.2 0.4100000000000002
1.0 0.8544366899302094 89.97 171.4 0.4200000000000002
1.0 0.8504486540378864 89.97 170.6 0.4300000000000002
1.0 0.8444666001994018 89.97 169.4 0.4400000000000002
1.0 0.839481555333998 89.97 168.4 0.45000000000000023
1.0 0.8315054835493519 89.97 166.8 0.46000000000000024
1.0 0.827517447657029 89.97 166.0 0.47000000000000025
1.0 0.8215353938185443 89.97 164.8 0.48000000000000026
1.0 0.8195413758723828 89.97 164.4 0.49000000000000027
1.0 0.8165503489531406 89.97 163.8 0.5000000000000002
1.0 0.8135593220338984 89.97 163.2 0.5100000000000002
1.0 0.810568295114656 89.97 162.6 0.5200000000000002
1.0 0.8085742771684945 89.97 162.2 0.5300000000000002
1.0 0.8055832502492523 89.97 161.6 0.5400000000000003
1.0 0.8035892323030908 89.97 161.2 0.5500000000000003
1.0 0.8015952143569293 89.97 160.8 0.5600000000000003
1.0 0.8015952143569293 89.97 160.8 0.5700000000000003
1.0 0.8005982053838484 89.97 160.6 0.5800000000000003
1.0 0.8005982053838484 89.97 160.6 0.5900000000000003
1.0 0.7976071784646062 89.97 160.0 0.6000000000000003
1.0 0.7936191425722832 89.97 159.2 0.6100000000000003
1.0 0.7926221335992024 89.97 159.0 0.6200000000000003
1.0 0.7886340977068793 89.97 158.2 0.6300000000000003
1.0 0.7836490528414756 89.97 157.2 0.6400000000000003
1.0 0.7766699900299102 89.97 155.8 0.6500000000000004
1.0 0.7676969092721835 89.97 154.0 0.6600000000000004
1.0 0.7537387836490529 89.97 151.2 0.6700000000000004
1.0 0.744765702891326 89.97 149.4 0.6800000000000004
1.0 0.7268195413758723 89.97 145.8 0.6900000000000004
1.0 0.7138584247258225 89.97 143.2 0.7000000000000004
1.0 0.6989032901296112 89.97 140.2 0.7100000000000004
1.0 0.6799601196410767 89.97 136.4 0.7200000000000004
1.0 0.6630109670987039 89.97 133.0 0.7300000000000004
1.0 0.6420737786640079 89.97 128.8 0.7400000000000004
1.0 0.6231306081754736 89.97 125.0 0.7500000000000004
1.0 0.6021934197407777 89.97 120.8 0.7600000000000005
0.999888851839502 0.5902293120638086 89.96 118.4 0.7700000000000005
0.9997777036790041 0.5772681954137587 89.95 115.8 0.7800000000000005
0.9995554073580082 0.5682951146560319 89.93 114.0 0.7900000000000005
0.9994442591975102 0.5613160518444666 89.92 112.6 0.8000000000000005
0.9984439257530288 0.551345962113659 89.83 110.6 0.8100000000000005
0.9968878515060575 0.5473579262213359 89.69 109.8 0.8200000000000005
0.9934422585306213 0.5383848454636092 89.38 108.0 0.8300000000000005
0.9866622207402468 0.5264207377866401 88.77 105.6 0.8400000000000005
0.9746582194064688 0.5164506480558325 87.69 103.6 0.8500000000000005
0.9587640324552629 0.4795613160518445 86.26 96.2 0.8600000000000005
0.9350894742692009 0.4456630109670987 84.13 89.4 0.8700000000000006
0.9003001000333445 0.4047856430707876 81.0 81.2 0.8800000000000006
0.8571746137601423 0.3559322033898305 77.12 71.4 0.8900000000000006
0.8126042014004669 0.2851445663010967 73.11 57.2 0.9000000000000006
0.7680337890407913 0.22333000997008973 69.1 44.8 0.9100000000000006
0.7296876736690008 0.16650049850448653 65.65 33.4 0.9200000000000006
0.6944537067911526 0.11964107676969092 62.48 24.0 0.9300000000000006
0.6676670001111482 0.09571286141575275 60.07 19.2 0.9400000000000006
0.6508836278759587 0.08374875373878365 58.56 16.8 0.9500000000000006
0.6329887740357897 0.07477567298105683 56.95 15.0 0.9600000000000006
0.6156496609981105 0.06979062811565304 55.39 14.0 0.9700000000000006
0.5836389907747027 0.06380857427716849 52.51 12.8 0.9800000000000006
0.49383127709236413 0.038883349950149554 44.43 7.8 0.9900000000000007
0.0 0.0 0.0 0.0
