1.0 1.0 89.97 10.557894736842105 0.0
1.0 0.9990029910269193 89.97 10.547368421052632 0.01
1.0 0.9910269192422732 89.97 10.463157894736842 0.02
1.0 0.9890329012961117 89.97 10.442105263157895 0.03
1.0 0.9850448654037887 89.97 10.4 0.04
1.0 0.9770687936191426 89.97 10.31578947368421 0.05
1.0 0.9680957128614157 89.97 10.221052631578948 0.060000000000000005
1.0 0.9680957128614157 89.97 10.221052631578948 0.07
1.0 0.9651046859421735 89.97 10.189473684210526 0.08
1.0 0.9621136590229312 89.97 10.157894736842104 0.09
1.0 0.9581256231306082 89.97 10.115789473684211 0.09999999999999999
1.0 0.9551345962113659 89.97 10.08421052631579 0.10999999999999999
1.0 0.9521435692921236 89.97 10.052631578947368 0.11999999999999998
1.0 0.9501495513459621 89.97 10.031578947368422 0.12999999999999998
1.0 0.9471585244267199 89.97 10.0 0.13999999999999999
1.0 0.9441674975074775 89.97 9.968421052631578 0.15
1.0 0.9411764705882353 89.97 9.936842105263159 0.16
1.0 0.9401794616151545 89.97 9.926315789473684 0.17
1.0 0.9322033898305084 89.97 9.842105263157896 0.18000000000000002
1.0 0.9302093718843469 89.97 9.821052631578947 0.19000000000000003
1.0 0.9252243270189432 89.97 9.76842105263158 0.20000000000000004
1.0 0.922233300099701 89.97 9.736842105263158 0.21000000000000005
1.0 0.922233300099701 89.97 9.736842105263158 0.22000000000000006
1.0 0.9192422731804586 89.97 9.705263157894738 0.23000000000000007
1.0 0.9162512462612163 89.97 9.673684210526316 0.24000000000000007
1.0 0.9152542372881356 89.97 9.663157894736843 0.25000000000000006
1.0 0.9152542372881356 89.97 9.663157894736843 0.26000000000000006
1.0 0.9142572283150548 89.97 9.652631578947368 0.2700000000000001
1.0 0.9142572283150548 89.97 9.652631578947368 0.2800000000000001
1.0 0.9142572283150548 89.97 9.652631578947368 0.2900000000000001
1.0 0.9142572283150548 89.97 9.652631578947368 0.3000000000000001
1.0 0.9142572283150548 89.97 9.652631578947368 0.3100000000000001
1.0 0.9142572283150548 89.97 9.652631578947368 0.3200000000000001
1.0 0.9132602193419741 89.97 9.642105263157895 0.3300000000000001
1.0 0.9132602193419741 89.97 9.642105263157895 0.34000000000000014
1.0 0.9132602193419741 89.97 9.642105263157895 0.35000000000000014
1.0 0.9132602193419741 89.97 9.642105263157895 0.36000000000000015
1.0 0.9132602193419741 89.97 9.642105263157895 0.37000000000000016
1.0 0.9112662013958126 89.97 9.621052631578948 0.38000000000000017
1.0 0.9102691924227319 89.97 9.610526315789473 0.3900000000000002
1.0 0.9062811565304087 89.97 9.56842105263158 0.4000000000000002
1.0 0.9032901296111665 89.97 9.536842105263158 0.4100000000000002
1.0 0.9002991026919243 89.97 9.505263157894737 0.4200000000000002
1.0 0.8983050847457628 89.97 9.48421052631579 0.4300000000000002
1.0 0.8943170488534397 89.97 9.442105263157895 0.4400000000000002
1.0 0.8913260219341974 89.97 9.410526315789474 0.45000000000000023
1.0 0.8883349950149552 89.97 9.378947368421052 0.46000000000000024
1.0 0.8823529411764706 89.97 9.31578947368421 0.47000000000000025
1.0 0.8803589232303091 89.97 9.294736842105262 0.48000000000000026
1.0 0.8763708873379861 89.97 9.25263157894737 0.49000000000000027
1.0 0.8763708873379861 89.97 9.25263157894737 0.5000000000000002
1.0 0.8763708873379861 89.97 9.25263157894737 0.5100000000000002
1.0 0.8733798604187437 89.97 9.221052631578948 0.5200000000000002
1.0 0.8733798604187437 89.97 9.221052631578948 0.5300000000000002
1.0 0.872382851445663 89.97 9.210526315789474 0.5400000000000003
1.0 0.8713858424725822 89.97 9.2 0.5500000000000003
1.0 0.8713858424725822 89.97 9.2 0.5600000000000003
1.0 0.8713858424725822 89.97 9.2 0.5700000000000003
1.0 0.8713858424725822 89.97 9.2 0.5800000000000003
1.0 0.8703888334995015 89.97 9.189473684210526 0.5900000000000003
1.0 0.8693918245264207 89.97 9.178947368421053 0.6000000000000003
1.0 0.8664007976071785 89.97 9.147368421052631 0.6100000000000003
1.0 0.8664007976071785 89.97 9.147368421052631 0.6200000000000003
1.0 0.8654037886340977 89.97 9.136842105263158 0.6300000000000003
1.0 0.8624127617148555 89.97 9.105263157894736 0.6400000000000003
1.0 0.8584247258225324 89.97 9.063157894736841 0.6500000000000004
1.0 0.8524426719840479 89.97 9.0 0.6600000000000004
1.0 0.8444666001994018 89.97 8.91578947368421 0.6700000000000004
1.0 0.8315054835493519 89.97 8.778947368421052 0.6800000000000004
1.0 0.810568295114656 89.97 8.557894736842105 0.6900000000000004
1.0 0.7976071784646062 89.97 8.421052631578947 0.7000000000000004
1.0 0.7846460618145563 89.97 8.284210526315789 0.7100000000000004
1.0 0.7706879361914257 89.97 8.136842105263158 0.7200000000000004
1.0 0.7467597208374875 89.97 7.88421052631579 0.7300000000000004
1.0 0.7268195413758723 89.97 7.673684210526316 0.7400000000000004
1.0 0.7128614157527418 89.97 7.526315789473684 0.7500000000000004
1.0 0.6869391824526421 89.97 7.252631578947368 0.7600000000000005
1.0 0.6759720837487537 89.97 7.136842105263158 0.7700000000000005
0.999888851839502 0.6679960119641076 89.96 7.052631578947368 0.7800000000000005
0.9995554073580082 0.6620139581256231 89.93 6.989473684210527 0.7900000000000005
0.9988885183950206 0.6560319042871385 89.87 6.926315789473684 0.8000000000000005
0.9975547404690452 0.6490528414755733 89.75 6.852631578947369 0.8100000000000005
0.9956652217405801 0.6450648055832503 89.58 6.810526315789474 0.8200000000000005
0.9914415916416583 0.6400797607178464 89.2 6.757894736842105 0.8300000000000005
0.9827720351228187 0.6311066799601196 88.42 6.663157894736842 0.8400000000000005
0.9669889963321107 0.6221335992023929 87.0 6.568421052631579 0.8500000000000005
0.9415360675780816 0.584247258225324 84.71 6.168421052631579 0.8600000000000005
0.9045237301322663 0.543369890329013 81.38 5.7368421052631575 0.8700000000000006
0.8581749472046237 0.4905284147557328 77.21 5.178947368421053 0.8800000000000006
0.796487718128265 0.4386839481555334 71.66 4.631578947368421 0.8900000000000006
0.733244414804935 0.3559322033898305 65.97 3.7578947368421054 0.9000000000000006
0.6635545181727243 0.2711864406779661 59.7 2.863157894736842 0.9100000000000006
0.6055351783927976 0.20638085742771686 54.48 2.1789473684210527 0.9200000000000006
0.5642992108480605 0.14755732801595214 50.77 1.5578947368421052 0.9300000000000006
0.5323996887851506 0.11665004985044865 47.9 1.231578947368421 0.9400000000000006
0.5143936867844837 0.09870388833499502 46.28 1.0421052631578946 0.9500000000000006
0.5022785372902079 0.09072781655034895 45.19 0.9578947368421052 0.9600000000000006
0.4917194620429032 0.09072781655034895 44.24 0.9578947368421052 0.9700000000000006
0.45937534733800156 0.0897308075772682 41.33 0.9473684210526315 0.9800000000000006
0.35367344670445705 0.0897308075772682 31.82 0.9473684210526315 0.9900000000000007
0.0 0.0 0.0 0.0
