1.0 1.0 44.985 13.373333333333333 0.0
1.0 0.9830508474576272 44.985 13.146666666666667 0.01
1.0 0.9451645064805583 44.985 12.64 0.02
1.0 0.9312063808574277 44.985 12.453333333333333 0.03
1.0 0.9212362911266201 44.985 12.32 0.04
1.0 0.9152542372881356 44.985 12.24 0.05
1.0 0.901296111665005 44.985 12.053333333333333 0.060000000000000005
1.0 0.901296111665005 44.985 12.053333333333333 0.07
1.0 0.8943170488534397 44.985 11.96 0.08
1.0 0.8853439680957128 44.985 11.84 0.09
1.0 0.8743768693918246 44.985 11.693333333333333 0.09999999999999999
1.0 0.8673978065802592 44.985 11.6 0.10999999999999999
1.0 0.8654037886340977 44.985 11.573333333333334 0.11999999999999998
1.0 0.864406779661017 44.985 11.56 0.12999999999999998
1.0 0.864406779661017 44.985 11.56 0.13999999999999999
1.0 0.8614157527417746 44.985 11.52 0.15
1.0 0.8554336989032901 44.985 11.44 0.16
1.0 0.8534396809571286 44.985 11.413333333333334 0.17
1.0 0.843469591226321 44.985 11.28 0.18000000000000002
1.0 0.839481555333998 44.985 11.226666666666667 0.19000000000000003
1.0 0.8344965104685942 44.985 11.16 0.20000000000000004
1.0 0.827517447657029 44.985 11.066666666666666 0.21000000000000005
1.0 0.8245264207377866 44.985 11.026666666666667 0.22000000000000006
1.0 0.8235294117647058 44.985 11.013333333333334 0.23000000000000007
1.0 0.8195413758723828 44.985 10.96 0.24000000000000007
1.0 0.8175473579262214 44.985 10.933333333333334 0.25000000000000006
1.0 0.8175473579262214 44.985 10.933333333333334 0.26000000000000006
1.0 0.8175473579262214 44.985 10.933333333333334 0.2700000000000001
1.0 0.8145563310069791 44.985 10.893333333333333 0.2800000000000001
1.0 0.8145563310069791 44.985 10.893333333333333 0.2900000000000001
1.0 0.8145563310069791 44.985 10.893333333333333 0.3000000000000001
1.0 0.8125623130608175 44.985 10.866666666666667 0.3100000000000001
1.0 0.8115653040877367 44.985 10.853333333333333 0.3200000000000001
1.0 0.810568295114656 44.985 10.84 0.3300000000000001
1.0 0.8095712861415753 44.985 10.826666666666666 0.34000000000000014
1.0 0.8085742771684945 44.985 10.813333333333333 0.35000000000000014
1.0 0.8055832502492523 44.985 10.773333333333333 0.36000000000000015
1.0 0.80259222333001 44.985 10.733333333333333 0.37000000000000016
1.0 0.7956131605184447 44.985 10.64 0.38000000000000017
1.0 0.7906281156530409 44.985 10.573333333333334 0.3900000000000002
1.0 0.7836490528414756 44.985 10.48 0.4000000000000002
1.0 0.7786640079760718 44.985 10.413333333333334 0.4100000000000002
1.0 0.773678963110668 44.985 10.346666666666666 0.4200000000000002
1.0 0.7676969092721835 44.985 10.266666666666667 0.4300000000000002
1.0 0.7597208374875374 44.985 10.16 0.4400000000000002
1.0 0.7537387836490529 44.985 10.08 0.45000000000000023
1.0 0.7477567298105683 44.985 10.0 0.46000000000000024
1.0 0.7397806580259222 44.985 9.893333333333333 0.47000000000000025
1.0 0.7347956131605184 44.985 9.826666666666666 0.48000000000000026
1.0 0.7308075772681955 44.985 9.773333333333333 0.49000000000000027
1.0 0.7278165503489531 44.985 9.733333333333333 0.5000000000000002
1.0 0.7238285144566301 44.985 9.68 0.5100000000000002
1.0 0.7188434695912264 44.985 9.613333333333333 0.5200000000000002
1.0 0.7178464606181456 44.985 9.6 0.5300000000000002
1.0 0.7148554336989033 44.985 9.56 0.5400000000000003
1.0 0.7148554336989033 44.985 9.56 0.5500000000000003
1.0 0.7148554336989033 44.985 9.56 0.5600000000000003
1.0 0.7148554336989033 44.985 9.56 0.5700000000000003
1.0 0.7128614157527418 44.985 9.533333333333333 0.5800000000000003
1.0 0.7128614157527418 44.985 9.533333333333333 0.5900000000000003
1.0 0.7108673978065803 44.985 9.506666666666666 0.6000000000000003
1.0 0.7088733798604188 44.985 9.48 0.6100000000000003
1.0 0.707876370887338 44.985 9.466666666666667 0.6200000000000003
1.0 0.7068793619142573 44.985 9.453333333333333 0.6300000000000003
1.0 0.7058823529411765 44.985 9.44 0.6400000000000003
1.0 0.7028913260219342 44.985 9.4 0.6500000000000004
1.0 0.6979062811565304 44.985 9.333333333333334 0.6600000000000004
1.0 0.6919242273180458 44.985 9.253333333333334 0.6700000000000004
1.0 0.6839481555333998 44.985 9.146666666666667 0.6800000000000004
1.0 0.6660019940179461 44.985 8.906666666666666 0.6900000000000004
1.0 0.650049850448654 44.985 8.693333333333333 0.7000000000000004
1.0 0.6291126620139581 44.985 8.413333333333334 0.7100000000000004
1.0 0.6081754735792622 44.985 8.133333333333333 0.7200000000000004
1.0 0.5892323030907278 44.985 7.88 0.7300000000000004
1.0 0.5682951146560319 44.985 7.6 0.7400000000000004
1.0 0.5523429710867398 44.985 7.386666666666667 0.7500000000000004
1.0 0.53938185443669 44.985 7.213333333333333 0.7600000000000005
1.0 0.5264207377866401 44.985 7.04 0.7700000000000005
0.999888851839502 0.5154536390827518 44.98 6.8933333333333335 0.7800000000000005
0.9995554073580082 0.5044865403788634 44.965 6.746666666666667 0.7900000000000005
0.9992219628765144 0.4935194416749751 44.95 6.6 0.8000000000000005
0.9988885183950206 0.4885343968095713 44.935 6.533333333333333 0.8100000000000005
0.998110481271535 0.481555333998006 44.9 6.44 0.8200000000000005
0.9952206290985884 0.47357926221335994 44.77 6.333333333333333 0.8300000000000005
0.9908858508391686 0.46560319042871384 44.575 6.226666666666667 0.8400000000000005
0.9835500722463043 0.45363908275174475 44.245 6.066666666666666 0.8500000000000005
0.9718795153940202 0.42273180458624127 43.72 5.653333333333333 0.8600000000000005
0.9540958097143493 0.3918245264207378 42.92 5.24 0.8700000000000006
0.9304212515282873 0.3629112662013958 41.855 4.8533333333333335 0.8800000000000006
0.9006335445148382 0.33100697906281157 40.515 4.426666666666667 0.8900000000000006
0.8689563187729243 0.2781655034895314 39.09 3.72 0.9000000000000006
0.8352784261420474 0.2193419740777667 37.575 2.933333333333333 0.9100000000000006
0.8079359786595531 0.18344965104685942 36.345 2.453333333333333 0.9200000000000006
0.7864843836834501 0.13559322033898305 35.38 1.8133333333333332 0.9300000000000006
0.7684783816827832 0.11665004985044865 34.57 1.56 0.9400000000000006
0.7552517505835279 0.10867397806580259 33.975 1.4533333333333334 0.9500000000000006
0.7443592308547293 0.1016949152542373 33.485 1.36 0.9600000000000006
0.7281315994220295 0.10069790628115653 32.755 1.3466666666666667 0.9700000000000006
0.6924530399021896 0.10069790628115653 31.15 1.3466666666666667 0.9800000000000006
0.5989774369234189 0.10069790628115653 26.945 1.3466666666666667 0.9900000000000007
0.0 0.0 0.0 0.0
