1.0 1.0 8.997 200.6 0.0
1.0 0.514456630109671 8.997 103.2 0.01
1.0 0.39581256231306083 8.997 79.4 0.02
1.0 0.3389830508474576 8.997 68.0 0.03
1.0 0.3220338983050847 8.997 64.6 0.04
1.0 0.3050847457627119 8.997 61.2 0.05
1.0 0.2662013958125623 8.997 53.4 0.060000000000000005
1.0 0.2662013958125623 8.997 53.4 0.07
1.0 0.24227318045862412 8.997 48.6 0.08
1.0 0.22831505483549352 8.997 45.8 0.09
1.0 0.21834496510468593 8.997 43.8 0.09999999999999999
1.0 0.21335992023928216 8.997 42.8 0.10999999999999999
1.0 0.2053838484546361 8.997 41.2 0.11999999999999998
1.0 0.2023928215353938 8.997 40.6 0.12999999999999998
1.0 0.1984047856430708 8.997 39.8 0.13999999999999999
1.0 0.19541375872382852 8.997 39.2 0.15
1.0 0.18444666001994017 8.997 37.0 0.16
1.0 0.17746759720837488 8.997 35.6 0.17
1.0 0.15952143569292124 8.997 32.0 0.18000000000000002
1.0 0.1485543369890329 8.997 29.8 0.19000000000000003
1.0 0.14556331006979062 8.997 29.2 0.20000000000000004
1.0 0.1415752741774676 8.997 28.4 0.21000000000000005
1.0 0.13559322033898305 8.997 27.2 0.22000000000000006
1.0 0.1345962113659023 8.997 27.0 0.23000000000000007
1.0 0.13359920239282153 8.997 26.8 0.24000000000000007
1.0 0.13160518444666003 8.997 26.4 0.25000000000000006
1.0 0.13160518444666003 8.997 26.4 0.26000000000000006
1.0 0.12861415752741776 8.997 25.8 0.2700000000000001
1.0 0.12362911266201396 8.997 24.8 0.2800000000000001
1.0 0.12362911266201396 8.997 24.8 0.2900000000000001
1.0 0.12163509471585245 8.997 24.4 0.3000000000000001
1.0 0.12063808574277168 8.997 24.2 0.3100000000000001
1.0 0.11964107676969092 8.997 24.0 0.3200000000000001
1.0 0.11864406779661017 8.997 23.8 0.3300000000000001
1.0 0.11764705882352941 8.997 23.6 0.34000000000000014
1.0 0.11665004985044865 8.997 23.4 0.35000000000000014
1.0 0.11465603190428714 8.997 23.0 0.36000000000000015
1.0 0.11365902293120637 8.997 22.8 0.37000000000000016
1.0 0.1106679960119641 8.997 22.2 0.38000000000000017
1.0 0.10767696909272183 8.997 21.6 0.3900000000000002
1.0 0.10568295114656032 8.997 21.2 0.4000000000000002
1.0 0.1016949152542373 8.997 20.4 0.4100000000000002
1.0 0.09970089730807577 8.997 20.0 0.4200000000000002
1.0 0.09371884346959122 8.997 18.8 0.4300000000000002
1.0 0.08574277168494517 8.997 17.2 0.4400000000000002
1.0 0.07876370887337986 8.997 15.8 0.45000000000000023
1.0 0.07577268195413758 8.997 15.2 0.46000000000000024
1.0 0.06979062811565304 8.997 14.0 0.47000000000000025
1.0 0.06480558325024925 8.997 13.0 0.48000000000000026
1.0 0.06081754735792622 8.997 12.2 0.49000000000000027
1.0 0.05982053838484546 8.997 12.0 0.5000000000000002
1.0 0.05682951146560319 8.997 11.4 0.5100000000000002
1.0 0.054835493519441676 8.997 11.0 0.5200000000000002
1.0 0.0518444666001994 8.997 10.4 0.5300000000000002
1.0 0.0518444666001994 8.997 10.4 0.5400000000000003
1.0 0.05084745762711865 8.997 10.2 0.5500000000000003
1.0 0.047856430707876374 8.997 9.6 0.5600000000000003
1.0 0.047856430707876374 8.997 9.6 0.5700000000000003
1.0 0.045862412761714856 8.997 9.2 0.5800000000000003
1.0 0.045862412761714856 8.997 9.2 0.5900000000000003
1.0 0.0448654037886341 8.997 9.0 0.6000000000000003
1.0 0.04287138584247258 8.997 8.6 0.6100000000000003
1.0 0.04287138584247258 8.997 8.6 0.6200000000000003
1.0 0.04187437686939183 8.997 8.4 0.6300000000000003
1.0 0.04187437686939183 8.997 8.4 0.6400000000000003
1.0 0.03988035892323031 8.997 8.0 0.6500000000000004
1.0 0.038883349950149554 8.997 7.8 0.6600000000000004
1.0 0.036889332003988036 8.997 7.4 0.6700000000000004
1.0 0.036889332003988036 8.997 7.4 0.6800000000000004
1.0 0.03589232303090728 8.997 7.2 0.6900000000000004
1.0 0.03389830508474576 8.997 6.8 0.7000000000000004
1.0 0.028913260219341975 8.997 5.8 0.7100000000000004
1.0 0.0259222333000997 8.997 5.2 0.7200000000000004
1.0 0.023928215353938187 8.997 4.8 0.7300000000000004
1.0 0.022931206380857428 8.997 4.6 0.7400000000000004
1.0 0.02193419740777667 8.997 4.4 0.7500000000000004
1.0 0.020937188434695914 8.997 4.2 0.7600000000000005
1.0 0.018943170488534396 8.997 3.8 0.7700000000000005
1.0 0.01694915254237288 8.997 3.4 0.7800000000000005
1.0 0.01694915254237288 8.997 3.4 0.7900000000000005
1.0 0.01694915254237288 8.997 3.4 0.8000000000000005
1.0 0.01694915254237288 8.997 3.4 0.8100000000000005
1.0 0.01694915254237288 8.997 3.4 0.8200000000000005
1.0 0.01694915254237288 8.997 3.4 0.8300000000000005
1.0 0.01694915254237288 8.997 3.4 0.8400000000000005
0.999888851839502 0.01694915254237288 8.996 3.4 0.8500000000000005
0.999888851839502 0.01694915254237288 8.996 3.4 0.8600000000000005
0.999888851839502 0.01694915254237288 8.996 3.4 0.8700000000000006
0.999888851839502 0.01694915254237288 8.996 3.4 0.8800000000000006
0.9997777036790041 0.01694915254237288 8.995 3.4 0.8900000000000006
0.9997777036790041 0.01694915254237288 8.995 3.4 0.9000000000000006
0.9997777036790041 0.015952143569292122 8.995 3.2 0.9100000000000006
0.9996665555185061 0.014955134596211365 8.994 3.0 0.9200000000000006
0.9996665555185061 0.014955134596211365 8.994 3.0 0.9300000000000006
0.9996665555185061 0.014955134596211365 8.994 3.0 0.9400000000000006
0.9995554073580082 0.014955134596211365 8.993 3.0 0.9500000000000006
0.9995554073580082 0.014955134596211365 8.993 3.0 0.9600000000000006
0.9995554073580082 0.014955134596211365 8.993 3.0 0.9700000000000006
0.9993331110370124 0.014955134596211365 8.991 3.0 0.9800000000000006
0.998110481271535 0.013958125623130608 8.98 2.8 0.9900000000000007
0.0 0.0 0.0 0.0
