1.0 1.0 8.997 66.86666666666666 0.0
1.0 0.5124626121635095 8.997 34.266666666666666 0.01
1.0 0.37587238285144564 8.997 25.133333333333333 0.02
1.0 0.3240279162512463 8.997 21.666666666666668 0.03
1.0 0.292123629112662 8.997 19.533333333333335 0.04
1.0 0.2741774675972084 8.997 18.333333333333332 0.05
1.0 0.24626121635094717 8.997 16.466666666666665 0.060000000000000005
1.0 0.24626121635094717 8.997 16.466666666666665 0.07
1.0 0.2313060817547358 8.997 15.466666666666667 0.08
1.0 0.21834496510468593 8.997 14.6 0.09
1.0 0.2073778664007976 8.997 13.866666666666667 0.09999999999999999
1.0 0.19441674975074777 8.997 13.0 0.10999999999999999
1.0 0.18045862412761715 8.997 12.066666666666666 0.11999999999999998
1.0 0.17547357926221335 8.997 11.733333333333333 0.12999999999999998
1.0 0.16849451645064806 8.997 11.266666666666667 0.13999999999999999
1.0 0.1585244267198405 8.997 10.6 0.15
1.0 0.15553339980059822 8.997 10.4 0.16
1.0 0.14955134596211367 8.997 10.0 0.17
1.0 0.13260219341974078 8.997 8.866666666666667 0.18000000000000002
1.0 0.12462612163509472 8.997 8.333333333333334 0.19000000000000003
1.0 0.11764705882352941 8.997 7.866666666666666 0.20000000000000004
1.0 0.10468594217347957 8.997 7.0 0.21000000000000005
1.0 0.10069790628115653 8.997 6.733333333333333 0.22000000000000006
1.0 0.09571286141575275 8.997 6.4 0.23000000000000007
1.0 0.08873379860418744 8.997 5.933333333333334 0.24000000000000007
1.0 0.08374875373878365 8.997 5.6 0.25000000000000006
1.0 0.08175473579262213 8.997 5.466666666666667 0.26000000000000006
1.0 0.08175473579262213 8.997 5.466666666666667 0.2700000000000001
1.0 0.07976071784646062 8.997 5.333333333333333 0.2800000000000001
1.0 0.07976071784646062 8.997 5.333333333333333 0.2900000000000001
1.0 0.07577268195413758 8.997 5.066666666666666 0.3000000000000001
1.0 0.07577268195413758 8.997 5.066666666666666 0.3100000000000001
1.0 0.07477567298105683 8.997 5.0 0.3200000000000001
1.0 0.07278165503489531 8.997 4.866666666666666 0.3300000000000001
1.0 0.06580259222333001 8.997 4.4 0.34000000000000014
1.0 0.06580259222333001 8.997 4.4 0.35000000000000014
1.0 0.06380857427716849 8.997 4.266666666666667 0.36000000000000015
1.0 0.06181455633100698 8.997 4.133333333333334 0.37000000000000016
1.0 0.05982053838484546 8.997 4.0 0.38000000000000017
1.0 0.05782652043868395 8.997 3.8666666666666667 0.3900000000000002
1.0 0.053838484546360914 8.997 3.6 0.4000000000000002
1.0 0.05084745762711865 8.997 3.4 0.4100000000000002
1.0 0.04685942173479561 8.997 3.1333333333333333 0.4200000000000002
1.0 0.045862412761714856 8.997 3.066666666666667 0.4300000000000002
1.0 0.04287138584247258 8.997 2.8666666666666667 0.4400000000000002
1.0 0.03988035892323031 8.997 2.6666666666666665 0.45000000000000023
1.0 0.03489531405782652 8.997 2.3333333333333335 0.46000000000000024
1.0 0.031904287138584245 8.997 2.1333333333333333 0.47000000000000025
1.0 0.028913260219341975 8.997 1.9333333333333333 0.48000000000000026
1.0 0.0259222333000997 8.997 1.7333333333333334 0.49000000000000027
1.0 0.024925224327018942 8.997 1.6666666666666667 0.5000000000000002
1.0 0.023928215353938187 8.997 1.6 0.5100000000000002
1.0 0.023928215353938187 8.997 1.6 0.5200000000000002
1.0 0.023928215353938187 8.997 1.6 0.5300000000000002
1.0 0.023928215353938187 8.997 1.6 0.5400000000000003
1.0 0.023928215353938187 8.997 1.6 0.5500000000000003
1.0 0.023928215353938187 8.997 1.6 0.5600000000000003
1.0 0.023928215353938187 8.997 1.6 0.5700000000000003
1.0 0.020937188434695914 8.997 1.4 0.5800000000000003
1.0 0.019940179461615155 8.997 1.3333333333333333 0.5900000000000003
1.0 0.018943170488534396 8.997 1.2666666666666666 0.6000000000000003
1.0 0.018943170488534396 8.997 1.2666666666666666 0.6100000000000003
1.0 0.01794616151545364 8.997 1.2 0.6200000000000003
1.0 0.01794616151545364 8.997 1.2 0.6300000000000003
1.0 0.01694915254237288 8.997 1.1333333333333333 0.6400000000000003
1.0 0.01694915254237288 8.997 1.1333333333333333 0.6500000000000004
1.0 0.015952143569292122 8.997 1.0666666666666667 0.6600000000000004
1.0 0.015952143569292122 8.997 1.0666666666666667 0.6700000000000004
1.0 0.013958125623130608 8.997 0.9333333333333333 0.6800000000000004
1.0 0.013958125623130608 8.997 0.9333333333333333 0.6900000000000004
1.0 0.01296111665004985 8.997 0.8666666666666667 0.7000000000000004
1.0 0.011964107676969093 8.997 0.8 0.7100000000000004
1.0 0.010967098703888335 8.997 0.7333333333333333 0.7200000000000004
1.0 0.010967098703888335 8.997 0.7333333333333333 0.7300000000000004
1.0 0.007976071784646061 8.997 0.5333333333333333 0.7400000000000004
1.0 0.006979062811565304 8.997 0.4666666666666667 0.7500000000000004
1.0 0.006979062811565304 8.997 0.4666666666666667 0.7600000000000005
1.0 0.004985044865403789 8.997 0.3333333333333333 0.7700000000000005
1.0 0.004985044865403789 8.997 0.3333333333333333 0.7800000000000005
1.0 0.004985044865403789 8.997 0.3333333333333333 0.7900000000000005
1.0 0.004985044865403789 8.997 0.3333333333333333 0.8000000000000005
1.0 0.004985044865403789 8.997 0.3333333333333333 0.8100000000000005
1.0 0.004985044865403789 8.997 0.3333333333333333 0.8200000000000005
1.0 0.004985044865403789 8.997 0.3333333333333333 0.8300000000000005
1.0 0.004985044865403789 8.997 0.3333333333333333 0.8400000000000005
1.0 0.004985044865403789 8.997 0.3333333333333333 0.8500000000000005
1.0 0.003988035892323031 8.997 0.26666666666666666 0.8600000000000005
1.0 0.003988035892323031 8.997 0.26666666666666666 0.8700000000000006
1.0 0.0029910269192422734 8.997 0.2 0.8800000000000006
1.0 0.0019940179461615153 8.997 0.13333333333333333 0.8900000000000006
1.0 0.0019940179461615153 8.997 0.13333333333333333 0.9000000000000006
1.0 9.970089730807576E-4 8.997 0.06666666666666667 0.9100000000000006
1.0 0.0 8.997 0.0 0.9200000000000006
1.0 0.0 8.997 0.0 0.9300000000000006
1.0 0.0 8.997 0.0 0.9400000000000006
1.0 0.0 8.997 0.0 0.9500000000000006
0.9997777036790041 0.0 8.995 0.0 0.9600000000000006
0.9997777036790041 0.0 8.995 0.0 0.9700000000000006
0.9996665555185061 0.0 8.994 0.0 0.9800000000000006
0.9991108147160165 0.0 8.989 0.0 0.9900000000000007
0.0 0.0 0.0 0.0
