1.0 1.0 89.97 20.06 0.0
1.0 1.0 89.97 20.06 0.01
1.0 0.9930209371884346 89.97 19.92 0.02
1.0 0.9910269192422732 89.97 19.88 0.03
1.0 0.9890329012961117 89.97 19.84 0.04
1.0 0.9820538384845464 89.97 19.7 0.05
1.0 0.9750747756729811 89.97 19.56 0.060000000000000005
1.0 0.9750747756729811 89.97 19.56 0.07
1.0 0.9750747756729811 89.97 19.56 0.08
1.0 0.9700897308075773 89.97 19.46 0.09
1.0 0.9680957128614157 89.97 19.42 0.09999999999999999
1.0 0.967098703888335 89.97 19.4 0.10999999999999999
1.0 0.967098703888335 89.97 19.4 0.11999999999999998
1.0 0.9661016949152542 89.97 19.38 0.12999999999999998
1.0 0.9651046859421735 89.97 19.36 0.13999999999999999
1.0 0.9651046859421735 89.97 19.36 0.15
1.0 0.9621136590229312 89.97 19.3 0.16
1.0 0.9611166500498505 89.97 19.28 0.17
1.0 0.959122632103689 89.97 19.24 0.18000000000000002
1.0 0.9561316051844466 89.97 19.18 0.19000000000000003
1.0 0.9541375872382851 89.97 19.14 0.20000000000000004
1.0 0.9531405782652044 89.97 19.12 0.21000000000000005
1.0 0.9521435692921236 89.97 19.1 0.22000000000000006
1.0 0.9511465603190429 89.97 19.08 0.23000000000000007
1.0 0.9491525423728814 89.97 19.04 0.24000000000000007
1.0 0.9481555333998006 89.97 19.02 0.25000000000000006
1.0 0.9471585244267199 89.97 19.0 0.26000000000000006
1.0 0.9461615154536391 89.97 18.98 0.2700000000000001
1.0 0.9451645064805583 89.97 18.96 0.2800000000000001
1.0 0.9441674975074775 89.97 18.94 0.2900000000000001
1.0 0.9441674975074775 89.97 18.94 0.3000000000000001
1.0 0.9441674975074775 89.97 18.94 0.3100000000000001
1.0 0.9441674975074775 89.97 18.94 0.3200000000000001
1.0 0.9441674975074775 89.97 18.94 0.3300000000000001
1.0 0.9441674975074775 89.97 18.94 0.34000000000000014
1.0 0.9441674975074775 89.97 18.94 0.35000000000000014
1.0 0.9431704885343968 89.97 18.92 0.36000000000000015
1.0 0.9431704885343968 89.97 18.92 0.37000000000000016
1.0 0.9401794616151545 89.97 18.86 0.38000000000000017
1.0 0.9391824526420738 89.97 18.84 0.3900000000000002
1.0 0.9361914257228315 89.97 18.78 0.4000000000000002
1.0 0.9322033898305084 89.97 18.7 0.4100000000000002
1.0 0.9292123629112662 89.97 18.64 0.4200000000000002
1.0 0.9262213359920239 89.97 18.58 0.4300000000000002
1.0 0.922233300099701 89.97 18.5 0.4400000000000002
1.0 0.9202392821535393 89.97 18.46 0.45000000000000023
1.0 0.9192422731804586 89.97 18.44 0.46000000000000024
1.0 0.9152542372881356 89.97 18.36 0.47000000000000025
1.0 0.9152542372881356 89.97 18.36 0.48000000000000026
1.0 0.9122632103688934 89.97 18.3 0.49000000000000027
1.0 0.9122632103688934 89.97 18.3 0.5000000000000002
1.0 0.9102691924227319 89.97 18.26 0.5100000000000002
1.0 0.909272183449651 89.97 18.24 0.5200000000000002
1.0 0.9062811565304087 89.97 18.18 0.5300000000000002
1.0 0.9062811565304087 89.97 18.18 0.5400000000000003
1.0 0.905284147557328 89.97 18.16 0.5500000000000003
1.0 0.905284147557328 89.97 18.16 0.5600000000000003
1.0 0.9042871385842473 89.97 18.14 0.5700000000000003
1.0 0.9002991026919243 89.97 18.06 0.5800000000000003
1.0 0.8983050847457628 89.97 18.02 0.5900000000000003
1.0 0.8943170488534397 89.97 17.94 0.6000000000000003
1.0 0.8923230309072782 89.97 17.9 0.6100000000000003
1.0 0.8913260219341974 89.97 17.88 0.6200000000000003
1.0 0.8863409770687937 89.97 17.78 0.6300000000000003
1.0 0.8803589232303091 89.97 17.66 0.6400000000000003
1.0 0.8793619142572283 89.97 17.64 0.6500000000000004
1.0 0.8713858424725822 89.97 17.48 0.6600000000000004
1.0 0.8614157527417746 89.97 17.28 0.6700000000000004
1.0 0.8554336989032901 89.97 17.16 0.6800000000000004
1.0 0.8464606181455633 89.97 16.98 0.6900000000000004
1.0 0.8354935194416749 89.97 16.76 0.7000000000000004
1.0 0.8175473579262214 89.97 16.4 0.7100000000000004
1.0 0.7906281156530409 89.97 15.86 0.7200000000000004
1.0 0.773678963110668 89.97 15.52 0.7300000000000004
1.0 0.7637088733798604 89.97 15.32 0.7400000000000004
1.0 0.7517447657028913 89.97 15.08 0.7500000000000004
1.0 0.7347956131605184 89.97 14.74 0.7600000000000005
0.999888851839502 0.7268195413758723 89.96 14.58 0.7700000000000005
0.9997777036790041 0.7178464606181456 89.95 14.4 0.7800000000000005
0.9994442591975102 0.7128614157527418 89.92 14.3 0.7900000000000005
0.9988885183950206 0.7098703888334995 89.87 14.24 0.8000000000000005
0.9974435923085473 0.7008973080757727 89.74 14.06 0.8100000000000005
0.9943314438146049 0.6999002991026919 89.46 14.04 0.8200000000000005
0.9887740357897077 0.6919242273180458 88.96 13.88 0.8300000000000005
0.9786595531843948 0.6819541375872383 88.05 13.68 0.8400000000000005
0.9618761809492052 0.6689930209371885 86.54 13.42 0.8500000000000005
0.9354229187506947 0.617148554336989 84.16 12.38 0.8600000000000005
0.8956318772924308 0.5692921236291126 80.58 11.42 0.8700000000000006
0.8416138712904302 0.5054835493519442 75.72 10.14 0.8800000000000006
0.7754807157941536 0.4336989032901296 69.77 8.7 0.8900000000000006
0.7040124485939757 0.3349950149551346 63.34 6.72 0.9000000000000006
0.630432366344337 0.22731804586241275 56.72 4.56 0.9100000000000006
0.5659664332555296 0.14955134596211367 50.92 3.0 0.9200000000000006
0.5173946871179282 0.08075772681954138 46.55 1.62 0.9300000000000006
0.4816049794375903 0.0448654037886341 43.33 0.9 0.9400000000000006
0.46137601422696456 0.024925224327018942 41.51 0.5 0.9500000000000006
0.44692675336223187 0.013958125623130608 40.21 0.28 0.9600000000000006
0.4315883072135156 0.01296111665004985 38.83 0.26 0.9700000000000006
0.3987995998666222 0.011964107676969093 35.88 0.24 0.9800000000000006
0.30688007113482274 0.010967098703888335 27.61 0.22 0.9900000000000007
0.0 0.0 0.0 0.0
