1.0 1.0 12.852857142857143 22.288888888888888 0.0
1.0 0.7198404785643071 12.852857142857143 16.044444444444444 0.01
1.0 0.5742771684945165 12.852857142857143 12.8 0.02
1.0 0.5304087736789631 12.852857142857143 11.822222222222223 0.03
1.0 0.5044865403788634 12.852857142857143 11.244444444444444 0.04
1.0 0.4715852442671984 12.852857142857143 10.511111111111111 0.05
1.0 0.4147557328015952 12.852857142857143 9.244444444444444 0.060000000000000005
1.0 0.4147557328015952 12.852857142857143 9.244444444444444 0.07
1.0 0.3918245264207378 12.852857142857143 8.733333333333333 0.08
1.0 0.38085742771684944 12.852857142857143 8.488888888888889 0.09
1.0 0.36490528414755735 12.852857142857143 8.133333333333333 0.09999999999999999
1.0 0.353938185443669 12.852857142857143 7.888888888888889 0.10999999999999999
1.0 0.34995014955134596 12.852857142857143 7.8 0.11999999999999998
1.0 0.33998005982053836 12.852857142857143 7.5777777777777775 0.12999999999999998
1.0 0.3300099700897308 12.852857142857143 7.355555555555555 0.13999999999999999
1.0 0.3200398803589232 12.852857142857143 7.133333333333334 0.15
1.0 0.3100697906281156 12.852857142857143 6.911111111111111 0.16
1.0 0.3000997008973081 12.852857142857143 6.688888888888889 0.17
1.0 0.2781655034895314 12.852857142857143 6.2 0.18000000000000002
1.0 0.26021934197407776 12.852857142857143 5.8 0.19000000000000003
1.0 0.2452642073778664 12.852857142857143 5.466666666666667 0.20000000000000004
1.0 0.2333000997008973 12.852857142857143 5.2 0.21000000000000005
1.0 0.22432701894317048 12.852857142857143 5.0 0.22000000000000006
1.0 0.21635094715852443 12.852857142857143 4.822222222222222 0.23000000000000007
1.0 0.21036889332003988 12.852857142857143 4.688888888888889 0.24000000000000007
1.0 0.20438683948155534 12.852857142857143 4.555555555555555 0.25000000000000006
1.0 0.19641076769690927 12.852857142857143 4.377777777777778 0.26000000000000006
1.0 0.1914257228315055 12.852857142857143 4.266666666666667 0.2700000000000001
1.0 0.18943170488534397 12.852857142857143 4.222222222222222 0.2800000000000001
1.0 0.18943170488534397 12.852857142857143 4.222222222222222 0.2900000000000001
1.0 0.18245264207377868 12.852857142857143 4.066666666666666 0.3000000000000001
1.0 0.1794616151545364 12.852857142857143 4.0 0.3100000000000001
1.0 0.17746759720837488 12.852857142857143 3.9555555555555557 0.3200000000000001
1.0 0.17347956131605186 12.852857142857143 3.8666666666666667 0.3300000000000001
1.0 0.1694915254237288 12.852857142857143 3.7777777777777777 0.34000000000000014
1.0 0.1674975074775673 12.852857142857143 3.7333333333333334 0.35000000000000014
1.0 0.16450648055832504 12.852857142857143 3.6666666666666665 0.36000000000000015
1.0 0.15952143569292124 12.852857142857143 3.5555555555555554 0.37000000000000016
1.0 0.15653040877367896 12.852857142857143 3.488888888888889 0.38000000000000017
1.0 0.14755732801595214 12.852857142857143 3.2888888888888888 0.3900000000000002
1.0 0.13958125623130607 12.852857142857143 3.111111111111111 0.4000000000000002
1.0 0.13359920239282153 12.852857142857143 2.977777777777778 0.4100000000000002
1.0 0.1296111665004985 12.852857142857143 2.888888888888889 0.4200000000000002
1.0 0.12063808574277168 12.852857142857143 2.688888888888889 0.4300000000000002
1.0 0.11864406779661017 12.852857142857143 2.6444444444444444 0.4400000000000002
1.0 0.11166500498504486 12.852857142857143 2.488888888888889 0.45000000000000023
1.0 0.1016949152542373 12.852857142857143 2.2666666666666666 0.46000000000000024
1.0 0.09371884346959122 12.852857142857143 2.088888888888889 0.47000000000000025
1.0 0.09172482552342971 12.852857142857143 2.0444444444444443 0.48000000000000026
1.0 0.08574277168494517 12.852857142857143 1.9111111111111112 0.49000000000000027
1.0 0.07876370887337986 12.852857142857143 1.7555555555555555 0.5000000000000002
1.0 0.07477567298105683 12.852857142857143 1.6666666666666667 0.5100000000000002
1.0 0.07178464606181456 12.852857142857143 1.6 0.5200000000000002
1.0 0.06879361914257229 12.852857142857143 1.5333333333333334 0.5300000000000002
1.0 0.06380857427716849 12.852857142857143 1.4222222222222223 0.5400000000000003
1.0 0.06181455633100698 12.852857142857143 1.3777777777777778 0.5500000000000003
1.0 0.06081754735792622 12.852857142857143 1.3555555555555556 0.5600000000000003
1.0 0.05982053838484546 12.852857142857143 1.3333333333333333 0.5700000000000003
1.0 0.05782652043868395 12.852857142857143 1.288888888888889 0.5800000000000003
1.0 0.05682951146560319 12.852857142857143 1.2666666666666666 0.5900000000000003
1.0 0.054835493519441676 12.852857142857143 1.2222222222222223 0.6000000000000003
1.0 0.05284147557328016 12.852857142857143 1.1777777777777778 0.6100000000000003
1.0 0.0518444666001994 12.852857142857143 1.1555555555555554 0.6200000000000003
1.0 0.0518444666001994 12.852857142857143 1.1555555555555554 0.6300000000000003
1.0 0.05084745762711865 12.852857142857143 1.1333333333333333 0.6400000000000003
1.0 0.04885343968095713 12.852857142857143 1.0888888888888888 0.6500000000000004
1.0 0.04885343968095713 12.852857142857143 1.0888888888888888 0.6600000000000004
1.0 0.047856430707876374 12.852857142857143 1.0666666666666667 0.6700000000000004
1.0 0.04685942173479561 12.852857142857143 1.0444444444444445 0.6800000000000004
1.0 0.04386839481555334 12.852857142857143 0.9777777777777777 0.6900000000000004
1.0 0.040877367896311065 12.852857142857143 0.9111111111111111 0.7000000000000004
1.0 0.038883349950149554 12.852857142857143 0.8666666666666667 0.7100000000000004
1.0 0.036889332003988036 12.852857142857143 0.8222222222222222 0.7200000000000004
1.0 0.03489531405782652 12.852857142857143 0.7777777777777778 0.7300000000000004
1.0 0.03290129611166501 12.852857142857143 0.7333333333333333 0.7400000000000004
1.0 0.03090727816550349 12.852857142857143 0.6888888888888889 0.7500000000000004
1.0 0.023928215353938187 12.852857142857143 0.5333333333333333 0.7600000000000005
1.0 0.018943170488534396 12.852857142857143 0.4222222222222222 0.7700000000000005
1.0 0.015952143569292122 12.852857142857143 0.35555555555555557 0.7800000000000005
1.0 0.013958125623130608 12.852857142857143 0.3111111111111111 0.7900000000000005
1.0 0.013958125623130608 12.852857142857143 0.3111111111111111 0.8000000000000005
1.0 0.011964107676969093 12.852857142857143 0.26666666666666666 0.8100000000000005
1.0 0.011964107676969093 12.852857142857143 0.26666666666666666 0.8200000000000005
1.0 0.010967098703888335 12.852857142857143 0.24444444444444444 0.8300000000000005
1.0 0.010967098703888335 12.852857142857143 0.24444444444444444 0.8400000000000005
0.999888851839502 0.009970089730807577 12.851428571428572 0.2222222222222222 0.8500000000000005
0.999888851839502 0.007976071784646061 12.851428571428572 0.17777777777777778 0.8600000000000005
0.999888851839502 0.005982053838484547 12.851428571428572 0.13333333333333333 0.8700000000000006
0.9997777036790041 0.005982053838484547 12.85 0.13333333333333333 0.8800000000000006
0.9996665555185061 0.004985044865403789 12.848571428571429 0.1111111111111111 0.8900000000000006
0.9996665555185061 0.0029910269192422734 12.848571428571429 0.06666666666666667 0.9000000000000006
0.9995554073580082 9.970089730807576E-4 12.847142857142858 0.022222222222222223 0.9100000000000006
0.9993331110370124 0.0 12.844285714285714 0.0 0.9200000000000006
0.9993331110370124 0.0 12.844285714285714 0.0 0.9300000000000006
0.9989996665555185 0.0 12.84 0.0 0.9400000000000006
0.9989996665555185 0.0 12.84 0.0 0.9500000000000006
0.9987773702345226 0.0 12.837142857142856 0.0 0.9600000000000006
0.9986662220740247 0.0 12.835714285714285 0.0 0.9700000000000006
0.998110481271535 0.0 12.82857142857143 0.0 0.9800000000000006
0.9946648882960987 0.0 12.784285714285714 0.0 0.9900000000000007
0.0 0.0 0.0 0.0
