1.0 1.0 14.995 Infinity 0.0
1.0 0.769690927218345 14.995 Infinity 0.01
1.0 0.6301096709870389 14.995 Infinity 0.02
1.0 0.5692921236291126 14.995 Infinity 0.03
1.0 0.5343968095712861 14.995 Infinity 0.04
1.0 0.5014955134596212 14.995 Infinity 0.05
1.0 0.44865403788634095 14.995 Infinity 0.060000000000000005
1.0 0.44865403788634095 14.995 Infinity 0.07
1.0 0.42273180458624127 14.995 Infinity 0.08
1.0 0.39780658025922233 14.995 Infinity 0.09
1.0 0.382851445663011 14.995 Infinity 0.09999999999999999
1.0 0.37188434695912265 14.995 Infinity 0.10999999999999999
1.0 0.36191425722831505 14.995 Infinity 0.11999999999999998
1.0 0.3509471585244267 14.995 Infinity 0.12999999999999998
1.0 0.34496510468594216 14.995 Infinity 0.13999999999999999
1.0 0.3349950149551346 14.995 Infinity 0.15
1.0 0.3240279162512463 14.995 Infinity 0.16
1.0 0.317048853439681 14.995 Infinity 0.17
1.0 0.2971086739780658 14.995 Infinity 0.18000000000000002
1.0 0.28215353938185445 14.995 Infinity 0.19000000000000003
1.0 0.27517447657028915 14.995 Infinity 0.20000000000000004
1.0 0.26819541375872386 14.995 Infinity 0.21000000000000005
1.0 0.25822532402791626 14.995 Infinity 0.22000000000000006
1.0 0.25324027916251246 14.995 Infinity 0.23000000000000007
1.0 0.24626121635094717 14.995 Infinity 0.24000000000000007
1.0 0.2432701894317049 14.995 Infinity 0.25000000000000006
1.0 0.2432701894317049 14.995 Infinity 0.26000000000000006
1.0 0.24227318045862412 14.995 Infinity 0.2700000000000001
1.0 0.24027916251246262 14.995 Infinity 0.2800000000000001
1.0 0.23728813559322035 14.995 Infinity 0.2900000000000001
1.0 0.23429710867397807 14.995 Infinity 0.3000000000000001
1.0 0.23429710867397807 14.995 Infinity 0.3100000000000001
1.0 0.23030907278165502 14.995 Infinity 0.3200000000000001
1.0 0.22731804586241275 14.995 Infinity 0.3300000000000001
1.0 0.22432701894317048 14.995 Infinity 0.34000000000000014
1.0 0.2213359920239282 14.995 Infinity 0.35000000000000014
1.0 0.2143569292123629 14.995 Infinity 0.36000000000000015
1.0 0.2123629112662014 14.995 Infinity 0.37000000000000016
1.0 0.21136590229312063 14.995 Infinity 0.38000000000000017
1.0 0.20638085742771686 14.995 Infinity 0.3900000000000002
1.0 0.20039880358923232 14.995 Infinity 0.4000000000000002
1.0 0.19541375872382852 14.995 Infinity 0.4100000000000002
1.0 0.18743768693918245 14.995 Infinity 0.4200000000000002
1.0 0.18344965104685942 14.995 Infinity 0.4300000000000002
1.0 0.1814556331006979 14.995 Infinity 0.4400000000000002
1.0 0.17347956131605186 14.995 Infinity 0.45000000000000023
1.0 0.16550348953140578 14.995 Infinity 0.46000000000000024
1.0 0.1585244267198405 14.995 Infinity 0.47000000000000025
1.0 0.15553339980059822 14.995 Infinity 0.48000000000000026
1.0 0.15254237288135594 14.995 Infinity 0.49000000000000027
1.0 0.15154536390827517 14.995 Infinity 0.5000000000000002
1.0 0.15054835493519442 14.995 Infinity 0.5100000000000002
1.0 0.1465603190428714 14.995 Infinity 0.5200000000000002
1.0 0.14556331006979062 14.995 Infinity 0.5300000000000002
1.0 0.14257228315054835 14.995 Infinity 0.5400000000000003
1.0 0.13958125623130607 14.995 Infinity 0.5500000000000003
1.0 0.13758723828514458 14.995 Infinity 0.5600000000000003
1.0 0.13758723828514458 14.995 Infinity 0.5700000000000003
1.0 0.13559322033898305 14.995 Infinity 0.5800000000000003
1.0 0.1345962113659023 14.995 Infinity 0.5900000000000003
1.0 0.13359920239282153 14.995 Infinity 0.6000000000000003
1.0 0.13160518444666003 14.995 Infinity 0.6100000000000003
1.0 0.13060817547357925 14.995 Infinity 0.6200000000000003
1.0 0.12761714855433698 14.995 Infinity 0.6300000000000003
1.0 0.12761714855433698 14.995 Infinity 0.6400000000000003
1.0 0.12562313060817548 14.995 Infinity 0.6500000000000004
1.0 0.12163509471585245 14.995 Infinity 0.6600000000000004
1.0 0.11665004985044865 14.995 Infinity 0.6700000000000004
1.0 0.11465603190428714 14.995 Infinity 0.6800000000000004
1.0 0.1106679960119641 14.995 Infinity 0.6900000000000004
1.0 0.10767696909272183 14.995 Infinity 0.7000000000000004
1.0 0.09770687936191426 14.995 Infinity 0.7100000000000004
1.0 0.08773678963110668 14.995 Infinity 0.7200000000000004
1.0 0.08374875373878365 14.995 Infinity 0.7300000000000004
1.0 0.08075772681954138 14.995 Infinity 0.7400000000000004
1.0 0.07377866400797607 14.995 Infinity 0.7500000000000004
1.0 0.07278165503489531 14.995 Infinity 0.7600000000000005
1.0 0.06480558325024925 14.995 Infinity 0.7700000000000005
1.0 0.05982053838484546 14.995 Infinity 0.7800000000000005
1.0 0.05682951146560319 14.995 Infinity 0.7900000000000005
1.0 0.054835493519441676 14.995 Infinity 0.8000000000000005
1.0 0.053838484546360914 14.995 Infinity 0.8100000000000005
1.0 0.05284147557328016 14.995 Infinity 0.8200000000000005
1.0 0.0518444666001994 14.995 Infinity 0.8300000000000005
1.0 0.04885343968095713 14.995 Infinity 0.8400000000000005
0.9997777036790041 0.045862412761714856 14.991666666666667 Infinity 0.8500000000000005
0.9994442591975102 0.04287138584247258 14.986666666666666 Infinity 0.8600000000000005
0.9988885183950206 0.03788634097706879 14.978333333333333 Infinity 0.8700000000000006
0.9978881849505391 0.03290129611166501 14.963333333333333 Infinity 0.8800000000000006
0.9974435923085473 0.0259222333000997 14.956666666666667 Infinity 0.8900000000000006
0.9969989996665555 0.015952143569292122 14.95 Infinity 0.9000000000000006
0.9966655551850617 0.010967098703888335 14.945 Infinity 0.9100000000000006
0.9956652217405801 0.004985044865403789 14.93 Infinity 0.9200000000000006
0.9953317772590864 0.004985044865403789 14.925 Infinity 0.9300000000000006
0.9946648882960987 0.0019940179461615153 14.915 Infinity 0.9400000000000006
0.994109147493609 9.970089730807576E-4 14.906666666666666 Infinity 0.9500000000000006
0.9936645548516172 0.0 14.9 NaN 0.9600000000000006
0.9924419250861398 0.0 14.881666666666666 NaN 0.9700000000000006
0.9895520729131932 0.0 14.838333333333333 NaN 0.9800000000000006
0.9793264421473825 0.0 14.685 NaN 0.9900000000000007
0.0 0.0 0.0 0.0
