1.0 1.0 89.97 8.358333333333333 0.0
1.0 0.9980059820538385 89.97 8.341666666666667 0.01
1.0 0.9980059820538385 89.97 8.341666666666667 0.02
1.0 0.9930209371884346 89.97 8.3 0.03
1.0 0.9910269192422732 89.97 8.283333333333333 0.04
1.0 0.9890329012961117 89.97 8.266666666666667 0.05
1.0 0.9820538384845464 89.97 8.208333333333334 0.060000000000000005
1.0 0.9820538384845464 89.97 8.208333333333334 0.07
1.0 0.9780658025922233 89.97 8.175 0.08
1.0 0.9750747756729811 89.97 8.15 0.09
1.0 0.9740777666999003 89.97 8.141666666666667 0.09999999999999999
1.0 0.9720837487537388 89.97 8.125 0.10999999999999999
1.0 0.9720837487537388 89.97 8.125 0.11999999999999998
1.0 0.9720837487537388 89.97 8.125 0.12999999999999998
1.0 0.9680957128614157 89.97 8.091666666666667 0.13999999999999999
1.0 0.9641076769690927 89.97 8.058333333333334 0.15
1.0 0.9601196410767697 89.97 8.025 0.16
1.0 0.959122632103689 89.97 8.016666666666667 0.17
1.0 0.9501495513459621 89.97 7.941666666666666 0.18000000000000002
1.0 0.9481555333998006 89.97 7.925 0.19000000000000003
1.0 0.942173479561316 89.97 7.875 0.20000000000000004
1.0 0.9411764705882353 89.97 7.866666666666666 0.21000000000000005
1.0 0.9401794616151545 89.97 7.858333333333333 0.22000000000000006
1.0 0.9391824526420738 89.97 7.85 0.23000000000000007
1.0 0.9371884346959123 89.97 7.833333333333333 0.24000000000000007
1.0 0.9371884346959123 89.97 7.833333333333333 0.25000000000000006
1.0 0.9371884346959123 89.97 7.833333333333333 0.26000000000000006
1.0 0.9371884346959123 89.97 7.833333333333333 0.2700000000000001
1.0 0.9361914257228315 89.97 7.825 0.2800000000000001
1.0 0.9361914257228315 89.97 7.825 0.2900000000000001
1.0 0.9361914257228315 89.97 7.825 0.3000000000000001
1.0 0.9351944167497508 89.97 7.816666666666666 0.3100000000000001
1.0 0.9351944167497508 89.97 7.816666666666666 0.3200000000000001
1.0 0.93419740777667 89.97 7.808333333333334 0.3300000000000001
1.0 0.93419740777667 89.97 7.808333333333334 0.34000000000000014
1.0 0.93419740777667 89.97 7.808333333333334 0.35000000000000014
1.0 0.93419740777667 89.97 7.808333333333334 0.36000000000000015
1.0 0.93419740777667 89.97 7.808333333333334 0.37000000000000016
1.0 0.9332003988035892 89.97 7.8 0.38000000000000017
1.0 0.9322033898305084 89.97 7.791666666666667 0.3900000000000002
1.0 0.9242273180458624 89.97 7.725 0.4000000000000002
1.0 0.9232303090727817 89.97 7.716666666666667 0.4100000000000002
1.0 0.9192422731804586 89.97 7.683333333333334 0.4200000000000002
1.0 0.9172482552342971 89.97 7.666666666666667 0.4300000000000002
1.0 0.9122632103688934 89.97 7.625 0.4400000000000002
1.0 0.9082751744765702 89.97 7.591666666666667 0.45000000000000023
1.0 0.905284147557328 89.97 7.566666666666666 0.46000000000000024
1.0 0.9022931206380858 89.97 7.541666666666667 0.47000000000000025
1.0 0.901296111665005 89.97 7.533333333333333 0.48000000000000026
1.0 0.901296111665005 89.97 7.533333333333333 0.49000000000000027
1.0 0.9002991026919243 89.97 7.525 0.5000000000000002
1.0 0.8993020937188435 89.97 7.516666666666667 0.5100000000000002
1.0 0.8973080757726819 89.97 7.5 0.5200000000000002
1.0 0.8963110667996012 89.97 7.491666666666666 0.5300000000000002
1.0 0.8953140578265204 89.97 7.483333333333333 0.5400000000000003
1.0 0.8953140578265204 89.97 7.483333333333333 0.5500000000000003
1.0 0.8953140578265204 89.97 7.483333333333333 0.5600000000000003
1.0 0.8953140578265204 89.97 7.483333333333333 0.5700000000000003
1.0 0.8953140578265204 89.97 7.483333333333333 0.5800000000000003
1.0 0.8943170488534397 89.97 7.475 0.5900000000000003
1.0 0.8943170488534397 89.97 7.475 0.6000000000000003
1.0 0.8933200398803589 89.97 7.466666666666667 0.6100000000000003
1.0 0.8933200398803589 89.97 7.466666666666667 0.6200000000000003
1.0 0.8883349950149552 89.97 7.425 0.6300000000000003
1.0 0.8833499501495513 89.97 7.383333333333334 0.6400000000000003
1.0 0.8793619142572283 89.97 7.35 0.6500000000000004
1.0 0.8703888334995015 89.97 7.275 0.6600000000000004
1.0 0.8604187437686939 89.97 7.191666666666666 0.6700000000000004
1.0 0.8454636091724825 89.97 7.066666666666666 0.6800000000000004
1.0 0.8315054835493519 89.97 6.95 0.6900000000000004
1.0 0.8185443668993021 89.97 6.841666666666667 0.7000000000000004
1.0 0.8085742771684945 89.97 6.758333333333334 0.7100000000000004
1.0 0.7906281156530409 89.97 6.608333333333333 0.7200000000000004
1.0 0.7796610169491526 89.97 6.516666666666667 0.7300000000000004
1.0 0.7617148554336989 89.97 6.366666666666666 0.7400000000000004
1.0 0.7467597208374875 89.97 6.241666666666666 0.7500000000000004
1.0 0.7308075772681955 89.97 6.108333333333333 0.7600000000000005
1.0 0.7138584247258225 89.97 5.966666666666667 0.7700000000000005
0.9996665555185061 0.7028913260219342 89.94 5.875 0.7800000000000005
0.9992219628765144 0.6969092721834497 89.9 5.825 0.7900000000000005
0.9985550739135267 0.6959122632103689 89.84 5.816666666666666 0.8000000000000005
0.9967767033455597 0.6899302093718843 89.68 5.766666666666667 0.8100000000000005
0.9932199622096254 0.6879361914257228 89.36 5.75 0.8200000000000005
0.9866622207402468 0.6809571286141576 88.77 5.691666666666666 0.8300000000000005
0.9765477381349339 0.6699900299102692 87.86 5.6 0.8400000000000005
0.9586528842947649 0.6560319042871385 86.25 5.483333333333333 0.8500000000000005
0.9305323996887852 0.6141575274177468 83.72 5.133333333333334 0.8600000000000005
0.8878515060575748 0.5613160518444666 79.88 4.691666666666666 0.8700000000000006
0.8312770923641214 0.5054835493519442 74.79 4.225 0.8800000000000006
0.7575858619539847 0.4436689930209372 68.16 3.7083333333333335 0.8900000000000006
0.6801155940869179 0.34297108673978066 61.19 2.8666666666666667 0.9000000000000006
0.6030899188618428 0.2472582253240279 54.26 2.066666666666667 0.9100000000000006
0.5369567633655663 0.1794616151545364 48.31 1.5 0.9200000000000006
0.4887184617094587 0.11964107676969092 43.97 1.0 0.9300000000000006
0.4494831610536846 0.08773678963110668 40.44 0.7333333333333333 0.9400000000000006
0.4254751583861287 0.06679960119641076 38.28 0.5583333333333333 0.9500000000000006
0.4128042680893631 0.05284147557328016 37.14 0.44166666666666665 0.9600000000000006
0.4021340446815605 0.0518444666001994 36.18 0.43333333333333335 0.9700000000000006
0.37190174502611983 0.05084745762711865 33.46 0.425 0.9800000000000006
0.28253862398577306 0.05084745762711865 25.42 0.425 0.9900000000000007
0.0 0.0 0.0 0.0
