1.0 1.0 17.994 100.3 0.0
1.0 0.8893320039880359 17.994 89.2 0.01
1.0 0.8005982053838484 17.994 80.3 0.02
1.0 0.7507477567298105 17.994 75.3 0.03
1.0 0.7288135593220338 17.994 73.1 0.04
1.0 0.6999002991026919 17.994 70.2 0.05
1.0 0.6590229312063809 17.994 66.1 0.060000000000000005
1.0 0.6590229312063809 17.994 66.1 0.07
1.0 0.646061814556331 17.994 64.8 0.08
1.0 0.6291126620139581 17.994 63.1 0.09
1.0 0.6161515453639083 17.994 61.8 0.09999999999999999
1.0 0.6071784646061814 17.994 60.9 0.10999999999999999
1.0 0.6011964107676969 17.994 60.3 0.11999999999999998
1.0 0.5912263210368893 17.994 59.3 0.12999999999999998
1.0 0.5772681954137587 17.994 57.9 0.13999999999999999
1.0 0.5672981056829511 17.994 56.9 0.15
1.0 0.559322033898305 17.994 56.1 0.16
1.0 0.5483549351944168 17.994 55.0 0.17
1.0 0.5284147557328016 17.994 53.0 0.18000000000000002
1.0 0.514456630109671 17.994 51.6 0.19000000000000003
1.0 0.5024925224327019 17.994 50.4 0.20000000000000004
1.0 0.4945164506480558 17.994 49.6 0.21000000000000005
1.0 0.4865403788634098 17.994 48.8 0.22000000000000006
1.0 0.47756729810568294 17.994 47.9 0.23000000000000007
1.0 0.47557328015952144 17.994 47.7 0.24000000000000007
1.0 0.47258225324027914 17.994 47.4 0.25000000000000006
1.0 0.4666001994017946 17.994 46.8 0.26000000000000006
1.0 0.46360917248255235 17.994 46.5 0.2700000000000001
1.0 0.46061814556331004 17.994 46.2 0.2800000000000001
1.0 0.45862412761714855 17.994 46.0 0.2900000000000001
1.0 0.4576271186440678 17.994 45.9 0.3000000000000001
1.0 0.4556331006979063 17.994 45.7 0.3100000000000001
1.0 0.4556331006979063 17.994 45.7 0.3200000000000001
1.0 0.452642073778664 17.994 45.4 0.3300000000000001
1.0 0.45164506480558325 17.994 45.3 0.34000000000000014
1.0 0.44965104685942175 17.994 45.1 0.35000000000000014
1.0 0.43768693918245266 17.994 43.9 0.36000000000000015
1.0 0.43270189431704886 17.994 43.4 0.37000000000000016
1.0 0.4317048853439681 17.994 43.3 0.38000000000000017
1.0 0.42971086739780656 17.994 43.1 0.3900000000000002
1.0 0.419740777666999 17.994 42.1 0.4000000000000002
1.0 0.4057826520438684 17.994 40.7 0.4100000000000002
1.0 0.39282153539381853 17.994 39.4 0.4200000000000002
1.0 0.37886340977068794 17.994 38.0 0.4300000000000002
1.0 0.36689930209371885 17.994 36.8 0.4400000000000002
1.0 0.3559322033898305 17.994 35.7 0.45000000000000023
1.0 0.3469591226321037 17.994 34.8 0.46000000000000024
1.0 0.3389830508474576 17.994 34.0 0.47000000000000025
1.0 0.33100697906281157 17.994 33.2 0.48000000000000026
1.0 0.32602193419740777 17.994 32.7 0.49000000000000027
1.0 0.3190428713858425 17.994 32.0 0.5000000000000002
1.0 0.31106679960119643 17.994 31.2 0.5100000000000002
1.0 0.30807577268195413 17.994 30.9 0.5200000000000002
1.0 0.3050847457627119 17.994 30.6 0.5300000000000002
1.0 0.3050847457627119 17.994 30.6 0.5400000000000003
1.0 0.30309072781655033 17.994 30.4 0.5500000000000003
1.0 0.30109670987038883 17.994 30.2 0.5600000000000003
1.0 0.3000997008973081 17.994 30.1 0.5700000000000003
1.0 0.29910269192422734 17.994 30.0 0.5800000000000003
1.0 0.2971086739780658 17.994 29.8 0.5900000000000003
1.0 0.29611166500498504 17.994 29.7 0.6000000000000003
1.0 0.2951146560319043 17.994 29.6 0.6100000000000003
1.0 0.292123629112662 17.994 29.3 0.6200000000000003
1.0 0.29112662013958124 17.994 29.2 0.6300000000000003
1.0 0.288135593220339 17.994 28.9 0.6400000000000003
1.0 0.28713858424725824 17.994 28.8 0.6500000000000004
1.0 0.2761714855433699 17.994 27.7 0.6600000000000004
1.0 0.2731804586241276 17.994 27.4 0.6700000000000004
1.0 0.26520438683948155 17.994 26.6 0.6800000000000004
1.0 0.2572283150548355 17.994 25.8 0.6900000000000004
1.0 0.24925224327018944 17.994 25.0 0.7000000000000004
1.0 0.2333000997008973 17.994 23.4 0.7100000000000004
1.0 0.21036889332003988 17.994 21.1 0.7200000000000004
1.0 0.18843469591226322 17.994 18.9 0.7300000000000004
1.0 0.17547357926221335 17.994 17.6 0.7400000000000004
1.0 0.1625124626121635 17.994 16.3 0.7500000000000004
1.0 0.15154536390827517 17.994 15.2 0.7600000000000005
1.0 0.1415752741774676 17.994 14.2 0.7700000000000005
1.0 0.1365902293120638 17.994 13.7 0.7800000000000005
1.0 0.12163509471585245 17.994 12.2 0.7900000000000005
0.999888851839502 0.11266201395812563 17.992 11.3 0.8000000000000005
0.999888851839502 0.1106679960119641 17.992 11.1 0.8100000000000005
0.999888851839502 0.10867397806580259 17.992 10.9 0.8200000000000005
0.9997777036790041 0.10568295114656032 17.99 10.6 0.8300000000000005
0.9993331110370124 0.10269192422731804 17.982 10.3 0.8400000000000005
0.9984439257530288 0.1016949152542373 17.966 10.2 0.8500000000000005
0.9974435923085473 0.09571286141575275 17.948 9.6 0.8600000000000005
0.9964432588640658 0.08773678963110668 17.93 8.8 0.8700000000000006
0.9955540735800823 0.08175473579262213 17.914 8.2 0.8800000000000006
0.9946648882960987 0.07577268195413758 17.898 7.6 0.8900000000000006
0.9925530732466378 0.06281156530408774 17.86 6.3 0.9000000000000006
0.990107813715683 0.05084745762711865 17.816 5.1 0.9100000000000006
0.9883294431477159 0.04386839481555334 17.784 4.4 0.9200000000000006
0.9867733689007447 0.03290129611166501 17.756 3.3 0.9300000000000006
0.9852172946537735 0.0259222333000997 17.728 2.6 0.9400000000000006
0.9836612204068023 0.022931206380857428 17.7 2.3 0.9500000000000006
0.9808825163943536 0.020937188434695914 17.65 2.1 0.9600000000000006
0.9758808491719462 0.019940179461615155 17.56 2.0 0.9700000000000006
0.9657663665666333 0.019940179461615155 17.378 2.0 0.9800000000000006
0.9374235856396577 0.019940179461615155 16.868 2.0 0.9900000000000007
0.0 0.0 0.0 0.0
