1.0 1.0 44.985 66.86666666666666 0.0
1.0 0.9800598205383848 44.985 65.53333333333333 0.01
1.0 0.9511465603190429 44.985 63.6 0.02
1.0 0.93419740777667 44.985 62.46666666666667 0.03
1.0 0.9162512462612163 44.985 61.266666666666666 0.04
1.0 0.9042871385842473 44.985 60.46666666666667 0.05
1.0 0.8763708873379861 44.985 58.6 0.060000000000000005
1.0 0.8763708873379861 44.985 58.6 0.07
1.0 0.8604187437686939 44.985 57.53333333333333 0.08
1.0 0.847457627118644 44.985 56.666666666666664 0.09
1.0 0.8454636091724825 44.985 56.53333333333333 0.09999999999999999
1.0 0.843469591226321 44.985 56.4 0.10999999999999999
1.0 0.8354935194416749 44.985 55.86666666666667 0.11999999999999998
1.0 0.827517447657029 44.985 55.333333333333336 0.12999999999999998
1.0 0.8235294117647058 44.985 55.06666666666667 0.13999999999999999
1.0 0.8195413758723828 44.985 54.8 0.15
1.0 0.8155533399800599 44.985 54.53333333333333 0.16
1.0 0.810568295114656 44.985 54.2 0.17
1.0 0.8005982053838484 44.985 53.53333333333333 0.18000000000000002
1.0 0.7936191425722832 44.985 53.06666666666667 0.19000000000000003
1.0 0.7886340977068793 44.985 52.733333333333334 0.20000000000000004
1.0 0.7836490528414756 44.985 52.4 0.21000000000000005
1.0 0.7816550348953141 44.985 52.266666666666666 0.22000000000000006
1.0 0.7786640079760718 44.985 52.06666666666667 0.23000000000000007
1.0 0.7746759720837487 44.985 51.8 0.24000000000000007
1.0 0.773678963110668 44.985 51.733333333333334 0.25000000000000006
1.0 0.7726819541375872 44.985 51.666666666666664 0.26000000000000006
1.0 0.7706879361914257 44.985 51.53333333333333 0.2700000000000001
1.0 0.769690927218345 44.985 51.46666666666667 0.2800000000000001
1.0 0.7666999002991027 44.985 51.266666666666666 0.2900000000000001
1.0 0.7647058823529411 44.985 51.13333333333333 0.3000000000000001
1.0 0.7627118644067796 44.985 51.0 0.3100000000000001
1.0 0.7617148554336989 44.985 50.93333333333333 0.3200000000000001
1.0 0.7617148554336989 44.985 50.93333333333333 0.3300000000000001
1.0 0.7607178464606181 44.985 50.86666666666667 0.34000000000000014
1.0 0.7567298105682951 44.985 50.6 0.35000000000000014
1.0 0.7547357926221336 44.985 50.46666666666667 0.36000000000000015
1.0 0.7507477567298105 44.985 50.2 0.37000000000000016
1.0 0.7477567298105683 44.985 50.0 0.38000000000000017
1.0 0.744765702891326 44.985 49.8 0.3900000000000002
1.0 0.7417746759720838 44.985 49.6 0.4000000000000002
1.0 0.7347956131605184 44.985 49.13333333333333 0.4100000000000002
1.0 0.7238285144566301 44.985 48.4 0.4200000000000002
1.0 0.7178464606181456 44.985 48.0 0.4300000000000002
1.0 0.7088733798604188 44.985 47.4 0.4400000000000002
1.0 0.7018943170488534 44.985 46.93333333333333 0.45000000000000023
1.0 0.6949152542372882 44.985 46.46666666666667 0.46000000000000024
1.0 0.6879361914257228 44.985 46.0 0.47000000000000025
1.0 0.6799601196410767 44.985 45.46666666666667 0.48000000000000026
1.0 0.6669990029910269 44.985 44.6 0.49000000000000027
1.0 0.6610169491525424 44.985 44.2 0.5000000000000002
1.0 0.6590229312063809 44.985 44.06666666666667 0.5100000000000002
1.0 0.6570289132602194 44.985 43.93333333333333 0.5200000000000002
1.0 0.6530408773678963 44.985 43.666666666666664 0.5300000000000002
1.0 0.6490528414755733 44.985 43.4 0.5400000000000003
1.0 0.646061814556331 44.985 43.2 0.5500000000000003
1.0 0.6430707876370887 44.985 43.0 0.5600000000000003
1.0 0.6420737786640079 44.985 42.93333333333333 0.5700000000000003
1.0 0.6420737786640079 44.985 42.93333333333333 0.5800000000000003
1.0 0.6420737786640079 44.985 42.93333333333333 0.5900000000000003
1.0 0.6410767696909272 44.985 42.86666666666667 0.6000000000000003
1.0 0.638085742771685 44.985 42.666666666666664 0.6100000000000003
1.0 0.6350947158524427 44.985 42.46666666666667 0.6200000000000003
1.0 0.6331006979062812 44.985 42.333333333333336 0.6300000000000003
1.0 0.6291126620139581 44.985 42.06666666666667 0.6400000000000003
1.0 0.6241276171485544 44.985 41.733333333333334 0.6500000000000004
1.0 0.613160518444666 44.985 41.0 0.6600000000000004
1.0 0.6041874376869392 44.985 40.4 0.6700000000000004
1.0 0.5982053838484547 44.985 40.0 0.6800000000000004
1.0 0.5792622133599202 44.985 38.733333333333334 0.6900000000000004
1.0 0.5672981056829511 44.985 37.93333333333333 0.7000000000000004
1.0 0.555333998005982 44.985 37.13333333333333 0.7100000000000004
1.0 0.5343968095712861 44.985 35.733333333333334 0.7200000000000004
1.0 0.5134596211365903 44.985 34.333333333333336 0.7300000000000004
1.0 0.5004985044865404 44.985 33.46666666666667 0.7400000000000004
1.0 0.4865403788634098 44.985 32.53333333333333 0.7500000000000004
1.0 0.47058823529411764 44.985 31.466666666666665 0.7600000000000005
1.0 0.45862412761714855 44.985 30.666666666666668 0.7700000000000005
1.0 0.44965104685942175 44.985 30.066666666666666 0.7800000000000005
0.999888851839502 0.43968095712861416 44.98 29.4 0.7900000000000005
0.9997777036790041 0.4356929212362911 44.975 29.133333333333333 0.8000000000000005
0.9992219628765144 0.4267198404785643 44.95 28.533333333333335 0.8100000000000005
0.998110481271535 0.42073778664007977 44.9 28.133333333333333 0.8200000000000005
0.995887518061576 0.4137587238285145 44.8 27.666666666666668 0.8300000000000005
0.9926642214071357 0.4067796610169492 44.655 27.2 0.8400000000000005
0.9875514060242303 0.3988035892323031 44.425 26.666666666666668 0.8500000000000005
0.9807713682338557 0.3818544366899302 44.12 25.533333333333335 0.8600000000000005
0.9662109592086251 0.36490528414755735 43.465 24.4 0.8700000000000006
0.9494275869734355 0.3439680957128614 42.71 23.0 0.8800000000000006
0.9293097699233077 0.325024925224327 41.805 21.733333333333334 0.8900000000000006
0.907080137823719 0.29112662013958124 40.805 19.466666666666665 0.9000000000000006
0.8864065799711015 0.26021934197407776 39.875 17.4 0.9100000000000006
0.8674002445259531 0.23230309072781655 39.02 15.533333333333333 0.9200000000000006
0.8532844281427142 0.21036889332003988 38.385 14.066666666666666 0.9300000000000006
0.8409469823274425 0.18943170488534397 37.83 12.666666666666666 0.9400000000000006
0.8317216850061131 0.17647058823529413 37.415 11.8 0.9500000000000006
0.8228298321662777 0.16550348953140578 37.015 11.066666666666666 0.9600000000000006
0.81027009003001 0.1465603190428714 36.45 9.8 0.9700000000000006
0.7821496054240302 0.12362911266201396 35.185 8.266666666666667 0.9800000000000006
0.7004557074580415 0.07776669990029911 31.51 5.2 0.9900000000000007
0.0 0.0 0.0 0.0
