1.0 1.0 17.994 22.288888888888888 0.0
1.0 0.86839481555334 17.994 19.355555555555554 0.01
1.0 0.7637088733798604 17.994 17.022222222222222 0.02
1.0 0.711864406779661 17.994 15.866666666666667 0.03
1.0 0.6630109670987039 17.994 14.777777777777779 0.04
1.0 0.646061814556331 17.994 14.4 0.05
1.0 0.609172482552343 17.994 13.577777777777778 0.060000000000000005
1.0 0.609172482552343 17.994 13.577777777777778 0.07
1.0 0.5882352941176471 17.994 13.11111111111111 0.08
1.0 0.5712861415752741 17.994 12.733333333333333 0.09
1.0 0.5633100697906281 17.994 12.555555555555555 0.09999999999999999
1.0 0.5523429710867398 17.994 12.311111111111112 0.10999999999999999
1.0 0.5423728813559322 17.994 12.088888888888889 0.11999999999999998
1.0 0.5373878364905285 17.994 11.977777777777778 0.12999999999999998
1.0 0.5314057826520439 17.994 11.844444444444445 0.13999999999999999
1.0 0.5244267198404786 17.994 11.688888888888888 0.15
1.0 0.5134596211365903 17.994 11.444444444444445 0.16
1.0 0.5064805583250249 17.994 11.28888888888889 0.17
1.0 0.48454636091724823 17.994 10.8 0.18000000000000002
1.0 0.47058823529411764 17.994 10.488888888888889 0.19000000000000003
1.0 0.4646061814556331 17.994 10.355555555555556 0.20000000000000004
1.0 0.4436689930209372 17.994 9.88888888888889 0.21000000000000005
1.0 0.43768693918245266 17.994 9.755555555555556 0.22000000000000006
1.0 0.4287138584247258 17.994 9.555555555555555 0.23000000000000007
1.0 0.42073778664007977 17.994 9.377777777777778 0.24000000000000007
1.0 0.41774675972083747 17.994 9.311111111111112 0.25000000000000006
1.0 0.41575274177467597 17.994 9.266666666666667 0.26000000000000006
1.0 0.4117647058823529 17.994 9.177777777777777 0.2700000000000001
1.0 0.4097706879361914 17.994 9.133333333333333 0.2800000000000001
1.0 0.4087736789631107 17.994 9.11111111111111 0.2900000000000001
1.0 0.4047856430707876 17.994 9.022222222222222 0.3000000000000001
1.0 0.40279162512462613 17.994 8.977777777777778 0.3100000000000001
1.0 0.40079760717846463 17.994 8.933333333333334 0.3200000000000001
1.0 0.39980059820538383 17.994 8.911111111111111 0.3300000000000001
1.0 0.3988035892323031 17.994 8.88888888888889 0.34000000000000014
1.0 0.39581256231306083 17.994 8.822222222222223 0.35000000000000014
1.0 0.3898305084745763 17.994 8.688888888888888 0.36000000000000015
1.0 0.3798604187437687 17.994 8.466666666666667 0.37000000000000016
1.0 0.37587238285144564 17.994 8.377777777777778 0.38000000000000017
1.0 0.36889332003988035 17.994 8.222222222222221 0.3900000000000002
1.0 0.36490528414755735 17.994 8.133333333333333 0.4000000000000002
1.0 0.3559322033898305 17.994 7.933333333333334 0.4100000000000002
1.0 0.34097706879361916 17.994 7.6 0.4200000000000002
1.0 0.32901296111665007 17.994 7.333333333333333 0.4300000000000002
1.0 0.3160518444666002 17.994 7.044444444444444 0.4400000000000002
1.0 0.30608175473579263 17.994 6.822222222222222 0.45000000000000023
1.0 0.29611166500498504 17.994 6.6 0.46000000000000024
1.0 0.2851445663010967 17.994 6.355555555555555 0.47000000000000025
1.0 0.27517447657028915 17.994 6.133333333333334 0.48000000000000026
1.0 0.26819541375872386 17.994 5.977777777777778 0.49000000000000027
1.0 0.26520438683948155 17.994 5.911111111111111 0.5000000000000002
1.0 0.2622133599202393 17.994 5.844444444444444 0.5100000000000002
1.0 0.2612163509471585 17.994 5.822222222222222 0.5200000000000002
1.0 0.2572283150548355 17.994 5.733333333333333 0.5300000000000002
1.0 0.25523429710867396 17.994 5.688888888888889 0.5400000000000003
1.0 0.2522432701894317 17.994 5.622222222222222 0.5500000000000003
1.0 0.24925224327018944 17.994 5.555555555555555 0.5600000000000003
1.0 0.2472582253240279 17.994 5.511111111111111 0.5700000000000003
1.0 0.24127617148554337 17.994 5.377777777777778 0.5800000000000003
1.0 0.23928215353938184 17.994 5.333333333333333 0.5900000000000003
1.0 0.23928215353938184 17.994 5.333333333333333 0.6000000000000003
1.0 0.23429710867397807 17.994 5.222222222222222 0.6100000000000003
1.0 0.2333000997008973 17.994 5.2 0.6200000000000003
1.0 0.2313060817547358 17.994 5.155555555555556 0.6300000000000003
1.0 0.22831505483549352 17.994 5.088888888888889 0.6400000000000003
1.0 0.22731804586241275 17.994 5.066666666666666 0.6500000000000004
1.0 0.22432701894317048 17.994 5.0 0.6600000000000004
1.0 0.21635094715852443 17.994 4.822222222222222 0.6700000000000004
1.0 0.20937188434695914 17.994 4.666666666666667 0.6800000000000004
1.0 0.19740777666999004 17.994 4.4 0.6900000000000004
1.0 0.19042871385842472 17.994 4.2444444444444445 0.7000000000000004
1.0 0.1794616151545364 17.994 4.0 0.7100000000000004
1.0 0.1585244267198405 17.994 3.533333333333333 0.7200000000000004
1.0 0.15054835493519442 17.994 3.3555555555555556 0.7300000000000004
1.0 0.14356929212362912 17.994 3.2 0.7400000000000004
1.0 0.13359920239282153 17.994 2.977777777777778 0.7500000000000004
1.0 0.12462612163509472 17.994 2.7777777777777777 0.7600000000000005
1.0 0.11764705882352941 17.994 2.6222222222222222 0.7700000000000005
1.0 0.10967098703888335 17.994 2.4444444444444446 0.7800000000000005
1.0 0.10468594217347957 17.994 2.3333333333333335 0.7900000000000005
1.0 0.10069790628115653 17.994 2.2444444444444445 0.8000000000000005
0.999888851839502 0.09371884346959122 17.992 2.088888888888889 0.8100000000000005
0.999888851839502 0.09072781655034895 17.992 2.022222222222222 0.8200000000000005
0.9997777036790041 0.08673978065802593 17.99 1.9333333333333333 0.8300000000000005
0.9997777036790041 0.08275174476570289 17.99 1.8444444444444446 0.8400000000000005
0.9992219628765144 0.07876370887337986 17.98 1.7555555555555555 0.8500000000000005
0.9991108147160165 0.07377866400797607 17.978 1.6444444444444444 0.8600000000000005
0.9982216294320329 0.06779661016949153 17.962 1.511111111111111 0.8700000000000006
0.9971101478270534 0.06480558325024925 17.942 1.4444444444444444 0.8800000000000006
0.9952206290985884 0.054835493519441676 17.908 1.2222222222222223 0.8900000000000006
0.9936645548516172 0.0448654037886341 17.88 1.0 0.9000000000000006
0.9922196287651439 0.038883349950149554 17.854 0.8666666666666667 0.9100000000000006
0.9909969989996665 0.03389830508474576 17.832 0.7555555555555555 0.9200000000000006
0.9897743692341892 0.026919242273180457 17.81 0.6 0.9300000000000006
0.9881071468267201 0.023928215353938187 17.78 0.5333333333333333 0.9400000000000006
0.9868845170612426 0.02193419740777667 17.758 0.4888888888888889 0.9500000000000006
0.9857730354562632 0.019940179461615155 17.738 0.4444444444444444 0.9600000000000006
0.9826608869623208 0.019940179461615155 17.682 0.4444444444444444 0.9700000000000006
0.9768811826164276 0.019940179461615155 17.578 0.4444444444444444 0.9800000000000006
0.954429254195843 0.019940179461615155 17.174 0.4444444444444444 0.9900000000000007
0.0 0.0 0.0 0.0
