1.0 1.0 9.996666666666666 Infinity 0.0
1.0 0.5702891326021934 9.996666666666666 Infinity 0.01
1.0 0.44167497507477566 9.996666666666666 Infinity 0.02
1.0 0.3848454636091725 9.996666666666666 Infinity 0.03
1.0 0.36191425722831505 9.996666666666666 Infinity 0.04
1.0 0.33798604187437686 9.996666666666666 Infinity 0.05
1.0 0.2901296111665005 9.996666666666666 Infinity 0.060000000000000005
1.0 0.2901296111665005 9.996666666666666 Infinity 0.07
1.0 0.26719840478564305 9.996666666666666 Infinity 0.08
1.0 0.25324027916251246 9.996666666666666 Infinity 0.09
1.0 0.2382851445663011 9.996666666666666 Infinity 0.09999999999999999
1.0 0.23030907278165502 9.996666666666666 Infinity 0.10999999999999999
1.0 0.22532402791625125 9.996666666666666 Infinity 0.11999999999999998
1.0 0.2143569292123629 9.996666666666666 Infinity 0.12999999999999998
1.0 0.20937188434695914 9.996666666666666 Infinity 0.13999999999999999
1.0 0.2023928215353938 9.996666666666666 Infinity 0.15
1.0 0.19740777666999004 9.996666666666666 Infinity 0.16
1.0 0.19242273180458624 9.996666666666666 Infinity 0.17
1.0 0.17647058823529413 9.996666666666666 Infinity 0.18000000000000002
1.0 0.1674975074775673 9.996666666666666 Infinity 0.19000000000000003
1.0 0.1585244267198405 9.996666666666666 Infinity 0.20000000000000004
1.0 0.15054835493519442 9.996666666666666 Infinity 0.21000000000000005
1.0 0.13958125623130607 9.996666666666666 Infinity 0.22000000000000006
1.0 0.1365902293120638 9.996666666666666 Infinity 0.23000000000000007
1.0 0.13060817547357925 9.996666666666666 Infinity 0.24000000000000007
1.0 0.12761714855433698 9.996666666666666 Infinity 0.25000000000000006
1.0 0.1226321036889332 9.996666666666666 Infinity 0.26000000000000006
1.0 0.11964107676969092 9.996666666666666 Infinity 0.2700000000000001
1.0 0.11764705882352941 9.996666666666666 Infinity 0.2800000000000001
1.0 0.11665004985044865 9.996666666666666 Infinity 0.2900000000000001
1.0 0.11365902293120637 9.996666666666666 Infinity 0.3000000000000001
1.0 0.11266201395812563 9.996666666666666 Infinity 0.3100000000000001
1.0 0.10867397806580259 9.996666666666666 Infinity 0.3200000000000001
1.0 0.10667996011964108 9.996666666666666 Infinity 0.3300000000000001
1.0 0.10568295114656032 9.996666666666666 Infinity 0.34000000000000014
1.0 0.10269192422731804 9.996666666666666 Infinity 0.35000000000000014
1.0 0.09970089730807577 9.996666666666666 Infinity 0.36000000000000015
1.0 0.0967098703888335 9.996666666666666 Infinity 0.37000000000000016
1.0 0.09371884346959122 9.996666666666666 Infinity 0.38000000000000017
1.0 0.0897308075772682 9.996666666666666 Infinity 0.3900000000000002
1.0 0.08574277168494517 9.996666666666666 Infinity 0.4000000000000002
1.0 0.08374875373878365 9.996666666666666 Infinity 0.4100000000000002
1.0 0.07976071784646062 9.996666666666666 Infinity 0.4200000000000002
1.0 0.07776669990029911 9.996666666666666 Infinity 0.4300000000000002
1.0 0.07178464606181456 9.996666666666666 Infinity 0.4400000000000002
1.0 0.06480558325024925 9.996666666666666 Infinity 0.45000000000000023
1.0 0.06081754735792622 9.996666666666666 Infinity 0.46000000000000024
1.0 0.058823529411764705 9.996666666666666 Infinity 0.47000000000000025
1.0 0.054835493519441676 9.996666666666666 Infinity 0.48000000000000026
1.0 0.053838484546360914 9.996666666666666 Infinity 0.49000000000000027
1.0 0.053838484546360914 9.996666666666666 Infinity 0.5000000000000002
1.0 0.05284147557328016 9.996666666666666 Infinity 0.5100000000000002
1.0 0.05084745762711865 9.996666666666666 Infinity 0.5200000000000002
1.0 0.049850448654037885 9.996666666666666 Infinity 0.5300000000000002
1.0 0.04885343968095713 9.996666666666666 Infinity 0.5400000000000003
1.0 0.04885343968095713 9.996666666666666 Infinity 0.5500000000000003
1.0 0.04685942173479561 9.996666666666666 Infinity 0.5600000000000003
1.0 0.045862412761714856 9.996666666666666 Infinity 0.5700000000000003
1.0 0.045862412761714856 9.996666666666666 Infinity 0.5800000000000003
1.0 0.0448654037886341 9.996666666666666 Infinity 0.5900000000000003
1.0 0.0448654037886341 9.996666666666666 Infinity 0.6000000000000003
1.0 0.04287138584247258 9.996666666666666 Infinity 0.6100000000000003
1.0 0.040877367896311065 9.996666666666666 Infinity 0.6200000000000003
1.0 0.03988035892323031 9.996666666666666 Infinity 0.6300000000000003
1.0 0.038883349950149554 9.996666666666666 Infinity 0.6400000000000003
1.0 0.036889332003988036 9.996666666666666 Infinity 0.6500000000000004
1.0 0.03489531405782652 9.996666666666666 Infinity 0.6600000000000004
1.0 0.03290129611166501 9.996666666666666 Infinity 0.6700000000000004
1.0 0.03090727816550349 9.996666666666666 Infinity 0.6800000000000004
1.0 0.03090727816550349 9.996666666666666 Infinity 0.6900000000000004
1.0 0.028913260219341975 9.996666666666666 Infinity 0.7000000000000004
1.0 0.023928215353938187 9.996666666666666 Infinity 0.7100000000000004
1.0 0.020937188434695914 9.996666666666666 Infinity 0.7200000000000004
1.0 0.01694915254237288 9.996666666666666 Infinity 0.7300000000000004
1.0 0.013958125623130608 9.996666666666666 Infinity 0.7400000000000004
1.0 0.011964107676969093 9.996666666666666 Infinity 0.7500000000000004
1.0 0.011964107676969093 9.996666666666666 Infinity 0.7600000000000005
1.0 0.009970089730807577 9.996666666666666 Infinity 0.7700000000000005
1.0 0.007976071784646061 9.996666666666666 Infinity 0.7800000000000005
1.0 0.006979062811565304 9.996666666666666 Infinity 0.7900000000000005
1.0 0.006979062811565304 9.996666666666666 Infinity 0.8000000000000005
1.0 0.006979062811565304 9.996666666666666 Infinity 0.8100000000000005
1.0 0.006979062811565304 9.996666666666666 Infinity 0.8200000000000005
1.0 0.006979062811565304 9.996666666666666 Infinity 0.8300000000000005
1.0 0.006979062811565304 9.996666666666666 Infinity 0.8400000000000005
1.0 0.006979062811565304 9.996666666666666 Infinity 0.8500000000000005
0.999888851839502 0.005982053838484547 9.995555555555555 Infinity 0.8600000000000005
0.999888851839502 0.004985044865403789 9.995555555555555 Infinity 0.8700000000000006
0.9997777036790041 0.004985044865403789 9.994444444444444 Infinity 0.8800000000000006
0.9997777036790041 0.003988035892323031 9.994444444444444 Infinity 0.8900000000000006
0.9996665555185061 0.003988035892323031 9.993333333333334 Infinity 0.9000000000000006
0.9995554073580082 0.0029910269192422734 9.992222222222223 Infinity 0.9100000000000006
0.9995554073580082 0.0019940179461615153 9.992222222222223 Infinity 0.9200000000000006
0.9994442591975102 0.0 9.991111111111111 NaN 0.9300000000000006
0.9993331110370124 0.0 9.99 NaN 0.9400000000000006
0.9993331110370124 0.0 9.99 NaN 0.9500000000000006
0.9991108147160165 0.0 9.987777777777778 NaN 0.9600000000000006
0.9989996665555185 0.0 9.986666666666666 NaN 0.9700000000000006
0.9976658886295432 0.0 9.973333333333333 NaN 0.9800000000000006
0.9956652217405801 0.0 9.953333333333333 NaN 0.9900000000000007
0.0 0.0 0.0 0.0
