1.0 1.0 17.994 20.06 0.0
1.0 0.8424725822532403 17.994 16.9 0.01
1.0 0.7347956131605184 17.994 14.74 0.02
1.0 0.6929212362911267 17.994 13.9 0.03
1.0 0.67098703888335 17.994 13.46 0.04
1.0 0.650049850448654 17.994 13.04 0.05
1.0 0.6121635094715853 17.994 12.28 0.060000000000000005
1.0 0.6121635094715853 17.994 12.28 0.07
1.0 0.6031904287138584 17.994 12.1 0.08
1.0 0.5912263210368893 17.994 11.86 0.09
1.0 0.576271186440678 17.994 11.56 0.09999999999999999
1.0 0.5672981056829511 17.994 11.38 0.10999999999999999
1.0 0.5583250249252243 17.994 11.2 0.11999999999999998
1.0 0.5503489531405783 17.994 11.04 0.12999999999999998
1.0 0.5443668993020937 17.994 10.92 0.13999999999999999
1.0 0.5383848454636092 17.994 10.8 0.15
1.0 0.5343968095712861 17.994 10.72 0.16
1.0 0.5324027916251246 17.994 10.68 0.17
1.0 0.514456630109671 17.994 10.32 0.18000000000000002
1.0 0.5024925224327019 17.994 10.08 0.19000000000000003
1.0 0.4945164506480558 17.994 9.92 0.20000000000000004
1.0 0.4865403788634098 17.994 9.76 0.21000000000000005
1.0 0.4785643070787637 17.994 9.6 0.22000000000000006
1.0 0.47058823529411764 17.994 9.44 0.23000000000000007
1.0 0.4626121635094716 17.994 9.28 0.24000000000000007
1.0 0.4596211365902293 17.994 9.22 0.25000000000000006
1.0 0.45663010967098705 17.994 9.16 0.26000000000000006
1.0 0.45164506480558325 17.994 9.06 0.2700000000000001
1.0 0.4476570289132602 17.994 8.98 0.2800000000000001
1.0 0.4456630109670987 17.994 8.94 0.2900000000000001
1.0 0.44167497507477566 17.994 8.86 0.3000000000000001
1.0 0.4386839481555334 17.994 8.8 0.3100000000000001
1.0 0.4356929212362911 17.994 8.74 0.3200000000000001
1.0 0.43270189431704886 17.994 8.68 0.3300000000000001
1.0 0.43270189431704886 17.994 8.68 0.34000000000000014
1.0 0.42971086739780656 17.994 8.62 0.35000000000000014
1.0 0.4267198404785643 17.994 8.56 0.36000000000000015
1.0 0.423728813559322 17.994 8.5 0.37000000000000016
1.0 0.4147557328015952 17.994 8.32 0.38000000000000017
1.0 0.4067796610169492 17.994 8.16 0.3900000000000002
1.0 0.40079760717846463 17.994 8.04 0.4000000000000002
1.0 0.39282153539381853 17.994 7.88 0.4100000000000002
1.0 0.37686939182452645 17.994 7.56 0.4200000000000002
1.0 0.36390827517447655 17.994 7.3 0.4300000000000002
1.0 0.353938185443669 17.994 7.1 0.4400000000000002
1.0 0.34297108673978066 17.994 6.88 0.45000000000000023
1.0 0.3349950149551346 17.994 6.72 0.46000000000000024
1.0 0.32901296111665007 17.994 6.6 0.47000000000000025
1.0 0.3190428713858425 17.994 6.4 0.48000000000000026
1.0 0.3150548354935194 17.994 6.32 0.49000000000000027
1.0 0.31106679960119643 17.994 6.24 0.5000000000000002
1.0 0.3090727816550349 17.994 6.2 0.5100000000000002
1.0 0.30608175473579263 17.994 6.14 0.5200000000000002
1.0 0.3040877367896311 17.994 6.1 0.5300000000000002
1.0 0.30309072781655033 17.994 6.08 0.5400000000000003
1.0 0.29810568295114653 17.994 5.98 0.5500000000000003
1.0 0.29611166500498504 17.994 5.94 0.5600000000000003
1.0 0.29611166500498504 17.994 5.94 0.5700000000000003
1.0 0.2931206380857428 17.994 5.88 0.5800000000000003
1.0 0.2901296111665005 17.994 5.82 0.5900000000000003
1.0 0.28713858424725824 17.994 5.76 0.6000000000000003
1.0 0.28614157527417744 17.994 5.74 0.6100000000000003
1.0 0.2811565304087737 17.994 5.64 0.6200000000000003
1.0 0.28015952143569295 17.994 5.62 0.6300000000000003
1.0 0.27716849451645065 17.994 5.56 0.6400000000000003
1.0 0.27517447657028915 17.994 5.52 0.6500000000000004
1.0 0.2691924227318046 17.994 5.4 0.6600000000000004
1.0 0.26321036889332006 17.994 5.28 0.6700000000000004
1.0 0.2522432701894317 17.994 5.06 0.6800000000000004
1.0 0.2452642073778664 17.994 4.92 0.6900000000000004
1.0 0.2382851445663011 17.994 4.78 0.7000000000000004
1.0 0.2313060817547358 17.994 4.64 0.7100000000000004
1.0 0.2193419740777667 17.994 4.4 0.7200000000000004
1.0 0.20638085742771686 17.994 4.14 0.7300000000000004
1.0 0.19042871385842472 17.994 3.82 0.7400000000000004
1.0 0.18444666001994017 17.994 3.7 0.7500000000000004
1.0 0.1744765702891326 17.994 3.5 0.7600000000000005
1.0 0.1674975074775673 17.994 3.36 0.7700000000000005
1.0 0.16151545363908276 17.994 3.24 0.7800000000000005
1.0 0.15653040877367896 17.994 3.14 0.7900000000000005
1.0 0.14955134596211367 17.994 3.0 0.8000000000000005
0.999888851839502 0.14456630109670987 17.992 2.9 0.8100000000000005
0.9995554073580082 0.14456630109670987 17.986 2.9 0.8200000000000005
0.9993331110370124 0.1415752741774676 17.982 2.84 0.8300000000000005
0.9992219628765144 0.13958125623130607 17.98 2.8 0.8400000000000005
0.9988885183950206 0.13758723828514458 17.974 2.76 0.8500000000000005
0.9978881849505391 0.13260219341974078 17.956 2.66 0.8600000000000005
0.9966655551850617 0.13060817547357925 17.934 2.62 0.8700000000000006
0.9949983327775925 0.12562313060817548 17.904 2.52 0.8800000000000006
0.9925530732466378 0.11964107676969092 17.86 2.4 0.8900000000000006
0.9894409247526953 0.10867397806580259 17.804 2.18 0.9000000000000006
0.9873291097032344 0.10069790628115653 17.766 2.02 0.9100000000000006
0.9845504056907858 0.09471585244267199 17.716 1.9 0.9200000000000006
0.9836612204068023 0.09371884346959122 17.7 1.88 0.9300000000000006
0.982216294320329 0.09072781655034895 17.674 1.82 0.9400000000000006
0.9816605535178393 0.08773678963110668 17.664 1.76 0.9500000000000006
0.9795487384683783 0.0847457627118644 17.626 1.7 0.9600000000000006
0.9768811826164276 0.0847457627118644 17.578 1.7 0.9700000000000006
0.9691008113815717 0.0847457627118644 17.438 1.7 0.9800000000000006
0.9455374013560076 0.0847457627118644 17.014 1.7 0.9900000000000007
0.0 0.0 0.0 0.0
