1.0 1.0 89.97 2.532828282828283 0.0
1.0 0.9990029910269193 89.97 2.5303030303030303 0.01
1.0 0.9870388833499502 89.97 2.5 0.02
1.0 0.9750747756729811 89.97 2.4696969696969697 0.03
1.0 0.9641076769690927 89.97 2.441919191919192 0.04
1.0 0.9571286141575274 89.97 2.4242424242424243 0.05
1.0 0.9461615154536391 89.97 2.3964646464646466 0.060000000000000005
1.0 0.9461615154536391 89.97 2.3964646464646466 0.07
1.0 0.9401794616151545 89.97 2.3813131313131315 0.08
1.0 0.9371884346959123 89.97 2.3737373737373737 0.09
1.0 0.9322033898305084 89.97 2.361111111111111 0.09999999999999999
1.0 0.9312063808574277 89.97 2.3585858585858586 0.10999999999999999
1.0 0.9272183449651047 89.97 2.3484848484848486 0.11999999999999998
1.0 0.9262213359920239 89.97 2.345959595959596 0.12999999999999998
1.0 0.9252243270189432 89.97 2.3434343434343434 0.13999999999999999
1.0 0.922233300099701 89.97 2.335858585858586 0.15
1.0 0.9182452642073778 89.97 2.3257575757575757 0.16
1.0 0.9142572283150548 89.97 2.3156565656565657 0.17
1.0 0.9072781655034895 89.97 2.297979797979798 0.18000000000000002
1.0 0.9042871385842473 89.97 2.29040404040404 0.19000000000000003
1.0 0.8993020937188435 89.97 2.2777777777777777 0.20000000000000004
1.0 0.8963110667996012 89.97 2.2702020202020203 0.21000000000000005
1.0 0.8953140578265204 89.97 2.2676767676767677 0.22000000000000006
1.0 0.8903290129611167 89.97 2.255050505050505 0.23000000000000007
1.0 0.8903290129611167 89.97 2.255050505050505 0.24000000000000007
1.0 0.8893320039880359 89.97 2.2525252525252526 0.25000000000000006
1.0 0.8883349950149552 89.97 2.25 0.26000000000000006
1.0 0.8883349950149552 89.97 2.25 0.2700000000000001
1.0 0.8883349950149552 89.97 2.25 0.2800000000000001
1.0 0.8863409770687937 89.97 2.244949494949495 0.2900000000000001
1.0 0.8843469591226321 89.97 2.23989898989899 0.3000000000000001
1.0 0.8843469591226321 89.97 2.23989898989899 0.3100000000000001
1.0 0.8843469591226321 89.97 2.23989898989899 0.3200000000000001
1.0 0.8843469591226321 89.97 2.23989898989899 0.3300000000000001
1.0 0.8833499501495513 89.97 2.2373737373737375 0.34000000000000014
1.0 0.8833499501495513 89.97 2.2373737373737375 0.35000000000000014
1.0 0.8823529411764706 89.97 2.234848484848485 0.36000000000000015
1.0 0.8803589232303091 89.97 2.2297979797979797 0.37000000000000016
1.0 0.8793619142572283 89.97 2.227272727272727 0.38000000000000017
1.0 0.8783649052841476 89.97 2.224747474747475 0.3900000000000002
1.0 0.8753738783649053 89.97 2.217171717171717 0.4000000000000002
1.0 0.8713858424725822 89.97 2.207070707070707 0.4100000000000002
1.0 0.86839481555334 89.97 2.1994949494949494 0.4200000000000002
1.0 0.8624127617148555 89.97 2.1843434343434343 0.4300000000000002
1.0 0.8574277168494516 89.97 2.1717171717171717 0.4400000000000002
1.0 0.8544366899302094 89.97 2.164141414141414 0.45000000000000023
1.0 0.8534396809571286 89.97 2.1616161616161618 0.46000000000000024
1.0 0.8514456630109671 89.97 2.1565656565656566 0.47000000000000025
1.0 0.8494516450648056 89.97 2.1515151515151514 0.48000000000000026
1.0 0.843469591226321 89.97 2.1363636363636362 0.49000000000000027
1.0 0.8414755732801595 89.97 2.1313131313131315 0.5000000000000002
1.0 0.8384845463609173 89.97 2.1237373737373737 0.5100000000000002
1.0 0.8384845463609173 89.97 2.1237373737373737 0.5200000000000002
1.0 0.8374875373878365 89.97 2.121212121212121 0.5300000000000002
1.0 0.8374875373878365 89.97 2.121212121212121 0.5400000000000003
1.0 0.8354935194416749 89.97 2.1161616161616164 0.5500000000000003
1.0 0.8344965104685942 89.97 2.1136363636363638 0.5600000000000003
1.0 0.8344965104685942 89.97 2.1136363636363638 0.5700000000000003
1.0 0.8344965104685942 89.97 2.1136363636363638 0.5800000000000003
1.0 0.8334995014955134 89.97 2.111111111111111 0.5900000000000003
1.0 0.8334995014955134 89.97 2.111111111111111 0.6000000000000003
1.0 0.8315054835493519 89.97 2.106060606060606 0.6100000000000003
1.0 0.8315054835493519 89.97 2.106060606060606 0.6200000000000003
1.0 0.827517447657029 89.97 2.095959595959596 0.6300000000000003
1.0 0.8225324027916251 89.97 2.0833333333333335 0.6400000000000003
1.0 0.8175473579262214 89.97 2.0707070707070705 0.6500000000000004
1.0 0.810568295114656 89.97 2.053030303030303 0.6600000000000004
1.0 0.8075772681954138 89.97 2.0454545454545454 0.6700000000000004
1.0 0.7976071784646062 89.97 2.0202020202020203 0.6800000000000004
1.0 0.7816550348953141 89.97 1.97979797979798 0.6900000000000004
1.0 0.7637088733798604 89.97 1.9343434343434343 0.7000000000000004
1.0 0.752741774675972 89.97 1.9065656565656566 0.7100000000000004
1.0 0.7337986041874377 89.97 1.8585858585858586 0.7200000000000004
1.0 0.715852442671984 89.97 1.8131313131313131 0.7300000000000004
1.0 0.6989032901296112 89.97 1.77020202020202 0.7400000000000004
1.0 0.6819541375872383 89.97 1.7272727272727273 0.7500000000000004
1.0 0.6669990029910269 89.97 1.6893939393939394 0.7600000000000005
0.999888851839502 0.6530408773678963 89.96 1.654040404040404 0.7700000000000005
0.9997777036790041 0.6410767696909272 89.95 1.6237373737373737 0.7800000000000005
0.9996665555185061 0.6311066799601196 89.94 1.5984848484848484 0.7900000000000005
0.9993331110370124 0.6271186440677966 89.91 1.5883838383838385 0.8000000000000005
0.9983327775925308 0.6231306081754736 89.82 1.5782828282828283 0.8100000000000005
0.9956652217405801 0.6201395812562313 89.58 1.5707070707070707 0.8200000000000005
0.9915527398021563 0.617148554336989 89.21 1.5631313131313131 0.8300000000000005
0.9827720351228187 0.6071784646061814 88.42 1.5378787878787878 0.8400000000000005
0.9687673669000778 0.6001994017946162 87.16 1.52020202020202 0.8500000000000005
0.9432032899855507 0.5543369890329013 84.86 1.404040404040404 0.8600000000000005
0.9108591752806491 0.5134596211365903 81.95 1.3005050505050506 0.8700000000000006
0.865510725797488 0.45663010967098705 77.87 1.1565656565656566 0.8800000000000006
0.8111592753139936 0.40279162512462613 72.98 1.02020202020202 0.8900000000000006
0.7494720462376347 0.3160518444666002 67.43 0.8005050505050505 0.9000000000000006
0.6877848171612759 0.22532402791625125 61.88 0.5707070707070707 0.9100000000000006
0.6388796265421808 0.15553339980059822 57.48 0.3939393939393939 0.9200000000000006
0.598866288762921 0.10667996011964108 53.88 0.2702020202020202 0.9300000000000006
0.5640769145270645 0.07976071784646062 50.75 0.20202020202020202 0.9400000000000006
0.5464043570078915 0.06380857427716849 49.16 0.16161616161616163 0.9500000000000006
0.5348449483161054 0.05284147557328016 48.12 0.13383838383838384 0.9600000000000006
0.5223963543403357 0.0518444666001994 47.0 0.13131313131313133 0.9700000000000006
0.49094142491941756 0.05084745762711865 44.17 0.12878787878787878 0.9800000000000006
0.3977992664221407 0.05084745762711865 35.79 0.12878787878787878 0.9900000000000007
0.0 0.0 0.0 0.0
