1.0 1.0 44.985 50.15 0.0
1.0 0.9840478564307079 44.985 49.35 0.01
1.0 0.9621136590229312 44.985 48.25 0.02
1.0 0.9441674975074775 44.985 47.35 0.03
1.0 0.9322033898305084 44.985 46.75 0.04
1.0 0.9202392821535393 44.985 46.15 0.05
1.0 0.901296111665005 44.985 45.2 0.060000000000000005
1.0 0.901296111665005 44.985 45.2 0.07
1.0 0.8943170488534397 44.985 44.85 0.08
1.0 0.8883349950149552 44.985 44.55 0.09
1.0 0.8803589232303091 44.985 44.15 0.09999999999999999
1.0 0.8763708873379861 44.985 43.95 0.10999999999999999
1.0 0.872382851445663 44.985 43.75 0.11999999999999998
1.0 0.8673978065802592 44.985 43.5 0.12999999999999998
1.0 0.8634097706879362 44.985 43.3 0.13999999999999999
1.0 0.8614157527417746 44.985 43.2 0.15
1.0 0.8574277168494516 44.985 43.0 0.16
1.0 0.8534396809571286 44.985 42.8 0.17
1.0 0.839481555333998 44.985 42.1 0.18000000000000002
1.0 0.8315054835493519 44.985 41.7 0.19000000000000003
1.0 0.8235294117647058 44.985 41.3 0.20000000000000004
1.0 0.8195413758723828 44.985 41.1 0.21000000000000005
1.0 0.8145563310069791 44.985 40.85 0.22000000000000006
1.0 0.8095712861415753 44.985 40.6 0.23000000000000007
1.0 0.806580259222333 44.985 40.45 0.24000000000000007
1.0 0.8045862412761715 44.985 40.35 0.25000000000000006
0.999888851839502 0.8035892323030908 44.98 40.3 0.26000000000000006
0.999888851839502 0.80259222333001 44.98 40.25 0.2700000000000001
0.999888851839502 0.80259222333001 44.98 40.25 0.2800000000000001
0.999888851839502 0.8005982053838484 44.98 40.15 0.2900000000000001
0.999888851839502 0.8005982053838484 44.98 40.15 0.3000000000000001
0.999888851839502 0.8005982053838484 44.98 40.15 0.3100000000000001
0.9997777036790041 0.7996011964107677 44.975 40.1 0.3200000000000001
0.9997777036790041 0.7986041874376869 44.975 40.05 0.3300000000000001
0.9997777036790041 0.7936191425722832 44.975 39.8 0.34000000000000014
0.9997777036790041 0.7886340977068793 44.975 39.55 0.35000000000000014
0.9997777036790041 0.7816550348953141 44.975 39.2 0.36000000000000015
0.9996665555185061 0.7756729810568295 44.97 38.9 0.37000000000000016
0.9996665555185061 0.7706879361914257 44.97 38.65 0.38000000000000017
0.9996665555185061 0.765702891326022 44.97 38.4 0.3900000000000002
0.9996665555185061 0.7557328015952144 44.97 37.9 0.4000000000000002
0.9995554073580082 0.7467597208374875 44.965 37.45 0.4100000000000002
0.9995554073580082 0.7318045862412762 44.965 36.7 0.4200000000000002
0.9995554073580082 0.7208374875373879 44.965 36.15 0.4300000000000002
0.9995554073580082 0.7098703888334995 44.965 35.6 0.4400000000000002
0.9995554073580082 0.7008973080757727 44.965 35.15 0.45000000000000023
0.9995554073580082 0.6949152542372882 44.965 34.85 0.46000000000000024
0.9995554073580082 0.6869391824526421 44.965 34.45 0.47000000000000025
0.9995554073580082 0.678963110667996 44.965 34.05 0.48000000000000026
0.9995554073580082 0.6739780658025922 44.965 33.8 0.49000000000000027
0.9995554073580082 0.67098703888335 44.965 33.65 0.5000000000000002
0.9995554073580082 0.6689930209371885 44.965 33.55 0.5100000000000002
0.9995554073580082 0.6660019940179461 44.965 33.4 0.5200000000000002
0.9995554073580082 0.6640079760717846 44.965 33.3 0.5300000000000002
0.9995554073580082 0.6610169491525424 44.965 33.15 0.5400000000000003
0.9994442591975102 0.6610169491525424 44.96 33.15 0.5500000000000003
0.9994442591975102 0.6610169491525424 44.96 33.15 0.5600000000000003
0.9994442591975102 0.6610169491525424 44.96 33.15 0.5700000000000003
0.9994442591975102 0.6600199401794616 44.96 33.1 0.5800000000000003
0.9994442591975102 0.6590229312063809 44.96 33.05 0.5900000000000003
0.9994442591975102 0.6590229312063809 44.96 33.05 0.6000000000000003
0.9994442591975102 0.6580259222333001 44.96 33.0 0.6100000000000003
0.9994442591975102 0.6570289132602194 44.96 32.95 0.6200000000000003
0.9994442591975102 0.6560319042871385 44.96 32.9 0.6300000000000003
0.9994442591975102 0.6530408773678963 44.96 32.75 0.6400000000000003
0.9994442591975102 0.6490528414755733 44.96 32.55 0.6500000000000004
0.9994442591975102 0.6410767696909272 44.96 32.15 0.6600000000000004
0.9994442591975102 0.6321036889332003 44.96 31.7 0.6700000000000004
0.9994442591975102 0.6181455633100698 44.96 31.0 0.6800000000000004
0.9994442591975102 0.6081754735792622 44.96 30.5 0.6900000000000004
0.9994442591975102 0.5962113659022931 44.96 29.9 0.7000000000000004
0.9994442591975102 0.580259222333001 44.96 29.1 0.7100000000000004
0.9994442591975102 0.5473579262213359 44.96 27.45 0.7200000000000004
0.9994442591975102 0.5284147557328016 44.96 26.5 0.7300000000000004
0.9994442591975102 0.5064805583250249 44.96 25.4 0.7400000000000004
0.9994442591975102 0.4915254237288136 44.96 24.65 0.7500000000000004
0.9994442591975102 0.4715852442671984 44.96 23.65 0.7600000000000005
0.9994442591975102 0.45862412761714855 44.96 23.0 0.7700000000000005
0.9993331110370124 0.43968095712861416 44.955 22.05 0.7800000000000005
0.9991108147160165 0.42771684945164506 44.945 21.45 0.7900000000000005
0.9988885183950206 0.4187437686939183 44.935 21.0 0.8000000000000005
0.9982216294320329 0.4057826520438684 44.905 20.35 0.8100000000000005
0.9965544070245638 0.39980059820538383 44.83 20.05 0.8200000000000005
0.9946648882960987 0.39082751744765704 44.745 19.6 0.8300000000000005
0.9898855173946871 0.37886340977068794 44.53 19.0 0.8400000000000005
0.9825497388018228 0.36490528414755735 44.2 18.3 0.8500000000000005
0.9707680337890408 0.3369890329012961 43.67 16.9 0.8600000000000005
0.954540402356341 0.2971086739780658 42.94 14.9 0.8700000000000006
0.9327553628987441 0.2622133599202393 41.96 13.15 0.8800000000000006
0.905079470934756 0.22731804586241275 40.715 11.4 0.8900000000000006
0.871512726464377 0.17048853439680958 39.205 8.55 0.9000000000000006
0.8423919084139158 0.12163509471585245 37.895 6.1 0.9100000000000006
0.816272090696899 0.07676969092721835 36.72 3.85 0.9200000000000006
0.7950427920417917 0.04287138584247258 35.765 2.15 0.9300000000000006
0.7770367900411248 0.022931206380857428 34.955 1.15 0.9400000000000006
0.7654773813493386 0.006979062811565304 34.435 0.35 0.9500000000000006
0.7556963432255196 0.0019940179461615153 33.995 0.1 0.9600000000000006
0.742914304768256 0.0 33.42 0.0 0.9700000000000006
0.713348894075803 0.0 32.09 0.0 0.9800000000000006
0.6326553295542959 0.0 28.46 0.0 0.9900000000000007
0.0 0.0 0.0 0.0
