1.0 1.0 89.97 25.075 0.0
1.0 1.0 89.97 25.075 0.01
1.0 0.9970089730807578 89.97 25.0 0.02
1.0 0.9900299102691924 89.97 24.825 0.03
1.0 0.9860418743768694 89.97 24.725 0.04
1.0 0.9840478564307079 89.97 24.675 0.05
1.0 0.9740777666999003 89.97 24.425 0.060000000000000005
1.0 0.9740777666999003 89.97 24.425 0.07
1.0 0.9690927218344965 89.97 24.3 0.08
1.0 0.9641076769690927 89.97 24.175 0.09
1.0 0.9601196410767697 89.97 24.075 0.09999999999999999
1.0 0.9571286141575274 89.97 24.0 0.10999999999999999
1.0 0.9551345962113659 89.97 23.95 0.11999999999999998
1.0 0.9531405782652044 89.97 23.9 0.12999999999999998
1.0 0.9501495513459621 89.97 23.825 0.13999999999999999
1.0 0.9461615154536391 89.97 23.725 0.15
1.0 0.9411764705882353 89.97 23.6 0.16
1.0 0.938185443668993 89.97 23.525 0.17
1.0 0.9292123629112662 89.97 23.3 0.18000000000000002
1.0 0.9262213359920239 89.97 23.225 0.19000000000000003
1.0 0.922233300099701 89.97 23.125 0.20000000000000004
1.0 0.9212362911266201 89.97 23.1 0.21000000000000005
1.0 0.9182452642073778 89.97 23.025 0.22000000000000006
1.0 0.9162512462612163 89.97 22.975 0.23000000000000007
1.0 0.9132602193419741 89.97 22.9 0.24000000000000007
1.0 0.9122632103688934 89.97 22.875 0.25000000000000006
1.0 0.9122632103688934 89.97 22.875 0.26000000000000006
1.0 0.9122632103688934 89.97 22.875 0.2700000000000001
1.0 0.9112662013958126 89.97 22.85 0.2800000000000001
1.0 0.9112662013958126 89.97 22.85 0.2900000000000001
1.0 0.9102691924227319 89.97 22.825 0.3000000000000001
1.0 0.9102691924227319 89.97 22.825 0.3100000000000001
1.0 0.9102691924227319 89.97 22.825 0.3200000000000001
1.0 0.909272183449651 89.97 22.8 0.3300000000000001
1.0 0.9082751744765702 89.97 22.775 0.34000000000000014
1.0 0.9082751744765702 89.97 22.775 0.35000000000000014
1.0 0.9072781655034895 89.97 22.75 0.36000000000000015
1.0 0.9062811565304087 89.97 22.725 0.37000000000000016
1.0 0.9042871385842473 89.97 22.675 0.38000000000000017
1.0 0.901296111665005 89.97 22.6 0.3900000000000002
1.0 0.8983050847457628 89.97 22.525 0.4000000000000002
1.0 0.8943170488534397 89.97 22.425 0.4100000000000002
1.0 0.8913260219341974 89.97 22.35 0.4200000000000002
1.0 0.8903290129611167 89.97 22.325 0.4300000000000002
1.0 0.8893320039880359 89.97 22.3 0.4400000000000002
1.0 0.8853439680957128 89.97 22.2 0.45000000000000023
1.0 0.8813559322033898 89.97 22.1 0.46000000000000024
1.0 0.8803589232303091 89.97 22.075 0.47000000000000025
1.0 0.8773678963110668 89.97 22.0 0.48000000000000026
1.0 0.8763708873379861 89.97 21.975 0.49000000000000027
1.0 0.8753738783649053 89.97 21.95 0.5000000000000002
1.0 0.8753738783649053 89.97 21.95 0.5100000000000002
1.0 0.8753738783649053 89.97 21.95 0.5200000000000002
1.0 0.8753738783649053 89.97 21.95 0.5300000000000002
1.0 0.8753738783649053 89.97 21.95 0.5400000000000003
1.0 0.8753738783649053 89.97 21.95 0.5500000000000003
1.0 0.8753738783649053 89.97 21.95 0.5600000000000003
1.0 0.8753738783649053 89.97 21.95 0.5700000000000003
1.0 0.8753738783649053 89.97 21.95 0.5800000000000003
1.0 0.8753738783649053 89.97 21.95 0.5900000000000003
1.0 0.8733798604187437 89.97 21.9 0.6000000000000003
1.0 0.872382851445663 89.97 21.875 0.6100000000000003
1.0 0.8713858424725822 89.97 21.85 0.6200000000000003
1.0 0.8703888334995015 89.97 21.825 0.6300000000000003
1.0 0.8673978065802592 89.97 21.75 0.6400000000000003
1.0 0.8614157527417746 89.97 21.6 0.6500000000000004
1.0 0.8554336989032901 89.97 21.45 0.6600000000000004
1.0 0.8484546360917248 89.97 21.275 0.6700000000000004
1.0 0.8424725822532403 89.97 21.125 0.6800000000000004
1.0 0.8334995014955134 89.97 20.9 0.6900000000000004
1.0 0.8235294117647058 89.97 20.65 0.7000000000000004
1.0 0.806580259222333 89.97 20.225 0.7100000000000004
1.0 0.7856430707876371 89.97 19.7 0.7200000000000004
1.0 0.7686939182452642 89.97 19.275 0.7300000000000004
1.0 0.748753738783649 89.97 18.775 0.7400000000000004
1.0 0.7288135593220338 89.97 18.275 0.7500000000000004
1.0 0.7198404785643071 89.97 18.05 0.7600000000000005
1.0 0.7098703888334995 89.97 17.8 0.7700000000000005
0.999888851839502 0.6969092721834497 89.96 17.475 0.7800000000000005
0.9995554073580082 0.6849451645064806 89.93 17.175 0.7900000000000005
0.9988885183950206 0.6819541375872383 89.87 17.1 0.8000000000000005
0.9967767033455597 0.6759720837487537 89.68 16.95 0.8100000000000005
0.994220295654107 0.6719840478564307 89.45 16.85 0.8200000000000005
0.9886628876292097 0.6600199401794616 88.95 16.55 0.8300000000000005
0.9797710347893742 0.6480558325024925 88.15 16.25 0.8400000000000005
0.9630988107146826 0.6370887337986042 86.65 15.975 0.8500000000000005
0.9378681782816495 0.5922233300099701 84.38 14.85 0.8600000000000005
0.9001889518728465 0.53938185443669 80.99 13.525 0.8700000000000006
0.8488385017227965 0.48454636091724823 76.37 12.15 0.8800000000000006
0.7852617539179727 0.41774675972083747 70.65 10.475 0.8900000000000006
0.7205735245081694 0.3230309072781655 64.83 8.1 0.9000000000000006
0.6496609981104813 0.23529411764705882 58.45 5.9 0.9100000000000006
0.5934200288985217 0.14955134596211367 53.39 3.75 0.9200000000000006
0.5481827275758586 0.0847457627118644 49.32 2.125 0.9300000000000006
0.515727464710459 0.0518444666001994 46.4 1.3 0.9400000000000006
0.4956096476603312 0.03489531405782652 44.59 0.875 0.9500000000000006
0.48282760920306766 0.023928215353938187 43.44 0.6 0.9600000000000006
0.47004557074580416 0.02193419740777667 42.29 0.55 0.9700000000000006
0.4379237523618984 0.020937188434695914 39.4 0.525 0.9800000000000006
0.3431143714571524 0.020937188434695914 30.87 0.525 0.9900000000000007
0.0 0.0 0.0 0.0
