0.0 0.29910269192422734 0.0 20.0 0.0
0.0 0.26520438683948155 0.0 17.733333333333334 0.01
0.0 0.2213359920239282 0.0 14.8 0.02
0.0 0.2053838484546361 0.0 13.733333333333333 0.03
0.0 0.19740777666999004 0.0 13.2 0.04
0.0 0.19242273180458624 0.0 12.866666666666667 0.05
0.0 0.18544366899302095 0.0 12.4 0.060000000000000005
0.0 0.18544366899302095 0.0 12.4 0.07
0.0 0.1814556331006979 0.0 12.133333333333333 0.08
0.0 0.1794616151545364 0.0 12.0 0.09
0.0 0.17846460618145563 0.0 11.933333333333334 0.09999999999999999
0.0 0.17248255234297108 0.0 11.533333333333333 0.10999999999999999
0.0 0.17148554336989033 0.0 11.466666666666667 0.11999999999999998
0.0 0.16650049850448653 0.0 11.133333333333333 0.12999999999999998
0.0 0.1625124626121635 0.0 10.866666666666667 0.13999999999999999
0.0 0.16051844466600199 0.0 10.733333333333333 0.15
0.0 0.15653040877367896 0.0 10.466666666666667 0.16
0.0 0.15553339980059822 0.0 10.4 0.17
0.0 0.14955134596211367 0.0 10.0 0.18000000000000002
0.0 0.1485543369890329 0.0 9.933333333333334 0.19000000000000003
0.0 0.14755732801595214 0.0 9.866666666666667 0.20000000000000004
0.0 0.14556331006979062 0.0 9.733333333333333 0.21000000000000005
0.0 0.14356929212362912 0.0 9.6 0.22000000000000006
0.0 0.14057826520438685 0.0 9.4 0.23000000000000007
0.0 0.1345962113659023 0.0 9.0 0.24000000000000007
0.0 0.13359920239282153 0.0 8.933333333333334 0.25000000000000006
0.0 0.13260219341974078 0.0 8.866666666666667 0.26000000000000006
0.0 0.13060817547357925 0.0 8.733333333333333 0.2700000000000001
0.0 0.13060817547357925 0.0 8.733333333333333 0.2800000000000001
0.0 0.1296111665004985 0.0 8.666666666666666 0.2900000000000001
0.0 0.1296111665004985 0.0 8.666666666666666 0.3000000000000001
0.0 0.1296111665004985 0.0 8.666666666666666 0.3100000000000001
0.0 0.1296111665004985 0.0 8.666666666666666 0.3200000000000001
0.0 0.12861415752741776 0.0 8.6 0.3300000000000001
0.0 0.12861415752741776 0.0 8.6 0.34000000000000014
0.0 0.12861415752741776 0.0 8.6 0.35000000000000014
0.0 0.12861415752741776 0.0 8.6 0.36000000000000015
0.0 0.12861415752741776 0.0 8.6 0.37000000000000016
0.0 0.12861415752741776 0.0 8.6 0.38000000000000017
0.0 0.12662013958125623 0.0 8.466666666666667 0.3900000000000002
0.0 0.12662013958125623 0.0 8.466666666666667 0.4000000000000002
0.0 0.12462612163509472 0.0 8.333333333333334 0.4100000000000002
0.0 0.12462612163509472 0.0 8.333333333333334 0.4200000000000002
0.0 0.12362911266201396 0.0 8.266666666666667 0.4300000000000002
0.0 0.12362911266201396 0.0 8.266666666666667 0.4400000000000002
0.0 0.12362911266201396 0.0 8.266666666666667 0.45000000000000023
0.0 0.12362911266201396 0.0 8.266666666666667 0.46000000000000024
0.0 0.1226321036889332 0.0 8.2 0.47000000000000025
0.0 0.1226321036889332 0.0 8.2 0.48000000000000026
0.0 0.12063808574277168 0.0 8.066666666666666 0.49000000000000027
0.0 0.11964107676969092 0.0 8.0 0.5000000000000002
0.0 0.11864406779661017 0.0 7.933333333333334 0.5100000000000002
0.0 0.11665004985044865 0.0 7.8 0.5200000000000002
0.0 0.11465603190428714 0.0 7.666666666666667 0.5300000000000002
0.0 0.11266201395812563 0.0 7.533333333333333 0.5400000000000003
0.0 0.11266201395812563 0.0 7.533333333333333 0.5500000000000003
0.0 0.11166500498504486 0.0 7.466666666666667 0.5600000000000003
0.0 0.11166500498504486 0.0 7.466666666666667 0.5700000000000003
0.0 0.10967098703888335 0.0 7.333333333333333 0.5800000000000003
0.0 0.10667996011964108 0.0 7.133333333333334 0.5900000000000003
0.0 0.10568295114656032 0.0 7.066666666666666 0.6000000000000003
0.0 0.10269192422731804 0.0 6.866666666666666 0.6100000000000003
0.0 0.10269192422731804 0.0 6.866666666666666 0.6200000000000003
0.0 0.09970089730807577 0.0 6.666666666666667 0.6300000000000003
0.0 0.09970089730807577 0.0 6.666666666666667 0.6400000000000003
0.0 0.09970089730807577 0.0 6.666666666666667 0.6500000000000004
0.0 0.09770687936191426 0.0 6.533333333333333 0.6600000000000004
0.0 0.09770687936191426 0.0 6.533333333333333 0.6700000000000004
0.0 0.0967098703888335 0.0 6.466666666666667 0.6800000000000004
0.0 0.0967098703888335 0.0 6.466666666666667 0.6900000000000004
0.0 0.0967098703888335 0.0 6.466666666666667 0.7000000000000004
0.0 0.0967098703888335 0.0 6.466666666666667 0.7100000000000004
0.0 0.09371884346959122 0.0 6.266666666666667 0.7200000000000004
0.0 0.09371884346959122 0.0 6.266666666666667 0.7300000000000004
0.0 0.09371884346959122 0.0 6.266666666666667 0.7400000000000004
0.0 0.09371884346959122 0.0 6.266666666666667 0.7500000000000004
0.0 0.09272183449651047 0.0 6.2 0.7600000000000005
0.0 0.09072781655034895 0.0 6.066666666666666 0.7700000000000005
0.0 0.0897308075772682 0.0 6.0 0.7800000000000005
0.0 0.08673978065802593 0.0 5.8 0.7900000000000005
0.0 0.08275174476570289 0.0 5.533333333333333 0.8000000000000005
0.0 0.08075772681954138 0.0 5.4 0.8100000000000005
0.0 0.07976071784646062 0.0 5.333333333333333 0.8200000000000005
0.0 0.07577268195413758 0.0 5.066666666666666 0.8300000000000005
0.0 0.07178464606181456 0.0 4.8 0.8400000000000005
0.0 0.06879361914257229 0.0 4.6 0.8500000000000005
0.0 0.06879361914257229 0.0 4.6 0.8600000000000005
0.0 0.06181455633100698 0.0 4.133333333333334 0.8700000000000006
0.0 0.06081754735792622 0.0 4.066666666666666 0.8800000000000006
0.0 0.05583250249252243 0.0 3.7333333333333334 0.8900000000000006
0.0 0.04885343968095713 0.0 3.2666666666666666 0.9000000000000006
0.0 0.04685942173479561 0.0 3.1333333333333333 0.9100000000000006
0.0 0.040877367896311065 0.0 2.7333333333333334 0.9200000000000006
0.0 0.03988035892323031 0.0 2.6666666666666665 0.9300000000000006
0.0 0.036889332003988036 0.0 2.466666666666667 0.9400000000000006
0.0 0.03389830508474576 0.0 2.2666666666666666 0.9500000000000006
0.0 0.03389830508474576 0.0 2.2666666666666666 0.9600000000000006
0.0 0.02991026919242273 0.0 2.0 0.9700000000000006
0.0 0.023928215353938187 0.0 1.6 0.9800000000000006
0.0 0.013958125623130608 0.0 0.9333333333333333 0.9900000000000007
0.0 0.0 0.0 0.0
