1.0 1.0 12.852857142857143 50.15 0.0
1.0 0.732801595214357 12.852857142857143 36.75 0.01
1.0 0.6251246261216351 12.852857142857143 31.35 0.02
1.0 0.5682951146560319 12.852857142857143 28.5 0.03
1.0 0.5274177467597209 12.852857142857143 26.45 0.04
1.0 0.481555333998006 12.852857142857143 24.15 0.05
1.0 0.43668993020937186 12.852857142857143 21.9 0.060000000000000005
1.0 0.43668993020937186 12.852857142857143 21.9 0.07
1.0 0.42073778664007977 12.852857142857143 21.1 0.08
1.0 0.4057826520438684 12.852857142857143 20.35 0.09
1.0 0.3948155533399801 12.852857142857143 19.8 0.09999999999999999
1.0 0.38085742771684944 12.852857142857143 19.1 0.10999999999999999
1.0 0.3748753738783649 12.852857142857143 18.8 0.11999999999999998
1.0 0.3678963110667996 12.852857142857143 18.45 0.12999999999999998
1.0 0.3609172482552343 12.852857142857143 18.1 0.13999999999999999
1.0 0.353938185443669 12.852857142857143 17.75 0.15
1.0 0.34496510468594216 12.852857142857143 17.3 0.16
1.0 0.3320039880358923 12.852857142857143 16.65 0.17
1.0 0.3120638085742772 12.852857142857143 15.65 0.18000000000000002
1.0 0.29810568295114653 12.852857142857143 14.95 0.19000000000000003
1.0 0.29112662013958124 12.852857142857143 14.6 0.20000000000000004
1.0 0.28713858424725824 12.852857142857143 14.4 0.21000000000000005
1.0 0.27916251246261214 12.852857142857143 14.0 0.22000000000000006
1.0 0.27218344965104685 12.852857142857143 13.65 0.23000000000000007
1.0 0.26719840478564305 12.852857142857143 13.4 0.24000000000000007
1.0 0.26321036889332006 12.852857142857143 13.2 0.25000000000000006
1.0 0.2572283150548355 12.852857142857143 12.9 0.26000000000000006
1.0 0.25623130608175476 12.852857142857143 12.85 0.2700000000000001
1.0 0.25523429710867396 12.852857142857143 12.8 0.2800000000000001
1.0 0.24925224327018944 12.852857142857143 12.5 0.2900000000000001
1.0 0.2452642073778664 12.852857142857143 12.3 0.3000000000000001
1.0 0.24227318045862412 12.852857142857143 12.15 0.3100000000000001
1.0 0.2382851445663011 12.852857142857143 11.95 0.3200000000000001
1.0 0.23429710867397807 12.852857142857143 11.75 0.3300000000000001
1.0 0.23429710867397807 12.852857142857143 11.75 0.34000000000000014
1.0 0.2333000997008973 12.852857142857143 11.7 0.35000000000000014
1.0 0.22731804586241275 12.852857142857143 11.4 0.36000000000000015
1.0 0.22532402791625125 12.852857142857143 11.3 0.37000000000000016
1.0 0.22333000997008973 12.852857142857143 11.2 0.38000000000000017
1.0 0.21635094715852443 12.852857142857143 10.85 0.3900000000000002
1.0 0.21335992023928216 12.852857142857143 10.7 0.4000000000000002
1.0 0.20638085742771686 12.852857142857143 10.35 0.4100000000000002
1.0 0.19641076769690927 12.852857142857143 9.85 0.4200000000000002
1.0 0.19242273180458624 12.852857142857143 9.65 0.4300000000000002
1.0 0.1864406779661017 12.852857142857143 9.35 0.4400000000000002
1.0 0.1794616151545364 12.852857142857143 9.0 0.45000000000000023
1.0 0.17148554336989033 12.852857142857143 8.6 0.46000000000000024
1.0 0.16450648055832504 12.852857142857143 8.25 0.47000000000000025
1.0 0.15952143569292124 12.852857142857143 8.0 0.48000000000000026
1.0 0.1585244267198405 12.852857142857143 7.95 0.49000000000000027
1.0 0.1575274177467597 12.852857142857143 7.9 0.5000000000000002
1.0 0.15453639082751744 12.852857142857143 7.75 0.5100000000000002
1.0 0.14955134596211367 12.852857142857143 7.5 0.5200000000000002
1.0 0.1485543369890329 12.852857142857143 7.45 0.5300000000000002
1.0 0.1465603190428714 12.852857142857143 7.35 0.5400000000000003
1.0 0.1465603190428714 12.852857142857143 7.35 0.5500000000000003
1.0 0.14556331006979062 12.852857142857143 7.3 0.5600000000000003
1.0 0.14556331006979062 12.852857142857143 7.3 0.5700000000000003
1.0 0.14456630109670987 12.852857142857143 7.25 0.5800000000000003
1.0 0.14257228315054835 12.852857142857143 7.15 0.5900000000000003
1.0 0.1415752741774676 12.852857142857143 7.1 0.6000000000000003
1.0 0.13958125623130607 12.852857142857143 7.0 0.6100000000000003
1.0 0.13758723828514458 12.852857142857143 6.9 0.6200000000000003
1.0 0.1345962113659023 12.852857142857143 6.75 0.6300000000000003
1.0 0.13359920239282153 12.852857142857143 6.7 0.6400000000000003
1.0 0.13160518444666003 12.852857142857143 6.6 0.6500000000000004
1.0 0.12761714855433698 12.852857142857143 6.4 0.6600000000000004
1.0 0.12562313060817548 12.852857142857143 6.3 0.6700000000000004
1.0 0.11864406779661017 12.852857142857143 5.95 0.6800000000000004
1.0 0.1106679960119641 12.852857142857143 5.55 0.6900000000000004
1.0 0.10867397806580259 12.852857142857143 5.45 0.7000000000000004
1.0 0.10468594217347957 12.852857142857143 5.25 0.7100000000000004
1.0 0.0967098703888335 12.852857142857143 4.85 0.7200000000000004
1.0 0.09371884346959122 12.852857142857143 4.7 0.7300000000000004
1.0 0.08574277168494517 12.852857142857143 4.3 0.7400000000000004
1.0 0.07676969092721835 12.852857142857143 3.85 0.7500000000000004
1.0 0.0707876370887338 12.852857142857143 3.55 0.7600000000000005
1.0 0.06480558325024925 12.852857142857143 3.25 0.7700000000000005
1.0 0.058823529411764705 12.852857142857143 2.95 0.7800000000000005
1.0 0.053838484546360914 12.852857142857143 2.7 0.7900000000000005
1.0 0.047856430707876374 12.852857142857143 2.4 0.8000000000000005
1.0 0.047856430707876374 12.852857142857143 2.4 0.8100000000000005
1.0 0.04685942173479561 12.852857142857143 2.35 0.8200000000000005
1.0 0.04386839481555334 12.852857142857143 2.2 0.8300000000000005
0.999888851839502 0.04287138584247258 12.851428571428572 2.15 0.8400000000000005
0.999888851839502 0.04287138584247258 12.851428571428572 2.15 0.8500000000000005
0.9997777036790041 0.036889332003988036 12.85 1.85 0.8600000000000005
0.9993331110370124 0.03589232303090728 12.844285714285714 1.8 0.8700000000000006
0.9991108147160165 0.03090727816550349 12.84142857142857 1.55 0.8800000000000006
0.9987773702345226 0.027916251246261216 12.837142857142856 1.4 0.8900000000000006
0.9983327775925308 0.023928215353938187 12.831428571428571 1.2 0.9000000000000006
0.9977770367900411 0.02193419740777667 12.824285714285715 1.1 0.9100000000000006
0.9975547404690452 0.019940179461615155 12.821428571428571 1.0 0.9200000000000006
0.9972212959875514 0.018943170488534396 12.817142857142857 0.95 0.9300000000000006
0.9966655551850617 0.018943170488534396 12.81 0.95 0.9400000000000006
0.9963321107035679 0.018943170488534396 12.805714285714286 0.95 0.9500000000000006
0.9952206290985884 0.018943170488534396 12.791428571428572 0.95 0.9600000000000006
0.9936645548516172 0.018943170488534396 12.771428571428572 0.95 0.9700000000000006
0.9905524063576748 0.018943170488534396 12.731428571428571 0.95 0.9800000000000006
0.9795487384683783 0.018943170488534396 12.59 0.95 0.9900000000000007
0.0 0.0 0.0 0.0
