1.0 1.0 44.985 25.075 0.0
1.0 0.996011964107677 44.985 24.975 0.01
1.0 0.9810568295114656 44.985 24.6 0.02
1.0 0.9700897308075773 44.985 24.325 0.03
1.0 0.9661016949152542 44.985 24.225 0.04
1.0 0.9621136590229312 44.985 24.125 0.05
1.0 0.9451645064805583 44.985 23.7 0.060000000000000005
1.0 0.9451645064805583 44.985 23.7 0.07
1.0 0.9431704885343968 44.985 23.65 0.08
1.0 0.93419740777667 44.985 23.425 0.09
1.0 0.9312063808574277 44.985 23.35 0.09999999999999999
1.0 0.9302093718843469 44.985 23.325 0.10999999999999999
1.0 0.9292123629112662 44.985 23.3 0.11999999999999998
1.0 0.9252243270189432 44.985 23.2 0.12999999999999998
1.0 0.9232303090727817 44.985 23.15 0.13999999999999999
1.0 0.922233300099701 44.985 23.125 0.15
1.0 0.9172482552342971 44.985 23.0 0.16
1.0 0.9122632103688934 44.985 22.875 0.17
1.0 0.905284147557328 44.985 22.7 0.18000000000000002
1.0 0.8973080757726819 44.985 22.5 0.19000000000000003
1.0 0.8923230309072782 44.985 22.375 0.20000000000000004
1.0 0.8863409770687937 44.985 22.225 0.21000000000000005
1.0 0.8853439680957128 44.985 22.2 0.22000000000000006
1.0 0.8783649052841476 44.985 22.025 0.23000000000000007
1.0 0.8743768693918246 44.985 21.925 0.24000000000000007
1.0 0.8703888334995015 44.985 21.825 0.25000000000000006
1.0 0.8693918245264207 44.985 21.8 0.26000000000000006
1.0 0.8664007976071785 44.985 21.725 0.2700000000000001
1.0 0.8624127617148555 44.985 21.625 0.2800000000000001
1.0 0.8614157527417746 44.985 21.6 0.2900000000000001
1.0 0.8574277168494516 44.985 21.5 0.3000000000000001
1.0 0.8574277168494516 44.985 21.5 0.3100000000000001
1.0 0.8574277168494516 44.985 21.5 0.3200000000000001
1.0 0.8534396809571286 44.985 21.4 0.3300000000000001
1.0 0.8514456630109671 44.985 21.35 0.34000000000000014
1.0 0.8514456630109671 44.985 21.35 0.35000000000000014
1.0 0.847457627118644 44.985 21.25 0.36000000000000015
1.0 0.8454636091724825 44.985 21.2 0.37000000000000016
1.0 0.8444666001994018 44.985 21.175 0.38000000000000017
1.0 0.8384845463609173 44.985 21.025 0.3900000000000002
1.0 0.8344965104685942 44.985 20.925 0.4000000000000002
1.0 0.8305084745762712 44.985 20.825 0.4100000000000002
1.0 0.827517447657029 44.985 20.75 0.4200000000000002
1.0 0.8225324027916251 44.985 20.625 0.4300000000000002
1.0 0.8175473579262214 44.985 20.5 0.4400000000000002
1.0 0.8155533399800599 44.985 20.45 0.45000000000000023
1.0 0.806580259222333 44.985 20.225 0.46000000000000024
1.0 0.8035892323030908 44.985 20.15 0.47000000000000025
1.0 0.80259222333001 44.985 20.125 0.48000000000000026
1.0 0.8005982053838484 44.985 20.075 0.49000000000000027
1.0 0.7976071784646062 44.985 20.0 0.5000000000000002
1.0 0.7936191425722832 44.985 19.9 0.5100000000000002
1.0 0.7926221335992024 44.985 19.875 0.5200000000000002
1.0 0.7896311066799602 44.985 19.8 0.5300000000000002
1.0 0.7886340977068793 44.985 19.775 0.5400000000000003
1.0 0.7846460618145563 44.985 19.675 0.5500000000000003
1.0 0.7826520438683948 44.985 19.625 0.5600000000000003
1.0 0.7796610169491526 44.985 19.55 0.5700000000000003
1.0 0.7776669990029911 44.985 19.5 0.5800000000000003
1.0 0.7746759720837487 44.985 19.425 0.5900000000000003
1.0 0.769690927218345 44.985 19.3 0.6000000000000003
1.0 0.7666999002991027 44.985 19.225 0.6100000000000003
1.0 0.7666999002991027 44.985 19.225 0.6200000000000003
1.0 0.7637088733798604 44.985 19.15 0.6300000000000003
1.0 0.7607178464606181 44.985 19.075 0.6400000000000003
1.0 0.7577268195413759 44.985 19.0 0.6500000000000004
1.0 0.7547357926221336 44.985 18.925 0.6600000000000004
1.0 0.752741774675972 44.985 18.875 0.6700000000000004
1.0 0.7477567298105683 44.985 18.75 0.6800000000000004
1.0 0.7387836490528414 44.985 18.525 0.6900000000000004
1.0 0.7318045862412762 44.985 18.35 0.7000000000000004
1.0 0.7268195413758723 44.985 18.225 0.7100000000000004
1.0 0.7068793619142573 44.985 17.725 0.7200000000000004
1.0 0.6949152542372882 44.985 17.425 0.7300000000000004
1.0 0.6809571286141576 44.985 17.075 0.7400000000000004
1.0 0.6660019940179461 44.985 16.7 0.7500000000000004
1.0 0.6560319042871385 44.985 16.45 0.7600000000000005
1.0 0.6490528414755733 44.985 16.275 0.7700000000000005
0.999888851839502 0.6410767696909272 44.98 16.075 0.7800000000000005
0.999888851839502 0.6291126620139581 44.98 15.775 0.7900000000000005
0.999888851839502 0.6261216350947159 44.98 15.7 0.8000000000000005
0.9995554073580082 0.6181455633100698 44.965 15.5 0.8100000000000005
0.9983327775925308 0.6141575274177468 44.91 15.4 0.8200000000000005
0.9965544070245638 0.609172482552343 44.83 15.275 0.8300000000000005
0.9932199622096254 0.6041874376869392 44.68 15.15 0.8400000000000005
0.9891074802712015 0.5982053838484547 44.495 15.0 0.8500000000000005
0.9819939979993331 0.584247258225324 44.175 14.65 0.8600000000000005
0.9689896632210737 0.5672981056829511 43.59 14.225 0.8700000000000006
0.9535400689118595 0.5493519441674976 42.895 13.775 0.8800000000000006
0.9345337334667111 0.5343968095712861 42.04 13.4 0.8900000000000006
0.9128598421696121 0.5084745762711864 41.065 12.75 0.9000000000000006
0.8907413582305213 0.48554336989032904 40.07 12.175 0.9100000000000006
0.8741802823163277 0.45862412761714855 39.325 11.5 0.9200000000000006
0.8615093920195621 0.43968095712861416 38.755 11.025 0.9300000000000006
0.8481716127598088 0.4187437686939183 38.155 10.5 0.9400000000000006
0.836056463265533 0.40079760717846463 37.61 10.05 0.9500000000000006
0.8244970545737468 0.3778664007976072 37.09 9.475 0.9600000000000006
0.8078248304990553 0.35692921236291125 36.34 8.95 0.9700000000000006
0.7768144937201289 0.28913260219341974 34.945 7.25 0.9800000000000006
0.6863398910748028 0.20837487537387836 30.875 5.225 0.9900000000000007
0.0 0.0 0.0 0.0
