1.0 1.0 9.996666666666666 100.3 0.0
1.0 0.5722831505483549 9.996666666666666 57.4 0.01
1.0 0.4107676969092722 9.996666666666666 41.2 0.02
1.0 0.36490528414755735 9.996666666666666 36.6 0.03
1.0 0.3349950149551346 9.996666666666666 33.6 0.04
1.0 0.3200398803589232 9.996666666666666 32.1 0.05
1.0 0.28015952143569295 9.996666666666666 28.1 0.060000000000000005
1.0 0.28015952143569295 9.996666666666666 28.1 0.07
1.0 0.2691924227318046 9.996666666666666 27.0 0.08
1.0 0.2542372881355932 9.996666666666666 25.5 0.09
1.0 0.24426719840478564 9.996666666666666 24.5 0.09999999999999999
1.0 0.23429710867397807 9.996666666666666 23.5 0.10999999999999999
1.0 0.226321036889332 9.996666666666666 22.7 0.11999999999999998
1.0 0.2193419740777667 9.996666666666666 22.0 0.12999999999999998
1.0 0.21734795613160518 9.996666666666666 21.8 0.13999999999999999
1.0 0.2123629112662014 9.996666666666666 21.3 0.15
1.0 0.20638085742771686 9.996666666666666 20.7 0.16
1.0 0.19940179461615154 9.996666666666666 20.0 0.17
1.0 0.18943170488534397 9.996666666666666 19.0 0.18000000000000002
1.0 0.17846460618145563 9.996666666666666 17.9 0.19000000000000003
1.0 0.17148554336989033 9.996666666666666 17.2 0.20000000000000004
1.0 0.16650049850448653 9.996666666666666 16.7 0.21000000000000005
1.0 0.16450648055832504 9.996666666666666 16.5 0.22000000000000006
1.0 0.16151545363908276 9.996666666666666 16.2 0.23000000000000007
1.0 0.15952143569292124 9.996666666666666 16.0 0.24000000000000007
1.0 0.1575274177467597 9.996666666666666 15.8 0.25000000000000006
1.0 0.15653040877367896 9.996666666666666 15.7 0.26000000000000006
1.0 0.15254237288135594 9.996666666666666 15.3 0.2700000000000001
1.0 0.15154536390827517 9.996666666666666 15.2 0.2800000000000001
1.0 0.15154536390827517 9.996666666666666 15.2 0.2900000000000001
1.0 0.15154536390827517 9.996666666666666 15.2 0.3000000000000001
1.0 0.15054835493519442 9.996666666666666 15.1 0.3100000000000001
1.0 0.14955134596211367 9.996666666666666 15.0 0.3200000000000001
1.0 0.1485543369890329 9.996666666666666 14.9 0.3300000000000001
1.0 0.14556331006979062 9.996666666666666 14.6 0.34000000000000014
1.0 0.14456630109670987 9.996666666666666 14.5 0.35000000000000014
1.0 0.14356929212362912 9.996666666666666 14.4 0.36000000000000015
1.0 0.14057826520438685 9.996666666666666 14.1 0.37000000000000016
1.0 0.13758723828514458 9.996666666666666 13.8 0.38000000000000017
1.0 0.1345962113659023 9.996666666666666 13.5 0.3900000000000002
1.0 0.13060817547357925 9.996666666666666 13.1 0.4000000000000002
1.0 0.12662013958125623 9.996666666666666 12.7 0.4100000000000002
1.0 0.12362911266201396 9.996666666666666 12.4 0.4200000000000002
1.0 0.11665004985044865 9.996666666666666 11.7 0.4300000000000002
1.0 0.10767696909272183 9.996666666666666 10.8 0.4400000000000002
1.0 0.1016949152542373 9.996666666666666 10.2 0.45000000000000023
1.0 0.09471585244267199 9.996666666666666 9.5 0.46000000000000024
1.0 0.08873379860418744 9.996666666666666 8.9 0.47000000000000025
1.0 0.0847457627118644 9.996666666666666 8.5 0.48000000000000026
1.0 0.08175473579262213 9.996666666666666 8.2 0.49000000000000027
1.0 0.07976071784646062 9.996666666666666 8.0 0.5000000000000002
1.0 0.07577268195413758 9.996666666666666 7.6 0.5100000000000002
1.0 0.07577268195413758 9.996666666666666 7.6 0.5200000000000002
1.0 0.07577268195413758 9.996666666666666 7.6 0.5300000000000002
1.0 0.07278165503489531 9.996666666666666 7.3 0.5400000000000003
1.0 0.0707876370887338 9.996666666666666 7.1 0.5500000000000003
1.0 0.0707876370887338 9.996666666666666 7.1 0.5600000000000003
1.0 0.06979062811565304 9.996666666666666 7.0 0.5700000000000003
1.0 0.06979062811565304 9.996666666666666 7.0 0.5800000000000003
1.0 0.06979062811565304 9.996666666666666 7.0 0.5900000000000003
1.0 0.06979062811565304 9.996666666666666 7.0 0.6000000000000003
1.0 0.06779661016949153 9.996666666666666 6.8 0.6100000000000003
1.0 0.06679960119641076 9.996666666666666 6.7 0.6200000000000003
1.0 0.06580259222333001 9.996666666666666 6.6 0.6300000000000003
1.0 0.06580259222333001 9.996666666666666 6.6 0.6400000000000003
1.0 0.06580259222333001 9.996666666666666 6.6 0.6500000000000004
1.0 0.06580259222333001 9.996666666666666 6.6 0.6600000000000004
1.0 0.06281156530408774 9.996666666666666 6.3 0.6700000000000004
1.0 0.06181455633100698 9.996666666666666 6.2 0.6800000000000004
1.0 0.058823529411764705 9.996666666666666 5.9 0.6900000000000004
1.0 0.05583250249252243 9.996666666666666 5.6 0.7000000000000004
1.0 0.049850448654037885 9.996666666666666 5.0 0.7100000000000004
1.0 0.04386839481555334 9.996666666666666 4.4 0.7200000000000004
1.0 0.040877367896311065 9.996666666666666 4.1 0.7300000000000004
1.0 0.038883349950149554 9.996666666666666 3.9 0.7400000000000004
1.0 0.03489531405782652 9.996666666666666 3.5 0.7500000000000004
1.0 0.03090727816550349 9.996666666666666 3.1 0.7600000000000005
1.0 0.027916251246261216 9.996666666666666 2.8 0.7700000000000005
1.0 0.027916251246261216 9.996666666666666 2.8 0.7800000000000005
1.0 0.0259222333000997 9.996666666666666 2.6 0.7900000000000005
1.0 0.024925224327018942 9.996666666666666 2.5 0.8000000000000005
1.0 0.024925224327018942 9.996666666666666 2.5 0.8100000000000005
1.0 0.023928215353938187 9.996666666666666 2.4 0.8200000000000005
1.0 0.023928215353938187 9.996666666666666 2.4 0.8300000000000005
1.0 0.022931206380857428 9.996666666666666 2.3 0.8400000000000005
0.9997777036790041 0.020937188434695914 9.994444444444444 2.1 0.8500000000000005
0.9995554073580082 0.019940179461615155 9.992222222222223 2.0 0.8600000000000005
0.9993331110370124 0.01694915254237288 9.99 1.7 0.8700000000000006
0.9992219628765144 0.013958125623130608 9.988888888888889 1.4 0.8800000000000006
0.9991108147160165 0.011964107676969093 9.987777777777778 1.2 0.8900000000000006
0.9988885183950206 0.006979062811565304 9.985555555555555 0.7 0.9000000000000006
0.9988885183950206 0.003988035892323031 9.985555555555555 0.4 0.9100000000000006
0.9988885183950206 0.0029910269192422734 9.985555555555555 0.3 0.9200000000000006
0.9988885183950206 0.0029910269192422734 9.985555555555555 0.3 0.9300000000000006
0.9988885183950206 9.970089730807576E-4 9.985555555555555 0.1 0.9400000000000006
0.9988885183950206 0.0 9.985555555555555 0.0 0.9500000000000006
0.9988885183950206 0.0 9.985555555555555 0.0 0.9600000000000006
0.9984439257530288 0.0 9.981111111111112 0.0 0.9700000000000006
0.9972212959875514 0.0 9.96888888888889 0.0 0.9800000000000006
0.9925530732466378 0.0 9.922222222222222 0.0 0.9900000000000007
0.0 0.0 0.0 0.0
