1.0 1.0 12.852857142857143 22.288888888888888 0.0
0.9987773702345226 0.6640079760717846 12.837142857142856 14.8 0.01
0.9987773702345226 0.5204386839481555 12.837142857142856 11.6 0.02
0.9986662220740247 0.47756729810568294 12.835714285714285 10.644444444444444 0.03
0.9986662220740247 0.4406779661016949 12.835714285714285 9.822222222222223 0.04
0.9986662220740247 0.419740777666999 12.835714285714285 9.355555555555556 0.05
0.9986662220740247 0.37686939182452645 12.835714285714285 8.4 0.060000000000000005
0.9986662220740247 0.37686939182452645 12.835714285714285 8.4 0.07
0.9986662220740247 0.3629112662013958 12.835714285714285 8.088888888888889 0.08
0.9986662220740247 0.33998005982053836 12.835714285714285 7.5777777777777775 0.09
0.9986662220740247 0.3339980059820538 12.835714285714285 7.444444444444445 0.09999999999999999
0.9986662220740247 0.3270189431704885 12.835714285714285 7.288888888888889 0.10999999999999999
0.9986662220740247 0.3240279162512463 12.835714285714285 7.222222222222222 0.11999999999999998
0.9985550739135267 0.3180458624127617 12.834285714285715 7.088888888888889 0.12999999999999998
0.9985550739135267 0.3140578265204387 12.834285714285715 7.0 0.13999999999999999
0.9985550739135267 0.3100697906281156 12.834285714285715 6.911111111111111 0.15
0.9985550739135267 0.3000997008973081 12.834285714285715 6.688888888888889 0.16
0.9985550739135267 0.2951146560319043 12.834285714285715 6.5777777777777775 0.17
0.9985550739135267 0.28015952143569295 12.834285714285715 6.2444444444444445 0.18000000000000002
0.9985550739135267 0.27218344965104685 12.834285714285715 6.066666666666666 0.19000000000000003
0.9985550739135267 0.26520438683948155 12.834285714285715 5.911111111111111 0.20000000000000004
0.9985550739135267 0.25623130608175476 12.834285714285715 5.711111111111111 0.21000000000000005
0.9985550739135267 0.24825523429710866 12.834285714285715 5.533333333333333 0.22000000000000006
0.9985550739135267 0.2432701894317049 12.834285714285715 5.4222222222222225 0.23000000000000007
0.9985550739135267 0.23529411764705882 12.834285714285715 5.2444444444444445 0.24000000000000007
0.9985550739135267 0.2313060817547358 12.834285714285715 5.155555555555556 0.25000000000000006
0.9985550739135267 0.22731804586241275 12.834285714285715 5.066666666666666 0.26000000000000006
0.9985550739135267 0.22532402791625125 12.834285714285715 5.022222222222222 0.2700000000000001
0.9985550739135267 0.22233300099700898 12.834285714285715 4.955555555555556 0.2800000000000001
0.9985550739135267 0.2213359920239282 12.834285714285715 4.933333333333334 0.2900000000000001
0.9985550739135267 0.22033898305084745 12.834285714285715 4.911111111111111 0.3000000000000001
0.9985550739135267 0.21734795613160518 12.834285714285715 4.844444444444444 0.3100000000000001
0.9985550739135267 0.21535393818544366 12.834285714285715 4.8 0.3200000000000001
0.9985550739135267 0.2143569292123629 12.834285714285715 4.777777777777778 0.3300000000000001
0.9985550739135267 0.21036889332003988 12.834285714285715 4.688888888888889 0.34000000000000014
0.9985550739135267 0.20937188434695914 12.834285714285715 4.666666666666667 0.35000000000000014
0.9985550739135267 0.2053838484546361 12.834285714285715 4.5777777777777775 0.36000000000000015
0.9985550739135267 0.2023928215353938 12.834285714285715 4.511111111111111 0.37000000000000016
0.9985550739135267 0.1984047856430708 12.834285714285715 4.4222222222222225 0.38000000000000017
0.9985550739135267 0.19740777666999004 12.834285714285715 4.4 0.3900000000000002
0.9985550739135267 0.18843469591226322 12.834285714285715 4.2 0.4000000000000002
0.9985550739135267 0.18045862412761715 12.834285714285715 4.022222222222222 0.4100000000000002
0.9985550739135267 0.17547357926221335 12.834285714285715 3.911111111111111 0.4200000000000002
0.9985550739135267 0.17347956131605186 12.834285714285715 3.8666666666666667 0.4300000000000002
0.9985550739135267 0.16849451645064806 12.834285714285715 3.7555555555555555 0.4400000000000002
0.9985550739135267 0.16051844466600199 12.834285714285715 3.577777777777778 0.45000000000000023
0.9985550739135267 0.15453639082751744 12.834285714285715 3.4444444444444446 0.46000000000000024
0.9985550739135267 0.15054835493519442 12.834285714285715 3.3555555555555556 0.47000000000000025
0.9985550739135267 0.14755732801595214 12.834285714285715 3.2888888888888888 0.48000000000000026
0.9985550739135267 0.1345962113659023 12.834285714285715 3.0 0.49000000000000027
0.9985550739135267 0.13260219341974078 12.834285714285715 2.9555555555555557 0.5000000000000002
0.9985550739135267 0.13060817547357925 12.834285714285715 2.911111111111111 0.5100000000000002
0.9985550739135267 0.12861415752741776 12.834285714285715 2.8666666666666667 0.5200000000000002
0.9985550739135267 0.12761714855433698 12.834285714285715 2.8444444444444446 0.5300000000000002
0.9985550739135267 0.12662013958125623 12.834285714285715 2.8222222222222224 0.5400000000000003
0.9985550739135267 0.12163509471585245 12.834285714285715 2.7111111111111112 0.5500000000000003
0.9985550739135267 0.11964107676969092 12.834285714285715 2.6666666666666665 0.5600000000000003
0.9985550739135267 0.11864406779661017 12.834285714285715 2.6444444444444444 0.5700000000000003
0.9985550739135267 0.11864406779661017 12.834285714285715 2.6444444444444444 0.5800000000000003
0.9984439257530288 0.11764705882352941 12.832857142857144 2.6222222222222222 0.5900000000000003
0.9984439257530288 0.11665004985044865 12.832857142857144 2.6 0.6000000000000003
0.9984439257530288 0.11465603190428714 12.832857142857144 2.5555555555555554 0.6100000000000003
0.9984439257530288 0.11365902293120637 12.832857142857144 2.533333333333333 0.6200000000000003
0.9984439257530288 0.11266201395812563 12.832857142857144 2.511111111111111 0.6300000000000003
0.9984439257530288 0.1106679960119641 12.832857142857144 2.466666666666667 0.6400000000000003
0.9983327775925308 0.10867397806580259 12.831428571428571 2.422222222222222 0.6500000000000004
0.9983327775925308 0.10269192422731804 12.831428571428571 2.2888888888888888 0.6600000000000004
0.9983327775925308 0.09770687936191426 12.831428571428571 2.1777777777777776 0.6700000000000004
0.9983327775925308 0.0967098703888335 12.831428571428571 2.1555555555555554 0.6800000000000004
0.9983327775925308 0.09172482552342971 12.831428571428571 2.0444444444444443 0.6900000000000004
0.9983327775925308 0.08873379860418744 12.831428571428571 1.9777777777777779 0.7000000000000004
0.9983327775925308 0.08275174476570289 12.831428571428571 1.8444444444444446 0.7100000000000004
0.9983327775925308 0.07876370887337986 12.831428571428571 1.7555555555555555 0.7200000000000004
0.9983327775925308 0.07377866400797607 12.831428571428571 1.6444444444444444 0.7300000000000004
0.9983327775925308 0.06779661016949153 12.831428571428571 1.511111111111111 0.7400000000000004
0.9983327775925308 0.06480558325024925 12.831428571428571 1.4444444444444444 0.7500000000000004
0.9983327775925308 0.06081754735792622 12.831428571428571 1.3555555555555556 0.7600000000000005
0.9983327775925308 0.05782652043868395 12.831428571428571 1.288888888888889 0.7700000000000005
0.9983327775925308 0.054835493519441676 12.831428571428571 1.2222222222222223 0.7800000000000005
0.9983327775925308 0.047856430707876374 12.831428571428571 1.0666666666666667 0.7900000000000005
0.9983327775925308 0.0448654037886341 12.831428571428571 1.0 0.8000000000000005
0.9983327775925308 0.040877367896311065 12.831428571428571 0.9111111111111111 0.8100000000000005
0.9983327775925308 0.03988035892323031 12.831428571428571 0.8888888888888888 0.8200000000000005
0.998110481271535 0.03988035892323031 12.82857142857143 0.8888888888888888 0.8300000000000005
0.998110481271535 0.038883349950149554 12.82857142857143 0.8666666666666667 0.8400000000000005
0.998110481271535 0.03489531405782652 12.82857142857143 0.7777777777777778 0.8500000000000005
0.9979993331110371 0.03090727816550349 12.827142857142857 0.6888888888888889 0.8600000000000005
0.9976658886295432 0.028913260219341975 12.822857142857142 0.6444444444444445 0.8700000000000006
0.9971101478270534 0.024925224327018942 12.815714285714286 0.5555555555555556 0.8800000000000006
0.9967767033455597 0.020937188434695914 12.811428571428571 0.4666666666666667 0.8900000000000006
0.9964432588640658 0.015952143569292122 12.807142857142857 0.35555555555555557 0.9000000000000006
0.9957763699010781 0.00897308075772682 12.798571428571428 0.2 0.9100000000000006
0.9947760364565966 0.003988035892323031 12.785714285714286 0.08888888888888889 0.9200000000000006
0.9944425919751028 0.0029910269192422734 12.781428571428572 0.06666666666666667 0.9300000000000006
0.9943314438146049 0.0029910269192422734 12.78 0.06666666666666667 0.9400000000000006
0.9936645548516172 9.970089730807576E-4 12.771428571428572 0.022222222222222223 0.9500000000000006
0.9925530732466378 0.0 12.757142857142858 0.0 0.9600000000000006
0.9912192953206624 0.0 12.74 0.0 0.9700000000000006
0.9888851839502056 0.0 12.71 0.0 0.9800000000000006
0.980215627431366 0.0 12.598571428571429 0.0 0.9900000000000007
0.0 0.0 0.0 0.0
