1.0 1.0 89.97 3.21474358974359 0.0
1.0 0.9980059820538385 89.97 3.2083333333333335 0.01
1.0 0.9860418743768694 89.97 3.1698717948717947 0.02
1.0 0.9780658025922233 89.97 3.144230769230769 0.03
1.0 0.9680957128614157 89.97 3.1121794871794872 0.04
1.0 0.9601196410767697 89.97 3.0865384615384617 0.05
1.0 0.9511465603190429 89.97 3.0576923076923075 0.060000000000000005
1.0 0.9511465603190429 89.97 3.0576923076923075 0.07
1.0 0.9431704885343968 89.97 3.032051282051282 0.08
1.0 0.938185443668993 89.97 3.016025641025641 0.09
1.0 0.9332003988035892 89.97 3.0 0.09999999999999999
1.0 0.9302093718843469 89.97 2.9903846153846154 0.10999999999999999
1.0 0.9302093718843469 89.97 2.9903846153846154 0.11999999999999998
1.0 0.9242273180458624 89.97 2.9711538461538463 0.12999999999999998
1.0 0.9212362911266201 89.97 2.9615384615384617 0.13999999999999999
1.0 0.9182452642073778 89.97 2.951923076923077 0.15
1.0 0.9142572283150548 89.97 2.9391025641025643 0.16
1.0 0.9102691924227319 89.97 2.926282051282051 0.17
1.0 0.9022931206380858 89.97 2.9006410256410255 0.18000000000000002
1.0 0.8993020937188435 89.97 2.891025641025641 0.19000000000000003
1.0 0.8893320039880359 89.97 2.858974358974359 0.20000000000000004
1.0 0.8823529411764706 89.97 2.8365384615384617 0.21000000000000005
1.0 0.8783649052841476 89.97 2.823717948717949 0.22000000000000006
1.0 0.8743768693918246 89.97 2.8108974358974357 0.23000000000000007
1.0 0.872382851445663 89.97 2.8044871794871793 0.24000000000000007
1.0 0.8703888334995015 89.97 2.798076923076923 0.25000000000000006
1.0 0.8693918245264207 89.97 2.7948717948717947 0.26000000000000006
1.0 0.86839481555334 89.97 2.7916666666666665 0.2700000000000001
1.0 0.8673978065802592 89.97 2.7884615384615383 0.2800000000000001
1.0 0.8673978065802592 89.97 2.7884615384615383 0.2900000000000001
1.0 0.8664007976071785 89.97 2.78525641025641 0.3000000000000001
1.0 0.8664007976071785 89.97 2.78525641025641 0.3100000000000001
1.0 0.864406779661017 89.97 2.7788461538461537 0.3200000000000001
1.0 0.8634097706879362 89.97 2.7756410256410255 0.3300000000000001
1.0 0.8624127617148555 89.97 2.7724358974358974 0.34000000000000014
1.0 0.8614157527417746 89.97 2.769230769230769 0.35000000000000014
1.0 0.8584247258225324 89.97 2.7596153846153846 0.36000000000000015
1.0 0.8564307078763709 89.97 2.753205128205128 0.37000000000000016
1.0 0.8534396809571286 89.97 2.7435897435897436 0.38000000000000017
1.0 0.8514456630109671 89.97 2.7371794871794872 0.3900000000000002
1.0 0.8454636091724825 89.97 2.717948717948718 0.4000000000000002
1.0 0.8424725822532403 89.97 2.7083333333333335 0.4100000000000002
1.0 0.8364905284147557 89.97 2.6891025641025643 0.4200000000000002
1.0 0.8315054835493519 89.97 2.673076923076923 0.4300000000000002
1.0 0.8285144566301097 89.97 2.6634615384615383 0.4400000000000002
1.0 0.8215353938185443 89.97 2.641025641025641 0.45000000000000023
1.0 0.8145563310069791 89.97 2.6185897435897436 0.46000000000000024
1.0 0.8125623130608175 89.97 2.6121794871794872 0.47000000000000025
1.0 0.8075772681954138 89.97 2.5961538461538463 0.48000000000000026
1.0 0.8045862412761715 89.97 2.5865384615384617 0.49000000000000027
1.0 0.80259222333001 89.97 2.5801282051282053 0.5000000000000002
1.0 0.8005982053838484 89.97 2.573717948717949 0.5100000000000002
1.0 0.7996011964107677 89.97 2.5705128205128207 0.5200000000000002
1.0 0.7936191425722832 89.97 2.551282051282051 0.5300000000000002
1.0 0.7926221335992024 89.97 2.548076923076923 0.5400000000000003
1.0 0.7896311066799602 89.97 2.5384615384615383 0.5500000000000003
1.0 0.7886340977068793 89.97 2.53525641025641 0.5600000000000003
1.0 0.7876370887337986 89.97 2.532051282051282 0.5700000000000003
1.0 0.7856430707876371 89.97 2.5256410256410255 0.5800000000000003
1.0 0.7846460618145563 89.97 2.5224358974358974 0.5900000000000003
1.0 0.7836490528414756 89.97 2.519230769230769 0.6000000000000003
1.0 0.7806580259222333 89.97 2.5096153846153846 0.6100000000000003
1.0 0.7796610169491526 89.97 2.5064102564102564 0.6200000000000003
1.0 0.7756729810568295 89.97 2.4935897435897436 0.6300000000000003
1.0 0.7706879361914257 89.97 2.4775641025641026 0.6400000000000003
1.0 0.7676969092721835 89.97 2.467948717948718 0.6500000000000004
1.0 0.7637088733798604 89.97 2.4551282051282053 0.6600000000000004
1.0 0.7577268195413759 89.97 2.4358974358974357 0.6700000000000004
1.0 0.748753738783649 89.97 2.407051282051282 0.6800000000000004
1.0 0.7377866400797607 89.97 2.371794871794872 0.6900000000000004
1.0 0.732801595214357 89.97 2.355769230769231 0.7000000000000004
1.0 0.7178464606181456 89.97 2.3076923076923075 0.7100000000000004
1.0 0.7008973080757727 89.97 2.253205128205128 0.7200000000000004
1.0 0.6849451645064806 89.97 2.201923076923077 0.7300000000000004
1.0 0.6689930209371885 89.97 2.1506410256410255 0.7400000000000004
1.0 0.6570289132602194 89.97 2.1121794871794872 0.7500000000000004
1.0 0.6490528414755733 89.97 2.0865384615384617 0.7600000000000005
1.0 0.6410767696909272 89.97 2.0608974358974357 0.7700000000000005
0.9997777036790041 0.6281156530408774 89.95 2.019230769230769 0.7800000000000005
0.9995554073580082 0.6241276171485544 89.93 2.0064102564102564 0.7900000000000005
0.9993331110370124 0.6181455633100698 89.91 1.9871794871794872 0.8000000000000005
0.9977770367900411 0.613160518444666 89.77 1.9711538461538463 0.8100000000000005
0.9952206290985884 0.6111665004985045 89.54 1.9647435897435896 0.8200000000000005
0.990107813715683 0.6081754735792622 89.08 1.955128205128205 0.8300000000000005
0.9823274424808269 0.6011964107676969 88.38 1.9326923076923077 0.8400000000000005
0.9694342558630654 0.5882352941176471 87.22 1.891025641025641 0.8500000000000005
0.9497610314549294 0.5463609172482552 85.45 1.7564102564102564 0.8600000000000005
0.9186395465155052 0.5034895314057827 82.65 1.6185897435897436 0.8700000000000006
0.8810714682672002 0.46061814556331004 79.27 1.4807692307692308 0.8800000000000006
0.8284983883516728 0.4037886340977069 74.54 1.2980769230769231 0.8900000000000006
0.77459153051017 0.32602193419740777 69.69 1.0480769230769231 0.9000000000000006
0.717350227853729 0.2382851445663011 64.54 0.7660256410256411 0.9100000000000006
0.6671112593086584 0.17547357926221335 60.02 0.5641025641025641 0.9200000000000006
0.6298766255418473 0.11465603190428714 56.67 0.3685897435897436 0.9300000000000006
0.6015338446148716 0.07976071784646062 54.12 0.2564102564102564 0.9400000000000006
0.5816383238857397 0.06281156530408774 52.33 0.20192307692307693 0.9500000000000006
0.5668556185395132 0.05084745762711865 51.0 0.16346153846153846 0.9600000000000006
0.5501833944648216 0.049850448654037885 49.5 0.16025641025641027 0.9700000000000006
0.519728798488385 0.049850448654037885 46.76 0.16025641025641027 0.9800000000000006
0.4393686784483717 0.049850448654037885 39.53 0.16025641025641027 0.9900000000000007
0.0 0.0 0.0 0.0
