1.0 1.0 11.24625 22.288888888888888 0.0
1.0 0.6739780658025922 11.24625 15.022222222222222 0.01
1.0 0.5124626121635095 11.24625 11.422222222222222 0.02
1.0 0.45164506480558325 11.24625 10.066666666666666 0.03
1.0 0.4137587238285145 11.24625 9.222222222222221 0.04
1.0 0.38783649052841473 11.24625 8.644444444444444 0.05
1.0 0.34496510468594216 11.24625 7.688888888888889 0.060000000000000005
1.0 0.34496510468594216 11.24625 7.688888888888889 0.07
1.0 0.325024925224327 11.24625 7.2444444444444445 0.08
1.0 0.3180458624127617 11.24625 7.088888888888889 0.09
1.0 0.30309072781655033 11.24625 6.7555555555555555 0.09999999999999999
1.0 0.29112662013958124 11.24625 6.488888888888889 0.10999999999999999
1.0 0.28414755732801594 11.24625 6.333333333333333 0.11999999999999998
1.0 0.27716849451645065 11.24625 6.177777777777778 0.12999999999999998
1.0 0.2741774675972084 11.24625 6.111111111111111 0.13999999999999999
1.0 0.27018943170488535 11.24625 6.022222222222222 0.15
1.0 0.25822532402791626 11.24625 5.7555555555555555 0.16
1.0 0.24825523429710866 11.24625 5.533333333333333 0.17
1.0 0.22831505483549352 11.24625 5.088888888888889 0.18000000000000002
1.0 0.21834496510468593 11.24625 4.866666666666666 0.19000000000000003
1.0 0.21535393818544366 11.24625 4.8 0.20000000000000004
1.0 0.19740777666999004 11.24625 4.4 0.21000000000000005
1.0 0.18743768693918245 11.24625 4.177777777777778 0.22000000000000006
1.0 0.18045862412761715 11.24625 4.022222222222222 0.23000000000000007
1.0 0.17547357926221335 11.24625 3.911111111111111 0.24000000000000007
1.0 0.17048853439680958 11.24625 3.8 0.25000000000000006
1.0 0.1674975074775673 11.24625 3.7333333333333334 0.26000000000000006
1.0 0.16450648055832504 11.24625 3.6666666666666665 0.2700000000000001
1.0 0.1625124626121635 11.24625 3.6222222222222222 0.2800000000000001
1.0 0.16151545363908276 11.24625 3.6 0.2900000000000001
1.0 0.16051844466600199 11.24625 3.577777777777778 0.3000000000000001
1.0 0.15952143569292124 11.24625 3.5555555555555554 0.3100000000000001
1.0 0.15952143569292124 11.24625 3.5555555555555554 0.3200000000000001
1.0 0.15952143569292124 11.24625 3.5555555555555554 0.3300000000000001
1.0 0.1575274177467597 11.24625 3.511111111111111 0.34000000000000014
1.0 0.15553339980059822 11.24625 3.466666666666667 0.35000000000000014
1.0 0.1535393818544367 11.24625 3.422222222222222 0.36000000000000015
1.0 0.14955134596211367 11.24625 3.3333333333333335 0.37000000000000016
1.0 0.1465603190428714 11.24625 3.2666666666666666 0.38000000000000017
1.0 0.1415752741774676 11.24625 3.1555555555555554 0.3900000000000002
1.0 0.13559322033898305 11.24625 3.022222222222222 0.4000000000000002
1.0 0.12662013958125623 11.24625 2.8222222222222224 0.4100000000000002
1.0 0.1156530408773679 11.24625 2.577777777777778 0.4200000000000002
1.0 0.10967098703888335 11.24625 2.4444444444444446 0.4300000000000002
1.0 0.09970089730807577 11.24625 2.2222222222222223 0.4400000000000002
1.0 0.09471585244267199 11.24625 2.111111111111111 0.45000000000000023
1.0 0.0897308075772682 11.24625 2.0 0.46000000000000024
1.0 0.08275174476570289 11.24625 1.8444444444444446 0.47000000000000025
1.0 0.07876370887337986 11.24625 1.7555555555555555 0.48000000000000026
1.0 0.07776669990029911 11.24625 1.7333333333333334 0.49000000000000027
1.0 0.07278165503489531 11.24625 1.6222222222222222 0.5000000000000002
1.0 0.06879361914257229 11.24625 1.5333333333333334 0.5100000000000002
1.0 0.06679960119641076 11.24625 1.488888888888889 0.5200000000000002
1.0 0.06380857427716849 11.24625 1.4222222222222223 0.5300000000000002
1.0 0.06281156530408774 11.24625 1.4 0.5400000000000003
1.0 0.06281156530408774 11.24625 1.4 0.5500000000000003
1.0 0.06281156530408774 11.24625 1.4 0.5600000000000003
1.0 0.05982053838484546 11.24625 1.3333333333333333 0.5700000000000003
1.0 0.05982053838484546 11.24625 1.3333333333333333 0.5800000000000003
1.0 0.058823529411764705 11.24625 1.3111111111111111 0.5900000000000003
1.0 0.05583250249252243 11.24625 1.2444444444444445 0.6000000000000003
1.0 0.05583250249252243 11.24625 1.2444444444444445 0.6100000000000003
1.0 0.054835493519441676 11.24625 1.2222222222222223 0.6200000000000003
1.0 0.0518444666001994 11.24625 1.1555555555555554 0.6300000000000003
1.0 0.05084745762711865 11.24625 1.1333333333333333 0.6400000000000003
1.0 0.05084745762711865 11.24625 1.1333333333333333 0.6500000000000004
1.0 0.045862412761714856 11.24625 1.0222222222222221 0.6600000000000004
1.0 0.0448654037886341 11.24625 1.0 0.6700000000000004
1.0 0.040877367896311065 11.24625 0.9111111111111111 0.6800000000000004
1.0 0.03489531405782652 11.24625 0.7777777777777778 0.6900000000000004
1.0 0.03290129611166501 11.24625 0.7333333333333333 0.7000000000000004
1.0 0.02991026919242273 11.24625 0.6666666666666666 0.7100000000000004
1.0 0.028913260219341975 11.24625 0.6444444444444445 0.7200000000000004
1.0 0.024925224327018942 11.24625 0.5555555555555556 0.7300000000000004
1.0 0.019940179461615155 11.24625 0.4444444444444444 0.7400000000000004
1.0 0.014955134596211365 11.24625 0.3333333333333333 0.7500000000000004
1.0 0.00897308075772682 11.24625 0.2 0.7600000000000005
1.0 0.00897308075772682 11.24625 0.2 0.7700000000000005
1.0 0.007976071784646061 11.24625 0.17777777777777778 0.7800000000000005
1.0 0.005982053838484547 11.24625 0.13333333333333333 0.7900000000000005
1.0 0.004985044865403789 11.24625 0.1111111111111111 0.8000000000000005
1.0 0.004985044865403789 11.24625 0.1111111111111111 0.8100000000000005
1.0 0.004985044865403789 11.24625 0.1111111111111111 0.8200000000000005
1.0 0.004985044865403789 11.24625 0.1111111111111111 0.8300000000000005
1.0 0.004985044865403789 11.24625 0.1111111111111111 0.8400000000000005
1.0 0.004985044865403789 11.24625 0.1111111111111111 0.8500000000000005
0.999888851839502 0.004985044865403789 11.245 0.1111111111111111 0.8600000000000005
0.9997777036790041 0.004985044865403789 11.24375 0.1111111111111111 0.8700000000000006
0.9997777036790041 0.004985044865403789 11.24375 0.1111111111111111 0.8800000000000006
0.9996665555185061 0.003988035892323031 11.2425 0.08888888888888889 0.8900000000000006
0.9995554073580082 0.003988035892323031 11.24125 0.08888888888888889 0.9000000000000006
0.9994442591975102 0.003988035892323031 11.24 0.08888888888888889 0.9100000000000006
0.9994442591975102 0.0029910269192422734 11.24 0.06666666666666667 0.9200000000000006
0.9994442591975102 0.0019940179461615153 11.24 0.044444444444444446 0.9300000000000006
0.9991108147160165 9.970089730807576E-4 11.23625 0.022222222222222223 0.9400000000000006
0.9991108147160165 0.0 11.23625 0.0 0.9500000000000006
0.9988885183950206 0.0 11.23375 0.0 0.9600000000000006
0.9986662220740247 0.0 11.23125 0.0 0.9700000000000006
0.9982216294320329 0.0 11.22625 0.0 0.9800000000000006
0.9938868511726131 0.0 11.1775 0.0 0.9900000000000007
0.0 0.0 0.0 0.0
