1.0 1.0 22.4925 25.075 0.0
1.0 0.9232303090727817 22.4925 23.15 0.01
1.0 0.8693918245264207 22.4925 21.8 0.02
1.0 0.8195413758723828 22.4925 20.55 0.03
1.0 0.7986041874376869 22.4925 20.025 0.04
1.0 0.7766699900299102 22.4925 19.475 0.05
1.0 0.7397806580259222 22.4925 18.55 0.060000000000000005
1.0 0.7397806580259222 22.4925 18.55 0.07
1.0 0.7248255234297108 22.4925 18.175 0.08
1.0 0.7138584247258225 22.4925 17.9 0.09
1.0 0.7028913260219342 22.4925 17.625 0.09999999999999999
1.0 0.6949152542372882 22.4925 17.425 0.10999999999999999
1.0 0.6879361914257228 22.4925 17.25 0.11999999999999998
1.0 0.6839481555333998 22.4925 17.15 0.12999999999999998
1.0 0.678963110667996 22.4925 17.025 0.13999999999999999
1.0 0.6729810568295115 22.4925 16.875 0.15
1.0 0.6630109670987039 22.4925 16.625 0.16
1.0 0.6590229312063809 22.4925 16.525 0.17
1.0 0.634097706879362 22.4925 15.9 0.18000000000000002
1.0 0.6181455633100698 22.4925 15.5 0.19000000000000003
1.0 0.6041874376869392 22.4925 15.15 0.20000000000000004
1.0 0.5942173479561316 22.4925 14.9 0.21000000000000005
1.0 0.5872382851445663 22.4925 14.725 0.22000000000000006
1.0 0.5812562313060817 22.4925 14.575 0.23000000000000007
1.0 0.5732801595214357 22.4925 14.375 0.24000000000000007
1.0 0.5732801595214357 22.4925 14.375 0.25000000000000006
1.0 0.5712861415752741 22.4925 14.325 0.26000000000000006
1.0 0.5672981056829511 22.4925 14.225 0.2700000000000001
1.0 0.5643070787637089 22.4925 14.15 0.2800000000000001
1.0 0.5623130608175474 22.4925 14.1 0.2900000000000001
1.0 0.5613160518444666 22.4925 14.075 0.3000000000000001
1.0 0.559322033898305 22.4925 14.025 0.3100000000000001
1.0 0.5573280159521435 22.4925 13.975 0.3200000000000001
1.0 0.555333998005982 22.4925 13.925 0.3300000000000001
1.0 0.5533399800598205 22.4925 13.875 0.34000000000000014
1.0 0.5483549351944168 22.4925 13.75 0.35000000000000014
1.0 0.5363908275174477 22.4925 13.45 0.36000000000000015
1.0 0.5284147557328016 22.4925 13.25 0.37000000000000016
1.0 0.5174476570289133 22.4925 12.975 0.38000000000000017
1.0 0.5104685942173479 22.4925 12.8 0.3900000000000002
1.0 0.5014955134596212 22.4925 12.575 0.4000000000000002
1.0 0.4945164506480558 22.4925 12.4 0.4100000000000002
1.0 0.481555333998006 22.4925 12.075 0.4200000000000002
1.0 0.46360917248255235 22.4925 11.625 0.4300000000000002
1.0 0.45164506480558325 22.4925 11.325 0.4400000000000002
1.0 0.43768693918245266 22.4925 10.975 0.45000000000000023
1.0 0.423728813559322 22.4925 10.625 0.46000000000000024
1.0 0.4127617148554337 22.4925 10.35 0.47000000000000025
1.0 0.4057826520438684 22.4925 10.175 0.48000000000000026
1.0 0.39780658025922233 22.4925 9.975 0.49000000000000027
1.0 0.39282153539381853 22.4925 9.85 0.5000000000000002
1.0 0.39082751744765704 22.4925 9.8 0.5100000000000002
1.0 0.38584247258225324 22.4925 9.675 0.5200000000000002
1.0 0.3798604187437687 22.4925 9.525 0.5300000000000002
1.0 0.3778664007976072 22.4925 9.475 0.5400000000000003
1.0 0.3778664007976072 22.4925 9.475 0.5500000000000003
1.0 0.37686939182452645 22.4925 9.45 0.5600000000000003
1.0 0.3748753738783649 22.4925 9.4 0.5700000000000003
1.0 0.3728813559322034 22.4925 9.35 0.5800000000000003
1.0 0.3728813559322034 22.4925 9.35 0.5900000000000003
1.0 0.3698903290129611 22.4925 9.275 0.6000000000000003
1.0 0.36490528414755735 22.4925 9.15 0.6100000000000003
1.0 0.36191425722831505 22.4925 9.075 0.6200000000000003
1.0 0.353938185443669 22.4925 8.875 0.6300000000000003
1.0 0.34795613160518446 22.4925 8.725 0.6400000000000003
1.0 0.3419740777666999 22.4925 8.575 0.6500000000000004
1.0 0.33300099700897307 22.4925 8.35 0.6600000000000004
1.0 0.3240279162512463 22.4925 8.125 0.6700000000000004
1.0 0.3140578265204387 22.4925 7.875 0.6800000000000004
1.0 0.3050847457627119 22.4925 7.65 0.6900000000000004
1.0 0.29112662013958124 22.4925 7.3 0.7000000000000004
1.0 0.27218344965104685 22.4925 6.825 0.7100000000000004
1.0 0.26021934197407776 22.4925 6.525 0.7200000000000004
1.0 0.24027916251246262 22.4925 6.025 0.7300000000000004
1.0 0.22432701894317048 22.4925 5.625 0.7400000000000004
1.0 0.2073778664007976 22.4925 5.2 0.7500000000000004
1.0 0.1914257228315055 22.4925 4.8 0.7600000000000005
1.0 0.18544366899302095 22.4925 4.65 0.7700000000000005
1.0 0.17647058823529413 22.4925 4.425 0.7800000000000005
1.0 0.17048853439680958 22.4925 4.275 0.7900000000000005
1.0 0.16650049850448653 22.4925 4.175 0.8000000000000005
1.0 0.16450648055832504 22.4925 4.125 0.8100000000000005
0.999888851839502 0.16051844466600199 22.49 4.025 0.8200000000000005
0.9996665555185061 0.1585244267198405 22.485 3.975 0.8300000000000005
0.9988885183950206 0.15653040877367896 22.4675 3.925 0.8400000000000005
0.998110481271535 0.15254237288135594 22.45 3.825 0.8500000000000005
0.9957763699010781 0.14755732801595214 22.3975 3.7 0.8600000000000005
0.992108480604646 0.13858424725822532 22.315 3.475 0.8700000000000006
0.9881071468267201 0.12362911266201396 22.225 3.1 0.8800000000000006
0.9817717016783373 0.10568295114656032 22.0825 2.65 0.8900000000000006
0.9745470712459708 0.08275174476570289 21.92 2.075 0.9000000000000006
0.9657663665666333 0.06679960119641076 21.7225 1.675 0.9100000000000006
0.9610981438257197 0.05084745762711865 21.6175 1.275 0.9200000000000006
0.9560964766033122 0.03489531405782652 21.505 0.875 0.9300000000000006
0.9522062909858842 0.026919242273180457 21.4175 0.675 0.9400000000000006
0.9494275869734355 0.022931206380857428 21.355 0.575 0.9500000000000006
0.9449816605535178 0.02193419740777667 21.255 0.55 0.9600000000000006
0.9380904746026453 0.020937188434695914 21.1 0.525 0.9700000000000006
0.9233077692564188 0.019940179461615155 20.7675 0.5 0.9800000000000006
0.8769589863287762 0.019940179461615155 19.725 0.5 0.9900000000000007
0.0 0.0 0.0 0.0
