1.0 1.0 9.996666666666666 20.06 0.0
1.0 0.5972083748753739 9.996666666666666 11.98 0.01
1.0 0.481555333998006 9.996666666666666 9.66 0.02
1.0 0.4247258225324028 9.996666666666666 8.52 0.03
1.0 0.39980059820538383 9.996666666666666 8.02 0.04
1.0 0.37188434695912265 9.996666666666666 7.46 0.05
1.0 0.34297108673978066 9.996666666666666 6.88 0.060000000000000005
1.0 0.34297108673978066 9.996666666666666 6.88 0.07
1.0 0.3270189431704885 9.996666666666666 6.56 0.08
1.0 0.3160518444666002 9.996666666666666 6.34 0.09
1.0 0.30608175473579263 9.996666666666666 6.14 0.09999999999999999
1.0 0.29910269192422734 9.996666666666666 6.0 0.10999999999999999
1.0 0.2931206380857428 9.996666666666666 5.88 0.11999999999999998
1.0 0.2901296111665005 9.996666666666666 5.82 0.12999999999999998
1.0 0.2851445663010967 9.996666666666666 5.72 0.13999999999999999
1.0 0.2811565304087737 9.996666666666666 5.64 0.15
1.0 0.2711864406779661 9.996666666666666 5.44 0.16
1.0 0.2612163509471585 9.996666666666666 5.24 0.17
1.0 0.25124626121635096 9.996666666666666 5.04 0.18000000000000002
1.0 0.24426719840478564 9.996666666666666 4.9 0.19000000000000003
1.0 0.23728813559322035 9.996666666666666 4.76 0.20000000000000004
1.0 0.2313060817547358 9.996666666666666 4.64 0.21000000000000005
1.0 0.22233300099700898 9.996666666666666 4.46 0.22000000000000006
1.0 0.21734795613160518 9.996666666666666 4.36 0.23000000000000007
1.0 0.21635094715852443 9.996666666666666 4.34 0.24000000000000007
1.0 0.21136590229312063 9.996666666666666 4.24 0.25000000000000006
1.0 0.21136590229312063 9.996666666666666 4.24 0.26000000000000006
1.0 0.20937188434695914 9.996666666666666 4.2 0.2700000000000001
1.0 0.20837487537387836 9.996666666666666 4.18 0.2800000000000001
1.0 0.2073778664007976 9.996666666666666 4.16 0.2900000000000001
1.0 0.2053838484546361 9.996666666666666 4.12 0.3000000000000001
1.0 0.2053838484546361 9.996666666666666 4.12 0.3100000000000001
1.0 0.20438683948155534 9.996666666666666 4.1 0.3200000000000001
1.0 0.20438683948155534 9.996666666666666 4.1 0.3300000000000001
1.0 0.19940179461615154 9.996666666666666 4.0 0.34000000000000014
1.0 0.1984047856430708 9.996666666666666 3.98 0.35000000000000014
1.0 0.19740777666999004 9.996666666666666 3.96 0.36000000000000015
1.0 0.19541375872382852 9.996666666666666 3.92 0.37000000000000016
1.0 0.19242273180458624 9.996666666666666 3.86 0.38000000000000017
1.0 0.19042871385842472 9.996666666666666 3.82 0.3900000000000002
1.0 0.18843469591226322 9.996666666666666 3.78 0.4000000000000002
1.0 0.18245264207377868 9.996666666666666 3.66 0.4100000000000002
1.0 0.17846460618145563 9.996666666666666 3.58 0.4200000000000002
1.0 0.17547357926221335 9.996666666666666 3.52 0.4300000000000002
1.0 0.17148554336989033 9.996666666666666 3.44 0.4400000000000002
1.0 0.17048853439680958 9.996666666666666 3.42 0.45000000000000023
1.0 0.16450648055832504 9.996666666666666 3.3 0.46000000000000024
1.0 0.15952143569292124 9.996666666666666 3.2 0.47000000000000025
1.0 0.1575274177467597 9.996666666666666 3.16 0.48000000000000026
1.0 0.15154536390827517 9.996666666666666 3.04 0.49000000000000027
1.0 0.1485543369890329 9.996666666666666 2.98 0.5000000000000002
1.0 0.1465603190428714 9.996666666666666 2.94 0.5100000000000002
1.0 0.14257228315054835 9.996666666666666 2.86 0.5200000000000002
1.0 0.14057826520438685 9.996666666666666 2.82 0.5300000000000002
1.0 0.13958125623130607 9.996666666666666 2.8 0.5400000000000003
1.0 0.13858424725822532 9.996666666666666 2.78 0.5500000000000003
1.0 0.13758723828514458 9.996666666666666 2.76 0.5600000000000003
1.0 0.1365902293120638 9.996666666666666 2.74 0.5700000000000003
1.0 0.13359920239282153 9.996666666666666 2.68 0.5800000000000003
1.0 0.13260219341974078 9.996666666666666 2.66 0.5900000000000003
1.0 0.13260219341974078 9.996666666666666 2.66 0.6000000000000003
1.0 0.13260219341974078 9.996666666666666 2.66 0.6100000000000003
1.0 0.13060817547357925 9.996666666666666 2.62 0.6200000000000003
1.0 0.1296111665004985 9.996666666666666 2.6 0.6300000000000003
1.0 0.1296111665004985 9.996666666666666 2.6 0.6400000000000003
1.0 0.1296111665004985 9.996666666666666 2.6 0.6500000000000004
1.0 0.1296111665004985 9.996666666666666 2.6 0.6600000000000004
1.0 0.12761714855433698 9.996666666666666 2.56 0.6700000000000004
1.0 0.12462612163509472 9.996666666666666 2.5 0.6800000000000004
1.0 0.12163509471585245 9.996666666666666 2.44 0.6900000000000004
1.0 0.11964107676969092 9.996666666666666 2.4 0.7000000000000004
1.0 0.11764705882352941 9.996666666666666 2.36 0.7100000000000004
1.0 0.11465603190428714 9.996666666666666 2.3 0.7200000000000004
1.0 0.11465603190428714 9.996666666666666 2.3 0.7300000000000004
1.0 0.1106679960119641 9.996666666666666 2.22 0.7400000000000004
1.0 0.10667996011964108 9.996666666666666 2.14 0.7500000000000004
1.0 0.10269192422731804 9.996666666666666 2.06 0.7600000000000005
1.0 0.1016949152542373 9.996666666666666 2.04 0.7700000000000005
1.0 0.09970089730807577 9.996666666666666 2.0 0.7800000000000005
1.0 0.09870388833499502 9.996666666666666 1.98 0.7900000000000005
1.0 0.09870388833499502 9.996666666666666 1.98 0.8000000000000005
1.0 0.0967098703888335 9.996666666666666 1.94 0.8100000000000005
1.0 0.0967098703888335 9.996666666666666 1.94 0.8200000000000005
1.0 0.09571286141575275 9.996666666666666 1.92 0.8300000000000005
1.0 0.09571286141575275 9.996666666666666 1.92 0.8400000000000005
1.0 0.09571286141575275 9.996666666666666 1.92 0.8500000000000005
0.999888851839502 0.09571286141575275 9.995555555555555 1.92 0.8600000000000005
0.999888851839502 0.09571286141575275 9.995555555555555 1.92 0.8700000000000006
0.999888851839502 0.09471585244267199 9.995555555555555 1.9 0.8800000000000006
0.9997777036790041 0.09371884346959122 9.994444444444444 1.88 0.8900000000000006
0.9997777036790041 0.09272183449651047 9.994444444444444 1.86 0.9000000000000006
0.9997777036790041 0.09072781655034895 9.994444444444444 1.82 0.9100000000000006
0.9995554073580082 0.08873379860418744 9.992222222222223 1.78 0.9200000000000006
0.9991108147160165 0.08773678963110668 9.987777777777778 1.76 0.9300000000000006
0.9989996665555185 0.08574277168494517 9.986666666666666 1.72 0.9400000000000006
0.9984439257530288 0.08574277168494517 9.981111111111112 1.72 0.9500000000000006
0.9982216294320329 0.08574277168494517 9.97888888888889 1.72 0.9600000000000006
0.9976658886295432 0.08574277168494517 9.973333333333333 1.72 0.9700000000000006
0.9969989996665555 0.08574277168494517 9.966666666666667 1.72 0.9800000000000006
0.9944425919751028 0.08574277168494517 9.94111111111111 1.72 0.9900000000000007
0.0 0.0 0.0 0.0
