1.0 1.0 89.97 6.470967741935484 0.0
1.0 1.0 89.97 6.470967741935484 0.01
1.0 0.9970089730807578 89.97 6.451612903225806 0.02
1.0 0.9930209371884346 89.97 6.425806451612903 0.03
1.0 0.9880358923230309 89.97 6.393548387096774 0.04
1.0 0.9850448654037887 89.97 6.374193548387097 0.05
1.0 0.9810568295114656 89.97 6.348387096774194 0.060000000000000005
1.0 0.9810568295114656 89.97 6.348387096774194 0.07
1.0 0.9810568295114656 89.97 6.348387096774194 0.08
1.0 0.9750747756729811 89.97 6.309677419354839 0.09
1.0 0.9730807577268196 89.97 6.296774193548387 0.09999999999999999
1.0 0.9730807577268196 89.97 6.296774193548387 0.10999999999999999
1.0 0.9710867397806581 89.97 6.283870967741936 0.11999999999999998
1.0 0.9710867397806581 89.97 6.283870967741936 0.12999999999999998
1.0 0.9710867397806581 89.97 6.283870967741936 0.13999999999999999
1.0 0.9710867397806581 89.97 6.283870967741936 0.15
1.0 0.9690927218344965 89.97 6.2709677419354835 0.16
1.0 0.9641076769690927 89.97 6.2387096774193544 0.17
1.0 0.9551345962113659 89.97 6.180645161290323 0.18000000000000002
1.0 0.9521435692921236 89.97 6.161290322580645 0.19000000000000003
1.0 0.9501495513459621 89.97 6.148387096774194 0.20000000000000004
1.0 0.9491525423728814 89.97 6.141935483870967 0.21000000000000005
1.0 0.9481555333998006 89.97 6.135483870967742 0.22000000000000006
1.0 0.9461615154536391 89.97 6.122580645161291 0.23000000000000007
1.0 0.9431704885343968 89.97 6.103225806451613 0.24000000000000007
1.0 0.942173479561316 89.97 6.096774193548387 0.25000000000000006
1.0 0.9411764705882353 89.97 6.090322580645161 0.26000000000000006
1.0 0.9411764705882353 89.97 6.090322580645161 0.2700000000000001
1.0 0.9411764705882353 89.97 6.090322580645161 0.2800000000000001
1.0 0.9411764705882353 89.97 6.090322580645161 0.2900000000000001
1.0 0.9411764705882353 89.97 6.090322580645161 0.3000000000000001
1.0 0.9401794616151545 89.97 6.083870967741936 0.3100000000000001
1.0 0.9391824526420738 89.97 6.077419354838709 0.3200000000000001
1.0 0.9391824526420738 89.97 6.077419354838709 0.3300000000000001
1.0 0.938185443668993 89.97 6.070967741935484 0.34000000000000014
1.0 0.938185443668993 89.97 6.070967741935484 0.35000000000000014
1.0 0.9361914257228315 89.97 6.058064516129032 0.36000000000000015
1.0 0.9351944167497508 89.97 6.051612903225807 0.37000000000000016
1.0 0.9322033898305084 89.97 6.032258064516129 0.38000000000000017
1.0 0.9312063808574277 89.97 6.025806451612903 0.3900000000000002
1.0 0.9262213359920239 89.97 5.993548387096774 0.4000000000000002
1.0 0.9242273180458624 89.97 5.980645161290322 0.4100000000000002
1.0 0.9202392821535393 89.97 5.95483870967742 0.4200000000000002
1.0 0.9152542372881356 89.97 5.922580645161291 0.4300000000000002
1.0 0.9102691924227319 89.97 5.890322580645162 0.4400000000000002
1.0 0.9072781655034895 89.97 5.870967741935484 0.45000000000000023
1.0 0.905284147557328 89.97 5.858064516129033 0.46000000000000024
1.0 0.8953140578265204 89.97 5.7935483870967746 0.47000000000000025
1.0 0.8923230309072782 89.97 5.774193548387097 0.48000000000000026
1.0 0.8903290129611167 89.97 5.7612903225806456 0.49000000000000027
1.0 0.8903290129611167 89.97 5.7612903225806456 0.5000000000000002
1.0 0.8893320039880359 89.97 5.754838709677419 0.5100000000000002
1.0 0.8893320039880359 89.97 5.754838709677419 0.5200000000000002
1.0 0.8883349950149552 89.97 5.748387096774193 0.5300000000000002
1.0 0.8883349950149552 89.97 5.748387096774193 0.5400000000000003
1.0 0.8873379860418744 89.97 5.741935483870968 0.5500000000000003
1.0 0.8863409770687937 89.97 5.735483870967742 0.5600000000000003
1.0 0.8863409770687937 89.97 5.735483870967742 0.5700000000000003
1.0 0.8833499501495513 89.97 5.716129032258064 0.5800000000000003
1.0 0.8833499501495513 89.97 5.716129032258064 0.5900000000000003
1.0 0.8813559322033898 89.97 5.703225806451613 0.6000000000000003
1.0 0.8773678963110668 89.97 5.67741935483871 0.6100000000000003
1.0 0.8773678963110668 89.97 5.67741935483871 0.6200000000000003
1.0 0.8733798604187437 89.97 5.651612903225806 0.6300000000000003
1.0 0.8703888334995015 89.97 5.632258064516129 0.6400000000000003
1.0 0.86839481555334 89.97 5.619354838709677 0.6500000000000004
1.0 0.8604187437686939 89.97 5.567741935483871 0.6600000000000004
1.0 0.8494516450648056 89.97 5.496774193548387 0.6700000000000004
1.0 0.839481555333998 89.97 5.432258064516129 0.6800000000000004
1.0 0.8245264207377866 89.97 5.335483870967742 0.6900000000000004
1.0 0.8125623130608175 89.97 5.258064516129032 0.7000000000000004
1.0 0.7916251246261217 89.97 5.122580645161291 0.7100000000000004
1.0 0.7557328015952144 89.97 4.890322580645162 0.7200000000000004
1.0 0.7318045862412762 89.97 4.735483870967742 0.7300000000000004
1.0 0.6999002991026919 89.97 4.529032258064516 0.7400000000000004
1.0 0.6759720837487537 89.97 4.374193548387097 0.7500000000000004
1.0 0.650049850448654 89.97 4.2064516129032254 0.7600000000000005
1.0 0.634097706879362 89.97 4.103225806451613 0.7700000000000005
0.999888851839502 0.6111665004985045 89.96 3.9548387096774196 0.7800000000000005
0.9996665555185061 0.6001994017946162 89.94 3.8838709677419354 0.7900000000000005
0.9992219628765144 0.5952143569292123 89.9 3.8516129032258064 0.8000000000000005
0.9973324441480493 0.5902293120638086 89.73 3.8193548387096774 0.8100000000000005
0.9948871846170946 0.5892323030907278 89.51 3.8129032258064517 0.8200000000000005
0.9906635545181727 0.5732801595214357 89.13 3.7096774193548385 0.8300000000000005
0.9839946648882961 0.5633100697906281 88.53 3.6451612903225805 0.8400000000000005
0.9714349227520285 0.5543369890329013 87.4 3.587096774193548 0.8500000000000005
0.9530954762698677 0.5154536390827518 85.75 3.335483870967742 0.8600000000000005
0.9234189174169167 0.4835493519441675 83.08 3.129032258064516 0.8700000000000006
0.8818495053906857 0.44167497507477566 79.34 2.858064516129032 0.8800000000000006
0.8307213515616316 0.386839481555334 74.74 2.503225806451613 0.8900000000000006
0.7752584194731578 0.3220338983050847 69.75 2.0838709677419356 0.9000000000000006
0.7200177837056797 0.24825523429710866 64.78 1.6064516129032258 0.9100000000000006
0.67189063021007 0.19641076769690927 60.45 1.270967741935484 0.9200000000000006
0.634433700122263 0.1465603190428714 57.08 0.9483870967741935 0.9300000000000006
0.6033122151828387 0.12163509471585245 54.28 0.7870967741935484 0.9400000000000006
0.5824163610092253 0.10967098703888335 52.4 0.7096774193548387 0.9500000000000006
0.565188396132044 0.09970089730807577 50.85 0.6451612903225806 0.9600000000000006
0.5456263198844059 0.09770687936191426 49.09 0.632258064516129 0.9700000000000006
0.5070579081916194 0.09770687936191426 45.62 0.632258064516129 0.9800000000000006
0.4020228965210626 0.0967098703888335 36.17 0.6258064516129033 0.9900000000000007
0.0 0.0 0.0 0.0
