1.0 1.0 12.852857142857143 22.288888888888888 0.0
1.0 0.7058823529411765 12.852857142857143 15.733333333333333 0.01
1.0 0.5992023928215354 12.852857142857143 13.355555555555556 0.02
1.0 0.5533399800598205 12.852857142857143 12.333333333333334 0.03
1.0 0.5264207377866401 12.852857142857143 11.733333333333333 0.04
1.0 0.5034895314057827 12.852857142857143 11.222222222222221 0.05
1.0 0.46560319042871384 12.852857142857143 10.377777777777778 0.060000000000000005
1.0 0.46560319042871384 12.852857142857143 10.377777777777778 0.07
1.0 0.44965104685942175 12.852857142857143 10.022222222222222 0.08
1.0 0.4456630109670987 12.852857142857143 9.933333333333334 0.09
1.0 0.44167497507477566 12.852857142857143 9.844444444444445 0.09999999999999999
1.0 0.43768693918245266 12.852857142857143 9.755555555555556 0.10999999999999999
1.0 0.42572283150548357 12.852857142857143 9.488888888888889 0.11999999999999998
1.0 0.42273180458624127 12.852857142857143 9.422222222222222 0.12999999999999998
1.0 0.41774675972083747 12.852857142857143 9.311111111111112 0.13999999999999999
1.0 0.4097706879361914 12.852857142857143 9.133333333333333 0.15
1.0 0.4037886340977069 12.852857142857143 9.0 0.16
1.0 0.3968095712861416 12.852857142857143 8.844444444444445 0.17
1.0 0.3678963110667996 12.852857142857143 8.2 0.18000000000000002
1.0 0.3589232303090728 12.852857142857143 8.0 0.19000000000000003
1.0 0.3559322033898305 12.852857142857143 7.933333333333334 0.20000000000000004
1.0 0.34995014955134596 12.852857142857143 7.8 0.21000000000000005
1.0 0.34297108673978066 12.852857142857143 7.644444444444445 0.22000000000000006
1.0 0.3349950149551346 12.852857142857143 7.466666666666667 0.23000000000000007
1.0 0.33100697906281157 12.852857142857143 7.377777777777778 0.24000000000000007
1.0 0.32801595214356927 12.852857142857143 7.311111111111111 0.25000000000000006
1.0 0.325024925224327 12.852857142857143 7.2444444444444445 0.26000000000000006
1.0 0.3240279162512463 12.852857142857143 7.222222222222222 0.2700000000000001
1.0 0.3220338983050847 12.852857142857143 7.177777777777778 0.2800000000000001
1.0 0.3160518444666002 12.852857142857143 7.044444444444444 0.2900000000000001
1.0 0.3140578265204387 12.852857142857143 7.0 0.3000000000000001
1.0 0.3100697906281156 12.852857142857143 6.911111111111111 0.3100000000000001
1.0 0.3090727816550349 12.852857142857143 6.888888888888889 0.3200000000000001
1.0 0.3070787637088734 12.852857142857143 6.844444444444444 0.3300000000000001
1.0 0.30608175473579263 12.852857142857143 6.822222222222222 0.34000000000000014
1.0 0.30109670987038883 12.852857142857143 6.711111111111111 0.35000000000000014
1.0 0.2951146560319043 12.852857142857143 6.5777777777777775 0.36000000000000015
1.0 0.2931206380857428 12.852857142857143 6.533333333333333 0.37000000000000016
1.0 0.288135593220339 12.852857142857143 6.4222222222222225 0.38000000000000017
1.0 0.2811565304087737 12.852857142857143 6.266666666666667 0.3900000000000002
1.0 0.2761714855433699 12.852857142857143 6.155555555555556 0.4000000000000002
1.0 0.2711864406779661 12.852857142857143 6.044444444444444 0.4100000000000002
1.0 0.26819541375872386 12.852857142857143 5.977777777777778 0.4200000000000002
1.0 0.2622133599202393 12.852857142857143 5.844444444444444 0.4300000000000002
1.0 0.25324027916251246 12.852857142857143 5.644444444444445 0.4400000000000002
1.0 0.24825523429710866 12.852857142857143 5.533333333333333 0.45000000000000023
1.0 0.24127617148554337 12.852857142857143 5.377777777777778 0.46000000000000024
1.0 0.23529411764705882 12.852857142857143 5.2444444444444445 0.47000000000000025
1.0 0.23230309072781655 12.852857142857143 5.177777777777778 0.48000000000000026
1.0 0.23030907278165502 12.852857142857143 5.133333333333334 0.49000000000000027
1.0 0.22931206380857427 12.852857142857143 5.111111111111111 0.5000000000000002
1.0 0.22731804586241275 12.852857142857143 5.066666666666666 0.5100000000000002
1.0 0.22532402791625125 12.852857142857143 5.022222222222222 0.5200000000000002
1.0 0.22432701894317048 12.852857142857143 5.0 0.5300000000000002
1.0 0.22333000997008973 12.852857142857143 4.977777777777778 0.5400000000000003
1.0 0.2213359920239282 12.852857142857143 4.933333333333334 0.5500000000000003
1.0 0.2213359920239282 12.852857142857143 4.933333333333334 0.5600000000000003
1.0 0.2213359920239282 12.852857142857143 4.933333333333334 0.5700000000000003
1.0 0.2213359920239282 12.852857142857143 4.933333333333334 0.5800000000000003
1.0 0.22033898305084745 12.852857142857143 4.911111111111111 0.5900000000000003
1.0 0.2193419740777667 12.852857142857143 4.888888888888889 0.6000000000000003
1.0 0.21734795613160518 12.852857142857143 4.844444444444444 0.6100000000000003
1.0 0.21635094715852443 12.852857142857143 4.822222222222222 0.6200000000000003
1.0 0.2143569292123629 12.852857142857143 4.777777777777778 0.6300000000000003
1.0 0.2123629112662014 12.852857142857143 4.733333333333333 0.6400000000000003
1.0 0.2123629112662014 12.852857142857143 4.733333333333333 0.6500000000000004
1.0 0.20837487537387836 12.852857142857143 4.644444444444445 0.6600000000000004
1.0 0.2033898305084746 12.852857142857143 4.533333333333333 0.6700000000000004
1.0 0.20039880358923232 12.852857142857143 4.466666666666667 0.6800000000000004
1.0 0.1914257228315055 12.852857142857143 4.266666666666667 0.6900000000000004
1.0 0.18444666001994017 12.852857142857143 4.111111111111111 0.7000000000000004
1.0 0.17647058823529413 12.852857142857143 3.933333333333333 0.7100000000000004
1.0 0.1694915254237288 12.852857142857143 3.7777777777777777 0.7200000000000004
1.0 0.16550348953140578 12.852857142857143 3.688888888888889 0.7300000000000004
1.0 0.16350947158524426 12.852857142857143 3.6444444444444444 0.7400000000000004
1.0 0.14955134596211367 12.852857142857143 3.3333333333333335 0.7500000000000004
1.0 0.14356929212362912 12.852857142857143 3.2 0.7600000000000005
1.0 0.1365902293120638 12.852857142857143 3.0444444444444443 0.7700000000000005
1.0 0.13559322033898305 12.852857142857143 3.022222222222222 0.7800000000000005
0.999888851839502 0.13160518444666003 12.851428571428572 2.933333333333333 0.7900000000000005
0.999888851839502 0.13060817547357925 12.851428571428572 2.911111111111111 0.8000000000000005
0.999888851839502 0.12861415752741776 12.851428571428572 2.8666666666666667 0.8100000000000005
0.999888851839502 0.12761714855433698 12.851428571428572 2.8444444444444446 0.8200000000000005
0.9997777036790041 0.12562313060817548 12.85 2.8 0.8300000000000005
0.9997777036790041 0.1226321036889332 12.85 2.7333333333333334 0.8400000000000005
0.9997777036790041 0.12063808574277168 12.85 2.688888888888889 0.8500000000000005
0.9996665555185061 0.11964107676969092 12.848571428571429 2.6666666666666665 0.8600000000000005
0.9995554073580082 0.11764705882352941 12.847142857142858 2.6222222222222222 0.8700000000000006
0.9989996665555185 0.11665004985044865 12.84 2.6 0.8800000000000006
0.9983327775925308 0.11465603190428714 12.831428571428571 2.5555555555555554 0.8900000000000006
0.9975547404690452 0.1106679960119641 12.821428571428571 2.466666666666667 0.9000000000000006
0.9973324441480493 0.1036889332003988 12.81857142857143 2.311111111111111 0.9100000000000006
0.9969989996665555 0.09970089730807577 12.814285714285715 2.2222222222222223 0.9200000000000006
0.9965544070245638 0.09371884346959122 12.808571428571428 2.088888888888889 0.9300000000000006
0.995998666222074 0.09272183449651047 12.801428571428572 2.066666666666667 0.9400000000000006
0.9956652217405801 0.09272183449651047 12.797142857142857 2.066666666666667 0.9500000000000006
0.9949983327775925 0.09272183449651047 12.788571428571428 2.066666666666667 0.9600000000000006
0.9932199622096254 0.09272183449651047 12.765714285714285 2.066666666666667 0.9700000000000006
0.9906635545181727 0.09272183449651047 12.732857142857142 2.066666666666667 0.9800000000000006
0.9775480715794154 0.09272183449651047 12.564285714285715 2.066666666666667 0.9900000000000007
0.0 0.0 0.0 0.0
