0.0 0.6979062811565304 0.0 25.0 0.0
0.0 0.6809571286141576 0.0 24.392857142857142 0.01
0.0 0.6301096709870389 0.0 22.571428571428573 0.02
0.0 0.6071784646061814 0.0 21.75 0.03
0.0 0.5922233300099701 0.0 21.214285714285715 0.04
0.0 0.5872382851445663 0.0 21.035714285714285 0.05
0.0 0.5663010967098704 0.0 20.285714285714285 0.060000000000000005
0.0 0.5663010967098704 0.0 20.285714285714285 0.07
0.0 0.5603190428713859 0.0 20.071428571428573 0.08
0.0 0.555333998005982 0.0 19.892857142857142 0.09
0.0 0.551345962113659 0.0 19.75 0.09999999999999999
0.0 0.5483549351944168 0.0 19.642857142857142 0.10999999999999999
0.0 0.543369890329013 0.0 19.464285714285715 0.11999999999999998
0.0 0.5413758723828515 0.0 19.392857142857142 0.12999999999999998
0.0 0.5383848454636092 0.0 19.285714285714285 0.13999999999999999
0.0 0.5324027916251246 0.0 19.071428571428573 0.15
0.0 0.5314057826520439 0.0 19.035714285714285 0.16
0.0 0.5294117647058824 0.0 18.964285714285715 0.17
0.0 0.5234297108673978 0.0 18.75 0.18000000000000002
0.0 0.5234297108673978 0.0 18.75 0.19000000000000003
0.0 0.518444666001994 0.0 18.571428571428573 0.20000000000000004
0.0 0.5134596211365903 0.0 18.392857142857142 0.21000000000000005
0.0 0.5134596211365903 0.0 18.392857142857142 0.22000000000000006
0.0 0.5044865403788634 0.0 18.071428571428573 0.23000000000000007
0.0 0.5034895314057827 0.0 18.035714285714285 0.24000000000000007
0.0 0.49750747756729813 0.0 17.821428571428573 0.25000000000000006
0.0 0.49750747756729813 0.0 17.821428571428573 0.26000000000000006
0.0 0.4915254237288136 0.0 17.607142857142858 0.2700000000000001
0.0 0.48953140578265203 0.0 17.535714285714285 0.2800000000000001
0.0 0.48753738783649053 0.0 17.464285714285715 0.2900000000000001
0.0 0.4835493519441675 0.0 17.321428571428573 0.3000000000000001
0.0 0.47756729810568294 0.0 17.107142857142858 0.3100000000000001
0.0 0.47756729810568294 0.0 17.107142857142858 0.3200000000000001
0.0 0.47557328015952144 0.0 17.035714285714285 0.3300000000000001
0.0 0.47357926221335994 0.0 16.964285714285715 0.34000000000000014
0.0 0.47357926221335994 0.0 16.964285714285715 0.35000000000000014
0.0 0.47258225324027914 0.0 16.928571428571427 0.36000000000000015
0.0 0.47058823529411764 0.0 16.857142857142858 0.37000000000000016
0.0 0.47058823529411764 0.0 16.857142857142858 0.38000000000000017
0.0 0.47058823529411764 0.0 16.857142857142858 0.3900000000000002
0.0 0.4675972083748754 0.0 16.75 0.4000000000000002
0.0 0.46560319042871384 0.0 16.678571428571427 0.4100000000000002
0.0 0.4646061814556331 0.0 16.642857142857142 0.4200000000000002
0.0 0.46161515453639085 0.0 16.535714285714285 0.4300000000000002
0.0 0.4576271186440678 0.0 16.392857142857142 0.4400000000000002
0.0 0.4556331006979063 0.0 16.321428571428573 0.45000000000000023
0.0 0.452642073778664 0.0 16.214285714285715 0.46000000000000024
0.0 0.452642073778664 0.0 16.214285714285715 0.47000000000000025
0.0 0.44865403788634095 0.0 16.071428571428573 0.48000000000000026
0.0 0.4456630109670987 0.0 15.964285714285714 0.49000000000000027
0.0 0.4436689930209372 0.0 15.892857142857142 0.5000000000000002
0.0 0.4406779661016949 0.0 15.785714285714286 0.5100000000000002
0.0 0.43768693918245266 0.0 15.678571428571429 0.5200000000000002
0.0 0.42971086739780656 0.0 15.392857142857142 0.5300000000000002
0.0 0.4267198404785643 0.0 15.285714285714286 0.5400000000000003
0.0 0.42572283150548357 0.0 15.25 0.5500000000000003
0.0 0.42572283150548357 0.0 15.25 0.5600000000000003
0.0 0.419740777666999 0.0 15.035714285714286 0.5700000000000003
0.0 0.4187437686939183 0.0 15.0 0.5800000000000003
0.0 0.41575274177467597 0.0 14.892857142857142 0.5900000000000003
0.0 0.4147557328015952 0.0 14.857142857142858 0.6000000000000003
0.0 0.4107676969092722 0.0 14.714285714285714 0.6100000000000003
0.0 0.4047856430707876 0.0 14.5 0.6200000000000003
0.0 0.3988035892323031 0.0 14.285714285714286 0.6300000000000003
0.0 0.3968095712861416 0.0 14.214285714285714 0.6400000000000003
0.0 0.39581256231306083 0.0 14.178571428571429 0.6500000000000004
0.0 0.3948155533399801 0.0 14.142857142857142 0.6600000000000004
0.0 0.38783649052841473 0.0 13.892857142857142 0.6700000000000004
0.0 0.38584247258225324 0.0 13.821428571428571 0.6800000000000004
0.0 0.38384845463609174 0.0 13.75 0.6900000000000004
0.0 0.382851445663011 0.0 13.714285714285714 0.7000000000000004
0.0 0.3818544366899302 0.0 13.678571428571429 0.7100000000000004
0.0 0.3818544366899302 0.0 13.678571428571429 0.7200000000000004
0.0 0.3778664007976072 0.0 13.535714285714286 0.7300000000000004
0.0 0.37387836490528414 0.0 13.392857142857142 0.7400000000000004
0.0 0.3678963110667996 0.0 13.178571428571429 0.7500000000000004
0.0 0.3629112662013958 0.0 13.0 0.7600000000000005
0.0 0.35992023928215355 0.0 12.892857142857142 0.7700000000000005
0.0 0.35493519441674976 0.0 12.714285714285714 0.7800000000000005
0.0 0.3489531405782652 0.0 12.5 0.7900000000000005
0.0 0.3489531405782652 0.0 12.5 0.8000000000000005
0.0 0.3469591226321037 0.0 12.428571428571429 0.8100000000000005
0.0 0.3459621136590229 0.0 12.392857142857142 0.8200000000000005
0.0 0.34097706879361916 0.0 12.214285714285714 0.8300000000000005
0.0 0.3369890329012961 0.0 12.071428571428571 0.8400000000000005
0.0 0.3339980059820538 0.0 11.964285714285714 0.8500000000000005
0.0 0.3300099700897308 0.0 11.821428571428571 0.8600000000000005
0.0 0.325024925224327 0.0 11.642857142857142 0.8700000000000006
0.0 0.3200398803589232 0.0 11.464285714285714 0.8800000000000006
0.0 0.31306081754735793 0.0 11.214285714285714 0.8900000000000006
0.0 0.3000997008973081 0.0 10.75 0.9000000000000006
0.0 0.2951146560319043 0.0 10.571428571428571 0.9100000000000006
0.0 0.2851445663010967 0.0 10.214285714285714 0.9200000000000006
0.0 0.27716849451645065 0.0 9.928571428571429 0.9300000000000006
0.0 0.26520438683948155 0.0 9.5 0.9400000000000006
0.0 0.24825523429710866 0.0 8.892857142857142 0.9500000000000006
0.0 0.23429710867397807 0.0 8.392857142857142 0.9600000000000006
0.0 0.2123629112662014 0.0 7.607142857142857 0.9700000000000006
0.0 0.18444666001994017 0.0 6.607142857142857 0.9800000000000006
0.0 0.14556331006979062 0.0 5.214285714285714 0.9900000000000007
0.0 0.0 0.0 0.0
