1.0 1.0 14.995 66.86666666666666 0.0
1.0 0.773678963110668 14.995 51.733333333333334 0.01
1.0 0.6321036889332003 14.995 42.266666666666666 0.02
1.0 0.5892323030907278 14.995 39.4 0.03
1.0 0.5573280159521435 14.995 37.266666666666666 0.04
1.0 0.5194416749750748 14.995 34.733333333333334 0.05
1.0 0.4675972083748754 14.995 31.266666666666666 0.060000000000000005
1.0 0.4675972083748754 14.995 31.266666666666666 0.07
1.0 0.44865403788634095 14.995 30.0 0.08
1.0 0.43270189431704886 14.995 28.933333333333334 0.09
1.0 0.42073778664007977 14.995 28.133333333333333 0.09999999999999999
1.0 0.41575274177467597 14.995 27.8 0.10999999999999999
1.0 0.4117647058823529 14.995 27.533333333333335 0.11999999999999998
0.999888851839502 0.40279162512462613 14.993333333333334 26.933333333333334 0.12999999999999998
0.999888851839502 0.39980059820538383 14.993333333333334 26.733333333333334 0.13999999999999999
0.999888851839502 0.39082751744765704 14.993333333333334 26.133333333333333 0.15
0.999888851839502 0.382851445663011 14.993333333333334 25.6 0.16
0.999888851839502 0.3708873379860419 14.993333333333334 24.8 0.17
0.999888851839502 0.3509471585244267 14.993333333333334 23.466666666666665 0.18000000000000002
0.999888851839502 0.3389830508474576 14.993333333333334 22.666666666666668 0.19000000000000003
0.999888851839502 0.33100697906281157 14.993333333333334 22.133333333333333 0.20000000000000004
0.999888851839502 0.3240279162512463 14.993333333333334 21.666666666666668 0.21000000000000005
0.999888851839502 0.3120638085742772 14.993333333333334 20.866666666666667 0.22000000000000006
0.999888851839502 0.3070787637088734 14.993333333333334 20.533333333333335 0.23000000000000007
0.999888851839502 0.29810568295114653 14.993333333333334 19.933333333333334 0.24000000000000007
0.999888851839502 0.292123629112662 14.993333333333334 19.533333333333335 0.25000000000000006
0.999888851839502 0.2901296111665005 14.993333333333334 19.4 0.26000000000000006
0.999888851839502 0.28414755732801594 14.993333333333334 19.0 0.2700000000000001
0.999888851839502 0.28015952143569295 14.993333333333334 18.733333333333334 0.2800000000000001
0.999888851839502 0.27716849451645065 14.993333333333334 18.533333333333335 0.2900000000000001
0.999888851839502 0.2761714855433699 14.993333333333334 18.466666666666665 0.3000000000000001
0.999888851839502 0.27517447657028915 14.993333333333334 18.4 0.3100000000000001
0.999888851839502 0.27218344965104685 14.993333333333334 18.2 0.3200000000000001
0.999888851839502 0.2691924227318046 14.993333333333334 18.0 0.3300000000000001
0.999888851839502 0.26719840478564305 14.993333333333334 17.866666666666667 0.34000000000000014
0.999888851839502 0.26520438683948155 14.993333333333334 17.733333333333334 0.35000000000000014
0.999888851839502 0.26021934197407776 14.993333333333334 17.4 0.36000000000000015
0.999888851839502 0.26021934197407776 14.993333333333334 17.4 0.37000000000000016
0.999888851839502 0.25124626121635096 14.993333333333334 16.8 0.38000000000000017
0.999888851839502 0.2502492522432702 14.993333333333334 16.733333333333334 0.3900000000000002
0.999888851839502 0.24127617148554337 14.993333333333334 16.133333333333333 0.4000000000000002
0.999888851839502 0.23629112662013957 14.993333333333334 15.8 0.4100000000000002
0.999888851839502 0.22731804586241275 14.993333333333334 15.2 0.4200000000000002
0.999888851839502 0.22033898305084745 14.993333333333334 14.733333333333333 0.4300000000000002
0.999888851839502 0.21036889332003988 14.993333333333334 14.066666666666666 0.4400000000000002
0.999888851839502 0.20139581256231306 14.993333333333334 13.466666666666667 0.45000000000000023
0.999888851839502 0.1914257228315055 14.993333333333334 12.8 0.46000000000000024
0.999888851839502 0.19042871385842472 14.993333333333334 12.733333333333333 0.47000000000000025
0.999888851839502 0.18444666001994017 14.993333333333334 12.333333333333334 0.48000000000000026
0.999888851839502 0.17746759720837488 14.993333333333334 11.866666666666667 0.49000000000000027
0.999888851839502 0.1744765702891326 14.993333333333334 11.666666666666666 0.5000000000000002
0.999888851839502 0.1674975074775673 14.993333333333334 11.2 0.5100000000000002
0.999888851839502 0.16051844466600199 14.993333333333334 10.733333333333333 0.5200000000000002
0.999888851839502 0.15453639082751744 14.993333333333334 10.333333333333334 0.5300000000000002
0.999888851839502 0.15254237288135594 14.993333333333334 10.2 0.5400000000000003
0.999888851839502 0.15154536390827517 14.993333333333334 10.133333333333333 0.5500000000000003
0.999888851839502 0.14955134596211367 14.993333333333334 10.0 0.5600000000000003
0.999888851839502 0.14955134596211367 14.993333333333334 10.0 0.5700000000000003
0.999888851839502 0.1485543369890329 14.993333333333334 9.933333333333334 0.5800000000000003
0.999888851839502 0.1465603190428714 14.993333333333334 9.8 0.5900000000000003
0.999888851839502 0.1465603190428714 14.993333333333334 9.8 0.6000000000000003
0.999888851839502 0.14356929212362912 14.993333333333334 9.6 0.6100000000000003
0.999888851839502 0.14257228315054835 14.993333333333334 9.533333333333333 0.6200000000000003
0.999888851839502 0.1415752741774676 14.993333333333334 9.466666666666667 0.6300000000000003
0.999888851839502 0.13858424725822532 14.993333333333334 9.266666666666667 0.6400000000000003
0.999888851839502 0.13758723828514458 14.993333333333334 9.2 0.6500000000000004
0.999888851839502 0.1345962113659023 14.993333333333334 9.0 0.6600000000000004
0.999888851839502 0.1296111665004985 14.993333333333334 8.666666666666666 0.6700000000000004
0.999888851839502 0.12462612163509472 14.993333333333334 8.333333333333334 0.6800000000000004
0.999888851839502 0.11864406779661017 14.993333333333334 7.933333333333334 0.6900000000000004
0.999888851839502 0.11365902293120637 14.993333333333334 7.6 0.7000000000000004
0.999888851839502 0.10468594217347957 14.993333333333334 7.0 0.7100000000000004
0.999888851839502 0.09371884346959122 14.993333333333334 6.266666666666667 0.7200000000000004
0.999888851839502 0.08175473579262213 14.993333333333334 5.466666666666667 0.7300000000000004
0.999888851839502 0.07178464606181456 14.993333333333334 4.8 0.7400000000000004
0.999888851839502 0.06480558325024925 14.993333333333334 4.333333333333333 0.7500000000000004
0.999888851839502 0.05682951146560319 14.993333333333334 3.8 0.7600000000000005
0.999888851839502 0.054835493519441676 14.993333333333334 3.6666666666666665 0.7700000000000005
0.999888851839502 0.05084745762711865 14.993333333333334 3.4 0.7800000000000005
0.999888851839502 0.047856430707876374 14.993333333333334 3.2 0.7900000000000005
0.999888851839502 0.045862412761714856 14.993333333333334 3.066666666666667 0.8000000000000005
0.999888851839502 0.0448654037886341 14.993333333333334 3.0 0.8100000000000005
0.999888851839502 0.04386839481555334 14.993333333333334 2.933333333333333 0.8200000000000005
0.9997777036790041 0.04386839481555334 14.991666666666667 2.933333333333333 0.8300000000000005
0.9996665555185061 0.04187437686939183 14.99 2.8 0.8400000000000005
0.9993331110370124 0.040877367896311065 14.985 2.7333333333333334 0.8500000000000005
0.9987773702345226 0.036889332003988036 14.976666666666667 2.466666666666667 0.8600000000000005
0.9982216294320329 0.03290129611166501 14.968333333333334 2.2 0.8700000000000006
0.9976658886295432 0.026919242273180457 14.96 1.8 0.8800000000000006
0.9962209625430699 0.020937188434695914 14.938333333333333 1.4 0.8900000000000006
0.9953317772590864 0.015952143569292122 14.925 1.0666666666666667 0.9000000000000006
0.9944425919751028 0.010967098703888335 14.911666666666667 0.7333333333333333 0.9100000000000006
0.9939979993331111 0.003988035892323031 14.905 0.26666666666666666 0.9200000000000006
0.9932199622096254 9.970089730807576E-4 14.893333333333333 0.06666666666666667 0.9300000000000006
0.9917750361231522 0.0 14.871666666666666 0.0 0.9400000000000006
0.9912192953206624 0.0 14.863333333333333 0.0 0.9500000000000006
0.9899966655551851 0.0 14.845 0.0 0.9600000000000006
0.9873291097032344 0.0 14.805 0.0 0.9700000000000006
0.9812159608758475 0.0 14.713333333333333 0.0 0.9800000000000006
0.9657663665666333 0.0 14.481666666666667 0.0 0.9900000000000007
0.0 0.0 0.0 0.0
