0.0 0.4985044865403789 0.0 20.0 0.0
0.0 0.4556331006979063 0.0 18.28 0.01
0.0 0.4107676969092722 0.0 16.48 0.02
0.0 0.39282153539381853 0.0 15.76 0.03
0.0 0.382851445663011 0.0 15.36 0.04
0.0 0.3728813559322034 0.0 14.96 0.05
0.0 0.36390827517447655 0.0 14.6 0.060000000000000005
0.0 0.36390827517447655 0.0 14.6 0.07
0.0 0.357926221335992 0.0 14.36 0.08
0.0 0.3559322033898305 0.0 14.28 0.09
0.0 0.353938185443669 0.0 14.2 0.09999999999999999
0.0 0.3489531405782652 0.0 14.0 0.10999999999999999
0.0 0.34297108673978066 0.0 13.76 0.11999999999999998
0.0 0.33998005982053836 0.0 13.64 0.12999999999999998
0.0 0.33798604187437686 0.0 13.56 0.13999999999999999
0.0 0.3369890329012961 0.0 13.52 0.15
0.0 0.3349950149551346 0.0 13.44 0.16
0.0 0.32901296111665007 0.0 13.2 0.17
0.0 0.3270189431704885 0.0 13.12 0.18000000000000002
0.0 0.325024925224327 0.0 13.04 0.19000000000000003
0.0 0.3240279162512463 0.0 13.0 0.20000000000000004
0.0 0.3230309072781655 0.0 12.96 0.21000000000000005
0.0 0.3190428713858425 0.0 12.8 0.22000000000000006
0.0 0.3180458624127617 0.0 12.76 0.23000000000000007
0.0 0.3140578265204387 0.0 12.6 0.24000000000000007
0.0 0.3100697906281156 0.0 12.44 0.25000000000000006
0.0 0.3090727816550349 0.0 12.4 0.26000000000000006
0.0 0.30608175473579263 0.0 12.28 0.2700000000000001
0.0 0.30608175473579263 0.0 12.28 0.2800000000000001
0.0 0.3050847457627119 0.0 12.24 0.2900000000000001
0.0 0.3050847457627119 0.0 12.24 0.3000000000000001
0.0 0.3000997008973081 0.0 12.04 0.3100000000000001
0.0 0.29810568295114653 0.0 11.96 0.3200000000000001
0.0 0.29411764705882354 0.0 11.8 0.3300000000000001
0.0 0.2931206380857428 0.0 11.76 0.34000000000000014
0.0 0.292123629112662 0.0 11.72 0.35000000000000014
0.0 0.292123629112662 0.0 11.72 0.36000000000000015
0.0 0.29112662013958124 0.0 11.68 0.37000000000000016
0.0 0.29112662013958124 0.0 11.68 0.38000000000000017
0.0 0.28913260219341974 0.0 11.6 0.3900000000000002
0.0 0.28713858424725824 0.0 11.52 0.4000000000000002
0.0 0.2851445663010967 0.0 11.44 0.4100000000000002
0.0 0.2811565304087737 0.0 11.28 0.4200000000000002
0.0 0.27517447657028915 0.0 11.04 0.4300000000000002
0.0 0.2741774675972084 0.0 11.0 0.4400000000000002
0.0 0.2731804586241276 0.0 10.96 0.45000000000000023
0.0 0.27218344965104685 0.0 10.92 0.46000000000000024
0.0 0.2691924227318046 0.0 10.8 0.47000000000000025
0.0 0.2691924227318046 0.0 10.8 0.48000000000000026
0.0 0.2691924227318046 0.0 10.8 0.49000000000000027
0.0 0.2662013958125623 0.0 10.68 0.5000000000000002
0.0 0.26021934197407776 0.0 10.44 0.5100000000000002
0.0 0.25523429710867396 0.0 10.24 0.5200000000000002
0.0 0.25523429710867396 0.0 10.24 0.5300000000000002
0.0 0.25124626121635096 0.0 10.08 0.5400000000000003
0.0 0.24925224327018944 0.0 10.0 0.5500000000000003
0.0 0.2452642073778664 0.0 9.84 0.5600000000000003
0.0 0.24426719840478564 0.0 9.8 0.5700000000000003
0.0 0.24227318045862412 0.0 9.72 0.5800000000000003
0.0 0.23728813559322035 0.0 9.52 0.5900000000000003
0.0 0.23728813559322035 0.0 9.52 0.6000000000000003
0.0 0.23429710867397807 0.0 9.4 0.6100000000000003
0.0 0.2313060817547358 0.0 9.28 0.6200000000000003
0.0 0.22831505483549352 0.0 9.16 0.6300000000000003
0.0 0.22831505483549352 0.0 9.16 0.6400000000000003
0.0 0.22831505483549352 0.0 9.16 0.6500000000000004
0.0 0.22831505483549352 0.0 9.16 0.6600000000000004
0.0 0.22532402791625125 0.0 9.04 0.6700000000000004
0.0 0.22532402791625125 0.0 9.04 0.6800000000000004
0.0 0.22432701894317048 0.0 9.0 0.6900000000000004
0.0 0.22432701894317048 0.0 9.0 0.7000000000000004
0.0 0.22033898305084745 0.0 8.84 0.7100000000000004
0.0 0.2193419740777667 0.0 8.8 0.7200000000000004
0.0 0.2143569292123629 0.0 8.6 0.7300000000000004
0.0 0.21136590229312063 0.0 8.48 0.7400000000000004
0.0 0.2073778664007976 0.0 8.32 0.7500000000000004
0.0 0.2073778664007976 0.0 8.32 0.7600000000000005
0.0 0.20039880358923232 0.0 8.04 0.7700000000000005
0.0 0.1984047856430708 0.0 7.96 0.7800000000000005
0.0 0.19441674975074777 0.0 7.8 0.7900000000000005
0.0 0.193419740777667 0.0 7.76 0.8000000000000005
0.0 0.19042871385842472 0.0 7.64 0.8100000000000005
0.0 0.18444666001994017 0.0 7.4 0.8200000000000005
0.0 0.18344965104685942 0.0 7.36 0.8300000000000005
0.0 0.17846460618145563 0.0 7.16 0.8400000000000005
0.0 0.17746759720837488 0.0 7.12 0.8500000000000005
0.0 0.1744765702891326 0.0 7.0 0.8600000000000005
0.0 0.17248255234297108 0.0 6.92 0.8700000000000006
0.0 0.1674975074775673 0.0 6.72 0.8800000000000006
0.0 0.15952143569292124 0.0 6.4 0.8900000000000006
0.0 0.15254237288135594 0.0 6.12 0.9000000000000006
0.0 0.1485543369890329 0.0 5.96 0.9100000000000006
0.0 0.14356929212362912 0.0 5.76 0.9200000000000006
0.0 0.1365902293120638 0.0 5.48 0.9300000000000006
0.0 0.12462612163509472 0.0 5.0 0.9400000000000006
0.0 0.11266201395812563 0.0 4.52 0.9500000000000006
0.0 0.10069790628115653 0.0 4.04 0.9600000000000006
0.0 0.09272183449651047 0.0 3.72 0.9700000000000006
0.0 0.07676969092721835 0.0 3.08 0.9800000000000006
0.0 0.05982053838484546 0.0 2.4 0.9900000000000007
0.0 0.0 0.0 0.0
