1.0 1.0 9.996666666666666 66.86666666666666 0.0
1.0 0.6291126620139581 9.996666666666666 42.06666666666667 0.01
1.0 0.5333998005982054 9.996666666666666 35.666666666666664 0.02
1.0 0.4865403788634098 9.996666666666666 32.53333333333333 0.03
1.0 0.4546360917248255 9.996666666666666 30.4 0.04
1.0 0.4187437686939183 9.996666666666666 28.0 0.05
1.0 0.3698903290129611 9.996666666666666 24.733333333333334 0.060000000000000005
1.0 0.3698903290129611 9.996666666666666 24.733333333333334 0.07
1.0 0.34795613160518446 9.996666666666666 23.266666666666666 0.08
1.0 0.33100697906281157 9.996666666666666 22.133333333333333 0.09
1.0 0.3180458624127617 9.996666666666666 21.266666666666666 0.09999999999999999
1.0 0.30309072781655033 9.996666666666666 20.266666666666666 0.10999999999999999
1.0 0.29611166500498504 9.996666666666666 19.8 0.11999999999999998
1.0 0.28614157527417744 9.996666666666666 19.133333333333333 0.12999999999999998
1.0 0.28015952143569295 9.996666666666666 18.733333333333334 0.13999999999999999
1.0 0.27218344965104685 9.996666666666666 18.2 0.15
1.0 0.27018943170488535 9.996666666666666 18.066666666666666 0.16
1.0 0.2622133599202393 9.996666666666666 17.533333333333335 0.17
1.0 0.2472582253240279 9.996666666666666 16.533333333333335 0.18000000000000002
1.0 0.24127617148554337 9.996666666666666 16.133333333333333 0.19000000000000003
1.0 0.23529411764705882 9.996666666666666 15.733333333333333 0.20000000000000004
1.0 0.2313060817547358 9.996666666666666 15.466666666666667 0.21000000000000005
1.0 0.22432701894317048 9.996666666666666 15.0 0.22000000000000006
1.0 0.2193419740777667 9.996666666666666 14.666666666666666 0.23000000000000007
1.0 0.2143569292123629 9.996666666666666 14.333333333333334 0.24000000000000007
1.0 0.21036889332003988 9.996666666666666 14.066666666666666 0.25000000000000006
1.0 0.20837487537387836 9.996666666666666 13.933333333333334 0.26000000000000006
1.0 0.2053838484546361 9.996666666666666 13.733333333333333 0.2700000000000001
1.0 0.2033898305084746 9.996666666666666 13.6 0.2800000000000001
1.0 0.19940179461615154 9.996666666666666 13.333333333333334 0.2900000000000001
1.0 0.19641076769690927 9.996666666666666 13.133333333333333 0.3000000000000001
1.0 0.19541375872382852 9.996666666666666 13.066666666666666 0.3100000000000001
1.0 0.193419740777667 9.996666666666666 12.933333333333334 0.3200000000000001
1.0 0.1914257228315055 9.996666666666666 12.8 0.3300000000000001
1.0 0.19042871385842472 9.996666666666666 12.733333333333333 0.34000000000000014
1.0 0.1864406779661017 9.996666666666666 12.466666666666667 0.35000000000000014
1.0 0.1864406779661017 9.996666666666666 12.466666666666667 0.36000000000000015
1.0 0.1864406779661017 9.996666666666666 12.466666666666667 0.37000000000000016
1.0 0.18444666001994017 9.996666666666666 12.333333333333334 0.38000000000000017
1.0 0.18344965104685942 9.996666666666666 12.266666666666667 0.3900000000000002
1.0 0.1814556331006979 9.996666666666666 12.133333333333333 0.4000000000000002
1.0 0.1744765702891326 9.996666666666666 11.666666666666666 0.4100000000000002
1.0 0.17048853439680958 9.996666666666666 11.4 0.4200000000000002
1.0 0.16650049850448653 9.996666666666666 11.133333333333333 0.4300000000000002
1.0 0.16350947158524426 9.996666666666666 10.933333333333334 0.4400000000000002
1.0 0.1575274177467597 9.996666666666666 10.533333333333333 0.45000000000000023
1.0 0.15254237288135594 9.996666666666666 10.2 0.46000000000000024
1.0 0.15154536390827517 9.996666666666666 10.133333333333333 0.47000000000000025
1.0 0.1465603190428714 9.996666666666666 9.8 0.48000000000000026
1.0 0.13958125623130607 9.996666666666666 9.333333333333334 0.49000000000000027
1.0 0.13858424725822532 9.996666666666666 9.266666666666667 0.5000000000000002
1.0 0.13858424725822532 9.996666666666666 9.266666666666667 0.5100000000000002
1.0 0.13858424725822532 9.996666666666666 9.266666666666667 0.5200000000000002
1.0 0.13758723828514458 9.996666666666666 9.2 0.5300000000000002
1.0 0.13758723828514458 9.996666666666666 9.2 0.5400000000000003
1.0 0.13758723828514458 9.996666666666666 9.2 0.5500000000000003
1.0 0.13758723828514458 9.996666666666666 9.2 0.5600000000000003
1.0 0.13758723828514458 9.996666666666666 9.2 0.5700000000000003
1.0 0.13758723828514458 9.996666666666666 9.2 0.5800000000000003
1.0 0.13758723828514458 9.996666666666666 9.2 0.5900000000000003
1.0 0.13758723828514458 9.996666666666666 9.2 0.6000000000000003
1.0 0.13758723828514458 9.996666666666666 9.2 0.6100000000000003
1.0 0.1365902293120638 9.996666666666666 9.133333333333333 0.6200000000000003
1.0 0.1365902293120638 9.996666666666666 9.133333333333333 0.6300000000000003
1.0 0.13559322033898305 9.996666666666666 9.066666666666666 0.6400000000000003
1.0 0.13559322033898305 9.996666666666666 9.066666666666666 0.6500000000000004
1.0 0.13559322033898305 9.996666666666666 9.066666666666666 0.6600000000000004
1.0 0.13559322033898305 9.996666666666666 9.066666666666666 0.6700000000000004
1.0 0.13359920239282153 9.996666666666666 8.933333333333334 0.6800000000000004
1.0 0.13060817547357925 9.996666666666666 8.733333333333333 0.6900000000000004
1.0 0.12761714855433698 9.996666666666666 8.533333333333333 0.7000000000000004
1.0 0.12761714855433698 9.996666666666666 8.533333333333333 0.7100000000000004
1.0 0.12562313060817548 9.996666666666666 8.4 0.7200000000000004
1.0 0.12462612163509472 9.996666666666666 8.333333333333334 0.7300000000000004
1.0 0.12063808574277168 9.996666666666666 8.066666666666666 0.7400000000000004
1.0 0.11864406779661017 9.996666666666666 7.933333333333334 0.7500000000000004
1.0 0.11864406779661017 9.996666666666666 7.933333333333334 0.7600000000000005
1.0 0.11764705882352941 9.996666666666666 7.866666666666666 0.7700000000000005
1.0 0.11465603190428714 9.996666666666666 7.666666666666667 0.7800000000000005
1.0 0.11365902293120637 9.996666666666666 7.6 0.7900000000000005
1.0 0.11365902293120637 9.996666666666666 7.6 0.8000000000000005
1.0 0.11365902293120637 9.996666666666666 7.6 0.8100000000000005
1.0 0.11266201395812563 9.996666666666666 7.533333333333333 0.8200000000000005
1.0 0.11166500498504486 9.996666666666666 7.466666666666667 0.8300000000000005
1.0 0.11166500498504486 9.996666666666666 7.466666666666667 0.8400000000000005
1.0 0.11166500498504486 9.996666666666666 7.466666666666667 0.8500000000000005
0.999888851839502 0.10967098703888335 9.995555555555555 7.333333333333333 0.8600000000000005
0.999888851839502 0.10867397806580259 9.995555555555555 7.266666666666667 0.8700000000000006
0.9997777036790041 0.10767696909272183 9.994444444444444 7.2 0.8800000000000006
0.9995554073580082 0.10667996011964108 9.992222222222223 7.133333333333334 0.8900000000000006
0.9994442591975102 0.1016949152542373 9.991111111111111 6.8 0.9000000000000006
0.9988885183950206 0.09970089730807577 9.985555555555555 6.666666666666667 0.9100000000000006
0.9988885183950206 0.0967098703888335 9.985555555555555 6.466666666666667 0.9200000000000006
0.9988885183950206 0.09471585244267199 9.985555555555555 6.333333333333333 0.9300000000000006
0.9988885183950206 0.09272183449651047 9.985555555555555 6.2 0.9400000000000006
0.9986662220740247 0.09272183449651047 9.983333333333333 6.2 0.9500000000000006
0.9983327775925308 0.09272183449651047 9.98 6.2 0.9600000000000006
0.9983327775925308 0.09272183449651047 9.98 6.2 0.9700000000000006
0.9975547404690452 0.09272183449651047 9.972222222222221 6.2 0.9800000000000006
0.9945537401356007 0.09272183449651047 9.942222222222222 6.2 0.9900000000000007
0.0 0.0 0.0 0.0
