1.0 1.0 11.24625 200.6 0.0
1.0 0.654037886340977 11.24625 131.2 0.01
1.0 0.5034895314057827 11.24625 101.0 0.02
1.0 0.4336989032901296 11.24625 87.0 0.03
1.0 0.3938185443668993 11.24625 79.0 0.04
1.0 0.3708873379860419 11.24625 74.4 0.05
1.0 0.32901296111665007 11.24625 66.0 0.060000000000000005
1.0 0.32901296111665007 11.24625 66.0 0.07
1.0 0.3160518444666002 11.24625 63.4 0.08
1.0 0.29810568295114653 11.24625 59.8 0.09
1.0 0.2831505483549352 11.24625 56.8 0.09999999999999999
1.0 0.2741774675972084 11.24625 55.0 0.10999999999999999
1.0 0.2642073778664008 11.24625 53.0 0.11999999999999998
1.0 0.2522432701894317 11.24625 50.6 0.12999999999999998
1.0 0.24626121635094717 11.24625 49.4 0.13999999999999999
1.0 0.23728813559322035 11.24625 47.6 0.15
1.0 0.226321036889332 11.24625 45.4 0.16
1.0 0.22033898305084745 11.24625 44.2 0.17
1.0 0.19940179461615154 11.24625 40.0 0.18000000000000002
1.0 0.18943170488534397 11.24625 38.0 0.19000000000000003
1.0 0.1814556331006979 11.24625 36.4 0.20000000000000004
1.0 0.17547357926221335 11.24625 35.2 0.21000000000000005
1.0 0.16849451645064806 11.24625 33.8 0.22000000000000006
1.0 0.16350947158524426 11.24625 32.8 0.23000000000000007
1.0 0.15952143569292124 11.24625 32.0 0.24000000000000007
1.0 0.15653040877367896 11.24625 31.4 0.25000000000000006
1.0 0.1535393818544367 11.24625 30.8 0.26000000000000006
1.0 0.1535393818544367 11.24625 30.8 0.2700000000000001
1.0 0.15254237288135594 11.24625 30.6 0.2800000000000001
1.0 0.15054835493519442 11.24625 30.2 0.2900000000000001
1.0 0.14955134596211367 11.24625 30.0 0.3000000000000001
1.0 0.14755732801595214 11.24625 29.6 0.3100000000000001
1.0 0.1465603190428714 11.24625 29.4 0.3200000000000001
1.0 0.14257228315054835 11.24625 28.6 0.3300000000000001
1.0 0.14057826520438685 11.24625 28.2 0.34000000000000014
1.0 0.13858424725822532 11.24625 27.8 0.35000000000000014
1.0 0.13060817547357925 11.24625 26.2 0.36000000000000015
1.0 0.12662013958125623 11.24625 25.4 0.37000000000000016
1.0 0.12562313060817548 11.24625 25.2 0.38000000000000017
1.0 0.12163509471585245 11.24625 24.4 0.3900000000000002
1.0 0.11465603190428714 11.24625 23.0 0.4000000000000002
1.0 0.1106679960119641 11.24625 22.2 0.4100000000000002
1.0 0.10867397806580259 11.24625 21.8 0.4200000000000002
1.0 0.10468594217347957 11.24625 21.0 0.4300000000000002
1.0 0.09870388833499502 11.24625 19.8 0.4400000000000002
1.0 0.09571286141575275 11.24625 19.2 0.45000000000000023
1.0 0.09072781655034895 11.24625 18.2 0.46000000000000024
1.0 0.08873379860418744 11.24625 17.8 0.47000000000000025
1.0 0.08673978065802593 11.24625 17.4 0.48000000000000026
1.0 0.08175473579262213 11.24625 16.4 0.49000000000000027
1.0 0.07776669990029911 11.24625 15.6 0.5000000000000002
1.0 0.07676969092721835 11.24625 15.4 0.5100000000000002
1.0 0.07377866400797607 11.24625 14.8 0.5200000000000002
1.0 0.0707876370887338 11.24625 14.2 0.5300000000000002
1.0 0.06879361914257229 11.24625 13.8 0.5400000000000003
1.0 0.06679960119641076 11.24625 13.4 0.5500000000000003
1.0 0.06480558325024925 11.24625 13.0 0.5600000000000003
1.0 0.06281156530408774 11.24625 12.6 0.5700000000000003
1.0 0.06181455633100698 11.24625 12.4 0.5800000000000003
1.0 0.06081754735792622 11.24625 12.2 0.5900000000000003
1.0 0.06081754735792622 11.24625 12.2 0.6000000000000003
1.0 0.058823529411764705 11.24625 11.8 0.6100000000000003
1.0 0.05583250249252243 11.24625 11.2 0.6200000000000003
1.0 0.053838484546360914 11.24625 10.8 0.6300000000000003
1.0 0.05284147557328016 11.24625 10.6 0.6400000000000003
1.0 0.0518444666001994 11.24625 10.4 0.6500000000000004
1.0 0.049850448654037885 11.24625 10.0 0.6600000000000004
1.0 0.04685942173479561 11.24625 9.4 0.6700000000000004
1.0 0.04386839481555334 11.24625 8.8 0.6800000000000004
1.0 0.040877367896311065 11.24625 8.2 0.6900000000000004
1.0 0.038883349950149554 11.24625 7.8 0.7000000000000004
1.0 0.03589232303090728 11.24625 7.2 0.7100000000000004
1.0 0.03090727816550349 11.24625 6.2 0.7200000000000004
1.0 0.027916251246261216 11.24625 5.6 0.7300000000000004
1.0 0.022931206380857428 11.24625 4.6 0.7400000000000004
1.0 0.01794616151545364 11.24625 3.6 0.7500000000000004
1.0 0.011964107676969093 11.24625 2.4 0.7600000000000005
1.0 0.007976071784646061 11.24625 1.6 0.7700000000000005
1.0 0.006979062811565304 11.24625 1.4 0.7800000000000005
1.0 0.005982053838484547 11.24625 1.2 0.7900000000000005
1.0 0.005982053838484547 11.24625 1.2 0.8000000000000005
1.0 0.004985044865403789 11.24625 1.0 0.8100000000000005
1.0 0.004985044865403789 11.24625 1.0 0.8200000000000005
1.0 0.004985044865403789 11.24625 1.0 0.8300000000000005
1.0 0.004985044865403789 11.24625 1.0 0.8400000000000005
1.0 0.004985044865403789 11.24625 1.0 0.8500000000000005
1.0 0.003988035892323031 11.24625 0.8 0.8600000000000005
1.0 0.003988035892323031 11.24625 0.8 0.8700000000000006
1.0 0.003988035892323031 11.24625 0.8 0.8800000000000006
1.0 0.0029910269192422734 11.24625 0.6 0.8900000000000006
0.999888851839502 0.0019940179461615153 11.245 0.4 0.9000000000000006
0.999888851839502 9.970089730807576E-4 11.245 0.2 0.9100000000000006
0.999888851839502 0.0 11.245 0.0 0.9200000000000006
0.999888851839502 0.0 11.245 0.0 0.9300000000000006
0.999888851839502 0.0 11.245 0.0 0.9400000000000006
0.999888851839502 0.0 11.245 0.0 0.9500000000000006
0.999888851839502 0.0 11.245 0.0 0.9600000000000006
0.9996665555185061 0.0 11.2425 0.0 0.9700000000000006
0.9992219628765144 0.0 11.2375 0.0 0.9800000000000006
0.9969989996665555 0.0 11.2125 0.0 0.9900000000000007
0.0 0.0 0.0 0.0
