1.0 1.0 44.985 20.06 0.0
1.0 0.9820538384845464 44.985 19.7 0.01
1.0 0.963110667996012 44.985 19.32 0.02
1.0 0.9551345962113659 44.985 19.16 0.03
1.0 0.9461615154536391 44.985 18.98 0.04
1.0 0.9391824526420738 44.985 18.84 0.05
1.0 0.9292123629112662 44.985 18.64 0.060000000000000005
1.0 0.9292123629112662 44.985 18.64 0.07
1.0 0.9252243270189432 44.985 18.56 0.08
1.0 0.9142572283150548 44.985 18.34 0.09
1.0 0.9102691924227319 44.985 18.26 0.09999999999999999
1.0 0.909272183449651 44.985 18.24 0.10999999999999999
1.0 0.9082751744765702 44.985 18.22 0.11999999999999998
1.0 0.901296111665005 44.985 18.08 0.12999999999999998
1.0 0.8973080757726819 44.985 18.0 0.13999999999999999
1.0 0.8933200398803589 44.985 17.92 0.15
1.0 0.8863409770687937 44.985 17.78 0.16
1.0 0.8813559322033898 44.985 17.68 0.17
1.0 0.8693918245264207 44.985 17.44 0.18000000000000002
1.0 0.8654037886340977 44.985 17.36 0.19000000000000003
1.0 0.8584247258225324 44.985 17.22 0.20000000000000004
1.0 0.8544366899302094 44.985 17.14 0.21000000000000005
1.0 0.8494516450648056 44.985 17.04 0.22000000000000006
1.0 0.8484546360917248 44.985 17.02 0.23000000000000007
1.0 0.8424725822532403 44.985 16.9 0.24000000000000007
1.0 0.8414755732801595 44.985 16.88 0.25000000000000006
1.0 0.8404785643070788 44.985 16.86 0.26000000000000006
1.0 0.8384845463609173 44.985 16.82 0.2700000000000001
1.0 0.8325024925224327 44.985 16.7 0.2800000000000001
1.0 0.8305084745762712 44.985 16.66 0.2900000000000001
1.0 0.8305084745762712 44.985 16.66 0.3000000000000001
1.0 0.827517447657029 44.985 16.6 0.3100000000000001
1.0 0.8255234297108675 44.985 16.56 0.3200000000000001
1.0 0.8215353938185443 44.985 16.48 0.3300000000000001
1.0 0.8205383848454636 44.985 16.46 0.34000000000000014
1.0 0.8185443668993021 44.985 16.42 0.35000000000000014
1.0 0.8155533399800599 44.985 16.36 0.36000000000000015
1.0 0.8135593220338984 44.985 16.32 0.37000000000000016
1.0 0.8085742771684945 44.985 16.22 0.38000000000000017
1.0 0.8075772681954138 44.985 16.2 0.3900000000000002
1.0 0.8035892323030908 44.985 16.12 0.4000000000000002
1.0 0.7986041874376869 44.985 16.02 0.4100000000000002
1.0 0.7936191425722832 44.985 15.92 0.4200000000000002
1.0 0.7876370887337986 44.985 15.8 0.4300000000000002
1.0 0.7786640079760718 44.985 15.62 0.4400000000000002
1.0 0.7726819541375872 44.985 15.5 0.45000000000000023
1.0 0.765702891326022 44.985 15.36 0.46000000000000024
1.0 0.7647058823529411 44.985 15.34 0.47000000000000025
1.0 0.7627118644067796 44.985 15.3 0.48000000000000026
1.0 0.7617148554336989 44.985 15.28 0.49000000000000027
1.0 0.7567298105682951 44.985 15.18 0.5000000000000002
1.0 0.7507477567298105 44.985 15.06 0.5100000000000002
1.0 0.7477567298105683 44.985 15.0 0.5200000000000002
1.0 0.744765702891326 44.985 14.94 0.5300000000000002
1.0 0.7427716849451645 44.985 14.9 0.5400000000000003
1.0 0.7407776669990029 44.985 14.86 0.5500000000000003
1.0 0.7397806580259222 44.985 14.84 0.5600000000000003
1.0 0.7397806580259222 44.985 14.84 0.5700000000000003
1.0 0.7367896311066799 44.985 14.78 0.5800000000000003
1.0 0.7347956131605184 44.985 14.74 0.5900000000000003
1.0 0.7347956131605184 44.985 14.74 0.6000000000000003
1.0 0.7318045862412762 44.985 14.68 0.6100000000000003
1.0 0.7298105682951147 44.985 14.64 0.6200000000000003
1.0 0.7238285144566301 44.985 14.52 0.6300000000000003
1.0 0.7198404785643071 44.985 14.44 0.6400000000000003
1.0 0.7128614157527418 44.985 14.3 0.6500000000000004
1.0 0.7008973080757727 44.985 14.06 0.6600000000000004
1.0 0.6849451645064806 44.985 13.74 0.6700000000000004
1.0 0.6650049850448654 44.985 13.34 0.6800000000000004
1.0 0.6480558325024925 44.985 13.0 0.6900000000000004
1.0 0.6241276171485544 44.985 12.52 0.7000000000000004
1.0 0.6051844466600199 44.985 12.14 0.7100000000000004
1.0 0.5732801595214357 44.985 11.5 0.7200000000000004
1.0 0.5483549351944168 44.985 11.0 0.7300000000000004
1.0 0.5204386839481555 44.985 10.44 0.7400000000000004
1.0 0.4945164506480558 44.985 9.92 0.7500000000000004
1.0 0.47058823529411764 44.985 9.44 0.7600000000000005
1.0 0.4546360917248255 44.985 9.12 0.7700000000000005
0.999888851839502 0.44167497507477566 44.98 8.86 0.7800000000000005
0.9997777036790041 0.4317048853439681 44.975 8.66 0.7900000000000005
0.9994442591975102 0.423728813559322 44.96 8.5 0.8000000000000005
0.9992219628765144 0.419740777666999 44.95 8.42 0.8100000000000005
0.9982216294320329 0.4167497507477567 44.905 8.36 0.8200000000000005
0.9963321107035679 0.4117647058823529 44.82 8.26 0.8300000000000005
0.9927753695676337 0.40079760717846463 44.66 8.04 0.8400000000000005
0.9866622207402468 0.39282153539381853 44.385 7.88 0.8500000000000005
0.9759919973324441 0.3708873379860419 43.905 7.44 0.8600000000000005
0.9606535511837279 0.34297108673978066 43.215 6.88 0.8700000000000006
0.9404245859731022 0.3090727816550349 42.305 6.2 0.8800000000000006
0.9159719906635545 0.28015952143569295 41.205 5.62 0.8900000000000006
0.8896298766255418 0.2333000997008973 40.02 4.68 0.9000000000000006
0.8598421696120929 0.17347956131605186 38.68 3.48 0.9100000000000006
0.8378348338335001 0.13160518444666003 37.69 2.64 0.9200000000000006
0.8187173502278537 0.09770687936191426 36.83 1.96 0.9300000000000006
0.8044903856841169 0.07676969092721835 36.19 1.54 0.9400000000000006
0.7908191619428698 0.06480558325024925 35.575 1.3 0.9500000000000006
0.7775925308436146 0.06181455633100698 34.98 1.24 0.9600000000000006
0.7615871957319106 0.05982053838484546 34.26 1.2 0.9700000000000006
0.7239079693231077 0.05982053838484546 32.565 1.2 0.9800000000000006
0.6237634767144604 0.058823529411764705 28.06 1.18 0.9900000000000007
0.0 0.0 0.0 0.0
