1.0 1.0 Infinity 31.34375 0.0
1.0 1.0 Infinity 31.34375 0.01
1.0 1.0 Infinity 31.34375 0.02
1.0 1.0 Infinity 31.34375 0.03
1.0 1.0 Infinity 31.34375 0.04
1.0 1.0 Infinity 31.34375 0.05
1.0 1.0 Infinity 31.34375 0.060000000000000005
1.0 1.0 Infinity 31.34375 0.07
1.0 1.0 Infinity 31.34375 0.08
1.0 1.0 Infinity 31.34375 0.09
1.0 1.0 Infinity 31.34375 0.09999999999999999
1.0 1.0 Infinity 31.34375 0.10999999999999999
1.0 1.0 Infinity 31.34375 0.11999999999999998
1.0 1.0 Infinity 31.34375 0.12999999999999998
1.0 1.0 Infinity 31.34375 0.13999999999999999
1.0 1.0 Infinity 31.34375 0.15
1.0 1.0 Infinity 31.34375 0.16
1.0 1.0 Infinity 31.34375 0.17
1.0 1.0 Infinity 31.34375 0.18000000000000002
1.0 1.0 Infinity 31.34375 0.19000000000000003
1.0 1.0 Infinity 31.34375 0.20000000000000004
1.0 1.0 Infinity 31.34375 0.21000000000000005
1.0 1.0 Infinity 31.34375 0.22000000000000006
1.0 1.0 Infinity 31.34375 0.23000000000000007
1.0 1.0 Infinity 31.34375 0.24000000000000007
1.0 1.0 Infinity 31.34375 0.25000000000000006
1.0 1.0 Infinity 31.34375 0.26000000000000006
1.0 1.0 Infinity 31.34375 0.2700000000000001
1.0 1.0 Infinity 31.34375 0.2800000000000001
1.0 1.0 Infinity 31.34375 0.2900000000000001
1.0 1.0 Infinity 31.34375 0.3000000000000001
1.0 1.0 Infinity 31.34375 0.3100000000000001
1.0 1.0 Infinity 31.34375 0.3200000000000001
1.0 1.0 Infinity 31.34375 0.3300000000000001
1.0 1.0 Infinity 31.34375 0.34000000000000014
1.0 1.0 Infinity 31.34375 0.35000000000000014
1.0 1.0 Infinity 31.34375 0.36000000000000015
1.0 1.0 Infinity 31.34375 0.37000000000000016
1.0 1.0 Infinity 31.34375 0.38000000000000017
1.0 1.0 Infinity 31.34375 0.3900000000000002
1.0 1.0 Infinity 31.34375 0.4000000000000002
1.0 1.0 Infinity 31.34375 0.4100000000000002
1.0 1.0 Infinity 31.34375 0.4200000000000002
1.0 1.0 Infinity 31.34375 0.4300000000000002
1.0 1.0 Infinity 31.34375 0.4400000000000002
1.0 1.0 Infinity 31.34375 0.45000000000000023
1.0 1.0 Infinity 31.34375 0.46000000000000024
1.0 1.0 Infinity 31.34375 0.47000000000000025
1.0 1.0 Infinity 31.34375 0.48000000000000026
1.0 1.0 Infinity 31.34375 0.49000000000000027
1.0 1.0 Infinity 31.34375 0.5000000000000002
1.0 1.0 Infinity 31.34375 0.5100000000000002
1.0 1.0 Infinity 31.34375 0.5200000000000002
1.0 1.0 Infinity 31.34375 0.5300000000000002
1.0 1.0 Infinity 31.34375 0.5400000000000003
1.0 1.0 Infinity 31.34375 0.5500000000000003
1.0 1.0 Infinity 31.34375 0.5600000000000003
1.0 1.0 Infinity 31.34375 0.5700000000000003
1.0 1.0 Infinity 31.34375 0.5800000000000003
1.0 1.0 Infinity 31.34375 0.5900000000000003
1.0 1.0 Infinity 31.34375 0.6000000000000003
1.0 1.0 Infinity 31.34375 0.6100000000000003
1.0 1.0 Infinity 31.34375 0.6200000000000003
1.0 1.0 Infinity 31.34375 0.6300000000000003
1.0 1.0 Infinity 31.34375 0.6400000000000003
1.0 1.0 Infinity 31.34375 0.6500000000000004
1.0 1.0 Infinity 31.34375 0.6600000000000004
1.0 1.0 Infinity 31.34375 0.6700000000000004
1.0 1.0 Infinity 31.34375 0.6800000000000004
1.0 1.0 Infinity 31.34375 0.6900000000000004
1.0 1.0 Infinity 31.34375 0.7000000000000004
1.0 1.0 Infinity 31.34375 0.7100000000000004
1.0 1.0 Infinity 31.34375 0.7200000000000004
1.0 1.0 Infinity 31.34375 0.7300000000000004
1.0 1.0 Infinity 31.34375 0.7400000000000004
1.0 1.0 Infinity 31.34375 0.7500000000000004
1.0 1.0 Infinity 31.34375 0.7600000000000005
0.999888851839502 1.0 Infinity 31.34375 0.7700000000000005
0.9995554073580082 1.0 Infinity 31.34375 0.7800000000000005
0.9988885183950206 1.0 Infinity 31.34375 0.7900000000000005
0.9976658886295432 1.0 Infinity 31.34375 0.8000000000000005
0.9945537401356007 0.9970089730807578 Infinity 31.25 0.8100000000000005
0.9889963321107036 0.996011964107677 Infinity 31.21875 0.8200000000000005
0.9786595531843948 0.9890329012961117 Infinity 31.0 0.8300000000000005
0.9607646993442258 0.9740777666999003 Infinity 30.53125 0.8400000000000005
0.9298655107257975 0.9561316051844466 Infinity 29.96875 0.8500000000000005
0.8807380237857063 0.8933200398803589 Infinity 28.0 0.8600000000000005
0.8076025341780594 0.8235294117647058 Infinity 25.8125 0.8700000000000006
0.7107924863843503 0.7407776669990029 Infinity 23.21875 0.8800000000000006
0.5887518061576081 0.6470588235294118 Infinity 20.28125 0.8900000000000006
0.4563743470045571 0.5164506480558325 Infinity 16.1875 0.9000000000000006
0.3217739246415472 0.3798604187437687 Infinity 11.90625 0.9100000000000006
0.20818050461264867 0.2741774675972084 Infinity 8.59375 0.9200000000000006
0.12348560631321552 0.1864406779661017 Infinity 5.84375 0.9300000000000006
0.058686228742914306 0.14057826520438685 Infinity 4.40625 0.9400000000000006
0.02356341002556408 0.11465603190428714 Infinity 3.59375 0.9500000000000006
0.006446593308880738 0.09770687936191426 Infinity 3.0625 0.9600000000000006
0.0021118150494609314 0.09471585244267199 Infinity 2.96875 0.9700000000000006
3.3344448149383126E-4 0.09471585244267199 Infinity 2.96875 0.9800000000000006
0.0 0.09371884346959122 NaN 2.9375 0.9900000000000007
0.0 0.0 0.0 0.0
