1.0 1.0 89.97 40.12 0.0
1.0 0.996011964107677 89.97 39.96 0.01
1.0 0.9850448654037887 89.97 39.52 0.02
1.0 0.9800598205383848 89.97 39.32 0.03
1.0 0.9750747756729811 89.97 39.12 0.04
1.0 0.9700897308075773 89.97 38.92 0.05
1.0 0.963110667996012 89.97 38.64 0.060000000000000005
1.0 0.963110667996012 89.97 38.64 0.07
1.0 0.9581256231306082 89.97 38.44 0.08
1.0 0.9511465603190429 89.97 38.16 0.09
1.0 0.9471585244267199 89.97 38.0 0.09999999999999999
1.0 0.9451645064805583 89.97 37.92 0.10999999999999999
1.0 0.938185443668993 89.97 37.64 0.11999999999999998
1.0 0.9351944167497508 89.97 37.52 0.12999999999999998
1.0 0.9332003988035892 89.97 37.44 0.13999999999999999
1.0 0.9312063808574277 89.97 37.36 0.15
1.0 0.9302093718843469 89.97 37.32 0.16
1.0 0.9242273180458624 89.97 37.08 0.17
1.0 0.9152542372881356 89.97 36.72 0.18000000000000002
1.0 0.9112662013958126 89.97 36.56 0.19000000000000003
1.0 0.9082751744765702 89.97 36.44 0.20000000000000004
1.0 0.9032901296111665 89.97 36.24 0.21000000000000005
1.0 0.9002991026919243 89.97 36.12 0.22000000000000006
1.0 0.8993020937188435 89.97 36.08 0.23000000000000007
1.0 0.8973080757726819 89.97 36.0 0.24000000000000007
1.0 0.8953140578265204 89.97 35.92 0.25000000000000006
1.0 0.8953140578265204 89.97 35.92 0.26000000000000006
1.0 0.8953140578265204 89.97 35.92 0.2700000000000001
1.0 0.8943170488534397 89.97 35.88 0.2800000000000001
1.0 0.8933200398803589 89.97 35.84 0.2900000000000001
1.0 0.8933200398803589 89.97 35.84 0.3000000000000001
1.0 0.8933200398803589 89.97 35.84 0.3100000000000001
1.0 0.8933200398803589 89.97 35.84 0.3200000000000001
1.0 0.8923230309072782 89.97 35.8 0.3300000000000001
1.0 0.8903290129611167 89.97 35.72 0.34000000000000014
1.0 0.8873379860418744 89.97 35.6 0.35000000000000014
1.0 0.8863409770687937 89.97 35.56 0.36000000000000015
1.0 0.8843469591226321 89.97 35.48 0.37000000000000016
1.0 0.8813559322033898 89.97 35.36 0.38000000000000017
1.0 0.8783649052841476 89.97 35.24 0.3900000000000002
1.0 0.8753738783649053 89.97 35.12 0.4000000000000002
1.0 0.8693918245264207 89.97 34.88 0.4100000000000002
1.0 0.8664007976071785 89.97 34.76 0.4200000000000002
1.0 0.8614157527417746 89.97 34.56 0.4300000000000002
1.0 0.8564307078763709 89.97 34.36 0.4400000000000002
1.0 0.8514456630109671 89.97 34.16 0.45000000000000023
1.0 0.8464606181455633 89.97 33.96 0.46000000000000024
1.0 0.839481555333998 89.97 33.68 0.47000000000000025
1.0 0.839481555333998 89.97 33.68 0.48000000000000026
1.0 0.8364905284147557 89.97 33.56 0.49000000000000027
1.0 0.8344965104685942 89.97 33.48 0.5000000000000002
1.0 0.8334995014955134 89.97 33.44 0.5100000000000002
1.0 0.8285144566301097 89.97 33.24 0.5200000000000002
1.0 0.8285144566301097 89.97 33.24 0.5300000000000002
1.0 0.8285144566301097 89.97 33.24 0.5400000000000003
1.0 0.827517447657029 89.97 33.2 0.5500000000000003
1.0 0.8255234297108675 89.97 33.12 0.5600000000000003
1.0 0.8255234297108675 89.97 33.12 0.5700000000000003
1.0 0.8255234297108675 89.97 33.12 0.5800000000000003
1.0 0.8245264207377866 89.97 33.08 0.5900000000000003
1.0 0.8235294117647058 89.97 33.04 0.6000000000000003
1.0 0.8235294117647058 89.97 33.04 0.6100000000000003
1.0 0.8235294117647058 89.97 33.04 0.6200000000000003
1.0 0.8175473579262214 89.97 32.8 0.6300000000000003
1.0 0.8135593220338984 89.97 32.64 0.6400000000000003
1.0 0.8115653040877367 89.97 32.56 0.6500000000000004
1.0 0.8035892323030908 89.97 32.24 0.6600000000000004
1.0 0.7916251246261217 89.97 31.76 0.6700000000000004
1.0 0.7836490528414756 89.97 31.44 0.6800000000000004
1.0 0.7756729810568295 89.97 31.12 0.6900000000000004
1.0 0.7597208374875374 89.97 30.48 0.7000000000000004
1.0 0.7377866400797607 89.97 29.6 0.7100000000000004
1.0 0.7168494516450648 89.97 28.76 0.7200000000000004
1.0 0.6959122632103689 89.97 27.92 0.7300000000000004
1.0 0.6779661016949152 89.97 27.2 0.7400000000000004
1.0 0.6580259222333001 89.97 26.4 0.7500000000000004
1.0 0.6390827517447657 89.97 25.64 0.7600000000000005
1.0 0.6261216350947159 89.97 25.12 0.7700000000000005
0.999888851839502 0.617148554336989 89.96 24.76 0.7800000000000005
0.9996665555185061 0.6121635094715853 89.94 24.56 0.7900000000000005
0.9986662220740247 0.6071784646061814 89.85 24.36 0.8000000000000005
0.9973324441480493 0.6031904287138584 89.73 24.2 0.8100000000000005
0.9948871846170946 0.6021934197407777 89.51 24.16 0.8200000000000005
0.9895520729131932 0.5922233300099701 89.03 23.76 0.8300000000000005
0.9808825163943536 0.5822532402791625 88.25 23.36 0.8400000000000005
0.968322774258086 0.5702891326021934 87.12 22.88 0.8500000000000005
0.9468711792819828 0.5284147557328016 85.19 21.2 0.8600000000000005
0.9128598421696121 0.4795613160518445 82.13 19.24 0.8700000000000006
0.8647326886740024 0.4217347956131605 77.8 16.92 0.8800000000000006
0.8142714238079359 0.36191425722831505 73.26 14.52 0.8900000000000006
0.7543625652995443 0.28414755732801594 67.87 11.4 0.9000000000000006
0.6954540402356341 0.21036889332003988 62.57 8.44 0.9100000000000006
0.6472157385795265 0.1465603190428714 58.23 5.88 0.9200000000000006
0.6099811048127154 0.08773678963110668 54.88 3.52 0.9300000000000006
0.5767478048238301 0.05782652043868395 51.89 2.32 0.9400000000000006
0.555185061687229 0.03788634097706879 49.95 1.52 0.9500000000000006
0.5394020228965211 0.024925224327018942 48.53 1.0 0.9600000000000006
0.5240635767478048 0.02193419740777667 47.15 0.88 0.9700000000000006
0.48860731354896075 0.02193419740777667 43.96 0.88 0.9800000000000006
0.40224519284205845 0.020937188434695914 36.19 0.84 0.9900000000000007
0.0 0.0 0.0 0.0
