1.0 1.0 22.4925 20.06 0.0
1.0 0.9322033898305084 22.4925 18.7 0.01
1.0 0.8414755732801595 22.4925 16.88 0.02
1.0 0.80259222333001 22.4925 16.1 0.03
1.0 0.7776669990029911 22.4925 15.6 0.04
1.0 0.7617148554336989 22.4925 15.28 0.05
1.0 0.7248255234297108 22.4925 14.54 0.060000000000000005
1.0 0.7248255234297108 22.4925 14.54 0.07
1.0 0.7108673978065803 22.4925 14.26 0.08
1.0 0.6899302093718843 22.4925 13.84 0.09
1.0 0.6839481555333998 22.4925 13.72 0.09999999999999999
1.0 0.6809571286141576 22.4925 13.66 0.10999999999999999
1.0 0.6739780658025922 22.4925 13.52 0.11999999999999998
1.0 0.6699900299102692 22.4925 13.44 0.12999999999999998
1.0 0.6660019940179461 22.4925 13.36 0.13999999999999999
1.0 0.6610169491525424 22.4925 13.26 0.15
1.0 0.6530408773678963 22.4925 13.1 0.16
1.0 0.650049850448654 22.4925 13.04 0.17
1.0 0.6271186440677966 22.4925 12.58 0.18000000000000002
1.0 0.6221335992023929 22.4925 12.48 0.19000000000000003
1.0 0.613160518444666 22.4925 12.3 0.20000000000000004
1.0 0.6081754735792622 22.4925 12.2 0.21000000000000005
1.0 0.5992023928215354 22.4925 12.02 0.22000000000000006
1.0 0.5952143569292123 22.4925 11.94 0.23000000000000007
1.0 0.5892323030907278 22.4925 11.82 0.24000000000000007
1.0 0.5852442671984048 22.4925 11.74 0.25000000000000006
1.0 0.5832502492522432 22.4925 11.7 0.26000000000000006
1.0 0.580259222333001 22.4925 11.64 0.2700000000000001
1.0 0.580259222333001 22.4925 11.64 0.2800000000000001
1.0 0.5782652043868395 22.4925 11.6 0.2900000000000001
1.0 0.5772681954137587 22.4925 11.58 0.3000000000000001
1.0 0.5752741774675972 22.4925 11.54 0.3100000000000001
1.0 0.5712861415752741 22.4925 11.46 0.3200000000000001
1.0 0.5682951146560319 22.4925 11.4 0.3300000000000001
1.0 0.5672981056829511 22.4925 11.38 0.34000000000000014
1.0 0.5653040877367896 22.4925 11.34 0.35000000000000014
1.0 0.559322033898305 22.4925 11.22 0.36000000000000015
1.0 0.5573280159521435 22.4925 11.18 0.37000000000000016
1.0 0.5493519441674976 22.4925 11.02 0.38000000000000017
1.0 0.5403788634097707 22.4925 10.84 0.3900000000000002
1.0 0.5353938185443669 22.4925 10.74 0.4000000000000002
1.0 0.5254237288135594 22.4925 10.54 0.4100000000000002
1.0 0.5014955134596212 22.4925 10.06 0.4200000000000002
1.0 0.48753738783649053 22.4925 9.78 0.4300000000000002
1.0 0.4765702891326022 22.4925 9.56 0.4400000000000002
1.0 0.46161515453639085 22.4925 9.26 0.45000000000000023
1.0 0.452642073778664 22.4925 9.08 0.46000000000000024
1.0 0.4426719840478564 22.4925 8.88 0.47000000000000025
1.0 0.43469591226321036 22.4925 8.72 0.48000000000000026
1.0 0.42771684945164506 22.4925 8.58 0.49000000000000027
1.0 0.42572283150548357 22.4925 8.54 0.5000000000000002
1.0 0.423728813559322 22.4925 8.5 0.5100000000000002
1.0 0.42273180458624127 22.4925 8.48 0.5200000000000002
1.0 0.4217347956131605 22.4925 8.46 0.5300000000000002
1.0 0.419740777666999 22.4925 8.42 0.5400000000000003
1.0 0.4187437686939183 22.4925 8.4 0.5500000000000003
1.0 0.41774675972083747 22.4925 8.38 0.5600000000000003
1.0 0.4167497507477567 22.4925 8.36 0.5700000000000003
1.0 0.4127617148554337 22.4925 8.28 0.5800000000000003
1.0 0.4117647058823529 22.4925 8.26 0.5900000000000003
1.0 0.4117647058823529 22.4925 8.26 0.6000000000000003
1.0 0.4087736789631107 22.4925 8.2 0.6100000000000003
1.0 0.4057826520438684 22.4925 8.14 0.6200000000000003
1.0 0.4047856430707876 22.4925 8.12 0.6300000000000003
1.0 0.4017946161515454 22.4925 8.06 0.6400000000000003
1.0 0.39780658025922233 22.4925 7.98 0.6500000000000004
1.0 0.3898305084745763 22.4925 7.82 0.6600000000000004
1.0 0.38384845463609174 22.4925 7.7 0.6700000000000004
1.0 0.3748753738783649 22.4925 7.52 0.6800000000000004
1.0 0.357926221335992 22.4925 7.18 0.6900000000000004
1.0 0.3489531405782652 22.4925 7.0 0.7000000000000004
1.0 0.32901296111665007 22.4925 6.6 0.7100000000000004
1.0 0.3120638085742772 22.4925 6.26 0.7200000000000004
1.0 0.29611166500498504 22.4925 5.94 0.7300000000000004
1.0 0.28614157527417744 22.4925 5.74 0.7400000000000004
1.0 0.26520438683948155 22.4925 5.32 0.7500000000000004
1.0 0.25124626121635096 22.4925 5.04 0.7600000000000005
1.0 0.2472582253240279 22.4925 4.96 0.7700000000000005
1.0 0.23629112662013957 22.4925 4.74 0.7800000000000005
1.0 0.23030907278165502 22.4925 4.62 0.7900000000000005
1.0 0.22731804586241275 22.4925 4.56 0.8000000000000005
0.9996665555185061 0.22333000997008973 22.485 4.48 0.8100000000000005
0.9994442591975102 0.21734795613160518 22.48 4.36 0.8200000000000005
0.9988885183950206 0.21335992023928216 22.4675 4.28 0.8300000000000005
0.9984439257530288 0.2073778664007976 22.4575 4.16 0.8400000000000005
0.9968878515060575 0.2033898305084746 22.4225 4.08 0.8500000000000005
0.9952206290985884 0.19042871385842472 22.385 3.82 0.8600000000000005
0.9911081471601645 0.17746759720837488 22.2925 3.56 0.8700000000000006
0.9852172946537735 0.16151545363908276 22.16 3.24 0.8800000000000006
0.9814382571968434 0.1485543369890329 22.075 2.98 0.8900000000000006
0.9756585528509503 0.1365902293120638 21.945 2.74 0.9000000000000006
0.9695454040235634 0.12662013958125623 21.8075 2.54 0.9100000000000006
0.9638768478381683 0.10767696909272183 21.68 2.16 0.9200000000000006
0.9602089585417362 0.09870388833499502 21.5975 1.98 0.9300000000000006
0.9556518839613204 0.09272183449651047 21.495 1.86 0.9400000000000006
0.9518728465043903 0.0897308075772682 21.41 1.8 0.9500000000000006
0.9494275869734355 0.0847457627118644 21.355 1.7 0.9600000000000006
0.9442036234300323 0.0847457627118644 21.2375 1.7 0.9700000000000006
0.9296432144048016 0.0847457627118644 20.91 1.7 0.9800000000000006
0.8896298766255418 0.0847457627118644 20.01 1.7 0.9900000000000007
0.0 0.0 0.0 0.0
