1.0 1.0 89.97 4.916666666666667 0.0
1.0 0.9990029910269193 89.97 4.911764705882353 0.01
1.0 0.9890329012961117 89.97 4.862745098039215 0.02
1.0 0.9800598205383848 89.97 4.818627450980392 0.03
1.0 0.9750747756729811 89.97 4.794117647058823 0.04
1.0 0.9700897308075773 89.97 4.769607843137255 0.05
1.0 0.959122632103689 89.97 4.715686274509804 0.060000000000000005
1.0 0.959122632103689 89.97 4.715686274509804 0.07
1.0 0.9541375872382851 89.97 4.6911764705882355 0.08
1.0 0.9521435692921236 89.97 4.681372549019608 0.09
1.0 0.9461615154536391 89.97 4.651960784313726 0.09999999999999999
1.0 0.9451645064805583 89.97 4.647058823529412 0.10999999999999999
1.0 0.9431704885343968 89.97 4.637254901960785 0.11999999999999998
1.0 0.938185443668993 89.97 4.612745098039215 0.12999999999999998
1.0 0.9371884346959123 89.97 4.607843137254902 0.13999999999999999
1.0 0.9351944167497508 89.97 4.598039215686274 0.15
1.0 0.9332003988035892 89.97 4.588235294117647 0.16
1.0 0.9302093718843469 89.97 4.573529411764706 0.17
1.0 0.9272183449651047 89.97 4.5588235294117645 0.18000000000000002
1.0 0.9242273180458624 89.97 4.544117647058823 0.19000000000000003
1.0 0.9212362911266201 89.97 4.529411764705882 0.20000000000000004
1.0 0.9212362911266201 89.97 4.529411764705882 0.21000000000000005
1.0 0.9182452642073778 89.97 4.514705882352941 0.22000000000000006
1.0 0.9162512462612163 89.97 4.504901960784314 0.23000000000000007
1.0 0.9142572283150548 89.97 4.495098039215686 0.24000000000000007
1.0 0.9142572283150548 89.97 4.495098039215686 0.25000000000000006
1.0 0.9122632103688934 89.97 4.485294117647059 0.26000000000000006
1.0 0.9112662013958126 89.97 4.480392156862745 0.2700000000000001
1.0 0.9112662013958126 89.97 4.480392156862745 0.2800000000000001
1.0 0.9102691924227319 89.97 4.4754901960784315 0.2900000000000001
1.0 0.9102691924227319 89.97 4.4754901960784315 0.3000000000000001
1.0 0.9102691924227319 89.97 4.4754901960784315 0.3100000000000001
1.0 0.9102691924227319 89.97 4.4754901960784315 0.3200000000000001
1.0 0.9102691924227319 89.97 4.4754901960784315 0.3300000000000001
1.0 0.909272183449651 89.97 4.470588235294118 0.34000000000000014
1.0 0.9082751744765702 89.97 4.465686274509804 0.35000000000000014
1.0 0.9072781655034895 89.97 4.46078431372549 0.36000000000000015
1.0 0.9062811565304087 89.97 4.455882352941177 0.37000000000000016
1.0 0.905284147557328 89.97 4.450980392156863 0.38000000000000017
1.0 0.9042871385842473 89.97 4.446078431372549 0.3900000000000002
1.0 0.9002991026919243 89.97 4.426470588235294 0.4000000000000002
1.0 0.8933200398803589 89.97 4.392156862745098 0.4100000000000002
1.0 0.8853439680957128 89.97 4.352941176470588 0.4200000000000002
1.0 0.8773678963110668 89.97 4.313725490196078 0.4300000000000002
1.0 0.8693918245264207 89.97 4.2745098039215685 0.4400000000000002
1.0 0.8624127617148555 89.97 4.240196078431373 0.45000000000000023
1.0 0.8584247258225324 89.97 4.220588235294118 0.46000000000000024
1.0 0.8534396809571286 89.97 4.196078431372549 0.47000000000000025
1.0 0.8494516450648056 89.97 4.176470588235294 0.48000000000000026
1.0 0.8484546360917248 89.97 4.171568627450981 0.49000000000000027
1.0 0.8484546360917248 89.97 4.171568627450981 0.5000000000000002
1.0 0.8464606181455633 89.97 4.161764705882353 0.5100000000000002
1.0 0.8454636091724825 89.97 4.1568627450980395 0.5200000000000002
1.0 0.8444666001994018 89.97 4.151960784313726 0.5300000000000002
1.0 0.843469591226321 89.97 4.147058823529412 0.5400000000000003
1.0 0.843469591226321 89.97 4.147058823529412 0.5500000000000003
1.0 0.8424725822532403 89.97 4.142156862745098 0.5600000000000003
1.0 0.8424725822532403 89.97 4.142156862745098 0.5700000000000003
1.0 0.8404785643070788 89.97 4.132352941176471 0.5800000000000003
1.0 0.8384845463609173 89.97 4.122549019607843 0.5900000000000003
1.0 0.8364905284147557 89.97 4.112745098039215 0.6000000000000003
1.0 0.8344965104685942 89.97 4.102941176470588 0.6100000000000003
1.0 0.8344965104685942 89.97 4.102941176470588 0.6200000000000003
1.0 0.8334995014955134 89.97 4.098039215686274 0.6300000000000003
1.0 0.8315054835493519 89.97 4.088235294117647 0.6400000000000003
1.0 0.8305084745762712 89.97 4.083333333333333 0.6500000000000004
1.0 0.8255234297108675 89.97 4.0588235294117645 0.6600000000000004
1.0 0.8185443668993021 89.97 4.0245098039215685 0.6700000000000004
1.0 0.8055832502492523 89.97 3.9607843137254903 0.6800000000000004
1.0 0.7836490528414756 89.97 3.8529411764705883 0.6900000000000004
1.0 0.7706879361914257 89.97 3.7892156862745097 0.7000000000000004
1.0 0.7507477567298105 89.97 3.6911764705882355 0.7100000000000004
1.0 0.7208374875373879 89.97 3.5441176470588234 0.7200000000000004
1.0 0.6969092721834497 89.97 3.426470588235294 0.7300000000000004
1.0 0.6719840478564307 89.97 3.303921568627451 0.7400000000000004
1.0 0.6480558325024925 89.97 3.1862745098039214 0.7500000000000004
1.0 0.6221335992023929 89.97 3.0588235294117645 0.7600000000000005
1.0 0.6051844466600199 89.97 2.9754901960784315 0.7700000000000005
0.9997777036790041 0.5942173479561316 89.95 2.9215686274509802 0.7800000000000005
0.9992219628765144 0.5852442671984048 89.9 2.877450980392157 0.7900000000000005
0.9986662220740247 0.5792622133599202 89.85 2.8480392156862746 0.8000000000000005
0.9965544070245638 0.576271186440678 89.66 2.8333333333333335 0.8100000000000005
0.9945537401356007 0.5732801595214357 89.48 2.8186274509803924 0.8200000000000005
0.9909969989996665 0.5663010967098704 89.16 2.784313725490196 0.8300000000000005
0.982216294320329 0.5563310069790628 88.37 2.735294117647059 0.8400000000000005
0.9681004779370901 0.5443668993020937 87.1 2.676470588235294 0.8500000000000005
0.94864954984995 0.5044865403788634 85.35 2.480392156862745 0.8600000000000005
0.9223074358119373 0.46560319042871384 82.98 2.2892156862745097 0.8700000000000006
0.8831832833166611 0.419740777666999 79.46 2.0637254901960786 0.8800000000000006
0.83405579637657 0.36191425722831505 75.04 1.7794117647058822 0.8900000000000006
0.7829276425475158 0.288135593220339 70.44 1.4166666666666667 0.9000000000000006
0.7314660442369679 0.2073778664007976 65.81 1.0196078431372548 0.9100000000000006
0.6871179281982883 0.14456630109670987 61.82 0.7107843137254902 0.9200000000000006
0.652217405801934 0.09072781655034895 58.68 0.44607843137254904 0.9300000000000006
0.6228742914304768 0.06879361914257229 56.04 0.3382352941176471 0.9400000000000006
0.6010892519728799 0.05782652043868395 54.08 0.28431372549019607 0.9500000000000006
0.584972768700678 0.05084745762711865 52.63 0.25 0.9600000000000006
0.5656329887740358 0.049850448654037885 50.89 0.24509803921568626 0.9700000000000006
0.5273980215627432 0.049850448654037885 47.45 0.24509803921568626 0.9800000000000006
0.4245859731021452 0.049850448654037885 38.2 0.24509803921568626 0.9900000000000007
0.0 0.0 0.0 0.0
