1.0 1.0 89.97 28.65714285714286 0.0
1.0 1.0 89.97 28.65714285714286 0.01
1.0 0.9940179461615155 89.97 28.485714285714284 0.02
1.0 0.9900299102691924 89.97 28.37142857142857 0.03
1.0 0.9830508474576272 89.97 28.17142857142857 0.04
1.0 0.9790628115653041 89.97 28.057142857142857 0.05
1.0 0.9740777666999003 89.97 27.914285714285715 0.060000000000000005
1.0 0.9740777666999003 89.97 27.914285714285715 0.07
1.0 0.9700897308075773 89.97 27.8 0.08
1.0 0.967098703888335 89.97 27.714285714285715 0.09
1.0 0.9651046859421735 89.97 27.65714285714286 0.09999999999999999
1.0 0.9601196410767697 89.97 27.514285714285716 0.10999999999999999
1.0 0.959122632103689 89.97 27.485714285714284 0.11999999999999998
1.0 0.9541375872382851 89.97 27.34285714285714 0.12999999999999998
1.0 0.9481555333998006 89.97 27.17142857142857 0.13999999999999999
1.0 0.9481555333998006 89.97 27.17142857142857 0.15
1.0 0.9441674975074775 89.97 27.057142857142857 0.16
1.0 0.9441674975074775 89.97 27.057142857142857 0.17
1.0 0.9391824526420738 89.97 26.914285714285715 0.18000000000000002
1.0 0.9371884346959123 89.97 26.857142857142858 0.19000000000000003
1.0 0.93419740777667 89.97 26.771428571428572 0.20000000000000004
1.0 0.9282153539381854 89.97 26.6 0.21000000000000005
1.0 0.9272183449651047 89.97 26.571428571428573 0.22000000000000006
1.0 0.9232303090727817 89.97 26.457142857142856 0.23000000000000007
1.0 0.9212362911266201 89.97 26.4 0.24000000000000007
1.0 0.9212362911266201 89.97 26.4 0.25000000000000006
1.0 0.9192422731804586 89.97 26.34285714285714 0.26000000000000006
1.0 0.9182452642073778 89.97 26.314285714285713 0.2700000000000001
1.0 0.9172482552342971 89.97 26.285714285714285 0.2800000000000001
1.0 0.9162512462612163 89.97 26.257142857142856 0.2900000000000001
1.0 0.9162512462612163 89.97 26.257142857142856 0.3000000000000001
1.0 0.9142572283150548 89.97 26.2 0.3100000000000001
1.0 0.9132602193419741 89.97 26.17142857142857 0.3200000000000001
1.0 0.9132602193419741 89.97 26.17142857142857 0.3300000000000001
1.0 0.9102691924227319 89.97 26.085714285714285 0.34000000000000014
1.0 0.9082751744765702 89.97 26.02857142857143 0.35000000000000014
1.0 0.9072781655034895 89.97 26.0 0.36000000000000015
1.0 0.9072781655034895 89.97 26.0 0.37000000000000016
1.0 0.9042871385842473 89.97 25.914285714285715 0.38000000000000017
1.0 0.8993020937188435 89.97 25.771428571428572 0.3900000000000002
1.0 0.8973080757726819 89.97 25.714285714285715 0.4000000000000002
1.0 0.8963110667996012 89.97 25.685714285714287 0.4100000000000002
1.0 0.8933200398803589 89.97 25.6 0.4200000000000002
1.0 0.8903290129611167 89.97 25.514285714285716 0.4300000000000002
1.0 0.8863409770687937 89.97 25.4 0.4400000000000002
1.0 0.8853439680957128 89.97 25.37142857142857 0.45000000000000023
1.0 0.8783649052841476 89.97 25.17142857142857 0.46000000000000024
1.0 0.8743768693918246 89.97 25.057142857142857 0.47000000000000025
1.0 0.8703888334995015 89.97 24.942857142857143 0.48000000000000026
1.0 0.8664007976071785 89.97 24.82857142857143 0.49000000000000027
1.0 0.864406779661017 89.97 24.771428571428572 0.5000000000000002
1.0 0.8604187437686939 89.97 24.65714285714286 0.5100000000000002
1.0 0.8584247258225324 89.97 24.6 0.5200000000000002
1.0 0.8584247258225324 89.97 24.6 0.5300000000000002
1.0 0.8574277168494516 89.97 24.571428571428573 0.5400000000000003
1.0 0.8554336989032901 89.97 24.514285714285716 0.5500000000000003
1.0 0.8544366899302094 89.97 24.485714285714284 0.5600000000000003
1.0 0.8544366899302094 89.97 24.485714285714284 0.5700000000000003
1.0 0.8534396809571286 89.97 24.457142857142856 0.5800000000000003
1.0 0.8514456630109671 89.97 24.4 0.5900000000000003
1.0 0.847457627118644 89.97 24.285714285714285 0.6000000000000003
1.0 0.8444666001994018 89.97 24.2 0.6100000000000003
1.0 0.8444666001994018 89.97 24.2 0.6200000000000003
1.0 0.8404785643070788 89.97 24.085714285714285 0.6300000000000003
1.0 0.8404785643070788 89.97 24.085714285714285 0.6400000000000003
1.0 0.8354935194416749 89.97 23.942857142857143 0.6500000000000004
1.0 0.8315054835493519 89.97 23.82857142857143 0.6600000000000004
1.0 0.8255234297108675 89.97 23.65714285714286 0.6700000000000004
1.0 0.8185443668993021 89.97 23.457142857142856 0.6800000000000004
1.0 0.8085742771684945 89.97 23.17142857142857 0.6900000000000004
1.0 0.7956131605184447 89.97 22.8 0.7000000000000004
1.0 0.7846460618145563 89.97 22.485714285714284 0.7100000000000004
1.0 0.7637088733798604 89.97 21.885714285714286 0.7200000000000004
1.0 0.7497507477567298 89.97 21.485714285714284 0.7300000000000004
1.0 0.7367896311066799 89.97 21.114285714285714 0.7400000000000004
1.0 0.7198404785643071 89.97 20.62857142857143 0.7500000000000004
1.0 0.6959122632103689 89.97 19.942857142857143 0.7600000000000005
0.999888851839502 0.6869391824526421 89.96 19.685714285714287 0.7700000000000005
0.9997777036790041 0.678963110667996 89.95 19.457142857142856 0.7800000000000005
0.9996665555185061 0.674975074775673 89.94 19.34285714285714 0.7900000000000005
0.9988885183950206 0.6689930209371885 89.87 19.17142857142857 0.8000000000000005
0.9969989996665555 0.6650049850448654 89.7 19.057142857142857 0.8100000000000005
0.9934422585306213 0.6630109670987039 89.38 19.0 0.8200000000000005
0.9882182949872179 0.654037886340977 88.91 18.742857142857144 0.8300000000000005
0.9784372568633989 0.6430707876370887 88.03 18.428571428571427 0.8400000000000005
0.9618761809492052 0.6291126620139581 86.54 18.02857142857143 0.8500000000000005
0.938646215405135 0.5792622133599202 84.45 16.6 0.8600000000000005
0.9007446926753362 0.5204386839481555 81.04 14.914285714285715 0.8700000000000006
0.8513949094142492 0.4506480558325025 76.6 12.914285714285715 0.8800000000000006
0.7892630876958986 0.38584247258225324 71.01 11.057142857142857 0.8900000000000006
0.7246860064465933 0.292123629112662 65.2 8.371428571428572 0.9000000000000006
0.6588862954318107 0.20139581256231306 59.28 5.771428571428571 0.9100000000000006
0.6018672890963654 0.12761714855433698 54.15 3.657142857142857 0.9200000000000006
0.5614093586751139 0.06779661016949153 50.51 1.9428571428571428 0.9300000000000006
0.529620984772702 0.02991026919242273 47.65 0.8571428571428571 0.9400000000000006
0.5096143158830722 0.01296111665004985 45.85 0.37142857142857144 0.9500000000000006
0.4942758697343559 0.003988035892323031 44.47 0.11428571428571428 0.9600000000000006
0.47582527509169725 0.0029910269192422734 42.81 0.08571428571428572 0.9700000000000006
0.43603423363343335 0.0019940179461615153 39.23 0.05714285714285714 0.9800000000000006
0.3541180393464488 9.970089730807576E-4 31.86 0.02857142857142857 0.9900000000000007
0.0 0.0 0.0 0.0
