1.0 1.0 44.985 5.421621621621622 0.0
1.0 0.9860418743768694 44.985 5.345945945945946 0.01
1.0 0.963110667996012 44.985 5.221621621621622 0.02
1.0 0.9521435692921236 44.985 5.162162162162162 0.03
1.0 0.9361914257228315 44.985 5.075675675675676 0.04
1.0 0.9242273180458624 44.985 5.010810810810811 0.05
1.0 0.909272183449651 44.985 4.92972972972973 0.060000000000000005
1.0 0.909272183449651 44.985 4.92972972972973 0.07
1.0 0.9022931206380858 44.985 4.891891891891892 0.08
1.0 0.8963110667996012 44.985 4.859459459459459 0.09
1.0 0.8913260219341974 44.985 4.832432432432433 0.09999999999999999
1.0 0.8823529411764706 44.985 4.783783783783784 0.10999999999999999
1.0 0.8783649052841476 44.985 4.762162162162162 0.11999999999999998
1.0 0.8773678963110668 44.985 4.756756756756757 0.12999999999999998
1.0 0.8743768693918246 44.985 4.7405405405405405 0.13999999999999999
1.0 0.872382851445663 44.985 4.72972972972973 0.15
1.0 0.8713858424725822 44.985 4.724324324324324 0.16
1.0 0.864406779661017 44.985 4.686486486486486 0.17
1.0 0.8514456630109671 44.985 4.616216216216216 0.18000000000000002
1.0 0.847457627118644 44.985 4.594594594594595 0.19000000000000003
1.0 0.8414755732801595 44.985 4.562162162162162 0.20000000000000004
1.0 0.8325024925224327 44.985 4.513513513513513 0.21000000000000005
1.0 0.8315054835493519 44.985 4.508108108108108 0.22000000000000006
1.0 0.827517447657029 44.985 4.486486486486487 0.23000000000000007
1.0 0.8255234297108675 44.985 4.475675675675675 0.24000000000000007
1.0 0.8255234297108675 44.985 4.475675675675675 0.25000000000000006
1.0 0.8255234297108675 44.985 4.475675675675675 0.26000000000000006
1.0 0.8255234297108675 44.985 4.475675675675675 0.2700000000000001
1.0 0.8235294117647058 44.985 4.464864864864865 0.2800000000000001
1.0 0.8235294117647058 44.985 4.464864864864865 0.2900000000000001
1.0 0.8235294117647058 44.985 4.464864864864865 0.3000000000000001
1.0 0.8235294117647058 44.985 4.464864864864865 0.3100000000000001
1.0 0.8225324027916251 44.985 4.45945945945946 0.3200000000000001
1.0 0.8205383848454636 44.985 4.448648648648649 0.3300000000000001
1.0 0.8185443668993021 44.985 4.437837837837838 0.34000000000000014
1.0 0.8165503489531406 44.985 4.427027027027027 0.35000000000000014
1.0 0.8145563310069791 44.985 4.416216216216216 0.36000000000000015
1.0 0.810568295114656 44.985 4.394594594594595 0.37000000000000016
1.0 0.80259222333001 44.985 4.351351351351352 0.38000000000000017
1.0 0.7936191425722832 44.985 4.302702702702702 0.3900000000000002
1.0 0.7906281156530409 44.985 4.286486486486487 0.4000000000000002
1.0 0.7826520438683948 44.985 4.243243243243243 0.4100000000000002
1.0 0.773678963110668 44.985 4.194594594594594 0.4200000000000002
1.0 0.765702891326022 44.985 4.151351351351352 0.4300000000000002
1.0 0.7557328015952144 44.985 4.097297297297297 0.4400000000000002
1.0 0.7367896311066799 44.985 3.9945945945945946 0.45000000000000023
1.0 0.7268195413758723 44.985 3.9405405405405407 0.46000000000000024
1.0 0.7188434695912264 44.985 3.8972972972972975 0.47000000000000025
1.0 0.7128614157527418 44.985 3.864864864864865 0.48000000000000026
1.0 0.7088733798604188 44.985 3.843243243243243 0.49000000000000027
1.0 0.7028913260219342 44.985 3.810810810810811 0.5000000000000002
1.0 0.6999002991026919 44.985 3.7945945945945945 0.5100000000000002
1.0 0.6959122632103689 44.985 3.772972972972973 0.5200000000000002
1.0 0.6909272183449651 44.985 3.745945945945946 0.5300000000000002
1.0 0.6879361914257228 44.985 3.72972972972973 0.5400000000000003
1.0 0.6859421734795613 44.985 3.718918918918919 0.5500000000000003
1.0 0.6839481555333998 44.985 3.708108108108108 0.5600000000000003
1.0 0.6799601196410767 44.985 3.6864864864864866 0.5700000000000003
1.0 0.678963110667996 44.985 3.6810810810810812 0.5800000000000003
1.0 0.6769690927218345 44.985 3.67027027027027 0.5900000000000003
1.0 0.674975074775673 44.985 3.6594594594594594 0.6000000000000003
1.0 0.674975074775673 44.985 3.6594594594594594 0.6100000000000003
1.0 0.6699900299102692 44.985 3.6324324324324326 0.6200000000000003
1.0 0.6660019940179461 44.985 3.610810810810811 0.6300000000000003
1.0 0.6630109670987039 44.985 3.5945945945945947 0.6400000000000003
1.0 0.6550348953140578 44.985 3.5513513513513515 0.6500000000000004
1.0 0.6420737786640079 44.985 3.481081081081081 0.6600000000000004
1.0 0.6291126620139581 44.985 3.4108108108108106 0.6700000000000004
1.0 0.6191425722831505 44.985 3.3567567567567567 0.6800000000000004
1.0 0.6011964107676969 44.985 3.2594594594594595 0.6900000000000004
1.0 0.584247258225324 44.985 3.1675675675675676 0.7000000000000004
1.0 0.5653040877367896 44.985 3.0648648648648646 0.7100000000000004
1.0 0.5294117647058824 44.985 2.8702702702702703 0.7200000000000004
1.0 0.4995014955134596 44.985 2.708108108108108 0.7300000000000004
1.0 0.4795613160518445 44.985 2.6 0.7400000000000004
1.0 0.4546360917248255 44.985 2.464864864864865 0.7500000000000004
1.0 0.4247258225324028 44.985 2.3027027027027027 0.7600000000000005
0.999888851839502 0.4137587238285145 44.98 2.2432432432432434 0.7700000000000005
0.999888851839502 0.39980059820538383 44.98 2.1675675675675676 0.7800000000000005
0.9997777036790041 0.38584247258225324 44.975 2.091891891891892 0.7900000000000005
0.9995554073580082 0.3778664007976072 44.965 2.0486486486486486 0.8000000000000005
0.9991108147160165 0.37387836490528414 44.945 2.027027027027027 0.8100000000000005
0.9983327775925308 0.3678963110667996 44.91 1.9945945945945946 0.8200000000000005
0.9964432588640658 0.3629112662013958 44.825 1.9675675675675677 0.8300000000000005
0.9925530732466378 0.35493519441674976 44.65 1.9243243243243244 0.8400000000000005
0.9877737023452262 0.34496510468594216 44.435 1.8702702702702703 0.8500000000000005
0.9784372568633989 0.32901296111665007 44.015 1.7837837837837838 0.8600000000000005
0.9630988107146826 0.30608175473579263 43.325 1.6594594594594594 0.8700000000000006
0.946760031121485 0.2731804586241276 42.59 1.481081081081081 0.8800000000000006
0.9236412137379126 0.2452642073778664 41.55 1.3297297297297297 0.8900000000000006
0.8994109147493609 0.2123629112662014 40.46 1.1513513513513514 0.9000000000000006
0.8737356896743359 0.1744765702891326 39.305 0.9459459459459459 0.9100000000000006
0.8540624652661999 0.14057826520438685 38.42 0.7621621621621621 0.9200000000000006
0.8383905746359898 0.12163509471585245 37.715 0.6594594594594595 0.9300000000000006
0.8238301656107592 0.10568295114656032 37.06 0.572972972972973 0.9400000000000006
0.8144937201289318 0.10069790628115653 36.64 0.5459459459459459 0.9500000000000006
0.8061576080915861 0.09272183449651047 36.265 0.5027027027027027 0.9600000000000006
0.794487051239302 0.09172482552342971 35.74 0.4972972972972973 0.9700000000000006
0.7628098254973881 0.09172482552342971 34.315 0.4972972972972973 0.9800000000000006
0.6702234078026008 0.09072781655034895 30.15 0.4918918918918919 0.9900000000000007
0.0 0.0 0.0 0.0
