1.0 1.0 89.97 2.95 0.0
1.0 0.9980059820538385 89.97 2.9441176470588237 0.01
1.0 0.9850448654037887 89.97 2.9058823529411764 0.02
1.0 0.9800598205383848 89.97 2.8911764705882352 0.03
1.0 0.9760717846460618 89.97 2.8794117647058823 0.04
1.0 0.9720837487537388 89.97 2.8676470588235294 0.05
1.0 0.959122632103689 89.97 2.8294117647058825 0.060000000000000005
1.0 0.959122632103689 89.97 2.8294117647058825 0.07
1.0 0.9531405782652044 89.97 2.8117647058823527 0.08
1.0 0.9491525423728814 89.97 2.8 0.09
1.0 0.9451645064805583 89.97 2.788235294117647 0.09999999999999999
1.0 0.9441674975074775 89.97 2.7852941176470587 0.10999999999999999
1.0 0.9411764705882353 89.97 2.776470588235294 0.11999999999999998
1.0 0.9401794616151545 89.97 2.773529411764706 0.12999999999999998
1.0 0.9401794616151545 89.97 2.773529411764706 0.13999999999999999
1.0 0.938185443668993 89.97 2.7676470588235293 0.15
1.0 0.9361914257228315 89.97 2.761764705882353 0.16
1.0 0.9322033898305084 89.97 2.75 0.17
1.0 0.922233300099701 89.97 2.7205882352941178 0.18000000000000002
1.0 0.9202392821535393 89.97 2.7147058823529413 0.19000000000000003
1.0 0.9172482552342971 89.97 2.7058823529411766 0.20000000000000004
1.0 0.9132602193419741 89.97 2.6941176470588237 0.21000000000000005
1.0 0.9112662013958126 89.97 2.6882352941176473 0.22000000000000006
1.0 0.909272183449651 89.97 2.6823529411764704 0.23000000000000007
1.0 0.909272183449651 89.97 2.6823529411764704 0.24000000000000007
1.0 0.9082751744765702 89.97 2.679411764705882 0.25000000000000006
1.0 0.9082751744765702 89.97 2.679411764705882 0.26000000000000006
1.0 0.9082751744765702 89.97 2.679411764705882 0.2700000000000001
1.0 0.905284147557328 89.97 2.6705882352941175 0.2800000000000001
1.0 0.9042871385842473 89.97 2.6676470588235293 0.2900000000000001
1.0 0.9032901296111665 89.97 2.664705882352941 0.3000000000000001
1.0 0.9032901296111665 89.97 2.664705882352941 0.3100000000000001
1.0 0.9032901296111665 89.97 2.664705882352941 0.3200000000000001
1.0 0.9022931206380858 89.97 2.661764705882353 0.3300000000000001
1.0 0.9002991026919243 89.97 2.6558823529411764 0.34000000000000014
1.0 0.9002991026919243 89.97 2.6558823529411764 0.35000000000000014
1.0 0.8973080757726819 89.97 2.6470588235294117 0.36000000000000015
1.0 0.8953140578265204 89.97 2.6411764705882352 0.37000000000000016
1.0 0.8933200398803589 89.97 2.635294117647059 0.38000000000000017
1.0 0.8903290129611167 89.97 2.626470588235294 0.3900000000000002
1.0 0.8853439680957128 89.97 2.611764705882353 0.4000000000000002
1.0 0.8803589232303091 89.97 2.597058823529412 0.4100000000000002
1.0 0.8743768693918246 89.97 2.5794117647058825 0.4200000000000002
1.0 0.872382851445663 89.97 2.573529411764706 0.4300000000000002
1.0 0.86839481555334 89.97 2.5617647058823527 0.4400000000000002
1.0 0.8654037886340977 89.97 2.552941176470588 0.45000000000000023
1.0 0.8624127617148555 89.97 2.5441176470588234 0.46000000000000024
1.0 0.8604187437686939 89.97 2.538235294117647 0.47000000000000025
1.0 0.8544366899302094 89.97 2.5205882352941176 0.48000000000000026
1.0 0.8514456630109671 89.97 2.511764705882353 0.49000000000000027
1.0 0.8504486540378864 89.97 2.5088235294117647 0.5000000000000002
1.0 0.8494516450648056 89.97 2.5058823529411764 0.5100000000000002
1.0 0.8494516450648056 89.97 2.5058823529411764 0.5200000000000002
1.0 0.8464606181455633 89.97 2.4970588235294118 0.5300000000000002
1.0 0.8454636091724825 89.97 2.4941176470588236 0.5400000000000003
1.0 0.8454636091724825 89.97 2.4941176470588236 0.5500000000000003
1.0 0.8454636091724825 89.97 2.4941176470588236 0.5600000000000003
1.0 0.8444666001994018 89.97 2.4911764705882353 0.5700000000000003
1.0 0.843469591226321 89.97 2.488235294117647 0.5800000000000003
1.0 0.843469591226321 89.97 2.488235294117647 0.5900000000000003
1.0 0.8424725822532403 89.97 2.485294117647059 0.6000000000000003
1.0 0.8404785643070788 89.97 2.4794117647058824 0.6100000000000003
1.0 0.8384845463609173 89.97 2.473529411764706 0.6200000000000003
1.0 0.8354935194416749 89.97 2.4647058823529413 0.6300000000000003
1.0 0.8315054835493519 89.97 2.4529411764705884 0.6400000000000003
1.0 0.8265204386839482 89.97 2.4382352941176473 0.6500000000000004
1.0 0.8165503489531406 89.97 2.4088235294117646 0.6600000000000004
1.0 0.8085742771684945 89.97 2.385294117647059 0.6700000000000004
1.0 0.8015952143569293 89.97 2.364705882352941 0.6800000000000004
1.0 0.7916251246261217 89.97 2.335294117647059 0.6900000000000004
1.0 0.7706879361914257 89.97 2.273529411764706 0.7000000000000004
1.0 0.7497507477567298 89.97 2.211764705882353 0.7100000000000004
1.0 0.7248255234297108 89.97 2.138235294117647 0.7200000000000004
1.0 0.7058823529411765 89.97 2.0823529411764707 0.7300000000000004
1.0 0.6909272183449651 89.97 2.038235294117647 0.7400000000000004
1.0 0.6739780658025922 89.97 1.988235294117647 0.7500000000000004
1.0 0.6610169491525424 89.97 1.95 0.7600000000000005
1.0 0.6490528414755733 89.97 1.9147058823529413 0.7700000000000005
0.999888851839502 0.6350947158524427 89.96 1.8735294117647059 0.7800000000000005
0.9993331110370124 0.6271186440677966 89.91 1.85 0.7900000000000005
0.9991108147160165 0.6221335992023929 89.89 1.8352941176470587 0.8000000000000005
0.9976658886295432 0.6161515453639083 89.76 1.8176470588235294 0.8100000000000005
0.9945537401356007 0.6141575274177468 89.48 1.811764705882353 0.8200000000000005
0.9896632210736912 0.6071784646061814 89.04 1.7911764705882354 0.8300000000000005
0.9816605535178393 0.6001994017946162 88.32 1.7705882352941176 0.8400000000000005
0.9674335889741025 0.5872382851445663 87.04 1.7323529411764707 0.8500000000000005
0.9424252528620651 0.5443668993020937 84.79 1.6058823529411765 0.8600000000000005
0.9086362120706902 0.5034895314057827 81.75 1.4852941176470589 0.8700000000000006
0.8613982438590642 0.4436689930209372 77.5 1.3088235294117647 0.8800000000000006
0.8057130154495943 0.38584247258225324 72.49 1.138235294117647 0.8900000000000006
0.7460264532621985 0.3100697906281156 67.12 0.9147058823529411 0.9000000000000006
0.6808936312104035 0.24227318045862412 61.26 0.7147058823529412 0.9100000000000006
0.6290985884183616 0.17248255234297108 56.6 0.5088235294117647 0.9200000000000006
0.5870845837501389 0.11465603190428714 52.82 0.3382352941176471 0.9300000000000006
0.553295542958764 0.08075772681954138 49.78 0.23823529411764705 0.9400000000000006
0.5342892075136156 0.06281156530408774 48.07 0.18529411764705883 0.9500000000000006
0.5196176503278871 0.053838484546360914 46.75 0.1588235294117647 0.9600000000000006
0.5035011670556853 0.0518444666001994 45.3 0.15294117647058825 0.9700000000000006
0.4679337556963432 0.05084745762711865 42.1 0.15 0.9800000000000006
0.35923085472935423 0.049850448654037885 32.32 0.14705882352941177 0.9900000000000007
0.0 0.0 0.0 0.0
