1.0 1.0 14.995 200.6 0.0
1.0 0.8454636091724825 14.995 169.6 0.01
1.0 0.748753738783649 14.995 150.2 0.02
1.0 0.7028913260219342 14.995 141.0 0.03
1.0 0.6689930209371885 14.995 134.2 0.04
1.0 0.6450648055832503 14.995 129.4 0.05
1.0 0.5922233300099701 14.995 118.8 0.060000000000000005
1.0 0.5922233300099701 14.995 118.8 0.07
1.0 0.5722831505483549 14.995 114.8 0.08
1.0 0.555333998005982 14.995 111.4 0.09
1.0 0.5403788634097707 14.995 108.4 0.09999999999999999
1.0 0.5274177467597209 14.995 105.8 0.10999999999999999
1.0 0.5174476570289133 14.995 103.8 0.11999999999999998
1.0 0.5064805583250249 14.995 101.6 0.12999999999999998
1.0 0.4955134596211366 14.995 99.4 0.13999999999999999
1.0 0.48953140578265203 14.995 98.2 0.15
1.0 0.47357926221335994 14.995 95.0 0.16
1.0 0.46560319042871384 14.995 93.4 0.17
1.0 0.4287138584247258 14.995 86.0 0.18000000000000002
1.0 0.419740777666999 14.995 84.2 0.19000000000000003
1.0 0.4117647058823529 14.995 82.6 0.20000000000000004
1.0 0.40079760717846463 14.995 80.4 0.21000000000000005
1.0 0.38883349950149554 14.995 78.0 0.22000000000000006
1.0 0.38085742771684944 14.995 76.4 0.23000000000000007
1.0 0.37686939182452645 14.995 75.6 0.24000000000000007
1.0 0.37188434695912265 14.995 74.6 0.25000000000000006
1.0 0.37188434695912265 14.995 74.6 0.26000000000000006
1.0 0.3659022931206381 14.995 73.4 0.2700000000000001
1.0 0.3629112662013958 14.995 72.8 0.2800000000000001
1.0 0.3609172482552343 14.995 72.4 0.2900000000000001
1.0 0.35992023928215355 14.995 72.2 0.3000000000000001
1.0 0.35692921236291125 14.995 71.6 0.3100000000000001
1.0 0.353938185443669 14.995 71.0 0.3200000000000001
1.0 0.34795613160518446 14.995 69.8 0.3300000000000001
1.0 0.3439680957128614 14.995 69.0 0.34000000000000014
1.0 0.3389830508474576 14.995 68.0 0.35000000000000014
1.0 0.33100697906281157 14.995 66.4 0.36000000000000015
1.0 0.32801595214356927 14.995 65.8 0.37000000000000016
1.0 0.32103688933200397 14.995 64.4 0.38000000000000017
1.0 0.31306081754735793 14.995 62.8 0.3900000000000002
1.0 0.3090727816550349 14.995 62.0 0.4000000000000002
1.0 0.3020937188434696 14.995 60.6 0.4100000000000002
1.0 0.29112662013958124 14.995 58.4 0.4200000000000002
1.0 0.2831505483549352 14.995 56.8 0.4300000000000002
1.0 0.28015952143569295 14.995 56.2 0.4400000000000002
1.0 0.27716849451645065 14.995 55.6 0.45000000000000023
1.0 0.26321036889332006 14.995 52.8 0.46000000000000024
1.0 0.2522432701894317 14.995 50.6 0.47000000000000025
1.0 0.2432701894317049 14.995 48.8 0.48000000000000026
1.0 0.23629112662013957 14.995 47.4 0.49000000000000027
1.0 0.22931206380857427 14.995 46.0 0.5000000000000002
1.0 0.22333000997008973 14.995 44.8 0.5100000000000002
1.0 0.22233300099700898 14.995 44.6 0.5200000000000002
1.0 0.21535393818544366 14.995 43.2 0.5300000000000002
1.0 0.21535393818544366 14.995 43.2 0.5400000000000003
1.0 0.21335992023928216 14.995 42.8 0.5500000000000003
1.0 0.21136590229312063 14.995 42.4 0.5600000000000003
1.0 0.20937188434695914 14.995 42.0 0.5700000000000003
1.0 0.2073778664007976 14.995 41.6 0.5800000000000003
1.0 0.20638085742771686 14.995 41.4 0.5900000000000003
1.0 0.2053838484546361 14.995 41.2 0.6000000000000003
1.0 0.2033898305084746 14.995 40.8 0.6100000000000003
1.0 0.20039880358923232 14.995 40.2 0.6200000000000003
1.0 0.20039880358923232 14.995 40.2 0.6300000000000003
1.0 0.19940179461615154 14.995 40.0 0.6400000000000003
1.0 0.19541375872382852 14.995 39.2 0.6500000000000004
1.0 0.19042871385842472 14.995 38.2 0.6600000000000004
1.0 0.18544366899302095 14.995 37.2 0.6700000000000004
1.0 0.18245264207377868 14.995 36.6 0.6800000000000004
1.0 0.1794616151545364 14.995 36.0 0.6900000000000004
1.0 0.17347956131605186 14.995 34.8 0.7000000000000004
1.0 0.16550348953140578 14.995 33.2 0.7100000000000004
1.0 0.15553339980059822 14.995 31.2 0.7200000000000004
1.0 0.14755732801595214 14.995 29.6 0.7300000000000004
1.0 0.1415752741774676 14.995 28.4 0.7400000000000004
1.0 0.1296111665004985 14.995 26.0 0.7500000000000004
1.0 0.12163509471585245 14.995 24.4 0.7600000000000005
1.0 0.11465603190428714 14.995 23.0 0.7700000000000005
1.0 0.10967098703888335 14.995 22.0 0.7800000000000005
1.0 0.10568295114656032 14.995 21.2 0.7900000000000005
1.0 0.10468594217347957 14.995 21.0 0.8000000000000005
0.999888851839502 0.10069790628115653 14.993333333333334 20.2 0.8100000000000005
0.9997777036790041 0.09870388833499502 14.991666666666667 19.8 0.8200000000000005
0.9997777036790041 0.09571286141575275 14.991666666666667 19.2 0.8300000000000005
0.9995554073580082 0.09371884346959122 14.988333333333333 18.8 0.8400000000000005
0.9991108147160165 0.0897308075772682 14.981666666666667 18.0 0.8500000000000005
0.9986662220740247 0.08275174476570289 14.975 16.6 0.8600000000000005
0.9973324441480493 0.07676969092721835 14.955 15.4 0.8700000000000006
0.9954429254195843 0.07377866400797607 14.926666666666666 14.8 0.8800000000000006
0.9945537401356007 0.06679960119641076 14.913333333333334 13.4 0.8900000000000006
0.9926642214071357 0.05682951146560319 14.885 11.4 0.9000000000000006
0.9903301100366789 0.04685942173479561 14.85 9.4 0.9100000000000006
0.9884405913082138 0.03788634097706879 14.821666666666667 7.6 0.9200000000000006
0.9871068133822385 0.03090727816550349 14.801666666666666 6.2 0.9300000000000006
0.9856618872957652 0.024925224327018942 14.78 5.0 0.9400000000000006
0.9845504056907858 0.022931206380857428 14.763333333333334 4.6 0.9500000000000006
0.9828831832833167 0.020937188434695914 14.738333333333333 4.2 0.9600000000000006
0.9808825163943536 0.015952143569292122 14.708333333333334 3.2 0.9700000000000006
0.9751028120484606 0.009970089730807577 14.621666666666666 2.0 0.9800000000000006
0.954540402356341 0.0019940179461615153 14.313333333333333 0.4 0.9900000000000007
0.0 0.0 0.0 0.0
