1.0 1.0 12.852857142857143 41.791666666666664 0.0
1.0 0.7128614157527418 12.852857142857143 29.791666666666668 0.01
1.0 0.5623130608175474 12.852857142857143 23.5 0.02
1.0 0.514456630109671 12.852857142857143 21.5 0.03
1.0 0.48055832502492524 12.852857142857143 20.083333333333332 0.04
1.0 0.4506480558325025 12.852857142857143 18.833333333333332 0.05
1.0 0.4137587238285145 12.852857142857143 17.291666666666668 0.060000000000000005
1.0 0.4137587238285145 12.852857142857143 17.291666666666668 0.07
1.0 0.3988035892323031 12.852857142857143 16.666666666666668 0.08
1.0 0.386839481555334 12.852857142857143 16.166666666666668 0.09
1.0 0.3748753738783649 12.852857142857143 15.666666666666666 0.09999999999999999
1.0 0.36490528414755735 12.852857142857143 15.25 0.10999999999999999
1.0 0.3559322033898305 12.852857142857143 14.875 0.11999999999999998
1.0 0.3489531405782652 12.852857142857143 14.583333333333334 0.12999999999999998
1.0 0.34496510468594216 12.852857142857143 14.416666666666666 0.13999999999999999
1.0 0.3369890329012961 12.852857142857143 14.083333333333334 0.15
1.0 0.32901296111665007 12.852857142857143 13.75 0.16
1.0 0.32103688933200397 12.852857142857143 13.416666666666666 0.17
1.0 0.3040877367896311 12.852857142857143 12.708333333333334 0.18000000000000002
1.0 0.2931206380857428 12.852857142857143 12.25 0.19000000000000003
1.0 0.2851445663010967 12.852857142857143 11.916666666666666 0.20000000000000004
1.0 0.27018943170488535 12.852857142857143 11.291666666666666 0.21000000000000005
1.0 0.2662013958125623 12.852857142857143 11.125 0.22000000000000006
1.0 0.25822532402791626 12.852857142857143 10.791666666666666 0.23000000000000007
1.0 0.25523429710867396 12.852857142857143 10.666666666666666 0.24000000000000007
1.0 0.2502492522432702 12.852857142857143 10.458333333333334 0.25000000000000006
1.0 0.2472582253240279 12.852857142857143 10.333333333333334 0.26000000000000006
1.0 0.2432701894317049 12.852857142857143 10.166666666666666 0.2700000000000001
1.0 0.2382851445663011 12.852857142857143 9.958333333333334 0.2800000000000001
1.0 0.23529411764705882 12.852857142857143 9.833333333333334 0.2900000000000001
1.0 0.23429710867397807 12.852857142857143 9.791666666666666 0.3000000000000001
1.0 0.23230309072781655 12.852857142857143 9.708333333333334 0.3100000000000001
1.0 0.2313060817547358 12.852857142857143 9.666666666666666 0.3200000000000001
1.0 0.22731804586241275 12.852857142857143 9.5 0.3300000000000001
1.0 0.22532402791625125 12.852857142857143 9.416666666666666 0.34000000000000014
1.0 0.22432701894317048 12.852857142857143 9.375 0.35000000000000014
1.0 0.22033898305084745 12.852857142857143 9.208333333333334 0.36000000000000015
1.0 0.21734795613160518 12.852857142857143 9.083333333333334 0.37000000000000016
1.0 0.2123629112662014 12.852857142857143 8.875 0.38000000000000017
1.0 0.2073778664007976 12.852857142857143 8.666666666666666 0.3900000000000002
1.0 0.20638085742771686 12.852857142857143 8.625 0.4000000000000002
1.0 0.2033898305084746 12.852857142857143 8.5 0.4100000000000002
1.0 0.193419740777667 12.852857142857143 8.083333333333334 0.4200000000000002
1.0 0.18344965104685942 12.852857142857143 7.666666666666667 0.4300000000000002
1.0 0.1794616151545364 12.852857142857143 7.5 0.4400000000000002
1.0 0.1744765702891326 12.852857142857143 7.291666666666667 0.45000000000000023
1.0 0.16350947158524426 12.852857142857143 6.833333333333333 0.46000000000000024
1.0 0.15952143569292124 12.852857142857143 6.666666666666667 0.47000000000000025
1.0 0.15653040877367896 12.852857142857143 6.541666666666667 0.48000000000000026
1.0 0.1485543369890329 12.852857142857143 6.208333333333333 0.49000000000000027
1.0 0.14456630109670987 12.852857142857143 6.041666666666667 0.5000000000000002
1.0 0.14057826520438685 12.852857142857143 5.875 0.5100000000000002
1.0 0.13858424725822532 12.852857142857143 5.791666666666667 0.5200000000000002
1.0 0.1345962113659023 12.852857142857143 5.625 0.5300000000000002
1.0 0.13160518444666003 12.852857142857143 5.5 0.5400000000000003
1.0 0.13060817547357925 12.852857142857143 5.458333333333333 0.5500000000000003
1.0 0.12861415752741776 12.852857142857143 5.375 0.5600000000000003
1.0 0.12761714855433698 12.852857142857143 5.333333333333333 0.5700000000000003
1.0 0.12662013958125623 12.852857142857143 5.291666666666667 0.5800000000000003
1.0 0.12562313060817548 12.852857142857143 5.25 0.5900000000000003
1.0 0.12462612163509472 12.852857142857143 5.208333333333333 0.6000000000000003
1.0 0.12163509471585245 12.852857142857143 5.083333333333333 0.6100000000000003
1.0 0.11864406779661017 12.852857142857143 4.958333333333333 0.6200000000000003
1.0 0.11764705882352941 12.852857142857143 4.916666666666667 0.6300000000000003
1.0 0.11764705882352941 12.852857142857143 4.916666666666667 0.6400000000000003
1.0 0.1156530408773679 12.852857142857143 4.833333333333333 0.6500000000000004
1.0 0.11266201395812563 12.852857142857143 4.708333333333333 0.6600000000000004
1.0 0.1106679960119641 12.852857142857143 4.625 0.6700000000000004
1.0 0.10568295114656032 12.852857142857143 4.416666666666667 0.6800000000000004
1.0 0.09970089730807577 12.852857142857143 4.166666666666667 0.6900000000000004
1.0 0.0967098703888335 12.852857142857143 4.041666666666667 0.7000000000000004
1.0 0.0897308075772682 12.852857142857143 3.75 0.7100000000000004
1.0 0.08673978065802593 12.852857142857143 3.625 0.7200000000000004
1.0 0.07876370887337986 12.852857142857143 3.2916666666666665 0.7300000000000004
1.0 0.07178464606181456 12.852857142857143 3.0 0.7400000000000004
1.0 0.06380857427716849 12.852857142857143 2.6666666666666665 0.7500000000000004
1.0 0.06281156530408774 12.852857142857143 2.625 0.7600000000000005
1.0 0.05782652043868395 12.852857142857143 2.4166666666666665 0.7700000000000005
1.0 0.05682951146560319 12.852857142857143 2.375 0.7800000000000005
1.0 0.054835493519441676 12.852857142857143 2.2916666666666665 0.7900000000000005
1.0 0.05284147557328016 12.852857142857143 2.2083333333333335 0.8000000000000005
1.0 0.0518444666001994 12.852857142857143 2.1666666666666665 0.8100000000000005
1.0 0.0518444666001994 12.852857142857143 2.1666666666666665 0.8200000000000005
1.0 0.047856430707876374 12.852857142857143 2.0 0.8300000000000005
0.9997777036790041 0.047856430707876374 12.85 2.0 0.8400000000000005
0.9995554073580082 0.04685942173479561 12.847142857142858 1.9583333333333333 0.8500000000000005
0.9994442591975102 0.0448654037886341 12.845714285714285 1.875 0.8600000000000005
0.9991108147160165 0.038883349950149554 12.84142857142857 1.625 0.8700000000000006
0.9985550739135267 0.03788634097706879 12.834285714285715 1.5833333333333333 0.8800000000000006
0.9979993331110371 0.031904287138584245 12.827142857142857 1.3333333333333333 0.8900000000000006
0.9973324441480493 0.027916251246261216 12.81857142857143 1.1666666666666667 0.9000000000000006
0.9966655551850617 0.024925224327018942 12.81 1.0416666666666667 0.9100000000000006
0.9962209625430699 0.022931206380857428 12.804285714285715 0.9583333333333334 0.9200000000000006
0.9954429254195843 0.02193419740777667 12.794285714285714 0.9166666666666666 0.9300000000000006
0.9951094809380905 0.020937188434695914 12.79 0.875 0.9400000000000006
0.9948871846170946 0.019940179461615155 12.787142857142857 0.8333333333333334 0.9500000000000006
0.994109147493609 0.019940179461615155 12.777142857142858 0.8333333333333334 0.9600000000000006
0.9939979993331111 0.019940179461615155 12.775714285714285 0.8333333333333334 0.9700000000000006
0.9917750361231522 0.019940179461615155 12.747142857142856 0.8333333333333334 0.9800000000000006
0.9808825163943536 0.019940179461615155 12.607142857142858 0.8333333333333334 0.9900000000000007
0.0 0.0 0.0 0.0
