1.0 1.0 8.997 22.288888888888888 0.0
1.0 0.5024925224327019 8.997 11.2 0.01
1.0 0.3389830508474576 8.997 7.555555555555555 0.02
1.0 0.2831505483549352 8.997 6.311111111111111 0.03
1.0 0.25623130608175476 8.997 5.711111111111111 0.04
1.0 0.2313060817547358 8.997 5.155555555555556 0.05
1.0 0.2053838484546361 8.997 4.5777777777777775 0.060000000000000005
1.0 0.2053838484546361 8.997 4.5777777777777775 0.07
1.0 0.18344965104685942 8.997 4.088888888888889 0.08
1.0 0.17148554336989033 8.997 3.8222222222222224 0.09
1.0 0.16051844466600199 8.997 3.577777777777778 0.09999999999999999
1.0 0.15553339980059822 8.997 3.466666666666667 0.10999999999999999
1.0 0.15154536390827517 8.997 3.3777777777777778 0.11999999999999998
1.0 0.14456630109670987 8.997 3.2222222222222223 0.12999999999999998
1.0 0.13958125623130607 8.997 3.111111111111111 0.13999999999999999
1.0 0.13260219341974078 8.997 2.9555555555555557 0.15
1.0 0.12861415752741776 8.997 2.8666666666666667 0.16
1.0 0.12462612163509472 8.997 2.7777777777777777 0.17
1.0 0.11764705882352941 8.997 2.6222222222222222 0.18000000000000002
1.0 0.11266201395812563 8.997 2.511111111111111 0.19000000000000003
1.0 0.10568295114656032 8.997 2.3555555555555556 0.20000000000000004
1.0 0.1016949152542373 8.997 2.2666666666666666 0.21000000000000005
1.0 0.0967098703888335 8.997 2.1555555555555554 0.22000000000000006
1.0 0.09272183449651047 8.997 2.066666666666667 0.23000000000000007
1.0 0.0897308075772682 8.997 2.0 0.24000000000000007
1.0 0.08673978065802593 8.997 1.9333333333333333 0.25000000000000006
1.0 0.08673978065802593 8.997 1.9333333333333333 0.26000000000000006
1.0 0.0847457627118644 8.997 1.8888888888888888 0.2700000000000001
1.0 0.08175473579262213 8.997 1.8222222222222222 0.2800000000000001
1.0 0.08075772681954138 8.997 1.8 0.2900000000000001
1.0 0.07976071784646062 8.997 1.7777777777777777 0.3000000000000001
1.0 0.07976071784646062 8.997 1.7777777777777777 0.3100000000000001
1.0 0.07876370887337986 8.997 1.7555555555555555 0.3200000000000001
1.0 0.07876370887337986 8.997 1.7555555555555555 0.3300000000000001
1.0 0.07876370887337986 8.997 1.7555555555555555 0.34000000000000014
1.0 0.07876370887337986 8.997 1.7555555555555555 0.35000000000000014
1.0 0.07776669990029911 8.997 1.7333333333333334 0.36000000000000015
1.0 0.07577268195413758 8.997 1.6888888888888889 0.37000000000000016
1.0 0.07477567298105683 8.997 1.6666666666666667 0.38000000000000017
1.0 0.0707876370887338 8.997 1.5777777777777777 0.3900000000000002
1.0 0.06679960119641076 8.997 1.488888888888889 0.4000000000000002
1.0 0.06679960119641076 8.997 1.488888888888889 0.4100000000000002
1.0 0.06281156530408774 8.997 1.4 0.4200000000000002
1.0 0.06181455633100698 8.997 1.3777777777777778 0.4300000000000002
1.0 0.05782652043868395 8.997 1.288888888888889 0.4400000000000002
1.0 0.05682951146560319 8.997 1.2666666666666666 0.45000000000000023
1.0 0.04885343968095713 8.997 1.0888888888888888 0.46000000000000024
1.0 0.04685942173479561 8.997 1.0444444444444445 0.47000000000000025
1.0 0.04386839481555334 8.997 0.9777777777777777 0.48000000000000026
1.0 0.040877367896311065 8.997 0.9111111111111111 0.49000000000000027
1.0 0.038883349950149554 8.997 0.8666666666666667 0.5000000000000002
1.0 0.036889332003988036 8.997 0.8222222222222222 0.5100000000000002
1.0 0.036889332003988036 8.997 0.8222222222222222 0.5200000000000002
1.0 0.03589232303090728 8.997 0.8 0.5300000000000002
1.0 0.03589232303090728 8.997 0.8 0.5400000000000003
1.0 0.03489531405782652 8.997 0.7777777777777778 0.5500000000000003
1.0 0.03489531405782652 8.997 0.7777777777777778 0.5600000000000003
1.0 0.03489531405782652 8.997 0.7777777777777778 0.5700000000000003
1.0 0.03389830508474576 8.997 0.7555555555555555 0.5800000000000003
1.0 0.03389830508474576 8.997 0.7555555555555555 0.5900000000000003
1.0 0.03290129611166501 8.997 0.7333333333333333 0.6000000000000003
1.0 0.03290129611166501 8.997 0.7333333333333333 0.6100000000000003
1.0 0.03290129611166501 8.997 0.7333333333333333 0.6200000000000003
1.0 0.03290129611166501 8.997 0.7333333333333333 0.6300000000000003
1.0 0.031904287138584245 8.997 0.7111111111111111 0.6400000000000003
1.0 0.031904287138584245 8.997 0.7111111111111111 0.6500000000000004
1.0 0.031904287138584245 8.997 0.7111111111111111 0.6600000000000004
1.0 0.03090727816550349 8.997 0.6888888888888889 0.6700000000000004
1.0 0.03090727816550349 8.997 0.6888888888888889 0.6800000000000004
1.0 0.02991026919242273 8.997 0.6666666666666666 0.6900000000000004
1.0 0.028913260219341975 8.997 0.6444444444444445 0.7000000000000004
1.0 0.027916251246261216 8.997 0.6222222222222222 0.7100000000000004
1.0 0.0259222333000997 8.997 0.5777777777777777 0.7200000000000004
1.0 0.023928215353938187 8.997 0.5333333333333333 0.7300000000000004
1.0 0.018943170488534396 8.997 0.4222222222222222 0.7400000000000004
1.0 0.015952143569292122 8.997 0.35555555555555557 0.7500000000000004
1.0 0.011964107676969093 8.997 0.26666666666666666 0.7600000000000005
1.0 0.010967098703888335 8.997 0.24444444444444444 0.7700000000000005
1.0 0.00897308075772682 8.997 0.2 0.7800000000000005
1.0 0.007976071784646061 8.997 0.17777777777777778 0.7900000000000005
1.0 0.006979062811565304 8.997 0.15555555555555556 0.8000000000000005
1.0 0.006979062811565304 8.997 0.15555555555555556 0.8100000000000005
1.0 0.006979062811565304 8.997 0.15555555555555556 0.8200000000000005
1.0 0.006979062811565304 8.997 0.15555555555555556 0.8300000000000005
1.0 0.006979062811565304 8.997 0.15555555555555556 0.8400000000000005
1.0 0.005982053838484547 8.997 0.13333333333333333 0.8500000000000005
1.0 0.005982053838484547 8.997 0.13333333333333333 0.8600000000000005
1.0 0.005982053838484547 8.997 0.13333333333333333 0.8700000000000006
1.0 0.003988035892323031 8.997 0.08888888888888889 0.8800000000000006
1.0 0.003988035892323031 8.997 0.08888888888888889 0.8900000000000006
1.0 0.0019940179461615153 8.997 0.044444444444444446 0.9000000000000006
1.0 9.970089730807576E-4 8.997 0.022222222222222223 0.9100000000000006
1.0 9.970089730807576E-4 8.997 0.022222222222222223 0.9200000000000006
1.0 9.970089730807576E-4 8.997 0.022222222222222223 0.9300000000000006
1.0 9.970089730807576E-4 8.997 0.022222222222222223 0.9400000000000006
1.0 0.0 8.997 0.0 0.9500000000000006
1.0 0.0 8.997 0.0 0.9600000000000006
0.999888851839502 0.0 8.996 0.0 0.9700000000000006
0.9997777036790041 0.0 8.995 0.0 0.9800000000000006
0.9989996665555185 0.0 8.988 0.0 0.9900000000000007
0.0 0.0 0.0 0.0
