0.0 0.3988035892323031 0.0 20.0 0.0
0.0 0.35294117647058826 0.0 17.7 0.01
0.0 0.30309072781655033 0.0 15.2 0.02
0.0 0.29112662013958124 0.0 14.6 0.03
0.0 0.28215353938185445 0.0 14.15 0.04
0.0 0.27218344965104685 0.0 13.65 0.05
0.0 0.26021934197407776 0.0 13.05 0.060000000000000005
0.0 0.26021934197407776 0.0 13.05 0.07
0.0 0.25623130608175476 0.0 12.85 0.08
0.0 0.24825523429710866 0.0 12.45 0.09
0.0 0.24227318045862412 0.0 12.15 0.09999999999999999
0.0 0.23629112662013957 0.0 11.85 0.10999999999999999
0.0 0.2313060817547358 0.0 11.6 0.11999999999999998
0.0 0.22831505483549352 0.0 11.45 0.12999999999999998
0.0 0.21635094715852443 0.0 10.85 0.13999999999999999
0.0 0.2143569292123629 0.0 10.75 0.15
0.0 0.2123629112662014 0.0 10.65 0.16
0.0 0.21036889332003988 0.0 10.55 0.17
0.0 0.20438683948155534 0.0 10.25 0.18000000000000002
0.0 0.2033898305084746 0.0 10.2 0.19000000000000003
0.0 0.20139581256231306 0.0 10.1 0.20000000000000004
0.0 0.1984047856430708 0.0 9.95 0.21000000000000005
0.0 0.1984047856430708 0.0 9.95 0.22000000000000006
0.0 0.19740777666999004 0.0 9.9 0.23000000000000007
0.0 0.19641076769690927 0.0 9.85 0.24000000000000007
0.0 0.19641076769690927 0.0 9.85 0.25000000000000006
0.0 0.19541375872382852 0.0 9.8 0.26000000000000006
0.0 0.19242273180458624 0.0 9.65 0.2700000000000001
0.0 0.19242273180458624 0.0 9.65 0.2800000000000001
0.0 0.18544366899302095 0.0 9.3 0.2900000000000001
0.0 0.1814556331006979 0.0 9.1 0.3000000000000001
0.0 0.1814556331006979 0.0 9.1 0.3100000000000001
0.0 0.1814556331006979 0.0 9.1 0.3200000000000001
0.0 0.18045862412761715 0.0 9.05 0.3300000000000001
0.0 0.18045862412761715 0.0 9.05 0.34000000000000014
0.0 0.17647058823529413 0.0 8.85 0.35000000000000014
0.0 0.17647058823529413 0.0 8.85 0.36000000000000015
0.0 0.1744765702891326 0.0 8.75 0.37000000000000016
0.0 0.17347956131605186 0.0 8.7 0.38000000000000017
0.0 0.17347956131605186 0.0 8.7 0.3900000000000002
0.0 0.17347956131605186 0.0 8.7 0.4000000000000002
0.0 0.17347956131605186 0.0 8.7 0.4100000000000002
0.0 0.17347956131605186 0.0 8.7 0.4200000000000002
0.0 0.17347956131605186 0.0 8.7 0.4300000000000002
0.0 0.17347956131605186 0.0 8.7 0.4400000000000002
0.0 0.17347956131605186 0.0 8.7 0.45000000000000023
0.0 0.17347956131605186 0.0 8.7 0.46000000000000024
0.0 0.17347956131605186 0.0 8.7 0.47000000000000025
0.0 0.17148554336989033 0.0 8.6 0.48000000000000026
0.0 0.16650049850448653 0.0 8.35 0.49000000000000027
0.0 0.16550348953140578 0.0 8.3 0.5000000000000002
0.0 0.1625124626121635 0.0 8.15 0.5100000000000002
0.0 0.1535393818544367 0.0 7.7 0.5200000000000002
0.0 0.1535393818544367 0.0 7.7 0.5300000000000002
0.0 0.14955134596211367 0.0 7.5 0.5400000000000003
0.0 0.14755732801595214 0.0 7.4 0.5500000000000003
0.0 0.14556331006979062 0.0 7.3 0.5600000000000003
0.0 0.14456630109670987 0.0 7.25 0.5700000000000003
0.0 0.14456630109670987 0.0 7.25 0.5800000000000003
0.0 0.14356929212362912 0.0 7.2 0.5900000000000003
0.0 0.14356929212362912 0.0 7.2 0.6000000000000003
0.0 0.14057826520438685 0.0 7.05 0.6100000000000003
0.0 0.14057826520438685 0.0 7.05 0.6200000000000003
0.0 0.13858424725822532 0.0 6.95 0.6300000000000003
0.0 0.1345962113659023 0.0 6.75 0.6400000000000003
0.0 0.13359920239282153 0.0 6.7 0.6500000000000004
0.0 0.13160518444666003 0.0 6.6 0.6600000000000004
0.0 0.13160518444666003 0.0 6.6 0.6700000000000004
0.0 0.12662013958125623 0.0 6.35 0.6800000000000004
0.0 0.12662013958125623 0.0 6.35 0.6900000000000004
0.0 0.12662013958125623 0.0 6.35 0.7000000000000004
0.0 0.12562313060817548 0.0 6.3 0.7100000000000004
0.0 0.12562313060817548 0.0 6.3 0.7200000000000004
0.0 0.12362911266201396 0.0 6.2 0.7300000000000004
0.0 0.12063808574277168 0.0 6.05 0.7400000000000004
0.0 0.11864406779661017 0.0 5.95 0.7500000000000004
0.0 0.11665004985044865 0.0 5.85 0.7600000000000005
0.0 0.11465603190428714 0.0 5.75 0.7700000000000005
0.0 0.11365902293120637 0.0 5.7 0.7800000000000005
0.0 0.11166500498504486 0.0 5.6 0.7900000000000005
0.0 0.10867397806580259 0.0 5.45 0.8000000000000005
0.0 0.10468594217347957 0.0 5.25 0.8100000000000005
0.0 0.1036889332003988 0.0 5.2 0.8200000000000005
0.0 0.10269192422731804 0.0 5.15 0.8300000000000005
0.0 0.09970089730807577 0.0 5.0 0.8400000000000005
0.0 0.09770687936191426 0.0 4.9 0.8500000000000005
0.0 0.09471585244267199 0.0 4.75 0.8600000000000005
0.0 0.09272183449651047 0.0 4.65 0.8700000000000006
0.0 0.09272183449651047 0.0 4.65 0.8800000000000006
0.0 0.09172482552342971 0.0 4.6 0.8900000000000006
0.0 0.0847457627118644 0.0 4.25 0.9000000000000006
0.0 0.0847457627118644 0.0 4.25 0.9100000000000006
0.0 0.0847457627118644 0.0 4.25 0.9200000000000006
0.0 0.08175473579262213 0.0 4.1 0.9300000000000006
0.0 0.07776669990029911 0.0 3.9 0.9400000000000006
0.0 0.07178464606181456 0.0 3.6 0.9500000000000006
0.0 0.06081754735792622 0.0 3.05 0.9600000000000006
0.0 0.0518444666001994 0.0 2.6 0.9700000000000006
0.0 0.03788634097706879 0.0 1.9 0.9800000000000006
0.0 0.027916251246261216 0.0 1.4 0.9900000000000007
0.0 0.0 0.0 0.0
