1.0 1.0 11.24625 22.288888888888888 0.0
0.9983327775925308 0.6161515453639083 11.2275 13.733333333333333 0.01
0.9982216294320329 0.48055832502492524 11.22625 10.71111111111111 0.02
0.9982216294320329 0.4217347956131605 11.22625 9.4 0.03
0.9982216294320329 0.382851445663011 11.22625 8.533333333333333 0.04
0.9982216294320329 0.35194416749750745 11.22625 7.844444444444444 0.05
0.9982216294320329 0.3120638085742772 11.22625 6.955555555555556 0.060000000000000005
0.9982216294320329 0.3120638085742772 11.22625 6.955555555555556 0.07
0.9982216294320329 0.3000997008973081 11.22625 6.688888888888889 0.08
0.9982216294320329 0.292123629112662 11.22625 6.511111111111111 0.09
0.9982216294320329 0.2711864406779661 11.22625 6.044444444444444 0.09999999999999999
0.9982216294320329 0.2572283150548355 11.22625 5.733333333333333 0.10999999999999999
0.9982216294320329 0.2522432701894317 11.22625 5.622222222222222 0.11999999999999998
0.9982216294320329 0.2472582253240279 11.22625 5.511111111111111 0.12999999999999998
0.9982216294320329 0.23928215353938184 11.22625 5.333333333333333 0.13999999999999999
0.9982216294320329 0.23030907278165502 11.22625 5.133333333333334 0.15
0.9982216294320329 0.2213359920239282 11.22625 4.933333333333334 0.16
0.9982216294320329 0.21136590229312063 11.22625 4.711111111111111 0.17
0.9982216294320329 0.19042871385842472 11.22625 4.2444444444444445 0.18000000000000002
0.9982216294320329 0.1814556331006979 11.22625 4.044444444444444 0.19000000000000003
0.9982216294320329 0.17248255234297108 11.22625 3.8444444444444446 0.20000000000000004
0.9982216294320329 0.16450648055832504 11.22625 3.6666666666666665 0.21000000000000005
0.9982216294320329 0.1585244267198405 11.22625 3.533333333333333 0.22000000000000006
0.9982216294320329 0.15154536390827517 11.22625 3.3777777777777778 0.23000000000000007
0.9982216294320329 0.1485543369890329 11.22625 3.311111111111111 0.24000000000000007
0.9982216294320329 0.14556331006979062 11.22625 3.2444444444444445 0.25000000000000006
0.9982216294320329 0.14257228315054835 11.22625 3.1777777777777776 0.26000000000000006
0.9982216294320329 0.14057826520438685 11.22625 3.1333333333333333 0.2700000000000001
0.9982216294320329 0.13559322033898305 11.22625 3.022222222222222 0.2800000000000001
0.9982216294320329 0.1345962113659023 11.22625 3.0 0.2900000000000001
0.9982216294320329 0.13260219341974078 11.22625 2.9555555555555557 0.3000000000000001
0.9982216294320329 0.13260219341974078 11.22625 2.9555555555555557 0.3100000000000001
0.9982216294320329 0.13060817547357925 11.22625 2.911111111111111 0.3200000000000001
0.9982216294320329 0.12861415752741776 11.22625 2.8666666666666667 0.3300000000000001
0.9982216294320329 0.12462612163509472 11.22625 2.7777777777777777 0.34000000000000014
0.9982216294320329 0.1226321036889332 11.22625 2.7333333333333334 0.35000000000000014
0.9982216294320329 0.11964107676969092 11.22625 2.6666666666666665 0.36000000000000015
0.9982216294320329 0.11665004985044865 11.22625 2.6 0.37000000000000016
0.9982216294320329 0.11266201395812563 11.22625 2.511111111111111 0.38000000000000017
0.9982216294320329 0.10867397806580259 11.22625 2.422222222222222 0.3900000000000002
0.9982216294320329 0.10269192422731804 11.22625 2.2888888888888888 0.4000000000000002
0.9982216294320329 0.09870388833499502 11.22625 2.2 0.4100000000000002
0.9982216294320329 0.09371884346959122 11.22625 2.088888888888889 0.4200000000000002
0.9982216294320329 0.08773678963110668 11.22625 1.9555555555555555 0.4300000000000002
0.9982216294320329 0.08175473579262213 11.22625 1.8222222222222222 0.4400000000000002
0.9982216294320329 0.08075772681954138 11.22625 1.8 0.45000000000000023
0.9982216294320329 0.07278165503489531 11.22625 1.6222222222222222 0.46000000000000024
0.9982216294320329 0.06879361914257229 11.22625 1.5333333333333334 0.47000000000000025
0.9982216294320329 0.06580259222333001 11.22625 1.4666666666666666 0.48000000000000026
0.9982216294320329 0.06380857427716849 11.22625 1.4222222222222223 0.49000000000000027
0.9982216294320329 0.06181455633100698 11.22625 1.3777777777777778 0.5000000000000002
0.9982216294320329 0.05782652043868395 11.22625 1.288888888888889 0.5100000000000002
0.9982216294320329 0.053838484546360914 11.22625 1.2 0.5200000000000002
0.9982216294320329 0.05084745762711865 11.22625 1.1333333333333333 0.5300000000000002
0.9982216294320329 0.05084745762711865 11.22625 1.1333333333333333 0.5400000000000003
0.9982216294320329 0.05084745762711865 11.22625 1.1333333333333333 0.5500000000000003
0.9982216294320329 0.05084745762711865 11.22625 1.1333333333333333 0.5600000000000003
0.9982216294320329 0.05084745762711865 11.22625 1.1333333333333333 0.5700000000000003
0.9982216294320329 0.05084745762711865 11.22625 1.1333333333333333 0.5800000000000003
0.998110481271535 0.049850448654037885 11.225 1.1111111111111112 0.5900000000000003
0.998110481271535 0.04685942173479561 11.225 1.0444444444444445 0.6000000000000003
0.998110481271535 0.0448654037886341 11.225 1.0 0.6100000000000003
0.998110481271535 0.0448654037886341 11.225 1.0 0.6200000000000003
0.998110481271535 0.04287138584247258 11.225 0.9555555555555556 0.6300000000000003
0.998110481271535 0.040877367896311065 11.225 0.9111111111111111 0.6400000000000003
0.998110481271535 0.038883349950149554 11.225 0.8666666666666667 0.6500000000000004
0.998110481271535 0.03589232303090728 11.225 0.8 0.6600000000000004
0.998110481271535 0.03389830508474576 11.225 0.7555555555555555 0.6700000000000004
0.998110481271535 0.02991026919242273 11.225 0.6666666666666666 0.6800000000000004
0.998110481271535 0.027916251246261216 11.225 0.6222222222222222 0.6900000000000004
0.9979993331110371 0.026919242273180457 11.22375 0.6 0.7000000000000004
0.9979993331110371 0.023928215353938187 11.22375 0.5333333333333333 0.7100000000000004
0.9979993331110371 0.018943170488534396 11.22375 0.4222222222222222 0.7200000000000004
0.9979993331110371 0.015952143569292122 11.22375 0.35555555555555557 0.7300000000000004
0.9979993331110371 0.013958125623130608 11.22375 0.3111111111111111 0.7400000000000004
0.9979993331110371 0.011964107676969093 11.22375 0.26666666666666666 0.7500000000000004
0.9979993331110371 0.006979062811565304 11.22375 0.15555555555555556 0.7600000000000005
0.9979993331110371 0.003988035892323031 11.22375 0.08888888888888889 0.7700000000000005
0.9979993331110371 0.003988035892323031 11.22375 0.08888888888888889 0.7800000000000005
0.9979993331110371 0.0029910269192422734 11.22375 0.06666666666666667 0.7900000000000005
0.9979993331110371 0.0019940179461615153 11.22375 0.044444444444444446 0.8000000000000005
0.9979993331110371 0.0019940179461615153 11.22375 0.044444444444444446 0.8100000000000005
0.9979993331110371 0.0019940179461615153 11.22375 0.044444444444444446 0.8200000000000005
0.9979993331110371 0.0019940179461615153 11.22375 0.044444444444444446 0.8300000000000005
0.9979993331110371 0.0019940179461615153 11.22375 0.044444444444444446 0.8400000000000005
0.9978881849505391 0.0019940179461615153 11.2225 0.044444444444444446 0.8500000000000005
0.9978881849505391 0.0019940179461615153 11.2225 0.044444444444444446 0.8600000000000005
0.9978881849505391 0.0019940179461615153 11.2225 0.044444444444444446 0.8700000000000006
0.9978881849505391 0.0019940179461615153 11.2225 0.044444444444444446 0.8800000000000006
0.9978881849505391 0.0019940179461615153 11.2225 0.044444444444444446 0.8900000000000006
0.9978881849505391 9.970089730807576E-4 11.2225 0.022222222222222223 0.9000000000000006
0.9978881849505391 9.970089730807576E-4 11.2225 0.022222222222222223 0.9100000000000006
0.9978881849505391 0.0 11.2225 0.0 0.9200000000000006
0.9978881849505391 0.0 11.2225 0.0 0.9300000000000006
0.9978881849505391 0.0 11.2225 0.0 0.9400000000000006
0.9978881849505391 0.0 11.2225 0.0 0.9500000000000006
0.9978881849505391 0.0 11.2225 0.0 0.9600000000000006
0.9978881849505391 0.0 11.2225 0.0 0.9700000000000006
0.9971101478270534 0.0 11.21375 0.0 0.9800000000000006
0.9945537401356007 0.0 11.185 0.0 0.9900000000000007
0.0 0.0 0.0 0.0
