1.0 1.0 44.985 100.3 0.0
1.0 0.9890329012961117 44.985 99.2 0.01
1.0 0.9710867397806581 44.985 97.4 0.02
1.0 0.9621136590229312 44.985 96.5 0.03
1.0 0.9551345962113659 44.985 95.8 0.04
1.0 0.9521435692921236 44.985 95.5 0.05
1.0 0.942173479561316 44.985 94.5 0.060000000000000005
1.0 0.942173479561316 44.985 94.5 0.07
1.0 0.938185443668993 44.985 94.1 0.08
1.0 0.9282153539381854 44.985 93.1 0.09
1.0 0.9212362911266201 44.985 92.4 0.09999999999999999
1.0 0.9212362911266201 44.985 92.4 0.10999999999999999
1.0 0.9172482552342971 44.985 92.0 0.11999999999999998
1.0 0.9162512462612163 44.985 91.9 0.12999999999999998
1.0 0.9102691924227319 44.985 91.3 0.13999999999999999
1.0 0.9072781655034895 44.985 91.0 0.15
1.0 0.9022931206380858 44.985 90.5 0.16
1.0 0.8983050847457628 44.985 90.1 0.17
1.0 0.8913260219341974 44.985 89.4 0.18000000000000002
1.0 0.8893320039880359 44.985 89.2 0.19000000000000003
1.0 0.8833499501495513 44.985 88.6 0.20000000000000004
1.0 0.8803589232303091 44.985 88.3 0.21000000000000005
1.0 0.8793619142572283 44.985 88.2 0.22000000000000006
1.0 0.8763708873379861 44.985 87.9 0.23000000000000007
1.0 0.8713858424725822 44.985 87.4 0.24000000000000007
1.0 0.8703888334995015 44.985 87.3 0.25000000000000006
1.0 0.8664007976071785 44.985 86.9 0.26000000000000006
1.0 0.8654037886340977 44.985 86.8 0.2700000000000001
1.0 0.864406779661017 44.985 86.7 0.2800000000000001
1.0 0.864406779661017 44.985 86.7 0.2900000000000001
1.0 0.8624127617148555 44.985 86.5 0.3000000000000001
1.0 0.8614157527417746 44.985 86.4 0.3100000000000001
1.0 0.8614157527417746 44.985 86.4 0.3200000000000001
1.0 0.8604187437686939 44.985 86.3 0.3300000000000001
1.0 0.8574277168494516 44.985 86.0 0.34000000000000014
1.0 0.8564307078763709 44.985 85.9 0.35000000000000014
1.0 0.8504486540378864 44.985 85.3 0.36000000000000015
1.0 0.847457627118644 44.985 85.0 0.37000000000000016
1.0 0.8424725822532403 44.985 84.5 0.38000000000000017
1.0 0.8384845463609173 44.985 84.1 0.3900000000000002
1.0 0.8325024925224327 44.985 83.5 0.4000000000000002
1.0 0.827517447657029 44.985 83.0 0.4100000000000002
1.0 0.8195413758723828 44.985 82.2 0.4200000000000002
1.0 0.810568295114656 44.985 81.3 0.4300000000000002
1.0 0.8005982053838484 44.985 80.3 0.4400000000000002
1.0 0.7926221335992024 44.985 79.5 0.45000000000000023
1.0 0.7826520438683948 44.985 78.5 0.46000000000000024
1.0 0.7776669990029911 44.985 78.0 0.47000000000000025
1.0 0.773678963110668 44.985 77.6 0.48000000000000026
1.0 0.7666999002991027 44.985 76.9 0.49000000000000027
1.0 0.7627118644067796 44.985 76.5 0.5000000000000002
1.0 0.7607178464606181 44.985 76.3 0.5100000000000002
1.0 0.7577268195413759 44.985 76.0 0.5200000000000002
1.0 0.7537387836490529 44.985 75.6 0.5300000000000002
1.0 0.7537387836490529 44.985 75.6 0.5400000000000003
1.0 0.7517447657028913 44.985 75.4 0.5500000000000003
1.0 0.7497507477567298 44.985 75.2 0.5600000000000003
1.0 0.7477567298105683 44.985 75.0 0.5700000000000003
1.0 0.7387836490528414 44.985 74.1 0.5800000000000003
1.0 0.7357926221335992 44.985 73.8 0.5900000000000003
1.0 0.7337986041874377 44.985 73.6 0.6000000000000003
1.0 0.7308075772681955 44.985 73.3 0.6100000000000003
1.0 0.7308075772681955 44.985 73.3 0.6200000000000003
1.0 0.7268195413758723 44.985 72.9 0.6300000000000003
1.0 0.7228315054835494 44.985 72.5 0.6400000000000003
1.0 0.7218344965104686 44.985 72.4 0.6500000000000004
1.0 0.715852442671984 44.985 71.8 0.6600000000000004
1.0 0.7088733798604188 44.985 71.1 0.6700000000000004
1.0 0.6979062811565304 44.985 70.0 0.6800000000000004
1.0 0.674975074775673 44.985 67.7 0.6900000000000004
1.0 0.6620139581256231 44.985 66.4 0.7000000000000004
1.0 0.6490528414755733 44.985 65.1 0.7100000000000004
1.0 0.6281156530408774 44.985 63.0 0.7200000000000004
1.0 0.6081754735792622 44.985 61.0 0.7300000000000004
1.0 0.5912263210368893 44.985 59.3 0.7400000000000004
1.0 0.5722831505483549 44.985 57.4 0.7500000000000004
1.0 0.5443668993020937 44.985 54.6 0.7600000000000005
0.999888851839502 0.5284147557328016 44.98 53.0 0.7700000000000005
0.9997777036790041 0.5114656031904287 44.975 51.3 0.7800000000000005
0.9996665555185061 0.5024925224327019 44.97 50.4 0.7900000000000005
0.9989996665555185 0.4935194416749751 44.94 49.5 0.8000000000000005
0.9974435923085473 0.48554336989032904 44.87 48.7 0.8100000000000005
0.9955540735800823 0.481555333998006 44.785 48.3 0.8200000000000005
0.992108480604646 0.4795613160518445 44.63 48.1 0.8300000000000005
0.9876625541847283 0.4715852442671984 44.43 47.3 0.8400000000000005
0.9795487384683783 0.46161515453639085 44.065 46.3 0.8500000000000005
0.966322107369123 0.4356929212362911 43.47 43.7 0.8600000000000005
0.9482049572079582 0.4047856430707876 42.655 40.6 0.8700000000000006
0.9205290652439702 0.37387836490528414 41.41 37.5 0.8800000000000006
0.8884072468600644 0.33998005982053836 39.965 34.1 0.8900000000000006
0.8520617983772368 0.288135593220339 38.33 28.9 0.9000000000000006
0.8172724241413805 0.24626121635094717 36.765 24.7 0.9100000000000006
0.7855951983994665 0.19740777666999004 35.34 19.8 0.9200000000000006
0.7636990107813716 0.16650049850448653 34.355 16.7 0.9300000000000006
0.7453595642992108 0.1485543369890329 33.53 14.9 0.9400000000000006
0.7355785261753918 0.13559322033898305 33.09 13.6 0.9500000000000006
0.7274647104590419 0.1226321036889332 32.725 12.3 0.9600000000000006
0.7132377459153051 0.1036889332003988 32.085 10.4 0.9700000000000006
0.6782260753584528 0.0897308075772682 30.51 9.0 0.9800000000000006
0.5819717683672335 0.05084745762711865 26.18 5.1 0.9900000000000007
0.0 0.0 0.0 0.0
