1.0 1.0 17.994 50.15 0.0
1.0 0.8953140578265204 17.994 44.9 0.01
1.0 0.8115653040877367 17.994 40.7 0.02
1.0 0.7726819541375872 17.994 38.75 0.03
1.0 0.7517447657028913 17.994 37.7 0.04
1.0 0.7318045862412762 17.994 36.7 0.05
1.0 0.6989032901296112 17.994 35.05 0.060000000000000005
1.0 0.6989032901296112 17.994 35.05 0.07
1.0 0.6859421734795613 17.994 34.4 0.08
1.0 0.6719840478564307 17.994 33.7 0.09
1.0 0.6580259222333001 17.994 33.0 0.09999999999999999
1.0 0.6510468594217348 17.994 32.65 0.10999999999999999
1.0 0.6410767696909272 17.994 32.15 0.11999999999999998
1.0 0.6321036889332003 17.994 31.7 0.12999999999999998
1.0 0.6241276171485544 17.994 31.3 0.13999999999999999
1.0 0.613160518444666 17.994 30.75 0.15
1.0 0.6021934197407777 17.994 30.2 0.16
1.0 0.5902293120638086 17.994 29.6 0.17
1.0 0.5643070787637089 17.994 28.3 0.18000000000000002
1.0 0.5463609172482552 17.994 27.4 0.19000000000000003
1.0 0.5373878364905285 17.994 26.95 0.20000000000000004
1.0 0.5254237288135594 17.994 26.35 0.21000000000000005
1.0 0.514456630109671 17.994 25.8 0.22000000000000006
1.0 0.5044865403788634 17.994 25.3 0.23000000000000007
1.0 0.4935194416749751 17.994 24.75 0.24000000000000007
1.0 0.4885343968095713 17.994 24.5 0.25000000000000006
1.0 0.48554336989032904 17.994 24.35 0.26000000000000006
1.0 0.48454636091724823 17.994 24.3 0.2700000000000001
1.0 0.48255234297108673 17.994 24.2 0.2800000000000001
1.0 0.4795613160518445 17.994 24.05 0.2900000000000001
1.0 0.4745762711864407 17.994 23.8 0.3000000000000001
1.0 0.4715852442671984 17.994 23.65 0.3100000000000001
1.0 0.47058823529411764 17.994 23.6 0.3200000000000001
1.0 0.4695912263210369 17.994 23.55 0.3300000000000001
1.0 0.4666001994017946 17.994 23.4 0.34000000000000014
1.0 0.46061814556331004 17.994 23.1 0.35000000000000014
1.0 0.4546360917248255 17.994 22.8 0.36000000000000015
1.0 0.4426719840478564 17.994 22.2 0.37000000000000016
1.0 0.43768693918245266 17.994 21.95 0.38000000000000017
1.0 0.4267198404785643 17.994 21.4 0.3900000000000002
1.0 0.4127617148554337 17.994 20.7 0.4000000000000002
1.0 0.39780658025922233 17.994 19.95 0.4100000000000002
1.0 0.38384845463609174 17.994 19.25 0.4200000000000002
1.0 0.3708873379860419 17.994 18.6 0.4300000000000002
1.0 0.36490528414755735 17.994 18.3 0.4400000000000002
1.0 0.35493519441674976 17.994 17.8 0.45000000000000023
1.0 0.34297108673978066 17.994 17.2 0.46000000000000024
1.0 0.3300099700897308 17.994 16.55 0.47000000000000025
1.0 0.317048853439681 17.994 15.9 0.48000000000000026
1.0 0.3090727816550349 17.994 15.5 0.49000000000000027
1.0 0.3090727816550349 17.994 15.5 0.5000000000000002
1.0 0.30608175473579263 17.994 15.35 0.5100000000000002
1.0 0.3020937188434696 17.994 15.15 0.5200000000000002
1.0 0.30109670987038883 17.994 15.1 0.5300000000000002
1.0 0.29810568295114653 17.994 14.95 0.5400000000000003
1.0 0.29611166500498504 17.994 14.85 0.5500000000000003
1.0 0.2931206380857428 17.994 14.7 0.5600000000000003
1.0 0.2931206380857428 17.994 14.7 0.5700000000000003
1.0 0.29112662013958124 17.994 14.6 0.5800000000000003
1.0 0.28913260219341974 17.994 14.5 0.5900000000000003
1.0 0.28713858424725824 17.994 14.4 0.6000000000000003
1.0 0.28614157527417744 17.994 14.35 0.6100000000000003
1.0 0.2851445663010967 17.994 14.3 0.6200000000000003
1.0 0.2831505483549352 17.994 14.2 0.6300000000000003
1.0 0.28015952143569295 17.994 14.05 0.6400000000000003
1.0 0.27218344965104685 17.994 13.65 0.6500000000000004
1.0 0.2642073778664008 17.994 13.25 0.6600000000000004
0.999888851839502 0.2542372881355932 17.992 12.75 0.6700000000000004
0.999888851839502 0.2452642073778664 17.992 12.3 0.6800000000000004
0.999888851839502 0.23429710867397807 17.992 11.75 0.6900000000000004
0.999888851839502 0.22333000997008973 17.992 11.2 0.7000000000000004
0.999888851839502 0.21036889332003988 17.992 10.55 0.7100000000000004
0.999888851839502 0.19541375872382852 17.992 9.8 0.7200000000000004
0.999888851839502 0.17647058823529413 17.992 8.85 0.7300000000000004
0.9997777036790041 0.15653040877367896 17.99 7.85 0.7400000000000004
0.9997777036790041 0.14456630109670987 17.99 7.25 0.7500000000000004
0.9997777036790041 0.1365902293120638 17.99 6.85 0.7600000000000005
0.9997777036790041 0.12662013958125623 17.99 6.35 0.7700000000000005
0.9997777036790041 0.11365902293120637 17.99 5.7 0.7800000000000005
0.9997777036790041 0.10867397806580259 17.99 5.45 0.7900000000000005
0.9996665555185061 0.10468594217347957 17.988 5.25 0.8000000000000005
0.9996665555185061 0.09970089730807577 17.988 5.0 0.8100000000000005
0.9996665555185061 0.0967098703888335 17.988 4.85 0.8200000000000005
0.9991108147160165 0.08873379860418744 17.978 4.45 0.8300000000000005
0.9985550739135267 0.08574277168494517 17.968 4.3 0.8400000000000005
0.9973324441480493 0.08374875373878365 17.946 4.2 0.8500000000000005
0.9955540735800823 0.07477567298105683 17.914 3.75 0.8600000000000005
0.9933311103701233 0.06480558325024925 17.874 3.25 0.8700000000000006
0.9913304434811604 0.053838484546360914 17.838 2.7 0.8800000000000006
0.9885517394687118 0.04685942173479561 17.788 2.35 0.8900000000000006
0.9856618872957652 0.031904287138584245 17.736 1.6 0.9000000000000006
0.9832166277648104 0.018943170488534396 17.692 0.95 0.9100000000000006
0.9797710347893742 0.010967098703888335 17.63 0.55 0.9200000000000006
0.9776592197399133 0.0019940179461615153 17.592 0.1 0.9300000000000006
0.9756585528509503 0.0 17.556 0.0 0.9400000000000006
0.9732132933199955 0.0 17.512 0.0 0.9500000000000006
0.9714349227520285 0.0 17.48 0.0 0.9600000000000006
0.9687673669000778 0.0 17.432 0.0 0.9700000000000006
0.9586528842947649 0.0 17.25 0.0 0.9800000000000006
0.9224185839724353 0.0 16.598 0.0 0.9900000000000007
0.0 0.0 0.0 0.0
