1.0 1.0 89.97 40.12 0.0
1.0 1.0 89.97 40.12 0.01
1.0 0.9940179461615155 89.97 39.88 0.02
1.0 0.9940179461615155 89.97 39.88 0.03
1.0 0.9920239282153539 89.97 39.8 0.04
1.0 0.9910269192422732 89.97 39.76 0.05
1.0 0.9840478564307079 89.97 39.48 0.060000000000000005
1.0 0.9840478564307079 89.97 39.48 0.07
1.0 0.9840478564307079 89.97 39.48 0.08
1.0 0.9820538384845464 89.97 39.4 0.09
1.0 0.9820538384845464 89.97 39.4 0.09999999999999999
1.0 0.9810568295114656 89.97 39.36 0.10999999999999999
1.0 0.9790628115653041 89.97 39.28 0.11999999999999998
1.0 0.9790628115653041 89.97 39.28 0.12999999999999998
1.0 0.9780658025922233 89.97 39.24 0.13999999999999999
1.0 0.9780658025922233 89.97 39.24 0.15
1.0 0.9760717846460618 89.97 39.16 0.16
1.0 0.9740777666999003 89.97 39.08 0.17
1.0 0.9720837487537388 89.97 39.0 0.18000000000000002
1.0 0.9710867397806581 89.97 38.96 0.19000000000000003
1.0 0.9680957128614157 89.97 38.84 0.20000000000000004
1.0 0.967098703888335 89.97 38.8 0.21000000000000005
1.0 0.9661016949152542 89.97 38.76 0.22000000000000006
1.0 0.9641076769690927 89.97 38.68 0.23000000000000007
1.0 0.9641076769690927 89.97 38.68 0.24000000000000007
1.0 0.9641076769690927 89.97 38.68 0.25000000000000006
1.0 0.9611166500498505 89.97 38.56 0.26000000000000006
1.0 0.9601196410767697 89.97 38.52 0.2700000000000001
1.0 0.9601196410767697 89.97 38.52 0.2800000000000001
1.0 0.9601196410767697 89.97 38.52 0.2900000000000001
1.0 0.9601196410767697 89.97 38.52 0.3000000000000001
1.0 0.959122632103689 89.97 38.48 0.3100000000000001
1.0 0.959122632103689 89.97 38.48 0.3200000000000001
1.0 0.959122632103689 89.97 38.48 0.3300000000000001
1.0 0.9581256231306082 89.97 38.44 0.34000000000000014
1.0 0.9581256231306082 89.97 38.44 0.35000000000000014
1.0 0.9571286141575274 89.97 38.4 0.36000000000000015
1.0 0.9561316051844466 89.97 38.36 0.37000000000000016
1.0 0.9551345962113659 89.97 38.32 0.38000000000000017
1.0 0.9541375872382851 89.97 38.28 0.3900000000000002
1.0 0.9521435692921236 89.97 38.2 0.4000000000000002
1.0 0.9521435692921236 89.97 38.2 0.4100000000000002
1.0 0.9511465603190429 89.97 38.16 0.4200000000000002
1.0 0.9481555333998006 89.97 38.04 0.4300000000000002
1.0 0.9471585244267199 89.97 38.0 0.4400000000000002
1.0 0.9441674975074775 89.97 37.88 0.45000000000000023
1.0 0.9431704885343968 89.97 37.84 0.46000000000000024
1.0 0.9411764705882353 89.97 37.76 0.47000000000000025
1.0 0.9401794616151545 89.97 37.72 0.48000000000000026
1.0 0.9401794616151545 89.97 37.72 0.49000000000000027
1.0 0.9391824526420738 89.97 37.68 0.5000000000000002
1.0 0.9391824526420738 89.97 37.68 0.5100000000000002
1.0 0.9391824526420738 89.97 37.68 0.5200000000000002
1.0 0.9371884346959123 89.97 37.6 0.5300000000000002
1.0 0.9371884346959123 89.97 37.6 0.5400000000000003
1.0 0.9351944167497508 89.97 37.52 0.5500000000000003
1.0 0.9332003988035892 89.97 37.44 0.5600000000000003
1.0 0.9332003988035892 89.97 37.44 0.5700000000000003
1.0 0.9322033898305084 89.97 37.4 0.5800000000000003
1.0 0.9302093718843469 89.97 37.32 0.5900000000000003
1.0 0.9262213359920239 89.97 37.16 0.6000000000000003
1.0 0.9242273180458624 89.97 37.08 0.6100000000000003
1.0 0.9232303090727817 89.97 37.04 0.6200000000000003
1.0 0.922233300099701 89.97 37.0 0.6300000000000003
1.0 0.9202392821535393 89.97 36.92 0.6400000000000003
1.0 0.9202392821535393 89.97 36.92 0.6500000000000004
1.0 0.9162512462612163 89.97 36.76 0.6600000000000004
1.0 0.9072781655034895 89.97 36.4 0.6700000000000004
1.0 0.9022931206380858 89.97 36.2 0.6800000000000004
1.0 0.8933200398803589 89.97 35.84 0.6900000000000004
1.0 0.8843469591226321 89.97 35.48 0.7000000000000004
1.0 0.8693918245264207 89.97 34.88 0.7100000000000004
1.0 0.8504486540378864 89.97 34.12 0.7200000000000004
1.0 0.8414755732801595 89.97 33.76 0.7300000000000004
1.0 0.8334995014955134 89.97 33.44 0.7400000000000004
1.0 0.8165503489531406 89.97 32.76 0.7500000000000004
1.0 0.8075772681954138 89.97 32.4 0.7600000000000005
1.0 0.7996011964107677 89.97 32.08 0.7700000000000005
0.999888851839502 0.7846460618145563 89.96 31.48 0.7800000000000005
0.9996665555185061 0.7766699900299102 89.94 31.16 0.7900000000000005
0.9987773702345226 0.7716849451645065 89.86 30.96 0.8000000000000005
0.9975547404690452 0.7706879361914257 89.75 30.92 0.8100000000000005
0.9952206290985884 0.765702891326022 89.54 30.72 0.8200000000000005
0.9897743692341892 0.7597208374875374 89.05 30.48 0.8300000000000005
0.9797710347893742 0.7507477567298105 88.15 30.12 0.8400000000000005
0.9642102923196622 0.7377866400797607 86.75 29.6 0.8500000000000005
0.9380904746026453 0.711864406779661 84.4 28.56 0.8600000000000005
0.9009669889963321 0.6809571286141576 81.06 27.32 0.8700000000000006
0.8489496498832945 0.6520438683948155 76.38 26.16 0.8800000000000006
0.7881516060909192 0.6061814556331007 70.91 24.32 0.8900000000000006
0.7195731910636879 0.5543369890329013 64.74 22.24 0.9000000000000006
0.6507724797154607 0.5034895314057827 58.55 20.2 0.9100000000000006
0.5931977325775258 0.4436689930209372 53.37 17.8 0.9200000000000006
0.5515171723907969 0.40079760717846463 49.62 16.08 0.9300000000000006
0.5155051683894631 0.37686939182452645 46.38 15.12 0.9400000000000006
0.4927197954873847 0.36390827517447655 44.33 14.6 0.9500000000000006
0.4790485717461376 0.35493519441674976 43.1 14.24 0.9600000000000006
0.46315438479493165 0.3320039880358923 41.67 13.32 0.9700000000000006
0.4240302322996554 0.28713858424725824 38.15 11.52 0.9800000000000006
0.32510836945648547 0.2033898305084746 29.25 8.16 0.9900000000000007
0.0 0.0 0.0 0.0
