1.0 1.0 11.24625 40.12 0.0
1.0 0.6729810568295115 11.24625 27.0 0.01
1.0 0.5603190428713859 11.24625 22.48 0.02
1.0 0.5214356929212363 11.24625 20.92 0.03
1.0 0.4955134596211366 11.24625 19.88 0.04
1.0 0.4695912263210369 11.24625 18.84 0.05
1.0 0.43270189431704886 11.24625 17.36 0.060000000000000005
1.0 0.43270189431704886 11.24625 17.36 0.07
1.0 0.4167497507477567 11.24625 16.72 0.08
1.0 0.3988035892323031 11.24625 16.0 0.09
1.0 0.38883349950149554 11.24625 15.6 0.09999999999999999
1.0 0.38384845463609174 11.24625 15.4 0.10999999999999999
1.0 0.3748753738783649 11.24625 15.04 0.11999999999999998
1.0 0.35992023928215355 11.24625 14.44 0.12999999999999998
1.0 0.353938185443669 11.24625 14.2 0.13999999999999999
1.0 0.3439680957128614 11.24625 13.8 0.15
1.0 0.33300099700897307 11.24625 13.36 0.16
1.0 0.3180458624127617 11.24625 12.76 0.17
1.0 0.30109670987038883 11.24625 12.08 0.18000000000000002
1.0 0.29411764705882354 11.24625 11.8 0.19000000000000003
1.0 0.28913260219341974 11.24625 11.6 0.20000000000000004
1.0 0.2811565304087737 11.24625 11.28 0.21000000000000005
1.0 0.2741774675972084 11.24625 11.0 0.22000000000000006
1.0 0.26819541375872386 11.24625 10.76 0.23000000000000007
1.0 0.26719840478564305 11.24625 10.72 0.24000000000000007
1.0 0.2642073778664008 11.24625 10.6 0.25000000000000006
1.0 0.2612163509471585 11.24625 10.48 0.26000000000000006
1.0 0.2542372881355932 11.24625 10.2 0.2700000000000001
1.0 0.2522432701894317 11.24625 10.12 0.2800000000000001
1.0 0.25124626121635096 11.24625 10.08 0.2900000000000001
1.0 0.2502492522432702 11.24625 10.04 0.3000000000000001
1.0 0.2472582253240279 11.24625 9.92 0.3100000000000001
1.0 0.2452642073778664 11.24625 9.84 0.3200000000000001
1.0 0.2452642073778664 11.24625 9.84 0.3300000000000001
1.0 0.24227318045862412 11.24625 9.72 0.34000000000000014
1.0 0.24127617148554337 11.24625 9.68 0.35000000000000014
1.0 0.23928215353938184 11.24625 9.6 0.36000000000000015
1.0 0.23629112662013957 11.24625 9.48 0.37000000000000016
1.0 0.2333000997008973 11.24625 9.36 0.38000000000000017
1.0 0.2313060817547358 11.24625 9.28 0.3900000000000002
1.0 0.22532402791625125 11.24625 9.04 0.4000000000000002
1.0 0.22033898305084745 11.24625 8.84 0.4100000000000002
1.0 0.21535393818544366 11.24625 8.64 0.4200000000000002
1.0 0.21036889332003988 11.24625 8.44 0.4300000000000002
1.0 0.2033898305084746 11.24625 8.16 0.4400000000000002
1.0 0.19641076769690927 11.24625 7.88 0.45000000000000023
1.0 0.18444666001994017 11.24625 7.4 0.46000000000000024
1.0 0.1794616151545364 11.24625 7.2 0.47000000000000025
1.0 0.17746759720837488 11.24625 7.12 0.48000000000000026
1.0 0.17048853439680958 11.24625 6.84 0.49000000000000027
1.0 0.1674975074775673 11.24625 6.72 0.5000000000000002
1.0 0.16350947158524426 11.24625 6.56 0.5100000000000002
1.0 0.15952143569292124 11.24625 6.4 0.5200000000000002
1.0 0.15553339980059822 11.24625 6.24 0.5300000000000002
1.0 0.1535393818544367 11.24625 6.16 0.5400000000000003
1.0 0.15154536390827517 11.24625 6.08 0.5500000000000003
1.0 0.15154536390827517 11.24625 6.08 0.5600000000000003
1.0 0.15154536390827517 11.24625 6.08 0.5700000000000003
1.0 0.14955134596211367 11.24625 6.0 0.5800000000000003
1.0 0.1485543369890329 11.24625 5.96 0.5900000000000003
1.0 0.14755732801595214 11.24625 5.92 0.6000000000000003
1.0 0.14755732801595214 11.24625 5.92 0.6100000000000003
1.0 0.14755732801595214 11.24625 5.92 0.6200000000000003
1.0 0.14755732801595214 11.24625 5.92 0.6300000000000003
1.0 0.14755732801595214 11.24625 5.92 0.6400000000000003
1.0 0.14556331006979062 11.24625 5.84 0.6500000000000004
1.0 0.1415752741774676 11.24625 5.68 0.6600000000000004
1.0 0.14057826520438685 11.24625 5.64 0.6700000000000004
1.0 0.13559322033898305 11.24625 5.44 0.6800000000000004
1.0 0.1345962113659023 11.24625 5.4 0.6900000000000004
1.0 0.13260219341974078 11.24625 5.32 0.7000000000000004
1.0 0.1296111665004985 11.24625 5.2 0.7100000000000004
1.0 0.12362911266201396 11.24625 4.96 0.7200000000000004
1.0 0.12163509471585245 11.24625 4.88 0.7300000000000004
1.0 0.11764705882352941 11.24625 4.72 0.7400000000000004
1.0 0.1156530408773679 11.24625 4.64 0.7500000000000004
1.0 0.11266201395812563 11.24625 4.52 0.7600000000000005
1.0 0.1106679960119641 11.24625 4.44 0.7700000000000005
1.0 0.10667996011964108 11.24625 4.28 0.7800000000000005
1.0 0.10468594217347957 11.24625 4.2 0.7900000000000005
1.0 0.1036889332003988 11.24625 4.16 0.8000000000000005
1.0 0.10269192422731804 11.24625 4.12 0.8100000000000005
1.0 0.10269192422731804 11.24625 4.12 0.8200000000000005
0.999888851839502 0.10269192422731804 11.245 4.12 0.8300000000000005
0.999888851839502 0.10269192422731804 11.245 4.12 0.8400000000000005
0.999888851839502 0.10269192422731804 11.245 4.12 0.8500000000000005
0.999888851839502 0.1016949152542373 11.245 4.08 0.8600000000000005
0.9997777036790041 0.10069790628115653 11.24375 4.04 0.8700000000000006
0.9995554073580082 0.09970089730807577 11.24125 4.0 0.8800000000000006
0.9992219628765144 0.09970089730807577 11.2375 4.0 0.8900000000000006
0.9989996665555185 0.09970089730807577 11.235 4.0 0.9000000000000006
0.9987773702345226 0.09870388833499502 11.2325 3.96 0.9100000000000006
0.9984439257530288 0.09571286141575275 11.22875 3.84 0.9200000000000006
0.9982216294320329 0.09471585244267199 11.22625 3.8 0.9300000000000006
0.9979993331110371 0.09471585244267199 11.22375 3.8 0.9400000000000006
0.9977770367900411 0.09471585244267199 11.22125 3.8 0.9500000000000006
0.9976658886295432 0.09471585244267199 11.22 3.8 0.9600000000000006
0.9975547404690452 0.09471585244267199 11.21875 3.8 0.9700000000000006
0.9964432588640658 0.09471585244267199 11.20625 3.8 0.9800000000000006
0.9932199622096254 0.09471585244267199 11.17 3.8 0.9900000000000007
0.0 0.0 0.0 0.0
