0.0 0.5982053838484547 0.0 20.0 0.0
0.0 0.5972083748753739 0.0 19.966666666666665 0.01
0.0 0.5822532402791625 0.0 19.466666666666665 0.02
0.0 0.5712861415752741 0.0 19.1 0.03
0.0 0.5692921236291126 0.0 19.033333333333335 0.04
0.0 0.5663010967098704 0.0 18.933333333333334 0.05
0.0 0.5613160518444666 0.0 18.766666666666666 0.060000000000000005
0.0 0.5613160518444666 0.0 18.766666666666666 0.07
0.0 0.559322033898305 0.0 18.7 0.08
0.0 0.5543369890329013 0.0 18.533333333333335 0.09
0.0 0.551345962113659 0.0 18.433333333333334 0.09999999999999999
0.0 0.5473579262213359 0.0 18.3 0.10999999999999999
0.0 0.5463609172482552 0.0 18.266666666666666 0.11999999999999998
0.0 0.5413758723828515 0.0 18.1 0.12999999999999998
0.0 0.5403788634097707 0.0 18.066666666666666 0.13999999999999999
0.0 0.5383848454636092 0.0 18.0 0.15
0.0 0.5353938185443669 0.0 17.9 0.16
0.0 0.5324027916251246 0.0 17.8 0.17
0.0 0.5314057826520439 0.0 17.766666666666666 0.18000000000000002
0.0 0.5294117647058824 0.0 17.7 0.19000000000000003
0.0 0.5254237288135594 0.0 17.566666666666666 0.20000000000000004
0.0 0.5254237288135594 0.0 17.566666666666666 0.21000000000000005
0.0 0.5244267198404786 0.0 17.533333333333335 0.22000000000000006
0.0 0.5234297108673978 0.0 17.5 0.23000000000000007
0.0 0.5194416749750748 0.0 17.366666666666667 0.24000000000000007
0.0 0.5124626121635095 0.0 17.133333333333333 0.25000000000000006
0.0 0.5124626121635095 0.0 17.133333333333333 0.26000000000000006
0.0 0.5094715852442672 0.0 17.033333333333335 0.2700000000000001
0.0 0.5064805583250249 0.0 16.933333333333334 0.2800000000000001
0.0 0.5054835493519442 0.0 16.9 0.2900000000000001
0.0 0.5044865403788634 0.0 16.866666666666667 0.3000000000000001
0.0 0.5034895314057827 0.0 16.833333333333332 0.3100000000000001
0.0 0.5004985044865404 0.0 16.733333333333334 0.3200000000000001
0.0 0.5004985044865404 0.0 16.733333333333334 0.3300000000000001
0.0 0.49750747756729813 0.0 16.633333333333333 0.34000000000000014
0.0 0.49750747756729813 0.0 16.633333333333333 0.35000000000000014
0.0 0.4955134596211366 0.0 16.566666666666666 0.36000000000000015
0.0 0.4935194416749751 0.0 16.5 0.37000000000000016
0.0 0.49252243270189433 0.0 16.466666666666665 0.38000000000000017
0.0 0.49252243270189433 0.0 16.466666666666665 0.3900000000000002
0.0 0.4905284147557328 0.0 16.4 0.4000000000000002
0.0 0.4885343968095713 0.0 16.333333333333332 0.4100000000000002
0.0 0.4885343968095713 0.0 16.333333333333332 0.4200000000000002
0.0 0.4885343968095713 0.0 16.333333333333332 0.4300000000000002
0.0 0.4865403788634098 0.0 16.266666666666666 0.4400000000000002
0.0 0.48554336989032904 0.0 16.233333333333334 0.45000000000000023
0.0 0.4835493519441675 0.0 16.166666666666668 0.46000000000000024
0.0 0.4795613160518445 0.0 16.033333333333335 0.47000000000000025
0.0 0.4785643070787637 0.0 16.0 0.48000000000000026
0.0 0.47756729810568294 0.0 15.966666666666667 0.49000000000000027
0.0 0.4765702891326022 0.0 15.933333333333334 0.5000000000000002
0.0 0.47557328015952144 0.0 15.9 0.5100000000000002
0.0 0.47258225324027914 0.0 15.8 0.5200000000000002
0.0 0.4695912263210369 0.0 15.7 0.5300000000000002
0.0 0.46560319042871384 0.0 15.566666666666666 0.5400000000000003
0.0 0.4576271186440678 0.0 15.3 0.5500000000000003
0.0 0.45663010967098705 0.0 15.266666666666667 0.5600000000000003
0.0 0.4506480558325025 0.0 15.066666666666666 0.5700000000000003
0.0 0.4456630109670987 0.0 14.9 0.5800000000000003
0.0 0.4426719840478564 0.0 14.8 0.5900000000000003
0.0 0.4406779661016949 0.0 14.733333333333333 0.6000000000000003
0.0 0.43668993020937186 0.0 14.6 0.6100000000000003
0.0 0.43668993020937186 0.0 14.6 0.6200000000000003
0.0 0.4336989032901296 0.0 14.5 0.6300000000000003
0.0 0.4307078763708873 0.0 14.4 0.6400000000000003
0.0 0.4307078763708873 0.0 14.4 0.6500000000000004
0.0 0.4307078763708873 0.0 14.4 0.6600000000000004
0.0 0.42971086739780656 0.0 14.366666666666667 0.6700000000000004
0.0 0.42971086739780656 0.0 14.366666666666667 0.6800000000000004
0.0 0.42771684945164506 0.0 14.3 0.6900000000000004
0.0 0.42771684945164506 0.0 14.3 0.7000000000000004
0.0 0.42273180458624127 0.0 14.133333333333333 0.7100000000000004
0.0 0.419740777666999 0.0 14.033333333333333 0.7200000000000004
0.0 0.419740777666999 0.0 14.033333333333333 0.7300000000000004
0.0 0.4167497507477567 0.0 13.933333333333334 0.7400000000000004
0.0 0.4167497507477567 0.0 13.933333333333334 0.7500000000000004
0.0 0.4147557328015952 0.0 13.866666666666667 0.7600000000000005
0.0 0.4127617148554337 0.0 13.8 0.7700000000000005
0.0 0.4117647058823529 0.0 13.766666666666667 0.7800000000000005
0.0 0.4077766699900299 0.0 13.633333333333333 0.7900000000000005
0.0 0.4047856430707876 0.0 13.533333333333333 0.8000000000000005
0.0 0.40079760717846463 0.0 13.4 0.8100000000000005
0.0 0.3968095712861416 0.0 13.266666666666667 0.8200000000000005
0.0 0.386839481555334 0.0 12.933333333333334 0.8300000000000005
0.0 0.38384845463609174 0.0 12.833333333333334 0.8400000000000005
0.0 0.38085742771684944 0.0 12.733333333333333 0.8500000000000005
0.0 0.37886340977068794 0.0 12.666666666666666 0.8600000000000005
0.0 0.37387836490528414 0.0 12.5 0.8700000000000006
0.0 0.3678963110667996 0.0 12.3 0.8800000000000006
0.0 0.3609172482552343 0.0 12.066666666666666 0.8900000000000006
0.0 0.357926221335992 0.0 11.966666666666667 0.9000000000000006
0.0 0.35194416749750745 0.0 11.766666666666667 0.9100000000000006
0.0 0.34297108673978066 0.0 11.466666666666667 0.9200000000000006
0.0 0.33798604187437686 0.0 11.3 0.9300000000000006
0.0 0.32801595214356927 0.0 10.966666666666667 0.9400000000000006
0.0 0.3090727816550349 0.0 10.333333333333334 0.9500000000000006
0.0 0.28713858424725824 0.0 9.6 0.9600000000000006
0.0 0.2662013958125623 0.0 8.9 0.9700000000000006
0.0 0.226321036889332 0.0 7.566666666666666 0.9800000000000006
0.0 0.1794616151545364 0.0 6.0 0.9900000000000007
0.0 0.0 0.0 0.0
