1.0 1.0 14.995 20.06 0.0
1.0 0.7926221335992024 14.995 15.9 0.01
1.0 0.6769690927218345 14.995 13.58 0.02
1.0 0.6360917248255235 14.995 12.76 0.03
1.0 0.6011964107676969 14.995 12.06 0.04
1.0 0.5752741774675972 14.995 11.54 0.05
1.0 0.5483549351944168 14.995 11.0 0.060000000000000005
1.0 0.5483549351944168 14.995 11.0 0.07
1.0 0.5343968095712861 14.995 10.72 0.08
1.0 0.5214356929212363 14.995 10.46 0.09
1.0 0.514456630109671 14.995 10.32 0.09999999999999999
1.0 0.5014955134596212 14.995 10.06 0.10999999999999999
1.0 0.4885343968095713 14.995 9.8 0.11999999999999998
1.0 0.481555333998006 14.995 9.66 0.12999999999999998
1.0 0.47357926221335994 14.995 9.5 0.13999999999999999
1.0 0.46360917248255235 14.995 9.3 0.15
1.0 0.4576271186440678 14.995 9.18 0.16
1.0 0.44865403788634095 14.995 9.0 0.17
1.0 0.43270189431704886 14.995 8.68 0.18000000000000002
1.0 0.4167497507477567 14.995 8.36 0.19000000000000003
1.0 0.4047856430707876 14.995 8.12 0.20000000000000004
1.0 0.3968095712861416 14.995 7.96 0.21000000000000005
1.0 0.386839481555334 14.995 7.76 0.22000000000000006
1.0 0.3818544366899302 14.995 7.66 0.23000000000000007
1.0 0.37886340977068794 14.995 7.6 0.24000000000000007
1.0 0.3748753738783649 14.995 7.52 0.25000000000000006
1.0 0.3728813559322034 14.995 7.48 0.26000000000000006
1.0 0.3698903290129611 14.995 7.42 0.2700000000000001
1.0 0.36490528414755735 14.995 7.32 0.2800000000000001
1.0 0.3629112662013958 14.995 7.28 0.2900000000000001
1.0 0.357926221335992 14.995 7.18 0.3000000000000001
1.0 0.357926221335992 14.995 7.18 0.3100000000000001
1.0 0.35692921236291125 14.995 7.16 0.3200000000000001
1.0 0.3559322033898305 14.995 7.14 0.3300000000000001
1.0 0.35194416749750745 14.995 7.06 0.34000000000000014
1.0 0.35194416749750745 14.995 7.06 0.35000000000000014
1.0 0.34795613160518446 14.995 6.98 0.36000000000000015
1.0 0.3439680957128614 14.995 6.9 0.37000000000000016
1.0 0.3419740777666999 14.995 6.86 0.38000000000000017
1.0 0.3349950149551346 14.995 6.72 0.3900000000000002
1.0 0.3320039880358923 14.995 6.66 0.4000000000000002
1.0 0.3200398803589232 14.995 6.42 0.4100000000000002
1.0 0.3090727816550349 14.995 6.2 0.4200000000000002
1.0 0.2951146560319043 14.995 5.92 0.4300000000000002
1.0 0.288135593220339 14.995 5.78 0.4400000000000002
1.0 0.28015952143569295 14.995 5.62 0.45000000000000023
1.0 0.2731804586241276 14.995 5.48 0.46000000000000024
1.0 0.26520438683948155 14.995 5.32 0.47000000000000025
1.0 0.2572283150548355 14.995 5.16 0.48000000000000026
1.0 0.24925224327018944 14.995 5.0 0.49000000000000027
1.0 0.24426719840478564 14.995 4.9 0.5000000000000002
1.0 0.24227318045862412 14.995 4.86 0.5100000000000002
1.0 0.24027916251246262 14.995 4.82 0.5200000000000002
1.0 0.23928215353938184 14.995 4.8 0.5300000000000002
1.0 0.2382851445663011 14.995 4.78 0.5400000000000003
1.0 0.2382851445663011 14.995 4.78 0.5500000000000003
1.0 0.23429710867397807 14.995 4.7 0.5600000000000003
1.0 0.23230309072781655 14.995 4.66 0.5700000000000003
1.0 0.23230309072781655 14.995 4.66 0.5800000000000003
1.0 0.22931206380857427 14.995 4.6 0.5900000000000003
1.0 0.22731804586241275 14.995 4.56 0.6000000000000003
1.0 0.22731804586241275 14.995 4.56 0.6100000000000003
1.0 0.226321036889332 14.995 4.54 0.6200000000000003
1.0 0.22432701894317048 14.995 4.5 0.6300000000000003
1.0 0.22233300099700898 14.995 4.46 0.6400000000000003
1.0 0.21734795613160518 14.995 4.36 0.6500000000000004
1.0 0.21036889332003988 14.995 4.22 0.6600000000000004
1.0 0.2023928215353938 14.995 4.06 0.6700000000000004
1.0 0.19740777666999004 14.995 3.96 0.6800000000000004
1.0 0.19441674975074777 14.995 3.9 0.6900000000000004
1.0 0.18843469591226322 14.995 3.78 0.7000000000000004
1.0 0.1814556331006979 14.995 3.64 0.7100000000000004
1.0 0.16550348953140578 14.995 3.32 0.7200000000000004
1.0 0.14955134596211367 14.995 3.0 0.7300000000000004
1.0 0.13260219341974078 14.995 2.66 0.7400000000000004
1.0 0.12462612163509472 14.995 2.5 0.7500000000000004
1.0 0.1156530408773679 14.995 2.32 0.7600000000000005
1.0 0.10269192422731804 14.995 2.06 0.7700000000000005
1.0 0.09870388833499502 14.995 1.98 0.7800000000000005
0.999888851839502 0.0897308075772682 14.993333333333334 1.8 0.7900000000000005
0.9997777036790041 0.08374875373878365 14.991666666666667 1.68 0.8000000000000005
0.9997777036790041 0.08075772681954138 14.991666666666667 1.62 0.8100000000000005
0.9997777036790041 0.07876370887337986 14.991666666666667 1.58 0.8200000000000005
0.9996665555185061 0.07577268195413758 14.99 1.52 0.8300000000000005
0.9995554073580082 0.06979062811565304 14.988333333333333 1.4 0.8400000000000005
0.9991108147160165 0.06679960119641076 14.981666666666667 1.34 0.8500000000000005
0.9984439257530288 0.06181455633100698 14.971666666666666 1.24 0.8600000000000005
0.9977770367900411 0.058823529411764705 14.961666666666666 1.18 0.8700000000000006
0.9973324441480493 0.05782652043868395 14.955 1.16 0.8800000000000006
0.9962209625430699 0.054835493519441676 14.938333333333333 1.1 0.8900000000000006
0.9945537401356007 0.045862412761714856 14.913333333333334 0.92 0.9000000000000006
0.9933311103701233 0.03589232303090728 14.895 0.72 0.9100000000000006
0.992108480604646 0.03090727816550349 14.876666666666667 0.62 0.9200000000000006
0.9903301100366789 0.026919242273180457 14.85 0.54 0.9300000000000006
0.9898855173946871 0.023928215353938187 14.843333333333334 0.48 0.9400000000000006
0.9895520729131932 0.020937188434695914 14.838333333333333 0.42 0.9500000000000006
0.9885517394687118 0.020937188434695914 14.823333333333334 0.42 0.9600000000000006
0.9863287762587529 0.019940179461615155 14.79 0.4 0.9700000000000006
0.9805490719128599 0.019940179461615155 14.703333333333333 0.4 0.9800000000000006
0.9616538846282094 0.019940179461615155 14.42 0.4 0.9900000000000007
0.0 0.0 0.0 0.0
