1.0 1.0 89.97 22.288888888888888 0.0
1.0 1.0 89.97 22.288888888888888 0.01
1.0 0.9940179461615155 89.97 22.155555555555555 0.02
1.0 0.9880358923230309 89.97 22.022222222222222 0.03
1.0 0.9800598205383848 89.97 21.844444444444445 0.04
1.0 0.9750747756729811 89.97 21.733333333333334 0.05
1.0 0.9680957128614157 89.97 21.57777777777778 0.060000000000000005
1.0 0.9680957128614157 89.97 21.57777777777778 0.07
1.0 0.9651046859421735 89.97 21.511111111111113 0.08
1.0 0.9621136590229312 89.97 21.444444444444443 0.09
1.0 0.9611166500498505 89.97 21.42222222222222 0.09999999999999999
1.0 0.9611166500498505 89.97 21.42222222222222 0.10999999999999999
1.0 0.9611166500498505 89.97 21.42222222222222 0.11999999999999998
1.0 0.9611166500498505 89.97 21.42222222222222 0.12999999999999998
1.0 0.9601196410767697 89.97 21.4 0.13999999999999999
1.0 0.9601196410767697 89.97 21.4 0.15
1.0 0.9571286141575274 89.97 21.333333333333332 0.16
1.0 0.9571286141575274 89.97 21.333333333333332 0.17
1.0 0.9561316051844466 89.97 21.31111111111111 0.18000000000000002
1.0 0.9521435692921236 89.97 21.22222222222222 0.19000000000000003
1.0 0.9451645064805583 89.97 21.066666666666666 0.20000000000000004
1.0 0.9451645064805583 89.97 21.066666666666666 0.21000000000000005
1.0 0.9441674975074775 89.97 21.044444444444444 0.22000000000000006
1.0 0.942173479561316 89.97 21.0 0.23000000000000007
1.0 0.9411764705882353 89.97 20.977777777777778 0.24000000000000007
1.0 0.9411764705882353 89.97 20.977777777777778 0.25000000000000006
1.0 0.9401794616151545 89.97 20.955555555555556 0.26000000000000006
1.0 0.9401794616151545 89.97 20.955555555555556 0.2700000000000001
1.0 0.9391824526420738 89.97 20.933333333333334 0.2800000000000001
1.0 0.9391824526420738 89.97 20.933333333333334 0.2900000000000001
1.0 0.9391824526420738 89.97 20.933333333333334 0.3000000000000001
1.0 0.938185443668993 89.97 20.91111111111111 0.3100000000000001
1.0 0.938185443668993 89.97 20.91111111111111 0.3200000000000001
1.0 0.9361914257228315 89.97 20.866666666666667 0.3300000000000001
1.0 0.93419740777667 89.97 20.822222222222223 0.34000000000000014
1.0 0.93419740777667 89.97 20.822222222222223 0.35000000000000014
1.0 0.9312063808574277 89.97 20.755555555555556 0.36000000000000015
1.0 0.9312063808574277 89.97 20.755555555555556 0.37000000000000016
1.0 0.9312063808574277 89.97 20.755555555555556 0.38000000000000017
1.0 0.9292123629112662 89.97 20.711111111111112 0.3900000000000002
1.0 0.9252243270189432 89.97 20.622222222222224 0.4000000000000002
1.0 0.922233300099701 89.97 20.555555555555557 0.4100000000000002
1.0 0.9202392821535393 89.97 20.511111111111113 0.4200000000000002
1.0 0.9172482552342971 89.97 20.444444444444443 0.4300000000000002
1.0 0.9162512462612163 89.97 20.42222222222222 0.4400000000000002
1.0 0.909272183449651 89.97 20.266666666666666 0.45000000000000023
1.0 0.9042871385842473 89.97 20.155555555555555 0.46000000000000024
1.0 0.9022931206380858 89.97 20.11111111111111 0.47000000000000025
1.0 0.8983050847457628 89.97 20.022222222222222 0.48000000000000026
1.0 0.8963110667996012 89.97 19.977777777777778 0.49000000000000027
1.0 0.8943170488534397 89.97 19.933333333333334 0.5000000000000002
1.0 0.8933200398803589 89.97 19.91111111111111 0.5100000000000002
1.0 0.8933200398803589 89.97 19.91111111111111 0.5200000000000002
1.0 0.8923230309072782 89.97 19.88888888888889 0.5300000000000002
1.0 0.8913260219341974 89.97 19.866666666666667 0.5400000000000003
1.0 0.8903290129611167 89.97 19.844444444444445 0.5500000000000003
1.0 0.8903290129611167 89.97 19.844444444444445 0.5600000000000003
1.0 0.8903290129611167 89.97 19.844444444444445 0.5700000000000003
1.0 0.8903290129611167 89.97 19.844444444444445 0.5800000000000003
1.0 0.8903290129611167 89.97 19.844444444444445 0.5900000000000003
1.0 0.8903290129611167 89.97 19.844444444444445 0.6000000000000003
1.0 0.8893320039880359 89.97 19.822222222222223 0.6100000000000003
1.0 0.8893320039880359 89.97 19.822222222222223 0.6200000000000003
1.0 0.8853439680957128 89.97 19.733333333333334 0.6300000000000003
1.0 0.8813559322033898 89.97 19.644444444444446 0.6400000000000003
1.0 0.8773678963110668 89.97 19.555555555555557 0.6500000000000004
1.0 0.8703888334995015 89.97 19.4 0.6600000000000004
1.0 0.8634097706879362 89.97 19.244444444444444 0.6700000000000004
1.0 0.8544366899302094 89.97 19.044444444444444 0.6800000000000004
1.0 0.839481555333998 89.97 18.711111111111112 0.6900000000000004
1.0 0.8315054835493519 89.97 18.533333333333335 0.7000000000000004
1.0 0.8205383848454636 89.97 18.288888888888888 0.7100000000000004
1.0 0.7976071784646062 89.97 17.77777777777778 0.7200000000000004
1.0 0.7796610169491526 89.97 17.377777777777776 0.7300000000000004
1.0 0.7706879361914257 89.97 17.177777777777777 0.7400000000000004
1.0 0.7467597208374875 89.97 16.644444444444446 0.7500000000000004
1.0 0.7258225324027916 89.97 16.177777777777777 0.7600000000000005
0.999888851839502 0.7148554336989033 89.96 15.933333333333334 0.7700000000000005
0.9996665555185061 0.7058823529411765 89.94 15.733333333333333 0.7800000000000005
0.9993331110370124 0.6999002991026919 89.91 15.6 0.7900000000000005
0.9987773702345226 0.6959122632103689 89.86 15.511111111111111 0.8000000000000005
0.9976658886295432 0.6829511465603191 89.76 15.222222222222221 0.8100000000000005
0.9951094809380905 0.6799601196410767 89.53 15.155555555555555 0.8200000000000005
0.9905524063576748 0.67098703888335 89.12 14.955555555555556 0.8300000000000005
0.9814382571968434 0.654037886340977 88.3 14.577777777777778 0.8400000000000005
0.9653217739246416 0.6400797607178464 86.85 14.266666666666667 0.8500000000000005
0.9399799933311104 0.6001994017946162 84.57 13.377777777777778 0.8600000000000005
0.903189952206291 0.5533399800598205 81.26 12.333333333333334 0.8700000000000006
0.853729020784706 0.5024925224327019 76.81 11.2 0.8800000000000006
0.794375903078804 0.4476570289132602 71.47 9.977777777777778 0.8900000000000006
0.731243747915972 0.37686939182452645 65.79 8.4 0.9000000000000006
0.6652217405801933 0.2931206380857428 59.85 6.533333333333333 0.9100000000000006
0.6097588084917195 0.21734795613160518 54.86 4.844444444444444 0.9200000000000006
0.5670779148605091 0.15952143569292124 51.02 3.5555555555555554 0.9300000000000006
0.5327331332666444 0.13260219341974078 47.93 2.9555555555555557 0.9400000000000006
0.507835945315105 0.11166500498504486 45.69 2.488888888888889 0.9500000000000006
0.49005223963543404 0.10069790628115653 44.09 2.2444444444444445 0.9600000000000006
0.4737134600422363 0.09870388833499502 42.62 2.2 0.9700000000000006
0.44081360453484497 0.09870388833499502 39.66 2.2 0.9800000000000006
0.35111703901300434 0.09770687936191426 31.59 2.1777777777777776 0.9900000000000007
0.0 0.0 0.0 0.0
