1.0 1.0 44.985 Infinity 0.0
1.0 0.9870388833499502 44.985 Infinity 0.01
1.0 0.9601196410767697 44.985 Infinity 0.02
1.0 0.9401794616151545 44.985 Infinity 0.03
1.0 0.9282153539381854 44.985 Infinity 0.04
1.0 0.9142572283150548 44.985 Infinity 0.05
1.0 0.8973080757726819 44.985 Infinity 0.060000000000000005
1.0 0.8973080757726819 44.985 Infinity 0.07
1.0 0.8913260219341974 44.985 Infinity 0.08
1.0 0.8873379860418744 44.985 Infinity 0.09
1.0 0.8823529411764706 44.985 Infinity 0.09999999999999999
1.0 0.8793619142572283 44.985 Infinity 0.10999999999999999
1.0 0.8763708873379861 44.985 Infinity 0.11999999999999998
1.0 0.8753738783649053 44.985 Infinity 0.12999999999999998
1.0 0.872382851445663 44.985 Infinity 0.13999999999999999
1.0 0.86839481555334 44.985 Infinity 0.15
1.0 0.8634097706879362 44.985 Infinity 0.16
1.0 0.8554336989032901 44.985 Infinity 0.17
1.0 0.8444666001994018 44.985 Infinity 0.18000000000000002
1.0 0.8344965104685942 44.985 Infinity 0.19000000000000003
1.0 0.8285144566301097 44.985 Infinity 0.20000000000000004
1.0 0.8225324027916251 44.985 Infinity 0.21000000000000005
1.0 0.8165503489531406 44.985 Infinity 0.22000000000000006
1.0 0.8135593220338984 44.985 Infinity 0.23000000000000007
1.0 0.8135593220338984 44.985 Infinity 0.24000000000000007
1.0 0.810568295114656 44.985 Infinity 0.25000000000000006
1.0 0.810568295114656 44.985 Infinity 0.26000000000000006
1.0 0.8075772681954138 44.985 Infinity 0.2700000000000001
1.0 0.8075772681954138 44.985 Infinity 0.2800000000000001
1.0 0.8055832502492523 44.985 Infinity 0.2900000000000001
1.0 0.8045862412761715 44.985 Infinity 0.3000000000000001
1.0 0.80259222333001 44.985 Infinity 0.3100000000000001
1.0 0.8005982053838484 44.985 Infinity 0.3200000000000001
1.0 0.7956131605184447 44.985 Infinity 0.3300000000000001
1.0 0.7926221335992024 44.985 Infinity 0.34000000000000014
1.0 0.7916251246261217 44.985 Infinity 0.35000000000000014
1.0 0.7876370887337986 44.985 Infinity 0.36000000000000015
1.0 0.7806580259222333 44.985 Infinity 0.37000000000000016
1.0 0.7746759720837487 44.985 Infinity 0.38000000000000017
1.0 0.769690927218345 44.985 Infinity 0.3900000000000002
1.0 0.765702891326022 44.985 Infinity 0.4000000000000002
1.0 0.7577268195413759 44.985 Infinity 0.4100000000000002
1.0 0.7507477567298105 44.985 Infinity 0.4200000000000002
1.0 0.7427716849451645 44.985 Infinity 0.4300000000000002
1.0 0.7357926221335992 44.985 Infinity 0.4400000000000002
1.0 0.7248255234297108 44.985 Infinity 0.45000000000000023
1.0 0.7208374875373879 44.985 Infinity 0.46000000000000024
1.0 0.7108673978065803 44.985 Infinity 0.47000000000000025
1.0 0.7028913260219342 44.985 Infinity 0.48000000000000026
1.0 0.6959122632103689 44.985 Infinity 0.49000000000000027
1.0 0.6949152542372882 44.985 Infinity 0.5000000000000002
1.0 0.6909272183449651 44.985 Infinity 0.5100000000000002
1.0 0.6859421734795613 44.985 Infinity 0.5200000000000002
1.0 0.6839481555333998 44.985 Infinity 0.5300000000000002
1.0 0.6829511465603191 44.985 Infinity 0.5400000000000003
1.0 0.6819541375872383 44.985 Infinity 0.5500000000000003
1.0 0.6769690927218345 44.985 Infinity 0.5600000000000003
1.0 0.6769690927218345 44.985 Infinity 0.5700000000000003
1.0 0.6769690927218345 44.985 Infinity 0.5800000000000003
1.0 0.6739780658025922 44.985 Infinity 0.5900000000000003
1.0 0.6739780658025922 44.985 Infinity 0.6000000000000003
1.0 0.67098703888335 44.985 Infinity 0.6100000000000003
1.0 0.6679960119641076 44.985 Infinity 0.6200000000000003
1.0 0.6650049850448654 44.985 Infinity 0.6300000000000003
1.0 0.6610169491525424 44.985 Infinity 0.6400000000000003
1.0 0.654037886340977 44.985 Infinity 0.6500000000000004
1.0 0.6400797607178464 44.985 Infinity 0.6600000000000004
1.0 0.6301096709870389 44.985 Infinity 0.6700000000000004
1.0 0.6151545363908275 44.985 Infinity 0.6800000000000004
1.0 0.6001994017946162 44.985 Infinity 0.6900000000000004
1.0 0.5832502492522432 44.985 Infinity 0.7000000000000004
1.0 0.559322033898305 44.985 Infinity 0.7100000000000004
1.0 0.5204386839481555 44.985 Infinity 0.7200000000000004
1.0 0.4945164506480558 44.985 Infinity 0.7300000000000004
1.0 0.46859421734795614 44.985 Infinity 0.7400000000000004
1.0 0.4426719840478564 44.985 Infinity 0.7500000000000004
1.0 0.4217347956131605 44.985 Infinity 0.7600000000000005
1.0 0.4087736789631107 44.985 Infinity 0.7700000000000005
0.9997777036790041 0.3918245264207378 44.975 Infinity 0.7800000000000005
0.9997777036790041 0.3798604187437687 44.975 Infinity 0.7900000000000005
0.9995554073580082 0.37387836490528414 44.965 Infinity 0.8000000000000005
0.9993331110370124 0.36889332003988035 44.955 Infinity 0.8100000000000005
0.9978881849505391 0.36490528414755735 44.89 Infinity 0.8200000000000005
0.9955540735800823 0.36191425722831505 44.785 Infinity 0.8300000000000005
0.9917750361231522 0.35692921236291125 44.615 Infinity 0.8400000000000005
0.9844392575302878 0.34496510468594216 44.285 Infinity 0.8500000000000005
0.9738801822829832 0.31306081754735793 43.81 Infinity 0.8600000000000005
0.9596532177392464 0.28614157527417744 43.17 Infinity 0.8700000000000006
0.9418695120595754 0.2522432701894317 42.37 Infinity 0.8800000000000006
0.9170834722685339 0.21734795613160518 41.255 Infinity 0.8900000000000006
0.8901856174280316 0.17148554336989033 40.045 Infinity 0.9000000000000006
0.8598421696120929 0.12063808574277168 38.68 Infinity 0.9100000000000006
0.8371679448705124 0.08075772681954138 37.66 Infinity 0.9200000000000006
0.8196065355118373 0.049850448654037885 36.87 Infinity 0.9300000000000006
0.8028231632766478 0.024925224327018942 36.115 Infinity 0.9400000000000006
0.7920417917083472 0.011964107676969093 35.63 Infinity 0.9500000000000006
0.7811492719795488 0.0019940179461615153 35.14 Infinity 0.9600000000000006
0.7663665666333223 0.0 34.475 NaN 0.9700000000000006
0.7295765255085028 0.0 32.82 NaN 0.9800000000000006
0.6377681449372012 0.0 28.69 NaN 0.9900000000000007
0.0 0.0 0.0 0.0
