1.0 1.0 8.997 20.06 0.0
1.0 0.49252243270189433 8.997 9.88 0.01
1.0 0.35992023928215355 8.997 7.22 0.02
1.0 0.3020937188434696 8.997 6.06 0.03
1.0 0.27018943170488535 8.997 5.42 0.04
1.0 0.2542372881355932 8.997 5.1 0.05
1.0 0.22532402791625125 8.997 4.52 0.060000000000000005
1.0 0.22532402791625125 8.997 4.52 0.07
1.0 0.21036889332003988 8.997 4.22 0.08
1.0 0.20039880358923232 8.997 4.02 0.09
1.0 0.1914257228315055 8.997 3.84 0.09999999999999999
1.0 0.19042871385842472 8.997 3.82 0.10999999999999999
1.0 0.1864406779661017 8.997 3.74 0.11999999999999998
1.0 0.1814556331006979 8.997 3.64 0.12999999999999998
1.0 0.1814556331006979 8.997 3.64 0.13999999999999999
1.0 0.18045862412761715 8.997 3.62 0.15
1.0 0.17547357926221335 8.997 3.52 0.16
1.0 0.17048853439680958 8.997 3.42 0.17
1.0 0.16151545363908276 8.997 3.24 0.18000000000000002
1.0 0.15453639082751744 8.997 3.1 0.19000000000000003
1.0 0.15054835493519442 8.997 3.02 0.20000000000000004
1.0 0.14356929212362912 8.997 2.88 0.21000000000000005
1.0 0.1415752741774676 8.997 2.84 0.22000000000000006
1.0 0.1365902293120638 8.997 2.74 0.23000000000000007
1.0 0.13559322033898305 8.997 2.72 0.24000000000000007
1.0 0.1345962113659023 8.997 2.7 0.25000000000000006
1.0 0.13359920239282153 8.997 2.68 0.26000000000000006
1.0 0.13260219341974078 8.997 2.66 0.2700000000000001
1.0 0.13160518444666003 8.997 2.64 0.2800000000000001
1.0 0.13060817547357925 8.997 2.62 0.2900000000000001
1.0 0.1296111665004985 8.997 2.6 0.3000000000000001
1.0 0.1296111665004985 8.997 2.6 0.3100000000000001
1.0 0.1296111665004985 8.997 2.6 0.3200000000000001
1.0 0.12861415752741776 8.997 2.58 0.3300000000000001
1.0 0.12861415752741776 8.997 2.58 0.34000000000000014
1.0 0.12761714855433698 8.997 2.56 0.35000000000000014
1.0 0.12761714855433698 8.997 2.56 0.36000000000000015
1.0 0.12462612163509472 8.997 2.5 0.37000000000000016
1.0 0.12163509471585245 8.997 2.44 0.38000000000000017
1.0 0.11764705882352941 8.997 2.36 0.3900000000000002
1.0 0.1156530408773679 8.997 2.32 0.4000000000000002
1.0 0.11465603190428714 8.997 2.3 0.4100000000000002
1.0 0.10568295114656032 8.997 2.12 0.4200000000000002
1.0 0.1036889332003988 8.997 2.08 0.4300000000000002
1.0 0.10269192422731804 8.997 2.06 0.4400000000000002
1.0 0.09770687936191426 8.997 1.96 0.45000000000000023
1.0 0.09471585244267199 8.997 1.9 0.46000000000000024
1.0 0.09272183449651047 8.997 1.86 0.47000000000000025
1.0 0.09172482552342971 8.997 1.84 0.48000000000000026
1.0 0.08873379860418744 8.997 1.78 0.49000000000000027
1.0 0.08873379860418744 8.997 1.78 0.5000000000000002
1.0 0.08773678963110668 8.997 1.76 0.5100000000000002
1.0 0.08773678963110668 8.997 1.76 0.5200000000000002
1.0 0.08773678963110668 8.997 1.76 0.5300000000000002
1.0 0.08773678963110668 8.997 1.76 0.5400000000000003
1.0 0.08773678963110668 8.997 1.76 0.5500000000000003
1.0 0.08773678963110668 8.997 1.76 0.5600000000000003
1.0 0.08773678963110668 8.997 1.76 0.5700000000000003
1.0 0.08773678963110668 8.997 1.76 0.5800000000000003
1.0 0.08773678963110668 8.997 1.76 0.5900000000000003
1.0 0.08773678963110668 8.997 1.76 0.6000000000000003
1.0 0.08773678963110668 8.997 1.76 0.6100000000000003
1.0 0.08773678963110668 8.997 1.76 0.6200000000000003
1.0 0.08773678963110668 8.997 1.76 0.6300000000000003
1.0 0.08773678963110668 8.997 1.76 0.6400000000000003
1.0 0.08673978065802593 8.997 1.74 0.6500000000000004
1.0 0.0847457627118644 8.997 1.7 0.6600000000000004
1.0 0.0847457627118644 8.997 1.7 0.6700000000000004
1.0 0.0847457627118644 8.997 1.7 0.6800000000000004
1.0 0.08275174476570289 8.997 1.66 0.6900000000000004
1.0 0.08275174476570289 8.997 1.66 0.7000000000000004
1.0 0.08175473579262213 8.997 1.64 0.7100000000000004
1.0 0.07976071784646062 8.997 1.6 0.7200000000000004
1.0 0.07976071784646062 8.997 1.6 0.7300000000000004
1.0 0.07776669990029911 8.997 1.56 0.7400000000000004
1.0 0.07776669990029911 8.997 1.56 0.7500000000000004
1.0 0.07477567298105683 8.997 1.5 0.7600000000000005
1.0 0.07377866400797607 8.997 1.48 0.7700000000000005
1.0 0.07178464606181456 8.997 1.44 0.7800000000000005
1.0 0.07178464606181456 8.997 1.44 0.7900000000000005
1.0 0.0707876370887338 8.997 1.42 0.8000000000000005
1.0 0.0707876370887338 8.997 1.42 0.8100000000000005
1.0 0.0707876370887338 8.997 1.42 0.8200000000000005
1.0 0.0707876370887338 8.997 1.42 0.8300000000000005
1.0 0.0707876370887338 8.997 1.42 0.8400000000000005
1.0 0.0707876370887338 8.997 1.42 0.8500000000000005
0.999888851839502 0.0707876370887338 8.996 1.42 0.8600000000000005
0.999888851839502 0.06979062811565304 8.996 1.4 0.8700000000000006
0.999888851839502 0.06979062811565304 8.996 1.4 0.8800000000000006
0.999888851839502 0.06979062811565304 8.996 1.4 0.8900000000000006
0.999888851839502 0.06979062811565304 8.996 1.4 0.9000000000000006
0.999888851839502 0.06979062811565304 8.996 1.4 0.9100000000000006
0.9997777036790041 0.06979062811565304 8.995 1.4 0.9200000000000006
0.9997777036790041 0.06979062811565304 8.995 1.4 0.9300000000000006
0.9996665555185061 0.06979062811565304 8.994 1.4 0.9400000000000006
0.9995554073580082 0.06879361914257229 8.993 1.38 0.9500000000000006
0.9995554073580082 0.06879361914257229 8.993 1.38 0.9600000000000006
0.9995554073580082 0.06879361914257229 8.993 1.38 0.9700000000000006
0.9993331110370124 0.06879361914257229 8.991 1.38 0.9800000000000006
0.9979993331110371 0.06879361914257229 8.979 1.38 0.9900000000000007
0.0 0.0 0.0 0.0
