1.0 1.0 8.997 33.43333333333333 0.0
1.0 0.650049850448654 8.997 21.733333333333334 0.01
1.0 0.4985044865403789 8.997 16.666666666666668 0.02
1.0 0.44865403788634095 8.997 15.0 0.03
1.0 0.41774675972083747 8.997 13.966666666666667 0.04
1.0 0.38783649052841473 8.997 12.966666666666667 0.05
1.0 0.357926221335992 8.997 11.966666666666667 0.060000000000000005
1.0 0.357926221335992 8.997 11.966666666666667 0.07
1.0 0.3439680957128614 8.997 11.5 0.08
1.0 0.3339980059820538 8.997 11.166666666666666 0.09
1.0 0.32801595214356927 8.997 10.966666666666667 0.09999999999999999
1.0 0.3140578265204387 8.997 10.5 0.10999999999999999
1.0 0.3070787637088734 8.997 10.266666666666667 0.11999999999999998
1.0 0.29910269192422734 8.997 10.0 0.12999999999999998
1.0 0.29112662013958124 8.997 9.733333333333333 0.13999999999999999
1.0 0.28414755732801594 8.997 9.5 0.15
1.0 0.2781655034895314 8.997 9.3 0.16
1.0 0.27018943170488535 8.997 9.033333333333333 0.17
1.0 0.25623130608175476 8.997 8.566666666666666 0.18000000000000002
1.0 0.25324027916251246 8.997 8.466666666666667 0.19000000000000003
1.0 0.2472582253240279 8.997 8.266666666666667 0.20000000000000004
1.0 0.24626121635094717 8.997 8.233333333333333 0.21000000000000005
1.0 0.2382851445663011 8.997 7.966666666666667 0.22000000000000006
1.0 0.23529411764705882 8.997 7.866666666666666 0.23000000000000007
1.0 0.23030907278165502 8.997 7.7 0.24000000000000007
1.0 0.226321036889332 8.997 7.566666666666666 0.25000000000000006
1.0 0.22333000997008973 8.997 7.466666666666667 0.26000000000000006
1.0 0.21635094715852443 8.997 7.233333333333333 0.2700000000000001
1.0 0.21136590229312063 8.997 7.066666666666666 0.2800000000000001
1.0 0.20638085742771686 8.997 6.9 0.2900000000000001
1.0 0.20438683948155534 8.997 6.833333333333333 0.3000000000000001
1.0 0.19940179461615154 8.997 6.666666666666667 0.3100000000000001
1.0 0.1984047856430708 8.997 6.633333333333334 0.3200000000000001
1.0 0.1984047856430708 8.997 6.633333333333334 0.3300000000000001
1.0 0.19242273180458624 8.997 6.433333333333334 0.34000000000000014
1.0 0.19042871385842472 8.997 6.366666666666666 0.35000000000000014
1.0 0.1864406779661017 8.997 6.233333333333333 0.36000000000000015
1.0 0.18245264207377868 8.997 6.1 0.37000000000000016
1.0 0.17846460618145563 8.997 5.966666666666667 0.38000000000000017
1.0 0.1744765702891326 8.997 5.833333333333333 0.3900000000000002
1.0 0.1694915254237288 8.997 5.666666666666667 0.4000000000000002
1.0 0.1674975074775673 8.997 5.6 0.4100000000000002
1.0 0.16650049850448653 8.997 5.566666666666666 0.4200000000000002
1.0 0.16450648055832504 8.997 5.5 0.4300000000000002
1.0 0.1625124626121635 8.997 5.433333333333334 0.4400000000000002
1.0 0.1575274177467597 8.997 5.266666666666667 0.45000000000000023
1.0 0.15653040877367896 8.997 5.233333333333333 0.46000000000000024
1.0 0.1535393818544367 8.997 5.133333333333334 0.47000000000000025
1.0 0.15154536390827517 8.997 5.066666666666666 0.48000000000000026
1.0 0.14955134596211367 8.997 5.0 0.49000000000000027
1.0 0.14755732801595214 8.997 4.933333333333334 0.5000000000000002
1.0 0.14356929212362912 8.997 4.8 0.5100000000000002
1.0 0.1415752741774676 8.997 4.733333333333333 0.5200000000000002
1.0 0.13958125623130607 8.997 4.666666666666667 0.5300000000000002
1.0 0.13559322033898305 8.997 4.533333333333333 0.5400000000000003
1.0 0.13160518444666003 8.997 4.4 0.5500000000000003
1.0 0.13060817547357925 8.997 4.366666666666666 0.5600000000000003
1.0 0.13060817547357925 8.997 4.366666666666666 0.5700000000000003
1.0 0.12662013958125623 8.997 4.233333333333333 0.5800000000000003
1.0 0.12462612163509472 8.997 4.166666666666667 0.5900000000000003
1.0 0.1226321036889332 8.997 4.1 0.6000000000000003
1.0 0.12063808574277168 8.997 4.033333333333333 0.6100000000000003
1.0 0.11764705882352941 8.997 3.933333333333333 0.6200000000000003
1.0 0.11665004985044865 8.997 3.9 0.6300000000000003
1.0 0.11365902293120637 8.997 3.8 0.6400000000000003
1.0 0.11266201395812563 8.997 3.7666666666666666 0.6500000000000004
1.0 0.10967098703888335 8.997 3.6666666666666665 0.6600000000000004
1.0 0.10667996011964108 8.997 3.566666666666667 0.6700000000000004
1.0 0.10568295114656032 8.997 3.533333333333333 0.6800000000000004
1.0 0.10568295114656032 8.997 3.533333333333333 0.6900000000000004
1.0 0.10568295114656032 8.997 3.533333333333333 0.7000000000000004
1.0 0.10468594217347957 8.997 3.5 0.7100000000000004
1.0 0.1016949152542373 8.997 3.4 0.7200000000000004
1.0 0.0967098703888335 8.997 3.2333333333333334 0.7300000000000004
1.0 0.0967098703888335 8.997 3.2333333333333334 0.7400000000000004
1.0 0.09371884346959122 8.997 3.1333333333333333 0.7500000000000004
1.0 0.09072781655034895 8.997 3.033333333333333 0.7600000000000005
1.0 0.08574277168494517 8.997 2.8666666666666667 0.7700000000000005
1.0 0.08275174476570289 8.997 2.7666666666666666 0.7800000000000005
1.0 0.07876370887337986 8.997 2.6333333333333333 0.7900000000000005
1.0 0.07776669990029911 8.997 2.6 0.8000000000000005
1.0 0.07477567298105683 8.997 2.5 0.8100000000000005
1.0 0.07178464606181456 8.997 2.4 0.8200000000000005
1.0 0.06779661016949153 8.997 2.2666666666666666 0.8300000000000005
1.0 0.06380857427716849 8.997 2.1333333333333333 0.8400000000000005
1.0 0.06281156530408774 8.997 2.1 0.8500000000000005
1.0 0.05682951146560319 8.997 1.9 0.8600000000000005
1.0 0.05583250249252243 8.997 1.8666666666666667 0.8700000000000006
1.0 0.054835493519441676 8.997 1.8333333333333333 0.8800000000000006
1.0 0.05084745762711865 8.997 1.7 0.8900000000000006
1.0 0.04685942173479561 8.997 1.5666666666666667 0.9000000000000006
1.0 0.04287138584247258 8.997 1.4333333333333333 0.9100000000000006
1.0 0.040877367896311065 8.997 1.3666666666666667 0.9200000000000006
0.999888851839502 0.03988035892323031 8.996 1.3333333333333333 0.9300000000000006
0.999888851839502 0.03589232303090728 8.996 1.2 0.9400000000000006
0.999888851839502 0.03090727816550349 8.996 1.0333333333333334 0.9500000000000006
0.9997777036790041 0.0259222333000997 8.995 0.8666666666666667 0.9600000000000006
0.9997777036790041 0.01794616151545364 8.995 0.6 0.9700000000000006
0.9993331110370124 0.011964107676969093 8.991 0.4 0.9800000000000006
0.9988885183950206 0.009970089730807577 8.987 0.3333333333333333 0.9900000000000007
0.0 0.0 0.0 0.0
