1.0 1.0 14.995 20.06 0.0
1.0 0.8005982053838484 14.995 16.06 0.01
1.0 0.6989032901296112 14.995 14.02 0.02
1.0 0.654037886340977 14.995 13.12 0.03
1.0 0.6321036889332003 14.995 12.68 0.04
1.0 0.6051844466600199 14.995 12.14 0.05
1.0 0.5702891326021934 14.995 11.44 0.060000000000000005
1.0 0.5702891326021934 14.995 11.44 0.07
1.0 0.5483549351944168 14.995 11.0 0.08
1.0 0.5324027916251246 14.995 10.68 0.09
1.0 0.5134596211365903 14.995 10.3 0.09999999999999999
1.0 0.5044865403788634 14.995 10.12 0.10999999999999999
1.0 0.4965104685942173 14.995 9.96 0.11999999999999998
1.0 0.48953140578265203 14.995 9.82 0.12999999999999998
1.0 0.4765702891326022 14.995 9.56 0.13999999999999999
1.0 0.4666001994017946 14.995 9.36 0.15
1.0 0.46061814556331004 14.995 9.24 0.16
1.0 0.45164506480558325 14.995 9.06 0.17
1.0 0.43968095712861416 14.995 8.82 0.18000000000000002
1.0 0.4307078763708873 14.995 8.64 0.19000000000000003
1.0 0.4167497507477567 14.995 8.36 0.20000000000000004
1.0 0.4107676969092722 14.995 8.24 0.21000000000000005
1.0 0.4057826520438684 14.995 8.14 0.22000000000000006
1.0 0.3968095712861416 14.995 7.96 0.23000000000000007
1.0 0.38883349950149554 14.995 7.8 0.24000000000000007
1.0 0.38584247258225324 14.995 7.74 0.25000000000000006
1.0 0.38085742771684944 14.995 7.64 0.26000000000000006
1.0 0.37886340977068794 14.995 7.6 0.2700000000000001
1.0 0.3778664007976072 14.995 7.58 0.2800000000000001
1.0 0.3748753738783649 14.995 7.52 0.2900000000000001
1.0 0.37387836490528414 14.995 7.5 0.3000000000000001
1.0 0.36889332003988035 14.995 7.4 0.3100000000000001
1.0 0.3629112662013958 14.995 7.28 0.3200000000000001
1.0 0.35992023928215355 14.995 7.22 0.3300000000000001
1.0 0.357926221335992 14.995 7.18 0.34000000000000014
1.0 0.35294117647058826 14.995 7.08 0.35000000000000014
1.0 0.35194416749750745 14.995 7.06 0.36000000000000015
1.0 0.3469591226321037 14.995 6.96 0.37000000000000016
1.0 0.3439680957128614 14.995 6.9 0.38000000000000017
1.0 0.33998005982053836 14.995 6.82 0.3900000000000002
1.0 0.3300099700897308 14.995 6.62 0.4000000000000002
1.0 0.317048853439681 14.995 6.36 0.4100000000000002
1.0 0.31106679960119643 14.995 6.24 0.4200000000000002
1.0 0.3040877367896311 14.995 6.1 0.4300000000000002
1.0 0.29112662013958124 14.995 5.84 0.4400000000000002
1.0 0.2761714855433699 14.995 5.54 0.45000000000000023
1.0 0.2731804586241276 14.995 5.48 0.46000000000000024
1.0 0.27018943170488535 14.995 5.42 0.47000000000000025
1.0 0.26719840478564305 14.995 5.36 0.48000000000000026
1.0 0.26520438683948155 14.995 5.32 0.49000000000000027
1.0 0.26321036889332006 14.995 5.28 0.5000000000000002
1.0 0.2572283150548355 14.995 5.16 0.5100000000000002
1.0 0.25523429710867396 14.995 5.12 0.5200000000000002
1.0 0.2542372881355932 14.995 5.1 0.5300000000000002
1.0 0.2522432701894317 14.995 5.06 0.5400000000000003
1.0 0.24825523429710866 14.995 4.98 0.5500000000000003
1.0 0.24626121635094717 14.995 4.94 0.5600000000000003
1.0 0.2452642073778664 14.995 4.92 0.5700000000000003
1.0 0.2452642073778664 14.995 4.92 0.5800000000000003
1.0 0.24426719840478564 14.995 4.9 0.5900000000000003
1.0 0.24227318045862412 14.995 4.86 0.6000000000000003
1.0 0.23928215353938184 14.995 4.8 0.6100000000000003
1.0 0.2382851445663011 14.995 4.78 0.6200000000000003
1.0 0.2382851445663011 14.995 4.78 0.6300000000000003
1.0 0.23728813559322035 14.995 4.76 0.6400000000000003
1.0 0.2333000997008973 14.995 4.68 0.6500000000000004
1.0 0.226321036889332 14.995 4.54 0.6600000000000004
1.0 0.2213359920239282 14.995 4.44 0.6700000000000004
1.0 0.21635094715852443 14.995 4.34 0.6800000000000004
1.0 0.2073778664007976 14.995 4.16 0.6900000000000004
1.0 0.2023928215353938 14.995 4.06 0.7000000000000004
1.0 0.1914257228315055 14.995 3.84 0.7100000000000004
1.0 0.17746759720837488 14.995 3.56 0.7200000000000004
1.0 0.16151545363908276 14.995 3.24 0.7300000000000004
1.0 0.15254237288135594 14.995 3.06 0.7400000000000004
1.0 0.13758723828514458 14.995 2.76 0.7500000000000004
1.0 0.1296111665004985 14.995 2.6 0.7600000000000005
1.0 0.12662013958125623 14.995 2.54 0.7700000000000005
1.0 0.12163509471585245 14.995 2.44 0.7800000000000005
1.0 0.11864406779661017 14.995 2.38 0.7900000000000005
1.0 0.1156530408773679 14.995 2.32 0.8000000000000005
0.999888851839502 0.11365902293120637 14.993333333333334 2.28 0.8100000000000005
0.999888851839502 0.11266201395812563 14.993333333333334 2.26 0.8200000000000005
0.9997777036790041 0.1106679960119641 14.991666666666667 2.22 0.8300000000000005
0.9997777036790041 0.10967098703888335 14.991666666666667 2.2 0.8400000000000005
0.9994442591975102 0.10667996011964108 14.986666666666666 2.14 0.8500000000000005
0.9987773702345226 0.10269192422731804 14.976666666666667 2.06 0.8600000000000005
0.9978881849505391 0.0967098703888335 14.963333333333333 1.94 0.8700000000000006
0.9967767033455597 0.09272183449651047 14.946666666666667 1.86 0.8800000000000006
0.9952206290985884 0.08773678963110668 14.923333333333334 1.76 0.8900000000000006
0.9939979993331111 0.07976071784646062 14.905 1.6 0.9000000000000006
0.992108480604646 0.07477567298105683 14.876666666666667 1.5 0.9100000000000006
0.9904412581971769 0.06979062811565304 14.851666666666667 1.4 0.9200000000000006
0.9888851839502056 0.06281156530408774 14.828333333333333 1.26 0.9300000000000006
0.9876625541847283 0.06181455633100698 14.81 1.24 0.9400000000000006
0.9867733689007447 0.05782652043868395 14.796666666666667 1.16 0.9500000000000006
0.9855507391352674 0.05682951146560319 14.778333333333334 1.14 0.9600000000000006
0.9836612204068023 0.05682951146560319 14.75 1.14 0.9700000000000006
0.9787707013448927 0.05682951146560319 14.676666666666666 1.14 0.9800000000000006
0.9639879959986662 0.05682951146560319 14.455 1.14 0.9900000000000007
0.0 0.0 0.0 0.0
