0 14.099999999999998 10000 9421.829999999722
0 14.36 10000 9412.659999999698
10 20.0 10000 9383.00999999968
0 11.669999999999998 10000 9427.639999999728
10 20.0 10000 9397.699999999719
20 20.0 10000 9436.329999999725
30 20.0 10000 9415.419999999687
0 15.05 10000 9401.23999999975
10 20.0 10000 9429.85999999977
20 20.0 10000 9423.46999999977
30 20.0 10000 9432.059999999763
40 20.0 10000 9449.849999999768
50 20.0 10000 9430.739999999696
0 11.580000000000004 10000 9381.769999999728
5 19.98 10000 9402.739999999763
10 20.0 10000 9405.409999999742
15 20.0 10000 9399.92999999974
20 20.0 10000 9376.819999999743
25 20.0 10000 9424.359999999711
30 20.0 10000 9458.399999999727
35 20.0 10000 9410.359999999735
40 20.0 10000 9421.179999999753
45 20.0 10000 9423.88999999974
50 20.0 10000 9394.469999999768
