0.08891852839835501 0.0 8.0 0.0 0.0
0.08891852839835501 0.0 8.0 0.0 0.01
0.08891852839835501 0.0 8.0 0.0 0.02
0.08891852839835501 0.0 8.0 0.0 0.03
0.08891852839835501 0.0 8.0 0.0 0.04
0.08891852839835501 0.0 8.0 0.0 0.05
0.08891852839835501 0.0 8.0 0.0 0.060000000000000005
0.08891852839835501 0.0 8.0 0.0 0.07
0.08891852839835501 0.0 8.0 0.0 0.08
0.08891852839835501 0.0 8.0 0.0 0.09
0.08891852839835501 0.0 8.0 0.0 0.09999999999999999
0.08891852839835501 0.0 8.0 0.0 0.10999999999999999
0.08891852839835501 0.0 8.0 0.0 0.11999999999999998
0.08891852839835501 0.0 8.0 0.0 0.12999999999999998
0.08891852839835501 0.0 8.0 0.0 0.13999999999999999
0.08891852839835501 0.0 8.0 0.0 0.15
0.08891852839835501 0.0 8.0 0.0 0.16
0.08891852839835501 0.0 8.0 0.0 0.17
0.08891852839835501 0.0 8.0 0.0 0.18000000000000002
0.08891852839835501 0.0 8.0 0.0 0.19000000000000003
0.08891852839835501 0.0 8.0 0.0 0.20000000000000004
0.08891852839835501 0.0 8.0 0.0 0.21000000000000005
0.08891852839835501 0.0 8.0 0.0 0.22000000000000006
0.08891852839835501 0.0 8.0 0.0 0.23000000000000007
0.08891852839835501 0.0 8.0 0.0 0.24000000000000007
0.08891852839835501 0.0 8.0 0.0 0.25000000000000006
0.08891852839835501 0.0 8.0 0.0 0.26000000000000006
0.08891852839835501 0.0 8.0 0.0 0.2700000000000001
0.08891852839835501 0.0 8.0 0.0 0.2800000000000001
0.08891852839835501 0.0 8.0 0.0 0.2900000000000001
0.08891852839835501 0.0 8.0 0.0 0.3000000000000001
0.08891852839835501 0.0 8.0 0.0 0.3100000000000001
0.08891852839835501 0.0 8.0 0.0 0.3200000000000001
0.08891852839835501 0.0 8.0 0.0 0.3300000000000001
0.08891852839835501 0.0 8.0 0.0 0.34000000000000014
0.08891852839835501 0.0 8.0 0.0 0.35000000000000014
0.08891852839835501 0.0 8.0 0.0 0.36000000000000015
0.08891852839835501 0.0 8.0 0.0 0.37000000000000016
0.08891852839835501 0.0 8.0 0.0 0.38000000000000017
0.08891852839835501 0.0 8.0 0.0 0.3900000000000002
0.08891852839835501 0.0 8.0 0.0 0.4000000000000002
0.08891852839835501 0.0 8.0 0.0 0.4100000000000002
0.08891852839835501 0.0 8.0 0.0 0.4200000000000002
0.08891852839835501 0.0 8.0 0.0 0.4300000000000002
0.08891852839835501 0.0 8.0 0.0 0.4400000000000002
0.08891852839835501 0.0 8.0 0.0 0.45000000000000023
0.08891852839835501 0.0 8.0 0.0 0.46000000000000024
0.08891852839835501 0.0 8.0 0.0 0.47000000000000025
0.08891852839835501 0.0 8.0 0.0 0.48000000000000026
0.08891852839835501 0.0 8.0 0.0 0.49000000000000027
0.08891852839835501 0.0 8.0 0.0 0.5000000000000002
0.08891852839835501 0.0 8.0 0.0 0.5100000000000002
0.08891852839835501 0.0 8.0 0.0 0.5200000000000002
0.08891852839835501 0.0 8.0 0.0 0.5300000000000002
0.08891852839835501 0.0 8.0 0.0 0.5400000000000003
0.08891852839835501 0.0 8.0 0.0 0.5500000000000003
0.08891852839835501 0.0 8.0 0.0 0.5600000000000003
0.08891852839835501 0.0 8.0 0.0 0.5700000000000003
0.08891852839835501 0.0 8.0 0.0 0.5800000000000003
0.08891852839835501 0.0 8.0 0.0 0.5900000000000003
0.08891852839835501 0.0 8.0 0.0 0.6000000000000003
0.08891852839835501 0.0 8.0 0.0 0.6100000000000003
0.08891852839835501 0.0 8.0 0.0 0.6200000000000003
0.08891852839835501 0.0 8.0 0.0 0.6300000000000003
0.08891852839835501 0.0 8.0 0.0 0.6400000000000003
0.08891852839835501 0.0 8.0 0.0 0.6500000000000004
0.08891852839835501 0.0 8.0 0.0 0.6600000000000004
0.08891852839835501 0.0 8.0 0.0 0.6700000000000004
0.08891852839835501 0.0 8.0 0.0 0.6800000000000004
0.08891852839835501 0.0 8.0 0.0 0.6900000000000004
0.08891852839835501 0.0 8.0 0.0 0.7000000000000004
0.08891852839835501 0.0 8.0 0.0 0.7100000000000004
0.08891852839835501 0.0 8.0 0.0 0.7200000000000004
0.08891852839835501 0.0 8.0 0.0 0.7300000000000004
0.08891852839835501 0.0 8.0 0.0 0.7400000000000004
0.08891852839835501 0.0 8.0 0.0 0.7500000000000004
0.08891852839835501 0.0 8.0 0.0 0.7600000000000005
0.08869623207735912 0.0 7.98 0.0 0.7700000000000005
0.08869623207735912 0.0 7.98 0.0 0.7800000000000005
0.08847393575636323 0.0 7.96 0.0 0.7900000000000005
0.08825163943536735 0.0 7.94 0.0 0.8000000000000005
0.08769589863287762 0.0 7.89 0.0 0.8100000000000005
0.08714015783038791 0.0 7.84 0.0 0.8200000000000005
0.08613982438590641 0.0 7.75 0.0 0.8300000000000005
0.08425030565744136 0.0 7.58 0.0 0.8400000000000005
0.08269423141047015 0.0 7.44 0.0 0.8500000000000005
0.07958208291652773 0.0 7.16 0.0 0.8600000000000005
0.07524730465710792 0.0 6.77 0.0 0.8700000000000006
0.07046793375569635 0.0 6.34 0.0 0.8800000000000006
0.06624430365677449 0.0 5.96 0.0 0.8900000000000006
0.06135378459486496 0.0 5.52 0.0 0.9000000000000006
0.05679671001444926 0.0 5.11 0.0 0.9100000000000006
0.05323996887851506 0.0 4.79 0.0 0.9200000000000006
0.05146159831054796 0.0 4.63 0.0 0.9300000000000006
0.05023896854507058 0.0 4.52 0.0 0.9400000000000006
0.04934978326108703 0.0 4.44 0.0 0.9500000000000006
0.04879404245859731 0.0 4.39 0.0 0.9600000000000006
0.04757141269311993 0.0 4.28 0.0 0.9700000000000006
0.043014338112704234 0.0 3.87 0.0 0.9800000000000006
0.03323329998888518 0.0 2.99 0.0 0.9900000000000007
0.0 0.0 0.0 0.0
