1.0 1.0 8.997 Infinity 0.0
1.0 0.4765702891326022 8.997 Infinity 0.01
1.0 0.353938185443669 8.997 Infinity 0.02
1.0 0.3140578265204387 8.997 Infinity 0.03
1.0 0.28215353938185445 8.997 Infinity 0.04
1.0 0.26021934197407776 8.997 Infinity 0.05
1.0 0.22831505483549352 8.997 Infinity 0.060000000000000005
1.0 0.22831505483549352 8.997 Infinity 0.07
1.0 0.22333000997008973 8.997 Infinity 0.08
1.0 0.20937188434695914 8.997 Infinity 0.09
1.0 0.20139581256231306 8.997 Infinity 0.09999999999999999
1.0 0.19441674975074777 8.997 Infinity 0.10999999999999999
1.0 0.19042871385842472 8.997 Infinity 0.11999999999999998
1.0 0.18943170488534397 8.997 Infinity 0.12999999999999998
1.0 0.18245264207377868 8.997 Infinity 0.13999999999999999
1.0 0.17547357926221335 8.997 Infinity 0.15
1.0 0.1674975074775673 8.997 Infinity 0.16
1.0 0.1585244267198405 8.997 Infinity 0.17
1.0 0.14057826520438685 8.997 Infinity 0.18000000000000002
1.0 0.1296111665004985 8.997 Infinity 0.19000000000000003
1.0 0.12861415752741776 8.997 Infinity 0.20000000000000004
1.0 0.12063808574277168 8.997 Infinity 0.21000000000000005
1.0 0.11266201395812563 8.997 Infinity 0.22000000000000006
1.0 0.10568295114656032 8.997 Infinity 0.23000000000000007
1.0 0.10069790628115653 8.997 Infinity 0.24000000000000007
1.0 0.09770687936191426 8.997 Infinity 0.25000000000000006
1.0 0.0967098703888335 8.997 Infinity 0.26000000000000006
1.0 0.09571286141575275 8.997 Infinity 0.2700000000000001
1.0 0.09471585244267199 8.997 Infinity 0.2800000000000001
1.0 0.09471585244267199 8.997 Infinity 0.2900000000000001
1.0 0.09371884346959122 8.997 Infinity 0.3000000000000001
1.0 0.09371884346959122 8.997 Infinity 0.3100000000000001
1.0 0.09272183449651047 8.997 Infinity 0.3200000000000001
1.0 0.09172482552342971 8.997 Infinity 0.3300000000000001
1.0 0.0897308075772682 8.997 Infinity 0.34000000000000014
1.0 0.0897308075772682 8.997 Infinity 0.35000000000000014
1.0 0.08574277168494517 8.997 Infinity 0.36000000000000015
1.0 0.0847457627118644 8.997 Infinity 0.37000000000000016
1.0 0.08374875373878365 8.997 Infinity 0.38000000000000017
1.0 0.08075772681954138 8.997 Infinity 0.3900000000000002
1.0 0.07876370887337986 8.997 Infinity 0.4000000000000002
1.0 0.07278165503489531 8.997 Infinity 0.4100000000000002
1.0 0.06979062811565304 8.997 Infinity 0.4200000000000002
1.0 0.06879361914257229 8.997 Infinity 0.4300000000000002
1.0 0.06281156530408774 8.997 Infinity 0.4400000000000002
1.0 0.05982053838484546 8.997 Infinity 0.45000000000000023
1.0 0.058823529411764705 8.997 Infinity 0.46000000000000024
1.0 0.05583250249252243 8.997 Infinity 0.47000000000000025
1.0 0.049850448654037885 8.997 Infinity 0.48000000000000026
1.0 0.047856430707876374 8.997 Infinity 0.49000000000000027
1.0 0.045862412761714856 8.997 Infinity 0.5000000000000002
1.0 0.04386839481555334 8.997 Infinity 0.5100000000000002
1.0 0.04386839481555334 8.997 Infinity 0.5200000000000002
1.0 0.04187437686939183 8.997 Infinity 0.5300000000000002
1.0 0.04187437686939183 8.997 Infinity 0.5400000000000003
1.0 0.040877367896311065 8.997 Infinity 0.5500000000000003
1.0 0.03988035892323031 8.997 Infinity 0.5600000000000003
1.0 0.038883349950149554 8.997 Infinity 0.5700000000000003
1.0 0.038883349950149554 8.997 Infinity 0.5800000000000003
1.0 0.038883349950149554 8.997 Infinity 0.5900000000000003
1.0 0.038883349950149554 8.997 Infinity 0.6000000000000003
1.0 0.038883349950149554 8.997 Infinity 0.6100000000000003
1.0 0.03788634097706879 8.997 Infinity 0.6200000000000003
1.0 0.03788634097706879 8.997 Infinity 0.6300000000000003
1.0 0.03788634097706879 8.997 Infinity 0.6400000000000003
1.0 0.03788634097706879 8.997 Infinity 0.6500000000000004
1.0 0.03489531405782652 8.997 Infinity 0.6600000000000004
1.0 0.03489531405782652 8.997 Infinity 0.6700000000000004
1.0 0.031904287138584245 8.997 Infinity 0.6800000000000004
1.0 0.027916251246261216 8.997 Infinity 0.6900000000000004
1.0 0.024925224327018942 8.997 Infinity 0.7000000000000004
1.0 0.02193419740777667 8.997 Infinity 0.7100000000000004
1.0 0.01694915254237288 8.997 Infinity 0.7200000000000004
1.0 0.014955134596211365 8.997 Infinity 0.7300000000000004
1.0 0.00897308075772682 8.997 Infinity 0.7400000000000004
1.0 0.006979062811565304 8.997 Infinity 0.7500000000000004
1.0 0.005982053838484547 8.997 Infinity 0.7600000000000005
1.0 0.005982053838484547 8.997 Infinity 0.7700000000000005
1.0 0.0029910269192422734 8.997 Infinity 0.7800000000000005
1.0 9.970089730807576E-4 8.997 Infinity 0.7900000000000005
1.0 9.970089730807576E-4 8.997 Infinity 0.8000000000000005
1.0 9.970089730807576E-4 8.997 Infinity 0.8100000000000005
1.0 9.970089730807576E-4 8.997 Infinity 0.8200000000000005
1.0 9.970089730807576E-4 8.997 Infinity 0.8300000000000005
1.0 9.970089730807576E-4 8.997 Infinity 0.8400000000000005
1.0 9.970089730807576E-4 8.997 Infinity 0.8500000000000005
1.0 9.970089730807576E-4 8.997 Infinity 0.8600000000000005
1.0 9.970089730807576E-4 8.997 Infinity 0.8700000000000006
1.0 9.970089730807576E-4 8.997 Infinity 0.8800000000000006
1.0 9.970089730807576E-4 8.997 Infinity 0.8900000000000006
1.0 9.970089730807576E-4 8.997 Infinity 0.9000000000000006
0.999888851839502 9.970089730807576E-4 8.996 Infinity 0.9100000000000006
0.999888851839502 0.0 8.996 NaN 0.9200000000000006
0.999888851839502 0.0 8.996 NaN 0.9300000000000006
0.999888851839502 0.0 8.996 NaN 0.9400000000000006
0.999888851839502 0.0 8.996 NaN 0.9500000000000006
0.999888851839502 0.0 8.996 NaN 0.9600000000000006
0.999888851839502 0.0 8.996 NaN 0.9700000000000006
0.9996665555185061 0.0 8.994 NaN 0.9800000000000006
0.9984439257530288 0.0 8.983 NaN 0.9900000000000007
0.0 0.0 0.0 0.0
