1.0 1.0 8.997 22.288888888888888 0.0
1.0 0.4666001994017946 8.997 10.4 0.01
1.0 0.3050847457627119 8.997 6.8 0.02
1.0 0.2572283150548355 8.997 5.733333333333333 0.03
1.0 0.22931206380857427 8.997 5.111111111111111 0.04
1.0 0.20139581256231306 8.997 4.488888888888889 0.05
1.0 0.17846460618145563 8.997 3.977777777777778 0.060000000000000005
1.0 0.17846460618145563 8.997 3.977777777777778 0.07
1.0 0.17347956131605186 8.997 3.8666666666666667 0.08
1.0 0.16051844466600199 8.997 3.577777777777778 0.09
1.0 0.15054835493519442 8.997 3.3555555555555556 0.09999999999999999
1.0 0.14456630109670987 8.997 3.2222222222222223 0.10999999999999999
1.0 0.14057826520438685 8.997 3.1333333333333333 0.11999999999999998
1.0 0.13758723828514458 8.997 3.066666666666667 0.12999999999999998
1.0 0.13260219341974078 8.997 2.9555555555555557 0.13999999999999999
1.0 0.13060817547357925 8.997 2.911111111111111 0.15
1.0 0.12562313060817548 8.997 2.8 0.16
1.0 0.11864406779661017 8.997 2.6444444444444444 0.17
1.0 0.10667996011964108 8.997 2.3777777777777778 0.18000000000000002
1.0 0.09970089730807577 8.997 2.2222222222222223 0.19000000000000003
1.0 0.09172482552342971 8.997 2.0444444444444443 0.20000000000000004
1.0 0.08673978065802593 8.997 1.9333333333333333 0.21000000000000005
1.0 0.08175473579262213 8.997 1.8222222222222222 0.22000000000000006
1.0 0.07776669990029911 8.997 1.7333333333333334 0.23000000000000007
1.0 0.07477567298105683 8.997 1.6666666666666667 0.24000000000000007
0.999888851839502 0.07377866400797607 8.996 1.6444444444444444 0.25000000000000006
0.999888851839502 0.07178464606181456 8.996 1.6 0.26000000000000006
0.999888851839502 0.06979062811565304 8.996 1.5555555555555556 0.2700000000000001
0.999888851839502 0.06879361914257229 8.996 1.5333333333333334 0.2800000000000001
0.999888851839502 0.06480558325024925 8.996 1.4444444444444444 0.2900000000000001
0.999888851839502 0.06480558325024925 8.996 1.4444444444444444 0.3000000000000001
0.999888851839502 0.06181455633100698 8.996 1.3777777777777778 0.3100000000000001
0.999888851839502 0.06181455633100698 8.996 1.3777777777777778 0.3200000000000001
0.999888851839502 0.06081754735792622 8.996 1.3555555555555556 0.3300000000000001
0.999888851839502 0.058823529411764705 8.996 1.3111111111111111 0.34000000000000014
0.999888851839502 0.05782652043868395 8.996 1.288888888888889 0.35000000000000014
0.999888851839502 0.05682951146560319 8.996 1.2666666666666666 0.36000000000000015
0.999888851839502 0.05583250249252243 8.996 1.2444444444444445 0.37000000000000016
0.999888851839502 0.053838484546360914 8.996 1.2 0.38000000000000017
0.999888851839502 0.05284147557328016 8.996 1.1777777777777778 0.3900000000000002
0.999888851839502 0.0518444666001994 8.996 1.1555555555555554 0.4000000000000002
0.999888851839502 0.047856430707876374 8.996 1.0666666666666667 0.4100000000000002
0.999888851839502 0.045862412761714856 8.996 1.0222222222222221 0.4200000000000002
0.999888851839502 0.04287138584247258 8.996 0.9555555555555556 0.4300000000000002
0.999888851839502 0.04187437686939183 8.996 0.9333333333333333 0.4400000000000002
0.9997777036790041 0.040877367896311065 8.995 0.9111111111111111 0.45000000000000023
0.9997777036790041 0.03788634097706879 8.995 0.8444444444444444 0.46000000000000024
0.9997777036790041 0.036889332003988036 8.995 0.8222222222222222 0.47000000000000025
0.9997777036790041 0.036889332003988036 8.995 0.8222222222222222 0.48000000000000026
0.9997777036790041 0.036889332003988036 8.995 0.8222222222222222 0.49000000000000027
0.9997777036790041 0.03589232303090728 8.995 0.8 0.5000000000000002
0.9997777036790041 0.03589232303090728 8.995 0.8 0.5100000000000002
0.9997777036790041 0.03290129611166501 8.995 0.7333333333333333 0.5200000000000002
0.9997777036790041 0.03090727816550349 8.995 0.6888888888888889 0.5300000000000002
0.9997777036790041 0.03090727816550349 8.995 0.6888888888888889 0.5400000000000003
0.9997777036790041 0.028913260219341975 8.995 0.6444444444444445 0.5500000000000003
0.9997777036790041 0.028913260219341975 8.995 0.6444444444444445 0.5600000000000003
0.9997777036790041 0.028913260219341975 8.995 0.6444444444444445 0.5700000000000003
0.9997777036790041 0.028913260219341975 8.995 0.6444444444444445 0.5800000000000003
0.9997777036790041 0.027916251246261216 8.995 0.6222222222222222 0.5900000000000003
0.9997777036790041 0.027916251246261216 8.995 0.6222222222222222 0.6000000000000003
0.9996665555185061 0.027916251246261216 8.994 0.6222222222222222 0.6100000000000003
0.9996665555185061 0.027916251246261216 8.994 0.6222222222222222 0.6200000000000003
0.9996665555185061 0.0259222333000997 8.994 0.5777777777777777 0.6300000000000003
0.9996665555185061 0.0259222333000997 8.994 0.5777777777777777 0.6400000000000003
0.9996665555185061 0.0259222333000997 8.994 0.5777777777777777 0.6500000000000004
0.9996665555185061 0.024925224327018942 8.994 0.5555555555555556 0.6600000000000004
0.9996665555185061 0.024925224327018942 8.994 0.5555555555555556 0.6700000000000004
0.9996665555185061 0.022931206380857428 8.994 0.5111111111111111 0.6800000000000004
0.9996665555185061 0.02193419740777667 8.994 0.4888888888888889 0.6900000000000004
0.9996665555185061 0.02193419740777667 8.994 0.4888888888888889 0.7000000000000004
0.9996665555185061 0.018943170488534396 8.994 0.4222222222222222 0.7100000000000004
0.9996665555185061 0.01694915254237288 8.994 0.37777777777777777 0.7200000000000004
0.9996665555185061 0.01694915254237288 8.994 0.37777777777777777 0.7300000000000004
0.9996665555185061 0.013958125623130608 8.994 0.3111111111111111 0.7400000000000004
0.9996665555185061 0.010967098703888335 8.994 0.24444444444444444 0.7500000000000004
0.9996665555185061 0.010967098703888335 8.994 0.24444444444444444 0.7600000000000005
0.9996665555185061 0.009970089730807577 8.994 0.2222222222222222 0.7700000000000005
0.9996665555185061 0.009970089730807577 8.994 0.2222222222222222 0.7800000000000005
0.9996665555185061 0.00897308075772682 8.994 0.2 0.7900000000000005
0.9996665555185061 0.007976071784646061 8.994 0.17777777777777778 0.8000000000000005
0.9996665555185061 0.006979062811565304 8.994 0.15555555555555556 0.8100000000000005
0.9996665555185061 0.006979062811565304 8.994 0.15555555555555556 0.8200000000000005
0.9996665555185061 0.006979062811565304 8.994 0.15555555555555556 0.8300000000000005
0.9996665555185061 0.005982053838484547 8.994 0.13333333333333333 0.8400000000000005
0.9996665555185061 0.005982053838484547 8.994 0.13333333333333333 0.8500000000000005
0.9996665555185061 0.005982053838484547 8.994 0.13333333333333333 0.8600000000000005
0.9996665555185061 0.003988035892323031 8.994 0.08888888888888889 0.8700000000000006
0.9996665555185061 0.0029910269192422734 8.994 0.06666666666666667 0.8800000000000006
0.9994442591975102 0.0029910269192422734 8.992 0.06666666666666667 0.8900000000000006
0.9994442591975102 0.0029910269192422734 8.992 0.06666666666666667 0.9000000000000006
0.9994442591975102 0.0029910269192422734 8.992 0.06666666666666667 0.9100000000000006
0.9993331110370124 0.0019940179461615153 8.991 0.044444444444444446 0.9200000000000006
0.9992219628765144 0.0 8.99 0.0 0.9300000000000006
0.9991108147160165 0.0 8.989 0.0 0.9400000000000006
0.9984439257530288 0.0 8.983 0.0 0.9500000000000006
0.9978881849505391 0.0 8.978 0.0 0.9600000000000006
0.9973324441480493 0.0 8.973 0.0 0.9700000000000006
0.9968878515060575 0.0 8.969 0.0 0.9800000000000006
0.995887518061576 0.0 8.96 0.0 0.9900000000000007
0.0 0.0 0.0 0.0
