10 20.0 10000 9006.2899999998
0 18.25 10000 9004.299999999801
10 20.0 10000 9006.199999999799
20 20.0 10000 9006.289999999803
30 20.0 10000 9006.3699999998
0 18.089999999999996 10000 9004.299999999801
10 20.0 10000 9006.319999999801
20 20.0 10000 9006.309999999803
30 20.0 10000 9006.0699999998
40 20.0 10000 9006.379999999801
50 20.0 10000 9006.3499999998
0 17.82 10000 9004.299999999801
5 20.0 10000 9006.329999999802
10 20.0 10000 9006.169999999802
15 20.0 10000 9006.2699999998
20 20.0 10000 9006.2699999998
25 20.0 10000 9006.4199999998
30 20.0 10000 9006.389999999801
35 20.0 10000 9006.1199999998
40 20.0 10000 9006.219999999801
45 20.0 10000 9006.299999999803
50 20.0 10000 9006.4299999998
0 18.04 10000 9004.299999999801
5 20.0 10000 9006.109999999802
10 20.0 10000 9006.059999999801
15 20.0 10000 9006.449999999802
20 20.0 10000 9006.019999999802
25 20.0 10000 9006.2199999998
30 20.0 10000 9006.129999999801
35 20.0 10000 9006.3699999998
40 20.0 10000 9006.389999999803
45 20.0 10000 9006.1099999998
50 20.0 10000 9006.299999999801
