1.0 1.0 89.97 100.3 0.0
1.0 0.9930209371884346 89.97 99.6 0.01
1.0 0.9820538384845464 89.97 98.5 0.02
1.0 0.9780658025922233 89.97 98.1 0.03
1.0 0.9730807577268196 89.97 97.6 0.04
1.0 0.9661016949152542 89.97 96.9 0.05
1.0 0.9581256231306082 89.97 96.1 0.060000000000000005
1.0 0.9581256231306082 89.97 96.1 0.07
1.0 0.9541375872382851 89.97 95.7 0.08
1.0 0.9531405782652044 89.97 95.6 0.09
1.0 0.9511465603190429 89.97 95.4 0.09999999999999999
1.0 0.9491525423728814 89.97 95.2 0.10999999999999999
1.0 0.9491525423728814 89.97 95.2 0.11999999999999998
1.0 0.9461615154536391 89.97 94.9 0.12999999999999998
1.0 0.942173479561316 89.97 94.5 0.13999999999999999
1.0 0.9411764705882353 89.97 94.4 0.15
1.0 0.9401794616151545 89.97 94.3 0.16
1.0 0.938185443668993 89.97 94.1 0.17
1.0 0.9371884346959123 89.97 94.0 0.18000000000000002
1.0 0.93419740777667 89.97 93.7 0.19000000000000003
1.0 0.93419740777667 89.97 93.7 0.20000000000000004
1.0 0.9312063808574277 89.97 93.4 0.21000000000000005
1.0 0.9302093718843469 89.97 93.3 0.22000000000000006
1.0 0.9292123629112662 89.97 93.2 0.23000000000000007
1.0 0.9282153539381854 89.97 93.1 0.24000000000000007
1.0 0.9272183449651047 89.97 93.0 0.25000000000000006
1.0 0.9272183449651047 89.97 93.0 0.26000000000000006
1.0 0.9272183449651047 89.97 93.0 0.2700000000000001
1.0 0.9272183449651047 89.97 93.0 0.2800000000000001
1.0 0.9272183449651047 89.97 93.0 0.2900000000000001
1.0 0.9262213359920239 89.97 92.9 0.3000000000000001
1.0 0.9262213359920239 89.97 92.9 0.3100000000000001
1.0 0.9262213359920239 89.97 92.9 0.3200000000000001
1.0 0.9242273180458624 89.97 92.7 0.3300000000000001
1.0 0.922233300099701 89.97 92.5 0.34000000000000014
1.0 0.922233300099701 89.97 92.5 0.35000000000000014
1.0 0.9212362911266201 89.97 92.4 0.36000000000000015
1.0 0.9202392821535393 89.97 92.3 0.37000000000000016
1.0 0.9162512462612163 89.97 91.9 0.38000000000000017
1.0 0.9152542372881356 89.97 91.8 0.3900000000000002
1.0 0.9122632103688934 89.97 91.5 0.4000000000000002
1.0 0.9102691924227319 89.97 91.3 0.4100000000000002
1.0 0.9072781655034895 89.97 91.0 0.4200000000000002
1.0 0.9002991026919243 89.97 90.3 0.4300000000000002
1.0 0.8953140578265204 89.97 89.8 0.4400000000000002
1.0 0.8923230309072782 89.97 89.5 0.45000000000000023
1.0 0.8873379860418744 89.97 89.0 0.46000000000000024
1.0 0.8863409770687937 89.97 88.9 0.47000000000000025
1.0 0.8853439680957128 89.97 88.8 0.48000000000000026
1.0 0.8853439680957128 89.97 88.8 0.49000000000000027
1.0 0.8833499501495513 89.97 88.6 0.5000000000000002
1.0 0.8823529411764706 89.97 88.5 0.5100000000000002
1.0 0.8823529411764706 89.97 88.5 0.5200000000000002
1.0 0.8823529411764706 89.97 88.5 0.5300000000000002
1.0 0.8823529411764706 89.97 88.5 0.5400000000000003
1.0 0.8823529411764706 89.97 88.5 0.5500000000000003
1.0 0.8823529411764706 89.97 88.5 0.5600000000000003
1.0 0.8823529411764706 89.97 88.5 0.5700000000000003
1.0 0.8813559322033898 89.97 88.4 0.5800000000000003
1.0 0.8813559322033898 89.97 88.4 0.5900000000000003
1.0 0.8803589232303091 89.97 88.3 0.6000000000000003
1.0 0.8783649052841476 89.97 88.1 0.6100000000000003
1.0 0.8773678963110668 89.97 88.0 0.6200000000000003
1.0 0.8733798604187437 89.97 87.6 0.6300000000000003
1.0 0.8703888334995015 89.97 87.3 0.6400000000000003
1.0 0.864406779661017 89.97 86.7 0.6500000000000004
1.0 0.8564307078763709 89.97 85.9 0.6600000000000004
1.0 0.8484546360917248 89.97 85.1 0.6700000000000004
1.0 0.8384845463609173 89.97 84.1 0.6800000000000004
1.0 0.8205383848454636 89.97 82.3 0.6900000000000004
1.0 0.80259222333001 89.97 80.5 0.7000000000000004
1.0 0.7816550348953141 89.97 78.4 0.7100000000000004
1.0 0.765702891326022 89.97 76.8 0.7200000000000004
1.0 0.744765702891326 89.97 74.7 0.7300000000000004
1.0 0.7258225324027916 89.97 72.8 0.7400000000000004
1.0 0.6989032901296112 89.97 70.1 0.7500000000000004
1.0 0.6779661016949152 89.97 68.0 0.7600000000000005
0.999888851839502 0.6679960119641076 89.96 67.0 0.7700000000000005
0.9995554073580082 0.6530408773678963 89.93 65.5 0.7800000000000005
0.9992219628765144 0.6400797607178464 89.9 64.2 0.7900000000000005
0.9985550739135267 0.634097706879362 89.84 63.6 0.8000000000000005
0.9973324441480493 0.6291126620139581 89.73 63.1 0.8100000000000005
0.9938868511726131 0.6251246261216351 89.42 62.7 0.8200000000000005
0.9879959986662221 0.617148554336989 88.89 61.9 0.8300000000000005
0.9785484050238968 0.6021934197407777 88.04 60.4 0.8400000000000005
0.9629876625541848 0.5832502492522432 86.64 58.5 0.8500000000000005
0.938757363565633 0.543369890329013 84.46 54.5 0.8600000000000005
0.9043014338112704 0.4965104685942173 81.36 49.8 0.8700000000000006
0.8559519839946649 0.43768693918245266 77.01 43.9 0.8800000000000006
0.7973769034122485 0.37188434695912265 71.74 37.3 0.8900000000000006
0.7307991552739802 0.2901296111665005 65.75 29.1 0.9000000000000006
0.6663332221851729 0.20438683948155534 59.95 20.5 0.9100000000000006
0.6119817717016783 0.13758723828514458 55.06 13.8 0.9200000000000006
0.5639657663665666 0.0847457627118644 50.74 8.5 0.9300000000000006
0.5286206513282206 0.0518444666001994 47.56 5.2 0.9400000000000006
0.5066133155496276 0.03290129611166501 45.58 3.3 0.9500000000000006
0.490163387795932 0.022931206380857428 44.1 2.3 0.9600000000000006
0.47382460820273425 0.020937188434695914 42.63 2.1 0.9700000000000006
0.4402578637323552 0.020937188434695914 39.61 2.1 0.9800000000000006
0.3454484828276092 0.020937188434695914 31.08 2.1 0.9900000000000007
0.0 0.0 0.0 0.0
