1.0 1.0 12.852857142857143 31.34375 0.0
1.0 0.7357926221335992 12.852857142857143 23.0625 0.01
1.0 0.584247258225324 12.852857142857143 18.3125 0.02
1.0 0.5294117647058824 12.852857142857143 16.59375 0.03
1.0 0.4885343968095713 12.852857142857143 15.3125 0.04
1.0 0.46560319042871384 12.852857142857143 14.59375 0.05
1.0 0.42273180458624127 12.852857142857143 13.25 0.060000000000000005
1.0 0.42273180458624127 12.852857142857143 13.25 0.07
1.0 0.4047856430707876 12.852857142857143 12.6875 0.08
1.0 0.39082751744765704 12.852857142857143 12.25 0.09
1.0 0.3798604187437687 12.852857142857143 11.90625 0.09999999999999999
1.0 0.3708873379860419 12.852857142857143 11.625 0.10999999999999999
1.0 0.36191425722831505 12.852857142857143 11.34375 0.11999999999999998
1.0 0.35692921236291125 12.852857142857143 11.1875 0.12999999999999998
1.0 0.35194416749750745 12.852857142857143 11.03125 0.13999999999999999
1.0 0.33998005982053836 12.852857142857143 10.65625 0.15
1.0 0.3300099700897308 12.852857142857143 10.34375 0.16
1.0 0.3160518444666002 12.852857142857143 9.90625 0.17
1.0 0.2951146560319043 12.852857142857143 9.25 0.18000000000000002
1.0 0.28215353938185445 12.852857142857143 8.84375 0.19000000000000003
1.0 0.27517447657028915 12.852857142857143 8.625 0.20000000000000004
1.0 0.26719840478564305 12.852857142857143 8.375 0.21000000000000005
1.0 0.25822532402791626 12.852857142857143 8.09375 0.22000000000000006
1.0 0.25523429710867396 12.852857142857143 8.0 0.23000000000000007
1.0 0.2452642073778664 12.852857142857143 7.6875 0.24000000000000007
1.0 0.2432701894317049 12.852857142857143 7.625 0.25000000000000006
1.0 0.24227318045862412 12.852857142857143 7.59375 0.26000000000000006
1.0 0.24027916251246262 12.852857142857143 7.53125 0.2700000000000001
1.0 0.2382851445663011 12.852857142857143 7.46875 0.2800000000000001
1.0 0.23529411764705882 12.852857142857143 7.375 0.2900000000000001
1.0 0.23429710867397807 12.852857142857143 7.34375 0.3000000000000001
1.0 0.23230309072781655 12.852857142857143 7.28125 0.3100000000000001
1.0 0.23230309072781655 12.852857142857143 7.28125 0.3200000000000001
1.0 0.22831505483549352 12.852857142857143 7.15625 0.3300000000000001
1.0 0.22333000997008973 12.852857142857143 7.0 0.34000000000000014
1.0 0.2193419740777667 12.852857142857143 6.875 0.35000000000000014
1.0 0.21734795613160518 12.852857142857143 6.8125 0.36000000000000015
1.0 0.21335992023928216 12.852857142857143 6.6875 0.37000000000000016
1.0 0.20837487537387836 12.852857142857143 6.53125 0.38000000000000017
1.0 0.2053838484546361 12.852857142857143 6.4375 0.3900000000000002
1.0 0.1984047856430708 12.852857142857143 6.21875 0.4000000000000002
1.0 0.19042871385842472 12.852857142857143 5.96875 0.4100000000000002
1.0 0.18045862412761715 12.852857142857143 5.65625 0.4200000000000002
1.0 0.1744765702891326 12.852857142857143 5.46875 0.4300000000000002
1.0 0.16849451645064806 12.852857142857143 5.28125 0.4400000000000002
1.0 0.15952143569292124 12.852857142857143 5.0 0.45000000000000023
1.0 0.1535393818544367 12.852857142857143 4.8125 0.46000000000000024
1.0 0.14456630109670987 12.852857142857143 4.53125 0.47000000000000025
1.0 0.13858424725822532 12.852857142857143 4.34375 0.48000000000000026
1.0 0.13260219341974078 12.852857142857143 4.15625 0.49000000000000027
1.0 0.12861415752741776 12.852857142857143 4.03125 0.5000000000000002
1.0 0.12662013958125623 12.852857142857143 3.96875 0.5100000000000002
1.0 0.12362911266201396 12.852857142857143 3.875 0.5200000000000002
1.0 0.1226321036889332 12.852857142857143 3.84375 0.5300000000000002
1.0 0.1226321036889332 12.852857142857143 3.84375 0.5400000000000003
1.0 0.12163509471585245 12.852857142857143 3.8125 0.5500000000000003
1.0 0.12063808574277168 12.852857142857143 3.78125 0.5600000000000003
1.0 0.11964107676969092 12.852857142857143 3.75 0.5700000000000003
1.0 0.11864406779661017 12.852857142857143 3.71875 0.5800000000000003
1.0 0.11864406779661017 12.852857142857143 3.71875 0.5900000000000003
1.0 0.11864406779661017 12.852857142857143 3.71875 0.6000000000000003
1.0 0.1156530408773679 12.852857142857143 3.625 0.6100000000000003
1.0 0.11365902293120637 12.852857142857143 3.5625 0.6200000000000003
1.0 0.11365902293120637 12.852857142857143 3.5625 0.6300000000000003
1.0 0.11166500498504486 12.852857142857143 3.5 0.6400000000000003
1.0 0.10967098703888335 12.852857142857143 3.4375 0.6500000000000004
1.0 0.10767696909272183 12.852857142857143 3.375 0.6600000000000004
1.0 0.10468594217347957 12.852857142857143 3.28125 0.6700000000000004
1.0 0.09770687936191426 12.852857142857143 3.0625 0.6800000000000004
1.0 0.09272183449651047 12.852857142857143 2.90625 0.6900000000000004
1.0 0.08574277168494517 12.852857142857143 2.6875 0.7000000000000004
1.0 0.07876370887337986 12.852857142857143 2.46875 0.7100000000000004
1.0 0.07278165503489531 12.852857142857143 2.28125 0.7200000000000004
1.0 0.06580259222333001 12.852857142857143 2.0625 0.7300000000000004
1.0 0.06081754735792622 12.852857142857143 1.90625 0.7400000000000004
1.0 0.054835493519441676 12.852857142857143 1.71875 0.7500000000000004
1.0 0.05084745762711865 12.852857142857143 1.59375 0.7600000000000005
1.0 0.04685942173479561 12.852857142857143 1.46875 0.7700000000000005
1.0 0.0448654037886341 12.852857142857143 1.40625 0.7800000000000005
1.0 0.04386839481555334 12.852857142857143 1.375 0.7900000000000005
1.0 0.04287138584247258 12.852857142857143 1.34375 0.8000000000000005
1.0 0.04287138584247258 12.852857142857143 1.34375 0.8100000000000005
1.0 0.04287138584247258 12.852857142857143 1.34375 0.8200000000000005
1.0 0.04187437686939183 12.852857142857143 1.3125 0.8300000000000005
1.0 0.04187437686939183 12.852857142857143 1.3125 0.8400000000000005
0.999888851839502 0.040877367896311065 12.851428571428572 1.28125 0.8500000000000005
0.999888851839502 0.03788634097706879 12.851428571428572 1.1875 0.8600000000000005
0.9997777036790041 0.03489531405782652 12.85 1.09375 0.8700000000000006
0.9991108147160165 0.031904287138584245 12.84142857142857 1.0 0.8800000000000006
0.9985550739135267 0.031904287138584245 12.834285714285715 1.0 0.8900000000000006
0.9982216294320329 0.028913260219341975 12.83 0.90625 0.9000000000000006
0.9979993331110371 0.026919242273180457 12.827142857142857 0.84375 0.9100000000000006
0.9972212959875514 0.022931206380857428 12.817142857142857 0.71875 0.9200000000000006
0.9964432588640658 0.020937188434695914 12.807142857142857 0.65625 0.9300000000000006
0.9962209625430699 0.019940179461615155 12.804285714285715 0.625 0.9400000000000006
0.995887518061576 0.019940179461615155 12.8 0.625 0.9500000000000006
0.9951094809380905 0.019940179461615155 12.79 0.625 0.9600000000000006
0.9944425919751028 0.019940179461615155 12.781428571428572 0.625 0.9700000000000006
0.9928865177281316 0.019940179461615155 12.76142857142857 0.625 0.9800000000000006
0.9848838501722796 0.019940179461615155 12.65857142857143 0.625 0.9900000000000007
0.0 0.0 0.0 0.0
