1.0 1.0 17.994 25.075 0.0
1.0 0.9641076769690927 17.994 24.175 0.01
1.0 0.9292123629112662 17.994 23.3 0.02
1.0 0.9032901296111665 17.994 22.65 0.03
1.0 0.8913260219341974 17.994 22.35 0.04
1.0 0.8803589232303091 17.994 22.075 0.05
1.0 0.8574277168494516 17.994 21.5 0.060000000000000005
1.0 0.8574277168494516 17.994 21.5 0.07
1.0 0.8534396809571286 17.994 21.4 0.08
1.0 0.8414755732801595 17.994 21.1 0.09
1.0 0.8305084745762712 17.994 20.825 0.09999999999999999
1.0 0.8285144566301097 17.994 20.775 0.10999999999999999
1.0 0.8215353938185443 17.994 20.6 0.11999999999999998
1.0 0.8095712861415753 17.994 20.3 0.12999999999999998
1.0 0.8015952143569293 17.994 20.1 0.13999999999999999
1.0 0.7936191425722832 17.994 19.9 0.15
1.0 0.7856430707876371 17.994 19.7 0.16
1.0 0.7806580259222333 17.994 19.575 0.17
1.0 0.7706879361914257 17.994 19.325 0.18000000000000002
1.0 0.7577268195413759 17.994 19.0 0.19000000000000003
1.0 0.7517447657028913 17.994 18.85 0.20000000000000004
1.0 0.7407776669990029 17.994 18.575 0.21000000000000005
1.0 0.7288135593220338 17.994 18.275 0.22000000000000006
1.0 0.7208374875373879 17.994 18.075 0.23000000000000007
1.0 0.7168494516450648 17.994 17.975 0.24000000000000007
1.0 0.7128614157527418 17.994 17.875 0.25000000000000006
1.0 0.7088733798604188 17.994 17.775 0.26000000000000006
1.0 0.7048853439680958 17.994 17.675 0.2700000000000001
1.0 0.7008973080757727 17.994 17.575 0.2800000000000001
1.0 0.6969092721834497 17.994 17.475 0.2900000000000001
1.0 0.6969092721834497 17.994 17.475 0.3000000000000001
1.0 0.6939182452642074 17.994 17.4 0.3100000000000001
1.0 0.6909272183449651 17.994 17.325 0.3200000000000001
1.0 0.6889332003988036 17.994 17.275 0.3300000000000001
1.0 0.6859421734795613 17.994 17.2 0.34000000000000014
1.0 0.6809571286141576 17.994 17.075 0.35000000000000014
1.0 0.6769690927218345 17.994 16.975 0.36000000000000015
1.0 0.6759720837487537 17.994 16.95 0.37000000000000016
1.0 0.67098703888335 17.994 16.825 0.38000000000000017
1.0 0.6660019940179461 17.994 16.7 0.3900000000000002
1.0 0.6620139581256231 17.994 16.6 0.4000000000000002
1.0 0.6550348953140578 17.994 16.425 0.4100000000000002
1.0 0.6510468594217348 17.994 16.325 0.4200000000000002
1.0 0.6430707876370887 17.994 16.125 0.4300000000000002
1.0 0.6370887337986042 17.994 15.975 0.4400000000000002
1.0 0.6301096709870389 17.994 15.8 0.45000000000000023
1.0 0.6251246261216351 17.994 15.675 0.46000000000000024
1.0 0.6191425722831505 17.994 15.525 0.47000000000000025
1.0 0.6111665004985045 17.994 15.325 0.48000000000000026
1.0 0.6071784646061814 17.994 15.225 0.49000000000000027
1.0 0.6041874376869392 17.994 15.15 0.5000000000000002
1.0 0.6011964107676969 17.994 15.075 0.5100000000000002
1.0 0.5972083748753739 17.994 14.975 0.5200000000000002
1.0 0.5922233300099701 17.994 14.85 0.5300000000000002
1.0 0.5882352941176471 17.994 14.75 0.5400000000000003
1.0 0.584247258225324 17.994 14.65 0.5500000000000003
1.0 0.5822532402791625 17.994 14.6 0.5600000000000003
1.0 0.5772681954137587 17.994 14.475 0.5700000000000003
1.0 0.5752741774675972 17.994 14.425 0.5800000000000003
1.0 0.5682951146560319 17.994 14.25 0.5900000000000003
1.0 0.5623130608175474 17.994 14.1 0.6000000000000003
1.0 0.5603190428713859 17.994 14.05 0.6100000000000003
1.0 0.5573280159521435 17.994 13.975 0.6200000000000003
1.0 0.555333998005982 17.994 13.925 0.6300000000000003
1.0 0.551345962113659 17.994 13.825 0.6400000000000003
1.0 0.5493519441674976 17.994 13.775 0.6500000000000004
1.0 0.5423728813559322 17.994 13.6 0.6600000000000004
1.0 0.5383848454636092 17.994 13.5 0.6700000000000004
1.0 0.5363908275174477 17.994 13.45 0.6800000000000004
1.0 0.5314057826520439 17.994 13.325 0.6900000000000004
1.0 0.5254237288135594 17.994 13.175 0.7000000000000004
1.0 0.518444666001994 17.994 13.0 0.7100000000000004
1.0 0.5104685942173479 17.994 12.8 0.7200000000000004
1.0 0.5024925224327019 17.994 12.6 0.7300000000000004
1.0 0.4955134596211366 17.994 12.425 0.7400000000000004
1.0 0.48255234297108673 17.994 12.1 0.7500000000000004
1.0 0.4765702891326022 17.994 11.95 0.7600000000000005
1.0 0.4715852442671984 17.994 11.825 0.7700000000000005
1.0 0.46360917248255235 17.994 11.625 0.7800000000000005
1.0 0.45862412761714855 17.994 11.5 0.7900000000000005
1.0 0.45164506480558325 17.994 11.325 0.8000000000000005
1.0 0.44466600199401796 17.994 11.15 0.8100000000000005
0.999888851839502 0.4356929212362911 17.992 10.925 0.8200000000000005
0.999888851839502 0.4317048853439681 17.992 10.825 0.8300000000000005
0.9995554073580082 0.42771684945164506 17.986 10.725 0.8400000000000005
0.9989996665555185 0.423728813559322 17.976 10.625 0.8500000000000005
0.9973324441480493 0.41575274177467597 17.946 10.425 0.8600000000000005
0.995887518061576 0.4097706879361914 17.92 10.275 0.8700000000000006
0.9936645548516172 0.4037886340977069 17.88 10.125 0.8800000000000006
0.9909969989996665 0.3948155533399801 17.832 9.9 0.8900000000000006
0.9869956652217405 0.38384845463609174 17.76 9.625 0.9000000000000006
0.9836612204068023 0.3748753738783649 17.7 9.4 0.9100000000000006
0.9814382571968434 0.3559322033898305 17.66 8.925 0.9200000000000006
0.9784372568633989 0.3439680957128614 17.606 8.625 0.9300000000000006
0.9767700344559298 0.3349950149551346 17.576 8.4 0.9400000000000006
0.9748805157274647 0.3140578265204387 17.542 7.875 0.9500000000000006
0.9726575525175059 0.2951146560319043 17.502 7.4 0.9600000000000006
0.9686562187395799 0.2662013958125623 17.43 6.675 0.9700000000000006
0.9592086250972547 0.2213359920239282 17.26 5.55 0.9800000000000006
0.9303101033677893 0.16650049850448653 16.74 4.175 0.9900000000000007
0.0 0.0 0.0 0.0
