1.0 1.0 44.985 200.6 0.0
1.0 0.9900299102691924 44.985 198.6 0.01
1.0 0.9621136590229312 44.985 193.0 0.02
1.0 0.9441674975074775 44.985 189.4 0.03
1.0 0.9282153539381854 44.985 186.2 0.04
1.0 0.9142572283150548 44.985 183.4 0.05
1.0 0.8863409770687937 44.985 177.8 0.060000000000000005
1.0 0.8863409770687937 44.985 177.8 0.07
1.0 0.8753738783649053 44.985 175.6 0.08
1.0 0.8584247258225324 44.985 172.2 0.09
1.0 0.8514456630109671 44.985 170.8 0.09999999999999999
1.0 0.8494516450648056 44.985 170.4 0.10999999999999999
1.0 0.8454636091724825 44.985 169.6 0.11999999999999998
1.0 0.8414755732801595 44.985 168.8 0.12999999999999998
1.0 0.8384845463609173 44.985 168.2 0.13999999999999999
1.0 0.8325024925224327 44.985 167.0 0.15
1.0 0.8285144566301097 44.985 166.2 0.16
1.0 0.8185443668993021 44.985 164.2 0.17
1.0 0.8015952143569293 44.985 160.8 0.18000000000000002
1.0 0.7866400797607178 44.985 157.8 0.19000000000000003
1.0 0.7706879361914257 44.985 154.6 0.20000000000000004
1.0 0.7627118644067796 44.985 153.0 0.21000000000000005
1.0 0.7567298105682951 44.985 151.8 0.22000000000000006
1.0 0.7497507477567298 44.985 150.4 0.23000000000000007
1.0 0.744765702891326 44.985 149.4 0.24000000000000007
1.0 0.7397806580259222 44.985 148.4 0.25000000000000006
1.0 0.7397806580259222 44.985 148.4 0.26000000000000006
1.0 0.7387836490528414 44.985 148.2 0.2700000000000001
1.0 0.7377866400797607 44.985 148.0 0.2800000000000001
1.0 0.7357926221335992 44.985 147.6 0.2900000000000001
1.0 0.7337986041874377 44.985 147.2 0.3000000000000001
1.0 0.7337986041874377 44.985 147.2 0.3100000000000001
1.0 0.732801595214357 44.985 147.0 0.3200000000000001
1.0 0.7308075772681955 44.985 146.6 0.3300000000000001
1.0 0.7268195413758723 44.985 145.8 0.34000000000000014
1.0 0.7238285144566301 44.985 145.2 0.35000000000000014
1.0 0.7188434695912264 44.985 144.2 0.36000000000000015
1.0 0.7128614157527418 44.985 143.0 0.37000000000000016
1.0 0.707876370887338 44.985 142.0 0.38000000000000017
1.0 0.7008973080757727 44.985 140.6 0.3900000000000002
1.0 0.6929212362911267 44.985 139.0 0.4000000000000002
1.0 0.674975074775673 44.985 135.4 0.4100000000000002
1.0 0.6679960119641076 44.985 134.0 0.4200000000000002
1.0 0.6570289132602194 44.985 131.8 0.4300000000000002
1.0 0.6450648055832503 44.985 129.4 0.4400000000000002
1.0 0.6370887337986042 44.985 127.8 0.45000000000000023
1.0 0.6231306081754736 44.985 125.0 0.46000000000000024
1.0 0.6111665004985045 44.985 122.6 0.47000000000000025
1.0 0.6021934197407777 44.985 120.8 0.48000000000000026
1.0 0.5972083748753739 44.985 119.8 0.49000000000000027
1.0 0.5952143569292123 44.985 119.4 0.5000000000000002
1.0 0.5902293120638086 44.985 118.4 0.5100000000000002
1.0 0.5852442671984048 44.985 117.4 0.5200000000000002
1.0 0.584247258225324 44.985 117.2 0.5300000000000002
1.0 0.5832502492522432 44.985 117.0 0.5400000000000003
1.0 0.580259222333001 44.985 116.4 0.5500000000000003
1.0 0.5782652043868395 44.985 116.0 0.5600000000000003
1.0 0.576271186440678 44.985 115.6 0.5700000000000003
1.0 0.5752741774675972 44.985 115.4 0.5800000000000003
1.0 0.5722831505483549 44.985 114.8 0.5900000000000003
1.0 0.5702891326021934 44.985 114.4 0.6000000000000003
1.0 0.5682951146560319 44.985 114.0 0.6100000000000003
1.0 0.5603190428713859 44.985 112.4 0.6200000000000003
1.0 0.5533399800598205 44.985 111.0 0.6300000000000003
1.0 0.5473579262213359 44.985 109.8 0.6400000000000003
1.0 0.5423728813559322 44.985 108.8 0.6500000000000004
1.0 0.5304087736789631 44.985 106.4 0.6600000000000004
1.0 0.5204386839481555 44.985 104.4 0.6700000000000004
1.0 0.5084745762711864 44.985 102.0 0.6800000000000004
1.0 0.4945164506480558 44.985 99.2 0.6900000000000004
1.0 0.481555333998006 44.985 96.6 0.7000000000000004
1.0 0.46360917248255235 44.985 93.0 0.7100000000000004
1.0 0.43668993020937186 44.985 87.6 0.7200000000000004
1.0 0.4137587238285145 44.985 83.0 0.7300000000000004
1.0 0.40079760717846463 44.985 80.4 0.7400000000000004
1.0 0.38384845463609174 44.985 77.0 0.7500000000000004
1.0 0.3609172482552343 44.985 72.4 0.7600000000000005
1.0 0.3469591226321037 44.985 69.6 0.7700000000000005
1.0 0.3339980059820538 44.985 67.0 0.7800000000000005
0.9997777036790041 0.3200398803589232 44.975 64.2 0.7900000000000005
0.9995554073580082 0.3120638085742772 44.965 62.6 0.8000000000000005
0.9994442591975102 0.30807577268195413 44.96 61.8 0.8100000000000005
0.9979993331110371 0.3050847457627119 44.895 61.2 0.8200000000000005
0.9963321107035679 0.2971086739780658 44.82 59.6 0.8300000000000005
0.9929976658886296 0.2901296111665005 44.67 58.2 0.8400000000000005
0.9875514060242303 0.2831505483549352 44.425 56.8 0.8500000000000005
0.9792152939868846 0.259222333000997 44.05 52.0 0.8600000000000005
0.9675447371346004 0.23629112662013957 43.525 47.4 0.8700000000000006
0.9513171057019006 0.2123629112662014 42.795 42.6 0.8800000000000006
0.9318661776147604 0.1814556331006979 41.92 36.4 0.8900000000000006
0.909080804712682 0.13559322033898305 40.895 27.2 0.9000000000000006
0.887406913415583 0.10269192422731804 39.92 20.6 0.9100000000000006
0.8691786150939202 0.06181455633100698 39.1 12.4 0.9200000000000006
0.8548405023896855 0.031904287138584245 38.455 6.4 0.9300000000000006
0.8425030565744137 0.014955134596211365 37.9 3.0 0.9400000000000006
0.8326108702900967 0.007976071784646061 37.455 1.6 0.9500000000000006
0.8231632766477714 0.0029910269192422734 37.03 0.6 0.9600000000000006
0.8118261642769812 9.970089730807576E-4 36.52 0.2 0.9700000000000006
0.7842614204734911 9.970089730807576E-4 35.28 0.2 0.9800000000000006
0.6913415582972102 9.970089730807576E-4 31.1 0.2 0.9900000000000007
0.0 0.0 0.0 0.0
