1.0 1.0 89.97 66.86666666666666 0.0
1.0 0.9950149551345963 89.97 66.53333333333333 0.01
1.0 0.9860418743768694 89.97 65.93333333333334 0.02
1.0 0.9770687936191426 89.97 65.33333333333333 0.03
1.0 0.9730807577268196 89.97 65.06666666666666 0.04
1.0 0.967098703888335 89.97 64.66666666666667 0.05
1.0 0.9601196410767697 89.97 64.2 0.060000000000000005
1.0 0.9601196410767697 89.97 64.2 0.07
1.0 0.959122632103689 89.97 64.13333333333334 0.08
1.0 0.9561316051844466 89.97 63.93333333333333 0.09
1.0 0.9531405782652044 89.97 63.733333333333334 0.09999999999999999
1.0 0.9501495513459621 89.97 63.53333333333333 0.10999999999999999
1.0 0.9481555333998006 89.97 63.4 0.11999999999999998
1.0 0.9481555333998006 89.97 63.4 0.12999999999999998
1.0 0.9471585244267199 89.97 63.333333333333336 0.13999999999999999
1.0 0.9431704885343968 89.97 63.06666666666667 0.15
1.0 0.9401794616151545 89.97 62.86666666666667 0.16
1.0 0.9351944167497508 89.97 62.53333333333333 0.17
1.0 0.9262213359920239 89.97 61.93333333333333 0.18000000000000002
1.0 0.9202392821535393 89.97 61.53333333333333 0.19000000000000003
1.0 0.9132602193419741 89.97 61.06666666666667 0.20000000000000004
1.0 0.9102691924227319 89.97 60.86666666666667 0.21000000000000005
1.0 0.9072781655034895 89.97 60.666666666666664 0.22000000000000006
1.0 0.9032901296111665 89.97 60.4 0.23000000000000007
1.0 0.9002991026919243 89.97 60.2 0.24000000000000007
1.0 0.8993020937188435 89.97 60.13333333333333 0.25000000000000006
1.0 0.8973080757726819 89.97 60.0 0.26000000000000006
1.0 0.8953140578265204 89.97 59.86666666666667 0.2700000000000001
1.0 0.8943170488534397 89.97 59.8 0.2800000000000001
1.0 0.8933200398803589 89.97 59.733333333333334 0.2900000000000001
1.0 0.8913260219341974 89.97 59.6 0.3000000000000001
1.0 0.8913260219341974 89.97 59.6 0.3100000000000001
1.0 0.8903290129611167 89.97 59.53333333333333 0.3200000000000001
1.0 0.8903290129611167 89.97 59.53333333333333 0.3300000000000001
1.0 0.8903290129611167 89.97 59.53333333333333 0.34000000000000014
1.0 0.8883349950149552 89.97 59.4 0.35000000000000014
1.0 0.8873379860418744 89.97 59.333333333333336 0.36000000000000015
1.0 0.8873379860418744 89.97 59.333333333333336 0.37000000000000016
1.0 0.8843469591226321 89.97 59.13333333333333 0.38000000000000017
1.0 0.8793619142572283 89.97 58.8 0.3900000000000002
1.0 0.8753738783649053 89.97 58.53333333333333 0.4000000000000002
1.0 0.872382851445663 89.97 58.333333333333336 0.4100000000000002
1.0 0.8664007976071785 89.97 57.93333333333333 0.4200000000000002
1.0 0.8624127617148555 89.97 57.666666666666664 0.4300000000000002
1.0 0.8564307078763709 89.97 57.266666666666666 0.4400000000000002
1.0 0.8504486540378864 89.97 56.86666666666667 0.45000000000000023
1.0 0.8444666001994018 89.97 56.46666666666667 0.46000000000000024
1.0 0.839481555333998 89.97 56.13333333333333 0.47000000000000025
1.0 0.8374875373878365 89.97 56.0 0.48000000000000026
1.0 0.8334995014955134 89.97 55.733333333333334 0.49000000000000027
1.0 0.8315054835493519 89.97 55.6 0.5000000000000002
1.0 0.8305084745762712 89.97 55.53333333333333 0.5100000000000002
1.0 0.8285144566301097 89.97 55.4 0.5200000000000002
1.0 0.8285144566301097 89.97 55.4 0.5300000000000002
1.0 0.8285144566301097 89.97 55.4 0.5400000000000003
1.0 0.827517447657029 89.97 55.333333333333336 0.5500000000000003
1.0 0.8255234297108675 89.97 55.2 0.5600000000000003
1.0 0.8255234297108675 89.97 55.2 0.5700000000000003
1.0 0.8235294117647058 89.97 55.06666666666667 0.5800000000000003
1.0 0.8215353938185443 89.97 54.93333333333333 0.5900000000000003
1.0 0.8215353938185443 89.97 54.93333333333333 0.6000000000000003
1.0 0.8175473579262214 89.97 54.666666666666664 0.6100000000000003
1.0 0.8135593220338984 89.97 54.4 0.6200000000000003
1.0 0.8085742771684945 89.97 54.06666666666667 0.6300000000000003
1.0 0.8055832502492523 89.97 53.86666666666667 0.6400000000000003
1.0 0.8035892323030908 89.97 53.733333333333334 0.6500000000000004
1.0 0.7966101694915254 89.97 53.266666666666666 0.6600000000000004
1.0 0.7876370887337986 89.97 52.666666666666664 0.6700000000000004
1.0 0.7756729810568295 89.97 51.86666666666667 0.6800000000000004
1.0 0.7617148554336989 89.97 50.93333333333333 0.6900000000000004
1.0 0.7477567298105683 89.97 50.0 0.7000000000000004
1.0 0.7298105682951147 89.97 48.8 0.7100000000000004
1.0 0.707876370887338 89.97 47.333333333333336 0.7200000000000004
1.0 0.6869391824526421 89.97 45.93333333333333 0.7300000000000004
1.0 0.6689930209371885 89.97 44.733333333333334 0.7400000000000004
1.0 0.6470588235294118 89.97 43.266666666666666 0.7500000000000004
1.0 0.6301096709870389 89.97 42.13333333333333 0.7600000000000005
1.0 0.6161515453639083 89.97 41.2 0.7700000000000005
0.999888851839502 0.6011964107676969 89.96 40.2 0.7800000000000005
0.9996665555185061 0.5922233300099701 89.94 39.6 0.7900000000000005
0.9992219628765144 0.5882352941176471 89.9 39.333333333333336 0.8000000000000005
0.998110481271535 0.5862412761714856 89.8 39.2 0.8100000000000005
0.9955540735800823 0.5832502492522432 89.57 39.0 0.8200000000000005
0.9915527398021563 0.5712861415752741 89.21 38.2 0.8300000000000005
0.9841058130487941 0.5583250249252243 88.54 37.333333333333336 0.8400000000000005
0.97243525619651 0.5383848454636092 87.49 36.0 0.8500000000000005
0.952650883627876 0.5024925224327019 85.71 33.6 0.8600000000000005
0.920973657885962 0.4666001994017946 82.86 31.2 0.8700000000000006
0.8827386906746694 0.4137587238285145 79.42 27.666666666666668 0.8800000000000006
0.8324997221295988 0.34995014955134596 74.9 23.4 0.8900000000000006
0.7775925308436146 0.27517447657028915 69.96 18.4 0.9000000000000006
0.7234633766811159 0.18943170488534397 65.09 12.666666666666666 0.9100000000000006
0.6761142603089919 0.11665004985044865 60.83 7.8 0.9200000000000006
0.6415471823941313 0.058823529411764705 57.72 3.933333333333333 0.9300000000000006
0.6122040680226742 0.027916251246261216 55.08 1.8666666666666667 0.9400000000000006
0.5914193620095587 0.011964107676969093 53.21 0.8 0.9500000000000006
0.577192397465822 0.003988035892323031 51.93 0.26666666666666666 0.9600000000000006
0.5581860620206736 0.0019940179461615153 50.22 0.13333333333333333 0.9700000000000006
0.519951094809381 0.0019940179461615153 46.78 0.13333333333333333 0.9800000000000006
0.43092141825052793 9.970089730807576E-4 38.77 0.06666666666666667 0.9900000000000007
0.0 0.0 0.0 0.0
