1.0 1.0 17.994 25.075 0.0
1.0 0.901296111665005 17.994 22.6 0.01
1.0 0.827517447657029 17.994 20.75 0.02
1.0 0.7876370887337986 17.994 19.75 0.03
1.0 0.7547357926221336 17.994 18.925 0.04
1.0 0.7298105682951147 17.994 18.3 0.05
1.0 0.6909272183449651 17.994 17.325 0.060000000000000005
1.0 0.6909272183449651 17.994 17.325 0.07
1.0 0.6739780658025922 17.994 16.9 0.08
1.0 0.6620139581256231 17.994 16.6 0.09
1.0 0.646061814556331 17.994 16.2 0.09999999999999999
1.0 0.6350947158524427 17.994 15.925 0.10999999999999999
1.0 0.6281156530408774 17.994 15.75 0.11999999999999998
1.0 0.6231306081754736 17.994 15.625 0.12999999999999998
1.0 0.6211365902293121 17.994 15.575 0.13999999999999999
1.0 0.6101694915254238 17.994 15.3 0.15
1.0 0.6041874376869392 17.994 15.15 0.16
1.0 0.5922233300099701 17.994 14.85 0.17
1.0 0.5672981056829511 17.994 14.225 0.18000000000000002
1.0 0.5533399800598205 17.994 13.875 0.19000000000000003
1.0 0.5373878364905285 17.994 13.475 0.20000000000000004
1.0 0.5254237288135594 17.994 13.175 0.21000000000000005
1.0 0.514456630109671 17.994 12.9 0.22000000000000006
1.0 0.5104685942173479 17.994 12.8 0.23000000000000007
1.0 0.5024925224327019 17.994 12.6 0.24000000000000007
1.0 0.4995014955134596 17.994 12.525 0.25000000000000006
1.0 0.49750747756729813 17.994 12.475 0.26000000000000006
1.0 0.4965104685942173 17.994 12.45 0.2700000000000001
1.0 0.4955134596211366 17.994 12.425 0.2800000000000001
1.0 0.4945164506480558 17.994 12.4 0.2900000000000001
1.0 0.4945164506480558 17.994 12.4 0.3000000000000001
0.999888851839502 0.49252243270189433 17.992 12.35 0.3100000000000001
0.999888851839502 0.4915254237288136 17.992 12.325 0.3200000000000001
0.999888851839502 0.4905284147557328 17.992 12.3 0.3300000000000001
0.999888851839502 0.48454636091724823 17.992 12.15 0.34000000000000014
0.999888851839502 0.48255234297108673 17.992 12.1 0.35000000000000014
0.999888851839502 0.4765702891326022 17.992 11.95 0.36000000000000015
0.999888851839502 0.46859421734795614 17.992 11.75 0.37000000000000016
0.999888851839502 0.45663010967098705 17.992 11.45 0.38000000000000017
0.999888851839502 0.4506480558325025 17.992 11.3 0.3900000000000002
0.999888851839502 0.43968095712861416 17.992 11.025 0.4000000000000002
0.999888851839502 0.4247258225324028 17.992 10.65 0.4100000000000002
0.999888851839502 0.4087736789631107 17.992 10.25 0.4200000000000002
0.999888851839502 0.39282153539381853 17.992 9.85 0.4300000000000002
0.999888851839502 0.37587238285144564 17.992 9.425 0.4400000000000002
0.999888851839502 0.36889332003988035 17.992 9.25 0.45000000000000023
0.999888851839502 0.357926221335992 17.992 8.975 0.46000000000000024
0.999888851839502 0.3439680957128614 17.992 8.625 0.47000000000000025
0.999888851839502 0.3320039880358923 17.992 8.325 0.48000000000000026
0.999888851839502 0.3300099700897308 17.992 8.275 0.49000000000000027
0.999888851839502 0.3270189431704885 17.992 8.2 0.5000000000000002
0.999888851839502 0.3220338983050847 17.992 8.075 0.5100000000000002
0.999888851839502 0.32103688933200397 17.992 8.05 0.5200000000000002
0.999888851839502 0.3190428713858425 17.992 8.0 0.5300000000000002
0.999888851839502 0.317048853439681 17.992 7.95 0.5400000000000003
0.999888851839502 0.3160518444666002 17.992 7.925 0.5500000000000003
0.999888851839502 0.3160518444666002 17.992 7.925 0.5600000000000003
0.999888851839502 0.3140578265204387 17.992 7.875 0.5700000000000003
0.999888851839502 0.31306081754735793 17.992 7.85 0.5800000000000003
0.9997777036790041 0.3120638085742772 17.99 7.825 0.5900000000000003
0.9997777036790041 0.31106679960119643 17.99 7.8 0.6000000000000003
0.9997777036790041 0.31106679960119643 17.99 7.8 0.6100000000000003
0.9997777036790041 0.3090727816550349 17.99 7.75 0.6200000000000003
0.9997777036790041 0.3070787637088734 17.99 7.7 0.6300000000000003
0.9997777036790041 0.3040877367896311 17.99 7.625 0.6400000000000003
0.9997777036790041 0.3000997008973081 17.99 7.525 0.6500000000000004
0.9997777036790041 0.29611166500498504 17.99 7.425 0.6600000000000004
0.9997777036790041 0.28614157527417744 17.99 7.175 0.6700000000000004
0.9997777036790041 0.27517447657028915 17.99 6.9 0.6800000000000004
0.9997777036790041 0.26321036889332006 17.99 6.6 0.6900000000000004
0.9997777036790041 0.2502492522432702 17.99 6.275 0.7000000000000004
0.9997777036790041 0.23230309072781655 17.99 5.825 0.7100000000000004
0.9997777036790041 0.2123629112662014 17.99 5.325 0.7200000000000004
0.9997777036790041 0.193419740777667 17.99 4.85 0.7300000000000004
0.9997777036790041 0.17647058823529413 17.99 4.425 0.7400000000000004
0.9997777036790041 0.16051844466600199 17.99 4.025 0.7500000000000004
0.9997777036790041 0.1465603190428714 17.99 3.675 0.7600000000000005
0.9997777036790041 0.13260219341974078 17.99 3.325 0.7700000000000005
0.9997777036790041 0.1296111665004985 17.99 3.25 0.7800000000000005
0.9997777036790041 0.11964107676969092 17.99 3.0 0.7900000000000005
0.9997777036790041 0.11166500498504486 17.99 2.8 0.8000000000000005
0.9995554073580082 0.10767696909272183 17.986 2.7 0.8100000000000005
0.9994442591975102 0.10568295114656032 17.984 2.65 0.8200000000000005
0.9992219628765144 0.09870388833499502 17.98 2.475 0.8300000000000005
0.9988885183950206 0.09571286141575275 17.974 2.4 0.8400000000000005
0.9977770367900411 0.09172482552342971 17.954 2.3 0.8500000000000005
0.9969989996665555 0.08374875373878365 17.94 2.1 0.8600000000000005
0.9947760364565966 0.07577268195413758 17.9 1.9 0.8700000000000006
0.9924419250861398 0.06380857427716849 17.858 1.6 0.8800000000000006
0.9892186284316995 0.05982053838484546 17.8 1.5 0.8900000000000006
0.9853284428142715 0.0518444666001994 17.73 1.3 0.9000000000000006
0.9795487384683783 0.036889332003988036 17.626 0.925 0.9100000000000006
0.9765477381349339 0.015952143569292122 17.572 0.4 0.9200000000000006
0.9732132933199955 0.009970089730807577 17.512 0.25 0.9300000000000006
0.9714349227520285 0.004985044865403789 17.48 0.125 0.9400000000000006
0.9691008113815717 0.0029910269192422734 17.438 0.075 0.9500000000000006
0.9669889963321107 0.0 17.4 0.0 0.9600000000000006
0.9639879959986662 0.0 17.346 0.0 0.9700000000000006
0.9557630321218183 0.0 17.198 0.0 0.9800000000000006
0.9193064354784928 0.0 16.542 0.0 0.9900000000000007
0.0 0.0 0.0 0.0
