1.0 1.0 12.852857142857143 66.86666666666666 0.0
1.0 0.7218344965104686 12.852857142857143 48.266666666666666 0.01
1.0 0.5882352941176471 12.852857142857143 39.333333333333336 0.02
1.0 0.5333998005982054 12.852857142857143 35.666666666666664 0.03
1.0 0.5074775672981057 12.852857142857143 33.93333333333333 0.04
1.0 0.4675972083748754 12.852857142857143 31.266666666666666 0.05
1.0 0.43270189431704886 12.852857142857143 28.933333333333334 0.060000000000000005
1.0 0.43270189431704886 12.852857142857143 28.933333333333334 0.07
1.0 0.4217347956131605 12.852857142857143 28.2 0.08
1.0 0.4047856430707876 12.852857142857143 27.066666666666666 0.09
1.0 0.39581256231306083 12.852857142857143 26.466666666666665 0.09999999999999999
1.0 0.38783649052841473 12.852857142857143 25.933333333333334 0.10999999999999999
1.0 0.382851445663011 12.852857142857143 25.6 0.11999999999999998
1.0 0.37886340977068794 12.852857142857143 25.333333333333332 0.12999999999999998
1.0 0.37387836490528414 12.852857142857143 25.0 0.13999999999999999
1.0 0.36689930209371885 12.852857142857143 24.533333333333335 0.15
1.0 0.35294117647058826 12.852857142857143 23.6 0.16
1.0 0.34496510468594216 12.852857142857143 23.066666666666666 0.17
1.0 0.32801595214356927 12.852857142857143 21.933333333333334 0.18000000000000002
1.0 0.3180458624127617 12.852857142857143 21.266666666666666 0.19000000000000003
1.0 0.31106679960119643 12.852857142857143 20.8 0.20000000000000004
1.0 0.30309072781655033 12.852857142857143 20.266666666666666 0.21000000000000005
1.0 0.292123629112662 12.852857142857143 19.533333333333335 0.22000000000000006
1.0 0.28614157527417744 12.852857142857143 19.133333333333333 0.23000000000000007
1.0 0.2781655034895314 12.852857142857143 18.6 0.24000000000000007
1.0 0.2711864406779661 12.852857142857143 18.133333333333333 0.25000000000000006
1.0 0.26819541375872386 12.852857142857143 17.933333333333334 0.26000000000000006
1.0 0.26719840478564305 12.852857142857143 17.866666666666667 0.2700000000000001
1.0 0.26520438683948155 12.852857142857143 17.733333333333334 0.2800000000000001
1.0 0.2622133599202393 12.852857142857143 17.533333333333335 0.2900000000000001
1.0 0.2572283150548355 12.852857142857143 17.2 0.3000000000000001
1.0 0.25324027916251246 12.852857142857143 16.933333333333334 0.3100000000000001
1.0 0.2522432701894317 12.852857142857143 16.866666666666667 0.3200000000000001
1.0 0.24925224327018944 12.852857142857143 16.666666666666668 0.3300000000000001
1.0 0.2452642073778664 12.852857142857143 16.4 0.34000000000000014
1.0 0.24127617148554337 12.852857142857143 16.133333333333333 0.35000000000000014
1.0 0.24027916251246262 12.852857142857143 16.066666666666666 0.36000000000000015
1.0 0.2333000997008973 12.852857142857143 15.6 0.37000000000000016
1.0 0.226321036889332 12.852857142857143 15.133333333333333 0.38000000000000017
1.0 0.2213359920239282 12.852857142857143 14.8 0.3900000000000002
1.0 0.21635094715852443 12.852857142857143 14.466666666666667 0.4000000000000002
1.0 0.21136590229312063 12.852857142857143 14.133333333333333 0.4100000000000002
1.0 0.2053838484546361 12.852857142857143 13.733333333333333 0.4200000000000002
1.0 0.19541375872382852 12.852857142857143 13.066666666666666 0.4300000000000002
1.0 0.18743768693918245 12.852857142857143 12.533333333333333 0.4400000000000002
1.0 0.17547357926221335 12.852857142857143 11.733333333333333 0.45000000000000023
1.0 0.1694915254237288 12.852857142857143 11.333333333333334 0.46000000000000024
1.0 0.16051844466600199 12.852857142857143 10.733333333333333 0.47000000000000025
1.0 0.1535393818544367 12.852857142857143 10.266666666666667 0.48000000000000026
1.0 0.1485543369890329 12.852857142857143 9.933333333333334 0.49000000000000027
1.0 0.14257228315054835 12.852857142857143 9.533333333333333 0.5000000000000002
1.0 0.1365902293120638 12.852857142857143 9.133333333333333 0.5100000000000002
1.0 0.1345962113659023 12.852857142857143 9.0 0.5200000000000002
1.0 0.13160518444666003 12.852857142857143 8.8 0.5300000000000002
1.0 0.12861415752741776 12.852857142857143 8.6 0.5400000000000003
1.0 0.12861415752741776 12.852857142857143 8.6 0.5500000000000003
1.0 0.12662013958125623 12.852857142857143 8.466666666666667 0.5600000000000003
1.0 0.12562313060817548 12.852857142857143 8.4 0.5700000000000003
1.0 0.12163509471585245 12.852857142857143 8.133333333333333 0.5800000000000003
1.0 0.12163509471585245 12.852857142857143 8.133333333333333 0.5900000000000003
1.0 0.12063808574277168 12.852857142857143 8.066666666666666 0.6000000000000003
1.0 0.11864406779661017 12.852857142857143 7.933333333333334 0.6100000000000003
1.0 0.11465603190428714 12.852857142857143 7.666666666666667 0.6200000000000003
1.0 0.11266201395812563 12.852857142857143 7.533333333333333 0.6300000000000003
1.0 0.1106679960119641 12.852857142857143 7.4 0.6400000000000003
1.0 0.10667996011964108 12.852857142857143 7.133333333333334 0.6500000000000004
1.0 0.1036889332003988 12.852857142857143 6.933333333333334 0.6600000000000004
1.0 0.09970089730807577 12.852857142857143 6.666666666666667 0.6700000000000004
1.0 0.09471585244267199 12.852857142857143 6.333333333333333 0.6800000000000004
1.0 0.09172482552342971 12.852857142857143 6.133333333333334 0.6900000000000004
1.0 0.08873379860418744 12.852857142857143 5.933333333333334 0.7000000000000004
1.0 0.08275174476570289 12.852857142857143 5.533333333333333 0.7100000000000004
1.0 0.07676969092721835 12.852857142857143 5.133333333333334 0.7200000000000004
1.0 0.06879361914257229 12.852857142857143 4.6 0.7300000000000004
1.0 0.06380857427716849 12.852857142857143 4.266666666666667 0.7400000000000004
1.0 0.058823529411764705 12.852857142857143 3.933333333333333 0.7500000000000004
1.0 0.05284147557328016 12.852857142857143 3.533333333333333 0.7600000000000005
1.0 0.047856430707876374 12.852857142857143 3.2 0.7700000000000005
1.0 0.0448654037886341 12.852857142857143 3.0 0.7800000000000005
1.0 0.04386839481555334 12.852857142857143 2.933333333333333 0.7900000000000005
1.0 0.04287138584247258 12.852857142857143 2.8666666666666667 0.8000000000000005
1.0 0.03988035892323031 12.852857142857143 2.6666666666666665 0.8100000000000005
0.999888851839502 0.03788634097706879 12.851428571428572 2.533333333333333 0.8200000000000005
0.9997777036790041 0.03389830508474576 12.85 2.2666666666666666 0.8300000000000005
0.9997777036790041 0.03389830508474576 12.85 2.2666666666666666 0.8400000000000005
0.9996665555185061 0.03090727816550349 12.848571428571429 2.066666666666667 0.8500000000000005
0.9994442591975102 0.026919242273180457 12.845714285714285 1.8 0.8600000000000005
0.9994442591975102 0.023928215353938187 12.845714285714285 1.6 0.8700000000000006
0.9992219628765144 0.02193419740777667 12.842857142857143 1.4666666666666666 0.8800000000000006
0.9985550739135267 0.015952143569292122 12.834285714285715 1.0666666666666667 0.8900000000000006
0.9983327775925308 0.011964107676969093 12.831428571428571 0.8 0.9000000000000006
0.9976658886295432 0.007976071784646061 12.822857142857142 0.5333333333333333 0.9100000000000006
0.9972212959875514 0.003988035892323031 12.817142857142857 0.26666666666666666 0.9200000000000006
0.9964432588640658 0.003988035892323031 12.807142857142857 0.26666666666666666 0.9300000000000006
0.9954429254195843 0.0029910269192422734 12.794285714285714 0.2 0.9400000000000006
0.9949983327775925 0.0019940179461615153 12.788571428571428 0.13333333333333333 0.9500000000000006
0.9945537401356007 0.0 12.782857142857143 0.0 0.9600000000000006
0.9935534066911192 0.0 12.77 0.0 0.9700000000000006
0.9909969989996665 0.0 12.737142857142857 0.0 0.9800000000000006
0.9826608869623208 0.0 12.63 0.0 0.9900000000000007
0.0 0.0 0.0 0.0
