1.0 1.0 12.852857142857143 200.6 0.0
1.0 0.7098703888334995 12.852857142857143 142.4 0.01
1.0 0.5653040877367896 12.852857142857143 113.4 0.02
1.0 0.514456630109671 12.852857142857143 103.2 0.03
1.0 0.47357926221335994 12.852857142857143 95.0 0.04
1.0 0.4406779661016949 12.852857142857143 88.4 0.05
1.0 0.39780658025922233 12.852857142857143 79.8 0.060000000000000005
1.0 0.39780658025922233 12.852857142857143 79.8 0.07
1.0 0.38085742771684944 12.852857142857143 76.4 0.08
1.0 0.36390827517447655 12.852857142857143 73.0 0.09
1.0 0.35194416749750745 12.852857142857143 70.6 0.09999999999999999
1.0 0.3439680957128614 12.852857142857143 69.0 0.10999999999999999
1.0 0.3389830508474576 12.852857142857143 68.0 0.11999999999999998
1.0 0.3320039880358923 12.852857142857143 66.6 0.12999999999999998
1.0 0.3230309072781655 12.852857142857143 64.8 0.13999999999999999
1.0 0.3090727816550349 12.852857142857143 62.0 0.15
1.0 0.29611166500498504 12.852857142857143 59.4 0.16
1.0 0.2811565304087737 12.852857142857143 56.4 0.17
1.0 0.25822532402791626 12.852857142857143 51.8 0.18000000000000002
1.0 0.25124626121635096 12.852857142857143 50.4 0.19000000000000003
1.0 0.24227318045862412 12.852857142857143 48.6 0.20000000000000004
1.0 0.23030907278165502 12.852857142857143 46.2 0.21000000000000005
1.0 0.22233300099700898 12.852857142857143 44.6 0.22000000000000006
1.0 0.21635094715852443 12.852857142857143 43.4 0.23000000000000007
1.0 0.20638085742771686 12.852857142857143 41.4 0.24000000000000007
1.0 0.20039880358923232 12.852857142857143 40.2 0.25000000000000006
1.0 0.19641076769690927 12.852857142857143 39.4 0.26000000000000006
1.0 0.193419740777667 12.852857142857143 38.8 0.2700000000000001
1.0 0.19242273180458624 12.852857142857143 38.6 0.2800000000000001
1.0 0.19042871385842472 12.852857142857143 38.2 0.2900000000000001
1.0 0.18843469591226322 12.852857142857143 37.8 0.3000000000000001
1.0 0.1864406779661017 12.852857142857143 37.4 0.3100000000000001
1.0 0.1864406779661017 12.852857142857143 37.4 0.3200000000000001
1.0 0.18444666001994017 12.852857142857143 37.0 0.3300000000000001
1.0 0.18245264207377868 12.852857142857143 36.6 0.34000000000000014
1.0 0.1814556331006979 12.852857142857143 36.4 0.35000000000000014
1.0 0.1794616151545364 12.852857142857143 36.0 0.36000000000000015
1.0 0.17547357926221335 12.852857142857143 35.2 0.37000000000000016
1.0 0.17048853439680958 12.852857142857143 34.2 0.38000000000000017
1.0 0.16350947158524426 12.852857142857143 32.8 0.3900000000000002
1.0 0.1575274177467597 12.852857142857143 31.6 0.4000000000000002
1.0 0.1485543369890329 12.852857142857143 29.8 0.4100000000000002
1.0 0.14356929212362912 12.852857142857143 28.8 0.4200000000000002
1.0 0.1365902293120638 12.852857142857143 27.4 0.4300000000000002
1.0 0.13160518444666003 12.852857142857143 26.4 0.4400000000000002
1.0 0.12761714855433698 12.852857142857143 25.6 0.45000000000000023
1.0 0.11964107676969092 12.852857142857143 24.0 0.46000000000000024
1.0 0.1156530408773679 12.852857142857143 23.2 0.47000000000000025
1.0 0.11266201395812563 12.852857142857143 22.6 0.48000000000000026
1.0 0.11166500498504486 12.852857142857143 22.4 0.49000000000000027
1.0 0.10967098703888335 12.852857142857143 22.0 0.5000000000000002
1.0 0.10568295114656032 12.852857142857143 21.2 0.5100000000000002
1.0 0.1036889332003988 12.852857142857143 20.8 0.5200000000000002
1.0 0.10269192422731804 12.852857142857143 20.6 0.5300000000000002
1.0 0.10269192422731804 12.852857142857143 20.6 0.5400000000000003
1.0 0.1016949152542373 12.852857142857143 20.4 0.5500000000000003
1.0 0.1016949152542373 12.852857142857143 20.4 0.5600000000000003
1.0 0.1016949152542373 12.852857142857143 20.4 0.5700000000000003
1.0 0.09970089730807577 12.852857142857143 20.0 0.5800000000000003
1.0 0.09870388833499502 12.852857142857143 19.8 0.5900000000000003
1.0 0.09870388833499502 12.852857142857143 19.8 0.6000000000000003
1.0 0.09770687936191426 12.852857142857143 19.6 0.6100000000000003
1.0 0.09770687936191426 12.852857142857143 19.6 0.6200000000000003
1.0 0.0967098703888335 12.852857142857143 19.4 0.6300000000000003
1.0 0.09571286141575275 12.852857142857143 19.2 0.6400000000000003
1.0 0.09272183449651047 12.852857142857143 18.6 0.6500000000000004
1.0 0.0897308075772682 12.852857142857143 18.0 0.6600000000000004
1.0 0.08773678963110668 12.852857142857143 17.6 0.6700000000000004
1.0 0.0847457627118644 12.852857142857143 17.0 0.6800000000000004
1.0 0.08075772681954138 12.852857142857143 16.2 0.6900000000000004
1.0 0.07477567298105683 12.852857142857143 15.0 0.7000000000000004
1.0 0.0707876370887338 12.852857142857143 14.2 0.7100000000000004
1.0 0.06779661016949153 12.852857142857143 13.6 0.7200000000000004
1.0 0.06181455633100698 12.852857142857143 12.4 0.7300000000000004
1.0 0.05084745762711865 12.852857142857143 10.2 0.7400000000000004
1.0 0.04287138584247258 12.852857142857143 8.6 0.7500000000000004
1.0 0.03589232303090728 12.852857142857143 7.2 0.7600000000000005
1.0 0.03290129611166501 12.852857142857143 6.6 0.7700000000000005
1.0 0.028913260219341975 12.852857142857143 5.8 0.7800000000000005
1.0 0.0259222333000997 12.852857142857143 5.2 0.7900000000000005
1.0 0.024925224327018942 12.852857142857143 5.0 0.8000000000000005
1.0 0.022931206380857428 12.852857142857143 4.6 0.8100000000000005
1.0 0.022931206380857428 12.852857142857143 4.6 0.8200000000000005
0.999888851839502 0.02193419740777667 12.851428571428572 4.4 0.8300000000000005
0.999888851839502 0.020937188434695914 12.851428571428572 4.2 0.8400000000000005
0.999888851839502 0.019940179461615155 12.851428571428572 4.0 0.8500000000000005
0.9997777036790041 0.01694915254237288 12.85 3.4 0.8600000000000005
0.9994442591975102 0.015952143569292122 12.845714285714285 3.2 0.8700000000000006
0.9988885183950206 0.014955134596211365 12.838571428571429 3.0 0.8800000000000006
0.9986662220740247 0.01296111665004985 12.835714285714285 2.6 0.8900000000000006
0.9984439257530288 0.011964107676969093 12.832857142857144 2.4 0.9000000000000006
0.9978881849505391 0.007976071784646061 12.825714285714286 1.6 0.9100000000000006
0.9977770367900411 0.003988035892323031 12.824285714285715 0.8 0.9200000000000006
0.9975547404690452 0.0029910269192422734 12.821428571428571 0.6 0.9300000000000006
0.9969989996665555 9.970089730807576E-4 12.814285714285715 0.2 0.9400000000000006
0.9967767033455597 0.0 12.811428571428571 0.0 0.9500000000000006
0.9962209625430699 0.0 12.804285714285715 0.0 0.9600000000000006
0.995887518061576 0.0 12.8 0.0 0.9700000000000006
0.994109147493609 0.0 12.777142857142858 0.0 0.9800000000000006
0.9868845170612426 0.0 12.684285714285714 0.0 0.9900000000000007
0.0 0.0 0.0 0.0
