1.0 1.0 8.997 28.65714285714286 0.0
0.9996665555185061 0.5204386839481555 8.994 14.914285714285715 0.01
0.9995554073580082 0.34297108673978066 8.993 9.82857142857143 0.02
0.9995554073580082 0.29910269192422734 8.993 8.571428571428571 0.03
0.9995554073580082 0.26520438683948155 8.993 7.6 0.04
0.9995554073580082 0.24127617148554337 8.993 6.914285714285715 0.05
0.9994442591975102 0.2053838484546361 8.992 5.885714285714286 0.060000000000000005
0.9994442591975102 0.2053838484546361 8.992 5.885714285714286 0.07
0.9993331110370124 0.18943170488534397 8.991 5.428571428571429 0.08
0.9993331110370124 0.1744765702891326 8.991 5.0 0.09
0.9993331110370124 0.16151545363908276 8.991 4.628571428571429 0.09999999999999999
0.9993331110370124 0.1575274177467597 8.991 4.514285714285714 0.10999999999999999
0.9993331110370124 0.15154536390827517 8.991 4.3428571428571425 0.11999999999999998
0.9993331110370124 0.1485543369890329 8.991 4.257142857142857 0.12999999999999998
0.9993331110370124 0.1415752741774676 8.991 4.057142857142857 0.13999999999999999
0.9993331110370124 0.13758723828514458 8.991 3.942857142857143 0.15
0.9992219628765144 0.13260219341974078 8.99 3.8 0.16
0.9992219628765144 0.13060817547357925 8.99 3.742857142857143 0.17
0.9992219628765144 0.11266201395812563 8.99 3.2285714285714286 0.18000000000000002
0.9992219628765144 0.10767696909272183 8.99 3.085714285714286 0.19000000000000003
0.9992219628765144 0.1016949152542373 8.99 2.914285714285714 0.20000000000000004
0.9992219628765144 0.09870388833499502 8.99 2.8285714285714287 0.21000000000000005
0.9992219628765144 0.09471585244267199 8.99 2.7142857142857144 0.22000000000000006
0.9992219628765144 0.0897308075772682 8.99 2.5714285714285716 0.23000000000000007
0.9992219628765144 0.08773678963110668 8.99 2.5142857142857142 0.24000000000000007
0.9992219628765144 0.08574277168494517 8.99 2.4571428571428573 0.25000000000000006
0.9992219628765144 0.08374875373878365 8.99 2.4 0.26000000000000006
0.9992219628765144 0.08374875373878365 8.99 2.4 0.2700000000000001
0.9992219628765144 0.07976071784646062 8.99 2.2857142857142856 0.2800000000000001
0.9992219628765144 0.07876370887337986 8.99 2.257142857142857 0.2900000000000001
0.9992219628765144 0.07776669990029911 8.99 2.2285714285714286 0.3000000000000001
0.9992219628765144 0.07776669990029911 8.99 2.2285714285714286 0.3100000000000001
0.9992219628765144 0.07776669990029911 8.99 2.2285714285714286 0.3200000000000001
0.9992219628765144 0.07577268195413758 8.99 2.1714285714285713 0.3300000000000001
0.9992219628765144 0.07278165503489531 8.99 2.085714285714286 0.34000000000000014
0.9992219628765144 0.07278165503489531 8.99 2.085714285714286 0.35000000000000014
0.9992219628765144 0.06879361914257229 8.99 1.9714285714285715 0.36000000000000015
0.9992219628765144 0.06679960119641076 8.99 1.9142857142857144 0.37000000000000016
0.9992219628765144 0.06580259222333001 8.99 1.8857142857142857 0.38000000000000017
0.9992219628765144 0.06380857427716849 8.99 1.8285714285714285 0.3900000000000002
0.9992219628765144 0.06181455633100698 8.99 1.7714285714285714 0.4000000000000002
0.9992219628765144 0.05782652043868395 8.99 1.6571428571428573 0.4100000000000002
0.9992219628765144 0.05284147557328016 8.99 1.5142857142857142 0.4200000000000002
0.9992219628765144 0.05084745762711865 8.99 1.457142857142857 0.4300000000000002
0.9992219628765144 0.045862412761714856 8.99 1.3142857142857143 0.4400000000000002
0.9992219628765144 0.04187437686939183 8.99 1.2 0.45000000000000023
0.9992219628765144 0.038883349950149554 8.99 1.1142857142857143 0.46000000000000024
0.9992219628765144 0.036889332003988036 8.99 1.0571428571428572 0.47000000000000025
0.9992219628765144 0.03589232303090728 8.99 1.0285714285714285 0.48000000000000026
0.9991108147160165 0.03489531405782652 8.989 1.0 0.49000000000000027
0.9991108147160165 0.031904287138584245 8.989 0.9142857142857143 0.5000000000000002
0.9991108147160165 0.02991026919242273 8.989 0.8571428571428571 0.5100000000000002
0.9991108147160165 0.02991026919242273 8.989 0.8571428571428571 0.5200000000000002
0.9991108147160165 0.02991026919242273 8.989 0.8571428571428571 0.5300000000000002
0.9991108147160165 0.028913260219341975 8.989 0.8285714285714286 0.5400000000000003
0.9991108147160165 0.027916251246261216 8.989 0.8 0.5500000000000003
0.9991108147160165 0.027916251246261216 8.989 0.8 0.5600000000000003
0.9991108147160165 0.027916251246261216 8.989 0.8 0.5700000000000003
0.9991108147160165 0.026919242273180457 8.989 0.7714285714285715 0.5800000000000003
0.9991108147160165 0.026919242273180457 8.989 0.7714285714285715 0.5900000000000003
0.9991108147160165 0.0259222333000997 8.989 0.7428571428571429 0.6000000000000003
0.9991108147160165 0.023928215353938187 8.989 0.6857142857142857 0.6100000000000003
0.9991108147160165 0.023928215353938187 8.989 0.6857142857142857 0.6200000000000003
0.9991108147160165 0.022931206380857428 8.989 0.6571428571428571 0.6300000000000003
0.9991108147160165 0.02193419740777667 8.989 0.6285714285714286 0.6400000000000003
0.9991108147160165 0.02193419740777667 8.989 0.6285714285714286 0.6500000000000004
0.9989996665555185 0.018943170488534396 8.988 0.5428571428571428 0.6600000000000004
0.9989996665555185 0.018943170488534396 8.988 0.5428571428571428 0.6700000000000004
0.9989996665555185 0.01794616151545364 8.988 0.5142857142857142 0.6800000000000004
0.9989996665555185 0.01794616151545364 8.988 0.5142857142857142 0.6900000000000004
0.9989996665555185 0.01694915254237288 8.988 0.4857142857142857 0.7000000000000004
0.9989996665555185 0.01694915254237288 8.988 0.4857142857142857 0.7100000000000004
0.9989996665555185 0.011964107676969093 8.988 0.34285714285714286 0.7200000000000004
0.9989996665555185 0.010967098703888335 8.988 0.3142857142857143 0.7300000000000004
0.9989996665555185 0.010967098703888335 8.988 0.3142857142857143 0.7400000000000004
0.9989996665555185 0.007976071784646061 8.988 0.22857142857142856 0.7500000000000004
0.9989996665555185 0.006979062811565304 8.988 0.2 0.7600000000000005
0.9989996665555185 0.005982053838484547 8.988 0.17142857142857143 0.7700000000000005
0.9989996665555185 0.003988035892323031 8.988 0.11428571428571428 0.7800000000000005
0.9988885183950206 0.0029910269192422734 8.987 0.08571428571428572 0.7900000000000005
0.9988885183950206 0.0019940179461615153 8.987 0.05714285714285714 0.8000000000000005
0.9987773702345226 0.0 8.986 0.0 0.8100000000000005
0.9986662220740247 0.0 8.985 0.0 0.8200000000000005
0.9986662220740247 0.0 8.985 0.0 0.8300000000000005
0.9986662220740247 0.0 8.985 0.0 0.8400000000000005
0.9986662220740247 0.0 8.985 0.0 0.8500000000000005
0.9986662220740247 0.0 8.985 0.0 0.8600000000000005
0.9986662220740247 0.0 8.985 0.0 0.8700000000000006
0.9986662220740247 0.0 8.985 0.0 0.8800000000000006
0.9986662220740247 0.0 8.985 0.0 0.8900000000000006
0.9986662220740247 0.0 8.985 0.0 0.9000000000000006
0.9986662220740247 0.0 8.985 0.0 0.9100000000000006
0.9986662220740247 0.0 8.985 0.0 0.9200000000000006
0.9986662220740247 0.0 8.985 0.0 0.9300000000000006
0.9986662220740247 0.0 8.985 0.0 0.9400000000000006
0.9985550739135267 0.0 8.984 0.0 0.9500000000000006
0.9984439257530288 0.0 8.983 0.0 0.9600000000000006
0.9983327775925308 0.0 8.982 0.0 0.9700000000000006
0.998110481271535 0.0 8.98 0.0 0.9800000000000006
0.9971101478270534 0.0 8.971 0.0 0.9900000000000007
0.0 0.0 0.0 0.0
