1.0 1.0 89.97 6.6866666666666665 0.0
1.0 1.0 89.97 6.6866666666666665 0.01
1.0 0.9970089730807578 89.97 6.666666666666667 0.02
1.0 0.9940179461615155 89.97 6.6466666666666665 0.03
1.0 0.9920239282153539 89.97 6.633333333333334 0.04
1.0 0.9910269192422732 89.97 6.626666666666667 0.05
1.0 0.9810568295114656 89.97 6.56 0.060000000000000005
1.0 0.9810568295114656 89.97 6.56 0.07
1.0 0.9790628115653041 89.97 6.546666666666667 0.08
1.0 0.9740777666999003 89.97 6.513333333333334 0.09
1.0 0.9700897308075773 89.97 6.486666666666666 0.09999999999999999
1.0 0.9690927218344965 89.97 6.48 0.10999999999999999
1.0 0.9690927218344965 89.97 6.48 0.11999999999999998
1.0 0.9680957128614157 89.97 6.473333333333334 0.12999999999999998
1.0 0.9651046859421735 89.97 6.453333333333333 0.13999999999999999
1.0 0.9641076769690927 89.97 6.446666666666666 0.15
1.0 0.9611166500498505 89.97 6.426666666666667 0.16
1.0 0.9571286141575274 89.97 6.4 0.17
1.0 0.9511465603190429 89.97 6.36 0.18000000000000002
1.0 0.9471585244267199 89.97 6.333333333333333 0.19000000000000003
1.0 0.942173479561316 89.97 6.3 0.20000000000000004
1.0 0.9411764705882353 89.97 6.293333333333333 0.21000000000000005
1.0 0.9401794616151545 89.97 6.286666666666667 0.22000000000000006
1.0 0.9401794616151545 89.97 6.286666666666667 0.23000000000000007
1.0 0.9401794616151545 89.97 6.286666666666667 0.24000000000000007
1.0 0.9391824526420738 89.97 6.28 0.25000000000000006
1.0 0.9391824526420738 89.97 6.28 0.26000000000000006
1.0 0.9391824526420738 89.97 6.28 0.2700000000000001
1.0 0.938185443668993 89.97 6.273333333333333 0.2800000000000001
1.0 0.938185443668993 89.97 6.273333333333333 0.2900000000000001
1.0 0.938185443668993 89.97 6.273333333333333 0.3000000000000001
1.0 0.938185443668993 89.97 6.273333333333333 0.3100000000000001
1.0 0.938185443668993 89.97 6.273333333333333 0.3200000000000001
1.0 0.938185443668993 89.97 6.273333333333333 0.3300000000000001
1.0 0.9361914257228315 89.97 6.26 0.34000000000000014
1.0 0.9361914257228315 89.97 6.26 0.35000000000000014
1.0 0.9361914257228315 89.97 6.26 0.36000000000000015
1.0 0.93419740777667 89.97 6.246666666666667 0.37000000000000016
1.0 0.9332003988035892 89.97 6.24 0.38000000000000017
1.0 0.9292123629112662 89.97 6.213333333333333 0.3900000000000002
1.0 0.9252243270189432 89.97 6.1866666666666665 0.4000000000000002
1.0 0.9202392821535393 89.97 6.153333333333333 0.4100000000000002
1.0 0.9162512462612163 89.97 6.126666666666667 0.4200000000000002
1.0 0.9112662013958126 89.97 6.093333333333334 0.4300000000000002
1.0 0.9082751744765702 89.97 6.073333333333333 0.4400000000000002
1.0 0.8993020937188435 89.97 6.013333333333334 0.45000000000000023
1.0 0.8933200398803589 89.97 5.973333333333334 0.46000000000000024
1.0 0.8893320039880359 89.97 5.946666666666666 0.47000000000000025
1.0 0.8883349950149552 89.97 5.94 0.48000000000000026
1.0 0.8873379860418744 89.97 5.933333333333334 0.49000000000000027
1.0 0.8823529411764706 89.97 5.9 0.5000000000000002
1.0 0.8803589232303091 89.97 5.886666666666667 0.5100000000000002
1.0 0.8783649052841476 89.97 5.873333333333333 0.5200000000000002
1.0 0.8763708873379861 89.97 5.86 0.5300000000000002
1.0 0.8753738783649053 89.97 5.8533333333333335 0.5400000000000003
1.0 0.8703888334995015 89.97 5.82 0.5500000000000003
1.0 0.8673978065802592 89.97 5.8 0.5600000000000003
1.0 0.8664007976071785 89.97 5.793333333333333 0.5700000000000003
1.0 0.8654037886340977 89.97 5.786666666666667 0.5800000000000003
1.0 0.864406779661017 89.97 5.78 0.5900000000000003
1.0 0.864406779661017 89.97 5.78 0.6000000000000003
1.0 0.8614157527417746 89.97 5.76 0.6100000000000003
1.0 0.8564307078763709 89.97 5.726666666666667 0.6200000000000003
1.0 0.8554336989032901 89.97 5.72 0.6300000000000003
1.0 0.8504486540378864 89.97 5.6866666666666665 0.6400000000000003
1.0 0.8484546360917248 89.97 5.673333333333333 0.6500000000000004
1.0 0.8414755732801595 89.97 5.626666666666667 0.6600000000000004
1.0 0.8325024925224327 89.97 5.566666666666666 0.6700000000000004
1.0 0.8235294117647058 89.97 5.506666666666667 0.6800000000000004
1.0 0.806580259222333 89.97 5.3933333333333335 0.6900000000000004
1.0 0.7856430707876371 89.97 5.253333333333333 0.7000000000000004
1.0 0.7746759720837487 89.97 5.18 0.7100000000000004
1.0 0.7537387836490529 89.97 5.04 0.7200000000000004
1.0 0.7308075772681955 89.97 4.886666666666667 0.7300000000000004
1.0 0.7168494516450648 89.97 4.793333333333333 0.7400000000000004
1.0 0.6929212362911267 89.97 4.633333333333334 0.7500000000000004
1.0 0.674975074775673 89.97 4.513333333333334 0.7600000000000005
0.999888851839502 0.6610169491525424 89.96 4.42 0.7700000000000005
0.9996665555185061 0.646061814556331 89.94 4.32 0.7800000000000005
0.9995554073580082 0.6430707876370887 89.93 4.3 0.7900000000000005
0.9992219628765144 0.6390827517447657 89.9 4.273333333333333 0.8000000000000005
0.9976658886295432 0.6331006979062812 89.76 4.233333333333333 0.8100000000000005
0.9955540735800823 0.6291126620139581 89.57 4.206666666666667 0.8200000000000005
0.9907747026786706 0.617148554336989 89.14 4.126666666666667 0.8300000000000005
0.98432810936979 0.6031904287138584 88.56 4.033333333333333 0.8400000000000005
0.9714349227520285 0.5872382851445663 87.4 3.9266666666666667 0.8500000000000005
0.9495387351339335 0.5493519441674976 85.43 3.6733333333333333 0.8600000000000005
0.9154162498610648 0.49750747756729813 82.36 3.3266666666666667 0.8700000000000006
0.8722907635878626 0.44666001994017945 78.48 2.986666666666667 0.8800000000000006
0.8177170167833723 0.3848454636091725 73.57 2.5733333333333333 0.8900000000000006
0.7584750472379682 0.29810568295114653 68.24 1.9933333333333334 0.9000000000000006
0.6966766700011114 0.22731804586241275 62.68 1.52 0.9100000000000006
0.6456596643325553 0.15453639082751744 58.09 1.0333333333333334 0.9200000000000006
0.6052017339113037 0.10667996011964108 54.45 0.7133333333333334 0.9300000000000006
0.5729687673669001 0.08075772681954138 51.55 0.54 0.9400000000000006
0.5529620984772702 0.06580259222333001 49.75 0.44 0.9500000000000006
0.5359564299210848 0.053838484546360914 48.22 0.36 0.9600000000000006
0.5186173168834056 0.0518444666001994 46.66 0.3466666666666667 0.9700000000000006
0.48216072024008005 0.05084745762711865 43.38 0.34 0.9800000000000006
0.3820162276314327 0.05084745762711865 34.37 0.34 0.9900000000000007
0.0 0.0 0.0 0.0
