1.0 1.0 89.97 14.32857142857143 0.0
1.0 1.0 89.97 14.32857142857143 0.01
1.0 0.9980059820538385 89.97 14.3 0.02
1.0 0.9940179461615155 89.97 14.242857142857142 0.03
1.0 0.9920239282153539 89.97 14.214285714285714 0.04
1.0 0.9910269192422732 89.97 14.2 0.05
1.0 0.9830508474576272 89.97 14.085714285714285 0.060000000000000005
1.0 0.9830508474576272 89.97 14.085714285714285 0.07
1.0 0.9790628115653041 89.97 14.028571428571428 0.08
1.0 0.9740777666999003 89.97 13.957142857142857 0.09
1.0 0.9720837487537388 89.97 13.928571428571429 0.09999999999999999
1.0 0.9710867397806581 89.97 13.914285714285715 0.10999999999999999
1.0 0.9690927218344965 89.97 13.885714285714286 0.11999999999999998
1.0 0.9680957128614157 89.97 13.871428571428572 0.12999999999999998
1.0 0.9661016949152542 89.97 13.842857142857143 0.13999999999999999
1.0 0.9641076769690927 89.97 13.814285714285715 0.15
1.0 0.9621136590229312 89.97 13.785714285714286 0.16
1.0 0.9601196410767697 89.97 13.757142857142858 0.17
1.0 0.959122632103689 89.97 13.742857142857142 0.18000000000000002
1.0 0.9541375872382851 89.97 13.67142857142857 0.19000000000000003
1.0 0.9541375872382851 89.97 13.67142857142857 0.20000000000000004
1.0 0.9491525423728814 89.97 13.6 0.21000000000000005
1.0 0.9491525423728814 89.97 13.6 0.22000000000000006
1.0 0.9481555333998006 89.97 13.585714285714285 0.23000000000000007
1.0 0.9461615154536391 89.97 13.557142857142857 0.24000000000000007
1.0 0.9461615154536391 89.97 13.557142857142857 0.25000000000000006
1.0 0.9461615154536391 89.97 13.557142857142857 0.26000000000000006
1.0 0.9461615154536391 89.97 13.557142857142857 0.2700000000000001
1.0 0.9461615154536391 89.97 13.557142857142857 0.2800000000000001
1.0 0.9451645064805583 89.97 13.542857142857143 0.2900000000000001
1.0 0.9451645064805583 89.97 13.542857142857143 0.3000000000000001
1.0 0.9441674975074775 89.97 13.528571428571428 0.3100000000000001
1.0 0.9441674975074775 89.97 13.528571428571428 0.3200000000000001
1.0 0.9441674975074775 89.97 13.528571428571428 0.3300000000000001
1.0 0.9431704885343968 89.97 13.514285714285714 0.34000000000000014
1.0 0.942173479561316 89.97 13.5 0.35000000000000014
1.0 0.942173479561316 89.97 13.5 0.36000000000000015
1.0 0.9411764705882353 89.97 13.485714285714286 0.37000000000000016
1.0 0.9391824526420738 89.97 13.457142857142857 0.38000000000000017
1.0 0.938185443668993 89.97 13.442857142857143 0.3900000000000002
1.0 0.9361914257228315 89.97 13.414285714285715 0.4000000000000002
1.0 0.9322033898305084 89.97 13.357142857142858 0.4100000000000002
1.0 0.9302093718843469 89.97 13.32857142857143 0.4200000000000002
1.0 0.9272183449651047 89.97 13.285714285714286 0.4300000000000002
1.0 0.922233300099701 89.97 13.214285714285714 0.4400000000000002
1.0 0.9212362911266201 89.97 13.2 0.45000000000000023
1.0 0.9192422731804586 89.97 13.17142857142857 0.46000000000000024
1.0 0.9192422731804586 89.97 13.17142857142857 0.47000000000000025
1.0 0.9152542372881356 89.97 13.114285714285714 0.48000000000000026
1.0 0.9142572283150548 89.97 13.1 0.49000000000000027
1.0 0.9122632103688934 89.97 13.071428571428571 0.5000000000000002
1.0 0.9112662013958126 89.97 13.057142857142857 0.5100000000000002
1.0 0.909272183449651 89.97 13.028571428571428 0.5200000000000002
1.0 0.909272183449651 89.97 13.028571428571428 0.5300000000000002
1.0 0.909272183449651 89.97 13.028571428571428 0.5400000000000003
1.0 0.9072781655034895 89.97 13.0 0.5500000000000003
1.0 0.9072781655034895 89.97 13.0 0.5600000000000003
1.0 0.9072781655034895 89.97 13.0 0.5700000000000003
1.0 0.9072781655034895 89.97 13.0 0.5800000000000003
1.0 0.9072781655034895 89.97 13.0 0.5900000000000003
1.0 0.9072781655034895 89.97 13.0 0.6000000000000003
1.0 0.9062811565304087 89.97 12.985714285714286 0.6100000000000003
1.0 0.905284147557328 89.97 12.971428571428572 0.6200000000000003
1.0 0.9032901296111665 89.97 12.942857142857143 0.6300000000000003
1.0 0.9032901296111665 89.97 12.942857142857143 0.6400000000000003
1.0 0.8963110667996012 89.97 12.842857142857143 0.6500000000000004
1.0 0.8893320039880359 89.97 12.742857142857142 0.6600000000000004
1.0 0.8813559322033898 89.97 12.628571428571428 0.6700000000000004
1.0 0.8703888334995015 89.97 12.471428571428572 0.6800000000000004
1.0 0.8624127617148555 89.97 12.357142857142858 0.6900000000000004
1.0 0.8514456630109671 89.97 12.2 0.7000000000000004
1.0 0.8424725822532403 89.97 12.071428571428571 0.7100000000000004
1.0 0.8315054835493519 89.97 11.914285714285715 0.7200000000000004
1.0 0.8155533399800599 89.97 11.685714285714285 0.7300000000000004
1.0 0.7956131605184447 89.97 11.4 0.7400000000000004
1.0 0.7746759720837487 89.97 11.1 0.7500000000000004
1.0 0.765702891326022 89.97 10.971428571428572 0.7600000000000005
1.0 0.7557328015952144 89.97 10.82857142857143 0.7700000000000005
0.999888851839502 0.7437686939182453 89.96 10.657142857142857 0.7800000000000005
0.9994442591975102 0.7337986041874377 89.92 10.514285714285714 0.7900000000000005
0.9991108147160165 0.7278165503489531 89.89 10.428571428571429 0.8000000000000005
0.9977770367900411 0.7238285144566301 89.77 10.371428571428572 0.8100000000000005
0.9949983327775925 0.7228315054835494 89.52 10.357142857142858 0.8200000000000005
0.9887740357897077 0.7128614157527418 88.96 10.214285714285714 0.8300000000000005
0.9793264421473825 0.7038883349950149 88.11 10.085714285714285 0.8400000000000005
0.9622096254306991 0.6889332003988036 86.57 9.871428571428572 0.8500000000000005
0.9377570301211515 0.6390827517447657 84.37 9.157142857142857 0.8600000000000005
0.8986328776258753 0.5922233300099701 80.85 8.485714285714286 0.8700000000000006
0.8469489829943314 0.5324027916251246 76.2 7.628571428571429 0.8800000000000006
0.7800377903745693 0.47058823529411764 70.18 6.742857142857143 0.8900000000000006
0.7087918194953874 0.3798604187437687 63.77 5.442857142857143 0.9000000000000006
0.6356563298877403 0.2931206380857428 57.19 4.2 0.9100000000000006
0.5733022118483939 0.21335992023928216 51.58 3.057142857142857 0.9200000000000006
0.5242858730688007 0.1575274177467597 47.17 2.257142857142857 0.9300000000000006
0.48649549849949986 0.1226321036889332 43.77 1.7571428571428571 0.9400000000000006
0.46193175502945427 0.1036889332003988 41.56 1.4857142857142858 0.9500000000000006
0.4439257530287874 0.09471585244267199 39.94 1.3571428571428572 0.9600000000000006
0.4260308991886184 0.09371884346959122 38.33 1.3428571428571427 0.9700000000000006
0.39201956207624766 0.09371884346959122 35.27 1.3428571428571427 0.9800000000000006
0.3038790708013782 0.09371884346959122 27.34 1.3428571428571427 0.9900000000000007
0.0 0.0 0.0 0.0
