1.0 1.0 11.24625 20.06 0.0
0.9997777036790041 0.6799601196410767 11.24375 13.64 0.01
0.9994442591975102 0.5304087736789631 11.24 10.64 0.02
0.9994442591975102 0.4695912263210369 11.24 9.42 0.03
0.9994442591975102 0.43469591226321036 11.24 8.72 0.04
0.9991108147160165 0.3988035892323031 11.23625 8.0 0.05
0.9991108147160165 0.3609172482552343 11.23625 7.24 0.060000000000000005
0.9991108147160165 0.3609172482552343 11.23625 7.24 0.07
0.9991108147160165 0.34496510468594216 11.23625 6.92 0.08
0.9991108147160165 0.32801595214356927 11.23625 6.58 0.09
0.9991108147160165 0.3160518444666002 11.23625 6.34 0.09999999999999999
0.9991108147160165 0.3050847457627119 11.23625 6.12 0.10999999999999999
0.9991108147160165 0.29810568295114653 11.23625 5.98 0.11999999999999998
0.9991108147160165 0.2951146560319043 11.23625 5.92 0.12999999999999998
0.9991108147160165 0.28913260219341974 11.23625 5.8 0.13999999999999999
0.9991108147160165 0.28015952143569295 11.23625 5.62 0.15
0.9991108147160165 0.2741774675972084 11.23625 5.5 0.16
0.9991108147160165 0.26520438683948155 11.23625 5.32 0.17
0.9991108147160165 0.2502492522432702 11.23625 5.02 0.18000000000000002
0.9991108147160165 0.24027916251246262 11.23625 4.82 0.19000000000000003
0.9991108147160165 0.23030907278165502 11.23625 4.62 0.20000000000000004
0.9991108147160165 0.22233300099700898 11.23625 4.46 0.21000000000000005
0.9991108147160165 0.21335992023928216 11.23625 4.28 0.22000000000000006
0.9991108147160165 0.2073778664007976 11.23625 4.16 0.23000000000000007
0.9991108147160165 0.20139581256231306 11.23625 4.04 0.24000000000000007
0.9991108147160165 0.1984047856430708 11.23625 3.98 0.25000000000000006
0.9991108147160165 0.19641076769690927 11.23625 3.94 0.26000000000000006
0.9991108147160165 0.19641076769690927 11.23625 3.94 0.2700000000000001
0.9991108147160165 0.19641076769690927 11.23625 3.94 0.2800000000000001
0.9991108147160165 0.19641076769690927 11.23625 3.94 0.2900000000000001
0.9991108147160165 0.19641076769690927 11.23625 3.94 0.3000000000000001
0.9991108147160165 0.19541375872382852 11.23625 3.92 0.3100000000000001
0.9991108147160165 0.19441674975074777 11.23625 3.9 0.3200000000000001
0.9991108147160165 0.193419740777667 11.23625 3.88 0.3300000000000001
0.9991108147160165 0.18843469591226322 11.23625 3.78 0.34000000000000014
0.9991108147160165 0.18843469591226322 11.23625 3.78 0.35000000000000014
0.9991108147160165 0.18544366899302095 11.23625 3.72 0.36000000000000015
0.9991108147160165 0.18045862412761715 11.23625 3.62 0.37000000000000016
0.9991108147160165 0.17647058823529413 11.23625 3.54 0.38000000000000017
0.9991108147160165 0.17148554336989033 11.23625 3.44 0.3900000000000002
0.9991108147160165 0.16650049850448653 11.23625 3.34 0.4000000000000002
0.9991108147160165 0.16051844466600199 11.23625 3.22 0.4100000000000002
0.9991108147160165 0.1535393818544367 11.23625 3.08 0.4200000000000002
0.9991108147160165 0.14556331006979062 11.23625 2.92 0.4300000000000002
0.9991108147160165 0.1345962113659023 11.23625 2.7 0.4400000000000002
0.9991108147160165 0.1296111665004985 11.23625 2.6 0.45000000000000023
0.9991108147160165 0.12562313060817548 11.23625 2.52 0.46000000000000024
0.9991108147160165 0.11964107676969092 11.23625 2.4 0.47000000000000025
0.9991108147160165 0.10867397806580259 11.23625 2.18 0.48000000000000026
0.9991108147160165 0.10667996011964108 11.23625 2.14 0.49000000000000027
0.9991108147160165 0.10069790628115653 11.23625 2.02 0.5000000000000002
0.9991108147160165 0.10069790628115653 11.23625 2.02 0.5100000000000002
0.9991108147160165 0.09870388833499502 11.23625 1.98 0.5200000000000002
0.9991108147160165 0.0967098703888335 11.23625 1.94 0.5300000000000002
0.9991108147160165 0.09272183449651047 11.23625 1.86 0.5400000000000003
0.9991108147160165 0.09172482552342971 11.23625 1.84 0.5500000000000003
0.9991108147160165 0.0897308075772682 11.23625 1.8 0.5600000000000003
0.9991108147160165 0.0897308075772682 11.23625 1.8 0.5700000000000003
0.9991108147160165 0.08574277168494517 11.23625 1.72 0.5800000000000003
0.9991108147160165 0.08574277168494517 11.23625 1.72 0.5900000000000003
0.9991108147160165 0.08574277168494517 11.23625 1.72 0.6000000000000003
0.9991108147160165 0.0847457627118644 11.23625 1.7 0.6100000000000003
0.9991108147160165 0.08275174476570289 11.23625 1.66 0.6200000000000003
0.9991108147160165 0.07976071784646062 11.23625 1.6 0.6300000000000003
0.9991108147160165 0.07976071784646062 11.23625 1.6 0.6400000000000003
0.9991108147160165 0.07876370887337986 11.23625 1.58 0.6500000000000004
0.9991108147160165 0.07577268195413758 11.23625 1.52 0.6600000000000004
0.9991108147160165 0.07278165503489531 11.23625 1.46 0.6700000000000004
0.9991108147160165 0.06979062811565304 11.23625 1.4 0.6800000000000004
0.9991108147160165 0.06580259222333001 11.23625 1.32 0.6900000000000004
0.9991108147160165 0.06380857427716849 11.23625 1.28 0.7000000000000004
0.9991108147160165 0.05982053838484546 11.23625 1.2 0.7100000000000004
0.9991108147160165 0.05084745762711865 11.23625 1.02 0.7200000000000004
0.9991108147160165 0.045862412761714856 11.23625 0.92 0.7300000000000004
0.9991108147160165 0.040877367896311065 11.23625 0.82 0.7400000000000004
0.9991108147160165 0.03589232303090728 11.23625 0.72 0.7500000000000004
0.9991108147160165 0.031904287138584245 11.23625 0.64 0.7600000000000005
0.9991108147160165 0.027916251246261216 11.23625 0.56 0.7700000000000005
0.9991108147160165 0.026919242273180457 11.23625 0.54 0.7800000000000005
0.9989996665555185 0.023928215353938187 11.235 0.48 0.7900000000000005
0.9989996665555185 0.02193419740777667 11.235 0.44 0.8000000000000005
0.9989996665555185 0.018943170488534396 11.235 0.38 0.8100000000000005
0.9989996665555185 0.018943170488534396 11.235 0.38 0.8200000000000005
0.9989996665555185 0.018943170488534396 11.235 0.38 0.8300000000000005
0.9989996665555185 0.01794616151545364 11.235 0.36 0.8400000000000005
0.9987773702345226 0.01694915254237288 11.2325 0.34 0.8500000000000005
0.9987773702345226 0.014955134596211365 11.2325 0.3 0.8600000000000005
0.9987773702345226 0.01296111665004985 11.2325 0.26 0.8700000000000006
0.9984439257530288 0.01296111665004985 11.22875 0.26 0.8800000000000006
0.9982216294320329 0.010967098703888335 11.22625 0.22 0.8900000000000006
0.9975547404690452 0.00897308075772682 11.21875 0.18 0.9000000000000006
0.9969989996665555 0.005982053838484547 11.2125 0.12 0.9100000000000006
0.9966655551850617 0.003988035892323031 11.20875 0.08 0.9200000000000006
0.9966655551850617 9.970089730807576E-4 11.20875 0.02 0.9300000000000006
0.9963321107035679 9.970089730807576E-4 11.205 0.02 0.9400000000000006
0.995998666222074 0.0 11.20125 0.0 0.9500000000000006
0.995887518061576 0.0 11.2 0.0 0.9600000000000006
0.9953317772590864 0.0 11.19375 0.0 0.9700000000000006
0.9945537401356007 0.0 11.185 0.0 0.9800000000000006
0.9892186284316995 0.0 11.125 0.0 0.9900000000000007
0.0 0.0 0.0 0.0
