1.0 1.0 Infinity 8.721739130434782 0.0
1.0 1.0 Infinity 8.721739130434782 0.01
1.0 1.0 Infinity 8.721739130434782 0.02
1.0 1.0 Infinity 8.721739130434782 0.03
1.0 1.0 Infinity 8.721739130434782 0.04
1.0 1.0 Infinity 8.721739130434782 0.05
1.0 1.0 Infinity 8.721739130434782 0.060000000000000005
1.0 1.0 Infinity 8.721739130434782 0.07
1.0 1.0 Infinity 8.721739130434782 0.08
1.0 1.0 Infinity 8.721739130434782 0.09
1.0 1.0 Infinity 8.721739130434782 0.09999999999999999
1.0 1.0 Infinity 8.721739130434782 0.10999999999999999
1.0 1.0 Infinity 8.721739130434782 0.11999999999999998
1.0 1.0 Infinity 8.721739130434782 0.12999999999999998
1.0 1.0 Infinity 8.721739130434782 0.13999999999999999
1.0 1.0 Infinity 8.721739130434782 0.15
1.0 1.0 Infinity 8.721739130434782 0.16
1.0 1.0 Infinity 8.721739130434782 0.17
1.0 1.0 Infinity 8.721739130434782 0.18000000000000002
1.0 1.0 Infinity 8.721739130434782 0.19000000000000003
1.0 1.0 Infinity 8.721739130434782 0.20000000000000004
1.0 1.0 Infinity 8.721739130434782 0.21000000000000005
1.0 1.0 Infinity 8.721739130434782 0.22000000000000006
1.0 1.0 Infinity 8.721739130434782 0.23000000000000007
1.0 1.0 Infinity 8.721739130434782 0.24000000000000007
1.0 1.0 Infinity 8.721739130434782 0.25000000000000006
1.0 1.0 Infinity 8.721739130434782 0.26000000000000006
1.0 1.0 Infinity 8.721739130434782 0.2700000000000001
1.0 1.0 Infinity 8.721739130434782 0.2800000000000001
1.0 1.0 Infinity 8.721739130434782 0.2900000000000001
1.0 1.0 Infinity 8.721739130434782 0.3000000000000001
1.0 1.0 Infinity 8.721739130434782 0.3100000000000001
1.0 1.0 Infinity 8.721739130434782 0.3200000000000001
1.0 1.0 Infinity 8.721739130434782 0.3300000000000001
1.0 1.0 Infinity 8.721739130434782 0.34000000000000014
1.0 1.0 Infinity 8.721739130434782 0.35000000000000014
1.0 1.0 Infinity 8.721739130434782 0.36000000000000015
1.0 1.0 Infinity 8.721739130434782 0.37000000000000016
1.0 1.0 Infinity 8.721739130434782 0.38000000000000017
1.0 1.0 Infinity 8.721739130434782 0.3900000000000002
1.0 1.0 Infinity 8.721739130434782 0.4000000000000002
1.0 1.0 Infinity 8.721739130434782 0.4100000000000002
1.0 1.0 Infinity 8.721739130434782 0.4200000000000002
1.0 1.0 Infinity 8.721739130434782 0.4300000000000002
1.0 1.0 Infinity 8.721739130434782 0.4400000000000002
1.0 1.0 Infinity 8.721739130434782 0.45000000000000023
1.0 1.0 Infinity 8.721739130434782 0.46000000000000024
1.0 1.0 Infinity 8.721739130434782 0.47000000000000025
1.0 1.0 Infinity 8.721739130434782 0.48000000000000026
1.0 1.0 Infinity 8.721739130434782 0.49000000000000027
1.0 1.0 Infinity 8.721739130434782 0.5000000000000002
1.0 1.0 Infinity 8.721739130434782 0.5100000000000002
1.0 1.0 Infinity 8.721739130434782 0.5200000000000002
1.0 1.0 Infinity 8.721739130434782 0.5300000000000002
1.0 1.0 Infinity 8.721739130434782 0.5400000000000003
1.0 1.0 Infinity 8.721739130434782 0.5500000000000003
1.0 1.0 Infinity 8.721739130434782 0.5600000000000003
1.0 1.0 Infinity 8.721739130434782 0.5700000000000003
1.0 1.0 Infinity 8.721739130434782 0.5800000000000003
1.0 1.0 Infinity 8.721739130434782 0.5900000000000003
1.0 1.0 Infinity 8.721739130434782 0.6000000000000003
1.0 1.0 Infinity 8.721739130434782 0.6100000000000003
1.0 1.0 Infinity 8.721739130434782 0.6200000000000003
1.0 1.0 Infinity 8.721739130434782 0.6300000000000003
1.0 1.0 Infinity 8.721739130434782 0.6400000000000003
1.0 1.0 Infinity 8.721739130434782 0.6500000000000004
1.0 1.0 Infinity 8.721739130434782 0.6600000000000004
1.0 1.0 Infinity 8.721739130434782 0.6700000000000004
1.0 1.0 Infinity 8.721739130434782 0.6800000000000004
1.0 1.0 Infinity 8.721739130434782 0.6900000000000004
1.0 1.0 Infinity 8.721739130434782 0.7000000000000004
1.0 1.0 Infinity 8.721739130434782 0.7100000000000004
1.0 1.0 Infinity 8.721739130434782 0.7200000000000004
1.0 1.0 Infinity 8.721739130434782 0.7300000000000004
1.0 1.0 Infinity 8.721739130434782 0.7400000000000004
1.0 1.0 Infinity 8.721739130434782 0.7500000000000004
1.0 1.0 Infinity 8.721739130434782 0.7600000000000005
0.999888851839502 1.0 Infinity 8.721739130434782 0.7700000000000005
0.9995554073580082 1.0 Infinity 8.721739130434782 0.7800000000000005
0.9988885183950206 1.0 Infinity 8.721739130434782 0.7900000000000005
0.9976658886295432 1.0 Infinity 8.721739130434782 0.8000000000000005
0.9945537401356007 0.9970089730807578 Infinity 8.695652173913043 0.8100000000000005
0.9889963321107036 0.996011964107677 Infinity 8.68695652173913 0.8200000000000005
0.9786595531843948 0.9870388833499502 Infinity 8.608695652173912 0.8300000000000005
0.9607646993442258 0.9710867397806581 Infinity 8.469565217391304 0.8400000000000005
0.9298655107257975 0.9541375872382851 Infinity 8.321739130434782 0.8500000000000005
0.8807380237857063 0.8913260219341974 Infinity 7.773913043478261 0.8600000000000005
0.8076025341780594 0.8195413758723828 Infinity 7.147826086956521 0.8700000000000006
0.7107924863843503 0.7337986041874377 Infinity 6.4 0.8800000000000006
0.5887518061576081 0.6410767696909272 Infinity 5.591304347826087 0.8900000000000006
0.4563743470045571 0.5114656031904287 Infinity 4.460869565217391 0.9000000000000006
0.3217739246415472 0.38085742771684944 Infinity 3.3217391304347825 0.9100000000000006
0.20818050461264867 0.27218344965104685 Infinity 2.373913043478261 0.9200000000000006
0.12348560631321552 0.1864406779661017 Infinity 1.626086956521739 0.9300000000000006
0.058686228742914306 0.13958125623130607 Infinity 1.2173913043478262 0.9400000000000006
0.02356341002556408 0.11864406779661017 Infinity 1.0347826086956522 0.9500000000000006
0.006446593308880738 0.1036889332003988 Infinity 0.9043478260869565 0.9600000000000006
0.0021118150494609314 0.1016949152542373 Infinity 0.8869565217391304 0.9700000000000006
3.3344448149383126E-4 0.1016949152542373 Infinity 0.8869565217391304 0.9800000000000006
0.0 0.10069790628115653 NaN 0.8782608695652174 0.9900000000000007
0.0 0.0 0.0 0.0
