0 23.39 10000 9215.829999999996
5 97.24 10000 9266.10000000001
10 100.0 10000 9330.559999999974
15 100.0 10000 9264.940000000002
20 100.0 10000 9271.37999999998
25 100.0 10000 9280.09999999997
30 100.0 10000 9253.580000000009
35 100.0 10000 9287.329999999989
40 100.0 10000 9291.889999999983
45 100.0 10000 9264.529999999997
50 100.0 10000 9296.119999999986
50 0.0 10000 9225.529999999975
50 10.0 10000 9217.05
50 20.0 10000 9261.65999999998
50 30.0 10000 9212.64000000002
50 40.0 10000 9246.659999999987
50 50.0 10000 9235.33
50 60.0 10000 9275.379999999997
50 70.0 10000 9275.359999999984
50 80.0 10000 9282.769999999997
50 90.0 10000 9283.669999999967
50 100.0 10000 9305.199999999979
