0.0 0.7976071784646062 0.0 20.0 0.0
0.0 0.7886340977068793 0.0 19.775 0.01
0.0 0.7507477567298105 0.0 18.825 0.02
0.0 0.7437686939182453 0.0 18.65 0.03
0.0 0.7377866400797607 0.0 18.5 0.04
0.0 0.7268195413758723 0.0 18.225 0.05
0.0 0.7168494516450648 0.0 17.975 0.060000000000000005
0.0 0.7168494516450648 0.0 17.975 0.07
0.0 0.707876370887338 0.0 17.75 0.08
0.0 0.7048853439680958 0.0 17.675 0.09
0.0 0.7018943170488534 0.0 17.6 0.09999999999999999
0.0 0.7008973080757727 0.0 17.575 0.10999999999999999
0.0 0.6989032901296112 0.0 17.525 0.11999999999999998
0.0 0.6939182452642074 0.0 17.4 0.12999999999999998
0.0 0.6939182452642074 0.0 17.4 0.13999999999999999
0.0 0.6879361914257228 0.0 17.25 0.15
0.0 0.6869391824526421 0.0 17.225 0.16
0.0 0.6809571286141576 0.0 17.075 0.17
0.0 0.6769690927218345 0.0 16.975 0.18000000000000002
0.0 0.6769690927218345 0.0 16.975 0.19000000000000003
0.0 0.6729810568295115 0.0 16.875 0.20000000000000004
0.0 0.6719840478564307 0.0 16.85 0.21000000000000005
0.0 0.6689930209371885 0.0 16.775 0.22000000000000006
0.0 0.6630109670987039 0.0 16.625 0.23000000000000007
0.0 0.6580259222333001 0.0 16.5 0.24000000000000007
0.0 0.6550348953140578 0.0 16.425 0.25000000000000006
0.0 0.6490528414755733 0.0 16.275 0.26000000000000006
0.0 0.6440677966101694 0.0 16.15 0.2700000000000001
0.0 0.6430707876370887 0.0 16.125 0.2800000000000001
0.0 0.638085742771685 0.0 16.0 0.2900000000000001
0.0 0.6350947158524427 0.0 15.925 0.3000000000000001
0.0 0.634097706879362 0.0 15.9 0.3100000000000001
0.0 0.6281156530408774 0.0 15.75 0.3200000000000001
0.0 0.6261216350947159 0.0 15.7 0.3300000000000001
0.0 0.6251246261216351 0.0 15.675 0.34000000000000014
0.0 0.6211365902293121 0.0 15.575 0.35000000000000014
0.0 0.6121635094715853 0.0 15.35 0.36000000000000015
0.0 0.6101694915254238 0.0 15.3 0.37000000000000016
0.0 0.6101694915254238 0.0 15.3 0.38000000000000017
0.0 0.6101694915254238 0.0 15.3 0.3900000000000002
0.0 0.6101694915254238 0.0 15.3 0.4000000000000002
0.0 0.6071784646061814 0.0 15.225 0.4100000000000002
0.0 0.6061814556331007 0.0 15.2 0.4200000000000002
0.0 0.6061814556331007 0.0 15.2 0.4300000000000002
0.0 0.5992023928215354 0.0 15.025 0.4400000000000002
0.0 0.5982053838484547 0.0 15.0 0.45000000000000023
0.0 0.5982053838484547 0.0 15.0 0.46000000000000024
0.0 0.5952143569292123 0.0 14.925 0.47000000000000025
0.0 0.5922233300099701 0.0 14.85 0.48000000000000026
0.0 0.5872382851445663 0.0 14.725 0.49000000000000027
0.0 0.580259222333001 0.0 14.55 0.5000000000000002
0.0 0.576271186440678 0.0 14.45 0.5100000000000002
0.0 0.5722831505483549 0.0 14.35 0.5200000000000002
0.0 0.5682951146560319 0.0 14.25 0.5300000000000002
0.0 0.5653040877367896 0.0 14.175 0.5400000000000003
0.0 0.5583250249252243 0.0 14.0 0.5500000000000003
0.0 0.5543369890329013 0.0 13.9 0.5600000000000003
0.0 0.551345962113659 0.0 13.825 0.5700000000000003
0.0 0.5483549351944168 0.0 13.75 0.5800000000000003
0.0 0.5473579262213359 0.0 13.725 0.5900000000000003
0.0 0.543369890329013 0.0 13.625 0.6000000000000003
0.0 0.5363908275174477 0.0 13.45 0.6100000000000003
0.0 0.5314057826520439 0.0 13.325 0.6200000000000003
0.0 0.5314057826520439 0.0 13.325 0.6300000000000003
0.0 0.5314057826520439 0.0 13.325 0.6400000000000003
0.0 0.5274177467597209 0.0 13.225 0.6500000000000004
0.0 0.5254237288135594 0.0 13.175 0.6600000000000004
0.0 0.5244267198404786 0.0 13.15 0.6700000000000004
0.0 0.5214356929212363 0.0 13.075 0.6800000000000004
0.0 0.5194416749750748 0.0 13.025 0.6900000000000004
0.0 0.5194416749750748 0.0 13.025 0.7000000000000004
0.0 0.5164506480558325 0.0 12.95 0.7100000000000004
0.0 0.5134596211365903 0.0 12.875 0.7200000000000004
0.0 0.5134596211365903 0.0 12.875 0.7300000000000004
0.0 0.5104685942173479 0.0 12.8 0.7400000000000004
0.0 0.5074775672981057 0.0 12.725 0.7500000000000004
0.0 0.5004985044865404 0.0 12.55 0.7600000000000005
0.0 0.4955134596211366 0.0 12.425 0.7700000000000005
0.0 0.4905284147557328 0.0 12.3 0.7800000000000005
0.0 0.4865403788634098 0.0 12.2 0.7900000000000005
0.0 0.4795613160518445 0.0 12.025 0.8000000000000005
0.0 0.47058823529411764 0.0 11.8 0.8100000000000005
0.0 0.45862412761714855 0.0 11.5 0.8200000000000005
0.0 0.4506480558325025 0.0 11.3 0.8300000000000005
0.0 0.4476570289132602 0.0 11.225 0.8400000000000005
0.0 0.44167497507477566 0.0 11.075 0.8500000000000005
0.0 0.4386839481555334 0.0 11.0 0.8600000000000005
0.0 0.42771684945164506 0.0 10.725 0.8700000000000006
0.0 0.41575274177467597 0.0 10.425 0.8800000000000006
0.0 0.4097706879361914 0.0 10.275 0.8900000000000006
0.0 0.4037886340977069 0.0 10.125 0.9000000000000006
0.0 0.39581256231306083 0.0 9.925 0.9100000000000006
0.0 0.3798604187437687 0.0 9.525 0.9200000000000006
0.0 0.3728813559322034 0.0 9.35 0.9300000000000006
0.0 0.35493519441674976 0.0 8.9 0.9400000000000006
0.0 0.34097706879361916 0.0 8.55 0.9500000000000006
0.0 0.32801595214356927 0.0 8.225 0.9600000000000006
0.0 0.30608175473579263 0.0 7.675 0.9700000000000006
0.0 0.2711864406779661 0.0 6.8 0.9800000000000006
0.0 0.21335992023928216 0.0 5.35 0.9900000000000007
0.0 0.0 0.0 0.0
