1.0 1.0 29.99 6.26875 0.0
1.0 0.959122632103689 29.99 6.0125 0.01
1.0 0.9102691924227319 29.99 5.70625 0.02
1.0 0.8833499501495513 29.99 5.5375 0.03
1.0 0.8693918245264207 29.99 5.45 0.04
1.0 0.8604187437686939 29.99 5.39375 0.05
1.0 0.8414755732801595 29.99 5.275 0.060000000000000005
1.0 0.8414755732801595 29.99 5.275 0.07
1.0 0.8225324027916251 29.99 5.15625 0.08
1.0 0.8125623130608175 29.99 5.09375 0.09
1.0 0.8035892323030908 29.99 5.0375 0.09999999999999999
1.0 0.7986041874376869 29.99 5.00625 0.10999999999999999
1.0 0.7926221335992024 29.99 4.96875 0.11999999999999998
1.0 0.7866400797607178 29.99 4.93125 0.12999999999999998
1.0 0.7806580259222333 29.99 4.89375 0.13999999999999999
1.0 0.7776669990029911 29.99 4.875 0.15
1.0 0.7716849451645065 29.99 4.8375 0.16
1.0 0.7686939182452642 29.99 4.81875 0.17
1.0 0.7507477567298105 29.99 4.70625 0.18000000000000002
1.0 0.7417746759720838 29.99 4.65 0.19000000000000003
1.0 0.7357926221335992 29.99 4.6125 0.20000000000000004
1.0 0.7318045862412762 29.99 4.5875 0.21000000000000005
1.0 0.7278165503489531 29.99 4.5625 0.22000000000000006
1.0 0.7238285144566301 29.99 4.5375 0.23000000000000007
1.0 0.7148554336989033 29.99 4.48125 0.24000000000000007
1.0 0.7108673978065803 29.99 4.45625 0.25000000000000006
1.0 0.7098703888334995 29.99 4.45 0.26000000000000006
1.0 0.707876370887338 29.99 4.4375 0.2700000000000001
1.0 0.707876370887338 29.99 4.4375 0.2800000000000001
1.0 0.7048853439680958 29.99 4.41875 0.2900000000000001
1.0 0.7048853439680958 29.99 4.41875 0.3000000000000001
1.0 0.7018943170488534 29.99 4.4 0.3100000000000001
1.0 0.6999002991026919 29.99 4.3875 0.3200000000000001
1.0 0.6969092721834497 29.99 4.36875 0.3300000000000001
1.0 0.6929212362911267 29.99 4.34375 0.34000000000000014
1.0 0.6879361914257228 29.99 4.3125 0.35000000000000014
1.0 0.6839481555333998 29.99 4.2875 0.36000000000000015
1.0 0.6779661016949152 29.99 4.25 0.37000000000000016
1.0 0.6729810568295115 29.99 4.21875 0.38000000000000017
1.0 0.6699900299102692 29.99 4.2 0.3900000000000002
1.0 0.6610169491525424 29.99 4.14375 0.4000000000000002
1.0 0.6570289132602194 29.99 4.11875 0.4100000000000002
1.0 0.6470588235294118 29.99 4.05625 0.4200000000000002
1.0 0.6370887337986042 29.99 3.99375 0.4300000000000002
1.0 0.6251246261216351 29.99 3.91875 0.4400000000000002
1.0 0.6181455633100698 29.99 3.875 0.45000000000000023
1.0 0.6061814556331007 29.99 3.8 0.46000000000000024
1.0 0.5972083748753739 29.99 3.74375 0.47000000000000025
1.0 0.5892323030907278 29.99 3.69375 0.48000000000000026
1.0 0.5772681954137587 29.99 3.61875 0.49000000000000027
1.0 0.5692921236291126 29.99 3.56875 0.5000000000000002
1.0 0.5663010967098704 29.99 3.55 0.5100000000000002
1.0 0.5623130608175474 29.99 3.525 0.5200000000000002
1.0 0.5603190428713859 29.99 3.5125 0.5300000000000002
1.0 0.5543369890329013 29.99 3.475 0.5400000000000003
1.0 0.551345962113659 29.99 3.45625 0.5500000000000003
1.0 0.5493519441674976 29.99 3.44375 0.5600000000000003
1.0 0.5463609172482552 29.99 3.425 0.5700000000000003
1.0 0.5423728813559322 29.99 3.4 0.5800000000000003
1.0 0.53938185443669 29.99 3.38125 0.5900000000000003
1.0 0.5383848454636092 29.99 3.375 0.6000000000000003
1.0 0.5353938185443669 29.99 3.35625 0.6100000000000003
1.0 0.5324027916251246 29.99 3.3375 0.6200000000000003
1.0 0.5284147557328016 29.99 3.3125 0.6300000000000003
1.0 0.5234297108673978 29.99 3.28125 0.6400000000000003
1.0 0.522432701894317 29.99 3.275 0.6500000000000004
1.0 0.5154536390827518 29.99 3.23125 0.6600000000000004
1.0 0.5064805583250249 29.99 3.175 0.6700000000000004
1.0 0.4915254237288136 29.99 3.08125 0.6800000000000004
1.0 0.4835493519441675 29.99 3.03125 0.6900000000000004
1.0 0.47058823529411764 29.99 2.95 0.7000000000000004
1.0 0.44965104685942175 29.99 2.81875 0.7100000000000004
1.0 0.4167497507477567 29.99 2.6125 0.7200000000000004
1.0 0.40079760717846463 29.99 2.5125 0.7300000000000004
1.0 0.3778664007976072 29.99 2.36875 0.7400000000000004
1.0 0.35692921236291125 29.99 2.2375 0.7500000000000004
1.0 0.3349950149551346 29.99 2.1 0.7600000000000005
1.0 0.3220338983050847 29.99 2.01875 0.7700000000000005
1.0 0.3050847457627119 29.99 1.9125 0.7800000000000005
0.999888851839502 0.2831505483549352 29.986666666666668 1.775 0.7900000000000005
0.999888851839502 0.2781655034895314 29.986666666666668 1.74375 0.8000000000000005
0.9996665555185061 0.2731804586241276 29.98 1.7125 0.8100000000000005
0.9991108147160165 0.27018943170488535 29.963333333333335 1.69375 0.8200000000000005
0.9982216294320329 0.26021934197407776 29.936666666666667 1.63125 0.8300000000000005
0.9965544070245638 0.25124626121635096 29.886666666666667 1.575 0.8400000000000005
0.9935534066911192 0.24426719840478564 29.796666666666667 1.53125 0.8500000000000005
0.9894409247526953 0.22931206380857427 29.673333333333332 1.4375 0.8600000000000005
0.9848838501722796 0.2143569292123629 29.536666666666665 1.34375 0.8700000000000006
0.9759919973324441 0.19740777666999004 29.27 1.2375 0.8800000000000006
0.9662109592086251 0.17846460618145563 28.976666666666667 1.11875 0.8900000000000006
0.9558741802823163 0.16550348953140578 28.666666666666668 1.0375 0.9000000000000006
0.9436478826275425 0.14057826520438685 28.3 0.88125 0.9100000000000006
0.9334222518617317 0.11964107676969092 27.993333333333332 0.75 0.9200000000000006
0.9254195843058798 0.10767696909272183 27.753333333333334 0.675 0.9300000000000006
0.9183061020340113 0.10269192422731804 27.54 0.64375 0.9400000000000006
0.9129709903301101 0.0967098703888335 27.38 0.60625 0.9500000000000006
0.9068578415027231 0.09272183449651047 27.196666666666665 0.58125 0.9600000000000006
0.8966322107369123 0.09272183449651047 26.89 0.58125 0.9700000000000006
0.8754029120818051 0.09272183449651047 26.253333333333334 0.58125 0.9800000000000006
0.8146048682894298 0.09272183449651047 24.43 0.58125 0.9900000000000007
0.0 0.0 0.0 0.0
