1.0 1.0 89.97 19.28846153846154 0.0
1.0 0.9980059820538385 89.97 19.25 0.01
1.0 0.9870388833499502 89.97 19.03846153846154 0.02
1.0 0.9790628115653041 89.97 18.884615384615383 0.03
1.0 0.9700897308075773 89.97 18.71153846153846 0.04
1.0 0.963110667996012 89.97 18.576923076923077 0.05
1.0 0.9551345962113659 89.97 18.423076923076923 0.060000000000000005
1.0 0.9551345962113659 89.97 18.423076923076923 0.07
1.0 0.9511465603190429 89.97 18.346153846153847 0.08
1.0 0.9491525423728814 89.97 18.307692307692307 0.09
1.0 0.9471585244267199 89.97 18.26923076923077 0.09999999999999999
1.0 0.9441674975074775 89.97 18.21153846153846 0.10999999999999999
1.0 0.9431704885343968 89.97 18.192307692307693 0.11999999999999998
1.0 0.9411764705882353 89.97 18.153846153846153 0.12999999999999998
1.0 0.9391824526420738 89.97 18.115384615384617 0.13999999999999999
1.0 0.93419740777667 89.97 18.01923076923077 0.15
1.0 0.9322033898305084 89.97 17.98076923076923 0.16
1.0 0.9292123629112662 89.97 17.923076923076923 0.17
1.0 0.9232303090727817 89.97 17.807692307692307 0.18000000000000002
1.0 0.9192422731804586 89.97 17.73076923076923 0.19000000000000003
1.0 0.9172482552342971 89.97 17.692307692307693 0.20000000000000004
1.0 0.9152542372881356 89.97 17.653846153846153 0.21000000000000005
1.0 0.9152542372881356 89.97 17.653846153846153 0.22000000000000006
1.0 0.9122632103688934 89.97 17.596153846153847 0.23000000000000007
1.0 0.9112662013958126 89.97 17.576923076923077 0.24000000000000007
1.0 0.9102691924227319 89.97 17.557692307692307 0.25000000000000006
1.0 0.909272183449651 89.97 17.53846153846154 0.26000000000000006
1.0 0.909272183449651 89.97 17.53846153846154 0.2700000000000001
1.0 0.9072781655034895 89.97 17.5 0.2800000000000001
1.0 0.905284147557328 89.97 17.46153846153846 0.2900000000000001
1.0 0.9032901296111665 89.97 17.423076923076923 0.3000000000000001
1.0 0.9022931206380858 89.97 17.403846153846153 0.3100000000000001
1.0 0.8973080757726819 89.97 17.307692307692307 0.3200000000000001
1.0 0.8973080757726819 89.97 17.307692307692307 0.3300000000000001
1.0 0.8963110667996012 89.97 17.28846153846154 0.34000000000000014
1.0 0.8953140578265204 89.97 17.26923076923077 0.35000000000000014
1.0 0.8933200398803589 89.97 17.23076923076923 0.36000000000000015
1.0 0.8913260219341974 89.97 17.192307692307693 0.37000000000000016
1.0 0.8843469591226321 89.97 17.057692307692307 0.38000000000000017
1.0 0.8833499501495513 89.97 17.03846153846154 0.3900000000000002
1.0 0.8783649052841476 89.97 16.942307692307693 0.4000000000000002
1.0 0.8713858424725822 89.97 16.807692307692307 0.4100000000000002
1.0 0.8693918245264207 89.97 16.76923076923077 0.4200000000000002
1.0 0.8673978065802592 89.97 16.73076923076923 0.4300000000000002
1.0 0.8624127617148555 89.97 16.634615384615383 0.4400000000000002
1.0 0.8604187437686939 89.97 16.596153846153847 0.45000000000000023
1.0 0.8584247258225324 89.97 16.557692307692307 0.46000000000000024
1.0 0.8544366899302094 89.97 16.48076923076923 0.47000000000000025
1.0 0.8504486540378864 89.97 16.403846153846153 0.48000000000000026
1.0 0.8464606181455633 89.97 16.326923076923077 0.49000000000000027
1.0 0.8454636091724825 89.97 16.307692307692307 0.5000000000000002
1.0 0.8444666001994018 89.97 16.28846153846154 0.5100000000000002
1.0 0.843469591226321 89.97 16.26923076923077 0.5200000000000002
1.0 0.8414755732801595 89.97 16.23076923076923 0.5300000000000002
1.0 0.8404785643070788 89.97 16.21153846153846 0.5400000000000003
1.0 0.8384845463609173 89.97 16.173076923076923 0.5500000000000003
1.0 0.8384845463609173 89.97 16.173076923076923 0.5600000000000003
1.0 0.8384845463609173 89.97 16.173076923076923 0.5700000000000003
1.0 0.8374875373878365 89.97 16.153846153846153 0.5800000000000003
1.0 0.8364905284147557 89.97 16.134615384615383 0.5900000000000003
1.0 0.8344965104685942 89.97 16.096153846153847 0.6000000000000003
1.0 0.8325024925224327 89.97 16.057692307692307 0.6100000000000003
1.0 0.8285144566301097 89.97 15.98076923076923 0.6200000000000003
1.0 0.8245264207377866 89.97 15.903846153846153 0.6300000000000003
1.0 0.8205383848454636 89.97 15.826923076923077 0.6400000000000003
1.0 0.8165503489531406 89.97 15.75 0.6500000000000004
1.0 0.8075772681954138 89.97 15.576923076923077 0.6600000000000004
1.0 0.7996011964107677 89.97 15.423076923076923 0.6700000000000004
1.0 0.7886340977068793 89.97 15.211538461538462 0.6800000000000004
1.0 0.7766699900299102 89.97 14.98076923076923 0.6900000000000004
1.0 0.7686939182452642 89.97 14.826923076923077 0.7000000000000004
1.0 0.7537387836490529 89.97 14.538461538461538 0.7100000000000004
1.0 0.7278165503489531 89.97 14.038461538461538 0.7200000000000004
1.0 0.707876370887338 89.97 13.653846153846153 0.7300000000000004
1.0 0.6869391824526421 89.97 13.25 0.7400000000000004
1.0 0.6699900299102692 89.97 12.923076923076923 0.7500000000000004
1.0 0.6580259222333001 89.97 12.692307692307692 0.7600000000000005
1.0 0.6420737786640079 89.97 12.384615384615385 0.7700000000000005
0.9996665555185061 0.6261216350947159 89.94 12.076923076923077 0.7800000000000005
0.9994442591975102 0.6161515453639083 89.92 11.884615384615385 0.7900000000000005
0.9989996665555185 0.609172482552343 89.88 11.75 0.8000000000000005
0.9984439257530288 0.6011964107676969 89.83 11.596153846153847 0.8100000000000005
0.9962209625430699 0.5992023928215354 89.63 11.557692307692308 0.8200000000000005
0.9927753695676337 0.5902293120638086 89.32 11.384615384615385 0.8300000000000005
0.9856618872957652 0.5832502492522432 88.68 11.25 0.8400000000000005
0.9715460709125264 0.5722831505483549 87.41 11.038461538461538 0.8500000000000005
0.9519839946648883 0.5353938185443669 85.65 10.326923076923077 0.8600000000000005
0.9233077692564188 0.5054835493519442 83.07 9.75 0.8700000000000006
0.8856285428476158 0.45862412761714855 79.68 8.846153846153847 0.8800000000000006
0.8375013893520062 0.3988035892323031 75.35 7.6923076923076925 0.8900000000000006
0.7821496054240302 0.32602193419740777 70.37 6.288461538461538 0.9000000000000006
0.7262420806935646 0.25124626121635096 65.34 4.846153846153846 0.9100000000000006
0.6802267422474157 0.19042871385842472 61.2 3.673076923076923 0.9200000000000006
0.6465488496165388 0.1575274177467597 58.17 3.0384615384615383 0.9300000000000006
0.618539513171057 0.12562313060817548 55.65 2.423076923076923 0.9400000000000006
0.5976436589974435 0.10967098703888335 53.77 2.1153846153846154 0.9500000000000006
0.5843058797376903 0.09970089730807577 52.57 1.9230769230769231 0.9600000000000006
0.5677448038234967 0.09970089730807577 51.08 1.9230769230769231 0.9700000000000006
0.5299544292541959 0.09870388833499502 47.68 1.9038461538461537 0.9800000000000006
0.4306991219295321 0.09770687936191426 38.75 1.8846153846153846 0.9900000000000007
0.0 0.0 0.0 0.0
