1.0 1.0 8.997 28.65714285714286 0.0
1.0 0.46859421734795614 8.997 13.428571428571429 0.01
1.0 0.317048853439681 8.997 9.085714285714285 0.02
1.0 0.2662013958125623 8.997 7.628571428571429 0.03
1.0 0.23728813559322035 8.997 6.8 0.04
1.0 0.21834496510468593 8.997 6.257142857142857 0.05
1.0 0.18743768693918245 8.997 5.371428571428571 0.060000000000000005
1.0 0.18743768693918245 8.997 5.371428571428571 0.07
1.0 0.17547357926221335 8.997 5.0285714285714285 0.08
1.0 0.16650049850448653 8.997 4.771428571428571 0.09
1.0 0.15453639082751744 8.997 4.428571428571429 0.09999999999999999
1.0 0.14955134596211367 8.997 4.285714285714286 0.10999999999999999
1.0 0.14356929212362912 8.997 4.114285714285714 0.11999999999999998
1.0 0.13758723828514458 8.997 3.942857142857143 0.12999999999999998
1.0 0.13559322033898305 8.997 3.8857142857142857 0.13999999999999999
1.0 0.1296111665004985 8.997 3.7142857142857144 0.15
1.0 0.1226321036889332 8.997 3.5142857142857142 0.16
1.0 0.11764705882352941 8.997 3.3714285714285714 0.17
1.0 0.10667996011964108 8.997 3.057142857142857 0.18000000000000002
1.0 0.09571286141575275 8.997 2.742857142857143 0.19000000000000003
1.0 0.09471585244267199 8.997 2.7142857142857144 0.20000000000000004
1.0 0.08873379860418744 8.997 2.5428571428571427 0.21000000000000005
1.0 0.08275174476570289 8.997 2.3714285714285714 0.22000000000000006
1.0 0.07776669990029911 8.997 2.2285714285714286 0.23000000000000007
1.0 0.07377866400797607 8.997 2.1142857142857143 0.24000000000000007
1.0 0.07178464606181456 8.997 2.057142857142857 0.25000000000000006
1.0 0.07178464606181456 8.997 2.057142857142857 0.26000000000000006
1.0 0.0707876370887338 8.997 2.0285714285714285 0.2700000000000001
1.0 0.0707876370887338 8.997 2.0285714285714285 0.2800000000000001
1.0 0.06979062811565304 8.997 2.0 0.2900000000000001
1.0 0.06879361914257229 8.997 1.9714285714285715 0.3000000000000001
1.0 0.06879361914257229 8.997 1.9714285714285715 0.3100000000000001
1.0 0.06879361914257229 8.997 1.9714285714285715 0.3200000000000001
1.0 0.06879361914257229 8.997 1.9714285714285715 0.3300000000000001
1.0 0.06879361914257229 8.997 1.9714285714285715 0.34000000000000014
1.0 0.06879361914257229 8.997 1.9714285714285715 0.35000000000000014
1.0 0.06779661016949153 8.997 1.9428571428571428 0.36000000000000015
1.0 0.06779661016949153 8.997 1.9428571428571428 0.37000000000000016
1.0 0.06380857427716849 8.997 1.8285714285714285 0.38000000000000017
1.0 0.06181455633100698 8.997 1.7714285714285714 0.3900000000000002
1.0 0.05982053838484546 8.997 1.7142857142857142 0.4000000000000002
1.0 0.05583250249252243 8.997 1.6 0.4100000000000002
1.0 0.0518444666001994 8.997 1.4857142857142858 0.4200000000000002
1.0 0.045862412761714856 8.997 1.3142857142857143 0.4300000000000002
1.0 0.04287138584247258 8.997 1.2285714285714286 0.4400000000000002
1.0 0.03589232303090728 8.997 1.0285714285714285 0.45000000000000023
1.0 0.03489531405782652 8.997 1.0 0.46000000000000024
1.0 0.03389830508474576 8.997 0.9714285714285714 0.47000000000000025
1.0 0.03290129611166501 8.997 0.9428571428571428 0.48000000000000026
1.0 0.03290129611166501 8.997 0.9428571428571428 0.49000000000000027
1.0 0.028913260219341975 8.997 0.8285714285714286 0.5000000000000002
1.0 0.0259222333000997 8.997 0.7428571428571429 0.5100000000000002
1.0 0.023928215353938187 8.997 0.6857142857142857 0.5200000000000002
1.0 0.02193419740777667 8.997 0.6285714285714286 0.5300000000000002
1.0 0.020937188434695914 8.997 0.6 0.5400000000000003
1.0 0.019940179461615155 8.997 0.5714285714285714 0.5500000000000003
1.0 0.018943170488534396 8.997 0.5428571428571428 0.5600000000000003
1.0 0.018943170488534396 8.997 0.5428571428571428 0.5700000000000003
1.0 0.018943170488534396 8.997 0.5428571428571428 0.5800000000000003
1.0 0.01794616151545364 8.997 0.5142857142857142 0.5900000000000003
1.0 0.01794616151545364 8.997 0.5142857142857142 0.6000000000000003
1.0 0.01794616151545364 8.997 0.5142857142857142 0.6100000000000003
1.0 0.01694915254237288 8.997 0.4857142857142857 0.6200000000000003
1.0 0.015952143569292122 8.997 0.45714285714285713 0.6300000000000003
1.0 0.015952143569292122 8.997 0.45714285714285713 0.6400000000000003
1.0 0.013958125623130608 8.997 0.4 0.6500000000000004
1.0 0.013958125623130608 8.997 0.4 0.6600000000000004
1.0 0.01296111665004985 8.997 0.37142857142857144 0.6700000000000004
1.0 0.01296111665004985 8.997 0.37142857142857144 0.6800000000000004
1.0 0.011964107676969093 8.997 0.34285714285714286 0.6900000000000004
1.0 0.011964107676969093 8.997 0.34285714285714286 0.7000000000000004
1.0 0.00897308075772682 8.997 0.2571428571428571 0.7100000000000004
1.0 0.005982053838484547 8.997 0.17142857142857143 0.7200000000000004
1.0 0.004985044865403789 8.997 0.14285714285714285 0.7300000000000004
1.0 0.003988035892323031 8.997 0.11428571428571428 0.7400000000000004
1.0 0.0019940179461615153 8.997 0.05714285714285714 0.7500000000000004
1.0 0.0019940179461615153 8.997 0.05714285714285714 0.7600000000000005
1.0 0.0019940179461615153 8.997 0.05714285714285714 0.7700000000000005
1.0 0.0019940179461615153 8.997 0.05714285714285714 0.7800000000000005
1.0 9.970089730807576E-4 8.997 0.02857142857142857 0.7900000000000005
1.0 9.970089730807576E-4 8.997 0.02857142857142857 0.8000000000000005
1.0 9.970089730807576E-4 8.997 0.02857142857142857 0.8100000000000005
1.0 9.970089730807576E-4 8.997 0.02857142857142857 0.8200000000000005
1.0 9.970089730807576E-4 8.997 0.02857142857142857 0.8300000000000005
1.0 9.970089730807576E-4 8.997 0.02857142857142857 0.8400000000000005
1.0 9.970089730807576E-4 8.997 0.02857142857142857 0.8500000000000005
1.0 9.970089730807576E-4 8.997 0.02857142857142857 0.8600000000000005
1.0 9.970089730807576E-4 8.997 0.02857142857142857 0.8700000000000006
1.0 9.970089730807576E-4 8.997 0.02857142857142857 0.8800000000000006
1.0 9.970089730807576E-4 8.997 0.02857142857142857 0.8900000000000006
1.0 9.970089730807576E-4 8.997 0.02857142857142857 0.9000000000000006
1.0 0.0 8.997 0.0 0.9100000000000006
1.0 0.0 8.997 0.0 0.9200000000000006
1.0 0.0 8.997 0.0 0.9300000000000006
0.999888851839502 0.0 8.996 0.0 0.9400000000000006
0.999888851839502 0.0 8.996 0.0 0.9500000000000006
0.999888851839502 0.0 8.996 0.0 0.9600000000000006
0.999888851839502 0.0 8.996 0.0 0.9700000000000006
0.9994442591975102 0.0 8.992 0.0 0.9800000000000006
0.9983327775925308 0.0 8.982 0.0 0.9900000000000007
0.0 0.0 0.0 0.0
