1.0 1.0 22.4925 20.06 0.0
1.0 0.9132602193419741 22.4925 18.32 0.01
1.0 0.8344965104685942 22.4925 16.74 0.02
1.0 0.7916251246261217 22.4925 15.88 0.03
1.0 0.765702891326022 22.4925 15.36 0.04
1.0 0.7367896311066799 22.4925 14.78 0.05
1.0 0.6949152542372882 22.4925 13.94 0.060000000000000005
1.0 0.6949152542372882 22.4925 13.94 0.07
1.0 0.6759720837487537 22.4925 13.56 0.08
1.0 0.6630109670987039 22.4925 13.3 0.09
1.0 0.6560319042871385 22.4925 13.16 0.09999999999999999
1.0 0.646061814556331 22.4925 12.96 0.10999999999999999
1.0 0.6420737786640079 22.4925 12.88 0.11999999999999998
1.0 0.6311066799601196 22.4925 12.66 0.12999999999999998
1.0 0.6221335992023929 22.4925 12.48 0.13999999999999999
1.0 0.6181455633100698 22.4925 12.4 0.15
1.0 0.6051844466600199 22.4925 12.14 0.16
1.0 0.5932203389830508 22.4925 11.9 0.17
1.0 0.5732801595214357 22.4925 11.5 0.18000000000000002
1.0 0.5653040877367896 22.4925 11.34 0.19000000000000003
1.0 0.5563310069790628 22.4925 11.16 0.20000000000000004
1.0 0.5383848454636092 22.4925 10.8 0.21000000000000005
1.0 0.5314057826520439 22.4925 10.66 0.22000000000000006
1.0 0.5264207377866401 22.4925 10.56 0.23000000000000007
1.0 0.5234297108673978 22.4925 10.5 0.24000000000000007
1.0 0.518444666001994 22.4925 10.4 0.25000000000000006
1.0 0.5174476570289133 22.4925 10.38 0.26000000000000006
1.0 0.514456630109671 22.4925 10.32 0.2700000000000001
1.0 0.5114656031904287 22.4925 10.26 0.2800000000000001
1.0 0.5084745762711864 22.4925 10.2 0.2900000000000001
1.0 0.5074775672981057 22.4925 10.18 0.3000000000000001
1.0 0.5054835493519442 22.4925 10.14 0.3100000000000001
1.0 0.5034895314057827 22.4925 10.1 0.3200000000000001
1.0 0.5024925224327019 22.4925 10.08 0.3300000000000001
1.0 0.4995014955134596 22.4925 10.02 0.34000000000000014
1.0 0.4955134596211366 22.4925 9.94 0.35000000000000014
1.0 0.49252243270189433 22.4925 9.88 0.36000000000000015
1.0 0.4885343968095713 22.4925 9.8 0.37000000000000016
1.0 0.481555333998006 22.4925 9.66 0.38000000000000017
1.0 0.4745762711864407 22.4925 9.52 0.3900000000000002
1.0 0.47058823529411764 22.4925 9.44 0.4000000000000002
1.0 0.4626121635094716 22.4925 9.28 0.4100000000000002
1.0 0.45363908275174475 22.4925 9.1 0.4200000000000002
1.0 0.4456630109670987 22.4925 8.94 0.4300000000000002
1.0 0.42771684945164506 22.4925 8.58 0.4400000000000002
1.0 0.4167497507477567 22.4925 8.36 0.45000000000000023
1.0 0.4057826520438684 22.4925 8.14 0.46000000000000024
1.0 0.3938185443668993 22.4925 7.9 0.47000000000000025
1.0 0.38883349950149554 22.4925 7.8 0.48000000000000026
1.0 0.3848454636091725 22.4925 7.72 0.49000000000000027
1.0 0.382851445663011 22.4925 7.68 0.5000000000000002
1.0 0.3798604187437687 22.4925 7.62 0.5100000000000002
1.0 0.3778664007976072 22.4925 7.58 0.5200000000000002
1.0 0.36889332003988035 22.4925 7.4 0.5300000000000002
1.0 0.36889332003988035 22.4925 7.4 0.5400000000000003
1.0 0.36689930209371885 22.4925 7.36 0.5500000000000003
1.0 0.3629112662013958 22.4925 7.28 0.5600000000000003
1.0 0.3609172482552343 22.4925 7.24 0.5700000000000003
1.0 0.3589232303090728 22.4925 7.2 0.5800000000000003
1.0 0.357926221335992 22.4925 7.18 0.5900000000000003
1.0 0.3559322033898305 22.4925 7.14 0.6000000000000003
1.0 0.35493519441674976 22.4925 7.12 0.6100000000000003
1.0 0.35294117647058826 22.4925 7.08 0.6200000000000003
1.0 0.3509471585244267 22.4925 7.04 0.6300000000000003
1.0 0.34496510468594216 22.4925 6.92 0.6400000000000003
1.0 0.3389830508474576 22.4925 6.8 0.6500000000000004
1.0 0.3300099700897308 22.4925 6.62 0.6600000000000004
1.0 0.3190428713858425 22.4925 6.4 0.6700000000000004
1.0 0.30807577268195413 22.4925 6.18 0.6800000000000004
1.0 0.29611166500498504 22.4925 5.94 0.6900000000000004
1.0 0.2901296111665005 22.4925 5.82 0.7000000000000004
1.0 0.2741774675972084 22.4925 5.5 0.7100000000000004
1.0 0.24626121635094717 22.4925 4.94 0.7200000000000004
1.0 0.22532402791625125 22.4925 4.52 0.7300000000000004
1.0 0.2053838484546361 22.4925 4.12 0.7400000000000004
1.0 0.18444666001994017 22.4925 3.7 0.7500000000000004
1.0 0.1674975074775673 22.4925 3.36 0.7600000000000005
1.0 0.1575274177467597 22.4925 3.16 0.7700000000000005
1.0 0.14755732801595214 22.4925 2.96 0.7800000000000005
0.999888851839502 0.14456630109670987 22.49 2.9 0.7900000000000005
0.9997777036790041 0.13858424725822532 22.4875 2.78 0.8000000000000005
0.9997777036790041 0.12861415752741776 22.4875 2.58 0.8100000000000005
0.9997777036790041 0.12761714855433698 22.4875 2.56 0.8200000000000005
0.9995554073580082 0.12362911266201396 22.4825 2.48 0.8300000000000005
0.9989996665555185 0.11764705882352941 22.47 2.36 0.8400000000000005
0.9982216294320329 0.11365902293120637 22.4525 2.28 0.8500000000000005
0.9969989996665555 0.10568295114656032 22.425 2.12 0.8600000000000005
0.9947760364565966 0.09471585244267199 22.375 1.9 0.8700000000000006
0.9916638879626543 0.08773678963110668 22.305 1.76 0.8800000000000006
0.9871068133822385 0.07776669990029911 22.2025 1.56 0.8900000000000006
0.9829943314438147 0.05682951146560319 22.11 1.14 0.9000000000000006
0.978214960542403 0.038883349950149554 22.0025 0.78 0.9100000000000006
0.9752139602089586 0.028913260219341975 21.935 0.58 0.9200000000000006
0.9716572190730244 0.013958125623130608 21.855 0.28 0.9300000000000006
0.9676558852950984 0.005982053838484547 21.765 0.12 0.9400000000000006
0.964432588640658 0.003988035892323031 21.6925 0.08 0.9500000000000006
0.9606535511837279 9.970089730807576E-4 21.6075 0.02 0.9600000000000006
0.9558741802823163 0.0 21.5 0.0 0.9700000000000006
0.9436478826275425 0.0 21.225 0.0 0.9800000000000006
0.8989663221073692 0.0 20.22 0.0 0.9900000000000007
0.0 0.0 0.0 0.0
