0.0 0.9970089730807578 0.0 20.0 0.0
0.0 0.8913260219341974 0.0 17.88 0.01
0.0 0.7467597208374875 0.0 14.98 0.02
0.0 0.7188434695912264 0.0 14.42 0.03
0.0 0.6799601196410767 0.0 13.64 0.04
0.0 0.6689930209371885 0.0 13.42 0.05
0.0 0.646061814556331 0.0 12.96 0.060000000000000005
0.0 0.646061814556331 0.0 12.96 0.07
0.0 0.6350947158524427 0.0 12.74 0.08
0.0 0.6261216350947159 0.0 12.56 0.09
0.0 0.6111665004985045 0.0 12.26 0.09999999999999999
0.0 0.5982053838484547 0.0 12.0 0.10999999999999999
0.0 0.5882352941176471 0.0 11.8 0.11999999999999998
0.0 0.5712861415752741 0.0 11.46 0.12999999999999998
0.0 0.5663010967098704 0.0 11.36 0.13999999999999999
0.0 0.5583250249252243 0.0 11.2 0.15
0.0 0.5503489531405783 0.0 11.04 0.16
0.0 0.5483549351944168 0.0 11.0 0.17
0.0 0.53938185443669 0.0 10.82 0.18000000000000002
0.0 0.5343968095712861 0.0 10.72 0.19000000000000003
0.0 0.5284147557328016 0.0 10.6 0.20000000000000004
0.0 0.5234297108673978 0.0 10.5 0.21000000000000005
0.0 0.5204386839481555 0.0 10.44 0.22000000000000006
0.0 0.5174476570289133 0.0 10.38 0.23000000000000007
0.0 0.5104685942173479 0.0 10.24 0.24000000000000007
0.0 0.5094715852442672 0.0 10.22 0.25000000000000006
0.0 0.5054835493519442 0.0 10.14 0.26000000000000006
0.0 0.5034895314057827 0.0 10.1 0.2700000000000001
0.0 0.4995014955134596 0.0 10.02 0.2800000000000001
0.0 0.4955134596211366 0.0 9.94 0.2900000000000001
0.0 0.4945164506480558 0.0 9.92 0.3000000000000001
0.0 0.4905284147557328 0.0 9.84 0.3100000000000001
0.0 0.48953140578265203 0.0 9.82 0.3200000000000001
0.0 0.481555333998006 0.0 9.66 0.3300000000000001
0.0 0.481555333998006 0.0 9.66 0.34000000000000014
0.0 0.481555333998006 0.0 9.66 0.35000000000000014
0.0 0.4795613160518445 0.0 9.62 0.36000000000000015
0.0 0.47756729810568294 0.0 9.58 0.37000000000000016
0.0 0.47357926221335994 0.0 9.5 0.38000000000000017
0.0 0.4695912263210369 0.0 9.42 0.3900000000000002
0.0 0.4695912263210369 0.0 9.42 0.4000000000000002
0.0 0.4695912263210369 0.0 9.42 0.4100000000000002
0.0 0.4666001994017946 0.0 9.36 0.4200000000000002
0.0 0.4646061814556331 0.0 9.32 0.4300000000000002
0.0 0.46161515453639085 0.0 9.26 0.4400000000000002
0.0 0.4596211365902293 0.0 9.22 0.45000000000000023
0.0 0.45663010967098705 0.0 9.16 0.46000000000000024
0.0 0.45663010967098705 0.0 9.16 0.47000000000000025
0.0 0.4546360917248255 0.0 9.12 0.48000000000000026
0.0 0.45363908275174475 0.0 9.1 0.49000000000000027
0.0 0.45363908275174475 0.0 9.1 0.5000000000000002
0.0 0.4426719840478564 0.0 8.88 0.5100000000000002
0.0 0.43768693918245266 0.0 8.78 0.5200000000000002
0.0 0.42771684945164506 0.0 8.58 0.5300000000000002
0.0 0.4247258225324028 0.0 8.52 0.5400000000000003
0.0 0.4187437686939183 0.0 8.4 0.5500000000000003
0.0 0.41575274177467597 0.0 8.34 0.5600000000000003
0.0 0.4127617148554337 0.0 8.28 0.5700000000000003
0.0 0.4097706879361914 0.0 8.22 0.5800000000000003
0.0 0.4077766699900299 0.0 8.18 0.5900000000000003
0.0 0.4047856430707876 0.0 8.12 0.6000000000000003
0.0 0.40279162512462613 0.0 8.08 0.6100000000000003
0.0 0.3988035892323031 0.0 8.0 0.6200000000000003
0.0 0.3938185443668993 0.0 7.9 0.6300000000000003
0.0 0.39282153539381853 0.0 7.88 0.6400000000000003
0.0 0.38883349950149554 0.0 7.8 0.6500000000000004
0.0 0.3818544366899302 0.0 7.66 0.6600000000000004
0.0 0.3778664007976072 0.0 7.58 0.6700000000000004
0.0 0.3728813559322034 0.0 7.48 0.6800000000000004
0.0 0.36390827517447655 0.0 7.3 0.6900000000000004
0.0 0.36191425722831505 0.0 7.26 0.7000000000000004
0.0 0.3559322033898305 0.0 7.14 0.7100000000000004
0.0 0.34297108673978066 0.0 6.88 0.7200000000000004
0.0 0.34097706879361916 0.0 6.84 0.7300000000000004
0.0 0.33798604187437686 0.0 6.78 0.7400000000000004
0.0 0.3349950149551346 0.0 6.72 0.7500000000000004
0.0 0.33100697906281157 0.0 6.64 0.7600000000000005
0.0 0.32901296111665007 0.0 6.6 0.7700000000000005
0.0 0.325024925224327 0.0 6.52 0.7800000000000005
0.0 0.3230309072781655 0.0 6.48 0.7900000000000005
0.0 0.3180458624127617 0.0 6.38 0.8000000000000005
0.0 0.3160518444666002 0.0 6.34 0.8100000000000005
0.0 0.3090727816550349 0.0 6.2 0.8200000000000005
0.0 0.30608175473579263 0.0 6.14 0.8300000000000005
0.0 0.3050847457627119 0.0 6.12 0.8400000000000005
0.0 0.30309072781655033 0.0 6.08 0.8500000000000005
0.0 0.2971086739780658 0.0 5.96 0.8600000000000005
0.0 0.292123629112662 0.0 5.86 0.8700000000000006
0.0 0.28913260219341974 0.0 5.8 0.8800000000000006
0.0 0.28414755732801594 0.0 5.7 0.8900000000000006
0.0 0.2761714855433699 0.0 5.54 0.9000000000000006
0.0 0.27018943170488535 0.0 5.42 0.9100000000000006
0.0 0.26719840478564305 0.0 5.36 0.9200000000000006
0.0 0.25623130608175476 0.0 5.14 0.9300000000000006
0.0 0.24426719840478564 0.0 4.9 0.9400000000000006
0.0 0.22233300099700898 0.0 4.46 0.9500000000000006
0.0 0.2053838484546361 0.0 4.12 0.9600000000000006
0.0 0.1914257228315055 0.0 3.84 0.9700000000000006
0.0 0.15952143569292124 0.0 3.2 0.9800000000000006
0.0 0.12362911266201396 0.0 2.48 0.9900000000000007
0.0 0.0 0.0 0.0
