1.0 1.0 22.4925 22.288888888888888 0.0
1.0 0.9292123629112662 22.4925 20.711111111111112 0.01
1.0 0.8594217347956131 22.4925 19.155555555555555 0.02
1.0 0.8155533399800599 22.4925 18.177777777777777 0.03
1.0 0.7866400797607178 22.4925 17.533333333333335 0.04
1.0 0.7617148554336989 22.4925 16.977777777777778 0.05
1.0 0.7278165503489531 22.4925 16.22222222222222 0.060000000000000005
1.0 0.7278165503489531 22.4925 16.22222222222222 0.07
1.0 0.7038883349950149 22.4925 15.688888888888888 0.08
1.0 0.6969092721834497 22.4925 15.533333333333333 0.09
1.0 0.6849451645064806 22.4925 15.266666666666667 0.09999999999999999
1.0 0.6739780658025922 22.4925 15.022222222222222 0.10999999999999999
1.0 0.6660019940179461 22.4925 14.844444444444445 0.11999999999999998
1.0 0.6610169491525424 22.4925 14.733333333333333 0.12999999999999998
1.0 0.6570289132602194 22.4925 14.644444444444444 0.13999999999999999
1.0 0.6470588235294118 22.4925 14.422222222222222 0.15
1.0 0.6420737786640079 22.4925 14.311111111111112 0.16
1.0 0.6301096709870389 22.4925 14.044444444444444 0.17
1.0 0.6041874376869392 22.4925 13.466666666666667 0.18000000000000002
1.0 0.5922233300099701 22.4925 13.2 0.19000000000000003
1.0 0.5812562313060817 22.4925 12.955555555555556 0.20000000000000004
1.0 0.5702891326021934 22.4925 12.71111111111111 0.21000000000000005
1.0 0.5633100697906281 22.4925 12.555555555555555 0.22000000000000006
1.0 0.555333998005982 22.4925 12.377777777777778 0.23000000000000007
1.0 0.5483549351944168 22.4925 12.222222222222221 0.24000000000000007
1.0 0.5443668993020937 22.4925 12.133333333333333 0.25000000000000006
1.0 0.5403788634097707 22.4925 12.044444444444444 0.26000000000000006
1.0 0.5383848454636092 22.4925 12.0 0.2700000000000001
1.0 0.5373878364905285 22.4925 11.977777777777778 0.2800000000000001
1.0 0.5353938185443669 22.4925 11.933333333333334 0.2900000000000001
1.0 0.5333998005982054 22.4925 11.88888888888889 0.3000000000000001
1.0 0.5294117647058824 22.4925 11.8 0.3100000000000001
1.0 0.5274177467597209 22.4925 11.755555555555556 0.3200000000000001
1.0 0.518444666001994 22.4925 11.555555555555555 0.3300000000000001
1.0 0.5164506480558325 22.4925 11.511111111111111 0.34000000000000014
1.0 0.5124626121635095 22.4925 11.422222222222222 0.35000000000000014
1.0 0.5074775672981057 22.4925 11.311111111111112 0.36000000000000015
1.0 0.5004985044865404 22.4925 11.155555555555555 0.37000000000000016
1.0 0.4955134596211366 22.4925 11.044444444444444 0.38000000000000017
1.0 0.49252243270189433 22.4925 10.977777777777778 0.3900000000000002
1.0 0.48454636091724823 22.4925 10.8 0.4000000000000002
1.0 0.47058823529411764 22.4925 10.488888888888889 0.4100000000000002
1.0 0.46161515453639085 22.4925 10.28888888888889 0.4200000000000002
1.0 0.4476570289132602 22.4925 9.977777777777778 0.4300000000000002
1.0 0.4386839481555334 22.4925 9.777777777777779 0.4400000000000002
1.0 0.42971086739780656 22.4925 9.577777777777778 0.45000000000000023
1.0 0.419740777666999 22.4925 9.355555555555556 0.46000000000000024
1.0 0.4147557328015952 22.4925 9.244444444444444 0.47000000000000025
1.0 0.39780658025922233 22.4925 8.866666666666667 0.48000000000000026
1.0 0.3918245264207378 22.4925 8.733333333333333 0.49000000000000027
1.0 0.386839481555334 22.4925 8.622222222222222 0.5000000000000002
1.0 0.38085742771684944 22.4925 8.488888888888889 0.5100000000000002
1.0 0.37686939182452645 22.4925 8.4 0.5200000000000002
1.0 0.3748753738783649 22.4925 8.355555555555556 0.5300000000000002
1.0 0.37387836490528414 22.4925 8.333333333333334 0.5400000000000003
1.0 0.37188434695912265 22.4925 8.28888888888889 0.5500000000000003
1.0 0.3708873379860419 22.4925 8.266666666666667 0.5600000000000003
1.0 0.3698903290129611 22.4925 8.244444444444444 0.5700000000000003
1.0 0.36889332003988035 22.4925 8.222222222222221 0.5800000000000003
1.0 0.3678963110667996 22.4925 8.2 0.5900000000000003
1.0 0.3678963110667996 22.4925 8.2 0.6000000000000003
1.0 0.36689930209371885 22.4925 8.177777777777777 0.6100000000000003
1.0 0.36490528414755735 22.4925 8.133333333333333 0.6200000000000003
1.0 0.3629112662013958 22.4925 8.088888888888889 0.6300000000000003
1.0 0.357926221335992 22.4925 7.977777777777778 0.6400000000000003
1.0 0.35294117647058826 22.4925 7.866666666666666 0.6500000000000004
1.0 0.34496510468594216 22.4925 7.688888888888889 0.6600000000000004
1.0 0.33998005982053836 22.4925 7.5777777777777775 0.6700000000000004
1.0 0.32801595214356927 22.4925 7.311111111111111 0.6800000000000004
1.0 0.3140578265204387 22.4925 7.0 0.6900000000000004
1.0 0.3040877367896311 22.4925 6.777777777777778 0.7000000000000004
1.0 0.292123629112662 22.4925 6.511111111111111 0.7100000000000004
1.0 0.26819541375872386 22.4925 5.977777777777778 0.7200000000000004
1.0 0.259222333000997 22.4925 5.777777777777778 0.7300000000000004
1.0 0.2452642073778664 22.4925 5.466666666666667 0.7400000000000004
1.0 0.2333000997008973 22.4925 5.2 0.7500000000000004
1.0 0.22532402791625125 22.4925 5.022222222222222 0.7600000000000005
1.0 0.21734795613160518 22.4925 4.844444444444444 0.7700000000000005
1.0 0.20438683948155534 22.4925 4.555555555555555 0.7800000000000005
0.999888851839502 0.1984047856430708 22.49 4.4222222222222225 0.7900000000000005
0.999888851839502 0.19740777666999004 22.49 4.4 0.8000000000000005
0.999888851839502 0.19441674975074777 22.49 4.333333333333333 0.8100000000000005
0.9996665555185061 0.19242273180458624 22.485 4.288888888888889 0.8200000000000005
0.9993331110370124 0.18943170488534397 22.4775 4.222222222222222 0.8300000000000005
0.9986662220740247 0.18544366899302095 22.4625 4.133333333333334 0.8400000000000005
0.9974435923085473 0.18045862412761715 22.435 4.022222222222222 0.8500000000000005
0.995998666222074 0.17746759720837488 22.4025 3.9555555555555557 0.8600000000000005
0.9932199622096254 0.17347956131605186 22.34 3.8666666666666667 0.8700000000000006
0.9893297765921975 0.17148554336989033 22.2525 3.8222222222222224 0.8800000000000006
0.9853284428142715 0.1575274177467597 22.1625 3.511111111111111 0.8900000000000006
0.9806602200733577 0.14456630109670987 22.0575 3.2222222222222223 0.9000000000000006
0.9766588862954318 0.12761714855433698 21.9675 2.8444444444444446 0.9100000000000006
0.9728798488385018 0.11665004985044865 21.8825 2.6 0.9200000000000006
0.9707680337890408 0.10767696909272183 21.835 2.4 0.9300000000000006
0.9677670334555963 0.10568295114656032 21.7675 2.3555555555555556 0.9400000000000006
0.9640991441591642 0.1016949152542373 21.685 2.2666666666666666 0.9500000000000006
0.9600978103812382 0.09770687936191426 21.595 2.1777777777777776 0.9600000000000006
0.9547626986773369 0.09571286141575275 21.475 2.1333333333333333 0.9700000000000006
0.9425364010225631 0.09571286141575275 21.2 2.1333333333333333 0.9800000000000006
0.9043014338112704 0.09571286141575275 20.34 2.1333333333333333 0.9900000000000007
0.0 0.0 0.0 0.0
