1.0 1.0 89.97 25.075 0.0
1.0 0.996011964107677 89.97 24.975 0.01
1.0 0.9890329012961117 89.97 24.8 0.02
1.0 0.9810568295114656 89.97 24.6 0.03
1.0 0.9720837487537388 89.97 24.375 0.04
1.0 0.9690927218344965 89.97 24.3 0.05
1.0 0.959122632103689 89.97 24.05 0.060000000000000005
1.0 0.959122632103689 89.97 24.05 0.07
1.0 0.9561316051844466 89.97 23.975 0.08
1.0 0.9511465603190429 89.97 23.85 0.09
1.0 0.9471585244267199 89.97 23.75 0.09999999999999999
1.0 0.9431704885343968 89.97 23.65 0.10999999999999999
1.0 0.9411764705882353 89.97 23.6 0.11999999999999998
1.0 0.9401794616151545 89.97 23.575 0.12999999999999998
1.0 0.938185443668993 89.97 23.525 0.13999999999999999
1.0 0.938185443668993 89.97 23.525 0.15
1.0 0.9282153539381854 89.97 23.275 0.16
1.0 0.9232303090727817 89.97 23.15 0.17
1.0 0.9182452642073778 89.97 23.025 0.18000000000000002
1.0 0.9142572283150548 89.97 22.925 0.19000000000000003
1.0 0.9102691924227319 89.97 22.825 0.20000000000000004
1.0 0.905284147557328 89.97 22.7 0.21000000000000005
1.0 0.9032901296111665 89.97 22.65 0.22000000000000006
1.0 0.8993020937188435 89.97 22.55 0.23000000000000007
1.0 0.8933200398803589 89.97 22.4 0.24000000000000007
1.0 0.8893320039880359 89.97 22.3 0.25000000000000006
1.0 0.8883349950149552 89.97 22.275 0.26000000000000006
1.0 0.8873379860418744 89.97 22.25 0.2700000000000001
1.0 0.8813559322033898 89.97 22.1 0.2800000000000001
1.0 0.8793619142572283 89.97 22.05 0.2900000000000001
1.0 0.8773678963110668 89.97 22.0 0.3000000000000001
1.0 0.8773678963110668 89.97 22.0 0.3100000000000001
1.0 0.8753738783649053 89.97 21.95 0.3200000000000001
1.0 0.8743768693918246 89.97 21.925 0.3300000000000001
1.0 0.8733798604187437 89.97 21.9 0.34000000000000014
1.0 0.8703888334995015 89.97 21.825 0.35000000000000014
1.0 0.8693918245264207 89.97 21.8 0.36000000000000015
1.0 0.8673978065802592 89.97 21.75 0.37000000000000016
1.0 0.8634097706879362 89.97 21.65 0.38000000000000017
1.0 0.8624127617148555 89.97 21.625 0.3900000000000002
1.0 0.8624127617148555 89.97 21.625 0.4000000000000002
1.0 0.8604187437686939 89.97 21.575 0.4100000000000002
1.0 0.8564307078763709 89.97 21.475 0.4200000000000002
1.0 0.8524426719840479 89.97 21.375 0.4300000000000002
1.0 0.8504486540378864 89.97 21.325 0.4400000000000002
1.0 0.8484546360917248 89.97 21.275 0.45000000000000023
1.0 0.8454636091724825 89.97 21.2 0.46000000000000024
1.0 0.8444666001994018 89.97 21.175 0.47000000000000025
1.0 0.8414755732801595 89.97 21.1 0.48000000000000026
1.0 0.8404785643070788 89.97 21.075 0.49000000000000027
1.0 0.8384845463609173 89.97 21.025 0.5000000000000002
1.0 0.8384845463609173 89.97 21.025 0.5100000000000002
1.0 0.8344965104685942 89.97 20.925 0.5200000000000002
1.0 0.8344965104685942 89.97 20.925 0.5300000000000002
1.0 0.8344965104685942 89.97 20.925 0.5400000000000003
1.0 0.8334995014955134 89.97 20.9 0.5500000000000003
1.0 0.8334995014955134 89.97 20.9 0.5600000000000003
1.0 0.8334995014955134 89.97 20.9 0.5700000000000003
1.0 0.8334995014955134 89.97 20.9 0.5800000000000003
1.0 0.8325024925224327 89.97 20.875 0.5900000000000003
1.0 0.8315054835493519 89.97 20.85 0.6000000000000003
1.0 0.8305084745762712 89.97 20.825 0.6100000000000003
1.0 0.8295114656031904 89.97 20.8 0.6200000000000003
1.0 0.827517447657029 89.97 20.75 0.6300000000000003
1.0 0.8255234297108675 89.97 20.7 0.6400000000000003
1.0 0.8225324027916251 89.97 20.625 0.6500000000000004
1.0 0.8145563310069791 89.97 20.425 0.6600000000000004
1.0 0.8085742771684945 89.97 20.275 0.6700000000000004
1.0 0.7996011964107677 89.97 20.05 0.6800000000000004
1.0 0.7846460618145563 89.97 19.675 0.6900000000000004
1.0 0.7786640079760718 89.97 19.525 0.7000000000000004
1.0 0.7637088733798604 89.97 19.15 0.7100000000000004
1.0 0.7507477567298105 89.97 18.825 0.7200000000000004
1.0 0.7318045862412762 89.97 18.35 0.7300000000000004
1.0 0.7148554336989033 89.97 17.925 0.7400000000000004
1.0 0.6989032901296112 89.97 17.525 0.7500000000000004
1.0 0.6899302093718843 89.97 17.3 0.7600000000000005
1.0 0.6799601196410767 89.97 17.05 0.7700000000000005
0.9997777036790041 0.6669990029910269 89.95 16.725 0.7800000000000005
0.9994442591975102 0.6580259222333001 89.92 16.5 0.7900000000000005
0.9987773702345226 0.6510468594217348 89.86 16.325 0.8000000000000005
0.9975547404690452 0.6420737786640079 89.75 16.1 0.8100000000000005
0.9947760364565966 0.638085742771685 89.5 16.0 0.8200000000000005
0.9903301100366789 0.6241276171485544 89.1 15.65 0.8300000000000005
0.9837723685673002 0.6201395812562313 88.51 15.55 0.8400000000000005
0.9707680337890408 0.6101694915254238 87.34 15.3 0.8500000000000005
0.9543181060353451 0.5732801595214357 85.86 14.375 0.8600000000000005
0.9250861398243859 0.5284147557328016 83.23 13.25 0.8700000000000006
0.8870734689340891 0.481555333998006 79.81 12.075 0.8800000000000006
0.837945981993998 0.42771684945164506 75.39 10.725 0.8900000000000006
0.788485050572413 0.34496510468594216 70.94 8.65 0.9000000000000006
0.737023452261865 0.27018943170488535 66.31 6.775 0.9100000000000006
0.6913415582972102 0.20139581256231306 62.2 5.05 0.9200000000000006
0.654106924530399 0.1485543369890329 58.85 3.725 0.9300000000000006
0.622651995109481 0.12163509471585245 56.02 3.05 0.9400000000000006
0.6022007335778593 0.10867397806580259 54.18 2.725 0.9500000000000006
0.582972101811715 0.09770687936191426 52.45 2.45 0.9600000000000006
0.5626319884405913 0.0967098703888335 50.62 2.425 0.9700000000000006
0.5273980215627432 0.09571286141575275 47.45 2.4 0.9800000000000006
0.43292208513949093 0.09571286141575275 38.95 2.4 0.9900000000000007
0.0 0.0 0.0 0.0
