1.0 1.0 12.852857142857143 66.86666666666666 0.0
1.0 0.7008973080757727 12.852857142857143 46.86666666666667 0.01
1.0 0.5473579262213359 12.852857142857143 36.6 0.02
1.0 0.5044865403788634 12.852857142857143 33.733333333333334 0.03
1.0 0.4785643070787637 12.852857142857143 32.0 0.04
1.0 0.45862412761714855 12.852857142857143 30.666666666666668 0.05
1.0 0.423728813559322 12.852857142857143 28.333333333333332 0.060000000000000005
1.0 0.423728813559322 12.852857142857143 28.333333333333332 0.07
1.0 0.4097706879361914 12.852857142857143 27.4 0.08
1.0 0.3948155533399801 12.852857142857143 26.4 0.09
1.0 0.3848454636091725 12.852857142857143 25.733333333333334 0.09999999999999999
1.0 0.37387836490528414 12.852857142857143 25.0 0.10999999999999999
1.0 0.3678963110667996 12.852857142857143 24.6 0.11999999999999998
1.0 0.3629112662013958 12.852857142857143 24.266666666666666 0.12999999999999998
1.0 0.3559322033898305 12.852857142857143 23.8 0.13999999999999999
1.0 0.3469591226321037 12.852857142857143 23.2 0.15
1.0 0.33300099700897307 12.852857142857143 22.266666666666666 0.16
1.0 0.3220338983050847 12.852857142857143 21.533333333333335 0.17
1.0 0.29810568295114653 12.852857142857143 19.933333333333334 0.18000000000000002
1.0 0.28614157527417744 12.852857142857143 19.133333333333333 0.19000000000000003
1.0 0.27218344965104685 12.852857142857143 18.2 0.20000000000000004
1.0 0.26321036889332006 12.852857142857143 17.6 0.21000000000000005
1.0 0.25523429710867396 12.852857142857143 17.066666666666666 0.22000000000000006
1.0 0.24925224327018944 12.852857142857143 16.666666666666668 0.23000000000000007
1.0 0.2452642073778664 12.852857142857143 16.4 0.24000000000000007
1.0 0.23928215353938184 12.852857142857143 16.0 0.25000000000000006
1.0 0.23629112662013957 12.852857142857143 15.8 0.26000000000000006
1.0 0.23429710867397807 12.852857142857143 15.666666666666666 0.2700000000000001
1.0 0.2313060817547358 12.852857142857143 15.466666666666667 0.2800000000000001
1.0 0.2313060817547358 12.852857142857143 15.466666666666667 0.2900000000000001
1.0 0.22931206380857427 12.852857142857143 15.333333333333334 0.3000000000000001
1.0 0.22931206380857427 12.852857142857143 15.333333333333334 0.3100000000000001
1.0 0.226321036889332 12.852857142857143 15.133333333333333 0.3200000000000001
1.0 0.22333000997008973 12.852857142857143 14.933333333333334 0.3300000000000001
1.0 0.22033898305084745 12.852857142857143 14.733333333333333 0.34000000000000014
1.0 0.21834496510468593 12.852857142857143 14.6 0.35000000000000014
1.0 0.21635094715852443 12.852857142857143 14.466666666666667 0.36000000000000015
1.0 0.20638085742771686 12.852857142857143 13.8 0.37000000000000016
1.0 0.19940179461615154 12.852857142857143 13.333333333333334 0.38000000000000017
1.0 0.1914257228315055 12.852857142857143 12.8 0.3900000000000002
1.0 0.18444666001994017 12.852857142857143 12.333333333333334 0.4000000000000002
1.0 0.17248255234297108 12.852857142857143 11.533333333333333 0.4100000000000002
1.0 0.16350947158524426 12.852857142857143 10.933333333333334 0.4200000000000002
1.0 0.1585244267198405 12.852857142857143 10.6 0.4300000000000002
1.0 0.1465603190428714 12.852857142857143 9.8 0.4400000000000002
1.0 0.13559322033898305 12.852857142857143 9.066666666666666 0.45000000000000023
1.0 0.13060817547357925 12.852857142857143 8.733333333333333 0.46000000000000024
1.0 0.11964107676969092 12.852857142857143 8.0 0.47000000000000025
1.0 0.11365902293120637 12.852857142857143 7.6 0.48000000000000026
1.0 0.10667996011964108 12.852857142857143 7.133333333333334 0.49000000000000027
1.0 0.10269192422731804 12.852857142857143 6.866666666666666 0.5000000000000002
1.0 0.10069790628115653 12.852857142857143 6.733333333333333 0.5100000000000002
1.0 0.09471585244267199 12.852857142857143 6.333333333333333 0.5200000000000002
1.0 0.09172482552342971 12.852857142857143 6.133333333333334 0.5300000000000002
1.0 0.09072781655034895 12.852857142857143 6.066666666666666 0.5400000000000003
1.0 0.08574277168494517 12.852857142857143 5.733333333333333 0.5500000000000003
1.0 0.08374875373878365 12.852857142857143 5.6 0.5600000000000003
1.0 0.08275174476570289 12.852857142857143 5.533333333333333 0.5700000000000003
1.0 0.08175473579262213 12.852857142857143 5.466666666666667 0.5800000000000003
1.0 0.08075772681954138 12.852857142857143 5.4 0.5900000000000003
1.0 0.07976071784646062 12.852857142857143 5.333333333333333 0.6000000000000003
1.0 0.07876370887337986 12.852857142857143 5.266666666666667 0.6100000000000003
1.0 0.07577268195413758 12.852857142857143 5.066666666666666 0.6200000000000003
1.0 0.07577268195413758 12.852857142857143 5.066666666666666 0.6300000000000003
1.0 0.07278165503489531 12.852857142857143 4.866666666666666 0.6400000000000003
1.0 0.06779661016949153 12.852857142857143 4.533333333333333 0.6500000000000004
1.0 0.06679960119641076 12.852857142857143 4.466666666666667 0.6600000000000004
1.0 0.06380857427716849 12.852857142857143 4.266666666666667 0.6700000000000004
1.0 0.05982053838484546 12.852857142857143 4.0 0.6800000000000004
1.0 0.054835493519441676 12.852857142857143 3.6666666666666665 0.6900000000000004
1.0 0.05084745762711865 12.852857142857143 3.4 0.7000000000000004
1.0 0.04685942173479561 12.852857142857143 3.1333333333333333 0.7100000000000004
1.0 0.0448654037886341 12.852857142857143 3.0 0.7200000000000004
1.0 0.0448654037886341 12.852857142857143 3.0 0.7300000000000004
0.999888851839502 0.03988035892323031 12.851428571428572 2.6666666666666665 0.7400000000000004
0.999888851839502 0.036889332003988036 12.851428571428572 2.466666666666667 0.7500000000000004
0.999888851839502 0.02991026919242273 12.851428571428572 2.0 0.7600000000000005
0.999888851839502 0.026919242273180457 12.851428571428572 1.8 0.7700000000000005
0.9997777036790041 0.020937188434695914 12.85 1.4 0.7800000000000005
0.9997777036790041 0.018943170488534396 12.85 1.2666666666666666 0.7900000000000005
0.9997777036790041 0.018943170488534396 12.85 1.2666666666666666 0.8000000000000005
0.9997777036790041 0.01794616151545364 12.85 1.2 0.8100000000000005
0.9997777036790041 0.015952143569292122 12.85 1.0666666666666667 0.8200000000000005
0.9997777036790041 0.013958125623130608 12.85 0.9333333333333333 0.8300000000000005
0.9996665555185061 0.01296111665004985 12.848571428571429 0.8666666666666667 0.8400000000000005
0.9996665555185061 0.01296111665004985 12.848571428571429 0.8666666666666667 0.8500000000000005
0.9994442591975102 0.01296111665004985 12.845714285714285 0.8666666666666667 0.8600000000000005
0.9993331110370124 0.007976071784646061 12.844285714285714 0.5333333333333333 0.8700000000000006
0.9992219628765144 0.004985044865403789 12.842857142857143 0.3333333333333333 0.8800000000000006
0.9991108147160165 0.004985044865403789 12.84142857142857 0.3333333333333333 0.8900000000000006
0.9991108147160165 0.0019940179461615153 12.84142857142857 0.13333333333333333 0.9000000000000006
0.9987773702345226 9.970089730807576E-4 12.837142857142856 0.06666666666666667 0.9100000000000006
0.9984439257530288 9.970089730807576E-4 12.832857142857144 0.06666666666666667 0.9200000000000006
0.9983327775925308 9.970089730807576E-4 12.831428571428571 0.06666666666666667 0.9300000000000006
0.9982216294320329 0.0 12.83 0.0 0.9400000000000006
0.9979993331110371 0.0 12.827142857142857 0.0 0.9500000000000006
0.9972212959875514 0.0 12.817142857142857 0.0 0.9600000000000006
0.9966655551850617 0.0 12.81 0.0 0.9700000000000006
0.9949983327775925 0.0 12.788571428571428 0.0 0.9800000000000006
0.9883294431477159 0.0 12.702857142857143 0.0 0.9900000000000007
0.0 0.0 0.0 0.0
