0.0 0.9970089730807578 0.0 20.0 0.0
0.0 0.9940179461615155 0.0 19.94 0.01
0.0 0.9730807577268196 0.0 19.52 0.02
0.0 0.9661016949152542 0.0 19.38 0.03
0.0 0.9601196410767697 0.0 19.26 0.04
0.0 0.9521435692921236 0.0 19.1 0.05
0.0 0.9451645064805583 0.0 18.96 0.060000000000000005
0.0 0.9451645064805583 0.0 18.96 0.07
0.0 0.9431704885343968 0.0 18.92 0.08
0.0 0.9411764705882353 0.0 18.88 0.09
0.0 0.9391824526420738 0.0 18.84 0.09999999999999999
0.0 0.9351944167497508 0.0 18.76 0.10999999999999999
0.0 0.9312063808574277 0.0 18.68 0.11999999999999998
0.0 0.9262213359920239 0.0 18.58 0.12999999999999998
0.0 0.922233300099701 0.0 18.5 0.13999999999999999
0.0 0.9202392821535393 0.0 18.46 0.15
0.0 0.9112662013958126 0.0 18.28 0.16
0.0 0.9072781655034895 0.0 18.2 0.17
0.0 0.8983050847457628 0.0 18.02 0.18000000000000002
0.0 0.8983050847457628 0.0 18.02 0.19000000000000003
0.0 0.8973080757726819 0.0 18.0 0.20000000000000004
0.0 0.8963110667996012 0.0 17.98 0.21000000000000005
0.0 0.8943170488534397 0.0 17.94 0.22000000000000006
0.0 0.8923230309072782 0.0 17.9 0.23000000000000007
0.0 0.8913260219341974 0.0 17.88 0.24000000000000007
0.0 0.8883349950149552 0.0 17.82 0.25000000000000006
0.0 0.8863409770687937 0.0 17.78 0.26000000000000006
0.0 0.8813559322033898 0.0 17.68 0.2700000000000001
0.0 0.8803589232303091 0.0 17.66 0.2800000000000001
0.0 0.8773678963110668 0.0 17.6 0.2900000000000001
0.0 0.8713858424725822 0.0 17.48 0.3000000000000001
0.0 0.864406779661017 0.0 17.34 0.3100000000000001
0.0 0.8614157527417746 0.0 17.28 0.3200000000000001
0.0 0.8564307078763709 0.0 17.18 0.3300000000000001
0.0 0.8564307078763709 0.0 17.18 0.34000000000000014
0.0 0.8514456630109671 0.0 17.08 0.35000000000000014
0.0 0.8514456630109671 0.0 17.08 0.36000000000000015
0.0 0.8504486540378864 0.0 17.06 0.37000000000000016
0.0 0.8504486540378864 0.0 17.06 0.38000000000000017
0.0 0.8504486540378864 0.0 17.06 0.3900000000000002
0.0 0.8504486540378864 0.0 17.06 0.4000000000000002
0.0 0.8494516450648056 0.0 17.04 0.4100000000000002
0.0 0.847457627118644 0.0 17.0 0.4200000000000002
0.0 0.847457627118644 0.0 17.0 0.4300000000000002
0.0 0.847457627118644 0.0 17.0 0.4400000000000002
0.0 0.847457627118644 0.0 17.0 0.45000000000000023
0.0 0.8464606181455633 0.0 16.98 0.46000000000000024
0.0 0.8464606181455633 0.0 16.98 0.47000000000000025
0.0 0.8454636091724825 0.0 16.96 0.48000000000000026
0.0 0.8424725822532403 0.0 16.9 0.49000000000000027
0.0 0.8374875373878365 0.0 16.8 0.5000000000000002
0.0 0.8354935194416749 0.0 16.76 0.5100000000000002
0.0 0.8325024925224327 0.0 16.7 0.5200000000000002
0.0 0.827517447657029 0.0 16.6 0.5300000000000002
0.0 0.8205383848454636 0.0 16.46 0.5400000000000003
0.0 0.8185443668993021 0.0 16.42 0.5500000000000003
0.0 0.8165503489531406 0.0 16.38 0.5600000000000003
0.0 0.8145563310069791 0.0 16.34 0.5700000000000003
0.0 0.8125623130608175 0.0 16.3 0.5800000000000003
0.0 0.8115653040877367 0.0 16.28 0.5900000000000003
0.0 0.810568295114656 0.0 16.26 0.6000000000000003
0.0 0.8085742771684945 0.0 16.22 0.6100000000000003
0.0 0.8035892323030908 0.0 16.12 0.6200000000000003
0.0 0.7996011964107677 0.0 16.04 0.6300000000000003
0.0 0.7976071784646062 0.0 16.0 0.6400000000000003
0.0 0.7956131605184447 0.0 15.96 0.6500000000000004
0.0 0.7936191425722832 0.0 15.92 0.6600000000000004
0.0 0.7906281156530409 0.0 15.86 0.6700000000000004
0.0 0.7886340977068793 0.0 15.82 0.6800000000000004
0.0 0.7836490528414756 0.0 15.72 0.6900000000000004
0.0 0.7836490528414756 0.0 15.72 0.7000000000000004
0.0 0.7836490528414756 0.0 15.72 0.7100000000000004
0.0 0.7806580259222333 0.0 15.66 0.7200000000000004
0.0 0.7796610169491526 0.0 15.64 0.7300000000000004
0.0 0.7786640079760718 0.0 15.62 0.7400000000000004
0.0 0.7716849451645065 0.0 15.48 0.7500000000000004
0.0 0.7706879361914257 0.0 15.46 0.7600000000000005
0.0 0.7676969092721835 0.0 15.4 0.7700000000000005
0.0 0.7666999002991027 0.0 15.38 0.7800000000000005
0.0 0.7547357926221336 0.0 15.14 0.7900000000000005
0.0 0.7497507477567298 0.0 15.04 0.8000000000000005
0.0 0.7407776669990029 0.0 14.86 0.8100000000000005
0.0 0.7377866400797607 0.0 14.8 0.8200000000000005
0.0 0.7347956131605184 0.0 14.74 0.8300000000000005
0.0 0.7258225324027916 0.0 14.56 0.8400000000000005
0.0 0.7208374875373879 0.0 14.46 0.8500000000000005
0.0 0.7168494516450648 0.0 14.38 0.8600000000000005
0.0 0.7128614157527418 0.0 14.3 0.8700000000000006
0.0 0.7008973080757727 0.0 14.06 0.8800000000000006
0.0 0.6959122632103689 0.0 13.96 0.8900000000000006
0.0 0.6779661016949152 0.0 13.6 0.9000000000000006
0.0 0.6699900299102692 0.0 13.44 0.9100000000000006
0.0 0.6580259222333001 0.0 13.2 0.9200000000000006
0.0 0.6510468594217348 0.0 13.06 0.9300000000000006
0.0 0.6400797607178464 0.0 12.84 0.9400000000000006
0.0 0.6231306081754736 0.0 12.5 0.9500000000000006
0.0 0.5992023928215354 0.0 12.02 0.9600000000000006
0.0 0.5563310069790628 0.0 11.16 0.9700000000000006
0.0 0.5104685942173479 0.0 10.24 0.9800000000000006
0.0 0.4147557328015952 0.0 8.32 0.9900000000000007
0.0 0.0 0.0 0.0
