1.0 1.0 17.994 66.86666666666666 0.0
1.0 0.9042871385842473 17.994 60.46666666666667 0.01
1.0 0.810568295114656 17.994 54.2 0.02
1.0 0.7627118644067796 17.994 51.0 0.03
1.0 0.7357926221335992 17.994 49.2 0.04
1.0 0.7038883349950149 17.994 47.06666666666667 0.05
1.0 0.6719840478564307 17.994 44.93333333333333 0.060000000000000005
1.0 0.6719840478564307 17.994 44.93333333333333 0.07
1.0 0.6590229312063809 17.994 44.06666666666667 0.08
1.0 0.6510468594217348 17.994 43.53333333333333 0.09
1.0 0.6400797607178464 17.994 42.8 0.09999999999999999
1.0 0.6301096709870389 17.994 42.13333333333333 0.10999999999999999
1.0 0.6201395812562313 17.994 41.46666666666667 0.11999999999999998
1.0 0.6081754735792622 17.994 40.666666666666664 0.12999999999999998
1.0 0.6031904287138584 17.994 40.333333333333336 0.13999999999999999
1.0 0.5932203389830508 17.994 39.666666666666664 0.15
1.0 0.5822532402791625 17.994 38.93333333333333 0.16
1.0 0.5712861415752741 17.994 38.2 0.17
1.0 0.5583250249252243 17.994 37.333333333333336 0.18000000000000002
1.0 0.551345962113659 17.994 36.86666666666667 0.19000000000000003
1.0 0.53938185443669 17.994 36.06666666666667 0.20000000000000004
1.0 0.5284147557328016 17.994 35.333333333333336 0.21000000000000005
1.0 0.5214356929212363 17.994 34.86666666666667 0.22000000000000006
1.0 0.5164506480558325 17.994 34.53333333333333 0.23000000000000007
1.0 0.5064805583250249 17.994 33.86666666666667 0.24000000000000007
1.0 0.5024925224327019 17.994 33.6 0.25000000000000006
1.0 0.4995014955134596 17.994 33.4 0.26000000000000006
1.0 0.48953140578265203 17.994 32.733333333333334 0.2700000000000001
1.0 0.48554336989032904 17.994 32.46666666666667 0.2800000000000001
1.0 0.48554336989032904 17.994 32.46666666666667 0.2900000000000001
1.0 0.48454636091724823 17.994 32.4 0.3000000000000001
1.0 0.4835493519441675 17.994 32.333333333333336 0.3100000000000001
1.0 0.48055832502492524 17.994 32.13333333333333 0.3200000000000001
1.0 0.4765702891326022 17.994 31.866666666666667 0.3300000000000001
1.0 0.47258225324027914 17.994 31.6 0.34000000000000014
1.0 0.4666001994017946 17.994 31.2 0.35000000000000014
1.0 0.4596211365902293 17.994 30.733333333333334 0.36000000000000015
1.0 0.4556331006979063 17.994 30.466666666666665 0.37000000000000016
1.0 0.4506480558325025 17.994 30.133333333333333 0.38000000000000017
1.0 0.4456630109670987 17.994 29.8 0.3900000000000002
1.0 0.44167497507477566 17.994 29.533333333333335 0.4000000000000002
1.0 0.4336989032901296 17.994 29.0 0.4100000000000002
1.0 0.4217347956131605 17.994 28.2 0.4200000000000002
1.0 0.4077766699900299 17.994 27.266666666666666 0.4300000000000002
1.0 0.39581256231306083 17.994 26.466666666666665 0.4400000000000002
1.0 0.38783649052841473 17.994 25.933333333333334 0.45000000000000023
1.0 0.3748753738783649 17.994 25.066666666666666 0.46000000000000024
1.0 0.36191425722831505 17.994 24.2 0.47000000000000025
1.0 0.35692921236291125 17.994 23.866666666666667 0.48000000000000026
1.0 0.35294117647058826 17.994 23.6 0.49000000000000027
1.0 0.3469591226321037 17.994 23.2 0.5000000000000002
1.0 0.3439680957128614 17.994 23.0 0.5100000000000002
1.0 0.33798604187437686 17.994 22.6 0.5200000000000002
1.0 0.3320039880358923 17.994 22.2 0.5300000000000002
1.0 0.3270189431704885 17.994 21.866666666666667 0.5400000000000003
1.0 0.325024925224327 17.994 21.733333333333334 0.5500000000000003
1.0 0.325024925224327 17.994 21.733333333333334 0.5600000000000003
1.0 0.3200398803589232 17.994 21.4 0.5700000000000003
1.0 0.31106679960119643 17.994 20.8 0.5800000000000003
1.0 0.3050847457627119 17.994 20.4 0.5900000000000003
1.0 0.3040877367896311 17.994 20.333333333333332 0.6000000000000003
1.0 0.29910269192422734 17.994 20.0 0.6100000000000003
1.0 0.29611166500498504 17.994 19.8 0.6200000000000003
1.0 0.29112662013958124 17.994 19.466666666666665 0.6300000000000003
1.0 0.29112662013958124 17.994 19.466666666666665 0.6400000000000003
1.0 0.29112662013958124 17.994 19.466666666666665 0.6500000000000004
1.0 0.288135593220339 17.994 19.266666666666666 0.6600000000000004
1.0 0.27716849451645065 17.994 18.533333333333335 0.6700000000000004
1.0 0.27018943170488535 17.994 18.066666666666666 0.6800000000000004
1.0 0.26321036889332006 17.994 17.6 0.6900000000000004
1.0 0.2572283150548355 17.994 17.2 0.7000000000000004
1.0 0.2502492522432702 17.994 16.733333333333334 0.7100000000000004
1.0 0.24027916251246262 17.994 16.066666666666666 0.7200000000000004
1.0 0.22731804586241275 17.994 15.2 0.7300000000000004
1.0 0.21834496510468593 17.994 14.6 0.7400000000000004
1.0 0.20638085742771686 17.994 13.8 0.7500000000000004
1.0 0.19242273180458624 17.994 12.866666666666667 0.7600000000000005
0.999888851839502 0.1814556331006979 17.992 12.133333333333333 0.7700000000000005
0.999888851839502 0.17148554336989033 17.992 11.466666666666667 0.7800000000000005
0.999888851839502 0.1694915254237288 17.992 11.333333333333334 0.7900000000000005
0.999888851839502 0.16550348953140578 17.992 11.066666666666666 0.8000000000000005
0.999888851839502 0.1585244267198405 17.992 10.6 0.8100000000000005
0.999888851839502 0.1575274177467597 17.992 10.533333333333333 0.8200000000000005
0.999888851839502 0.15154536390827517 17.992 10.133333333333333 0.8300000000000005
0.999888851839502 0.1465603190428714 17.992 9.8 0.8400000000000005
0.9996665555185061 0.14556331006979062 17.988 9.733333333333333 0.8500000000000005
0.9988885183950206 0.13858424725822532 17.974 9.266666666666667 0.8600000000000005
0.998110481271535 0.13359920239282153 17.96 8.933333333333334 0.8700000000000006
0.9966655551850617 0.12662013958125623 17.934 8.466666666666667 0.8800000000000006
0.9952206290985884 0.12462612163509472 17.908 8.333333333333334 0.8900000000000006
0.9931088140491275 0.12163509471585245 17.87 8.133333333333333 0.9000000000000006
0.99188618428365 0.10568295114656032 17.848 7.066666666666666 0.9100000000000006
0.9911081471601645 0.0967098703888335 17.834 6.466666666666667 0.9200000000000006
0.9899966655551851 0.0897308075772682 17.814 6.0 0.9300000000000006
0.9893297765921975 0.08175473579262213 17.802 5.466666666666667 0.9400000000000006
0.9879959986662221 0.07577268195413758 17.778 5.066666666666666 0.9500000000000006
0.9869956652217405 0.06679960119641076 17.76 4.466666666666667 0.9600000000000006
0.9849949983327776 0.05284147557328016 17.724 3.533333333333333 0.9700000000000006
0.9789929976658887 0.04287138584247258 17.616 2.8666666666666667 0.9800000000000006
0.9586528842947649 0.0259222333000997 17.25 1.7333333333333334 0.9900000000000007
0.0 0.0 0.0 0.0
