0.0 0.7976071784646062 0.0 20.0 0.0
0.0 0.7956131605184447 0.0 19.95 0.01
0.0 0.7796610169491526 0.0 19.55 0.02
0.0 0.7676969092721835 0.0 19.25 0.03
0.0 0.7617148554336989 0.0 19.1 0.04
0.0 0.7587238285144566 0.0 19.025 0.05
0.0 0.7437686939182453 0.0 18.65 0.060000000000000005
0.0 0.7437686939182453 0.0 18.65 0.07
0.0 0.7387836490528414 0.0 18.525 0.08
0.0 0.7377866400797607 0.0 18.5 0.09
0.0 0.732801595214357 0.0 18.375 0.09999999999999999
0.0 0.7288135593220338 0.0 18.275 0.10999999999999999
0.0 0.7238285144566301 0.0 18.15 0.11999999999999998
0.0 0.7208374875373879 0.0 18.075 0.12999999999999998
0.0 0.7178464606181456 0.0 18.0 0.13999999999999999
0.0 0.715852442671984 0.0 17.95 0.15
0.0 0.715852442671984 0.0 17.95 0.16
0.0 0.7148554336989033 0.0 17.925 0.17
0.0 0.7128614157527418 0.0 17.875 0.18000000000000002
0.0 0.7088733798604188 0.0 17.775 0.19000000000000003
0.0 0.7068793619142573 0.0 17.725 0.20000000000000004
0.0 0.7048853439680958 0.0 17.675 0.21000000000000005
0.0 0.7038883349950149 0.0 17.65 0.22000000000000006
0.0 0.7018943170488534 0.0 17.6 0.23000000000000007
0.0 0.6979062811565304 0.0 17.5 0.24000000000000007
0.0 0.6969092721834497 0.0 17.475 0.25000000000000006
0.0 0.6889332003988036 0.0 17.275 0.26000000000000006
0.0 0.6879361914257228 0.0 17.25 0.2700000000000001
0.0 0.6859421734795613 0.0 17.2 0.2800000000000001
0.0 0.6829511465603191 0.0 17.125 0.2900000000000001
0.0 0.6809571286141576 0.0 17.075 0.3000000000000001
0.0 0.6779661016949152 0.0 17.0 0.3100000000000001
0.0 0.6769690927218345 0.0 16.975 0.3200000000000001
0.0 0.6769690927218345 0.0 16.975 0.3300000000000001
0.0 0.6769690927218345 0.0 16.975 0.34000000000000014
0.0 0.6739780658025922 0.0 16.9 0.35000000000000014
0.0 0.6739780658025922 0.0 16.9 0.36000000000000015
0.0 0.6739780658025922 0.0 16.9 0.37000000000000016
0.0 0.6719840478564307 0.0 16.85 0.38000000000000017
0.0 0.6699900299102692 0.0 16.8 0.3900000000000002
0.0 0.6699900299102692 0.0 16.8 0.4000000000000002
0.0 0.6699900299102692 0.0 16.8 0.4100000000000002
0.0 0.6699900299102692 0.0 16.8 0.4200000000000002
0.0 0.6699900299102692 0.0 16.8 0.4300000000000002
0.0 0.6699900299102692 0.0 16.8 0.4400000000000002
0.0 0.6679960119641076 0.0 16.75 0.45000000000000023
0.0 0.6669990029910269 0.0 16.725 0.46000000000000024
0.0 0.6669990029910269 0.0 16.725 0.47000000000000025
0.0 0.6620139581256231 0.0 16.6 0.48000000000000026
0.0 0.6600199401794616 0.0 16.55 0.49000000000000027
0.0 0.6570289132602194 0.0 16.475 0.5000000000000002
0.0 0.6520438683948155 0.0 16.35 0.5100000000000002
0.0 0.6480558325024925 0.0 16.25 0.5200000000000002
0.0 0.6470588235294118 0.0 16.225 0.5300000000000002
0.0 0.6410767696909272 0.0 16.075 0.5400000000000003
0.0 0.6370887337986042 0.0 15.975 0.5500000000000003
0.0 0.6331006979062812 0.0 15.875 0.5600000000000003
0.0 0.6331006979062812 0.0 15.875 0.5700000000000003
0.0 0.6311066799601196 0.0 15.825 0.5800000000000003
0.0 0.6291126620139581 0.0 15.775 0.5900000000000003
0.0 0.6271186440677966 0.0 15.725 0.6000000000000003
0.0 0.6241276171485544 0.0 15.65 0.6100000000000003
0.0 0.6231306081754736 0.0 15.625 0.6200000000000003
0.0 0.6181455633100698 0.0 15.5 0.6300000000000003
0.0 0.617148554336989 0.0 15.475 0.6400000000000003
0.0 0.6141575274177468 0.0 15.4 0.6500000000000004
0.0 0.6121635094715853 0.0 15.35 0.6600000000000004
0.0 0.6051844466600199 0.0 15.175 0.6700000000000004
0.0 0.6041874376869392 0.0 15.15 0.6800000000000004
0.0 0.6021934197407777 0.0 15.1 0.6900000000000004
0.0 0.6011964107676969 0.0 15.075 0.7000000000000004
0.0 0.5992023928215354 0.0 15.025 0.7100000000000004
0.0 0.5962113659022931 0.0 14.95 0.7200000000000004
0.0 0.5922233300099701 0.0 14.85 0.7300000000000004
0.0 0.5912263210368893 0.0 14.825 0.7400000000000004
0.0 0.5792622133599202 0.0 14.525 0.7500000000000004
0.0 0.5782652043868395 0.0 14.5 0.7600000000000005
0.0 0.5722831505483549 0.0 14.35 0.7700000000000005
0.0 0.5702891326021934 0.0 14.3 0.7800000000000005
0.0 0.5672981056829511 0.0 14.225 0.7900000000000005
0.0 0.5603190428713859 0.0 14.05 0.8000000000000005
0.0 0.5563310069790628 0.0 13.95 0.8100000000000005
0.0 0.5503489531405783 0.0 13.8 0.8200000000000005
0.0 0.5443668993020937 0.0 13.65 0.8300000000000005
0.0 0.5423728813559322 0.0 13.6 0.8400000000000005
0.0 0.5413758723828515 0.0 13.575 0.8500000000000005
0.0 0.5373878364905285 0.0 13.475 0.8600000000000005
0.0 0.5314057826520439 0.0 13.325 0.8700000000000006
0.0 0.5264207377866401 0.0 13.2 0.8800000000000006
0.0 0.522432701894317 0.0 13.1 0.8900000000000006
0.0 0.5194416749750748 0.0 13.025 0.9000000000000006
0.0 0.5114656031904287 0.0 12.825 0.9100000000000006
0.0 0.4995014955134596 0.0 12.525 0.9200000000000006
0.0 0.48255234297108673 0.0 12.1 0.9300000000000006
0.0 0.46560319042871384 0.0 11.675 0.9400000000000006
0.0 0.452642073778664 0.0 11.35 0.9500000000000006
0.0 0.41575274177467597 0.0 10.425 0.9600000000000006
0.0 0.3898305084745763 0.0 9.775 0.9700000000000006
0.0 0.35294117647058826 0.0 8.85 0.9800000000000006
0.0 0.29411764705882354 0.0 7.375 0.9900000000000007
0.0 0.0 0.0 0.0
