1.0 1.0 89.97 2.994029850746269 0.0
1.0 0.9970089730807578 89.97 2.985074626865672 0.01
1.0 0.9930209371884346 89.97 2.973134328358209 0.02
1.0 0.9850448654037887 89.97 2.9492537313432834 0.03
1.0 0.9820538384845464 89.97 2.9402985074626864 0.04
1.0 0.9800598205383848 89.97 2.934328358208955 0.05
1.0 0.9770687936191426 89.97 2.925373134328358 0.060000000000000005
1.0 0.9770687936191426 89.97 2.925373134328358 0.07
1.0 0.9740777666999003 89.97 2.916417910447761 0.08
1.0 0.9720837487537388 89.97 2.91044776119403 0.09
1.0 0.9700897308075773 89.97 2.9044776119402984 0.09999999999999999
1.0 0.9680957128614157 89.97 2.8985074626865672 0.10999999999999999
1.0 0.9680957128614157 89.97 2.8985074626865672 0.11999999999999998
1.0 0.967098703888335 89.97 2.8955223880597014 0.12999999999999998
1.0 0.9661016949152542 89.97 2.8925373134328356 0.13999999999999999
1.0 0.9651046859421735 89.97 2.8895522388059702 0.15
1.0 0.963110667996012 89.97 2.8835820895522386 0.16
1.0 0.9621136590229312 89.97 2.8805970149253732 0.17
1.0 0.9571286141575274 89.97 2.8656716417910446 0.18000000000000002
1.0 0.9531405782652044 89.97 2.8537313432835822 0.19000000000000003
1.0 0.9481555333998006 89.97 2.8388059701492536 0.20000000000000004
1.0 0.9461615154536391 89.97 2.8328358208955224 0.21000000000000005
1.0 0.9451645064805583 89.97 2.8298507462686566 0.22000000000000006
1.0 0.942173479561316 89.97 2.8208955223880596 0.23000000000000007
1.0 0.9411764705882353 89.97 2.817910447761194 0.24000000000000007
1.0 0.9411764705882353 89.97 2.817910447761194 0.25000000000000006
1.0 0.9401794616151545 89.97 2.8149253731343284 0.26000000000000006
1.0 0.9391824526420738 89.97 2.8119402985074626 0.2700000000000001
1.0 0.9391824526420738 89.97 2.8119402985074626 0.2800000000000001
1.0 0.9391824526420738 89.97 2.8119402985074626 0.2900000000000001
1.0 0.938185443668993 89.97 2.808955223880597 0.3000000000000001
1.0 0.9361914257228315 89.97 2.8029850746268656 0.3100000000000001
1.0 0.9351944167497508 89.97 2.8 0.3200000000000001
1.0 0.9351944167497508 89.97 2.8 0.3300000000000001
1.0 0.93419740777667 89.97 2.7970149253731345 0.34000000000000014
1.0 0.9312063808574277 89.97 2.7880597014925375 0.35000000000000014
1.0 0.9302093718843469 89.97 2.7850746268656716 0.36000000000000015
1.0 0.9272183449651047 89.97 2.7761194029850746 0.37000000000000016
1.0 0.9262213359920239 89.97 2.773134328358209 0.38000000000000017
1.0 0.9262213359920239 89.97 2.773134328358209 0.3900000000000002
1.0 0.9242273180458624 89.97 2.7671641791044777 0.4000000000000002
1.0 0.922233300099701 89.97 2.7611940298507465 0.4100000000000002
1.0 0.9202392821535393 89.97 2.755223880597015 0.4200000000000002
1.0 0.9162512462612163 89.97 2.743283582089552 0.4300000000000002
1.0 0.9102691924227319 89.97 2.725373134328358 0.4400000000000002
1.0 0.9062811565304087 89.97 2.7134328358208957 0.45000000000000023
1.0 0.9062811565304087 89.97 2.7134328358208957 0.46000000000000024
1.0 0.8993020937188435 89.97 2.692537313432836 0.47000000000000025
1.0 0.8983050847457628 89.97 2.68955223880597 0.48000000000000026
1.0 0.8943170488534397 89.97 2.6776119402985072 0.49000000000000027
1.0 0.8943170488534397 89.97 2.6776119402985072 0.5000000000000002
1.0 0.8943170488534397 89.97 2.6776119402985072 0.5100000000000002
1.0 0.8933200398803589 89.97 2.674626865671642 0.5200000000000002
1.0 0.8923230309072782 89.97 2.671641791044776 0.5300000000000002
1.0 0.8923230309072782 89.97 2.671641791044776 0.5400000000000003
1.0 0.8923230309072782 89.97 2.671641791044776 0.5500000000000003
1.0 0.8913260219341974 89.97 2.6686567164179102 0.5600000000000003
1.0 0.8893320039880359 89.97 2.662686567164179 0.5700000000000003
1.0 0.8883349950149552 89.97 2.6597014925373132 0.5800000000000003
1.0 0.8873379860418744 89.97 2.656716417910448 0.5900000000000003
1.0 0.8863409770687937 89.97 2.653731343283582 0.6000000000000003
1.0 0.8843469591226321 89.97 2.647761194029851 0.6100000000000003
1.0 0.8793619142572283 89.97 2.6328358208955223 0.6200000000000003
1.0 0.8783649052841476 89.97 2.629850746268657 0.6300000000000003
1.0 0.8733798604187437 89.97 2.6149253731343283 0.6400000000000003
1.0 0.8693918245264207 89.97 2.6029850746268655 0.6500000000000004
1.0 0.8564307078763709 89.97 2.564179104477612 0.6600000000000004
1.0 0.843469591226321 89.97 2.5253731343283583 0.6700000000000004
1.0 0.8325024925224327 89.97 2.4925373134328357 0.6800000000000004
1.0 0.8205383848454636 89.97 2.4567164179104477 0.6900000000000004
1.0 0.8095712861415753 89.97 2.4238805970149255 0.7000000000000004
1.0 0.80259222333001 89.97 2.4029850746268657 0.7100000000000004
1.0 0.7786640079760718 89.97 2.3313432835820898 0.7200000000000004
1.0 0.7597208374875374 89.97 2.274626865671642 0.7300000000000004
1.0 0.7417746759720838 89.97 2.2208955223880595 0.7400000000000004
1.0 0.7308075772681955 89.97 2.1880597014925374 0.7500000000000004
1.0 0.7178464606181456 89.97 2.1492537313432836 0.7600000000000005
1.0 0.7018943170488534 89.97 2.1014925373134328 0.7700000000000005
0.9997777036790041 0.6879361914257228 89.95 2.0597014925373136 0.7800000000000005
0.9996665555185061 0.6839481555333998 89.94 2.047761194029851 0.7900000000000005
0.9986662220740247 0.6769690927218345 89.85 2.026865671641791 0.8000000000000005
0.9966655551850617 0.6739780658025922 89.67 2.017910447761194 0.8100000000000005
0.9937757030121152 0.6719840478564307 89.41 2.011940298507463 0.8200000000000005
0.9885517394687118 0.6600199401794616 88.94 1.9761194029850746 0.8300000000000005
0.9805490719128599 0.646061814556331 88.22 1.9343283582089552 0.8400000000000005
0.9655440702456375 0.6311066799601196 86.87 1.8895522388059702 0.8500000000000005
0.9395354006891186 0.5902293120638086 84.53 1.7671641791044777 0.8600000000000005
0.9003001000333445 0.5463609172482552 81.0 1.635820895522388 0.8700000000000006
0.8492830943647882 0.48255234297108673 76.41 1.4447761194029851 0.8800000000000006
0.7862620873624542 0.42073778664007977 70.74 1.2597014925373133 0.8900000000000006
0.7171279315327331 0.32602193419740777 64.52 0.9761194029850746 0.9000000000000006
0.6461042569745471 0.23429710867397807 58.13 0.7014925373134329 0.9100000000000006
0.5871957319106369 0.1674975074775673 52.83 0.5014925373134328 0.9200000000000006
0.5389574302545292 0.10867397806580259 48.49 0.3253731343283582 0.9300000000000006
0.5015005001667222 0.07676969092721835 45.12 0.2298507462686567 0.9400000000000006
0.47704790485717463 0.06281156530408774 42.92 0.1880597014925373 0.9500000000000006
0.46059797710347894 0.05084745762711865 41.44 0.15223880597014924 0.9600000000000006
0.4440369011892853 0.05084745762711865 39.95 0.15223880597014924 0.9700000000000006
0.4132488607313549 0.05084745762711865 37.18 0.15223880597014924 0.9800000000000006
0.326108702900967 0.05084745762711865 29.34 0.15223880597014924 0.9900000000000007
0.0 0.0 0.0 0.0
