1.0 1.0 9.996666666666666 28.65714285714286 0.0
1.0 0.5942173479561316 9.996666666666666 17.02857142857143 0.01
1.0 0.4765702891326022 9.996666666666666 13.657142857142857 0.02
1.0 0.42273180458624127 9.996666666666666 12.114285714285714 0.03
1.0 0.38883349950149554 9.996666666666666 11.142857142857142 0.04
1.0 0.36889332003988035 9.996666666666666 10.571428571428571 0.05
1.0 0.3369890329012961 9.996666666666666 9.657142857142857 0.060000000000000005
1.0 0.3369890329012961 9.996666666666666 9.657142857142857 0.07
1.0 0.3240279162512463 9.996666666666666 9.285714285714286 0.08
1.0 0.30807577268195413 9.996666666666666 8.82857142857143 0.09
1.0 0.288135593220339 9.996666666666666 8.257142857142858 0.09999999999999999
1.0 0.2831505483549352 9.996666666666666 8.114285714285714 0.10999999999999999
1.0 0.2761714855433699 9.996666666666666 7.914285714285715 0.11999999999999998
1.0 0.27018943170488535 9.996666666666666 7.742857142857143 0.12999999999999998
1.0 0.26719840478564305 9.996666666666666 7.6571428571428575 0.13999999999999999
1.0 0.25523429710867396 9.996666666666666 7.314285714285714 0.15
1.0 0.2542372881355932 9.996666666666666 7.285714285714286 0.16
1.0 0.24825523429710866 9.996666666666666 7.114285714285714 0.17
1.0 0.23529411764705882 9.996666666666666 6.742857142857143 0.18000000000000002
1.0 0.22432701894317048 9.996666666666666 6.428571428571429 0.19000000000000003
1.0 0.21635094715852443 9.996666666666666 6.2 0.20000000000000004
1.0 0.20837487537387836 9.996666666666666 5.9714285714285715 0.21000000000000005
1.0 0.2023928215353938 9.996666666666666 5.8 0.22000000000000006
1.0 0.19740777666999004 9.996666666666666 5.6571428571428575 0.23000000000000007
1.0 0.1914257228315055 9.996666666666666 5.485714285714286 0.24000000000000007
1.0 0.18743768693918245 9.996666666666666 5.371428571428571 0.25000000000000006
1.0 0.1864406779661017 9.996666666666666 5.3428571428571425 0.26000000000000006
1.0 0.18444666001994017 9.996666666666666 5.285714285714286 0.2700000000000001
1.0 0.1794616151545364 9.996666666666666 5.142857142857143 0.2800000000000001
1.0 0.17746759720837488 9.996666666666666 5.085714285714285 0.2900000000000001
1.0 0.17647058823529413 9.996666666666666 5.057142857142857 0.3000000000000001
1.0 0.1744765702891326 9.996666666666666 5.0 0.3100000000000001
1.0 0.17048853439680958 9.996666666666666 4.885714285714286 0.3200000000000001
1.0 0.17048853439680958 9.996666666666666 4.885714285714286 0.3300000000000001
1.0 0.17048853439680958 9.996666666666666 4.885714285714286 0.34000000000000014
1.0 0.16450648055832504 9.996666666666666 4.714285714285714 0.35000000000000014
1.0 0.1625124626121635 9.996666666666666 4.6571428571428575 0.36000000000000015
1.0 0.16151545363908276 9.996666666666666 4.628571428571429 0.37000000000000016
1.0 0.15553339980059822 9.996666666666666 4.457142857142857 0.38000000000000017
1.0 0.15054835493519442 9.996666666666666 4.314285714285714 0.3900000000000002
1.0 0.14556331006979062 9.996666666666666 4.171428571428572 0.4000000000000002
1.0 0.1415752741774676 9.996666666666666 4.057142857142857 0.4100000000000002
1.0 0.13260219341974078 9.996666666666666 3.8 0.4200000000000002
1.0 0.1296111665004985 9.996666666666666 3.7142857142857144 0.4300000000000002
1.0 0.12662013958125623 9.996666666666666 3.6285714285714286 0.4400000000000002
1.0 0.11665004985044865 9.996666666666666 3.342857142857143 0.45000000000000023
1.0 0.10867397806580259 9.996666666666666 3.1142857142857143 0.46000000000000024
1.0 0.10468594217347957 9.996666666666666 3.0 0.47000000000000025
1.0 0.10069790628115653 9.996666666666666 2.8857142857142857 0.48000000000000026
1.0 0.09770687936191426 9.996666666666666 2.8 0.49000000000000027
1.0 0.09571286141575275 9.996666666666666 2.742857142857143 0.5000000000000002
1.0 0.09272183449651047 9.996666666666666 2.657142857142857 0.5100000000000002
1.0 0.08873379860418744 9.996666666666666 2.5428571428571427 0.5200000000000002
1.0 0.08673978065802593 9.996666666666666 2.4857142857142858 0.5300000000000002
1.0 0.08673978065802593 9.996666666666666 2.4857142857142858 0.5400000000000003
1.0 0.08574277168494517 9.996666666666666 2.4571428571428573 0.5500000000000003
1.0 0.08574277168494517 9.996666666666666 2.4571428571428573 0.5600000000000003
1.0 0.08574277168494517 9.996666666666666 2.4571428571428573 0.5700000000000003
1.0 0.08574277168494517 9.996666666666666 2.4571428571428573 0.5800000000000003
1.0 0.0847457627118644 9.996666666666666 2.4285714285714284 0.5900000000000003
1.0 0.0847457627118644 9.996666666666666 2.4285714285714284 0.6000000000000003
1.0 0.08374875373878365 9.996666666666666 2.4 0.6100000000000003
1.0 0.08275174476570289 9.996666666666666 2.3714285714285714 0.6200000000000003
1.0 0.08175473579262213 9.996666666666666 2.342857142857143 0.6300000000000003
1.0 0.07976071784646062 9.996666666666666 2.2857142857142856 0.6400000000000003
1.0 0.07776669990029911 9.996666666666666 2.2285714285714286 0.6500000000000004
1.0 0.07577268195413758 9.996666666666666 2.1714285714285713 0.6600000000000004
1.0 0.07577268195413758 9.996666666666666 2.1714285714285713 0.6700000000000004
1.0 0.07178464606181456 9.996666666666666 2.057142857142857 0.6800000000000004
1.0 0.06879361914257229 9.996666666666666 1.9714285714285715 0.6900000000000004
1.0 0.06181455633100698 9.996666666666666 1.7714285714285714 0.7000000000000004
1.0 0.05682951146560319 9.996666666666666 1.6285714285714286 0.7100000000000004
1.0 0.0518444666001994 9.996666666666666 1.4857142857142858 0.7200000000000004
1.0 0.049850448654037885 9.996666666666666 1.4285714285714286 0.7300000000000004
1.0 0.0448654037886341 9.996666666666666 1.2857142857142858 0.7400000000000004
1.0 0.03988035892323031 9.996666666666666 1.1428571428571428 0.7500000000000004
1.0 0.03788634097706879 9.996666666666666 1.0857142857142856 0.7600000000000005
1.0 0.03589232303090728 9.996666666666666 1.0285714285714285 0.7700000000000005
1.0 0.03389830508474576 9.996666666666666 0.9714285714285714 0.7800000000000005
1.0 0.03290129611166501 9.996666666666666 0.9428571428571428 0.7900000000000005
1.0 0.03290129611166501 9.996666666666666 0.9428571428571428 0.8000000000000005
1.0 0.03290129611166501 9.996666666666666 0.9428571428571428 0.8100000000000005
1.0 0.031904287138584245 9.996666666666666 0.9142857142857143 0.8200000000000005
1.0 0.03090727816550349 9.996666666666666 0.8857142857142857 0.8300000000000005
1.0 0.03090727816550349 9.996666666666666 0.8857142857142857 0.8400000000000005
1.0 0.03090727816550349 9.996666666666666 0.8857142857142857 0.8500000000000005
1.0 0.024925224327018942 9.996666666666666 0.7142857142857143 0.8600000000000005
0.9996665555185061 0.022931206380857428 9.993333333333334 0.6571428571428571 0.8700000000000006
0.9995554073580082 0.018943170488534396 9.992222222222223 0.5428571428571428 0.8800000000000006
0.9991108147160165 0.014955134596211365 9.987777777777778 0.42857142857142855 0.8900000000000006
0.9987773702345226 0.009970089730807577 9.984444444444444 0.2857142857142857 0.9000000000000006
0.9985550739135267 0.007976071784646061 9.982222222222223 0.22857142857142856 0.9100000000000006
0.9983327775925308 0.0029910269192422734 9.98 0.08571428571428572 0.9200000000000006
0.9982216294320329 0.0019940179461615153 9.97888888888889 0.05714285714285714 0.9300000000000006
0.9982216294320329 9.970089730807576E-4 9.97888888888889 0.02857142857142857 0.9400000000000006
0.998110481271535 9.970089730807576E-4 9.977777777777778 0.02857142857142857 0.9500000000000006
0.9978881849505391 0.0 9.975555555555555 0.0 0.9600000000000006
0.9974435923085473 0.0 9.971111111111112 0.0 0.9700000000000006
0.9955540735800823 0.0 9.952222222222222 0.0 0.9800000000000006
0.9909969989996665 0.0 9.906666666666666 0.0 0.9900000000000007
0.0 0.0 0.0 0.0
