1.0 1.0 44.985 5.278947368421052 0.0
1.0 0.9840478564307079 44.985 5.1947368421052635 0.01
1.0 0.9501495513459621 44.985 5.015789473684211 0.02
1.0 0.9332003988035892 44.985 4.926315789473684 0.03
1.0 0.9162512462612163 44.985 4.836842105263158 0.04
1.0 0.9082751744765702 44.985 4.794736842105263 0.05
1.0 0.8923230309072782 44.985 4.7105263157894735 0.060000000000000005
1.0 0.8923230309072782 44.985 4.7105263157894735 0.07
1.0 0.8833499501495513 44.985 4.663157894736842 0.08
1.0 0.8783649052841476 44.985 4.636842105263158 0.09
1.0 0.8733798604187437 44.985 4.610526315789474 0.09999999999999999
1.0 0.8703888334995015 44.985 4.594736842105263 0.10999999999999999
1.0 0.8654037886340977 44.985 4.568421052631579 0.11999999999999998
1.0 0.8614157527417746 44.985 4.5473684210526315 0.12999999999999998
1.0 0.8584247258225324 44.985 4.531578947368421 0.13999999999999999
1.0 0.8514456630109671 44.985 4.494736842105263 0.15
1.0 0.8464606181455633 44.985 4.468421052631579 0.16
1.0 0.839481555333998 44.985 4.431578947368421 0.17
1.0 0.8265204386839482 44.985 4.363157894736842 0.18000000000000002
1.0 0.8225324027916251 44.985 4.342105263157895 0.19000000000000003
1.0 0.8175473579262214 44.985 4.315789473684211 0.20000000000000004
1.0 0.8085742771684945 44.985 4.268421052631579 0.21000000000000005
1.0 0.8015952143569293 44.985 4.231578947368421 0.22000000000000006
1.0 0.8005982053838484 44.985 4.226315789473684 0.23000000000000007
1.0 0.7986041874376869 44.985 4.21578947368421 0.24000000000000007
1.0 0.7956131605184447 44.985 4.2 0.25000000000000006
1.0 0.7946161515453639 44.985 4.1947368421052635 0.26000000000000006
1.0 0.7926221335992024 44.985 4.184210526315789 0.2700000000000001
1.0 0.7926221335992024 44.985 4.184210526315789 0.2800000000000001
1.0 0.7926221335992024 44.985 4.184210526315789 0.2900000000000001
1.0 0.7916251246261217 44.985 4.178947368421053 0.3000000000000001
1.0 0.7906281156530409 44.985 4.173684210526316 0.3100000000000001
1.0 0.7896311066799602 44.985 4.168421052631579 0.3200000000000001
1.0 0.7896311066799602 44.985 4.168421052631579 0.3300000000000001
1.0 0.7886340977068793 44.985 4.163157894736842 0.34000000000000014
1.0 0.7886340977068793 44.985 4.163157894736842 0.35000000000000014
1.0 0.7836490528414756 44.985 4.136842105263158 0.36000000000000015
1.0 0.7796610169491526 44.985 4.11578947368421 0.37000000000000016
1.0 0.7776669990029911 44.985 4.105263157894737 0.38000000000000017
1.0 0.7756729810568295 44.985 4.094736842105263 0.3900000000000002
1.0 0.7647058823529411 44.985 4.036842105263158 0.4000000000000002
1.0 0.7537387836490529 44.985 3.9789473684210526 0.4100000000000002
1.0 0.7467597208374875 44.985 3.942105263157895 0.4200000000000002
1.0 0.7407776669990029 44.985 3.9105263157894736 0.4300000000000002
1.0 0.7308075772681955 44.985 3.857894736842105 0.4400000000000002
1.0 0.7218344965104686 44.985 3.8105263157894735 0.45000000000000023
1.0 0.7138584247258225 44.985 3.768421052631579 0.46000000000000024
1.0 0.7018943170488534 44.985 3.705263157894737 0.47000000000000025
1.0 0.6939182452642074 44.985 3.663157894736842 0.48000000000000026
1.0 0.6899302093718843 44.985 3.642105263157895 0.49000000000000027
1.0 0.6859421734795613 44.985 3.6210526315789475 0.5000000000000002
1.0 0.6809571286141576 44.985 3.594736842105263 0.5100000000000002
1.0 0.6759720837487537 44.985 3.568421052631579 0.5200000000000002
1.0 0.6699900299102692 44.985 3.536842105263158 0.5300000000000002
1.0 0.6679960119641076 44.985 3.526315789473684 0.5400000000000003
1.0 0.6630109670987039 44.985 3.5 0.5500000000000003
1.0 0.6610169491525424 44.985 3.4894736842105263 0.5600000000000003
1.0 0.6600199401794616 44.985 3.4842105263157896 0.5700000000000003
1.0 0.6570289132602194 44.985 3.468421052631579 0.5800000000000003
1.0 0.6560319042871385 44.985 3.463157894736842 0.5900000000000003
1.0 0.6550348953140578 44.985 3.457894736842105 0.6000000000000003
1.0 0.6480558325024925 44.985 3.4210526315789473 0.6100000000000003
1.0 0.6470588235294118 44.985 3.4157894736842107 0.6200000000000003
1.0 0.6420737786640079 44.985 3.389473684210526 0.6300000000000003
1.0 0.6410767696909272 44.985 3.3842105263157896 0.6400000000000003
1.0 0.6360917248255235 44.985 3.357894736842105 0.6500000000000004
1.0 0.6241276171485544 44.985 3.294736842105263 0.6600000000000004
1.0 0.613160518444666 44.985 3.236842105263158 0.6700000000000004
1.0 0.5942173479561316 44.985 3.136842105263158 0.6800000000000004
1.0 0.5702891326021934 44.985 3.0105263157894737 0.6900000000000004
1.0 0.5573280159521435 44.985 2.942105263157895 0.7000000000000004
1.0 0.5314057826520439 44.985 2.805263157894737 0.7100000000000004
1.0 0.49750747756729813 44.985 2.626315789473684 0.7200000000000004
1.0 0.4715852442671984 44.985 2.4894736842105263 0.7300000000000004
1.0 0.4576271186440678 44.985 2.4157894736842107 0.7400000000000004
1.0 0.4386839481555334 44.985 2.3157894736842106 0.7500000000000004
1.0 0.42073778664007977 44.985 2.221052631578947 0.7600000000000005
1.0 0.4107676969092722 44.985 2.168421052631579 0.7700000000000005
1.0 0.40079760717846463 44.985 2.1157894736842104 0.7800000000000005
0.9996665555185061 0.3898305084745763 44.97 2.057894736842105 0.7900000000000005
0.9994442591975102 0.38384845463609174 44.96 2.026315789473684 0.8000000000000005
0.9992219628765144 0.3818544366899302 44.95 2.0157894736842104 0.8100000000000005
0.9986662220740247 0.37886340977068794 44.925 2.0 0.8200000000000005
0.9964432588640658 0.3748753738783649 44.825 1.9789473684210526 0.8300000000000005
0.9933311103701233 0.3698903290129611 44.685 1.9526315789473685 0.8400000000000005
0.9893297765921975 0.36390827517447655 44.505 1.9210526315789473 0.8500000000000005
0.9819939979993331 0.34496510468594216 44.175 1.8210526315789475 0.8600000000000005
0.9715460709125264 0.3270189431704885 43.705 1.7263157894736842 0.8700000000000006
0.9574302545292875 0.30109670987038883 43.07 1.5894736842105264 0.8800000000000006
0.938868511726131 0.2711864406779661 42.235 1.431578947368421 0.8900000000000006
0.9206402134044681 0.22233300099700898 41.415 1.1736842105263159 0.9000000000000006
0.8989663221073692 0.18344965104685942 40.44 0.968421052631579 0.9100000000000006
0.8827386906746694 0.15054835493519442 39.71 0.7947368421052632 0.9200000000000006
0.867511392686451 0.12362911266201396 39.025 0.6526315789473685 0.9300000000000006
0.8551739468711793 0.10667996011964108 38.47 0.5631578947368421 0.9400000000000006
0.8462820940313438 0.10069790628115653 38.07 0.531578947368421 0.9500000000000006
0.8377236856730021 0.09471585244267199 37.685 0.5 0.9600000000000006
0.8262754251417139 0.09471585244267199 37.17 0.5 0.9700000000000006
0.7942647549183061 0.09471585244267199 35.73 0.5 0.9800000000000006
0.7045681893964655 0.09371884346959122 31.695 0.49473684210526314 0.9900000000000007
0.0 0.0 0.0 0.0
