1.0 1.0 11.24625 33.43333333333333 0.0
1.0 0.6719840478564307 11.24625 22.466666666666665 0.01
1.0 0.5473579262213359 11.24625 18.3 0.02
1.0 0.4945164506480558 11.24625 16.533333333333335 0.03
1.0 0.46360917248255235 11.24625 15.5 0.04
1.0 0.44466600199401796 11.24625 14.866666666666667 0.05
1.0 0.40279162512462613 11.24625 13.466666666666667 0.060000000000000005
1.0 0.40279162512462613 11.24625 13.466666666666667 0.07
1.0 0.39282153539381853 11.24625 13.133333333333333 0.08
1.0 0.37886340977068794 11.24625 12.666666666666666 0.09
1.0 0.3678963110667996 11.24625 12.3 0.09999999999999999
1.0 0.357926221335992 11.24625 11.966666666666667 0.10999999999999999
1.0 0.35194416749750745 11.24625 11.766666666666667 0.11999999999999998
1.0 0.3469591226321037 11.24625 11.6 0.12999999999999998
1.0 0.3419740777666999 11.24625 11.433333333333334 0.13999999999999999
1.0 0.3320039880358923 11.24625 11.1 0.15
1.0 0.3220338983050847 11.24625 10.766666666666667 0.16
1.0 0.317048853439681 11.24625 10.6 0.17
1.0 0.30608175473579263 11.24625 10.233333333333333 0.18000000000000002
1.0 0.29611166500498504 11.24625 9.9 0.19000000000000003
1.0 0.28713858424725824 11.24625 9.6 0.20000000000000004
1.0 0.2811565304087737 11.24625 9.4 0.21000000000000005
1.0 0.27218344965104685 11.24625 9.1 0.22000000000000006
1.0 0.2691924227318046 11.24625 9.0 0.23000000000000007
1.0 0.2662013958125623 11.24625 8.9 0.24000000000000007
1.0 0.2622133599202393 11.24625 8.766666666666667 0.25000000000000006
1.0 0.2572283150548355 11.24625 8.6 0.26000000000000006
1.0 0.25324027916251246 11.24625 8.466666666666667 0.2700000000000001
1.0 0.2502492522432702 11.24625 8.366666666666667 0.2800000000000001
1.0 0.24925224327018944 11.24625 8.333333333333334 0.2900000000000001
1.0 0.24925224327018944 11.24625 8.333333333333334 0.3000000000000001
1.0 0.2452642073778664 11.24625 8.2 0.3100000000000001
1.0 0.2452642073778664 11.24625 8.2 0.3200000000000001
1.0 0.24426719840478564 11.24625 8.166666666666666 0.3300000000000001
1.0 0.24227318045862412 11.24625 8.1 0.34000000000000014
1.0 0.24227318045862412 11.24625 8.1 0.35000000000000014
1.0 0.24127617148554337 11.24625 8.066666666666666 0.36000000000000015
1.0 0.23728813559322035 11.24625 7.933333333333334 0.37000000000000016
1.0 0.23030907278165502 11.24625 7.7 0.38000000000000017
1.0 0.226321036889332 11.24625 7.566666666666666 0.3900000000000002
1.0 0.22033898305084745 11.24625 7.366666666666666 0.4000000000000002
1.0 0.2143569292123629 11.24625 7.166666666666667 0.4100000000000002
1.0 0.20837487537387836 11.24625 6.966666666666667 0.4200000000000002
1.0 0.20438683948155534 11.24625 6.833333333333333 0.4300000000000002
1.0 0.19641076769690927 11.24625 6.566666666666666 0.4400000000000002
1.0 0.18544366899302095 11.24625 6.2 0.45000000000000023
1.0 0.17347956131605186 11.24625 5.8 0.46000000000000024
1.0 0.16450648055832504 11.24625 5.5 0.47000000000000025
1.0 0.15952143569292124 11.24625 5.333333333333333 0.48000000000000026
1.0 0.1575274177467597 11.24625 5.266666666666667 0.49000000000000027
1.0 0.15653040877367896 11.24625 5.233333333333333 0.5000000000000002
1.0 0.15254237288135594 11.24625 5.1 0.5100000000000002
1.0 0.15054835493519442 11.24625 5.033333333333333 0.5200000000000002
1.0 0.14755732801595214 11.24625 4.933333333333334 0.5300000000000002
1.0 0.14556331006979062 11.24625 4.866666666666666 0.5400000000000003
1.0 0.14556331006979062 11.24625 4.866666666666666 0.5500000000000003
1.0 0.14257228315054835 11.24625 4.766666666666667 0.5600000000000003
1.0 0.14257228315054835 11.24625 4.766666666666667 0.5700000000000003
1.0 0.1415752741774676 11.24625 4.733333333333333 0.5800000000000003
1.0 0.13858424725822532 11.24625 4.633333333333334 0.5900000000000003
1.0 0.13758723828514458 11.24625 4.6 0.6000000000000003
1.0 0.13559322033898305 11.24625 4.533333333333333 0.6100000000000003
1.0 0.1345962113659023 11.24625 4.5 0.6200000000000003
1.0 0.13160518444666003 11.24625 4.4 0.6300000000000003
1.0 0.1296111665004985 11.24625 4.333333333333333 0.6400000000000003
1.0 0.12662013958125623 11.24625 4.233333333333333 0.6500000000000004
1.0 0.12063808574277168 11.24625 4.033333333333333 0.6600000000000004
1.0 0.11365902293120637 11.24625 3.8 0.6700000000000004
1.0 0.10867397806580259 11.24625 3.6333333333333333 0.6800000000000004
1.0 0.10269192422731804 11.24625 3.433333333333333 0.6900000000000004
1.0 0.09471585244267199 11.24625 3.1666666666666665 0.7000000000000004
1.0 0.0897308075772682 11.24625 3.0 0.7100000000000004
1.0 0.08574277168494517 11.24625 2.8666666666666667 0.7200000000000004
1.0 0.08175473579262213 11.24625 2.7333333333333334 0.7300000000000004
1.0 0.07278165503489531 11.24625 2.433333333333333 0.7400000000000004
1.0 0.06779661016949153 11.24625 2.2666666666666666 0.7500000000000004
1.0 0.06480558325024925 11.24625 2.1666666666666665 0.7600000000000005
1.0 0.05682951146560319 11.24625 1.9 0.7700000000000005
1.0 0.053838484546360914 11.24625 1.8 0.7800000000000005
1.0 0.04885343968095713 11.24625 1.6333333333333333 0.7900000000000005
1.0 0.0448654037886341 11.24625 1.5 0.8000000000000005
1.0 0.04386839481555334 11.24625 1.4666666666666666 0.8100000000000005
1.0 0.040877367896311065 11.24625 1.3666666666666667 0.8200000000000005
1.0 0.040877367896311065 11.24625 1.3666666666666667 0.8300000000000005
1.0 0.038883349950149554 11.24625 1.3 0.8400000000000005
1.0 0.03788634097706879 11.24625 1.2666666666666666 0.8500000000000005
1.0 0.03489531405782652 11.24625 1.1666666666666667 0.8600000000000005
0.9997777036790041 0.03389830508474576 11.24375 1.1333333333333333 0.8700000000000006
0.9996665555185061 0.03290129611166501 11.2425 1.1 0.8800000000000006
0.9995554073580082 0.03090727816550349 11.24125 1.0333333333333334 0.8900000000000006
0.9994442591975102 0.027916251246261216 11.24 0.9333333333333333 0.9000000000000006
0.9993331110370124 0.026919242273180457 11.23875 0.9 0.9100000000000006
0.9991108147160165 0.023928215353938187 11.23625 0.8 0.9200000000000006
0.9987773702345226 0.02193419740777667 11.2325 0.7333333333333333 0.9300000000000006
0.9983327775925308 0.019940179461615155 11.2275 0.6666666666666666 0.9400000000000006
0.9982216294320329 0.019940179461615155 11.22625 0.6666666666666666 0.9500000000000006
0.9978881849505391 0.019940179461615155 11.2225 0.6666666666666666 0.9600000000000006
0.9967767033455597 0.019940179461615155 11.21 0.6666666666666666 0.9700000000000006
0.9955540735800823 0.018943170488534396 11.19625 0.6333333333333333 0.9800000000000006
0.9896632210736912 0.018943170488534396 11.13 0.6333333333333333 0.9900000000000007
0.0 0.0 0.0 0.0
