1.0 1.0 12.852857142857143 20.06 0.0
1.0 0.7457627118644068 12.852857142857143 14.96 0.01
1.0 0.6031904287138584 12.852857142857143 12.1 0.02
1.0 0.5403788634097707 12.852857142857143 10.84 0.03
1.0 0.5044865403788634 12.852857142857143 10.12 0.04
1.0 0.48055832502492524 12.852857142857143 9.64 0.05
1.0 0.4247258225324028 12.852857142857143 8.52 0.060000000000000005
1.0 0.4247258225324028 12.852857142857143 8.52 0.07
1.0 0.41575274177467597 12.852857142857143 8.34 0.08
1.0 0.4017946161515454 12.852857142857143 8.06 0.09
1.0 0.3918245264207378 12.852857142857143 7.86 0.09999999999999999
1.0 0.37686939182452645 12.852857142857143 7.56 0.10999999999999999
1.0 0.37188434695912265 12.852857142857143 7.46 0.11999999999999998
1.0 0.36689930209371885 12.852857142857143 7.36 0.12999999999999998
1.0 0.35992023928215355 12.852857142857143 7.22 0.13999999999999999
1.0 0.34795613160518446 12.852857142857143 6.98 0.15
1.0 0.33599202392821537 12.852857142857143 6.74 0.16
1.0 0.3270189431704885 12.852857142857143 6.56 0.17
1.0 0.3070787637088734 12.852857142857143 6.16 0.18000000000000002
1.0 0.30109670987038883 12.852857142857143 6.04 0.19000000000000003
1.0 0.2931206380857428 12.852857142857143 5.88 0.20000000000000004
1.0 0.2851445663010967 12.852857142857143 5.72 0.21000000000000005
1.0 0.27916251246261214 12.852857142857143 5.6 0.22000000000000006
1.0 0.2731804586241276 12.852857142857143 5.48 0.23000000000000007
1.0 0.26719840478564305 12.852857142857143 5.36 0.24000000000000007
1.0 0.26021934197407776 12.852857142857143 5.22 0.25000000000000006
1.0 0.259222333000997 12.852857142857143 5.2 0.26000000000000006
1.0 0.259222333000997 12.852857142857143 5.2 0.2700000000000001
1.0 0.25623130608175476 12.852857142857143 5.14 0.2800000000000001
1.0 0.25623130608175476 12.852857142857143 5.14 0.2900000000000001
1.0 0.2542372881355932 12.852857142857143 5.1 0.3000000000000001
1.0 0.2522432701894317 12.852857142857143 5.06 0.3100000000000001
1.0 0.2502492522432702 12.852857142857143 5.02 0.3200000000000001
1.0 0.24825523429710866 12.852857142857143 4.98 0.3300000000000001
1.0 0.2432701894317049 12.852857142857143 4.88 0.34000000000000014
1.0 0.24127617148554337 12.852857142857143 4.84 0.35000000000000014
1.0 0.2382851445663011 12.852857142857143 4.78 0.36000000000000015
1.0 0.23429710867397807 12.852857142857143 4.7 0.37000000000000016
1.0 0.2313060817547358 12.852857142857143 4.64 0.38000000000000017
1.0 0.23030907278165502 12.852857142857143 4.62 0.3900000000000002
1.0 0.22731804586241275 12.852857142857143 4.56 0.4000000000000002
1.0 0.2213359920239282 12.852857142857143 4.44 0.4100000000000002
1.0 0.21535393818544366 12.852857142857143 4.32 0.4200000000000002
1.0 0.20937188434695914 12.852857142857143 4.2 0.4300000000000002
1.0 0.20438683948155534 12.852857142857143 4.1 0.4400000000000002
1.0 0.19940179461615154 12.852857142857143 4.0 0.45000000000000023
1.0 0.19441674975074777 12.852857142857143 3.9 0.46000000000000024
1.0 0.18843469591226322 12.852857142857143 3.78 0.47000000000000025
1.0 0.18544366899302095 12.852857142857143 3.72 0.48000000000000026
1.0 0.18344965104685942 12.852857142857143 3.68 0.49000000000000027
1.0 0.18344965104685942 12.852857142857143 3.68 0.5000000000000002
1.0 0.18245264207377868 12.852857142857143 3.66 0.5100000000000002
1.0 0.17746759720837488 12.852857142857143 3.56 0.5200000000000002
1.0 0.1744765702891326 12.852857142857143 3.5 0.5300000000000002
1.0 0.1694915254237288 12.852857142857143 3.4 0.5400000000000003
1.0 0.16650049850448653 12.852857142857143 3.34 0.5500000000000003
1.0 0.1625124626121635 12.852857142857143 3.26 0.5600000000000003
1.0 0.16051844466600199 12.852857142857143 3.22 0.5700000000000003
1.0 0.15952143569292124 12.852857142857143 3.2 0.5800000000000003
1.0 0.1575274177467597 12.852857142857143 3.16 0.5900000000000003
1.0 0.1575274177467597 12.852857142857143 3.16 0.6000000000000003
1.0 0.15553339980059822 12.852857142857143 3.12 0.6100000000000003
1.0 0.1535393818544367 12.852857142857143 3.08 0.6200000000000003
1.0 0.15254237288135594 12.852857142857143 3.06 0.6300000000000003
1.0 0.14955134596211367 12.852857142857143 3.0 0.6400000000000003
1.0 0.14556331006979062 12.852857142857143 2.92 0.6500000000000004
1.0 0.1415752741774676 12.852857142857143 2.84 0.6600000000000004
1.0 0.13758723828514458 12.852857142857143 2.76 0.6700000000000004
1.0 0.13559322033898305 12.852857142857143 2.72 0.6800000000000004
1.0 0.1345962113659023 12.852857142857143 2.7 0.6900000000000004
1.0 0.13260219341974078 12.852857142857143 2.66 0.7000000000000004
1.0 0.12662013958125623 12.852857142857143 2.54 0.7100000000000004
1.0 0.12163509471585245 12.852857142857143 2.44 0.7200000000000004
1.0 0.1156530408773679 12.852857142857143 2.32 0.7300000000000004
1.0 0.1106679960119641 12.852857142857143 2.22 0.7400000000000004
1.0 0.1036889332003988 12.852857142857143 2.08 0.7500000000000004
1.0 0.09970089730807577 12.852857142857143 2.0 0.7600000000000005
1.0 0.09870388833499502 12.852857142857143 1.98 0.7700000000000005
1.0 0.0967098703888335 12.852857142857143 1.94 0.7800000000000005
1.0 0.09172482552342971 12.852857142857143 1.84 0.7900000000000005
1.0 0.09172482552342971 12.852857142857143 1.84 0.8000000000000005
1.0 0.09072781655034895 12.852857142857143 1.82 0.8100000000000005
1.0 0.09072781655034895 12.852857142857143 1.82 0.8200000000000005
1.0 0.0897308075772682 12.852857142857143 1.8 0.8300000000000005
1.0 0.08773678963110668 12.852857142857143 1.76 0.8400000000000005
0.9997777036790041 0.08773678963110668 12.85 1.76 0.8500000000000005
0.9996665555185061 0.0847457627118644 12.848571428571429 1.7 0.8600000000000005
0.9996665555185061 0.08275174476570289 12.848571428571429 1.66 0.8700000000000006
0.9995554073580082 0.08275174476570289 12.847142857142858 1.66 0.8800000000000006
0.9995554073580082 0.08175473579262213 12.847142857142858 1.64 0.8900000000000006
0.9995554073580082 0.07976071784646062 12.847142857142858 1.6 0.9000000000000006
0.9995554073580082 0.07976071784646062 12.847142857142858 1.6 0.9100000000000006
0.9995554073580082 0.07776669990029911 12.847142857142858 1.56 0.9200000000000006
0.9995554073580082 0.07676969092721835 12.847142857142858 1.54 0.9300000000000006
0.9995554073580082 0.07676969092721835 12.847142857142858 1.54 0.9400000000000006
0.9995554073580082 0.07676969092721835 12.847142857142858 1.54 0.9500000000000006
0.9994442591975102 0.07676969092721835 12.845714285714285 1.54 0.9600000000000006
0.9989996665555185 0.07676969092721835 12.84 1.54 0.9700000000000006
0.9976658886295432 0.07676969092721835 12.822857142857142 1.54 0.9800000000000006
0.9935534066911192 0.07676969092721835 12.77 1.54 0.9900000000000007
0.0 0.0 0.0 0.0
