1.0 1.0 89.97 5.278947368421052 0.0
1.0 0.9980059820538385 89.97 5.268421052631579 0.01
1.0 0.996011964107677 89.97 5.257894736842105 0.02
1.0 0.9930209371884346 89.97 5.242105263157895 0.03
1.0 0.9890329012961117 89.97 5.221052631578948 0.04
1.0 0.9890329012961117 89.97 5.221052631578948 0.05
1.0 0.9800598205383848 89.97 5.173684210526316 0.060000000000000005
1.0 0.9800598205383848 89.97 5.173684210526316 0.07
1.0 0.9790628115653041 89.97 5.168421052631579 0.08
1.0 0.9790628115653041 89.97 5.168421052631579 0.09
1.0 0.9780658025922233 89.97 5.163157894736842 0.09999999999999999
1.0 0.9780658025922233 89.97 5.163157894736842 0.10999999999999999
1.0 0.9770687936191426 89.97 5.157894736842105 0.11999999999999998
1.0 0.9750747756729811 89.97 5.147368421052631 0.12999999999999998
1.0 0.9740777666999003 89.97 5.1421052631578945 0.13999999999999999
1.0 0.9700897308075773 89.97 5.121052631578947 0.15
1.0 0.967098703888335 89.97 5.105263157894737 0.16
1.0 0.963110667996012 89.97 5.08421052631579 0.17
1.0 0.959122632103689 89.97 5.063157894736842 0.18000000000000002
1.0 0.9571286141575274 89.97 5.052631578947368 0.19000000000000003
1.0 0.9571286141575274 89.97 5.052631578947368 0.20000000000000004
1.0 0.9541375872382851 89.97 5.036842105263158 0.21000000000000005
1.0 0.9541375872382851 89.97 5.036842105263158 0.22000000000000006
1.0 0.9521435692921236 89.97 5.026315789473684 0.23000000000000007
1.0 0.9511465603190429 89.97 5.021052631578947 0.24000000000000007
1.0 0.9501495513459621 89.97 5.015789473684211 0.25000000000000006
1.0 0.9481555333998006 89.97 5.005263157894737 0.26000000000000006
1.0 0.9481555333998006 89.97 5.005263157894737 0.2700000000000001
1.0 0.9471585244267199 89.97 5.0 0.2800000000000001
1.0 0.9461615154536391 89.97 4.994736842105263 0.2900000000000001
1.0 0.9451645064805583 89.97 4.989473684210527 0.3000000000000001
1.0 0.9451645064805583 89.97 4.989473684210527 0.3100000000000001
1.0 0.9451645064805583 89.97 4.989473684210527 0.3200000000000001
1.0 0.9431704885343968 89.97 4.978947368421053 0.3300000000000001
1.0 0.9431704885343968 89.97 4.978947368421053 0.34000000000000014
1.0 0.942173479561316 89.97 4.973684210526316 0.35000000000000014
1.0 0.9401794616151545 89.97 4.963157894736842 0.36000000000000015
1.0 0.9371884346959123 89.97 4.947368421052632 0.37000000000000016
1.0 0.9361914257228315 89.97 4.942105263157894 0.38000000000000017
1.0 0.93419740777667 89.97 4.931578947368421 0.3900000000000002
1.0 0.9302093718843469 89.97 4.910526315789474 0.4000000000000002
1.0 0.9242273180458624 89.97 4.878947368421053 0.4100000000000002
1.0 0.9232303090727817 89.97 4.873684210526315 0.4200000000000002
1.0 0.9172482552342971 89.97 4.842105263157895 0.4300000000000002
1.0 0.9112662013958126 89.97 4.810526315789474 0.4400000000000002
1.0 0.9062811565304087 89.97 4.78421052631579 0.45000000000000023
1.0 0.9022931206380858 89.97 4.7631578947368425 0.46000000000000024
1.0 0.8983050847457628 89.97 4.742105263157895 0.47000000000000025
1.0 0.8973080757726819 89.97 4.7368421052631575 0.48000000000000026
1.0 0.8943170488534397 89.97 4.721052631578948 0.49000000000000027
1.0 0.8913260219341974 89.97 4.705263157894737 0.5000000000000002
1.0 0.8903290129611167 89.97 4.7 0.5100000000000002
1.0 0.8893320039880359 89.97 4.6947368421052635 0.5200000000000002
1.0 0.8873379860418744 89.97 4.684210526315789 0.5300000000000002
1.0 0.8863409770687937 89.97 4.678947368421053 0.5400000000000003
1.0 0.8853439680957128 89.97 4.673684210526316 0.5500000000000003
1.0 0.8843469591226321 89.97 4.668421052631579 0.5600000000000003
1.0 0.8833499501495513 89.97 4.663157894736842 0.5700000000000003
1.0 0.8823529411764706 89.97 4.657894736842105 0.5800000000000003
1.0 0.8763708873379861 89.97 4.626315789473685 0.5900000000000003
1.0 0.8763708873379861 89.97 4.626315789473685 0.6000000000000003
1.0 0.8743768693918246 89.97 4.61578947368421 0.6100000000000003
1.0 0.8733798604187437 89.97 4.610526315789474 0.6200000000000003
1.0 0.8693918245264207 89.97 4.589473684210526 0.6300000000000003
1.0 0.8673978065802592 89.97 4.578947368421052 0.6400000000000003
1.0 0.8624127617148555 89.97 4.552631578947368 0.6500000000000004
1.0 0.8514456630109671 89.97 4.494736842105263 0.6600000000000004
1.0 0.8444666001994018 89.97 4.457894736842105 0.6700000000000004
1.0 0.8325024925224327 89.97 4.394736842105263 0.6800000000000004
1.0 0.8205383848454636 89.97 4.331578947368421 0.6900000000000004
1.0 0.8055832502492523 89.97 4.252631578947368 0.7000000000000004
1.0 0.7896311066799602 89.97 4.168421052631579 0.7100000000000004
1.0 0.7716849451645065 89.97 4.073684210526316 0.7200000000000004
1.0 0.7577268195413759 89.97 4.0 0.7300000000000004
1.0 0.7377866400797607 89.97 3.8947368421052633 0.7400000000000004
1.0 0.7168494516450648 89.97 3.7842105263157895 0.7500000000000004
1.0 0.6979062811565304 89.97 3.6842105263157894 0.7600000000000005
1.0 0.6829511465603191 89.97 3.6052631578947367 0.7700000000000005
0.9997777036790041 0.67098703888335 89.95 3.542105263157895 0.7800000000000005
0.9993331110370124 0.6630109670987039 89.91 3.5 0.7900000000000005
0.9988885183950206 0.6590229312063809 89.87 3.4789473684210526 0.8000000000000005
0.9972212959875514 0.6470588235294118 89.72 3.4157894736842107 0.8100000000000005
0.9946648882960987 0.6430707876370887 89.49 3.3947368421052633 0.8200000000000005
0.9898855173946871 0.6321036889332003 89.06 3.336842105263158 0.8300000000000005
0.982105146159831 0.6231306081754736 88.36 3.289473684210526 0.8400000000000005
0.9688785150605758 0.6101694915254238 87.17 3.221052631578947 0.8500000000000005
0.946760031121485 0.5653040877367896 85.18 2.9842105263157896 0.8600000000000005
0.9166388796265422 0.522432701894317 82.47 2.7578947368421054 0.8700000000000006
0.8770701344892742 0.47756729810568294 78.91 2.5210526315789474 0.8800000000000006
0.8241636100922529 0.4167497507477567 74.15 2.2 0.8900000000000006
0.7664777147938202 0.3349950149551346 68.96 1.768421052631579 0.9000000000000006
0.7090141158163832 0.2502492522432702 63.79 1.3210526315789475 0.9100000000000006
0.6589974435923085 0.17347956131605186 59.29 0.9157894736842105 0.9200000000000006
0.618650661331555 0.11964107676969092 55.66 0.631578947368421 0.9300000000000006
0.5815271757252417 0.08773678963110668 52.32 0.4631578947368421 0.9400000000000006
0.5546293208847394 0.06779661016949153 49.9 0.35789473684210527 0.9500000000000006
0.5286206513282206 0.053838484546360914 47.56 0.28421052631578947 0.9600000000000006
0.5006113148827387 0.0518444666001994 45.04 0.2736842105263158 0.9700000000000006
0.46082027342447485 0.05084745762711865 41.46 0.26842105263157895 0.9800000000000006
0.3752361898410581 0.05084745762711865 33.76 0.26842105263157895 0.9900000000000007
0.0 0.0 0.0 0.0
