0 3.0299999999999994 10000 9213.240000000009
0 5.51 10000 9184.950000000004
10 20.0 10000 9175.61000000001
0 3.6999999999999993 10000 9142.150000000007
10 20.0 10000 9164.030000000012
20 20.0 10000 9171.770000000022
30 20.0 10000 9203.66999999999
0 4.5200000000000005 10000 9155.11000000002
10 20.0 10000 9156.040000000019
20 20.0 10000 9198.00000000001
30 20.0 10000 9185.330000000004
40 20.0 10000 9172.430000000022
50 20.0 10000 9196.75
0 1.8100000000000003 10000 9131.52000000002
5 18.9 10000 9197.199999999993
10 20.0 10000 9196.580000000002
15 20.0 10000 9229.419999999996
20 20.0 10000 9187.499999999995
25 20.0 10000 9202.549999999997
30 20.0 10000 9175.930000000011
35 20.0 10000 9189.63000000001
40 20.0 10000 9173.040000000019
45 20.0 10000 9208.920000000004
50 20.0 10000 9157.15000000003
