1.0 1.0 11.24625 25.075 0.0
0.999888851839502 0.6879361914257228 11.245 17.25 0.01
0.9997777036790041 0.5413758723828515 11.24375 13.575 0.02
0.9997777036790041 0.48554336989032904 11.24375 12.175 0.03
0.9996665555185061 0.45164506480558325 11.2425 11.325 0.04
0.9996665555185061 0.4267198404785643 11.2425 10.7 0.05
0.9996665555185061 0.37188434695912265 11.2425 9.325 0.060000000000000005
0.9996665555185061 0.37188434695912265 11.2425 9.325 0.07
0.9996665555185061 0.35493519441674976 11.2425 8.9 0.08
0.9996665555185061 0.34097706879361916 11.2425 8.55 0.09
0.9996665555185061 0.32602193419740777 11.2425 8.175 0.09999999999999999
0.9996665555185061 0.3150548354935194 11.2425 7.9 0.10999999999999999
0.9996665555185061 0.30309072781655033 11.2425 7.6 0.11999999999999998
0.9996665555185061 0.2951146560319043 11.2425 7.4 0.12999999999999998
0.9996665555185061 0.27916251246261214 11.2425 7.0 0.13999999999999999
0.9996665555185061 0.2731804586241276 11.2425 6.85 0.15
0.9996665555185061 0.25822532402791626 11.2425 6.475 0.16
0.9996665555185061 0.25124626121635096 11.2425 6.3 0.17
0.9996665555185061 0.23728813559322035 11.2425 5.95 0.18000000000000002
0.9996665555185061 0.23030907278165502 11.2425 5.775 0.19000000000000003
0.9996665555185061 0.21834496510468593 11.2425 5.475 0.20000000000000004
0.9996665555185061 0.20937188434695914 11.2425 5.25 0.21000000000000005
0.9996665555185061 0.20139581256231306 11.2425 5.05 0.22000000000000006
0.9996665555185061 0.1984047856430708 11.2425 4.975 0.23000000000000007
0.9996665555185061 0.193419740777667 11.2425 4.85 0.24000000000000007
0.9996665555185061 0.18843469591226322 11.2425 4.725 0.25000000000000006
0.9996665555185061 0.18743768693918245 11.2425 4.7 0.26000000000000006
0.9996665555185061 0.18544366899302095 11.2425 4.65 0.2700000000000001
0.9996665555185061 0.1794616151545364 11.2425 4.5 0.2800000000000001
0.9996665555185061 0.17347956131605186 11.2425 4.35 0.2900000000000001
0.9996665555185061 0.1694915254237288 11.2425 4.25 0.3000000000000001
0.9996665555185061 0.16650049850448653 11.2425 4.175 0.3100000000000001
0.9996665555185061 0.16450648055832504 11.2425 4.125 0.3200000000000001
0.9996665555185061 0.16051844466600199 11.2425 4.025 0.3300000000000001
0.9996665555185061 0.15952143569292124 11.2425 4.0 0.34000000000000014
0.9996665555185061 0.15653040877367896 11.2425 3.925 0.35000000000000014
0.9996665555185061 0.15154536390827517 11.2425 3.8 0.36000000000000015
0.9996665555185061 0.14955134596211367 11.2425 3.75 0.37000000000000016
0.9996665555185061 0.14456630109670987 11.2425 3.625 0.38000000000000017
0.9996665555185061 0.14257228315054835 11.2425 3.575 0.3900000000000002
0.9996665555185061 0.13958125623130607 11.2425 3.5 0.4000000000000002
0.9996665555185061 0.13758723828514458 11.2425 3.45 0.4100000000000002
0.9996665555185061 0.12462612163509472 11.2425 3.125 0.4200000000000002
0.9996665555185061 0.11964107676969092 11.2425 3.0 0.4300000000000002
0.9996665555185061 0.1106679960119641 11.2425 2.775 0.4400000000000002
0.9996665555185061 0.1036889332003988 11.2425 2.6 0.45000000000000023
0.9996665555185061 0.10069790628115653 11.2425 2.525 0.46000000000000024
0.9996665555185061 0.09272183449651047 11.2425 2.325 0.47000000000000025
0.9996665555185061 0.08873379860418744 11.2425 2.225 0.48000000000000026
0.9996665555185061 0.08574277168494517 11.2425 2.15 0.49000000000000027
0.9996665555185061 0.08075772681954138 11.2425 2.025 0.5000000000000002
0.9996665555185061 0.07676969092721835 11.2425 1.925 0.5100000000000002
0.9996665555185061 0.07278165503489531 11.2425 1.825 0.5200000000000002
0.9996665555185061 0.06879361914257229 11.2425 1.725 0.5300000000000002
0.9996665555185061 0.06679960119641076 11.2425 1.675 0.5400000000000003
0.9996665555185061 0.06480558325024925 11.2425 1.625 0.5500000000000003
0.9996665555185061 0.06480558325024925 11.2425 1.625 0.5600000000000003
0.9996665555185061 0.06380857427716849 11.2425 1.6 0.5700000000000003
0.9996665555185061 0.06281156530408774 11.2425 1.575 0.5800000000000003
0.9996665555185061 0.06181455633100698 11.2425 1.55 0.5900000000000003
0.9996665555185061 0.06081754735792622 11.2425 1.525 0.6000000000000003
0.9996665555185061 0.058823529411764705 11.2425 1.475 0.6100000000000003
0.9996665555185061 0.05682951146560319 11.2425 1.425 0.6200000000000003
0.9996665555185061 0.05583250249252243 11.2425 1.4 0.6300000000000003
0.9996665555185061 0.05284147557328016 11.2425 1.325 0.6400000000000003
0.9996665555185061 0.05084745762711865 11.2425 1.275 0.6500000000000004
0.9996665555185061 0.047856430707876374 11.2425 1.2 0.6600000000000004
0.9996665555185061 0.047856430707876374 11.2425 1.2 0.6700000000000004
0.9996665555185061 0.04187437686939183 11.2425 1.05 0.6800000000000004
0.9996665555185061 0.03988035892323031 11.2425 1.0 0.6900000000000004
0.9996665555185061 0.038883349950149554 11.2425 0.975 0.7000000000000004
0.9996665555185061 0.03489531405782652 11.2425 0.875 0.7100000000000004
0.9996665555185061 0.03090727816550349 11.2425 0.775 0.7200000000000004
0.9996665555185061 0.026919242273180457 11.2425 0.675 0.7300000000000004
0.9996665555185061 0.023928215353938187 11.2425 0.6 0.7400000000000004
0.9996665555185061 0.018943170488534396 11.2425 0.475 0.7500000000000004
0.9996665555185061 0.015952143569292122 11.2425 0.4 0.7600000000000005
0.9996665555185061 0.01296111665004985 11.2425 0.325 0.7700000000000005
0.9996665555185061 0.011964107676969093 11.2425 0.3 0.7800000000000005
0.9996665555185061 0.009970089730807577 11.2425 0.25 0.7900000000000005
0.9996665555185061 0.00897308075772682 11.2425 0.225 0.8000000000000005
0.9996665555185061 0.007976071784646061 11.2425 0.2 0.8100000000000005
0.9996665555185061 0.007976071784646061 11.2425 0.2 0.8200000000000005
0.9996665555185061 0.007976071784646061 11.2425 0.2 0.8300000000000005
0.9996665555185061 0.007976071784646061 11.2425 0.2 0.8400000000000005
0.9996665555185061 0.006979062811565304 11.2425 0.175 0.8500000000000005
0.9996665555185061 0.004985044865403789 11.2425 0.125 0.8600000000000005
0.9996665555185061 0.0029910269192422734 11.2425 0.075 0.8700000000000006
0.9995554073580082 0.0029910269192422734 11.24125 0.075 0.8800000000000006
0.9995554073580082 0.0029910269192422734 11.24125 0.075 0.8900000000000006
0.9992219628765144 0.0019940179461615153 11.2375 0.05 0.9000000000000006
0.9989996665555185 9.970089730807576E-4 11.235 0.025 0.9100000000000006
0.9987773702345226 9.970089730807576E-4 11.2325 0.025 0.9200000000000006
0.9984439257530288 9.970089730807576E-4 11.22875 0.025 0.9300000000000006
0.9984439257530288 0.0 11.22875 0.0 0.9400000000000006
0.9983327775925308 0.0 11.2275 0.0 0.9500000000000006
0.9983327775925308 0.0 11.2275 0.0 0.9600000000000006
0.998110481271535 0.0 11.225 0.0 0.9700000000000006
0.9972212959875514 0.0 11.215 0.0 0.9800000000000006
0.9943314438146049 0.0 11.1825 0.0 0.9900000000000007
0.0 0.0 0.0 0.0
