0 37.240000000000016 10000 9331.569999999923
5 98.06000000000002 10000 9384.70999999993
10 100.0 10000 9373.95999999994
15 100.0 10000 9368.869999999924
20 100.0 10000 9395.899999999885
25 100.0 10000 9373.279999999904
30 100.0 10000 9401.139999999896
35 100.0 10000 9396.069999999923
40 100.0 10000 9390.919999999893
45 100.0 10000 9396.489999999903
50 100.0 10000 9376.559999999887
0 34.14000000000001 10000 9326.289999999906
5 98.16 10000 9410.189999999899
10 100.0 10000 9369.639999999936
15 100.0 10000 9426.279999999906
20 100.0 10000 9396.639999999918
25 100.0 10000 9378.099999999924
30 100.0 10000 9373.6999999999
35 100.0 10000 9403.519999999948
40 100.0 10000 9399.919999999907
45 100.0 10000 9375.139999999907
50 100.0 10000 9391.749999999933
55 100.0 10000 9437.369999999893
60 100.0 10000 9374.30999999992
65 100.0 10000 9378.529999999919
70 100.0 10000 9451.259999999884
75 100.0 10000 9400.809999999914
80 100.0 10000 9392.709999999875
85 100.0 10000 9415.04999999988
90 100.0 10000 9389.2299999999
95 100.0 10000 9388.379999999917
100 100.0 10000 9385.519999999948
105 100.0 10000 9364.919999999922
110 100.0 10000 9408.659999999894
115 100.0 10000 9393.969999999892
50 0.0 10000 9342.309999999909
50 10.0 10000 9337.189999999899
50 20.0 10000 9321.189999999922
50 30.0 10000 9379.659999999862
50 40.0 10000 9365.209999999863
50 50.0 10000 9391.019999999891
50 60.0 10000 9427.849999999838
50 70.0 10000 9390.119999999895
50 80.0 10000 9362.349999999873
50 90.0 10000 9391.539999999892
50 100.0 10000 9427.059999999872
