1.0 1.0 11.24625 Infinity 0.0
1.0 0.6470588235294118 11.24625 Infinity 0.01
1.0 0.5024925224327019 11.24625 Infinity 0.02
1.0 0.43768693918245266 11.24625 Infinity 0.03
1.0 0.4087736789631107 11.24625 Infinity 0.04
1.0 0.3748753738783649 11.24625 Infinity 0.05
1.0 0.34496510468594216 11.24625 Infinity 0.060000000000000005
1.0 0.34496510468594216 11.24625 Infinity 0.07
1.0 0.3220338983050847 11.24625 Infinity 0.08
1.0 0.3040877367896311 11.24625 Infinity 0.09
1.0 0.29112662013958124 11.24625 Infinity 0.09999999999999999
1.0 0.28614157527417744 11.24625 Infinity 0.10999999999999999
1.0 0.28215353938185445 11.24625 Infinity 0.11999999999999998
1.0 0.27916251246261214 11.24625 Infinity 0.12999999999999998
1.0 0.2741774675972084 11.24625 Infinity 0.13999999999999999
1.0 0.26819541375872386 11.24625 Infinity 0.15
1.0 0.26021934197407776 11.24625 Infinity 0.16
1.0 0.2522432701894317 11.24625 Infinity 0.17
1.0 0.23728813559322035 11.24625 Infinity 0.18000000000000002
1.0 0.23529411764705882 11.24625 Infinity 0.19000000000000003
1.0 0.22532402791625125 11.24625 Infinity 0.20000000000000004
1.0 0.21335992023928216 11.24625 Infinity 0.21000000000000005
1.0 0.21136590229312063 11.24625 Infinity 0.22000000000000006
1.0 0.2073778664007976 11.24625 Infinity 0.23000000000000007
1.0 0.2033898305084746 11.24625 Infinity 0.24000000000000007
1.0 0.20139581256231306 11.24625 Infinity 0.25000000000000006
1.0 0.20039880358923232 11.24625 Infinity 0.26000000000000006
1.0 0.19940179461615154 11.24625 Infinity 0.2700000000000001
1.0 0.1984047856430708 11.24625 Infinity 0.2800000000000001
1.0 0.19541375872382852 11.24625 Infinity 0.2900000000000001
1.0 0.1914257228315055 11.24625 Infinity 0.3000000000000001
1.0 0.19042871385842472 11.24625 Infinity 0.3100000000000001
1.0 0.18943170488534397 11.24625 Infinity 0.3200000000000001
1.0 0.1864406779661017 11.24625 Infinity 0.3300000000000001
1.0 0.18544366899302095 11.24625 Infinity 0.34000000000000014
1.0 0.18544366899302095 11.24625 Infinity 0.35000000000000014
1.0 0.18245264207377868 11.24625 Infinity 0.36000000000000015
1.0 0.17846460618145563 11.24625 Infinity 0.37000000000000016
1.0 0.17647058823529413 11.24625 Infinity 0.38000000000000017
1.0 0.17148554336989033 11.24625 Infinity 0.3900000000000002
1.0 0.16350947158524426 11.24625 Infinity 0.4000000000000002
1.0 0.15653040877367896 11.24625 Infinity 0.4100000000000002
1.0 0.15254237288135594 11.24625 Infinity 0.4200000000000002
1.0 0.1485543369890329 11.24625 Infinity 0.4300000000000002
1.0 0.13958125623130607 11.24625 Infinity 0.4400000000000002
1.0 0.13359920239282153 11.24625 Infinity 0.45000000000000023
1.0 0.11964107676969092 11.24625 Infinity 0.46000000000000024
1.0 0.1156530408773679 11.24625 Infinity 0.47000000000000025
1.0 0.10867397806580259 11.24625 Infinity 0.48000000000000026
1.0 0.10468594217347957 11.24625 Infinity 0.49000000000000027
1.0 0.10269192422731804 11.24625 Infinity 0.5000000000000002
1.0 0.1016949152542373 11.24625 Infinity 0.5100000000000002
1.0 0.10069790628115653 11.24625 Infinity 0.5200000000000002
1.0 0.09770687936191426 11.24625 Infinity 0.5300000000000002
1.0 0.09571286141575275 11.24625 Infinity 0.5400000000000003
1.0 0.09471585244267199 11.24625 Infinity 0.5500000000000003
1.0 0.09371884346959122 11.24625 Infinity 0.5600000000000003
1.0 0.09272183449651047 11.24625 Infinity 0.5700000000000003
1.0 0.09272183449651047 11.24625 Infinity 0.5800000000000003
1.0 0.0897308075772682 11.24625 Infinity 0.5900000000000003
1.0 0.0897308075772682 11.24625 Infinity 0.6000000000000003
1.0 0.08873379860418744 11.24625 Infinity 0.6100000000000003
1.0 0.08873379860418744 11.24625 Infinity 0.6200000000000003
1.0 0.08773678963110668 11.24625 Infinity 0.6300000000000003
1.0 0.08673978065802593 11.24625 Infinity 0.6400000000000003
1.0 0.08374875373878365 11.24625 Infinity 0.6500000000000004
1.0 0.08175473579262213 11.24625 Infinity 0.6600000000000004
1.0 0.07477567298105683 11.24625 Infinity 0.6700000000000004
1.0 0.07178464606181456 11.24625 Infinity 0.6800000000000004
1.0 0.0707876370887338 11.24625 Infinity 0.6900000000000004
1.0 0.06480558325024925 11.24625 Infinity 0.7000000000000004
1.0 0.06380857427716849 11.24625 Infinity 0.7100000000000004
1.0 0.053838484546360914 11.24625 Infinity 0.7200000000000004
1.0 0.04685942173479561 11.24625 Infinity 0.7300000000000004
1.0 0.03988035892323031 11.24625 Infinity 0.7400000000000004
1.0 0.036889332003988036 11.24625 Infinity 0.7500000000000004
1.0 0.03290129611166501 11.24625 Infinity 0.7600000000000005
1.0 0.027916251246261216 11.24625 Infinity 0.7700000000000005
1.0 0.022931206380857428 11.24625 Infinity 0.7800000000000005
1.0 0.02193419740777667 11.24625 Infinity 0.7900000000000005
1.0 0.02193419740777667 11.24625 Infinity 0.8000000000000005
1.0 0.01794616151545364 11.24625 Infinity 0.8100000000000005
0.999888851839502 0.01694915254237288 11.245 Infinity 0.8200000000000005
0.999888851839502 0.014955134596211365 11.245 Infinity 0.8300000000000005
0.999888851839502 0.014955134596211365 11.245 Infinity 0.8400000000000005
0.999888851839502 0.013958125623130608 11.245 Infinity 0.8500000000000005
0.9997777036790041 0.013958125623130608 11.24375 Infinity 0.8600000000000005
0.9996665555185061 0.01296111665004985 11.2425 Infinity 0.8700000000000006
0.9994442591975102 0.01296111665004985 11.24 Infinity 0.8800000000000006
0.9993331110370124 0.009970089730807577 11.23875 Infinity 0.8900000000000006
0.9991108147160165 0.007976071784646061 11.23625 Infinity 0.9000000000000006
0.9989996665555185 0.006979062811565304 11.235 Infinity 0.9100000000000006
0.9986662220740247 0.004985044865403789 11.23125 Infinity 0.9200000000000006
0.9984439257530288 0.0029910269192422734 11.22875 Infinity 0.9300000000000006
0.9982216294320329 9.970089730807576E-4 11.22625 Infinity 0.9400000000000006
0.9979993331110371 0.0 11.22375 NaN 0.9500000000000006
0.9976658886295432 0.0 11.22 NaN 0.9600000000000006
0.9967767033455597 0.0 11.21 NaN 0.9700000000000006
0.9957763699010781 0.0 11.19875 NaN 0.9800000000000006
0.9907747026786706 0.0 11.1425 NaN 0.9900000000000007
0.0 0.0 0.0 0.0
