1.0 1.0 22.4925 50.15 0.0
1.0 0.9521435692921236 22.4925 47.75 0.01
1.0 0.8843469591226321 22.4925 44.35 0.02
1.0 0.8464606181455633 22.4925 42.45 0.03
1.0 0.8115653040877367 22.4925 40.7 0.04
1.0 0.7876370887337986 22.4925 39.5 0.05
1.0 0.7587238285144566 22.4925 38.05 0.060000000000000005
1.0 0.7587238285144566 22.4925 38.05 0.07
1.0 0.7377866400797607 22.4925 37.0 0.08
1.0 0.7248255234297108 22.4925 36.35 0.09
1.0 0.7128614157527418 22.4925 35.75 0.09999999999999999
1.0 0.7008973080757727 22.4925 35.15 0.10999999999999999
1.0 0.6989032901296112 22.4925 35.05 0.11999999999999998
1.0 0.6899302093718843 22.4925 34.6 0.12999999999999998
1.0 0.6849451645064806 22.4925 34.35 0.13999999999999999
1.0 0.6759720837487537 22.4925 33.9 0.15
1.0 0.6679960119641076 22.4925 33.5 0.16
1.0 0.6570289132602194 22.4925 32.95 0.17
1.0 0.6400797607178464 22.4925 32.1 0.18000000000000002
1.0 0.6321036889332003 22.4925 31.7 0.19000000000000003
1.0 0.6181455633100698 22.4925 31.0 0.20000000000000004
1.0 0.6081754735792622 22.4925 30.5 0.21000000000000005
1.0 0.6001994017946162 22.4925 30.1 0.22000000000000006
1.0 0.5922233300099701 22.4925 29.7 0.23000000000000007
1.0 0.5852442671984048 22.4925 29.35 0.24000000000000007
1.0 0.5822532402791625 22.4925 29.2 0.25000000000000006
1.0 0.5782652043868395 22.4925 29.0 0.26000000000000006
1.0 0.5732801595214357 22.4925 28.75 0.2700000000000001
1.0 0.5692921236291126 22.4925 28.55 0.2800000000000001
1.0 0.5663010967098704 22.4925 28.4 0.2900000000000001
1.0 0.5633100697906281 22.4925 28.25 0.3000000000000001
1.0 0.5633100697906281 22.4925 28.25 0.3100000000000001
1.0 0.5603190428713859 22.4925 28.1 0.3200000000000001
1.0 0.559322033898305 22.4925 28.05 0.3300000000000001
1.0 0.5563310069790628 22.4925 27.9 0.34000000000000014
1.0 0.5543369890329013 22.4925 27.8 0.35000000000000014
1.0 0.551345962113659 22.4925 27.65 0.36000000000000015
1.0 0.5453639082751744 22.4925 27.35 0.37000000000000016
1.0 0.5383848454636092 22.4925 27.0 0.38000000000000017
1.0 0.5314057826520439 22.4925 26.65 0.3900000000000002
1.0 0.5244267198404786 22.4925 26.3 0.4000000000000002
1.0 0.518444666001994 22.4925 26.0 0.4100000000000002
1.0 0.5074775672981057 22.4925 25.45 0.4200000000000002
1.0 0.4935194416749751 22.4925 24.75 0.4300000000000002
1.0 0.4785643070787637 22.4925 24.0 0.4400000000000002
1.0 0.47258225324027914 22.4925 23.7 0.45000000000000023
1.0 0.46560319042871384 22.4925 23.35 0.46000000000000024
1.0 0.4576271186440678 22.4925 22.95 0.47000000000000025
1.0 0.44666001994017945 22.4925 22.4 0.48000000000000026
1.0 0.4356929212362911 22.4925 21.85 0.49000000000000027
1.0 0.4336989032901296 22.4925 21.75 0.5000000000000002
1.0 0.42771684945164506 22.4925 21.45 0.5100000000000002
1.0 0.4217347956131605 22.4925 21.15 0.5200000000000002
1.0 0.41774675972083747 22.4925 20.95 0.5300000000000002
1.0 0.41575274177467597 22.4925 20.85 0.5400000000000003
1.0 0.4087736789631107 22.4925 20.5 0.5500000000000003
1.0 0.4077766699900299 22.4925 20.45 0.5600000000000003
1.0 0.4057826520438684 22.4925 20.35 0.5700000000000003
1.0 0.4017946161515454 22.4925 20.15 0.5800000000000003
1.0 0.39980059820538383 22.4925 20.05 0.5900000000000003
1.0 0.39780658025922233 22.4925 19.95 0.6000000000000003
1.0 0.3948155533399801 22.4925 19.8 0.6100000000000003
1.0 0.39282153539381853 22.4925 19.7 0.6200000000000003
1.0 0.39082751744765704 22.4925 19.6 0.6300000000000003
1.0 0.38384845463609174 22.4925 19.25 0.6400000000000003
1.0 0.3798604187437687 22.4925 19.05 0.6500000000000004
1.0 0.37188434695912265 22.4925 18.65 0.6600000000000004
1.0 0.3698903290129611 22.4925 18.55 0.6700000000000004
1.0 0.3589232303090728 22.4925 18.0 0.6800000000000004
1.0 0.3489531405782652 22.4925 17.5 0.6900000000000004
1.0 0.3439680957128614 22.4925 17.25 0.7000000000000004
1.0 0.3320039880358923 22.4925 16.65 0.7100000000000004
1.0 0.31106679960119643 22.4925 15.6 0.7200000000000004
1.0 0.30109670987038883 22.4925 15.1 0.7300000000000004
1.0 0.2931206380857428 22.4925 14.7 0.7400000000000004
1.0 0.27916251246261214 22.4925 14.0 0.7500000000000004
1.0 0.2691924227318046 22.4925 13.5 0.7600000000000005
1.0 0.2622133599202393 22.4925 13.15 0.7700000000000005
1.0 0.25623130608175476 22.4925 12.85 0.7800000000000005
0.999888851839502 0.2522432701894317 22.49 12.65 0.7900000000000005
0.999888851839502 0.24626121635094717 22.49 12.35 0.8000000000000005
0.999888851839502 0.24426719840478564 22.49 12.25 0.8100000000000005
0.9995554073580082 0.24127617148554337 22.4825 12.1 0.8200000000000005
0.9993331110370124 0.2333000997008973 22.4775 11.7 0.8300000000000005
0.9988885183950206 0.226321036889332 22.4675 11.35 0.8400000000000005
0.9979993331110371 0.2193419740777667 22.4475 11.0 0.8500000000000005
0.9969989996665555 0.21036889332003988 22.425 10.55 0.8600000000000005
0.9947760364565966 0.1984047856430708 22.375 9.95 0.8700000000000006
0.991997332444148 0.18344965104685942 22.3125 9.2 0.8800000000000006
0.9884405913082138 0.1744765702891326 22.2325 8.75 0.8900000000000006
0.9847727020117817 0.1625124626121635 22.15 8.15 0.9000000000000006
0.9799933311103701 0.1535393818544367 22.0425 7.7 0.9100000000000006
0.976325441813938 0.1415752741774676 21.96 7.1 0.9200000000000006
0.9736578859619873 0.12662013958125623 21.9 6.35 0.9300000000000006
0.9709903301100367 0.11764705882352941 21.84 5.9 0.9400000000000006
0.9694342558630654 0.10667996011964108 21.805 5.35 0.9500000000000006
0.9669889963321107 0.09371884346959122 21.75 4.7 0.9600000000000006
0.9629876625541848 0.08574277168494517 21.66 4.3 0.9700000000000006
0.9534289207513615 0.07477567298105683 21.445 3.75 0.9800000000000006
0.9226408802934312 0.04885343968095713 20.7525 2.45 0.9900000000000007
0.0 0.0 0.0 0.0
