0.0 0.4985044865403789 0.0 25.0 0.0
0.0 0.42971086739780656 0.0 21.55 0.01
0.0 0.3629112662013958 0.0 18.2 0.02
0.0 0.3369890329012961 0.0 16.9 0.03
0.0 0.32103688933200397 0.0 16.1 0.04
0.0 0.30608175473579263 0.0 15.35 0.05
0.0 0.2931206380857428 0.0 14.7 0.060000000000000005
0.0 0.2931206380857428 0.0 14.7 0.07
0.0 0.27517447657028915 0.0 13.8 0.08
0.0 0.26719840478564305 0.0 13.4 0.09
0.0 0.26321036889332006 0.0 13.2 0.09999999999999999
0.0 0.26321036889332006 0.0 13.2 0.10999999999999999
0.0 0.26021934197407776 0.0 13.05 0.11999999999999998
0.0 0.25822532402791626 0.0 12.95 0.12999999999999998
0.0 0.24825523429710866 0.0 12.45 0.13999999999999999
0.0 0.2432701894317049 0.0 12.2 0.15
0.0 0.23928215353938184 0.0 12.0 0.16
0.0 0.23629112662013957 0.0 11.85 0.17
0.0 0.23629112662013957 0.0 11.85 0.18000000000000002
0.0 0.23629112662013957 0.0 11.85 0.19000000000000003
0.0 0.23429710867397807 0.0 11.75 0.20000000000000004
0.0 0.23429710867397807 0.0 11.75 0.21000000000000005
0.0 0.2333000997008973 0.0 11.7 0.22000000000000006
0.0 0.23030907278165502 0.0 11.55 0.23000000000000007
0.0 0.22731804586241275 0.0 11.4 0.24000000000000007
0.0 0.226321036889332 0.0 11.35 0.25000000000000006
0.0 0.22333000997008973 0.0 11.2 0.26000000000000006
0.0 0.22233300099700898 0.0 11.15 0.2700000000000001
0.0 0.2143569292123629 0.0 10.75 0.2800000000000001
0.0 0.21335992023928216 0.0 10.7 0.2900000000000001
0.0 0.2123629112662014 0.0 10.65 0.3000000000000001
0.0 0.21136590229312063 0.0 10.6 0.3100000000000001
0.0 0.21136590229312063 0.0 10.6 0.3200000000000001
0.0 0.20937188434695914 0.0 10.5 0.3300000000000001
0.0 0.20937188434695914 0.0 10.5 0.34000000000000014
0.0 0.20837487537387836 0.0 10.45 0.35000000000000014
0.0 0.20837487537387836 0.0 10.45 0.36000000000000015
0.0 0.2073778664007976 0.0 10.4 0.37000000000000016
0.0 0.2073778664007976 0.0 10.4 0.38000000000000017
0.0 0.2033898305084746 0.0 10.2 0.3900000000000002
0.0 0.20039880358923232 0.0 10.05 0.4000000000000002
0.0 0.1984047856430708 0.0 9.95 0.4100000000000002
0.0 0.1984047856430708 0.0 9.95 0.4200000000000002
0.0 0.1984047856430708 0.0 9.95 0.4300000000000002
0.0 0.19242273180458624 0.0 9.65 0.4400000000000002
0.0 0.1914257228315055 0.0 9.6 0.45000000000000023
0.0 0.1914257228315055 0.0 9.6 0.46000000000000024
0.0 0.18843469591226322 0.0 9.45 0.47000000000000025
0.0 0.18743768693918245 0.0 9.4 0.48000000000000026
0.0 0.18544366899302095 0.0 9.3 0.49000000000000027
0.0 0.18444666001994017 0.0 9.25 0.5000000000000002
0.0 0.1814556331006979 0.0 9.1 0.5100000000000002
0.0 0.17746759720837488 0.0 8.9 0.5200000000000002
0.0 0.17048853439680958 0.0 8.55 0.5300000000000002
0.0 0.1694915254237288 0.0 8.5 0.5400000000000003
0.0 0.16849451645064806 0.0 8.45 0.5500000000000003
0.0 0.16350947158524426 0.0 8.2 0.5600000000000003
0.0 0.1575274177467597 0.0 7.9 0.5700000000000003
0.0 0.1535393818544367 0.0 7.7 0.5800000000000003
0.0 0.15154536390827517 0.0 7.6 0.5900000000000003
0.0 0.15154536390827517 0.0 7.6 0.6000000000000003
0.0 0.14755732801595214 0.0 7.4 0.6100000000000003
0.0 0.14755732801595214 0.0 7.4 0.6200000000000003
0.0 0.1465603190428714 0.0 7.35 0.6300000000000003
0.0 0.14456630109670987 0.0 7.25 0.6400000000000003
0.0 0.14456630109670987 0.0 7.25 0.6500000000000004
0.0 0.14356929212362912 0.0 7.2 0.6600000000000004
0.0 0.14356929212362912 0.0 7.2 0.6700000000000004
0.0 0.1415752741774676 0.0 7.1 0.6800000000000004
0.0 0.1415752741774676 0.0 7.1 0.6900000000000004
0.0 0.1415752741774676 0.0 7.1 0.7000000000000004
0.0 0.13958125623130607 0.0 7.0 0.7100000000000004
0.0 0.13758723828514458 0.0 6.9 0.7200000000000004
0.0 0.13758723828514458 0.0 6.9 0.7300000000000004
0.0 0.13758723828514458 0.0 6.9 0.7400000000000004
0.0 0.13758723828514458 0.0 6.9 0.7500000000000004
0.0 0.13758723828514458 0.0 6.9 0.7600000000000005
0.0 0.13758723828514458 0.0 6.9 0.7700000000000005
0.0 0.13559322033898305 0.0 6.8 0.7800000000000005
0.0 0.1345962113659023 0.0 6.75 0.7900000000000005
0.0 0.1345962113659023 0.0 6.75 0.8000000000000005
0.0 0.13359920239282153 0.0 6.7 0.8100000000000005
0.0 0.13359920239282153 0.0 6.7 0.8200000000000005
0.0 0.13260219341974078 0.0 6.65 0.8300000000000005
0.0 0.13160518444666003 0.0 6.6 0.8400000000000005
0.0 0.12761714855433698 0.0 6.4 0.8500000000000005
0.0 0.12562313060817548 0.0 6.3 0.8600000000000005
0.0 0.12562313060817548 0.0 6.3 0.8700000000000006
0.0 0.12462612163509472 0.0 6.25 0.8800000000000006
0.0 0.12163509471585245 0.0 6.1 0.8900000000000006
0.0 0.11764705882352941 0.0 5.9 0.9000000000000006
0.0 0.11465603190428714 0.0 5.75 0.9100000000000006
0.0 0.11365902293120637 0.0 5.7 0.9200000000000006
0.0 0.10767696909272183 0.0 5.4 0.9300000000000006
0.0 0.10069790628115653 0.0 5.05 0.9400000000000006
0.0 0.09172482552342971 0.0 4.6 0.9500000000000006
0.0 0.08374875373878365 0.0 4.2 0.9600000000000006
0.0 0.06779661016949153 0.0 3.4 0.9700000000000006
0.0 0.045862412761714856 0.0 2.3 0.9800000000000006
0.0 0.026919242273180457 0.0 1.35 0.9900000000000007
0.0 0.0 0.0 0.0
