1.0 1.0 12.852857142857143 100.3 0.0
1.0 0.7517447657028913 12.852857142857143 75.4 0.01
1.0 0.6360917248255235 12.852857142857143 63.8 0.02
1.0 0.5902293120638086 12.852857142857143 59.2 0.03
1.0 0.551345962113659 12.852857142857143 55.3 0.04
1.0 0.5244267198404786 12.852857142857143 52.6 0.05
1.0 0.48255234297108673 12.852857142857143 48.4 0.060000000000000005
1.0 0.48255234297108673 12.852857142857143 48.4 0.07
1.0 0.4646061814556331 12.852857142857143 46.6 0.08
1.0 0.44865403788634095 12.852857142857143 45.0 0.09
1.0 0.43768693918245266 12.852857142857143 43.9 0.09999999999999999
1.0 0.42971086739780656 12.852857142857143 43.1 0.10999999999999999
1.0 0.42073778664007977 12.852857142857143 42.2 0.11999999999999998
1.0 0.4117647058823529 12.852857142857143 41.3 0.12999999999999998
1.0 0.4037886340977069 12.852857142857143 40.5 0.13999999999999999
1.0 0.39780658025922233 12.852857142857143 39.9 0.15
1.0 0.3918245264207378 12.852857142857143 39.3 0.16
1.0 0.3848454636091725 12.852857142857143 38.6 0.17
1.0 0.36889332003988035 12.852857142857143 37.0 0.18000000000000002
1.0 0.3629112662013958 12.852857142857143 36.4 0.19000000000000003
1.0 0.35493519441674976 12.852857142857143 35.6 0.20000000000000004
1.0 0.3469591226321037 12.852857142857143 34.8 0.21000000000000005
1.0 0.3419740777666999 12.852857142857143 34.3 0.22000000000000006
1.0 0.3389830508474576 12.852857142857143 34.0 0.23000000000000007
1.0 0.3339980059820538 12.852857142857143 33.5 0.24000000000000007
1.0 0.32602193419740777 12.852857142857143 32.7 0.25000000000000006
1.0 0.32103688933200397 12.852857142857143 32.2 0.26000000000000006
1.0 0.317048853439681 12.852857142857143 31.8 0.2700000000000001
1.0 0.31106679960119643 12.852857142857143 31.2 0.2800000000000001
1.0 0.30608175473579263 12.852857142857143 30.7 0.2900000000000001
1.0 0.30309072781655033 12.852857142857143 30.4 0.3000000000000001
1.0 0.3000997008973081 12.852857142857143 30.1 0.3100000000000001
1.0 0.3000997008973081 12.852857142857143 30.1 0.3200000000000001
1.0 0.2971086739780658 12.852857142857143 29.8 0.3300000000000001
1.0 0.29611166500498504 12.852857142857143 29.7 0.34000000000000014
1.0 0.2951146560319043 12.852857142857143 29.6 0.35000000000000014
1.0 0.292123629112662 12.852857142857143 29.3 0.36000000000000015
1.0 0.28913260219341974 12.852857142857143 29.0 0.37000000000000016
1.0 0.2811565304087737 12.852857142857143 28.2 0.38000000000000017
1.0 0.2781655034895314 12.852857142857143 27.9 0.3900000000000002
1.0 0.2731804586241276 12.852857142857143 27.4 0.4000000000000002
1.0 0.26819541375872386 12.852857142857143 26.9 0.4100000000000002
1.0 0.2642073778664008 12.852857142857143 26.5 0.4200000000000002
1.0 0.25124626121635096 12.852857142857143 25.2 0.4300000000000002
1.0 0.2432701894317049 12.852857142857143 24.4 0.4400000000000002
1.0 0.23529411764705882 12.852857142857143 23.6 0.45000000000000023
1.0 0.226321036889332 12.852857142857143 22.7 0.46000000000000024
1.0 0.22033898305084745 12.852857142857143 22.1 0.47000000000000025
1.0 0.21136590229312063 12.852857142857143 21.2 0.48000000000000026
1.0 0.20438683948155534 12.852857142857143 20.5 0.49000000000000027
1.0 0.20139581256231306 12.852857142857143 20.2 0.5000000000000002
1.0 0.19242273180458624 12.852857142857143 19.3 0.5100000000000002
1.0 0.19042871385842472 12.852857142857143 19.1 0.5200000000000002
1.0 0.18743768693918245 12.852857142857143 18.8 0.5300000000000002
1.0 0.18743768693918245 12.852857142857143 18.8 0.5400000000000003
1.0 0.18544366899302095 12.852857142857143 18.6 0.5500000000000003
1.0 0.18245264207377868 12.852857142857143 18.3 0.5600000000000003
1.0 0.18045862412761715 12.852857142857143 18.1 0.5700000000000003
1.0 0.17846460618145563 12.852857142857143 17.9 0.5800000000000003
1.0 0.17746759720837488 12.852857142857143 17.8 0.5900000000000003
1.0 0.1744765702891326 12.852857142857143 17.5 0.6000000000000003
1.0 0.17347956131605186 12.852857142857143 17.4 0.6100000000000003
1.0 0.17248255234297108 12.852857142857143 17.3 0.6200000000000003
1.0 0.17248255234297108 12.852857142857143 17.3 0.6300000000000003
1.0 0.16849451645064806 12.852857142857143 16.9 0.6400000000000003
1.0 0.16350947158524426 12.852857142857143 16.4 0.6500000000000004
1.0 0.16350947158524426 12.852857142857143 16.4 0.6600000000000004
1.0 0.1625124626121635 12.852857142857143 16.3 0.6700000000000004
1.0 0.15653040877367896 12.852857142857143 15.7 0.6800000000000004
1.0 0.15154536390827517 12.852857142857143 15.2 0.6900000000000004
1.0 0.14556331006979062 12.852857142857143 14.6 0.7000000000000004
1.0 0.14057826520438685 12.852857142857143 14.1 0.7100000000000004
1.0 0.13359920239282153 12.852857142857143 13.4 0.7200000000000004
1.0 0.12662013958125623 12.852857142857143 12.7 0.7300000000000004
1.0 0.1156530408773679 12.852857142857143 11.6 0.7400000000000004
1.0 0.11266201395812563 12.852857142857143 11.3 0.7500000000000004
1.0 0.10568295114656032 12.852857142857143 10.6 0.7600000000000005
1.0 0.10269192422731804 12.852857142857143 10.3 0.7700000000000005
1.0 0.09571286141575275 12.852857142857143 9.6 0.7800000000000005
1.0 0.08773678963110668 12.852857142857143 8.8 0.7900000000000005
1.0 0.08175473579262213 12.852857142857143 8.2 0.8000000000000005
1.0 0.07676969092721835 12.852857142857143 7.7 0.8100000000000005
1.0 0.07377866400797607 12.852857142857143 7.4 0.8200000000000005
0.999888851839502 0.07178464606181456 12.851428571428572 7.2 0.8300000000000005
0.999888851839502 0.0707876370887338 12.851428571428572 7.1 0.8400000000000005
0.9994442591975102 0.06979062811565304 12.845714285714285 7.0 0.8500000000000005
0.9994442591975102 0.06679960119641076 12.845714285714285 6.7 0.8600000000000005
0.9988885183950206 0.06181455633100698 12.838571428571429 6.2 0.8700000000000006
0.9985550739135267 0.05982053838484546 12.834285714285715 6.0 0.8800000000000006
0.9979993331110371 0.058823529411764705 12.827142857142857 5.9 0.8900000000000006
0.9969989996665555 0.05284147557328016 12.814285714285715 5.3 0.9000000000000006
0.9965544070245638 0.05084745762711865 12.808571428571428 5.1 0.9100000000000006
0.995887518061576 0.047856430707876374 12.8 4.8 0.9200000000000006
0.9954429254195843 0.040877367896311065 12.794285714285714 4.1 0.9300000000000006
0.9954429254195843 0.03788634097706879 12.794285714285714 3.8 0.9400000000000006
0.9952206290985884 0.02991026919242273 12.791428571428572 3.0 0.9500000000000006
0.9944425919751028 0.028913260219341975 12.781428571428572 2.9 0.9600000000000006
0.9939979993331111 0.020937188434695914 12.775714285714285 2.1 0.9700000000000006
0.9911081471601645 0.01296111665004985 12.73857142857143 1.3 0.9800000000000006
0.9825497388018228 0.003988035892323031 12.628571428571428 0.4 0.9900000000000007
0.0 0.0 0.0 0.0
