1.0 1.0 8.997 66.86666666666666 0.0
1.0 0.5812562313060817 8.997 38.86666666666667 0.01
1.0 0.423728813559322 8.997 28.333333333333332 0.02
1.0 0.37587238285144564 8.997 25.133333333333333 0.03
1.0 0.35194416749750745 8.997 23.533333333333335 0.04
1.0 0.3369890329012961 8.997 22.533333333333335 0.05
1.0 0.29112662013958124 8.997 19.466666666666665 0.060000000000000005
1.0 0.29112662013958124 8.997 19.466666666666665 0.07
1.0 0.28215353938185445 8.997 18.866666666666667 0.08
1.0 0.2691924227318046 8.997 18.0 0.09
1.0 0.2542372881355932 8.997 17.0 0.09999999999999999
1.0 0.24825523429710866 8.997 16.6 0.10999999999999999
1.0 0.2452642073778664 8.997 16.4 0.11999999999999998
1.0 0.2382851445663011 8.997 15.933333333333334 0.12999999999999998
1.0 0.2333000997008973 8.997 15.6 0.13999999999999999
1.0 0.22432701894317048 8.997 15.0 0.15
1.0 0.21734795613160518 8.997 14.533333333333333 0.16
1.0 0.21036889332003988 8.997 14.066666666666666 0.17
1.0 0.20139581256231306 8.997 13.466666666666667 0.18000000000000002
1.0 0.19042871385842472 8.997 12.733333333333333 0.19000000000000003
1.0 0.18743768693918245 8.997 12.533333333333333 0.20000000000000004
1.0 0.18045862412761715 8.997 12.066666666666666 0.21000000000000005
1.0 0.17547357926221335 8.997 11.733333333333333 0.22000000000000006
1.0 0.1744765702891326 8.997 11.666666666666666 0.23000000000000007
1.0 0.17248255234297108 8.997 11.533333333333333 0.24000000000000007
1.0 0.16849451645064806 8.997 11.266666666666667 0.25000000000000006
1.0 0.16450648055832504 8.997 11.0 0.26000000000000006
1.0 0.16151545363908276 8.997 10.8 0.2700000000000001
1.0 0.15952143569292124 8.997 10.666666666666666 0.2800000000000001
1.0 0.1585244267198405 8.997 10.6 0.2900000000000001
1.0 0.1575274177467597 8.997 10.533333333333333 0.3000000000000001
1.0 0.15553339980059822 8.997 10.4 0.3100000000000001
1.0 0.15453639082751744 8.997 10.333333333333334 0.3200000000000001
1.0 0.1535393818544367 8.997 10.266666666666667 0.3300000000000001
1.0 0.15054835493519442 8.997 10.066666666666666 0.34000000000000014
1.0 0.1485543369890329 8.997 9.933333333333334 0.35000000000000014
1.0 0.1465603190428714 8.997 9.8 0.36000000000000015
1.0 0.14356929212362912 8.997 9.6 0.37000000000000016
1.0 0.14356929212362912 8.997 9.6 0.38000000000000017
1.0 0.1415752741774676 8.997 9.466666666666667 0.3900000000000002
1.0 0.13958125623130607 8.997 9.333333333333334 0.4000000000000002
1.0 0.13559322033898305 8.997 9.066666666666666 0.4100000000000002
1.0 0.13359920239282153 8.997 8.933333333333334 0.4200000000000002
1.0 0.1296111665004985 8.997 8.666666666666666 0.4300000000000002
1.0 0.12662013958125623 8.997 8.466666666666667 0.4400000000000002
1.0 0.1226321036889332 8.997 8.2 0.45000000000000023
1.0 0.12063808574277168 8.997 8.066666666666666 0.46000000000000024
1.0 0.11665004985044865 8.997 7.8 0.47000000000000025
1.0 0.11365902293120637 8.997 7.6 0.48000000000000026
1.0 0.11166500498504486 8.997 7.466666666666667 0.49000000000000027
1.0 0.1106679960119641 8.997 7.4 0.5000000000000002
1.0 0.10867397806580259 8.997 7.266666666666667 0.5100000000000002
1.0 0.10767696909272183 8.997 7.2 0.5200000000000002
1.0 0.10667996011964108 8.997 7.133333333333334 0.5300000000000002
1.0 0.1036889332003988 8.997 6.933333333333334 0.5400000000000003
1.0 0.1016949152542373 8.997 6.8 0.5500000000000003
1.0 0.10069790628115653 8.997 6.733333333333333 0.5600000000000003
1.0 0.09770687936191426 8.997 6.533333333333333 0.5700000000000003
1.0 0.09471585244267199 8.997 6.333333333333333 0.5800000000000003
1.0 0.09172482552342971 8.997 6.133333333333334 0.5900000000000003
1.0 0.0897308075772682 8.997 6.0 0.6000000000000003
1.0 0.08873379860418744 8.997 5.933333333333334 0.6100000000000003
1.0 0.08574277168494517 8.997 5.733333333333333 0.6200000000000003
1.0 0.08374875373878365 8.997 5.6 0.6300000000000003
1.0 0.08175473579262213 8.997 5.466666666666667 0.6400000000000003
1.0 0.07976071784646062 8.997 5.333333333333333 0.6500000000000004
1.0 0.07876370887337986 8.997 5.266666666666667 0.6600000000000004
1.0 0.07876370887337986 8.997 5.266666666666667 0.6700000000000004
1.0 0.07577268195413758 8.997 5.066666666666666 0.6800000000000004
1.0 0.07377866400797607 8.997 4.933333333333334 0.6900000000000004
1.0 0.07178464606181456 8.997 4.8 0.7000000000000004
1.0 0.07178464606181456 8.997 4.8 0.7100000000000004
1.0 0.06979062811565304 8.997 4.666666666666667 0.7200000000000004
1.0 0.06779661016949153 8.997 4.533333333333333 0.7300000000000004
1.0 0.06679960119641076 8.997 4.466666666666667 0.7400000000000004
1.0 0.06480558325024925 8.997 4.333333333333333 0.7500000000000004
1.0 0.06081754735792622 8.997 4.066666666666666 0.7600000000000005
1.0 0.05682951146560319 8.997 3.8 0.7700000000000005
1.0 0.05284147557328016 8.997 3.533333333333333 0.7800000000000005
1.0 0.049850448654037885 8.997 3.3333333333333335 0.7900000000000005
1.0 0.047856430707876374 8.997 3.2 0.8000000000000005
1.0 0.0448654037886341 8.997 3.0 0.8100000000000005
1.0 0.04287138584247258 8.997 2.8666666666666667 0.8200000000000005
1.0 0.04187437686939183 8.997 2.8 0.8300000000000005
1.0 0.040877367896311065 8.997 2.7333333333333334 0.8400000000000005
1.0 0.038883349950149554 8.997 2.6 0.8500000000000005
1.0 0.036889332003988036 8.997 2.466666666666667 0.8600000000000005
1.0 0.03290129611166501 8.997 2.2 0.8700000000000006
1.0 0.031904287138584245 8.997 2.1333333333333333 0.8800000000000006
1.0 0.031904287138584245 8.997 2.1333333333333333 0.8900000000000006
1.0 0.02991026919242273 8.997 2.0 0.9000000000000006
1.0 0.024925224327018942 8.997 1.6666666666666667 0.9100000000000006
1.0 0.024925224327018942 8.997 1.6666666666666667 0.9200000000000006
0.999888851839502 0.02193419740777667 8.996 1.4666666666666666 0.9300000000000006
0.999888851839502 0.019940179461615155 8.996 1.3333333333333333 0.9400000000000006
0.999888851839502 0.014955134596211365 8.996 1.0 0.9500000000000006
0.9995554073580082 0.01296111665004985 8.993 0.8666666666666667 0.9600000000000006
0.9992219628765144 0.010967098703888335 8.99 0.7333333333333333 0.9700000000000006
0.9988885183950206 0.009970089730807577 8.987 0.6666666666666666 0.9800000000000006
0.9978881849505391 0.006979062811565304 8.978 0.4666666666666667 0.9900000000000007
0.0 0.0 0.0 0.0
