1.0 1.0 89.97 83.58333333333333 0.0
1.0 0.9980059820538385 89.97 83.41666666666667 0.01
1.0 0.9850448654037887 89.97 82.33333333333333 0.02
1.0 0.9760717846460618 89.97 81.58333333333333 0.03
1.0 0.967098703888335 89.97 80.83333333333333 0.04
1.0 0.9601196410767697 89.97 80.25 0.05
1.0 0.9431704885343968 89.97 78.83333333333333 0.060000000000000005
1.0 0.9431704885343968 89.97 78.83333333333333 0.07
1.0 0.9401794616151545 89.97 78.58333333333333 0.08
1.0 0.9391824526420738 89.97 78.5 0.09
1.0 0.9361914257228315 89.97 78.25 0.09999999999999999
1.0 0.93419740777667 89.97 78.08333333333333 0.10999999999999999
1.0 0.93419740777667 89.97 78.08333333333333 0.11999999999999998
1.0 0.93419740777667 89.97 78.08333333333333 0.12999999999999998
1.0 0.93419740777667 89.97 78.08333333333333 0.13999999999999999
1.0 0.9302093718843469 89.97 77.75 0.15
1.0 0.9262213359920239 89.97 77.41666666666667 0.16
1.0 0.9252243270189432 89.97 77.33333333333333 0.17
1.0 0.9212362911266201 89.97 77.0 0.18000000000000002
1.0 0.9162512462612163 89.97 76.58333333333333 0.19000000000000003
1.0 0.909272183449651 89.97 76.0 0.20000000000000004
1.0 0.9032901296111665 89.97 75.5 0.21000000000000005
1.0 0.8993020937188435 89.97 75.16666666666667 0.22000000000000006
1.0 0.8963110667996012 89.97 74.91666666666667 0.23000000000000007
1.0 0.8953140578265204 89.97 74.83333333333333 0.24000000000000007
1.0 0.8933200398803589 89.97 74.66666666666667 0.25000000000000006
1.0 0.8923230309072782 89.97 74.58333333333333 0.26000000000000006
1.0 0.8913260219341974 89.97 74.5 0.2700000000000001
1.0 0.8913260219341974 89.97 74.5 0.2800000000000001
1.0 0.8913260219341974 89.97 74.5 0.2900000000000001
1.0 0.8913260219341974 89.97 74.5 0.3000000000000001
1.0 0.8913260219341974 89.97 74.5 0.3100000000000001
1.0 0.8893320039880359 89.97 74.33333333333333 0.3200000000000001
1.0 0.8883349950149552 89.97 74.25 0.3300000000000001
1.0 0.8873379860418744 89.97 74.16666666666667 0.34000000000000014
1.0 0.8863409770687937 89.97 74.08333333333333 0.35000000000000014
1.0 0.8853439680957128 89.97 74.0 0.36000000000000015
1.0 0.8843469591226321 89.97 73.91666666666667 0.37000000000000016
1.0 0.8823529411764706 89.97 73.75 0.38000000000000017
1.0 0.8803589232303091 89.97 73.58333333333333 0.3900000000000002
1.0 0.8773678963110668 89.97 73.33333333333333 0.4000000000000002
1.0 0.872382851445663 89.97 72.91666666666667 0.4100000000000002
1.0 0.8713858424725822 89.97 72.83333333333333 0.4200000000000002
1.0 0.8664007976071785 89.97 72.41666666666667 0.4300000000000002
1.0 0.8604187437686939 89.97 71.91666666666667 0.4400000000000002
1.0 0.8594217347956131 89.97 71.83333333333333 0.45000000000000023
1.0 0.8504486540378864 89.97 71.08333333333333 0.46000000000000024
0.999888851839502 0.8464606181455633 89.96 70.75 0.47000000000000025
0.9997777036790041 0.843469591226321 89.95 70.5 0.48000000000000026
0.9996665555185061 0.8424725822532403 89.94 70.41666666666667 0.49000000000000027
0.9996665555185061 0.8404785643070788 89.94 70.25 0.5000000000000002
0.9995554073580082 0.8364905284147557 89.93 69.91666666666667 0.5100000000000002
0.9994442591975102 0.8315054835493519 89.92 69.5 0.5200000000000002
0.9994442591975102 0.8305084745762712 89.92 69.41666666666667 0.5300000000000002
0.9993331110370124 0.8285144566301097 89.91 69.25 0.5400000000000003
0.9993331110370124 0.827517447657029 89.91 69.16666666666667 0.5500000000000003
0.9993331110370124 0.8245264207377866 89.91 68.91666666666667 0.5600000000000003
0.9992219628765144 0.8245264207377866 89.9 68.91666666666667 0.5700000000000003
0.9992219628765144 0.8235294117647058 89.9 68.83333333333333 0.5800000000000003
0.9992219628765144 0.8235294117647058 89.9 68.83333333333333 0.5900000000000003
0.9992219628765144 0.8235294117647058 89.9 68.83333333333333 0.6000000000000003
0.9992219628765144 0.8225324027916251 89.9 68.75 0.6100000000000003
0.9992219628765144 0.8195413758723828 89.9 68.5 0.6200000000000003
0.9991108147160165 0.8185443668993021 89.89 68.41666666666667 0.6300000000000003
0.9991108147160165 0.8155533399800599 89.89 68.16666666666667 0.6400000000000003
0.9991108147160165 0.8115653040877367 89.89 67.83333333333333 0.6500000000000004
0.9991108147160165 0.8005982053838484 89.89 66.91666666666667 0.6600000000000004
0.9991108147160165 0.7936191425722832 89.89 66.33333333333333 0.6700000000000004
0.9991108147160165 0.7816550348953141 89.89 65.33333333333333 0.6800000000000004
0.9991108147160165 0.7706879361914257 89.89 64.41666666666667 0.6900000000000004
0.9991108147160165 0.7557328015952144 89.89 63.166666666666664 0.7000000000000004
0.9991108147160165 0.7467597208374875 89.89 62.416666666666664 0.7100000000000004
0.9991108147160165 0.7168494516450648 89.89 59.916666666666664 0.7200000000000004
0.9991108147160165 0.7048853439680958 89.89 58.916666666666664 0.7300000000000004
0.9991108147160165 0.6859421734795613 89.89 57.333333333333336 0.7400000000000004
0.9991108147160165 0.6719840478564307 89.89 56.166666666666664 0.7500000000000004
0.9991108147160165 0.6570289132602194 89.89 54.916666666666664 0.7600000000000005
0.9989996665555185 0.6450648055832503 89.88 53.916666666666664 0.7700000000000005
0.9986662220740247 0.6360917248255235 89.85 53.166666666666664 0.7800000000000005
0.998110481271535 0.6271186440677966 89.8 52.416666666666664 0.7900000000000005
0.9973324441480493 0.6211365902293121 89.73 51.916666666666664 0.8000000000000005
0.996109814382572 0.6061814556331007 89.62 50.666666666666664 0.8100000000000005
0.9939979993331111 0.5992023928215354 89.43 50.083333333333336 0.8200000000000005
0.9897743692341892 0.5822532402791625 89.05 48.666666666666664 0.8300000000000005
0.9836612204068023 0.5672981056829511 88.5 47.416666666666664 0.8400000000000005
0.9701011448260531 0.551345962113659 87.28 46.083333333333336 0.8500000000000005
0.94864954984995 0.5204386839481555 85.35 43.5 0.8600000000000005
0.9159719906635545 0.47357926221335994 82.41 39.583333333333336 0.8700000000000006
0.8782927642547516 0.4117647058823529 79.02 34.416666666666664 0.8800000000000006
0.8230521284872735 0.36889332003988035 74.05 30.833333333333332 0.8900000000000006
0.7652550850283428 0.28713858424725824 68.85 24.0 0.9000000000000006
0.7057908191619429 0.20039880358923232 63.5 16.75 0.9100000000000006
0.656107591419362 0.12761714855433698 59.03 10.666666666666666 0.9200000000000006
0.6167611426030899 0.06580259222333001 55.49 5.5 0.9300000000000006
0.584972768700678 0.02991026919242273 52.63 2.5 0.9400000000000006
0.5635211737245749 0.014955134596211365 50.7 1.25 0.9500000000000006
0.5460709125263977 0.003988035892323031 49.13 0.3333333333333333 0.9600000000000006
0.5263976881182616 0.0029910269192422734 47.36 0.25 0.9700000000000006
0.4917194620429032 0.0019940179461615153 44.24 0.16666666666666666 0.9800000000000006
0.4079137490274536 9.970089730807576E-4 36.7 0.08333333333333333 0.9900000000000007
0.0 0.0 0.0 0.0
