1.0 1.0 22.4925 22.288888888888888 0.0
1.0 0.9002991026919243 22.4925 20.066666666666666 0.01
1.0 0.8225324027916251 22.4925 18.333333333333332 0.02
0.999888851839502 0.7716849451645065 22.49 17.2 0.03
0.999888851839502 0.744765702891326 22.49 16.6 0.04
0.999888851839502 0.7228315054835494 22.49 16.11111111111111 0.05
0.999888851839502 0.6889332003988036 22.49 15.355555555555556 0.060000000000000005
0.999888851839502 0.6889332003988036 22.49 15.355555555555556 0.07
0.999888851839502 0.6689930209371885 22.49 14.911111111111111 0.08
0.999888851839502 0.6570289132602194 22.49 14.644444444444444 0.09
0.999888851839502 0.638085742771685 22.49 14.222222222222221 0.09999999999999999
0.999888851839502 0.6281156530408774 22.49 14.0 0.10999999999999999
0.999888851839502 0.6161515453639083 22.49 13.733333333333333 0.11999999999999998
0.999888851839502 0.6101694915254238 22.49 13.6 0.12999999999999998
0.999888851839502 0.6051844466600199 22.49 13.488888888888889 0.13999999999999999
0.999888851839502 0.6011964107676969 22.49 13.4 0.15
0.999888851839502 0.5922233300099701 22.49 13.2 0.16
0.999888851839502 0.584247258225324 22.49 13.022222222222222 0.17
0.999888851839502 0.5623130608175474 22.49 12.533333333333333 0.18000000000000002
0.999888851839502 0.551345962113659 22.49 12.28888888888889 0.19000000000000003
0.999888851839502 0.53938185443669 22.49 12.022222222222222 0.20000000000000004
0.9997777036790041 0.5324027916251246 22.4875 11.866666666666667 0.21000000000000005
0.9997777036790041 0.5254237288135594 22.4875 11.71111111111111 0.22000000000000006
0.9997777036790041 0.5214356929212363 22.4875 11.622222222222222 0.23000000000000007
0.9997777036790041 0.5134596211365903 22.4875 11.444444444444445 0.24000000000000007
0.9997777036790041 0.5094715852442672 22.4875 11.355555555555556 0.25000000000000006
0.9997777036790041 0.5074775672981057 22.4875 11.311111111111112 0.26000000000000006
0.9997777036790041 0.5024925224327019 22.4875 11.2 0.2700000000000001
0.9997777036790041 0.5004985044865404 22.4875 11.155555555555555 0.2800000000000001
0.9997777036790041 0.4955134596211366 22.4875 11.044444444444444 0.2900000000000001
0.9997777036790041 0.4955134596211366 22.4875 11.044444444444444 0.3000000000000001
0.9997777036790041 0.4945164506480558 22.4875 11.022222222222222 0.3100000000000001
0.9997777036790041 0.4935194416749751 22.4875 11.0 0.3200000000000001
0.9997777036790041 0.4905284147557328 22.4875 10.933333333333334 0.3300000000000001
0.9997777036790041 0.48753738783649053 22.4875 10.866666666666667 0.34000000000000014
0.9997777036790041 0.4835493519441675 22.4875 10.777777777777779 0.35000000000000014
0.9997777036790041 0.47756729810568294 22.4875 10.644444444444444 0.36000000000000015
0.9997777036790041 0.47058823529411764 22.4875 10.488888888888889 0.37000000000000016
0.9997777036790041 0.46161515453639085 22.4875 10.28888888888889 0.38000000000000017
0.9997777036790041 0.45164506480558325 22.4875 10.066666666666666 0.3900000000000002
0.9997777036790041 0.44167497507477566 22.4875 9.844444444444445 0.4000000000000002
0.9997777036790041 0.4336989032901296 22.4875 9.666666666666666 0.4100000000000002
0.9997777036790041 0.4247258225324028 22.4875 9.466666666666667 0.4200000000000002
0.9997777036790041 0.4047856430707876 22.4875 9.022222222222222 0.4300000000000002
0.9997777036790041 0.386839481555334 22.4875 8.622222222222222 0.4400000000000002
0.9997777036790041 0.3698903290129611 22.4875 8.244444444444444 0.45000000000000023
0.9997777036790041 0.36191425722831505 22.4875 8.066666666666666 0.46000000000000024
0.9997777036790041 0.34496510468594216 22.4875 7.688888888888889 0.47000000000000025
0.9997777036790041 0.3349950149551346 22.4875 7.466666666666667 0.48000000000000026
0.9997777036790041 0.33100697906281157 22.4875 7.377777777777778 0.49000000000000027
0.9997777036790041 0.32602193419740777 22.4875 7.266666666666667 0.5000000000000002
0.9997777036790041 0.3220338983050847 22.4875 7.177777777777778 0.5100000000000002
0.9997777036790041 0.3200398803589232 22.4875 7.133333333333334 0.5200000000000002
0.9997777036790041 0.3190428713858425 22.4875 7.111111111111111 0.5300000000000002
0.9997777036790041 0.3160518444666002 22.4875 7.044444444444444 0.5400000000000003
0.9997777036790041 0.3140578265204387 22.4875 7.0 0.5500000000000003
0.9997777036790041 0.31306081754735793 22.4875 6.977777777777778 0.5600000000000003
0.9997777036790041 0.3120638085742772 22.4875 6.955555555555556 0.5700000000000003
0.9997777036790041 0.30807577268195413 22.4875 6.866666666666666 0.5800000000000003
0.9997777036790041 0.3070787637088734 22.4875 6.844444444444444 0.5900000000000003
0.9997777036790041 0.30608175473579263 22.4875 6.822222222222222 0.6000000000000003
0.9997777036790041 0.30309072781655033 22.4875 6.7555555555555555 0.6100000000000003
0.9997777036790041 0.30309072781655033 22.4875 6.7555555555555555 0.6200000000000003
0.9997777036790041 0.3000997008973081 22.4875 6.688888888888889 0.6300000000000003
0.9997777036790041 0.29910269192422734 22.4875 6.666666666666667 0.6400000000000003
0.9997777036790041 0.29611166500498504 22.4875 6.6 0.6500000000000004
0.9997777036790041 0.292123629112662 22.4875 6.511111111111111 0.6600000000000004
0.9997777036790041 0.28614157527417744 22.4875 6.377777777777778 0.6700000000000004
0.9997777036790041 0.2831505483549352 22.4875 6.311111111111111 0.6800000000000004
0.9997777036790041 0.2711864406779661 22.4875 6.044444444444444 0.6900000000000004
0.9997777036790041 0.2612163509471585 22.4875 5.822222222222222 0.7000000000000004
0.9997777036790041 0.25523429710867396 22.4875 5.688888888888889 0.7100000000000004
0.9997777036790041 0.23629112662013957 22.4875 5.266666666666667 0.7200000000000004
0.9997777036790041 0.22233300099700898 22.4875 4.955555555555556 0.7300000000000004
0.9997777036790041 0.2123629112662014 22.4875 4.733333333333333 0.7400000000000004
0.9997777036790041 0.193419740777667 22.4875 4.311111111111111 0.7500000000000004
0.9997777036790041 0.17746759720837488 22.4875 3.9555555555555557 0.7600000000000005
0.9997777036790041 0.17048853439680958 22.4875 3.8 0.7700000000000005
0.9997777036790041 0.16151545363908276 22.4875 3.6 0.7800000000000005
0.9997777036790041 0.15054835493519442 22.4875 3.3555555555555556 0.7900000000000005
0.9996665555185061 0.14556331006979062 22.485 3.2444444444444445 0.8000000000000005
0.9994442591975102 0.14556331006979062 22.48 3.2444444444444445 0.8100000000000005
0.9993331110370124 0.1415752741774676 22.4775 3.1555555555555554 0.8200000000000005
0.9989996665555185 0.13858424725822532 22.47 3.088888888888889 0.8300000000000005
0.998110481271535 0.13260219341974078 22.45 2.9555555555555557 0.8400000000000005
0.9965544070245638 0.12462612163509472 22.415 2.7777777777777777 0.8500000000000005
0.994220295654107 0.11266201395812563 22.3625 2.511111111111111 0.8600000000000005
0.9903301100366789 0.1016949152542373 22.275 2.2666666666666666 0.8700000000000006
0.9873291097032344 0.09471585244267199 22.2075 2.111111111111111 0.8800000000000006
0.9812159608758475 0.0847457627118644 22.07 1.8888888888888888 0.8900000000000006
0.9753251083694565 0.06181455633100698 21.9375 1.3777777777777778 0.9000000000000006
0.9681004779370901 0.04685942173479561 21.775 1.0444444444444445 0.9100000000000006
0.9629876625541848 0.03290129611166501 21.66 0.7333333333333333 0.9200000000000006
0.9596532177392464 0.015952143569292122 21.585 0.35555555555555557 0.9300000000000006
0.9556518839613204 0.009970089730807577 21.495 0.2222222222222222 0.9400000000000006
0.9519839946648883 0.005982053838484547 21.4125 0.13333333333333333 0.9500000000000006
0.9492052906524397 0.0019940179461615153 21.35 0.044444444444444446 0.9600000000000006
0.9449816605535178 0.0 21.255 0.0 0.9700000000000006
0.9323107702567522 0.0 20.97 0.0 0.9800000000000006
0.8871846170945871 0.0 19.955 0.0 0.9900000000000007
0.0 0.0 0.0 0.0
