1.0 1.0 12.852857142857143 50.15 0.0
1.0 0.7427716849451645 12.852857142857143 37.25 0.01
1.0 0.6021934197407777 12.852857142857143 30.2 0.02
1.0 0.551345962113659 12.852857142857143 27.65 0.03
1.0 0.518444666001994 12.852857142857143 26.0 0.04
1.0 0.49252243270189433 12.852857142857143 24.7 0.05
1.0 0.45363908275174475 12.852857142857143 22.75 0.060000000000000005
1.0 0.45363908275174475 12.852857142857143 22.75 0.07
1.0 0.4386839481555334 12.852857142857143 22.0 0.08
1.0 0.42572283150548357 12.852857142857143 21.35 0.09
1.0 0.4167497507477567 12.852857142857143 20.9 0.09999999999999999
1.0 0.4137587238285145 12.852857142857143 20.75 0.10999999999999999
1.0 0.4077766699900299 12.852857142857143 20.45 0.11999999999999998
1.0 0.4017946161515454 12.852857142857143 20.15 0.12999999999999998
1.0 0.3968095712861416 12.852857142857143 19.9 0.13999999999999999
1.0 0.3938185443668993 12.852857142857143 19.75 0.15
1.0 0.38783649052841473 12.852857142857143 19.45 0.16
1.0 0.3778664007976072 12.852857142857143 18.95 0.17
1.0 0.36390827517447655 12.852857142857143 18.25 0.18000000000000002
1.0 0.35692921236291125 12.852857142857143 17.9 0.19000000000000003
1.0 0.34795613160518446 12.852857142857143 17.45 0.20000000000000004
1.0 0.3419740777666999 12.852857142857143 17.15 0.21000000000000005
1.0 0.33798604187437686 12.852857142857143 16.95 0.22000000000000006
1.0 0.3349950149551346 12.852857142857143 16.8 0.23000000000000007
1.0 0.3339980059820538 12.852857142857143 16.75 0.24000000000000007
1.0 0.3339980059820538 12.852857142857143 16.75 0.25000000000000006
1.0 0.33100697906281157 12.852857142857143 16.6 0.26000000000000006
1.0 0.33100697906281157 12.852857142857143 16.6 0.2700000000000001
1.0 0.33100697906281157 12.852857142857143 16.6 0.2800000000000001
1.0 0.32801595214356927 12.852857142857143 16.45 0.2900000000000001
1.0 0.3270189431704885 12.852857142857143 16.4 0.3000000000000001
1.0 0.32602193419740777 12.852857142857143 16.35 0.3100000000000001
1.0 0.3240279162512463 12.852857142857143 16.25 0.3200000000000001
1.0 0.3240279162512463 12.852857142857143 16.25 0.3300000000000001
1.0 0.3220338983050847 12.852857142857143 16.15 0.34000000000000014
1.0 0.3200398803589232 12.852857142857143 16.05 0.35000000000000014
1.0 0.3180458624127617 12.852857142857143 15.95 0.36000000000000015
1.0 0.3120638085742772 12.852857142857143 15.65 0.37000000000000016
1.0 0.30608175473579263 12.852857142857143 15.35 0.38000000000000017
1.0 0.29910269192422734 12.852857142857143 15.0 0.3900000000000002
1.0 0.2971086739780658 12.852857142857143 14.9 0.4000000000000002
1.0 0.288135593220339 12.852857142857143 14.45 0.4100000000000002
1.0 0.2811565304087737 12.852857142857143 14.1 0.4200000000000002
1.0 0.2781655034895314 12.852857142857143 13.95 0.4300000000000002
1.0 0.2741774675972084 12.852857142857143 13.75 0.4400000000000002
1.0 0.2662013958125623 12.852857142857143 13.35 0.45000000000000023
1.0 0.2622133599202393 12.852857142857143 13.15 0.46000000000000024
1.0 0.2542372881355932 12.852857142857143 12.75 0.47000000000000025
1.0 0.2452642073778664 12.852857142857143 12.3 0.48000000000000026
1.0 0.24426719840478564 12.852857142857143 12.25 0.49000000000000027
1.0 0.24127617148554337 12.852857142857143 12.1 0.5000000000000002
1.0 0.24027916251246262 12.852857142857143 12.05 0.5100000000000002
1.0 0.23629112662013957 12.852857142857143 11.85 0.5200000000000002
1.0 0.2333000997008973 12.852857142857143 11.7 0.5300000000000002
1.0 0.23230309072781655 12.852857142857143 11.65 0.5400000000000003
1.0 0.23030907278165502 12.852857142857143 11.55 0.5500000000000003
1.0 0.22731804586241275 12.852857142857143 11.4 0.5600000000000003
1.0 0.226321036889332 12.852857142857143 11.35 0.5700000000000003
1.0 0.22432701894317048 12.852857142857143 11.25 0.5800000000000003
1.0 0.22333000997008973 12.852857142857143 11.2 0.5900000000000003
1.0 0.22033898305084745 12.852857142857143 11.05 0.6000000000000003
1.0 0.22033898305084745 12.852857142857143 11.05 0.6100000000000003
1.0 0.2193419740777667 12.852857142857143 11.0 0.6200000000000003
1.0 0.2193419740777667 12.852857142857143 11.0 0.6300000000000003
1.0 0.21834496510468593 12.852857142857143 10.95 0.6400000000000003
1.0 0.21734795613160518 12.852857142857143 10.9 0.6500000000000004
1.0 0.2123629112662014 12.852857142857143 10.65 0.6600000000000004
1.0 0.20837487537387836 12.852857142857143 10.45 0.6700000000000004
1.0 0.20438683948155534 12.852857142857143 10.25 0.6800000000000004
1.0 0.2023928215353938 12.852857142857143 10.15 0.6900000000000004
1.0 0.1984047856430708 12.852857142857143 9.95 0.7000000000000004
1.0 0.18743768693918245 12.852857142857143 9.4 0.7100000000000004
1.0 0.17647058823529413 12.852857142857143 8.85 0.7200000000000004
1.0 0.16550348953140578 12.852857142857143 8.3 0.7300000000000004
1.0 0.15952143569292124 12.852857142857143 8.0 0.7400000000000004
1.0 0.1485543369890329 12.852857142857143 7.45 0.7500000000000004
1.0 0.14257228315054835 12.852857142857143 7.15 0.7600000000000005
1.0 0.14057826520438685 12.852857142857143 7.05 0.7700000000000005
1.0 0.13858424725822532 12.852857142857143 6.95 0.7800000000000005
1.0 0.1345962113659023 12.852857142857143 6.75 0.7900000000000005
1.0 0.13359920239282153 12.852857142857143 6.7 0.8000000000000005
1.0 0.13060817547357925 12.852857142857143 6.55 0.8100000000000005
0.999888851839502 0.1296111665004985 12.851428571428572 6.5 0.8200000000000005
0.9997777036790041 0.12562313060817548 12.85 6.3 0.8300000000000005
0.9997777036790041 0.12362911266201396 12.85 6.2 0.8400000000000005
0.9997777036790041 0.12362911266201396 12.85 6.2 0.8500000000000005
0.9994442591975102 0.11964107676969092 12.845714285714285 6.0 0.8600000000000005
0.9989996665555185 0.11864406779661017 12.84 5.95 0.8700000000000006
0.998110481271535 0.11665004985044865 12.82857142857143 5.85 0.8800000000000006
0.9972212959875514 0.11465603190428714 12.817142857142857 5.75 0.8900000000000006
0.9967767033455597 0.10767696909272183 12.811428571428571 5.4 0.9000000000000006
0.995998666222074 0.1036889332003988 12.801428571428572 5.2 0.9100000000000006
0.9954429254195843 0.1016949152542373 12.794285714285714 5.1 0.9200000000000006
0.9946648882960987 0.09770687936191426 12.784285714285714 4.9 0.9300000000000006
0.994220295654107 0.09471585244267199 12.778571428571428 4.75 0.9400000000000006
0.9931088140491275 0.09471585244267199 12.764285714285714 4.75 0.9500000000000006
0.991997332444148 0.09471585244267199 12.75 4.75 0.9600000000000006
0.9906635545181727 0.09471585244267199 12.732857142857142 4.75 0.9700000000000006
0.9865510725797488 0.09471585244267199 12.68 4.75 0.9800000000000006
0.9747693675669667 0.09471585244267199 12.528571428571428 4.75 0.9900000000000007
0.0 0.0 0.0 0.0
