1.0 1.0 29.99 66.86666666666666 0.0
1.0 0.9641076769690927 29.99 64.46666666666667 0.01
1.0 0.909272183449651 29.99 60.8 0.02
1.0 0.8863409770687937 29.99 59.266666666666666 0.03
1.0 0.8673978065802592 29.99 58.0 0.04
1.0 0.8494516450648056 29.99 56.8 0.05
1.0 0.8215353938185443 29.99 54.93333333333333 0.060000000000000005
1.0 0.8215353938185443 29.99 54.93333333333333 0.07
1.0 0.8055832502492523 29.99 53.86666666666667 0.08
1.0 0.7926221335992024 29.99 53.0 0.09
1.0 0.7876370887337986 29.99 52.666666666666664 0.09999999999999999
1.0 0.7846460618145563 29.99 52.46666666666667 0.10999999999999999
1.0 0.7806580259222333 29.99 52.2 0.11999999999999998
1.0 0.7756729810568295 29.99 51.86666666666667 0.12999999999999998
1.0 0.7706879361914257 29.99 51.53333333333333 0.13999999999999999
1.0 0.7637088733798604 29.99 51.06666666666667 0.15
1.0 0.7497507477567298 29.99 50.13333333333333 0.16
1.0 0.744765702891326 29.99 49.8 0.17
1.0 0.7288135593220338 29.99 48.733333333333334 0.18000000000000002
1.0 0.7168494516450648 29.99 47.93333333333333 0.19000000000000003
1.0 0.7048853439680958 29.99 47.13333333333333 0.20000000000000004
1.0 0.6949152542372882 29.99 46.46666666666667 0.21000000000000005
1.0 0.6889332003988036 29.99 46.06666666666667 0.22000000000000006
1.0 0.6879361914257228 29.99 46.0 0.23000000000000007
1.0 0.6819541375872383 29.99 45.6 0.24000000000000007
1.0 0.678963110667996 29.99 45.4 0.25000000000000006
1.0 0.6769690927218345 29.99 45.266666666666666 0.26000000000000006
1.0 0.6729810568295115 29.99 45.0 0.2700000000000001
1.0 0.6699900299102692 29.99 44.8 0.2800000000000001
1.0 0.6669990029910269 29.99 44.6 0.2900000000000001
1.0 0.6650049850448654 29.99 44.46666666666667 0.3000000000000001
1.0 0.6630109670987039 29.99 44.333333333333336 0.3100000000000001
1.0 0.6620139581256231 29.99 44.266666666666666 0.3200000000000001
1.0 0.6570289132602194 29.99 43.93333333333333 0.3300000000000001
1.0 0.6520438683948155 29.99 43.6 0.34000000000000014
1.0 0.6450648055832503 29.99 43.13333333333333 0.35000000000000014
1.0 0.6370887337986042 29.99 42.6 0.36000000000000015
1.0 0.634097706879362 29.99 42.4 0.37000000000000016
1.0 0.6201395812562313 29.99 41.46666666666667 0.38000000000000017
1.0 0.6121635094715853 29.99 40.93333333333333 0.3900000000000002
1.0 0.5962113659022931 29.99 39.86666666666667 0.4000000000000002
1.0 0.5812562313060817 29.99 38.86666666666667 0.4100000000000002
1.0 0.5663010967098704 29.99 37.86666666666667 0.4200000000000002
1.0 0.5523429710867398 29.99 36.93333333333333 0.4300000000000002
1.0 0.5373878364905285 29.99 35.93333333333333 0.4400000000000002
1.0 0.5204386839481555 29.99 34.8 0.45000000000000023
1.0 0.5044865403788634 29.99 33.733333333333334 0.46000000000000024
1.0 0.49750747756729813 29.99 33.266666666666666 0.47000000000000025
1.0 0.48554336989032904 29.99 32.46666666666667 0.48000000000000026
1.0 0.47557328015952144 29.99 31.8 0.49000000000000027
1.0 0.4695912263210369 29.99 31.4 0.5000000000000002
1.0 0.4646061814556331 29.99 31.066666666666666 0.5100000000000002
1.0 0.45862412761714855 29.99 30.666666666666668 0.5200000000000002
1.0 0.4546360917248255 29.99 30.4 0.5300000000000002
1.0 0.44965104685942175 29.99 30.066666666666666 0.5400000000000003
1.0 0.44466600199401796 29.99 29.733333333333334 0.5500000000000003
1.0 0.44167497507477566 29.99 29.533333333333335 0.5600000000000003
1.0 0.43968095712861416 29.99 29.4 0.5700000000000003
1.0 0.43668993020937186 29.99 29.2 0.5800000000000003
1.0 0.4336989032901296 29.99 29.0 0.5900000000000003
1.0 0.43270189431704886 29.99 28.933333333333334 0.6000000000000003
1.0 0.4317048853439681 29.99 28.866666666666667 0.6100000000000003
1.0 0.4287138584247258 29.99 28.666666666666668 0.6200000000000003
1.0 0.42572283150548357 29.99 28.466666666666665 0.6300000000000003
1.0 0.42073778664007977 29.99 28.133333333333333 0.6400000000000003
1.0 0.4137587238285145 29.99 27.666666666666668 0.6500000000000004
1.0 0.4037886340977069 29.99 27.0 0.6600000000000004
1.0 0.3918245264207378 29.99 26.2 0.6700000000000004
1.0 0.37886340977068794 29.99 25.333333333333332 0.6800000000000004
1.0 0.3589232303090728 29.99 24.0 0.6900000000000004
1.0 0.3489531405782652 29.99 23.333333333333332 0.7000000000000004
1.0 0.3300099700897308 29.99 22.066666666666666 0.7100000000000004
1.0 0.3040877367896311 29.99 20.333333333333332 0.7200000000000004
1.0 0.2741774675972084 29.99 18.333333333333332 0.7300000000000004
1.0 0.2522432701894317 29.99 16.866666666666667 0.7400000000000004
1.0 0.22931206380857427 29.99 15.333333333333334 0.7500000000000004
1.0 0.20837487537387836 29.99 13.933333333333334 0.7600000000000005
1.0 0.19242273180458624 29.99 12.866666666666667 0.7700000000000005
1.0 0.18245264207377868 29.99 12.2 0.7800000000000005
1.0 0.17048853439680958 29.99 11.4 0.7900000000000005
0.999888851839502 0.16350947158524426 29.986666666666668 10.933333333333334 0.8000000000000005
0.9997777036790041 0.15054835493519442 29.983333333333334 10.066666666666666 0.8100000000000005
0.9995554073580082 0.1465603190428714 29.976666666666667 9.8 0.8200000000000005
0.9982216294320329 0.13958125623130607 29.936666666666667 9.333333333333334 0.8300000000000005
0.9966655551850617 0.13559322033898305 29.89 9.066666666666666 0.8400000000000005
0.9948871846170946 0.13260219341974078 29.836666666666666 8.866666666666667 0.8500000000000005
0.991997332444148 0.12462612163509472 29.75 8.333333333333334 0.8600000000000005
0.9872179615427364 0.11465603190428714 29.606666666666666 7.666666666666667 0.8700000000000006
0.982105146159831 0.10069790628115653 29.453333333333333 6.733333333333333 0.8800000000000006
0.9725464043570079 0.0897308075772682 29.166666666666668 6.0 0.8900000000000006
0.964432588640658 0.0707876370887338 28.923333333333332 4.733333333333333 0.9000000000000006
0.9530954762698677 0.05084745762711865 28.583333333333332 3.4 0.9100000000000006
0.9458708458375014 0.03489531405782652 28.366666666666667 2.3333333333333335 0.9200000000000006
0.9392019562076248 0.019940179461615155 28.166666666666668 1.3333333333333333 0.9300000000000006
0.9336445481827276 0.009970089730807577 28.0 0.6666666666666666 0.9400000000000006
0.9290874736023119 0.004985044865403789 27.863333333333333 0.3333333333333333 0.9500000000000006
0.9243081027009002 0.0019940179461615153 27.72 0.13333333333333333 0.9600000000000006
0.9159719906635545 9.970089730807576E-4 27.47 0.06666666666666667 0.9700000000000006
0.8961876180949205 0.0 26.876666666666665 0.0 0.9800000000000006
0.8310547960431255 0.0 24.923333333333332 0.0 0.9900000000000007
0.0 0.0 0.0 0.0
