1.0 1.0 9.996666666666666 22.288888888888888 0.0
0.9992219628765144 0.5682951146560319 9.988888888888889 12.666666666666666 0.01
0.9992219628765144 0.4267198404785643 9.988888888888889 9.511111111111111 0.02
0.9992219628765144 0.36390827517447655 9.988888888888889 8.11111111111111 0.03
0.9991108147160165 0.3349950149551346 9.987777777777778 7.466666666666667 0.04
0.9991108147160165 0.31306081754735793 9.987777777777778 6.977777777777778 0.05
0.9989996665555185 0.2691924227318046 9.986666666666666 6.0 0.060000000000000005
0.9989996665555185 0.2691924227318046 9.986666666666666 6.0 0.07
0.9988885183950206 0.2542372881355932 9.985555555555555 5.666666666666667 0.08
0.9988885183950206 0.2432701894317049 9.985555555555555 5.4222222222222225 0.09
0.9988885183950206 0.23230309072781655 9.985555555555555 5.177777777777778 0.09999999999999999
0.9988885183950206 0.22532402791625125 9.985555555555555 5.022222222222222 0.10999999999999999
0.9988885183950206 0.22333000997008973 9.985555555555555 4.977777777777778 0.11999999999999998
0.9988885183950206 0.2193419740777667 9.985555555555555 4.888888888888889 0.12999999999999998
0.9988885183950206 0.21535393818544366 9.985555555555555 4.8 0.13999999999999999
0.9988885183950206 0.21036889332003988 9.985555555555555 4.688888888888889 0.15
0.9988885183950206 0.20039880358923232 9.985555555555555 4.466666666666667 0.16
0.9987773702345226 0.19042871385842472 9.984444444444444 4.2444444444444445 0.17
0.9986662220740247 0.17148554336989033 9.983333333333333 3.8222222222222224 0.18000000000000002
0.9986662220740247 0.15952143569292124 9.983333333333333 3.5555555555555554 0.19000000000000003
0.9986662220740247 0.15054835493519442 9.983333333333333 3.3555555555555556 0.20000000000000004
0.9986662220740247 0.1485543369890329 9.983333333333333 3.311111111111111 0.21000000000000005
0.9986662220740247 0.13858424725822532 9.983333333333333 3.088888888888889 0.22000000000000006
0.9986662220740247 0.13359920239282153 9.983333333333333 2.977777777777778 0.23000000000000007
0.9986662220740247 0.1296111665004985 9.983333333333333 2.888888888888889 0.24000000000000007
0.9985550739135267 0.12662013958125623 9.982222222222223 2.8222222222222224 0.25000000000000006
0.9985550739135267 0.12462612163509472 9.982222222222223 2.7777777777777777 0.26000000000000006
0.9985550739135267 0.12462612163509472 9.982222222222223 2.7777777777777777 0.2700000000000001
0.9985550739135267 0.11964107676969092 9.982222222222223 2.6666666666666665 0.2800000000000001
0.9985550739135267 0.11764705882352941 9.982222222222223 2.6222222222222222 0.2900000000000001
0.9985550739135267 0.11365902293120637 9.982222222222223 2.533333333333333 0.3000000000000001
0.9985550739135267 0.11266201395812563 9.982222222222223 2.511111111111111 0.3100000000000001
0.9985550739135267 0.1106679960119641 9.982222222222223 2.466666666666667 0.3200000000000001
0.9985550739135267 0.10967098703888335 9.982222222222223 2.4444444444444446 0.3300000000000001
0.9985550739135267 0.10867397806580259 9.982222222222223 2.422222222222222 0.34000000000000014
0.9985550739135267 0.10568295114656032 9.982222222222223 2.3555555555555556 0.35000000000000014
0.9984439257530288 0.1036889332003988 9.981111111111112 2.311111111111111 0.36000000000000015
0.9984439257530288 0.10069790628115653 9.981111111111112 2.2444444444444445 0.37000000000000016
0.9984439257530288 0.09870388833499502 9.981111111111112 2.2 0.38000000000000017
0.9984439257530288 0.09371884346959122 9.981111111111112 2.088888888888889 0.3900000000000002
0.9983327775925308 0.09272183449651047 9.98 2.066666666666667 0.4000000000000002
0.9983327775925308 0.08873379860418744 9.98 1.9777777777777779 0.4100000000000002
0.9983327775925308 0.08175473579262213 9.98 1.8222222222222222 0.4200000000000002
0.9983327775925308 0.07776669990029911 9.98 1.7333333333333334 0.4300000000000002
0.9983327775925308 0.07178464606181456 9.98 1.6 0.4400000000000002
0.9983327775925308 0.06979062811565304 9.98 1.5555555555555556 0.45000000000000023
0.9983327775925308 0.06580259222333001 9.98 1.4666666666666666 0.46000000000000024
0.9983327775925308 0.06380857427716849 9.98 1.4222222222222223 0.47000000000000025
0.9983327775925308 0.05782652043868395 9.98 1.288888888888889 0.48000000000000026
0.9983327775925308 0.05284147557328016 9.98 1.1777777777777778 0.49000000000000027
0.9983327775925308 0.05084745762711865 9.98 1.1333333333333333 0.5000000000000002
0.9983327775925308 0.049850448654037885 9.98 1.1111111111111112 0.5100000000000002
0.9983327775925308 0.045862412761714856 9.98 1.0222222222222221 0.5200000000000002
0.9983327775925308 0.04386839481555334 9.98 0.9777777777777777 0.5300000000000002
0.9983327775925308 0.04386839481555334 9.98 0.9777777777777777 0.5400000000000003
0.9983327775925308 0.04287138584247258 9.98 0.9555555555555556 0.5500000000000003
0.9983327775925308 0.04287138584247258 9.98 0.9555555555555556 0.5600000000000003
0.9983327775925308 0.04287138584247258 9.98 0.9555555555555556 0.5700000000000003
0.9983327775925308 0.04287138584247258 9.98 0.9555555555555556 0.5800000000000003
0.9983327775925308 0.04187437686939183 9.98 0.9333333333333333 0.5900000000000003
0.9983327775925308 0.04187437686939183 9.98 0.9333333333333333 0.6000000000000003
0.9983327775925308 0.04187437686939183 9.98 0.9333333333333333 0.6100000000000003
0.9983327775925308 0.04187437686939183 9.98 0.9333333333333333 0.6200000000000003
0.9983327775925308 0.040877367896311065 9.98 0.9111111111111111 0.6300000000000003
0.9983327775925308 0.03988035892323031 9.98 0.8888888888888888 0.6400000000000003
0.9983327775925308 0.03988035892323031 9.98 0.8888888888888888 0.6500000000000004
0.9983327775925308 0.03988035892323031 9.98 0.8888888888888888 0.6600000000000004
0.9982216294320329 0.03788634097706879 9.97888888888889 0.8444444444444444 0.6700000000000004
0.9982216294320329 0.03589232303090728 9.97888888888889 0.8 0.6800000000000004
0.998110481271535 0.03389830508474576 9.977777777777778 0.7555555555555555 0.6900000000000004
0.998110481271535 0.03090727816550349 9.977777777777778 0.6888888888888889 0.7000000000000004
0.998110481271535 0.028913260219341975 9.977777777777778 0.6444444444444445 0.7100000000000004
0.998110481271535 0.026919242273180457 9.977777777777778 0.6 0.7200000000000004
0.998110481271535 0.0259222333000997 9.977777777777778 0.5777777777777777 0.7300000000000004
0.998110481271535 0.018943170488534396 9.977777777777778 0.4222222222222222 0.7400000000000004
0.998110481271535 0.015952143569292122 9.977777777777778 0.35555555555555557 0.7500000000000004
0.998110481271535 0.01296111665004985 9.977777777777778 0.28888888888888886 0.7600000000000005
0.998110481271535 0.009970089730807577 9.977777777777778 0.2222222222222222 0.7700000000000005
0.998110481271535 0.00897308075772682 9.977777777777778 0.2 0.7800000000000005
0.998110481271535 0.006979062811565304 9.977777777777778 0.15555555555555556 0.7900000000000005
0.998110481271535 0.006979062811565304 9.977777777777778 0.15555555555555556 0.8000000000000005
0.998110481271535 0.005982053838484547 9.977777777777778 0.13333333333333333 0.8100000000000005
0.998110481271535 0.005982053838484547 9.977777777777778 0.13333333333333333 0.8200000000000005
0.998110481271535 0.003988035892323031 9.977777777777778 0.08888888888888889 0.8300000000000005
0.998110481271535 0.003988035892323031 9.977777777777778 0.08888888888888889 0.8400000000000005
0.9978881849505391 0.003988035892323031 9.975555555555555 0.08888888888888889 0.8500000000000005
0.9978881849505391 0.003988035892323031 9.975555555555555 0.08888888888888889 0.8600000000000005
0.9976658886295432 0.003988035892323031 9.973333333333333 0.08888888888888889 0.8700000000000006
0.9974435923085473 0.003988035892323031 9.971111111111112 0.08888888888888889 0.8800000000000006
0.9974435923085473 0.0019940179461615153 9.971111111111112 0.044444444444444446 0.8900000000000006
0.9973324441480493 0.0019940179461615153 9.97 0.044444444444444446 0.9000000000000006
0.9969989996665555 0.0019940179461615153 9.966666666666667 0.044444444444444446 0.9100000000000006
0.9968878515060575 9.970089730807576E-4 9.965555555555556 0.022222222222222223 0.9200000000000006
0.9966655551850617 0.0 9.963333333333333 0.0 0.9300000000000006
0.9965544070245638 0.0 9.962222222222222 0.0 0.9400000000000006
0.9962209625430699 0.0 9.95888888888889 0.0 0.9500000000000006
0.9962209625430699 0.0 9.95888888888889 0.0 0.9600000000000006
0.995998666222074 0.0 9.956666666666667 0.0 0.9700000000000006
0.9954429254195843 0.0 9.95111111111111 0.0 0.9800000000000006
0.9936645548516172 0.0 9.933333333333334 0.0 0.9900000000000007
0.0 0.0 0.0 0.0
