1.0 1.0 17.994 33.43333333333333 0.0
1.0 0.8255234297108675 17.994 27.6 0.01
1.0 0.715852442671984 17.994 23.933333333333334 0.02
1.0 0.6660019940179461 17.994 22.266666666666666 0.03
1.0 0.6311066799601196 17.994 21.1 0.04
1.0 0.6011964107676969 17.994 20.1 0.05
1.0 0.5682951146560319 17.994 19.0 0.060000000000000005
1.0 0.5682951146560319 17.994 19.0 0.07
1.0 0.5453639082751744 17.994 18.233333333333334 0.08
1.0 0.5294117647058824 17.994 17.7 0.09
1.0 0.5084745762711864 17.994 17.0 0.09999999999999999
1.0 0.49750747756729813 17.994 16.633333333333333 0.10999999999999999
1.0 0.4945164506480558 17.994 16.533333333333335 0.11999999999999998
1.0 0.48953140578265203 17.994 16.366666666666667 0.12999999999999998
1.0 0.4835493519441675 17.994 16.166666666666668 0.13999999999999999
1.0 0.4695912263210369 17.994 15.7 0.15
1.0 0.4576271186440678 17.994 15.3 0.16
1.0 0.44167497507477566 17.994 14.766666666666667 0.17
1.0 0.41774675972083747 17.994 13.966666666666667 0.18000000000000002
1.0 0.4097706879361914 17.994 13.7 0.19000000000000003
1.0 0.39581256231306083 17.994 13.233333333333333 0.20000000000000004
1.0 0.386839481555334 17.994 12.933333333333334 0.21000000000000005
1.0 0.3798604187437687 17.994 12.7 0.22000000000000006
1.0 0.37886340977068794 17.994 12.666666666666666 0.23000000000000007
1.0 0.37387836490528414 17.994 12.5 0.24000000000000007
1.0 0.3678963110667996 17.994 12.3 0.25000000000000006
1.0 0.3629112662013958 17.994 12.133333333333333 0.26000000000000006
1.0 0.35992023928215355 17.994 12.033333333333333 0.2700000000000001
1.0 0.357926221335992 17.994 11.966666666666667 0.2800000000000001
1.0 0.353938185443669 17.994 11.833333333333334 0.2900000000000001
1.0 0.3509471585244267 17.994 11.733333333333333 0.3000000000000001
1.0 0.34496510468594216 17.994 11.533333333333333 0.3100000000000001
1.0 0.3419740777666999 17.994 11.433333333333334 0.3200000000000001
1.0 0.33998005982053836 17.994 11.366666666666667 0.3300000000000001
1.0 0.33798604187437686 17.994 11.3 0.34000000000000014
1.0 0.33599202392821537 17.994 11.233333333333333 0.35000000000000014
1.0 0.33100697906281157 17.994 11.066666666666666 0.36000000000000015
1.0 0.3240279162512463 17.994 10.833333333333334 0.37000000000000016
1.0 0.317048853439681 17.994 10.6 0.38000000000000017
1.0 0.30608175473579263 17.994 10.233333333333333 0.3900000000000002
1.0 0.29810568295114653 17.994 9.966666666666667 0.4000000000000002
1.0 0.28614157527417744 17.994 9.566666666666666 0.4100000000000002
1.0 0.2741774675972084 17.994 9.166666666666666 0.4200000000000002
1.0 0.2642073778664008 17.994 8.833333333333334 0.4300000000000002
1.0 0.26021934197407776 17.994 8.7 0.4400000000000002
1.0 0.24925224327018944 17.994 8.333333333333334 0.45000000000000023
1.0 0.24027916251246262 17.994 8.033333333333333 0.46000000000000024
1.0 0.2313060817547358 17.994 7.733333333333333 0.47000000000000025
1.0 0.22432701894317048 17.994 7.5 0.48000000000000026
1.0 0.21734795613160518 17.994 7.266666666666667 0.49000000000000027
1.0 0.21635094715852443 17.994 7.233333333333333 0.5000000000000002
1.0 0.21036889332003988 17.994 7.033333333333333 0.5100000000000002
1.0 0.20937188434695914 17.994 7.0 0.5200000000000002
1.0 0.20638085742771686 17.994 6.9 0.5300000000000002
1.0 0.2053838484546361 17.994 6.866666666666666 0.5400000000000003
1.0 0.2033898305084746 17.994 6.8 0.5500000000000003
1.0 0.20139581256231306 17.994 6.733333333333333 0.5600000000000003
1.0 0.20139581256231306 17.994 6.733333333333333 0.5700000000000003
1.0 0.19740777666999004 17.994 6.6 0.5800000000000003
1.0 0.19641076769690927 17.994 6.566666666666666 0.5900000000000003
1.0 0.19541375872382852 17.994 6.533333333333333 0.6000000000000003
1.0 0.19541375872382852 17.994 6.533333333333333 0.6100000000000003
1.0 0.19541375872382852 17.994 6.533333333333333 0.6200000000000003
1.0 0.19441674975074777 17.994 6.5 0.6300000000000003
1.0 0.19242273180458624 17.994 6.433333333333334 0.6400000000000003
1.0 0.19042871385842472 17.994 6.366666666666666 0.6500000000000004
1.0 0.18544366899302095 17.994 6.2 0.6600000000000004
1.0 0.1794616151545364 17.994 6.0 0.6700000000000004
1.0 0.17048853439680958 17.994 5.7 0.6800000000000004
1.0 0.16051844466600199 17.994 5.366666666666666 0.6900000000000004
1.0 0.15254237288135594 17.994 5.1 0.7000000000000004
1.0 0.14057826520438685 17.994 4.7 0.7100000000000004
1.0 0.12861415752741776 17.994 4.3 0.7200000000000004
1.0 0.11864406779661017 17.994 3.966666666666667 0.7300000000000004
1.0 0.10667996011964108 17.994 3.566666666666667 0.7400000000000004
1.0 0.09770687936191426 17.994 3.2666666666666666 0.7500000000000004
1.0 0.08773678963110668 17.994 2.933333333333333 0.7600000000000005
1.0 0.07976071784646062 17.994 2.6666666666666665 0.7700000000000005
1.0 0.07178464606181456 17.994 2.4 0.7800000000000005
1.0 0.06580259222333001 17.994 2.2 0.7900000000000005
1.0 0.06380857427716849 17.994 2.1333333333333333 0.8000000000000005
1.0 0.06281156530408774 17.994 2.1 0.8100000000000005
0.999888851839502 0.06181455633100698 17.992 2.066666666666667 0.8200000000000005
0.9996665555185061 0.058823529411764705 17.988 1.9666666666666666 0.8300000000000005
0.9996665555185061 0.058823529411764705 17.988 1.9666666666666666 0.8400000000000005
0.9991108147160165 0.05782652043868395 17.978 1.9333333333333333 0.8500000000000005
0.9987773702345226 0.05583250249252243 17.972 1.8666666666666667 0.8600000000000005
0.9984439257530288 0.05284147557328016 17.966 1.7666666666666666 0.8700000000000006
0.9973324441480493 0.04885343968095713 17.946 1.6333333333333333 0.8800000000000006
0.995887518061576 0.04685942173479561 17.92 1.5666666666666667 0.8900000000000006
0.9943314438146049 0.03988035892323031 17.892 1.3333333333333333 0.9000000000000006
0.9929976658886296 0.03090727816550349 17.868 1.0333333333333334 0.9100000000000006
0.9915527398021563 0.026919242273180457 17.842 0.9 0.9200000000000006
0.9908858508391686 0.022931206380857428 17.83 0.7666666666666667 0.9300000000000006
0.9904412581971769 0.020937188434695914 17.822 0.7 0.9400000000000006
0.9898855173946871 0.019940179461615155 17.812 0.6666666666666666 0.9500000000000006
0.9889963321107036 0.019940179461615155 17.796 0.6666666666666666 0.9600000000000006
0.9872179615427364 0.019940179461615155 17.764 0.6666666666666666 0.9700000000000006
0.9833277759253084 0.019940179461615155 17.694 0.6666666666666666 0.9800000000000006
0.9701011448260531 0.019940179461615155 17.456 0.6666666666666666 0.9900000000000007
0.0 0.0 0.0 0.0
