1.0 1.0 44.985 20.06 0.0
1.0 0.9900299102691924 44.985 19.86 0.01
1.0 0.9760717846460618 44.985 19.58 0.02
1.0 0.9641076769690927 44.985 19.34 0.03
1.0 0.9571286141575274 44.985 19.2 0.04
1.0 0.9481555333998006 44.985 19.02 0.05
1.0 0.9302093718843469 44.985 18.66 0.060000000000000005
1.0 0.9302093718843469 44.985 18.66 0.07
1.0 0.9252243270189432 44.985 18.56 0.08
1.0 0.9202392821535393 44.985 18.46 0.09
1.0 0.9132602193419741 44.985 18.32 0.09999999999999999
1.0 0.9062811565304087 44.985 18.18 0.10999999999999999
1.0 0.901296111665005 44.985 18.08 0.11999999999999998
1.0 0.8983050847457628 44.985 18.02 0.12999999999999998
1.0 0.8903290129611167 44.985 17.86 0.13999999999999999
1.0 0.8833499501495513 44.985 17.72 0.15
1.0 0.8763708873379861 44.985 17.58 0.16
1.0 0.8624127617148555 44.985 17.3 0.17
1.0 0.8504486540378864 44.985 17.06 0.18000000000000002
1.0 0.847457627118644 44.985 17.0 0.19000000000000003
1.0 0.8354935194416749 44.985 16.76 0.20000000000000004
1.0 0.8285144566301097 44.985 16.62 0.21000000000000005
1.0 0.8245264207377866 44.985 16.54 0.22000000000000006
1.0 0.8205383848454636 44.985 16.46 0.23000000000000007
1.0 0.810568295114656 44.985 16.26 0.24000000000000007
1.0 0.8085742771684945 44.985 16.22 0.25000000000000006
1.0 0.8075772681954138 44.985 16.2 0.26000000000000006
1.0 0.8045862412761715 44.985 16.14 0.2700000000000001
1.0 0.8015952143569293 44.985 16.08 0.2800000000000001
1.0 0.8005982053838484 44.985 16.06 0.2900000000000001
1.0 0.7996011964107677 44.985 16.04 0.3000000000000001
1.0 0.7986041874376869 44.985 16.02 0.3100000000000001
1.0 0.7986041874376869 44.985 16.02 0.3200000000000001
1.0 0.7976071784646062 44.985 16.0 0.3300000000000001
1.0 0.7936191425722832 44.985 15.92 0.34000000000000014
1.0 0.7936191425722832 44.985 15.92 0.35000000000000014
1.0 0.7926221335992024 44.985 15.9 0.36000000000000015
1.0 0.7886340977068793 44.985 15.82 0.37000000000000016
1.0 0.7816550348953141 44.985 15.68 0.38000000000000017
1.0 0.7796610169491526 44.985 15.64 0.3900000000000002
1.0 0.7716849451645065 44.985 15.48 0.4000000000000002
1.0 0.7676969092721835 44.985 15.4 0.4100000000000002
1.0 0.7557328015952144 44.985 15.16 0.4200000000000002
1.0 0.748753738783649 44.985 15.02 0.4300000000000002
1.0 0.7387836490528414 44.985 14.82 0.4400000000000002
1.0 0.7337986041874377 44.985 14.72 0.45000000000000023
1.0 0.7238285144566301 44.985 14.52 0.46000000000000024
1.0 0.7138584247258225 44.985 14.32 0.47000000000000025
1.0 0.7058823529411765 44.985 14.16 0.48000000000000026
1.0 0.7028913260219342 44.985 14.1 0.49000000000000027
1.0 0.6969092721834497 44.985 13.98 0.5000000000000002
1.0 0.6939182452642074 44.985 13.92 0.5100000000000002
1.0 0.6899302093718843 44.985 13.84 0.5200000000000002
1.0 0.6899302093718843 44.985 13.84 0.5300000000000002
1.0 0.6869391824526421 44.985 13.78 0.5400000000000003
1.0 0.6869391824526421 44.985 13.78 0.5500000000000003
1.0 0.6829511465603191 44.985 13.7 0.5600000000000003
1.0 0.6819541375872383 44.985 13.68 0.5700000000000003
1.0 0.6809571286141576 44.985 13.66 0.5800000000000003
1.0 0.6799601196410767 44.985 13.64 0.5900000000000003
1.0 0.6759720837487537 44.985 13.56 0.6000000000000003
1.0 0.674975074775673 44.985 13.54 0.6100000000000003
1.0 0.6729810568295115 44.985 13.5 0.6200000000000003
1.0 0.6679960119641076 44.985 13.4 0.6300000000000003
1.0 0.6620139581256231 44.985 13.28 0.6400000000000003
1.0 0.6570289132602194 44.985 13.18 0.6500000000000004
1.0 0.6480558325024925 44.985 13.0 0.6600000000000004
1.0 0.6331006979062812 44.985 12.7 0.6700000000000004
1.0 0.6181455633100698 44.985 12.4 0.6800000000000004
1.0 0.6001994017946162 44.985 12.04 0.6900000000000004
1.0 0.5812562313060817 44.985 11.66 0.7000000000000004
1.0 0.5583250249252243 44.985 11.2 0.7100000000000004
1.0 0.5264207377866401 44.985 10.56 0.7200000000000004
1.0 0.5024925224327019 44.985 10.08 0.7300000000000004
1.0 0.47756729810568294 44.985 9.58 0.7400000000000004
1.0 0.44965104685942175 44.985 9.02 0.7500000000000004
1.0 0.419740777666999 44.985 8.42 0.7600000000000005
0.999888851839502 0.3988035892323031 44.98 8.0 0.7700000000000005
0.999888851839502 0.3818544366899302 44.98 7.66 0.7800000000000005
0.9997777036790041 0.37387836490528414 44.975 7.5 0.7900000000000005
0.9994442591975102 0.3678963110667996 44.96 7.38 0.8000000000000005
0.9989996665555185 0.36390827517447655 44.94 7.3 0.8100000000000005
0.9974435923085473 0.357926221335992 44.87 7.18 0.8200000000000005
0.9953317772590864 0.35194416749750745 44.775 7.06 0.8300000000000005
0.9931088140491275 0.34496510468594216 44.675 6.92 0.8400000000000005
0.9882182949872179 0.3369890329012961 44.455 6.76 0.8500000000000005
0.9771034789374236 0.3140578265204387 43.955 6.3 0.8600000000000005
0.9634322551961765 0.28614157527417744 43.34 5.74 0.8700000000000006
0.9422029565410692 0.24925224327018944 42.385 5.0 0.8800000000000006
0.9195287317994887 0.21734795613160518 41.365 4.36 0.8900000000000006
0.8895187284650439 0.1674975074775673 40.015 3.36 0.9000000000000006
0.8620651328220518 0.1226321036889332 38.78 2.46 0.9100000000000006
0.8412804268089363 0.08673978065802593 37.845 1.74 0.9200000000000006
0.82216294320329 0.05284147557328016 36.985 1.06 0.9300000000000006
0.8056018672890963 0.03589232303090728 36.24 0.72 0.9400000000000006
0.7929309769923307 0.028913260219341975 35.67 0.58 0.9500000000000006
0.7824830499055241 0.02193419740777667 35.2 0.44 0.9600000000000006
0.766588862954318 0.020937188434695914 34.485 0.42 0.9700000000000006
0.733133266644437 0.019940179461615155 32.98 0.4 0.9800000000000006
0.6361009225297322 0.019940179461615155 28.615 0.4 0.9900000000000007
0.0 0.0 0.0 0.0
