0.0 0.8973080757726819 0.0 20.0 0.0
0.0 0.7976071784646062 0.0 17.77777777777778 0.01
0.0 0.6799601196410767 0.0 15.155555555555555 0.02
0.0 0.6350947158524427 0.0 14.155555555555555 0.03
0.0 0.6061814556331007 0.0 13.511111111111111 0.04
0.0 0.5852442671984048 0.0 13.044444444444444 0.05
0.0 0.5623130608175474 0.0 12.533333333333333 0.060000000000000005
0.0 0.5623130608175474 0.0 12.533333333333333 0.07
0.0 0.5583250249252243 0.0 12.444444444444445 0.08
0.0 0.543369890329013 0.0 12.11111111111111 0.09
0.0 0.5353938185443669 0.0 11.933333333333334 0.09999999999999999
0.0 0.5264207377866401 0.0 11.733333333333333 0.10999999999999999
0.0 0.5214356929212363 0.0 11.622222222222222 0.11999999999999998
0.0 0.514456630109671 0.0 11.466666666666667 0.12999999999999998
0.0 0.5064805583250249 0.0 11.28888888888889 0.13999999999999999
0.0 0.5004985044865404 0.0 11.155555555555555 0.15
0.0 0.4965104685942173 0.0 11.066666666666666 0.16
0.0 0.48753738783649053 0.0 10.866666666666667 0.17
0.0 0.48255234297108673 0.0 10.755555555555556 0.18000000000000002
0.0 0.47756729810568294 0.0 10.644444444444444 0.19000000000000003
0.0 0.4715852442671984 0.0 10.511111111111111 0.20000000000000004
0.0 0.47058823529411764 0.0 10.488888888888889 0.21000000000000005
0.0 0.46859421734795614 0.0 10.444444444444445 0.22000000000000006
0.0 0.46360917248255235 0.0 10.333333333333334 0.23000000000000007
0.0 0.4596211365902293 0.0 10.244444444444444 0.24000000000000007
0.0 0.44865403788634095 0.0 10.0 0.25000000000000006
0.0 0.44466600199401796 0.0 9.911111111111111 0.26000000000000006
0.0 0.43270189431704886 0.0 9.644444444444444 0.2700000000000001
0.0 0.42771684945164506 0.0 9.533333333333333 0.2800000000000001
0.0 0.42073778664007977 0.0 9.377777777777778 0.2900000000000001
0.0 0.4117647058823529 0.0 9.177777777777777 0.3000000000000001
0.0 0.4087736789631107 0.0 9.11111111111111 0.3100000000000001
0.0 0.4087736789631107 0.0 9.11111111111111 0.3200000000000001
0.0 0.4077766699900299 0.0 9.088888888888889 0.3300000000000001
0.0 0.4057826520438684 0.0 9.044444444444444 0.34000000000000014
0.0 0.4017946161515454 0.0 8.955555555555556 0.35000000000000014
0.0 0.3968095712861416 0.0 8.844444444444445 0.36000000000000015
0.0 0.3938185443668993 0.0 8.777777777777779 0.37000000000000016
0.0 0.39082751744765704 0.0 8.71111111111111 0.38000000000000017
0.0 0.386839481555334 0.0 8.622222222222222 0.3900000000000002
0.0 0.37886340977068794 0.0 8.444444444444445 0.4000000000000002
0.0 0.3778664007976072 0.0 8.422222222222222 0.4100000000000002
0.0 0.3778664007976072 0.0 8.422222222222222 0.4200000000000002
0.0 0.37686939182452645 0.0 8.4 0.4300000000000002
0.0 0.37188434695912265 0.0 8.28888888888889 0.4400000000000002
0.0 0.37188434695912265 0.0 8.28888888888889 0.45000000000000023
0.0 0.36689930209371885 0.0 8.177777777777777 0.46000000000000024
0.0 0.36689930209371885 0.0 8.177777777777777 0.47000000000000025
0.0 0.3659022931206381 0.0 8.155555555555555 0.48000000000000026
0.0 0.36390827517447655 0.0 8.11111111111111 0.49000000000000027
0.0 0.35992023928215355 0.0 8.022222222222222 0.5000000000000002
0.0 0.35692921236291125 0.0 7.955555555555556 0.5100000000000002
0.0 0.35493519441674976 0.0 7.911111111111111 0.5200000000000002
0.0 0.35294117647058826 0.0 7.866666666666666 0.5300000000000002
0.0 0.35194416749750745 0.0 7.844444444444444 0.5400000000000003
0.0 0.34496510468594216 0.0 7.688888888888889 0.5500000000000003
0.0 0.34496510468594216 0.0 7.688888888888889 0.5600000000000003
0.0 0.3419740777666999 0.0 7.622222222222222 0.5700000000000003
0.0 0.33300099700897307 0.0 7.4222222222222225 0.5800000000000003
0.0 0.33100697906281157 0.0 7.377777777777778 0.5900000000000003
0.0 0.3230309072781655 0.0 7.2 0.6000000000000003
0.0 0.3180458624127617 0.0 7.088888888888889 0.6100000000000003
0.0 0.31106679960119643 0.0 6.933333333333334 0.6200000000000003
0.0 0.3070787637088734 0.0 6.844444444444444 0.6300000000000003
0.0 0.30109670987038883 0.0 6.711111111111111 0.6400000000000003
0.0 0.29910269192422734 0.0 6.666666666666667 0.6500000000000004
0.0 0.29810568295114653 0.0 6.644444444444445 0.6600000000000004
0.0 0.2901296111665005 0.0 6.466666666666667 0.6700000000000004
0.0 0.28614157527417744 0.0 6.377777777777778 0.6800000000000004
0.0 0.28015952143569295 0.0 6.2444444444444445 0.6900000000000004
0.0 0.2761714855433699 0.0 6.155555555555556 0.7000000000000004
0.0 0.2761714855433699 0.0 6.155555555555556 0.7100000000000004
0.0 0.27517447657028915 0.0 6.133333333333334 0.7200000000000004
0.0 0.2741774675972084 0.0 6.111111111111111 0.7300000000000004
0.0 0.2741774675972084 0.0 6.111111111111111 0.7400000000000004
0.0 0.2731804586241276 0.0 6.088888888888889 0.7500000000000004
0.0 0.2691924227318046 0.0 6.0 0.7600000000000005
0.0 0.26819541375872386 0.0 5.977777777777778 0.7700000000000005
0.0 0.26719840478564305 0.0 5.955555555555556 0.7800000000000005
0.0 0.26520438683948155 0.0 5.911111111111111 0.7900000000000005
0.0 0.2612163509471585 0.0 5.822222222222222 0.8000000000000005
0.0 0.25623130608175476 0.0 5.711111111111111 0.8100000000000005
0.0 0.25324027916251246 0.0 5.644444444444445 0.8200000000000005
0.0 0.24925224327018944 0.0 5.555555555555555 0.8300000000000005
0.0 0.2472582253240279 0.0 5.511111111111111 0.8400000000000005
0.0 0.24227318045862412 0.0 5.4 0.8500000000000005
0.0 0.23529411764705882 0.0 5.2444444444444445 0.8600000000000005
0.0 0.22831505483549352 0.0 5.088888888888889 0.8700000000000006
0.0 0.2213359920239282 0.0 4.933333333333334 0.8800000000000006
0.0 0.21734795613160518 0.0 4.844444444444444 0.8900000000000006
0.0 0.21335992023928216 0.0 4.7555555555555555 0.9000000000000006
0.0 0.2033898305084746 0.0 4.533333333333333 0.9100000000000006
0.0 0.19042871385842472 0.0 4.2444444444444445 0.9200000000000006
0.0 0.18245264207377868 0.0 4.066666666666666 0.9300000000000006
0.0 0.17746759720837488 0.0 3.9555555555555557 0.9400000000000006
0.0 0.1674975074775673 0.0 3.7333333333333334 0.9500000000000006
0.0 0.15453639082751744 0.0 3.4444444444444446 0.9600000000000006
0.0 0.14356929212362912 0.0 3.2 0.9700000000000006
0.0 0.12761714855433698 0.0 2.8444444444444446 0.9800000000000006
0.0 0.09371884346959122 0.0 2.088888888888889 0.9900000000000007
0.0 0.0 0.0 0.0
