1.0 1.0 12.852857142857143 20.06 0.0
1.0 0.7278165503489531 12.852857142857143 14.6 0.01
1.0 0.5922233300099701 12.852857142857143 11.88 0.02
1.0 0.5333998005982054 12.852857142857143 10.7 0.03
1.0 0.48953140578265203 12.852857142857143 9.82 0.04
1.0 0.46061814556331004 12.852857142857143 9.24 0.05
1.0 0.4117647058823529 12.852857142857143 8.26 0.060000000000000005
1.0 0.4117647058823529 12.852857142857143 8.26 0.07
1.0 0.3948155533399801 12.852857142857143 7.92 0.08
1.0 0.3798604187437687 12.852857142857143 7.62 0.09
1.0 0.36689930209371885 12.852857142857143 7.36 0.09999999999999999
1.0 0.35194416749750745 12.852857142857143 7.06 0.10999999999999999
1.0 0.33798604187437686 12.852857142857143 6.78 0.11999999999999998
1.0 0.32901296111665007 12.852857142857143 6.6 0.12999999999999998
1.0 0.3220338983050847 12.852857142857143 6.46 0.13999999999999999
1.0 0.3160518444666002 12.852857142857143 6.34 0.15
1.0 0.3100697906281156 12.852857142857143 6.22 0.16
1.0 0.3020937188434696 12.852857142857143 6.06 0.17
1.0 0.28015952143569295 12.852857142857143 5.62 0.18000000000000002
1.0 0.2691924227318046 12.852857142857143 5.4 0.19000000000000003
1.0 0.26021934197407776 12.852857142857143 5.22 0.20000000000000004
1.0 0.24925224327018944 12.852857142857143 5.0 0.21000000000000005
1.0 0.2472582253240279 12.852857142857143 4.96 0.22000000000000006
1.0 0.23429710867397807 12.852857142857143 4.7 0.23000000000000007
1.0 0.2313060817547358 12.852857142857143 4.64 0.24000000000000007
1.0 0.22831505483549352 12.852857142857143 4.58 0.25000000000000006
1.0 0.22532402791625125 12.852857142857143 4.52 0.26000000000000006
1.0 0.22233300099700898 12.852857142857143 4.46 0.2700000000000001
1.0 0.21834496510468593 12.852857142857143 4.38 0.2800000000000001
1.0 0.21834496510468593 12.852857142857143 4.38 0.2900000000000001
1.0 0.21535393818544366 12.852857142857143 4.32 0.3000000000000001
1.0 0.21535393818544366 12.852857142857143 4.32 0.3100000000000001
1.0 0.2143569292123629 12.852857142857143 4.3 0.3200000000000001
1.0 0.21036889332003988 12.852857142857143 4.22 0.3300000000000001
1.0 0.2073778664007976 12.852857142857143 4.16 0.34000000000000014
1.0 0.2053838484546361 12.852857142857143 4.12 0.35000000000000014
1.0 0.2033898305084746 12.852857142857143 4.08 0.36000000000000015
1.0 0.1984047856430708 12.852857142857143 3.98 0.37000000000000016
1.0 0.19242273180458624 12.852857142857143 3.86 0.38000000000000017
1.0 0.18943170488534397 12.852857142857143 3.8 0.3900000000000002
1.0 0.18743768693918245 12.852857142857143 3.76 0.4000000000000002
1.0 0.1814556331006979 12.852857142857143 3.64 0.4100000000000002
1.0 0.1744765702891326 12.852857142857143 3.5 0.4200000000000002
1.0 0.16650049850448653 12.852857142857143 3.34 0.4300000000000002
1.0 0.1585244267198405 12.852857142857143 3.18 0.4400000000000002
1.0 0.15154536390827517 12.852857142857143 3.04 0.45000000000000023
1.0 0.13958125623130607 12.852857142857143 2.8 0.46000000000000024
1.0 0.1296111665004985 12.852857142857143 2.6 0.47000000000000025
1.0 0.12562313060817548 12.852857142857143 2.52 0.48000000000000026
1.0 0.12063808574277168 12.852857142857143 2.42 0.49000000000000027
1.0 0.11764705882352941 12.852857142857143 2.36 0.5000000000000002
1.0 0.11365902293120637 12.852857142857143 2.28 0.5100000000000002
1.0 0.11166500498504486 12.852857142857143 2.24 0.5200000000000002
1.0 0.10967098703888335 12.852857142857143 2.2 0.5300000000000002
1.0 0.10967098703888335 12.852857142857143 2.2 0.5400000000000003
1.0 0.10967098703888335 12.852857142857143 2.2 0.5500000000000003
1.0 0.10967098703888335 12.852857142857143 2.2 0.5600000000000003
1.0 0.10867397806580259 12.852857142857143 2.18 0.5700000000000003
1.0 0.10767696909272183 12.852857142857143 2.16 0.5800000000000003
1.0 0.10767696909272183 12.852857142857143 2.16 0.5900000000000003
1.0 0.10667996011964108 12.852857142857143 2.14 0.6000000000000003
1.0 0.10568295114656032 12.852857142857143 2.12 0.6100000000000003
1.0 0.10269192422731804 12.852857142857143 2.06 0.6200000000000003
1.0 0.10269192422731804 12.852857142857143 2.06 0.6300000000000003
1.0 0.10269192422731804 12.852857142857143 2.06 0.6400000000000003
1.0 0.10069790628115653 12.852857142857143 2.02 0.6500000000000004
1.0 0.09770687936191426 12.852857142857143 1.96 0.6600000000000004
1.0 0.09571286141575275 12.852857142857143 1.92 0.6700000000000004
1.0 0.09072781655034895 12.852857142857143 1.82 0.6800000000000004
1.0 0.08574277168494517 12.852857142857143 1.72 0.6900000000000004
1.0 0.08175473579262213 12.852857142857143 1.64 0.7000000000000004
1.0 0.07876370887337986 12.852857142857143 1.58 0.7100000000000004
1.0 0.07278165503489531 12.852857142857143 1.46 0.7200000000000004
1.0 0.06879361914257229 12.852857142857143 1.38 0.7300000000000004
1.0 0.06281156530408774 12.852857142857143 1.26 0.7400000000000004
1.0 0.05682951146560319 12.852857142857143 1.14 0.7500000000000004
1.0 0.053838484546360914 12.852857142857143 1.08 0.7600000000000005
1.0 0.05084745762711865 12.852857142857143 1.02 0.7700000000000005
1.0 0.04885343968095713 12.852857142857143 0.98 0.7800000000000005
1.0 0.04685942173479561 12.852857142857143 0.94 0.7900000000000005
1.0 0.04386839481555334 12.852857142857143 0.88 0.8000000000000005
1.0 0.04287138584247258 12.852857142857143 0.86 0.8100000000000005
1.0 0.04187437686939183 12.852857142857143 0.84 0.8200000000000005
1.0 0.040877367896311065 12.852857142857143 0.82 0.8300000000000005
1.0 0.040877367896311065 12.852857142857143 0.82 0.8400000000000005
1.0 0.040877367896311065 12.852857142857143 0.82 0.8500000000000005
0.999888851839502 0.03988035892323031 12.851428571428572 0.8 0.8600000000000005
0.999888851839502 0.038883349950149554 12.851428571428572 0.78 0.8700000000000006
0.999888851839502 0.038883349950149554 12.851428571428572 0.78 0.8800000000000006
0.9997777036790041 0.036889332003988036 12.85 0.74 0.8900000000000006
0.9996665555185061 0.03489531405782652 12.848571428571429 0.7 0.9000000000000006
0.9995554073580082 0.03389830508474576 12.847142857142858 0.68 0.9100000000000006
0.9994442591975102 0.03290129611166501 12.845714285714285 0.66 0.9200000000000006
0.9994442591975102 0.031904287138584245 12.845714285714285 0.64 0.9300000000000006
0.9994442591975102 0.02991026919242273 12.845714285714285 0.6 0.9400000000000006
0.9994442591975102 0.02991026919242273 12.845714285714285 0.6 0.9500000000000006
0.9993331110370124 0.02991026919242273 12.844285714285714 0.6 0.9600000000000006
0.9991108147160165 0.02991026919242273 12.84142857142857 0.6 0.9700000000000006
0.9976658886295432 0.02991026919242273 12.822857142857142 0.6 0.9800000000000006
0.9924419250861398 0.02991026919242273 12.755714285714285 0.6 0.9900000000000007
0.0 0.0 0.0 0.0
