1.0 1.0 89.97 20.06 0.0
1.0 0.9940179461615155 89.97 19.94 0.01
1.0 0.9860418743768694 89.97 19.78 0.02
1.0 0.9850448654037887 89.97 19.76 0.03
1.0 0.9790628115653041 89.97 19.64 0.04
1.0 0.9750747756729811 89.97 19.56 0.05
1.0 0.9641076769690927 89.97 19.34 0.060000000000000005
1.0 0.9641076769690927 89.97 19.34 0.07
1.0 0.9581256231306082 89.97 19.22 0.08
1.0 0.9571286141575274 89.97 19.2 0.09
1.0 0.9541375872382851 89.97 19.14 0.09999999999999999
1.0 0.9531405782652044 89.97 19.12 0.10999999999999999
1.0 0.9501495513459621 89.97 19.06 0.11999999999999998
1.0 0.9491525423728814 89.97 19.04 0.12999999999999998
1.0 0.9491525423728814 89.97 19.04 0.13999999999999999
1.0 0.9481555333998006 89.97 19.02 0.15
1.0 0.9481555333998006 89.97 19.02 0.16
1.0 0.9461615154536391 89.97 18.98 0.17
1.0 0.9401794616151545 89.97 18.86 0.18000000000000002
1.0 0.9371884346959123 89.97 18.8 0.19000000000000003
1.0 0.9332003988035892 89.97 18.72 0.20000000000000004
1.0 0.9322033898305084 89.97 18.7 0.21000000000000005
1.0 0.9302093718843469 89.97 18.66 0.22000000000000006
1.0 0.9262213359920239 89.97 18.58 0.23000000000000007
1.0 0.9252243270189432 89.97 18.56 0.24000000000000007
1.0 0.9252243270189432 89.97 18.56 0.25000000000000006
1.0 0.9242273180458624 89.97 18.54 0.26000000000000006
1.0 0.9242273180458624 89.97 18.54 0.2700000000000001
1.0 0.9242273180458624 89.97 18.54 0.2800000000000001
1.0 0.9242273180458624 89.97 18.54 0.2900000000000001
1.0 0.9242273180458624 89.97 18.54 0.3000000000000001
1.0 0.9242273180458624 89.97 18.54 0.3100000000000001
1.0 0.9232303090727817 89.97 18.52 0.3200000000000001
1.0 0.922233300099701 89.97 18.5 0.3300000000000001
1.0 0.9202392821535393 89.97 18.46 0.34000000000000014
1.0 0.9202392821535393 89.97 18.46 0.35000000000000014
1.0 0.9172482552342971 89.97 18.4 0.36000000000000015
1.0 0.9132602193419741 89.97 18.32 0.37000000000000016
1.0 0.9102691924227319 89.97 18.26 0.38000000000000017
1.0 0.9082751744765702 89.97 18.22 0.3900000000000002
1.0 0.9072781655034895 89.97 18.2 0.4000000000000002
1.0 0.905284147557328 89.97 18.16 0.4100000000000002
1.0 0.9002991026919243 89.97 18.06 0.4200000000000002
1.0 0.8993020937188435 89.97 18.04 0.4300000000000002
1.0 0.8983050847457628 89.97 18.02 0.4400000000000002
1.0 0.8973080757726819 89.97 18.0 0.45000000000000023
1.0 0.8963110667996012 89.97 17.98 0.46000000000000024
1.0 0.8903290129611167 89.97 17.86 0.47000000000000025
1.0 0.8893320039880359 89.97 17.84 0.48000000000000026
1.0 0.8863409770687937 89.97 17.78 0.49000000000000027
1.0 0.8853439680957128 89.97 17.76 0.5000000000000002
1.0 0.8843469591226321 89.97 17.74 0.5100000000000002
1.0 0.8833499501495513 89.97 17.72 0.5200000000000002
1.0 0.8823529411764706 89.97 17.7 0.5300000000000002
1.0 0.8823529411764706 89.97 17.7 0.5400000000000003
1.0 0.8813559322033898 89.97 17.68 0.5500000000000003
1.0 0.8813559322033898 89.97 17.68 0.5600000000000003
1.0 0.8813559322033898 89.97 17.68 0.5700000000000003
1.0 0.8813559322033898 89.97 17.68 0.5800000000000003
1.0 0.8803589232303091 89.97 17.66 0.5900000000000003
1.0 0.8783649052841476 89.97 17.62 0.6000000000000003
1.0 0.8773678963110668 89.97 17.6 0.6100000000000003
1.0 0.8743768693918246 89.97 17.54 0.6200000000000003
1.0 0.8733798604187437 89.97 17.52 0.6300000000000003
1.0 0.8693918245264207 89.97 17.44 0.6400000000000003
1.0 0.8654037886340977 89.97 17.36 0.6500000000000004
1.0 0.8534396809571286 89.97 17.12 0.6600000000000004
1.0 0.8494516450648056 89.97 17.04 0.6700000000000004
1.0 0.839481555333998 89.97 16.84 0.6800000000000004
1.0 0.8155533399800599 89.97 16.36 0.6900000000000004
1.0 0.7986041874376869 89.97 16.02 0.7000000000000004
1.0 0.7806580259222333 89.97 15.66 0.7100000000000004
1.0 0.7617148554336989 89.97 15.28 0.7200000000000004
1.0 0.7467597208374875 89.97 14.98 0.7300000000000004
1.0 0.7228315054835494 89.97 14.5 0.7400000000000004
1.0 0.7058823529411765 89.97 14.16 0.7500000000000004
1.0 0.6879361914257228 89.97 13.8 0.7600000000000005
1.0 0.6769690927218345 89.97 13.58 0.7700000000000005
0.999888851839502 0.6660019940179461 89.96 13.36 0.7800000000000005
0.9995554073580082 0.6570289132602194 89.93 13.18 0.7900000000000005
0.9988885183950206 0.6550348953140578 89.87 13.14 0.8000000000000005
0.9975547404690452 0.6510468594217348 89.75 13.06 0.8100000000000005
0.9955540735800823 0.6490528414755733 89.57 13.02 0.8200000000000005
0.9904412581971769 0.638085742771685 89.11 12.8 0.8300000000000005
0.9804379237523619 0.6201395812562313 88.21 12.44 0.8400000000000005
0.966322107369123 0.6081754735792622 86.94 12.2 0.8500000000000005
0.9417583638990775 0.5633100697906281 84.73 11.3 0.8600000000000005
0.9057463598977437 0.514456630109671 81.49 10.32 0.8700000000000006
0.8603979104145827 0.45164506480558325 77.41 9.06 0.8800000000000006
0.8053795709681005 0.3938185443668993 72.46 7.9 0.8900000000000006
0.7446926753362232 0.30109670987038883 67.0 6.04 0.9000000000000006
0.6830054462598644 0.2053838484546361 61.45 4.12 0.9100000000000006
0.6317661442703123 0.14257228315054835 56.84 2.86 0.9200000000000006
0.5944203623430032 0.08374875373878365 53.48 1.68 0.9300000000000006
0.561298210514616 0.047856430707876374 50.5 0.96 0.9400000000000006
0.539513171057019 0.03290129611166501 48.54 0.66 0.9500000000000006
0.523730132266311 0.023928215353938187 47.12 0.48 0.9600000000000006
0.5067244637101256 0.020937188434695914 45.59 0.42 0.9700000000000006
0.46693342225186174 0.020937188434695914 42.01 0.42 0.9800000000000006
0.36634433700122265 0.019940179461615155 32.96 0.4 0.9900000000000007
0.0 0.0 0.0 0.0
