1.0 1.0 89.97 4.093877551020408 0.0
1.0 0.9970089730807578 89.97 4.081632653061225 0.01
1.0 0.9860418743768694 89.97 4.036734693877551 0.02
1.0 0.9800598205383848 89.97 4.012244897959183 0.03
1.0 0.9800598205383848 89.97 4.012244897959183 0.04
1.0 0.9780658025922233 89.97 4.004081632653061 0.05
1.0 0.9690927218344965 89.97 3.9673469387755103 0.060000000000000005
1.0 0.9690927218344965 89.97 3.9673469387755103 0.07
1.0 0.967098703888335 89.97 3.9591836734693877 0.08
1.0 0.9641076769690927 89.97 3.946938775510204 0.09
1.0 0.9621136590229312 89.97 3.938775510204082 0.09999999999999999
1.0 0.959122632103689 89.97 3.926530612244898 0.10999999999999999
1.0 0.9581256231306082 89.97 3.9224489795918367 0.11999999999999998
1.0 0.9581256231306082 89.97 3.9224489795918367 0.12999999999999998
1.0 0.9561316051844466 89.97 3.914285714285714 0.13999999999999999
1.0 0.9561316051844466 89.97 3.914285714285714 0.15
1.0 0.9541375872382851 89.97 3.906122448979592 0.16
1.0 0.9501495513459621 89.97 3.889795918367347 0.17
1.0 0.9481555333998006 89.97 3.8816326530612244 0.18000000000000002
1.0 0.9441674975074775 89.97 3.8653061224489798 0.19000000000000003
1.0 0.9391824526420738 89.97 3.8448979591836734 0.20000000000000004
1.0 0.93419740777667 89.97 3.8244897959183675 0.21000000000000005
1.0 0.9302093718843469 89.97 3.8081632653061224 0.22000000000000006
1.0 0.9282153539381854 89.97 3.8 0.23000000000000007
1.0 0.9242273180458624 89.97 3.783673469387755 0.24000000000000007
1.0 0.9212362911266201 89.97 3.7714285714285714 0.25000000000000006
1.0 0.9212362911266201 89.97 3.7714285714285714 0.26000000000000006
1.0 0.9212362911266201 89.97 3.7714285714285714 0.2700000000000001
1.0 0.9192422731804586 89.97 3.763265306122449 0.2800000000000001
1.0 0.9182452642073778 89.97 3.759183673469388 0.2900000000000001
1.0 0.9182452642073778 89.97 3.759183673469388 0.3000000000000001
1.0 0.9182452642073778 89.97 3.759183673469388 0.3100000000000001
1.0 0.9182452642073778 89.97 3.759183673469388 0.3200000000000001
1.0 0.9182452642073778 89.97 3.759183673469388 0.3300000000000001
1.0 0.9172482552342971 89.97 3.7551020408163267 0.34000000000000014
1.0 0.9162512462612163 89.97 3.7510204081632654 0.35000000000000014
1.0 0.9162512462612163 89.97 3.7510204081632654 0.36000000000000015
1.0 0.9142572283150548 89.97 3.742857142857143 0.37000000000000016
1.0 0.9122632103688934 89.97 3.7346938775510203 0.38000000000000017
1.0 0.9102691924227319 89.97 3.726530612244898 0.3900000000000002
1.0 0.9062811565304087 89.97 3.710204081632653 0.4000000000000002
1.0 0.9032901296111665 89.97 3.6979591836734693 0.4100000000000002
1.0 0.9022931206380858 89.97 3.693877551020408 0.4200000000000002
1.0 0.8963110667996012 89.97 3.669387755102041 0.4300000000000002
1.0 0.8933200398803589 89.97 3.657142857142857 0.4400000000000002
1.0 0.8903290129611167 89.97 3.6448979591836737 0.45000000000000023
1.0 0.8873379860418744 89.97 3.63265306122449 0.46000000000000024
1.0 0.8813559322033898 89.97 3.6081632653061226 0.47000000000000025
1.0 0.8803589232303091 89.97 3.6040816326530614 0.48000000000000026
1.0 0.8793619142572283 89.97 3.6 0.49000000000000027
1.0 0.8783649052841476 89.97 3.595918367346939 0.5000000000000002
1.0 0.8753738783649053 89.97 3.583673469387755 0.5100000000000002
1.0 0.8753738783649053 89.97 3.583673469387755 0.5200000000000002
1.0 0.8743768693918246 89.97 3.5795918367346937 0.5300000000000002
1.0 0.8743768693918246 89.97 3.5795918367346937 0.5400000000000003
1.0 0.8743768693918246 89.97 3.5795918367346937 0.5500000000000003
1.0 0.872382851445663 89.97 3.5714285714285716 0.5600000000000003
1.0 0.872382851445663 89.97 3.5714285714285716 0.5700000000000003
1.0 0.872382851445663 89.97 3.5714285714285716 0.5800000000000003
1.0 0.872382851445663 89.97 3.5714285714285716 0.5900000000000003
1.0 0.872382851445663 89.97 3.5714285714285716 0.6000000000000003
1.0 0.8703888334995015 89.97 3.563265306122449 0.6100000000000003
1.0 0.86839481555334 89.97 3.5551020408163265 0.6200000000000003
1.0 0.8664007976071785 89.97 3.546938775510204 0.6300000000000003
1.0 0.8614157527417746 89.97 3.526530612244898 0.6400000000000003
1.0 0.8564307078763709 89.97 3.5061224489795917 0.6500000000000004
1.0 0.8494516450648056 89.97 3.477551020408163 0.6600000000000004
1.0 0.8424725822532403 89.97 3.4489795918367347 0.6700000000000004
1.0 0.8285144566301097 89.97 3.3918367346938774 0.6800000000000004
1.0 0.8185443668993021 89.97 3.3510204081632655 0.6900000000000004
1.0 0.8085742771684945 89.97 3.3102040816326532 0.7000000000000004
1.0 0.7936191425722832 89.97 3.2489795918367346 0.7100000000000004
1.0 0.773678963110668 89.97 3.16734693877551 0.7200000000000004
1.0 0.7607178464606181 89.97 3.1142857142857143 0.7300000000000004
1.0 0.7437686939182453 89.97 3.0448979591836736 0.7400000000000004
1.0 0.732801595214357 89.97 3.0 0.7500000000000004
1.0 0.715852442671984 89.97 2.9306122448979592 0.7600000000000005
1.0 0.7038883349950149 89.97 2.8816326530612244 0.7700000000000005
1.0 0.6939182452642074 89.97 2.840816326530612 0.7800000000000005
0.9996665555185061 0.678963110667996 89.94 2.779591836734694 0.7900000000000005
0.9991108147160165 0.674975074775673 89.89 2.763265306122449 0.8000000000000005
0.9976658886295432 0.6689930209371885 89.76 2.7387755102040816 0.8100000000000005
0.9943314438146049 0.6650049850448654 89.46 2.7224489795918365 0.8200000000000005
0.990218961876181 0.6510468594217348 89.09 2.6653061224489796 0.8300000000000005
0.9824385906413249 0.638085742771685 88.39 2.6122448979591835 0.8400000000000005
0.9694342558630654 0.6271186440677966 87.22 2.5673469387755103 0.8500000000000005
0.9477603645659665 0.580259222333001 85.27 2.3755102040816327 0.8600000000000005
0.9143047682560853 0.5314057826520439 82.26 2.1755102040816325 0.8700000000000006
0.8702900966988997 0.47258225324027914 78.3 1.9346938775510205 0.8800000000000006
0.8157163498944092 0.4147557328015952 73.39 1.6979591836734693 0.8900000000000006
0.7544737134600422 0.32801595214356927 67.88 1.3428571428571427 0.9000000000000006
0.6947871512726465 0.24227318045862412 62.51 0.9918367346938776 0.9100000000000006
0.6432144048016005 0.17647058823529413 57.87 0.7224489795918367 0.9200000000000006
0.6034233633433367 0.10667996011964108 54.29 0.43673469387755104 0.9300000000000006
0.5699677670334556 0.07776669990029911 51.28 0.3183673469387755 0.9400000000000006
0.5478492830943648 0.06281156530408774 49.29 0.2571428571428571 0.9500000000000006
0.5308436145381794 0.05284147557328016 47.76 0.2163265306122449 0.9600000000000006
0.5089474269200844 0.05084745762711865 45.79 0.20816326530612245 0.9700000000000006
0.46982327442480826 0.05084745762711865 42.27 0.20816326530612245 0.9800000000000006
0.3824608202734245 0.05084745762711865 34.41 0.20816326530612245 0.9900000000000007
0.0 0.0 0.0 0.0
