1.0 1.0 29.99 50.15 0.0
1.0 0.9720837487537388 29.99 48.75 0.01
1.0 0.9072781655034895 29.99 45.5 0.02
1.0 0.8743768693918246 29.99 43.85 0.03
1.0 0.8454636091724825 29.99 42.4 0.04
1.0 0.8255234297108675 29.99 41.4 0.05
1.0 0.7926221335992024 29.99 39.75 0.060000000000000005
1.0 0.7926221335992024 29.99 39.75 0.07
1.0 0.7706879361914257 29.99 38.65 0.08
1.0 0.7557328015952144 29.99 37.9 0.09
1.0 0.7457627118644068 29.99 37.4 0.09999999999999999
1.0 0.7387836490528414 29.99 37.05 0.10999999999999999
1.0 0.732801595214357 29.99 36.75 0.11999999999999998
1.0 0.7228315054835494 29.99 36.25 0.12999999999999998
1.0 0.7138584247258225 29.99 35.8 0.13999999999999999
1.0 0.707876370887338 29.99 35.5 0.15
1.0 0.6989032901296112 29.99 35.05 0.16
1.0 0.6969092721834497 29.99 34.95 0.17
1.0 0.678963110667996 29.99 34.05 0.18000000000000002
1.0 0.6640079760717846 29.99 33.3 0.19000000000000003
1.0 0.6530408773678963 29.99 32.75 0.20000000000000004
1.0 0.646061814556331 29.99 32.4 0.21000000000000005
1.0 0.6400797607178464 29.99 32.1 0.22000000000000006
1.0 0.6331006979062812 29.99 31.75 0.23000000000000007
1.0 0.6211365902293121 29.99 31.15 0.24000000000000007
1.0 0.6181455633100698 29.99 31.0 0.25000000000000006
1.0 0.6151545363908275 29.99 30.85 0.26000000000000006
1.0 0.6121635094715853 29.99 30.7 0.2700000000000001
1.0 0.6111665004985045 29.99 30.65 0.2800000000000001
1.0 0.6101694915254238 29.99 30.6 0.2900000000000001
1.0 0.6061814556331007 29.99 30.4 0.3000000000000001
1.0 0.6051844466600199 29.99 30.35 0.3100000000000001
1.0 0.6041874376869392 29.99 30.3 0.3200000000000001
1.0 0.6031904287138584 29.99 30.25 0.3300000000000001
1.0 0.5992023928215354 29.99 30.05 0.34000000000000014
1.0 0.5952143569292123 29.99 29.85 0.35000000000000014
1.0 0.5902293120638086 29.99 29.6 0.36000000000000015
1.0 0.5862412761714856 29.99 29.4 0.37000000000000016
1.0 0.580259222333001 29.99 29.1 0.38000000000000017
1.0 0.5772681954137587 29.99 28.95 0.3900000000000002
1.0 0.5672981056829511 29.99 28.45 0.4000000000000002
1.0 0.5603190428713859 29.99 28.1 0.4100000000000002
1.0 0.5543369890329013 29.99 27.8 0.4200000000000002
1.0 0.5473579262213359 29.99 27.45 0.4300000000000002
1.0 0.5383848454636092 29.99 27.0 0.4400000000000002
1.0 0.5314057826520439 29.99 26.65 0.45000000000000023
1.0 0.5214356929212363 29.99 26.15 0.46000000000000024
1.0 0.5134596211365903 29.99 25.75 0.47000000000000025
1.0 0.5064805583250249 29.99 25.4 0.48000000000000026
1.0 0.5044865403788634 29.99 25.3 0.49000000000000027
1.0 0.5024925224327019 29.99 25.2 0.5000000000000002
1.0 0.4985044865403789 29.99 25.0 0.5100000000000002
1.0 0.49252243270189433 29.99 24.7 0.5200000000000002
1.0 0.48753738783649053 29.99 24.45 0.5300000000000002
1.0 0.48554336989032904 29.99 24.35 0.5400000000000003
1.0 0.48454636091724823 29.99 24.3 0.5500000000000003
1.0 0.48255234297108673 29.99 24.2 0.5600000000000003
1.0 0.4795613160518445 29.99 24.05 0.5700000000000003
1.0 0.4785643070787637 29.99 24.0 0.5800000000000003
1.0 0.47756729810568294 29.99 23.95 0.5900000000000003
1.0 0.47357926221335994 29.99 23.75 0.6000000000000003
1.0 0.47058823529411764 29.99 23.6 0.6100000000000003
1.0 0.4675972083748754 29.99 23.45 0.6200000000000003
1.0 0.4646061814556331 29.99 23.3 0.6300000000000003
1.0 0.46161515453639085 29.99 23.15 0.6400000000000003
1.0 0.45663010967098705 29.99 22.9 0.6500000000000004
1.0 0.44466600199401796 29.99 22.3 0.6600000000000004
1.0 0.43968095712861416 29.99 22.05 0.6700000000000004
1.0 0.4287138584247258 29.99 21.5 0.6800000000000004
1.0 0.4137587238285145 29.99 20.75 0.6900000000000004
1.0 0.40279162512462613 29.99 20.2 0.7000000000000004
1.0 0.38584247258225324 29.99 19.35 0.7100000000000004
1.0 0.3659022931206381 29.99 18.35 0.7200000000000004
1.0 0.3439680957128614 29.99 17.25 0.7300000000000004
1.0 0.3270189431704885 29.99 16.4 0.7400000000000004
1.0 0.31106679960119643 29.99 15.6 0.7500000000000004
1.0 0.2951146560319043 29.99 14.8 0.7600000000000005
1.0 0.27218344965104685 29.99 13.65 0.7700000000000005
1.0 0.2612163509471585 29.99 13.1 0.7800000000000005
0.9996665555185061 0.24825523429710866 29.98 12.45 0.7900000000000005
0.9996665555185061 0.2432701894317049 29.98 12.2 0.8000000000000005
0.9996665555185061 0.23629112662013957 29.98 11.85 0.8100000000000005
0.9994442591975102 0.23230309072781655 29.973333333333333 11.65 0.8200000000000005
0.9989996665555185 0.22731804586241275 29.96 11.4 0.8300000000000005
0.9976658886295432 0.22033898305084745 29.92 11.05 0.8400000000000005
0.9951094809380905 0.21335992023928216 29.843333333333334 10.7 0.8500000000000005
0.9906635545181727 0.1984047856430708 29.71 9.95 0.8600000000000005
0.9851061464932755 0.18344965104685942 29.543333333333333 9.2 0.8700000000000006
0.9783261087029009 0.1585244267198405 29.34 7.95 0.8800000000000006
0.9686562187395799 0.1365902293120638 29.05 6.85 0.8900000000000006
0.9588751806157608 0.1106679960119641 28.756666666666668 5.55 0.9000000000000006
0.9478715127264644 0.08075772681954138 28.426666666666666 4.05 0.9100000000000006
0.9402022896521063 0.05682951146560319 28.196666666666665 2.85 0.9200000000000006
0.932866511059242 0.040877367896311065 27.976666666666667 2.05 0.9300000000000006
0.9253084361453818 0.028913260219341975 27.75 1.45 0.9400000000000006
0.918972990996999 0.023928215353938187 27.56 1.2 0.9500000000000006
0.9120818050461265 0.02193419740777667 27.35333333333333 1.1 0.9600000000000006
0.9021896187618095 0.020937188434695914 27.05666666666667 1.05 0.9700000000000006
0.8825163943536735 0.020937188434695914 26.466666666666665 1.05 0.9800000000000006
0.8229409803267755 0.019940179461615155 24.68 1.0 0.9900000000000007
0.0 0.0 0.0 0.0
