1.0 1.0 44.985 100.3 0.0
1.0 0.9930209371884346 44.985 99.6 0.01
1.0 0.9780658025922233 44.985 98.1 0.02
1.0 0.9661016949152542 44.985 96.9 0.03
1.0 0.9561316051844466 44.985 95.9 0.04
1.0 0.9481555333998006 44.985 95.1 0.05
1.0 0.9232303090727817 44.985 92.6 0.060000000000000005
1.0 0.9232303090727817 44.985 92.6 0.07
1.0 0.9132602193419741 44.985 91.6 0.08
1.0 0.9082751744765702 44.985 91.1 0.09
1.0 0.905284147557328 44.985 90.8 0.09999999999999999
1.0 0.9042871385842473 44.985 90.7 0.10999999999999999
1.0 0.8993020937188435 44.985 90.2 0.11999999999999998
1.0 0.8933200398803589 44.985 89.6 0.12999999999999998
1.0 0.8893320039880359 44.985 89.2 0.13999999999999999
1.0 0.8843469591226321 44.985 88.7 0.15
1.0 0.8803589232303091 44.985 88.3 0.16
1.0 0.8743768693918246 44.985 87.7 0.17
1.0 0.8673978065802592 44.985 87.0 0.18000000000000002
1.0 0.8624127617148555 44.985 86.5 0.19000000000000003
1.0 0.8554336989032901 44.985 85.8 0.20000000000000004
1.0 0.8514456630109671 44.985 85.4 0.21000000000000005
1.0 0.8454636091724825 44.985 84.8 0.22000000000000006
1.0 0.8404785643070788 44.985 84.3 0.23000000000000007
1.0 0.8374875373878365 44.985 84.0 0.24000000000000007
1.0 0.8344965104685942 44.985 83.7 0.25000000000000006
1.0 0.8325024925224327 44.985 83.5 0.26000000000000006
1.0 0.8295114656031904 44.985 83.2 0.2700000000000001
1.0 0.827517447657029 44.985 83.0 0.2800000000000001
1.0 0.827517447657029 44.985 83.0 0.2900000000000001
1.0 0.8265204386839482 44.985 82.9 0.3000000000000001
1.0 0.8265204386839482 44.985 82.9 0.3100000000000001
1.0 0.8255234297108675 44.985 82.8 0.3200000000000001
1.0 0.8225324027916251 44.985 82.5 0.3300000000000001
1.0 0.8215353938185443 44.985 82.4 0.34000000000000014
1.0 0.8175473579262214 44.985 82.0 0.35000000000000014
1.0 0.8115653040877367 44.985 81.4 0.36000000000000015
1.0 0.8075772681954138 44.985 81.0 0.37000000000000016
1.0 0.80259222333001 44.985 80.5 0.38000000000000017
1.0 0.7986041874376869 44.985 80.1 0.3900000000000002
1.0 0.7916251246261217 44.985 79.4 0.4000000000000002
1.0 0.7866400797607178 44.985 78.9 0.4100000000000002
1.0 0.7776669990029911 44.985 78.0 0.4200000000000002
1.0 0.7706879361914257 44.985 77.3 0.4300000000000002
1.0 0.7597208374875374 44.985 76.2 0.4400000000000002
1.0 0.752741774675972 44.985 75.5 0.45000000000000023
1.0 0.7427716849451645 44.985 74.5 0.46000000000000024
1.0 0.7337986041874377 44.985 73.6 0.47000000000000025
1.0 0.7278165503489531 44.985 73.0 0.48000000000000026
1.0 0.7208374875373879 44.985 72.3 0.49000000000000027
1.0 0.715852442671984 44.985 71.8 0.5000000000000002
1.0 0.711864406779661 44.985 71.4 0.5100000000000002
1.0 0.7108673978065803 44.985 71.3 0.5200000000000002
1.0 0.7088733798604188 44.985 71.1 0.5300000000000002
1.0 0.707876370887338 44.985 71.0 0.5400000000000003
1.0 0.7048853439680958 44.985 70.7 0.5500000000000003
1.0 0.7038883349950149 44.985 70.6 0.5600000000000003
1.0 0.7028913260219342 44.985 70.5 0.5700000000000003
1.0 0.7028913260219342 44.985 70.5 0.5800000000000003
1.0 0.7008973080757727 44.985 70.3 0.5900000000000003
1.0 0.6999002991026919 44.985 70.2 0.6000000000000003
1.0 0.6989032901296112 44.985 70.1 0.6100000000000003
1.0 0.6909272183449651 44.985 69.3 0.6200000000000003
1.0 0.6859421734795613 44.985 68.8 0.6300000000000003
1.0 0.6829511465603191 44.985 68.5 0.6400000000000003
1.0 0.678963110667996 44.985 68.1 0.6500000000000004
1.0 0.6689930209371885 44.985 67.1 0.6600000000000004
1.0 0.6570289132602194 44.985 65.9 0.6700000000000004
1.0 0.6440677966101694 44.985 64.6 0.6800000000000004
1.0 0.6191425722831505 44.985 62.1 0.6900000000000004
1.0 0.6031904287138584 44.985 60.5 0.7000000000000004
1.0 0.5832502492522432 44.985 58.5 0.7100000000000004
1.0 0.5613160518444666 44.985 56.3 0.7200000000000004
1.0 0.5304087736789631 44.985 53.2 0.7300000000000004
1.0 0.5074775672981057 44.985 50.9 0.7400000000000004
1.0 0.4905284147557328 44.985 49.2 0.7500000000000004
1.0 0.4666001994017946 44.985 46.8 0.7600000000000005
1.0 0.452642073778664 44.985 45.4 0.7700000000000005
0.999888851839502 0.43469591226321036 44.98 43.6 0.7800000000000005
0.9996665555185061 0.419740777666999 44.97 42.1 0.7900000000000005
0.9996665555185061 0.4137587238285145 44.97 41.5 0.8000000000000005
0.9992219628765144 0.4077766699900299 44.95 40.9 0.8100000000000005
0.998110481271535 0.40279162512462613 44.9 40.4 0.8200000000000005
0.9962209625430699 0.38584247258225324 44.815 38.7 0.8300000000000005
0.9925530732466378 0.37686939182452645 44.65 37.8 0.8400000000000005
0.984216961209292 0.3698903290129611 44.275 37.1 0.8500000000000005
0.9739913304434812 0.33998005982053836 43.815 34.1 0.8600000000000005
0.9567633655662999 0.3150548354935194 43.04 31.6 0.8700000000000006
0.9370901411581638 0.27218344965104685 42.155 27.3 0.8800000000000006
0.9105257307991552 0.22831505483549352 40.96 22.9 0.8900000000000006
0.8841836167611427 0.17846460618145563 39.775 17.9 0.9000000000000006
0.8562854284761587 0.12362911266201396 38.52 12.4 0.9100000000000006
0.832055129487607 0.07976071784646062 37.43 8.0 0.9200000000000006
0.8117150161164832 0.0448654037886341 36.515 4.5 0.9300000000000006
0.7955985328442814 0.019940179461615155 35.79 2.0 0.9400000000000006
0.782816494387018 0.009970089730807577 35.215 1.0 0.9500000000000006
0.7715905301767255 0.0029910269192422734 34.71 0.3 0.9600000000000006
0.7574747137934867 0.0019940179461615153 34.075 0.2 0.9700000000000006
0.72324108036012 0.0019940179461615153 32.535 0.2 0.9800000000000006
0.6298766255418473 9.970089730807576E-4 28.335 0.1 0.9900000000000007
0.0 0.0 0.0 0.0
