0 5.37 10000 9295.089999999947
0 5.56 10000 9232.069999999985
10 20.0 10000 9261.959999999994
0 4.669999999999999 10000 9312.529999999955
10 20.0 10000 9267.319999999985
20 20.0 10000 9257.639999999972
30 20.0 10000 9294.309999999943
0 4.819999999999999 10000 9284.659999999936
10 20.0 10000 9338.969999999928
20 20.0 10000 9284.919999999947
30 20.0 10000 9323.25999999995
40 20.0 10000 9314.939999999953
50 20.0 10000 9294.489999999945
0 4.4399999999999995 10000 9268.909999999949
5 19.990000000000002 10000 9275.16999999996
10 20.0 10000 9287.07999999998
15 20.0 10000 9305.399999999936
20 20.0 10000 9326.909999999945
25 20.0 10000 9308.27999999996
30 20.0 10000 9330.769999999946
35 20.0 10000 9246.639999999968
40 20.0 10000 9320.089999999922
45 20.0 10000 9285.949999999972
50 20.0 10000 9322.159999999942
