1.0 1.0 89.97 3.4 0.0
1.0 0.9990029910269193 89.97 3.3966101694915256 0.01
1.0 0.9900299102691924 89.97 3.3661016949152542 0.02
1.0 0.9830508474576272 89.97 3.3423728813559324 0.03
1.0 0.9800598205383848 89.97 3.3322033898305086 0.04
1.0 0.9770687936191426 89.97 3.3220338983050848 0.05
1.0 0.9651046859421735 89.97 3.2813559322033896 0.060000000000000005
1.0 0.9651046859421735 89.97 3.2813559322033896 0.07
1.0 0.9641076769690927 89.97 3.2779661016949153 0.08
1.0 0.963110667996012 89.97 3.2745762711864406 0.09
1.0 0.9601196410767697 89.97 3.2644067796610168 0.09999999999999999
1.0 0.9601196410767697 89.97 3.2644067796610168 0.10999999999999999
1.0 0.9561316051844466 89.97 3.2508474576271187 0.11999999999999998
1.0 0.9561316051844466 89.97 3.2508474576271187 0.12999999999999998
1.0 0.9561316051844466 89.97 3.2508474576271187 0.13999999999999999
1.0 0.9551345962113659 89.97 3.247457627118644 0.15
1.0 0.9541375872382851 89.97 3.2440677966101696 0.16
1.0 0.9501495513459621 89.97 3.230508474576271 0.17
1.0 0.9401794616151545 89.97 3.1966101694915254 0.18000000000000002
1.0 0.9371884346959123 89.97 3.1864406779661016 0.19000000000000003
1.0 0.9351944167497508 89.97 3.1796610169491526 0.20000000000000004
1.0 0.9302093718843469 89.97 3.1627118644067798 0.21000000000000005
1.0 0.9272183449651047 89.97 3.152542372881356 0.22000000000000006
1.0 0.9262213359920239 89.97 3.1491525423728812 0.23000000000000007
1.0 0.9252243270189432 89.97 3.145762711864407 0.24000000000000007
1.0 0.9242273180458624 89.97 3.142372881355932 0.25000000000000006
1.0 0.9242273180458624 89.97 3.142372881355932 0.26000000000000006
1.0 0.9232303090727817 89.97 3.1389830508474574 0.2700000000000001
1.0 0.9232303090727817 89.97 3.1389830508474574 0.2800000000000001
1.0 0.9232303090727817 89.97 3.1389830508474574 0.2900000000000001
1.0 0.9232303090727817 89.97 3.1389830508474574 0.3000000000000001
1.0 0.9232303090727817 89.97 3.1389830508474574 0.3100000000000001
1.0 0.9232303090727817 89.97 3.1389830508474574 0.3200000000000001
1.0 0.9232303090727817 89.97 3.1389830508474574 0.3300000000000001
1.0 0.9212362911266201 89.97 3.1322033898305084 0.34000000000000014
1.0 0.9202392821535393 89.97 3.128813559322034 0.35000000000000014
1.0 0.9172482552342971 89.97 3.1186440677966103 0.36000000000000015
1.0 0.9132602193419741 89.97 3.1050847457627118 0.37000000000000016
1.0 0.9132602193419741 89.97 3.1050847457627118 0.38000000000000017
1.0 0.909272183449651 89.97 3.0915254237288137 0.3900000000000002
1.0 0.9072781655034895 89.97 3.0847457627118646 0.4000000000000002
1.0 0.9022931206380858 89.97 3.0677966101694913 0.4100000000000002
1.0 0.9002991026919243 89.97 3.0610169491525423 0.4200000000000002
1.0 0.8963110667996012 89.97 3.047457627118644 0.4300000000000002
1.0 0.8933200398803589 89.97 3.0372881355932204 0.4400000000000002
1.0 0.8873379860418744 89.97 3.016949152542373 0.45000000000000023
1.0 0.8873379860418744 89.97 3.016949152542373 0.46000000000000024
1.0 0.8833499501495513 89.97 3.0033898305084747 0.47000000000000025
1.0 0.8763708873379861 89.97 2.9796610169491524 0.48000000000000026
1.0 0.8713858424725822 89.97 2.9627118644067796 0.49000000000000027
1.0 0.8713858424725822 89.97 2.9627118644067796 0.5000000000000002
1.0 0.8693918245264207 89.97 2.9559322033898305 0.5100000000000002
1.0 0.86839481555334 89.97 2.952542372881356 0.5200000000000002
1.0 0.8664007976071785 89.97 2.9457627118644067 0.5300000000000002
1.0 0.8664007976071785 89.97 2.9457627118644067 0.5400000000000003
1.0 0.8664007976071785 89.97 2.9457627118644067 0.5500000000000003
1.0 0.8664007976071785 89.97 2.9457627118644067 0.5600000000000003
1.0 0.8664007976071785 89.97 2.9457627118644067 0.5700000000000003
1.0 0.8664007976071785 89.97 2.9457627118644067 0.5800000000000003
1.0 0.8664007976071785 89.97 2.9457627118644067 0.5900000000000003
1.0 0.8664007976071785 89.97 2.9457627118644067 0.6000000000000003
1.0 0.8654037886340977 89.97 2.942372881355932 0.6100000000000003
1.0 0.8654037886340977 89.97 2.942372881355932 0.6200000000000003
1.0 0.8624127617148555 89.97 2.9322033898305087 0.6300000000000003
1.0 0.8594217347956131 89.97 2.922033898305085 0.6400000000000003
1.0 0.8574277168494516 89.97 2.9152542372881354 0.6500000000000004
1.0 0.8534396809571286 89.97 2.9016949152542373 0.6600000000000004
1.0 0.8494516450648056 89.97 2.888135593220339 0.6700000000000004
1.0 0.8384845463609173 89.97 2.8508474576271188 0.6800000000000004
1.0 0.8305084745762712 89.97 2.823728813559322 0.6900000000000004
1.0 0.8165503489531406 89.97 2.776271186440678 0.7000000000000004
1.0 0.80259222333001 89.97 2.7288135593220337 0.7100000000000004
1.0 0.7746759720837487 89.97 2.6338983050847458 0.7200000000000004
1.0 0.7607178464606181 89.97 2.5864406779661016 0.7300000000000004
1.0 0.744765702891326 89.97 2.5322033898305083 0.7400000000000004
1.0 0.7218344965104686 89.97 2.454237288135593 0.7500000000000004
1.0 0.7058823529411765 89.97 2.4 0.7600000000000005
1.0 0.6799601196410767 89.97 2.311864406779661 0.7700000000000005
0.999888851839502 0.6650049850448654 89.96 2.2610169491525425 0.7800000000000005
0.9997777036790041 0.6570289132602194 89.95 2.233898305084746 0.7900000000000005
0.9993331110370124 0.6470588235294118 89.91 2.2 0.8000000000000005
0.9979993331110371 0.6450648055832503 89.79 2.1932203389830507 0.8100000000000005
0.9955540735800823 0.6420737786640079 89.57 2.183050847457627 0.8200000000000005
0.9911081471601645 0.6321036889332003 89.17 2.1491525423728812 0.8300000000000005
0.9838835167277982 0.6211365902293121 88.52 2.111864406779661 0.8400000000000005
0.9702122929865511 0.6061814556331007 87.29 2.0610169491525423 0.8500000000000005
0.9490941424919418 0.5643070787637089 85.39 1.9186440677966101 0.8600000000000005
0.9163054351450484 0.5164506480558325 82.44 1.7559322033898306 0.8700000000000006
0.869623207735912 0.46161515453639085 78.24 1.5694915254237287 0.8800000000000006
0.8116038679559854 0.3988035892323031 73.02 1.3559322033898304 0.8900000000000006
0.7501389352006225 0.317048853439681 67.49 1.0779661016949154 0.9000000000000006
0.685784150272313 0.2313060817547358 61.7 0.7864406779661017 0.9100000000000006
0.6329887740357897 0.16450648055832504 56.95 0.559322033898305 0.9200000000000006
0.5918639546515505 0.10568295114656032 53.25 0.3593220338983051 0.9300000000000006
0.5538512837612537 0.08075772681954138 49.83 0.2745762711864407 0.9400000000000006
0.5311770590196733 0.06380857427716849 47.79 0.21694915254237288 0.9500000000000006
0.5136156496609982 0.053838484546360914 46.21 0.18305084745762712 0.9600000000000006
0.4968322774258086 0.0518444666001994 44.7 0.17627118644067796 0.9700000000000006
0.4600422363009892 0.0518444666001994 41.39 0.17627118644067796 0.9800000000000006
0.37190174502611983 0.05084745762711865 33.46 0.17288135593220338 0.9900000000000007
0.0 0.0 0.0 0.0
