1.0 1.0 89.97 5.421621621621622 0.0
1.0 0.9990029910269193 89.97 5.416216216216216 0.01
1.0 0.996011964107677 89.97 5.4 0.02
1.0 0.9930209371884346 89.97 5.383783783783784 0.03
1.0 0.9900299102691924 89.97 5.367567567567567 0.04
1.0 0.9870388833499502 89.97 5.351351351351352 0.05
1.0 0.9830508474576272 89.97 5.3297297297297295 0.060000000000000005
1.0 0.9830508474576272 89.97 5.3297297297297295 0.07
1.0 0.9820538384845464 89.97 5.324324324324325 0.08
1.0 0.9790628115653041 89.97 5.308108108108108 0.09
1.0 0.9790628115653041 89.97 5.308108108108108 0.09999999999999999
1.0 0.9760717846460618 89.97 5.291891891891892 0.10999999999999999
1.0 0.9750747756729811 89.97 5.286486486486487 0.11999999999999998
1.0 0.9710867397806581 89.97 5.264864864864865 0.12999999999999998
1.0 0.967098703888335 89.97 5.243243243243243 0.13999999999999999
1.0 0.9621136590229312 89.97 5.216216216216216 0.15
1.0 0.9601196410767697 89.97 5.205405405405405 0.16
1.0 0.9561316051844466 89.97 5.183783783783784 0.17
1.0 0.9481555333998006 89.97 5.140540540540541 0.18000000000000002
1.0 0.9461615154536391 89.97 5.129729729729729 0.19000000000000003
1.0 0.9431704885343968 89.97 5.113513513513514 0.20000000000000004
1.0 0.9401794616151545 89.97 5.097297297297297 0.21000000000000005
1.0 0.9361914257228315 89.97 5.075675675675676 0.22000000000000006
1.0 0.9351944167497508 89.97 5.07027027027027 0.23000000000000007
1.0 0.9332003988035892 89.97 5.059459459459459 0.24000000000000007
1.0 0.9332003988035892 89.97 5.059459459459459 0.25000000000000006
1.0 0.9322033898305084 89.97 5.054054054054054 0.26000000000000006
1.0 0.9312063808574277 89.97 5.048648648648649 0.2700000000000001
1.0 0.9292123629112662 89.97 5.037837837837838 0.2800000000000001
1.0 0.9282153539381854 89.97 5.032432432432432 0.2900000000000001
1.0 0.9272183449651047 89.97 5.027027027027027 0.3000000000000001
1.0 0.9252243270189432 89.97 5.0162162162162165 0.3100000000000001
1.0 0.922233300099701 89.97 5.0 0.3200000000000001
1.0 0.9192422731804586 89.97 4.9837837837837835 0.3300000000000001
1.0 0.9182452642073778 89.97 4.978378378378379 0.34000000000000014
1.0 0.9182452642073778 89.97 4.978378378378379 0.35000000000000014
1.0 0.9142572283150548 89.97 4.956756756756757 0.36000000000000015
1.0 0.9102691924227319 89.97 4.935135135135135 0.37000000000000016
1.0 0.909272183449651 89.97 4.92972972972973 0.38000000000000017
1.0 0.9082751744765702 89.97 4.924324324324324 0.3900000000000002
1.0 0.905284147557328 89.97 4.908108108108108 0.4000000000000002
1.0 0.901296111665005 89.97 4.886486486486486 0.4100000000000002
1.0 0.8983050847457628 89.97 4.870270270270271 0.4200000000000002
1.0 0.8963110667996012 89.97 4.859459459459459 0.4300000000000002
1.0 0.8923230309072782 89.97 4.837837837837838 0.4400000000000002
1.0 0.8883349950149552 89.97 4.816216216216216 0.45000000000000023
1.0 0.8853439680957128 89.97 4.8 0.46000000000000024
1.0 0.8813559322033898 89.97 4.778378378378378 0.47000000000000025
1.0 0.8793619142572283 89.97 4.767567567567568 0.48000000000000026
1.0 0.8773678963110668 89.97 4.756756756756757 0.49000000000000027
1.0 0.8753738783649053 89.97 4.745945945945946 0.5000000000000002
1.0 0.8753738783649053 89.97 4.745945945945946 0.5100000000000002
1.0 0.8753738783649053 89.97 4.745945945945946 0.5200000000000002
1.0 0.8753738783649053 89.97 4.745945945945946 0.5300000000000002
1.0 0.8743768693918246 89.97 4.7405405405405405 0.5400000000000003
1.0 0.8743768693918246 89.97 4.7405405405405405 0.5500000000000003
1.0 0.8743768693918246 89.97 4.7405405405405405 0.5600000000000003
1.0 0.8743768693918246 89.97 4.7405405405405405 0.5700000000000003
1.0 0.8743768693918246 89.97 4.7405405405405405 0.5800000000000003
1.0 0.8743768693918246 89.97 4.7405405405405405 0.5900000000000003
1.0 0.872382851445663 89.97 4.72972972972973 0.6000000000000003
1.0 0.8713858424725822 89.97 4.724324324324324 0.6100000000000003
1.0 0.8703888334995015 89.97 4.718918918918919 0.6200000000000003
1.0 0.8673978065802592 89.97 4.702702702702703 0.6300000000000003
1.0 0.8654037886340977 89.97 4.691891891891892 0.6400000000000003
1.0 0.8614157527417746 89.97 4.6702702702702705 0.6500000000000004
1.0 0.8544366899302094 89.97 4.632432432432433 0.6600000000000004
1.0 0.8454636091724825 89.97 4.583783783783784 0.6700000000000004
1.0 0.8354935194416749 89.97 4.52972972972973 0.6800000000000004
1.0 0.8225324027916251 89.97 4.45945945945946 0.6900000000000004
1.0 0.810568295114656 89.97 4.394594594594595 0.7000000000000004
1.0 0.7956131605184447 89.97 4.313513513513514 0.7100000000000004
1.0 0.7786640079760718 89.97 4.221621621621622 0.7200000000000004
1.0 0.7567298105682951 89.97 4.102702702702703 0.7300000000000004
1.0 0.7367896311066799 89.97 3.9945945945945946 0.7400000000000004
1.0 0.7128614157527418 89.97 3.864864864864865 0.7500000000000004
1.0 0.6909272183449651 89.97 3.745945945945946 0.7600000000000005
1.0 0.6799601196410767 89.97 3.6864864864864866 0.7700000000000005
0.999888851839502 0.67098703888335 89.96 3.637837837837838 0.7800000000000005
0.9995554073580082 0.6630109670987039 89.93 3.5945945945945947 0.7900000000000005
0.9988885183950206 0.6610169491525424 89.87 3.5837837837837836 0.8000000000000005
0.9968878515060575 0.654037886340977 89.69 3.545945945945946 0.8100000000000005
0.994109147493609 0.6510468594217348 89.44 3.5297297297297296 0.8200000000000005
0.9898855173946871 0.6430707876370887 89.06 3.4864864864864864 0.8300000000000005
0.9806602200733577 0.6301096709870389 88.23 3.4162162162162164 0.8400000000000005
0.9652106257641436 0.6181455633100698 86.84 3.3513513513513513 0.8500000000000005
0.9413137712570857 0.5752741774675972 84.69 3.118918918918919 0.8600000000000005
0.9064132488607314 0.5234297108673978 81.55 2.8378378378378377 0.8700000000000006
0.8619539846615538 0.47357926221335994 77.55 2.5675675675675675 0.8800000000000006
0.804268089363121 0.4117647058823529 72.36 2.2324324324324323 0.8900000000000006
0.7392464154718239 0.33100697906281157 66.51 1.7945945945945947 0.9000000000000006
0.6767811492719795 0.24027916251246262 60.89 1.3027027027027027 0.9100000000000006
0.6238746248749584 0.17048853439680958 56.13 0.9243243243243243 0.9200000000000006
0.5816383238857397 0.10767696909272183 52.33 0.5837837837837838 0.9300000000000006
0.5467378014893853 0.08175473579262213 49.19 0.44324324324324327 0.9400000000000006
0.5247304657107925 0.06281156530408774 47.21 0.34054054054054056 0.9500000000000006
0.5073913526731133 0.05284147557328016 45.65 0.2864864864864865 0.9600000000000006
0.4871623874624875 0.05084745762711865 43.83 0.2756756756756757 0.9700000000000006
0.45015005001667224 0.05084745762711865 40.5 0.2756756756756757 0.9800000000000006
0.3464488162720907 0.05084745762711865 31.17 0.2756756756756757 0.9900000000000007
0.0 0.0 0.0 0.0
