1.0 1.0 89.97 10.557894736842105 0.0
1.0 0.9980059820538385 89.97 10.536842105263158 0.01
1.0 0.9850448654037887 89.97 10.4 0.02
1.0 0.9750747756729811 89.97 10.294736842105262 0.03
1.0 0.9581256231306082 89.97 10.115789473684211 0.04
1.0 0.9571286141575274 89.97 10.105263157894736 0.05
1.0 0.9461615154536391 89.97 9.989473684210527 0.060000000000000005
1.0 0.9461615154536391 89.97 9.989473684210527 0.07
1.0 0.9441674975074775 89.97 9.968421052631578 0.08
1.0 0.942173479561316 89.97 9.947368421052632 0.09
1.0 0.942173479561316 89.97 9.947368421052632 0.09999999999999999
1.0 0.9361914257228315 89.97 9.884210526315789 0.10999999999999999
1.0 0.9361914257228315 89.97 9.884210526315789 0.11999999999999998
1.0 0.9332003988035892 89.97 9.852631578947369 0.12999999999999998
1.0 0.9322033898305084 89.97 9.842105263157896 0.13999999999999999
1.0 0.9302093718843469 89.97 9.821052631578947 0.15
1.0 0.9282153539381854 89.97 9.8 0.16
1.0 0.9252243270189432 89.97 9.76842105263158 0.17
1.0 0.9172482552342971 89.97 9.68421052631579 0.18000000000000002
1.0 0.9142572283150548 89.97 9.652631578947368 0.19000000000000003
1.0 0.9102691924227319 89.97 9.610526315789473 0.20000000000000004
1.0 0.9032901296111665 89.97 9.536842105263158 0.21000000000000005
1.0 0.8993020937188435 89.97 9.494736842105263 0.22000000000000006
1.0 0.8963110667996012 89.97 9.463157894736842 0.23000000000000007
1.0 0.8943170488534397 89.97 9.442105263157895 0.24000000000000007
1.0 0.8933200398803589 89.97 9.43157894736842 0.25000000000000006
1.0 0.8923230309072782 89.97 9.421052631578947 0.26000000000000006
1.0 0.8923230309072782 89.97 9.421052631578947 0.2700000000000001
1.0 0.8923230309072782 89.97 9.421052631578947 0.2800000000000001
1.0 0.8913260219341974 89.97 9.410526315789474 0.2900000000000001
1.0 0.8913260219341974 89.97 9.410526315789474 0.3000000000000001
1.0 0.8913260219341974 89.97 9.410526315789474 0.3100000000000001
1.0 0.8913260219341974 89.97 9.410526315789474 0.3200000000000001
1.0 0.8913260219341974 89.97 9.410526315789474 0.3300000000000001
1.0 0.8883349950149552 89.97 9.378947368421052 0.34000000000000014
1.0 0.8873379860418744 89.97 9.368421052631579 0.35000000000000014
1.0 0.8863409770687937 89.97 9.357894736842105 0.36000000000000015
1.0 0.8853439680957128 89.97 9.347368421052632 0.37000000000000016
1.0 0.8813559322033898 89.97 9.305263157894737 0.38000000000000017
1.0 0.8783649052841476 89.97 9.273684210526316 0.3900000000000002
1.0 0.8763708873379861 89.97 9.25263157894737 0.4000000000000002
1.0 0.8703888334995015 89.97 9.189473684210526 0.4100000000000002
1.0 0.8664007976071785 89.97 9.147368421052631 0.4200000000000002
1.0 0.8624127617148555 89.97 9.105263157894736 0.4300000000000002
1.0 0.8584247258225324 89.97 9.063157894736841 0.4400000000000002
1.0 0.8534396809571286 89.97 9.010526315789473 0.45000000000000023
1.0 0.8504486540378864 89.97 8.978947368421053 0.46000000000000024
1.0 0.8454636091724825 89.97 8.926315789473684 0.47000000000000025
1.0 0.8424725822532403 89.97 8.894736842105264 0.48000000000000026
1.0 0.839481555333998 89.97 8.863157894736842 0.49000000000000027
1.0 0.8384845463609173 89.97 8.852631578947369 0.5000000000000002
1.0 0.8374875373878365 89.97 8.842105263157896 0.5100000000000002
1.0 0.8374875373878365 89.97 8.842105263157896 0.5200000000000002
1.0 0.8344965104685942 89.97 8.810526315789474 0.5300000000000002
1.0 0.8344965104685942 89.97 8.810526315789474 0.5400000000000003
1.0 0.8344965104685942 89.97 8.810526315789474 0.5500000000000003
1.0 0.8344965104685942 89.97 8.810526315789474 0.5600000000000003
1.0 0.8344965104685942 89.97 8.810526315789474 0.5700000000000003
1.0 0.8325024925224327 89.97 8.789473684210526 0.5800000000000003
1.0 0.8315054835493519 89.97 8.778947368421052 0.5900000000000003
1.0 0.8305084745762712 89.97 8.76842105263158 0.6000000000000003
1.0 0.8295114656031904 89.97 8.757894736842106 0.6100000000000003
1.0 0.8245264207377866 89.97 8.705263157894738 0.6200000000000003
1.0 0.8235294117647058 89.97 8.694736842105263 0.6300000000000003
1.0 0.8195413758723828 89.97 8.652631578947368 0.6400000000000003
1.0 0.8155533399800599 89.97 8.610526315789473 0.6500000000000004
1.0 0.806580259222333 89.97 8.51578947368421 0.6600000000000004
1.0 0.7996011964107677 89.97 8.442105263157895 0.6700000000000004
1.0 0.7896311066799602 89.97 8.336842105263157 0.6800000000000004
1.0 0.7746759720837487 89.97 8.178947368421053 0.6900000000000004
1.0 0.7617148554336989 89.97 8.042105263157895 0.7000000000000004
1.0 0.7387836490528414 89.97 7.8 0.7100000000000004
1.0 0.7178464606181456 89.97 7.578947368421052 0.7200000000000004
1.0 0.6999002991026919 89.97 7.389473684210526 0.7300000000000004
1.0 0.6849451645064806 89.97 7.231578947368421 0.7400000000000004
1.0 0.6620139581256231 89.97 6.989473684210527 0.7500000000000004
1.0 0.6430707876370887 89.97 6.7894736842105265 0.7600000000000005
1.0 0.6331006979062812 89.97 6.684210526315789 0.7700000000000005
0.9997777036790041 0.6251246261216351 89.95 6.6 0.7800000000000005
0.9992219628765144 0.617148554336989 89.9 6.515789473684211 0.7900000000000005
0.9986662220740247 0.609172482552343 89.85 6.431578947368421 0.8000000000000005
0.9976658886295432 0.6061814556331007 89.76 6.4 0.8100000000000005
0.9956652217405801 0.6041874376869392 89.58 6.378947368421053 0.8200000000000005
0.9912192953206624 0.5942173479561316 89.18 6.273684210526316 0.8300000000000005
0.9831054796043125 0.5832502492522432 88.45 6.157894736842105 0.8400000000000005
0.9707680337890408 0.5702891326021934 87.34 6.021052631578947 0.8500000000000005
0.9502056240969212 0.5383848454636092 85.49 5.684210526315789 0.8600000000000005
0.9213071023674558 0.4935194416749751 82.89 5.2105263157894735 0.8700000000000006
0.8819606535511837 0.45164506480558325 79.35 4.768421052631579 0.8800000000000006
0.8299433144381461 0.4067796610169492 74.67 4.294736842105263 0.8900000000000006
0.778592864288096 0.3389830508474576 70.05 3.5789473684210527 0.9000000000000006
0.7236856730021118 0.25623130608175476 65.11 2.705263157894737 0.9100000000000006
0.6755585195065021 0.20139581256231306 60.78 2.126315789473684 0.9200000000000006
0.6415471823941313 0.14955134596211367 57.72 1.5789473684210527 0.9300000000000006
0.6102034011337112 0.12362911266201396 54.9 1.305263157894737 0.9400000000000006
0.5945315105035012 0.10867397806580259 53.49 1.1473684210526316 0.9500000000000006
0.579081916194287 0.09770687936191426 52.1 1.0315789473684212 0.9600000000000006
0.563187729243081 0.0967098703888335 50.67 1.0210526315789474 0.9700000000000006
0.5268422807602534 0.0967098703888335 47.4 1.0210526315789474 0.9800000000000006
0.422918750694676 0.09571286141575275 38.05 1.0105263157894737 0.9900000000000007
0.0 0.0 0.0 0.0
