1.0 1.0 29.99 28.65714285714286 0.0
1.0 0.9750747756729811 29.99 27.942857142857143 0.01
1.0 0.9431704885343968 29.99 27.02857142857143 0.02
1.0 0.9332003988035892 29.99 26.742857142857144 0.03
1.0 0.9172482552342971 29.99 26.285714285714285 0.04
1.0 0.9062811565304087 29.99 25.97142857142857 0.05
1.0 0.8833499501495513 29.99 25.314285714285713 0.060000000000000005
1.0 0.8833499501495513 29.99 25.314285714285713 0.07
1.0 0.8743768693918246 29.99 25.057142857142857 0.08
1.0 0.8624127617148555 29.99 24.714285714285715 0.09
1.0 0.8534396809571286 29.99 24.457142857142856 0.09999999999999999
1.0 0.8494516450648056 29.99 24.34285714285714 0.10999999999999999
1.0 0.847457627118644 29.99 24.285714285714285 0.11999999999999998
1.0 0.8414755732801595 29.99 24.114285714285714 0.12999999999999998
1.0 0.8354935194416749 29.99 23.942857142857143 0.13999999999999999
1.0 0.8305084745762712 29.99 23.8 0.15
1.0 0.8265204386839482 29.99 23.685714285714287 0.16
1.0 0.8225324027916251 29.99 23.571428571428573 0.17
1.0 0.8085742771684945 29.99 23.17142857142857 0.18000000000000002
1.0 0.8045862412761715 29.99 23.057142857142857 0.19000000000000003
1.0 0.7946161515453639 29.99 22.771428571428572 0.20000000000000004
1.0 0.7906281156530409 29.99 22.65714285714286 0.21000000000000005
1.0 0.7896311066799602 29.99 22.62857142857143 0.22000000000000006
1.0 0.7836490528414756 29.99 22.457142857142856 0.23000000000000007
1.0 0.7776669990029911 29.99 22.285714285714285 0.24000000000000007
1.0 0.7756729810568295 29.99 22.228571428571428 0.25000000000000006
1.0 0.773678963110668 29.99 22.17142857142857 0.26000000000000006
1.0 0.7716849451645065 29.99 22.114285714285714 0.2700000000000001
1.0 0.769690927218345 29.99 22.057142857142857 0.2800000000000001
1.0 0.7676969092721835 29.99 22.0 0.2900000000000001
1.0 0.765702891326022 29.99 21.942857142857143 0.3000000000000001
1.0 0.7617148554336989 29.99 21.82857142857143 0.3100000000000001
1.0 0.7607178464606181 29.99 21.8 0.3200000000000001
1.0 0.7577268195413759 29.99 21.714285714285715 0.3300000000000001
1.0 0.7537387836490529 29.99 21.6 0.34000000000000014
1.0 0.7507477567298105 29.99 21.514285714285716 0.35000000000000014
1.0 0.744765702891326 29.99 21.34285714285714 0.36000000000000015
1.0 0.7397806580259222 29.99 21.2 0.37000000000000016
1.0 0.7357926221335992 29.99 21.085714285714285 0.38000000000000017
1.0 0.7308075772681955 29.99 20.942857142857143 0.3900000000000002
1.0 0.7228315054835494 29.99 20.714285714285715 0.4000000000000002
1.0 0.7128614157527418 29.99 20.428571428571427 0.4100000000000002
1.0 0.7018943170488534 29.99 20.114285714285714 0.4200000000000002
1.0 0.6869391824526421 29.99 19.685714285714287 0.4300000000000002
1.0 0.674975074775673 29.99 19.34285714285714 0.4400000000000002
1.0 0.6689930209371885 29.99 19.17142857142857 0.45000000000000023
1.0 0.6580259222333001 29.99 18.857142857142858 0.46000000000000024
1.0 0.6440677966101694 29.99 18.457142857142856 0.47000000000000025
1.0 0.6321036889332003 29.99 18.114285714285714 0.48000000000000026
1.0 0.6271186440677966 29.99 17.97142857142857 0.49000000000000027
1.0 0.6231306081754736 29.99 17.857142857142858 0.5000000000000002
1.0 0.6191425722831505 29.99 17.742857142857144 0.5100000000000002
1.0 0.6141575274177468 29.99 17.6 0.5200000000000002
1.0 0.6111665004985045 29.99 17.514285714285716 0.5300000000000002
1.0 0.6101694915254238 29.99 17.485714285714284 0.5400000000000003
1.0 0.6071784646061814 29.99 17.4 0.5500000000000003
1.0 0.6061814556331007 29.99 17.37142857142857 0.5600000000000003
1.0 0.6011964107676969 29.99 17.228571428571428 0.5700000000000003
1.0 0.5992023928215354 29.99 17.17142857142857 0.5800000000000003
1.0 0.5952143569292123 29.99 17.057142857142857 0.5900000000000003
1.0 0.5892323030907278 29.99 16.885714285714286 0.6000000000000003
1.0 0.5852442671984048 29.99 16.771428571428572 0.6100000000000003
1.0 0.584247258225324 29.99 16.742857142857144 0.6200000000000003
1.0 0.5782652043868395 29.99 16.571428571428573 0.6300000000000003
1.0 0.5722831505483549 29.99 16.4 0.6400000000000003
1.0 0.5643070787637089 29.99 16.17142857142857 0.6500000000000004
1.0 0.5533399800598205 29.99 15.857142857142858 0.6600000000000004
1.0 0.5423728813559322 29.99 15.542857142857143 0.6700000000000004
1.0 0.5343968095712861 29.99 15.314285714285715 0.6800000000000004
1.0 0.5174476570289133 29.99 14.82857142857143 0.6900000000000004
1.0 0.4915254237288136 29.99 14.085714285714285 0.7000000000000004
1.0 0.45862412761714855 29.99 13.142857142857142 0.7100000000000004
1.0 0.423728813559322 29.99 12.142857142857142 0.7200000000000004
1.0 0.4047856430707876 29.99 11.6 0.7300000000000004
1.0 0.37686939182452645 29.99 10.8 0.7400000000000004
1.0 0.34995014955134596 29.99 10.028571428571428 0.7500000000000004
1.0 0.32602193419740777 29.99 9.342857142857143 0.7600000000000005
0.999888851839502 0.3120638085742772 29.986666666666668 8.942857142857143 0.7700000000000005
0.999888851839502 0.3000997008973081 29.986666666666668 8.6 0.7800000000000005
0.9997777036790041 0.28215353938185445 29.983333333333334 8.085714285714285 0.7900000000000005
0.9995554073580082 0.27218344965104685 29.976666666666667 7.8 0.8000000000000005
0.9991108147160165 0.26719840478564305 29.963333333333335 7.6571428571428575 0.8100000000000005
0.9984439257530288 0.259222333000997 29.94333333333333 7.428571428571429 0.8200000000000005
0.9964432588640658 0.24925224327018944 29.883333333333333 7.142857142857143 0.8300000000000005
0.994220295654107 0.23629112662013957 29.816666666666666 6.771428571428571 0.8400000000000005
0.9909969989996665 0.22333000997008973 29.72 6.4 0.8500000000000005
0.9847727020117817 0.2023928215353938 29.533333333333335 5.8 0.8600000000000005
0.9785484050238968 0.18344965104685942 29.346666666666668 5.257142857142857 0.8700000000000006
0.9687673669000778 0.16151545363908276 29.053333333333335 4.628571428571429 0.8800000000000006
0.9549849949983328 0.13160518444666003 28.64 3.7714285714285714 0.8900000000000006
0.938646215405135 0.11465603190428714 28.15 3.2857142857142856 0.9000000000000006
0.92486384350339 0.07776669990029911 27.736666666666668 2.2285714285714286 0.9100000000000006
0.9127486940091142 0.049850448654037885 27.373333333333335 1.4285714285714286 0.9200000000000006
0.9028565077247972 0.024925224327018942 27.076666666666668 0.7142857142857143 0.9300000000000006
0.895409580971435 0.013958125623130608 26.85333333333333 0.4 0.9400000000000006
0.8886295431810604 0.005982053838484547 26.65 0.17142857142857143 0.9500000000000006
0.8810714682672002 0.0 26.423333333333332 0.0 0.9600000000000006
0.8662887629209737 0.0 25.98 0.0 0.9700000000000006
0.8365010559075248 0.0 25.086666666666666 0.0 0.9800000000000006
0.7499166388796266 0.0 22.49 0.0 0.9900000000000007
0.0 0.0 0.0 0.0
