1.0 1.0 17.994 20.06 0.0
1.0 0.8384845463609173 17.994 16.82 0.01
1.0 0.715852442671984 17.994 14.36 0.02
1.0 0.6630109670987039 17.994 13.3 0.03
1.0 0.6301096709870389 17.994 12.64 0.04
1.0 0.5992023928215354 17.994 12.02 0.05
1.0 0.5573280159521435 17.994 11.18 0.060000000000000005
1.0 0.5573280159521435 17.994 11.18 0.07
1.0 0.5383848454636092 17.994 10.8 0.08
1.0 0.5264207377866401 17.994 10.56 0.09
1.0 0.5064805583250249 17.994 10.16 0.09999999999999999
1.0 0.49750747756729813 17.994 9.98 0.10999999999999999
1.0 0.4905284147557328 17.994 9.84 0.11999999999999998
1.0 0.48454636091724823 17.994 9.72 0.12999999999999998
1.0 0.47557328015952144 17.994 9.54 0.13999999999999999
1.0 0.47557328015952144 17.994 9.54 0.15
1.0 0.4666001994017946 17.994 9.36 0.16
1.0 0.4556331006979063 17.994 9.14 0.17
1.0 0.4386839481555334 17.994 8.8 0.18000000000000002
1.0 0.42971086739780656 17.994 8.62 0.19000000000000003
1.0 0.41575274177467597 17.994 8.34 0.20000000000000004
1.0 0.4017946161515454 17.994 8.06 0.21000000000000005
1.0 0.38883349950149554 17.994 7.8 0.22000000000000006
1.0 0.38384845463609174 17.994 7.7 0.23000000000000007
1.0 0.37587238285144564 17.994 7.54 0.24000000000000007
1.0 0.37188434695912265 17.994 7.46 0.25000000000000006
1.0 0.3698903290129611 17.994 7.42 0.26000000000000006
1.0 0.3678963110667996 17.994 7.38 0.2700000000000001
1.0 0.36689930209371885 17.994 7.36 0.2800000000000001
1.0 0.3659022931206381 17.994 7.34 0.2900000000000001
1.0 0.36490528414755735 17.994 7.32 0.3000000000000001
1.0 0.36191425722831505 17.994 7.26 0.3100000000000001
1.0 0.36191425722831505 17.994 7.26 0.3200000000000001
1.0 0.36191425722831505 17.994 7.26 0.3300000000000001
1.0 0.35992023928215355 17.994 7.22 0.34000000000000014
1.0 0.35692921236291125 17.994 7.16 0.35000000000000014
1.0 0.3509471585244267 17.994 7.04 0.36000000000000015
1.0 0.3469591226321037 17.994 6.96 0.37000000000000016
1.0 0.3349950149551346 17.994 6.72 0.38000000000000017
1.0 0.33100697906281157 17.994 6.64 0.3900000000000002
1.0 0.32602193419740777 17.994 6.54 0.4000000000000002
1.0 0.31306081754735793 17.994 6.28 0.4100000000000002
1.0 0.29910269192422734 17.994 6.0 0.4200000000000002
1.0 0.28913260219341974 17.994 5.8 0.4300000000000002
1.0 0.2781655034895314 17.994 5.58 0.4400000000000002
1.0 0.2711864406779661 17.994 5.44 0.45000000000000023
1.0 0.25623130608175476 17.994 5.14 0.46000000000000024
1.0 0.2452642073778664 17.994 4.92 0.47000000000000025
1.0 0.2382851445663011 17.994 4.78 0.48000000000000026
1.0 0.23429710867397807 17.994 4.7 0.49000000000000027
1.0 0.23030907278165502 17.994 4.62 0.5000000000000002
1.0 0.22432701894317048 17.994 4.5 0.5100000000000002
1.0 0.22033898305084745 17.994 4.42 0.5200000000000002
1.0 0.2193419740777667 17.994 4.4 0.5300000000000002
1.0 0.2193419740777667 17.994 4.4 0.5400000000000003
1.0 0.21734795613160518 17.994 4.36 0.5500000000000003
1.0 0.21635094715852443 17.994 4.34 0.5600000000000003
1.0 0.2143569292123629 17.994 4.3 0.5700000000000003
1.0 0.2143569292123629 17.994 4.3 0.5800000000000003
1.0 0.2143569292123629 17.994 4.3 0.5900000000000003
1.0 0.2143569292123629 17.994 4.3 0.6000000000000003
1.0 0.2123629112662014 17.994 4.26 0.6100000000000003
1.0 0.2123629112662014 17.994 4.26 0.6200000000000003
1.0 0.20937188434695914 17.994 4.2 0.6300000000000003
1.0 0.2073778664007976 17.994 4.16 0.6400000000000003
1.0 0.2053838484546361 17.994 4.12 0.6500000000000004
1.0 0.20039880358923232 17.994 4.02 0.6600000000000004
1.0 0.19541375872382852 17.994 3.92 0.6700000000000004
1.0 0.18743768693918245 17.994 3.76 0.6800000000000004
1.0 0.17746759720837488 17.994 3.56 0.6900000000000004
1.0 0.17148554336989033 17.994 3.44 0.7000000000000004
1.0 0.16350947158524426 17.994 3.28 0.7100000000000004
1.0 0.1485543369890329 17.994 2.98 0.7200000000000004
1.0 0.13559322033898305 17.994 2.72 0.7300000000000004
1.0 0.12662013958125623 17.994 2.54 0.7400000000000004
1.0 0.11665004985044865 17.994 2.34 0.7500000000000004
1.0 0.1036889332003988 17.994 2.08 0.7600000000000005
1.0 0.0967098703888335 17.994 1.94 0.7700000000000005
1.0 0.0897308075772682 17.994 1.8 0.7800000000000005
1.0 0.08175473579262213 17.994 1.64 0.7900000000000005
1.0 0.08175473579262213 17.994 1.64 0.8000000000000005
1.0 0.07976071784646062 17.994 1.6 0.8100000000000005
0.999888851839502 0.07876370887337986 17.992 1.58 0.8200000000000005
0.9996665555185061 0.07776669990029911 17.988 1.56 0.8300000000000005
0.9993331110370124 0.07577268195413758 17.982 1.52 0.8400000000000005
0.9988885183950206 0.07477567298105683 17.974 1.5 0.8500000000000005
0.9986662220740247 0.06979062811565304 17.97 1.4 0.8600000000000005
0.9971101478270534 0.06081754735792622 17.942 1.22 0.8700000000000006
0.9954429254195843 0.058823529411764705 17.912 1.18 0.8800000000000006
0.994109147493609 0.054835493519441676 17.888 1.1 0.8900000000000006
0.9923307769256419 0.045862412761714856 17.856 0.92 0.9000000000000006
0.9898855173946871 0.03988035892323031 17.812 0.8 0.9100000000000006
0.9886628876292097 0.031904287138584245 17.79 0.64 0.9200000000000006
0.9866622207402468 0.0259222333000997 17.754 0.52 0.9300000000000006
0.9846615538512837 0.02193419740777667 17.718 0.44 0.9400000000000006
0.9828831832833167 0.02193419740777667 17.686 0.44 0.9500000000000006
0.9807713682338557 0.019940179461615155 17.648 0.4 0.9600000000000006
0.9767700344559298 0.019940179461615155 17.576 0.4 0.9700000000000006
0.9706568856285428 0.019940179461615155 17.466 0.4 0.9800000000000006
0.9475380682449706 0.019940179461615155 17.05 0.4 0.9900000000000007
0.0 0.0 0.0 0.0
