1.0 1.0 9.996666666666666 25.075 0.0
1.0 0.5383848454636092 9.996666666666666 13.5 0.01
1.0 0.40079760717846463 9.996666666666666 10.05 0.02
1.0 0.3439680957128614 9.996666666666666 8.625 0.03
1.0 0.31106679960119643 9.996666666666666 7.8 0.04
1.0 0.2851445663010967 9.996666666666666 7.15 0.05
1.0 0.2572283150548355 9.996666666666666 6.45 0.060000000000000005
1.0 0.2572283150548355 9.996666666666666 6.45 0.07
1.0 0.23529411764705882 9.996666666666666 5.9 0.08
1.0 0.22033898305084745 9.996666666666666 5.525 0.09
1.0 0.2123629112662014 9.996666666666666 5.325 0.09999999999999999
1.0 0.20638085742771686 9.996666666666666 5.175 0.10999999999999999
1.0 0.19940179461615154 9.996666666666666 5.0 0.11999999999999998
1.0 0.19641076769690927 9.996666666666666 4.925 0.12999999999999998
1.0 0.19042871385842472 9.996666666666666 4.775 0.13999999999999999
1.0 0.18743768693918245 9.996666666666666 4.7 0.15
1.0 0.18544366899302095 9.996666666666666 4.65 0.16
1.0 0.17846460618145563 9.996666666666666 4.475 0.17
1.0 0.16849451645064806 9.996666666666666 4.225 0.18000000000000002
1.0 0.16051844466600199 9.996666666666666 4.025 0.19000000000000003
1.0 0.15453639082751744 9.996666666666666 3.875 0.20000000000000004
1.0 0.14556331006979062 9.996666666666666 3.65 0.21000000000000005
1.0 0.1415752741774676 9.996666666666666 3.55 0.22000000000000006
1.0 0.13858424725822532 9.996666666666666 3.475 0.23000000000000007
1.0 0.13758723828514458 9.996666666666666 3.45 0.24000000000000007
1.0 0.13559322033898305 9.996666666666666 3.4 0.25000000000000006
1.0 0.1345962113659023 9.996666666666666 3.375 0.26000000000000006
1.0 0.13260219341974078 9.996666666666666 3.325 0.2700000000000001
1.0 0.1296111665004985 9.996666666666666 3.25 0.2800000000000001
1.0 0.12761714855433698 9.996666666666666 3.2 0.2900000000000001
1.0 0.12462612163509472 9.996666666666666 3.125 0.3000000000000001
1.0 0.12462612163509472 9.996666666666666 3.125 0.3100000000000001
1.0 0.12462612163509472 9.996666666666666 3.125 0.3200000000000001
1.0 0.12163509471585245 9.996666666666666 3.05 0.3300000000000001
1.0 0.11964107676969092 9.996666666666666 3.0 0.34000000000000014
1.0 0.11764705882352941 9.996666666666666 2.95 0.35000000000000014
1.0 0.11764705882352941 9.996666666666666 2.95 0.36000000000000015
1.0 0.11665004985044865 9.996666666666666 2.925 0.37000000000000016
1.0 0.11365902293120637 9.996666666666666 2.85 0.38000000000000017
1.0 0.11166500498504486 9.996666666666666 2.8 0.3900000000000002
1.0 0.10767696909272183 9.996666666666666 2.7 0.4000000000000002
1.0 0.10269192422731804 9.996666666666666 2.575 0.4100000000000002
1.0 0.09870388833499502 9.996666666666666 2.475 0.4200000000000002
1.0 0.09072781655034895 9.996666666666666 2.275 0.4300000000000002
1.0 0.08574277168494517 9.996666666666666 2.15 0.4400000000000002
1.0 0.08075772681954138 9.996666666666666 2.025 0.45000000000000023
1.0 0.07976071784646062 9.996666666666666 2.0 0.46000000000000024
1.0 0.07876370887337986 9.996666666666666 1.975 0.47000000000000025
1.0 0.07876370887337986 9.996666666666666 1.975 0.48000000000000026
1.0 0.07676969092721835 9.996666666666666 1.925 0.49000000000000027
1.0 0.07278165503489531 9.996666666666666 1.825 0.5000000000000002
1.0 0.07278165503489531 9.996666666666666 1.825 0.5100000000000002
1.0 0.07178464606181456 9.996666666666666 1.8 0.5200000000000002
1.0 0.06879361914257229 9.996666666666666 1.725 0.5300000000000002
1.0 0.06879361914257229 9.996666666666666 1.725 0.5400000000000003
1.0 0.06779661016949153 9.996666666666666 1.7 0.5500000000000003
1.0 0.06779661016949153 9.996666666666666 1.7 0.5600000000000003
1.0 0.06679960119641076 9.996666666666666 1.675 0.5700000000000003
1.0 0.06679960119641076 9.996666666666666 1.675 0.5800000000000003
1.0 0.06580259222333001 9.996666666666666 1.65 0.5900000000000003
1.0 0.06480558325024925 9.996666666666666 1.625 0.6000000000000003
1.0 0.06380857427716849 9.996666666666666 1.6 0.6100000000000003
1.0 0.06380857427716849 9.996666666666666 1.6 0.6200000000000003
1.0 0.06281156530408774 9.996666666666666 1.575 0.6300000000000003
1.0 0.06181455633100698 9.996666666666666 1.55 0.6400000000000003
1.0 0.06081754735792622 9.996666666666666 1.525 0.6500000000000004
1.0 0.06081754735792622 9.996666666666666 1.525 0.6600000000000004
1.0 0.058823529411764705 9.996666666666666 1.475 0.6700000000000004
1.0 0.05782652043868395 9.996666666666666 1.45 0.6800000000000004
1.0 0.05583250249252243 9.996666666666666 1.4 0.6900000000000004
1.0 0.05583250249252243 9.996666666666666 1.4 0.7000000000000004
1.0 0.05284147557328016 9.996666666666666 1.325 0.7100000000000004
1.0 0.04885343968095713 9.996666666666666 1.225 0.7200000000000004
1.0 0.0448654037886341 9.996666666666666 1.125 0.7300000000000004
1.0 0.04287138584247258 9.996666666666666 1.075 0.7400000000000004
1.0 0.038883349950149554 9.996666666666666 0.975 0.7500000000000004
1.0 0.03589232303090728 9.996666666666666 0.9 0.7600000000000005
1.0 0.03389830508474576 9.996666666666666 0.85 0.7700000000000005
1.0 0.03090727816550349 9.996666666666666 0.775 0.7800000000000005
1.0 0.02991026919242273 9.996666666666666 0.75 0.7900000000000005
1.0 0.02991026919242273 9.996666666666666 0.75 0.8000000000000005
1.0 0.02991026919242273 9.996666666666666 0.75 0.8100000000000005
0.999888851839502 0.028913260219341975 9.995555555555555 0.725 0.8200000000000005
0.999888851839502 0.027916251246261216 9.995555555555555 0.7 0.8300000000000005
0.999888851839502 0.027916251246261216 9.995555555555555 0.7 0.8400000000000005
0.999888851839502 0.027916251246261216 9.995555555555555 0.7 0.8500000000000005
0.999888851839502 0.027916251246261216 9.995555555555555 0.7 0.8600000000000005
0.999888851839502 0.027916251246261216 9.995555555555555 0.7 0.8700000000000006
0.999888851839502 0.027916251246261216 9.995555555555555 0.7 0.8800000000000006
0.9997777036790041 0.027916251246261216 9.994444444444444 0.7 0.8900000000000006
0.9996665555185061 0.024925224327018942 9.993333333333334 0.625 0.9000000000000006
0.9996665555185061 0.022931206380857428 9.993333333333334 0.575 0.9100000000000006
0.9996665555185061 0.020937188434695914 9.993333333333334 0.525 0.9200000000000006
0.9995554073580082 0.019940179461615155 9.992222222222223 0.5 0.9300000000000006
0.9995554073580082 0.019940179461615155 9.992222222222223 0.5 0.9400000000000006
0.9995554073580082 0.019940179461615155 9.992222222222223 0.5 0.9500000000000006
0.9994442591975102 0.019940179461615155 9.991111111111111 0.5 0.9600000000000006
0.9989996665555185 0.019940179461615155 9.986666666666666 0.5 0.9700000000000006
0.998110481271535 0.019940179461615155 9.977777777777778 0.5 0.9800000000000006
0.9955540735800823 0.019940179461615155 9.952222222222222 0.5 0.9900000000000007
0.0 0.0 0.0 0.0
