1.0 1.0 29.99 11.397727272727273 0.0
1.0 0.963110667996012 29.99 10.977272727272727 0.01
1.0 0.9252243270189432 29.99 10.545454545454545 0.02
1.0 0.9002991026919243 29.99 10.261363636363637 0.03
1.0 0.872382851445663 29.99 9.943181818181818 0.04
1.0 0.8584247258225324 29.99 9.784090909090908 0.05
1.0 0.8295114656031904 29.99 9.454545454545455 0.060000000000000005
1.0 0.8295114656031904 29.99 9.454545454545455 0.07
1.0 0.8155533399800599 29.99 9.295454545454545 0.08
1.0 0.8035892323030908 29.99 9.159090909090908 0.09
1.0 0.7976071784646062 29.99 9.090909090909092 0.09999999999999999
1.0 0.7896311066799602 29.99 9.0 0.10999999999999999
1.0 0.7856430707876371 29.99 8.954545454545455 0.11999999999999998
1.0 0.7816550348953141 29.99 8.909090909090908 0.12999999999999998
1.0 0.7756729810568295 29.99 8.840909090909092 0.13999999999999999
1.0 0.7716849451645065 29.99 8.795454545454545 0.15
1.0 0.7637088733798604 29.99 8.704545454545455 0.16
1.0 0.7567298105682951 29.99 8.625 0.17
1.0 0.7387836490528414 29.99 8.420454545454545 0.18000000000000002
1.0 0.7337986041874377 29.99 8.363636363636363 0.19000000000000003
1.0 0.7178464606181456 29.99 8.181818181818182 0.20000000000000004
1.0 0.711864406779661 29.99 8.113636363636363 0.21000000000000005
1.0 0.7048853439680958 29.99 8.034090909090908 0.22000000000000006
1.0 0.6999002991026919 29.99 7.9772727272727275 0.23000000000000007
1.0 0.6899302093718843 29.99 7.863636363636363 0.24000000000000007
1.0 0.6869391824526421 29.99 7.829545454545454 0.25000000000000006
1.0 0.6859421734795613 29.99 7.818181818181818 0.26000000000000006
1.0 0.6829511465603191 29.99 7.784090909090909 0.2700000000000001
1.0 0.6799601196410767 29.99 7.75 0.2800000000000001
1.0 0.678963110667996 29.99 7.738636363636363 0.2900000000000001
1.0 0.6759720837487537 29.99 7.704545454545454 0.3000000000000001
1.0 0.6739780658025922 29.99 7.681818181818182 0.3100000000000001
1.0 0.6729810568295115 29.99 7.670454545454546 0.3200000000000001
1.0 0.67098703888335 29.99 7.6477272727272725 0.3300000000000001
1.0 0.6660019940179461 29.99 7.590909090909091 0.34000000000000014
1.0 0.6620139581256231 29.99 7.545454545454546 0.35000000000000014
1.0 0.6600199401794616 29.99 7.5227272727272725 0.36000000000000015
1.0 0.6520438683948155 29.99 7.431818181818182 0.37000000000000016
1.0 0.6440677966101694 29.99 7.340909090909091 0.38000000000000017
1.0 0.6390827517447657 29.99 7.284090909090909 0.3900000000000002
1.0 0.6271186440677966 29.99 7.1477272727272725 0.4000000000000002
1.0 0.6191425722831505 29.99 7.056818181818182 0.4100000000000002
1.0 0.6061814556331007 29.99 6.909090909090909 0.4200000000000002
1.0 0.5932203389830508 29.99 6.761363636363637 0.4300000000000002
1.0 0.5852442671984048 29.99 6.670454545454546 0.4400000000000002
1.0 0.5722831505483549 29.99 6.5227272727272725 0.45000000000000023
1.0 0.5603190428713859 29.99 6.386363636363637 0.46000000000000024
1.0 0.5523429710867398 29.99 6.295454545454546 0.47000000000000025
1.0 0.5403788634097707 29.99 6.159090909090909 0.48000000000000026
1.0 0.5373878364905285 29.99 6.125 0.49000000000000027
1.0 0.5254237288135594 29.99 5.988636363636363 0.5000000000000002
1.0 0.522432701894317 29.99 5.954545454545454 0.5100000000000002
1.0 0.5214356929212363 29.99 5.943181818181818 0.5200000000000002
1.0 0.518444666001994 29.99 5.909090909090909 0.5300000000000002
1.0 0.5164506480558325 29.99 5.886363636363637 0.5400000000000003
1.0 0.5134596211365903 29.99 5.8522727272727275 0.5500000000000003
1.0 0.5114656031904287 29.99 5.829545454545454 0.5600000000000003
1.0 0.5114656031904287 29.99 5.829545454545454 0.5700000000000003
1.0 0.5114656031904287 29.99 5.829545454545454 0.5800000000000003
1.0 0.5104685942173479 29.99 5.818181818181818 0.5900000000000003
1.0 0.5074775672981057 29.99 5.784090909090909 0.6000000000000003
1.0 0.5064805583250249 29.99 5.7727272727272725 0.6100000000000003
1.0 0.5054835493519442 29.99 5.761363636363637 0.6200000000000003
1.0 0.5024925224327019 29.99 5.7272727272727275 0.6300000000000003
1.0 0.4955134596211366 29.99 5.6477272727272725 0.6400000000000003
1.0 0.4915254237288136 29.99 5.6022727272727275 0.6500000000000004
1.0 0.4785643070787637 29.99 5.454545454545454 0.6600000000000004
1.0 0.4695912263210369 29.99 5.3522727272727275 0.6700000000000004
1.0 0.4596211365902293 29.99 5.238636363636363 0.6800000000000004
1.0 0.44466600199401796 29.99 5.068181818181818 0.6900000000000004
1.0 0.42771684945164506 29.99 4.875 0.7000000000000004
1.0 0.4087736789631107 29.99 4.659090909090909 0.7100000000000004
1.0 0.38085742771684944 29.99 4.340909090909091 0.7200000000000004
1.0 0.36191425722831505 29.99 4.125 0.7300000000000004
1.0 0.33798604187437686 29.99 3.852272727272727 0.7400000000000004
1.0 0.325024925224327 29.99 3.7045454545454546 0.7500000000000004
1.0 0.30309072781655033 29.99 3.4545454545454546 0.7600000000000005
1.0 0.29611166500498504 29.99 3.375 0.7700000000000005
1.0 0.2851445663010967 29.99 3.25 0.7800000000000005
1.0 0.27716849451645065 29.99 3.159090909090909 0.7900000000000005
1.0 0.2731804586241276 29.99 3.1136363636363638 0.8000000000000005
1.0 0.2691924227318046 29.99 3.0681818181818183 0.8100000000000005
0.9996665555185061 0.2691924227318046 29.98 3.0681818181818183 0.8200000000000005
0.9992219628765144 0.26321036889332006 29.966666666666665 3.0 0.8300000000000005
0.9973324441480493 0.2572283150548355 29.91 2.9318181818181817 0.8400000000000005
0.9951094809380905 0.25523429710867396 29.843333333333334 2.909090909090909 0.8500000000000005
0.9911081471601645 0.24227318045862412 29.723333333333333 2.7613636363636362 0.8600000000000005
0.9847727020117817 0.22831505483549352 29.533333333333335 2.602272727272727 0.8700000000000006
0.9773257752584195 0.21036889332003988 29.31 2.397727272727273 0.8800000000000006
0.9678781816160943 0.1984047856430708 29.026666666666667 2.2613636363636362 0.8900000000000006
0.9564299210848061 0.18045862412761715 28.683333333333334 2.0568181818181817 0.9000000000000006
0.9454262531955097 0.1575274177467597 28.35333333333333 1.7954545454545454 0.9100000000000006
0.9368678448371679 0.1296111665004985 28.096666666666668 1.4772727272727273 0.9200000000000006
0.9276425475158386 0.11365902293120637 27.82 1.2954545454545454 0.9300000000000006
0.9200844726019785 0.10269192422731804 27.593333333333334 1.1704545454545454 0.9400000000000006
0.9141936200955875 0.09870388833499502 27.416666666666668 1.125 0.9500000000000006
0.9080804712682005 0.0967098703888335 27.233333333333334 1.1022727272727273 0.9600000000000006
0.9004112481938424 0.09571286141575275 27.003333333333334 1.0909090909090908 0.9700000000000006
0.8769589863287762 0.09571286141575275 26.3 1.0909090909090908 0.9800000000000006
0.8108258308324997 0.09471585244267199 24.316666666666666 1.0795454545454546 0.9900000000000007
0.0 0.0 0.0 0.0
