0.0 0.7976071784646062 0.0 20.0 0.0
0.0 0.7976071784646062 0.0 20.0 0.01
0.0 0.7966101694915254 0.0 19.975 0.02
0.0 0.7956131605184447 0.0 19.95 0.03
0.0 0.7956131605184447 0.0 19.95 0.04
0.0 0.7956131605184447 0.0 19.95 0.05
0.0 0.7956131605184447 0.0 19.95 0.060000000000000005
0.0 0.7956131605184447 0.0 19.95 0.07
0.0 0.7956131605184447 0.0 19.95 0.08
0.0 0.7956131605184447 0.0 19.95 0.09
0.0 0.7956131605184447 0.0 19.95 0.09999999999999999
0.0 0.7946161515453639 0.0 19.925 0.10999999999999999
0.0 0.7946161515453639 0.0 19.925 0.11999999999999998
0.0 0.7946161515453639 0.0 19.925 0.12999999999999998
0.0 0.7946161515453639 0.0 19.925 0.13999999999999999
0.0 0.7946161515453639 0.0 19.925 0.15
0.0 0.7946161515453639 0.0 19.925 0.16
0.0 0.7946161515453639 0.0 19.925 0.17
0.0 0.7946161515453639 0.0 19.925 0.18000000000000002
0.0 0.7946161515453639 0.0 19.925 0.19000000000000003
0.0 0.7946161515453639 0.0 19.925 0.20000000000000004
0.0 0.7946161515453639 0.0 19.925 0.21000000000000005
0.0 0.7946161515453639 0.0 19.925 0.22000000000000006
0.0 0.7946161515453639 0.0 19.925 0.23000000000000007
0.0 0.7936191425722832 0.0 19.9 0.24000000000000007
0.0 0.7936191425722832 0.0 19.9 0.25000000000000006
0.0 0.7936191425722832 0.0 19.9 0.26000000000000006
0.0 0.7936191425722832 0.0 19.9 0.2700000000000001
0.0 0.7936191425722832 0.0 19.9 0.2800000000000001
0.0 0.7926221335992024 0.0 19.875 0.2900000000000001
0.0 0.7926221335992024 0.0 19.875 0.3000000000000001
0.0 0.7916251246261217 0.0 19.85 0.3100000000000001
0.0 0.7916251246261217 0.0 19.85 0.3200000000000001
0.0 0.7916251246261217 0.0 19.85 0.3300000000000001
0.0 0.7916251246261217 0.0 19.85 0.34000000000000014
0.0 0.7916251246261217 0.0 19.85 0.35000000000000014
0.0 0.7916251246261217 0.0 19.85 0.36000000000000015
0.0 0.7916251246261217 0.0 19.85 0.37000000000000016
0.0 0.7916251246261217 0.0 19.85 0.38000000000000017
0.0 0.7916251246261217 0.0 19.85 0.3900000000000002
0.0 0.7916251246261217 0.0 19.85 0.4000000000000002
0.0 0.7916251246261217 0.0 19.85 0.4100000000000002
0.0 0.7916251246261217 0.0 19.85 0.4200000000000002
0.0 0.7916251246261217 0.0 19.85 0.4300000000000002
0.0 0.7916251246261217 0.0 19.85 0.4400000000000002
0.0 0.7906281156530409 0.0 19.825 0.45000000000000023
0.0 0.7906281156530409 0.0 19.825 0.46000000000000024
0.0 0.7906281156530409 0.0 19.825 0.47000000000000025
0.0 0.7906281156530409 0.0 19.825 0.48000000000000026
0.0 0.7906281156530409 0.0 19.825 0.49000000000000027
0.0 0.7906281156530409 0.0 19.825 0.5000000000000002
0.0 0.7896311066799602 0.0 19.8 0.5100000000000002
0.0 0.7896311066799602 0.0 19.8 0.5200000000000002
0.0 0.7886340977068793 0.0 19.775 0.5300000000000002
0.0 0.7866400797607178 0.0 19.725 0.5400000000000003
0.0 0.7866400797607178 0.0 19.725 0.5500000000000003
0.0 0.7866400797607178 0.0 19.725 0.5600000000000003
0.0 0.7866400797607178 0.0 19.725 0.5700000000000003
0.0 0.7866400797607178 0.0 19.725 0.5800000000000003
0.0 0.7866400797607178 0.0 19.725 0.5900000000000003
0.0 0.7866400797607178 0.0 19.725 0.6000000000000003
0.0 0.7866400797607178 0.0 19.725 0.6100000000000003
0.0 0.7856430707876371 0.0 19.7 0.6200000000000003
0.0 0.7856430707876371 0.0 19.7 0.6300000000000003
0.0 0.7856430707876371 0.0 19.7 0.6400000000000003
0.0 0.7846460618145563 0.0 19.675 0.6500000000000004
0.0 0.7846460618145563 0.0 19.675 0.6600000000000004
0.0 0.7846460618145563 0.0 19.675 0.6700000000000004
0.0 0.7846460618145563 0.0 19.675 0.6800000000000004
0.0 0.7846460618145563 0.0 19.675 0.6900000000000004
0.0 0.7846460618145563 0.0 19.675 0.7000000000000004
0.0 0.7846460618145563 0.0 19.675 0.7100000000000004
0.0 0.7846460618145563 0.0 19.675 0.7200000000000004
0.0 0.7846460618145563 0.0 19.675 0.7300000000000004
0.0 0.7846460618145563 0.0 19.675 0.7400000000000004
0.0 0.7836490528414756 0.0 19.65 0.7500000000000004
0.0 0.7836490528414756 0.0 19.65 0.7600000000000005
0.0 0.7826520438683948 0.0 19.625 0.7700000000000005
0.0 0.7786640079760718 0.0 19.525 0.7800000000000005
0.0 0.7766699900299102 0.0 19.475 0.7900000000000005
0.0 0.7746759720837487 0.0 19.425 0.8000000000000005
0.0 0.7746759720837487 0.0 19.425 0.8100000000000005
0.0 0.773678963110668 0.0 19.4 0.8200000000000005
0.0 0.7706879361914257 0.0 19.325 0.8300000000000005
0.0 0.7676969092721835 0.0 19.25 0.8400000000000005
0.0 0.7676969092721835 0.0 19.25 0.8500000000000005
0.0 0.765702891326022 0.0 19.2 0.8600000000000005
0.0 0.765702891326022 0.0 19.2 0.8700000000000006
0.0 0.7647058823529411 0.0 19.175 0.8800000000000006
0.0 0.7597208374875374 0.0 19.05 0.8900000000000006
0.0 0.7597208374875374 0.0 19.05 0.9000000000000006
0.0 0.7557328015952144 0.0 18.95 0.9100000000000006
0.0 0.7537387836490529 0.0 18.9 0.9200000000000006
0.0 0.7497507477567298 0.0 18.8 0.9300000000000006
0.0 0.7397806580259222 0.0 18.55 0.9400000000000006
0.0 0.732801595214357 0.0 18.375 0.9500000000000006
0.0 0.7128614157527418 0.0 17.875 0.9600000000000006
0.0 0.6939182452642074 0.0 17.4 0.9700000000000006
0.0 0.650049850448654 0.0 16.3 0.9800000000000006
0.0 0.5164506480558325 0.0 12.95 0.9900000000000007
0.0 0.0 0.0 0.0
