0.0 0.6979062811565304 0.0 20.0 0.0
0.0 0.6969092721834497 0.0 19.97142857142857 0.01
0.0 0.6809571286141576 0.0 19.514285714285716 0.02
0.0 0.6699900299102692 0.0 19.2 0.03
0.0 0.6679960119641076 0.0 19.142857142857142 0.04
0.0 0.6650049850448654 0.0 19.057142857142857 0.05
0.0 0.6550348953140578 0.0 18.771428571428572 0.060000000000000005
0.0 0.6550348953140578 0.0 18.771428571428572 0.07
0.0 0.6520438683948155 0.0 18.685714285714287 0.08
0.0 0.650049850448654 0.0 18.62857142857143 0.09
0.0 0.6430707876370887 0.0 18.428571428571427 0.09999999999999999
0.0 0.6410767696909272 0.0 18.37142857142857 0.10999999999999999
0.0 0.6370887337986042 0.0 18.257142857142856 0.11999999999999998
0.0 0.6360917248255235 0.0 18.228571428571428 0.12999999999999998
0.0 0.6350947158524427 0.0 18.2 0.13999999999999999
0.0 0.634097706879362 0.0 18.17142857142857 0.15
0.0 0.6331006979062812 0.0 18.142857142857142 0.16
0.0 0.6311066799601196 0.0 18.085714285714285 0.17
0.0 0.6251246261216351 0.0 17.914285714285715 0.18000000000000002
0.0 0.6221335992023929 0.0 17.82857142857143 0.19000000000000003
0.0 0.6191425722831505 0.0 17.742857142857144 0.20000000000000004
0.0 0.6181455633100698 0.0 17.714285714285715 0.21000000000000005
0.0 0.6181455633100698 0.0 17.714285714285715 0.22000000000000006
0.0 0.6161515453639083 0.0 17.65714285714286 0.23000000000000007
0.0 0.613160518444666 0.0 17.571428571428573 0.24000000000000007
0.0 0.6081754735792622 0.0 17.428571428571427 0.25000000000000006
0.0 0.6071784646061814 0.0 17.4 0.26000000000000006
0.0 0.6051844466600199 0.0 17.34285714285714 0.2700000000000001
0.0 0.6021934197407777 0.0 17.257142857142856 0.2800000000000001
0.0 0.6011964107676969 0.0 17.228571428571428 0.2900000000000001
0.0 0.5942173479561316 0.0 17.02857142857143 0.3000000000000001
0.0 0.5932203389830508 0.0 17.0 0.3100000000000001
0.0 0.5912263210368893 0.0 16.942857142857143 0.3200000000000001
0.0 0.5902293120638086 0.0 16.914285714285715 0.3300000000000001
0.0 0.5902293120638086 0.0 16.914285714285715 0.34000000000000014
0.0 0.5882352941176471 0.0 16.857142857142858 0.35000000000000014
0.0 0.5882352941176471 0.0 16.857142857142858 0.36000000000000015
0.0 0.584247258225324 0.0 16.742857142857144 0.37000000000000016
0.0 0.584247258225324 0.0 16.742857142857144 0.38000000000000017
0.0 0.5832502492522432 0.0 16.714285714285715 0.3900000000000002
0.0 0.5812562313060817 0.0 16.65714285714286 0.4000000000000002
0.0 0.580259222333001 0.0 16.62857142857143 0.4100000000000002
0.0 0.5782652043868395 0.0 16.571428571428573 0.4200000000000002
0.0 0.5752741774675972 0.0 16.485714285714284 0.4300000000000002
0.0 0.5742771684945165 0.0 16.457142857142856 0.4400000000000002
0.0 0.5732801595214357 0.0 16.428571428571427 0.45000000000000023
0.0 0.5722831505483549 0.0 16.4 0.46000000000000024
0.0 0.5702891326021934 0.0 16.34285714285714 0.47000000000000025
0.0 0.5682951146560319 0.0 16.285714285714285 0.48000000000000026
0.0 0.5672981056829511 0.0 16.257142857142856 0.49000000000000027
0.0 0.5663010967098704 0.0 16.228571428571428 0.5000000000000002
0.0 0.5663010967098704 0.0 16.228571428571428 0.5100000000000002
0.0 0.5633100697906281 0.0 16.142857142857142 0.5200000000000002
0.0 0.5623130608175474 0.0 16.114285714285714 0.5300000000000002
0.0 0.5583250249252243 0.0 16.0 0.5400000000000003
0.0 0.5563310069790628 0.0 15.942857142857143 0.5500000000000003
0.0 0.5503489531405783 0.0 15.771428571428572 0.5600000000000003
0.0 0.5493519441674976 0.0 15.742857142857142 0.5700000000000003
0.0 0.5473579262213359 0.0 15.685714285714285 0.5800000000000003
0.0 0.5453639082751744 0.0 15.628571428571428 0.5900000000000003
0.0 0.5443668993020937 0.0 15.6 0.6000000000000003
0.0 0.5443668993020937 0.0 15.6 0.6100000000000003
0.0 0.5443668993020937 0.0 15.6 0.6200000000000003
0.0 0.5413758723828515 0.0 15.514285714285714 0.6300000000000003
0.0 0.5333998005982054 0.0 15.285714285714286 0.6400000000000003
0.0 0.5304087736789631 0.0 15.2 0.6500000000000004
0.0 0.5274177467597209 0.0 15.114285714285714 0.6600000000000004
0.0 0.5274177467597209 0.0 15.114285714285714 0.6700000000000004
0.0 0.5274177467597209 0.0 15.114285714285714 0.6800000000000004
0.0 0.5274177467597209 0.0 15.114285714285714 0.6900000000000004
0.0 0.5264207377866401 0.0 15.085714285714285 0.7000000000000004
0.0 0.522432701894317 0.0 14.971428571428572 0.7100000000000004
0.0 0.5194416749750748 0.0 14.885714285714286 0.7200000000000004
0.0 0.518444666001994 0.0 14.857142857142858 0.7300000000000004
0.0 0.5154536390827518 0.0 14.771428571428572 0.7400000000000004
0.0 0.5134596211365903 0.0 14.714285714285714 0.7500000000000004
0.0 0.5134596211365903 0.0 14.714285714285714 0.7600000000000005
0.0 0.5104685942173479 0.0 14.628571428571428 0.7700000000000005
0.0 0.5074775672981057 0.0 14.542857142857143 0.7800000000000005
0.0 0.5064805583250249 0.0 14.514285714285714 0.7900000000000005
0.0 0.4985044865403789 0.0 14.285714285714286 0.8000000000000005
0.0 0.4905284147557328 0.0 14.057142857142857 0.8100000000000005
0.0 0.48753738783649053 0.0 13.971428571428572 0.8200000000000005
0.0 0.481555333998006 0.0 13.8 0.8300000000000005
0.0 0.4715852442671984 0.0 13.514285714285714 0.8400000000000005
0.0 0.47058823529411764 0.0 13.485714285714286 0.8500000000000005
0.0 0.4675972083748754 0.0 13.4 0.8600000000000005
0.0 0.4646061814556331 0.0 13.314285714285715 0.8700000000000006
0.0 0.45663010967098705 0.0 13.085714285714285 0.8800000000000006
0.0 0.45164506480558325 0.0 12.942857142857143 0.8900000000000006
0.0 0.44865403788634095 0.0 12.857142857142858 0.9000000000000006
0.0 0.4336989032901296 0.0 12.428571428571429 0.9100000000000006
0.0 0.4247258225324028 0.0 12.17142857142857 0.9200000000000006
0.0 0.4137587238285145 0.0 11.857142857142858 0.9300000000000006
0.0 0.4047856430707876 0.0 11.6 0.9400000000000006
0.0 0.3848454636091725 0.0 11.028571428571428 0.9500000000000006
0.0 0.3659022931206381 0.0 10.485714285714286 0.9600000000000006
0.0 0.33798604187437686 0.0 9.685714285714285 0.9700000000000006
0.0 0.31106679960119643 0.0 8.914285714285715 0.9800000000000006
0.0 0.2452642073778664 0.0 7.0285714285714285 0.9900000000000007
0.0 0.0 0.0 0.0
