1.0 1.0 89.97 66.86666666666666 0.0
1.0 0.9980059820538385 89.97 66.73333333333333 0.01
1.0 0.9930209371884346 89.97 66.4 0.02
1.0 0.9830508474576272 89.97 65.73333333333333 0.03
1.0 0.9770687936191426 89.97 65.33333333333333 0.04
1.0 0.9730807577268196 89.97 65.06666666666666 0.05
1.0 0.9661016949152542 89.97 64.6 0.060000000000000005
1.0 0.9661016949152542 89.97 64.6 0.07
1.0 0.9641076769690927 89.97 64.46666666666667 0.08
1.0 0.9611166500498505 89.97 64.26666666666667 0.09
1.0 0.9551345962113659 89.97 63.86666666666667 0.09999999999999999
1.0 0.9541375872382851 89.97 63.8 0.10999999999999999
1.0 0.9531405782652044 89.97 63.733333333333334 0.11999999999999998
1.0 0.9501495513459621 89.97 63.53333333333333 0.12999999999999998
1.0 0.9481555333998006 89.97 63.4 0.13999999999999999
1.0 0.9461615154536391 89.97 63.266666666666666 0.15
1.0 0.9451645064805583 89.97 63.2 0.16
1.0 0.9411764705882353 89.97 62.93333333333333 0.17
1.0 0.9361914257228315 89.97 62.6 0.18000000000000002
1.0 0.93419740777667 89.97 62.46666666666667 0.19000000000000003
1.0 0.9302093718843469 89.97 62.2 0.20000000000000004
1.0 0.9262213359920239 89.97 61.93333333333333 0.21000000000000005
1.0 0.9242273180458624 89.97 61.8 0.22000000000000006
1.0 0.922233300099701 89.97 61.666666666666664 0.23000000000000007
1.0 0.9212362911266201 89.97 61.6 0.24000000000000007
1.0 0.9202392821535393 89.97 61.53333333333333 0.25000000000000006
1.0 0.9202392821535393 89.97 61.53333333333333 0.26000000000000006
1.0 0.9202392821535393 89.97 61.53333333333333 0.2700000000000001
1.0 0.9202392821535393 89.97 61.53333333333333 0.2800000000000001
1.0 0.9192422731804586 89.97 61.46666666666667 0.2900000000000001
1.0 0.9182452642073778 89.97 61.4 0.3000000000000001
1.0 0.9182452642073778 89.97 61.4 0.3100000000000001
1.0 0.9182452642073778 89.97 61.4 0.3200000000000001
1.0 0.9162512462612163 89.97 61.266666666666666 0.3300000000000001
1.0 0.9162512462612163 89.97 61.266666666666666 0.34000000000000014
1.0 0.9152542372881356 89.97 61.2 0.35000000000000014
1.0 0.9122632103688934 89.97 61.0 0.36000000000000015
1.0 0.9122632103688934 89.97 61.0 0.37000000000000016
1.0 0.9082751744765702 89.97 60.733333333333334 0.38000000000000017
1.0 0.9062811565304087 89.97 60.6 0.3900000000000002
1.0 0.9032901296111665 89.97 60.4 0.4000000000000002
1.0 0.901296111665005 89.97 60.266666666666666 0.4100000000000002
1.0 0.8993020937188435 89.97 60.13333333333333 0.4200000000000002
1.0 0.8913260219341974 89.97 59.6 0.4300000000000002
1.0 0.8853439680957128 89.97 59.2 0.4400000000000002
1.0 0.8793619142572283 89.97 58.8 0.45000000000000023
1.0 0.8783649052841476 89.97 58.733333333333334 0.46000000000000024
1.0 0.8763708873379861 89.97 58.6 0.47000000000000025
1.0 0.8713858424725822 89.97 58.266666666666666 0.48000000000000026
1.0 0.8693918245264207 89.97 58.13333333333333 0.49000000000000027
1.0 0.86839481555334 89.97 58.06666666666667 0.5000000000000002
1.0 0.8654037886340977 89.97 57.86666666666667 0.5100000000000002
1.0 0.8654037886340977 89.97 57.86666666666667 0.5200000000000002
1.0 0.864406779661017 89.97 57.8 0.5300000000000002
1.0 0.8634097706879362 89.97 57.733333333333334 0.5400000000000003
1.0 0.8624127617148555 89.97 57.666666666666664 0.5500000000000003
1.0 0.8624127617148555 89.97 57.666666666666664 0.5600000000000003
1.0 0.8624127617148555 89.97 57.666666666666664 0.5700000000000003
1.0 0.8624127617148555 89.97 57.666666666666664 0.5800000000000003
1.0 0.8624127617148555 89.97 57.666666666666664 0.5900000000000003
1.0 0.8594217347956131 89.97 57.46666666666667 0.6000000000000003
1.0 0.8584247258225324 89.97 57.4 0.6100000000000003
1.0 0.8564307078763709 89.97 57.266666666666666 0.6200000000000003
1.0 0.8524426719840479 89.97 57.0 0.6300000000000003
1.0 0.8494516450648056 89.97 56.8 0.6400000000000003
1.0 0.8464606181455633 89.97 56.6 0.6500000000000004
1.0 0.839481555333998 89.97 56.13333333333333 0.6600000000000004
1.0 0.8315054835493519 89.97 55.6 0.6700000000000004
1.0 0.8245264207377866 89.97 55.13333333333333 0.6800000000000004
1.0 0.8085742771684945 89.97 54.06666666666667 0.6900000000000004
1.0 0.7926221335992024 89.97 53.0 0.7000000000000004
1.0 0.7776669990029911 89.97 52.0 0.7100000000000004
1.0 0.7417746759720838 89.97 49.6 0.7200000000000004
1.0 0.7278165503489531 89.97 48.666666666666664 0.7300000000000004
1.0 0.711864406779661 89.97 47.6 0.7400000000000004
1.0 0.6939182452642074 89.97 46.4 0.7500000000000004
1.0 0.6689930209371885 89.97 44.733333333333334 0.7600000000000005
0.999888851839502 0.6480558325024925 89.96 43.333333333333336 0.7700000000000005
0.9997777036790041 0.634097706879362 89.95 42.4 0.7800000000000005
0.9997777036790041 0.6231306081754736 89.95 41.666666666666664 0.7900000000000005
0.9992219628765144 0.6151545363908275 89.9 41.13333333333333 0.8000000000000005
0.9982216294320329 0.6111665004985045 89.81 40.86666666666667 0.8100000000000005
0.9955540735800823 0.6021934197407777 89.57 40.266666666666666 0.8200000000000005
0.9904412581971769 0.5962113659022931 89.11 39.86666666666667 0.8300000000000005
0.9818828498388351 0.580259222333001 88.34 38.8 0.8400000000000005
0.9671001444926086 0.5672981056829511 87.01 37.93333333333333 0.8500000000000005
0.9442036234300323 0.522432701894317 84.95 34.93333333333333 0.8600000000000005
0.9131932866511059 0.4715852442671984 82.16 31.533333333333335 0.8700000000000006
0.867511392686451 0.423728813559322 78.05 28.333333333333332 0.8800000000000006
0.8134933866844504 0.3748753738783649 73.19 25.066666666666666 0.8900000000000006
0.7518061576080916 0.288135593220339 67.64 19.266666666666666 0.9000000000000006
0.6892297432477492 0.20139581256231306 62.01 13.466666666666667 0.9100000000000006
0.6375458486162054 0.13559322033898305 57.36 9.066666666666666 0.9200000000000006
0.5973102145159498 0.07976071784646062 53.74 5.333333333333333 0.9300000000000006
0.5638546182060686 0.05084745762711865 50.73 3.4 0.9400000000000006
0.5405135045015005 0.03290129611166501 48.63 2.2 0.9500000000000006
0.523730132266311 0.02193419740777667 47.12 1.4666666666666666 0.9600000000000006
0.5066133155496276 0.019940179461615155 45.58 1.3333333333333333 0.9700000000000006
0.46904523730132264 0.019940179461615155 42.2 1.3333333333333333 0.9800000000000006
0.3817939313104368 0.019940179461615155 34.35 1.3333333333333333 0.9900000000000007
0.0 0.0 0.0 0.0
