0.0 0.19940179461615154 0.0 20.0 0.0
0.0 0.19940179461615154 0.0 20.0 0.01
0.0 0.19740777666999004 0.0 19.8 0.02
0.0 0.19740777666999004 0.0 19.8 0.03
0.0 0.19740777666999004 0.0 19.8 0.04
0.0 0.19740777666999004 0.0 19.8 0.05
0.0 0.19441674975074777 0.0 19.5 0.060000000000000005
0.0 0.19441674975074777 0.0 19.5 0.07
0.0 0.19441674975074777 0.0 19.5 0.08
0.0 0.19441674975074777 0.0 19.5 0.09
0.0 0.19441674975074777 0.0 19.5 0.09999999999999999
0.0 0.19441674975074777 0.0 19.5 0.10999999999999999
0.0 0.19242273180458624 0.0 19.3 0.11999999999999998
0.0 0.19242273180458624 0.0 19.3 0.12999999999999998
0.0 0.1914257228315055 0.0 19.2 0.13999999999999999
0.0 0.1914257228315055 0.0 19.2 0.15
0.0 0.1914257228315055 0.0 19.2 0.16
0.0 0.1914257228315055 0.0 19.2 0.17
0.0 0.19042871385842472 0.0 19.1 0.18000000000000002
0.0 0.18943170488534397 0.0 19.0 0.19000000000000003
0.0 0.18843469591226322 0.0 18.9 0.20000000000000004
0.0 0.18743768693918245 0.0 18.8 0.21000000000000005
0.0 0.18743768693918245 0.0 18.8 0.22000000000000006
0.0 0.18743768693918245 0.0 18.8 0.23000000000000007
0.0 0.1864406779661017 0.0 18.7 0.24000000000000007
0.0 0.18444666001994017 0.0 18.5 0.25000000000000006
0.0 0.18444666001994017 0.0 18.5 0.26000000000000006
0.0 0.18344965104685942 0.0 18.4 0.2700000000000001
0.0 0.18245264207377868 0.0 18.3 0.2800000000000001
0.0 0.18245264207377868 0.0 18.3 0.2900000000000001
0.0 0.18245264207377868 0.0 18.3 0.3000000000000001
0.0 0.18245264207377868 0.0 18.3 0.3100000000000001
0.0 0.18245264207377868 0.0 18.3 0.3200000000000001
0.0 0.18245264207377868 0.0 18.3 0.3300000000000001
0.0 0.1814556331006979 0.0 18.2 0.34000000000000014
0.0 0.18045862412761715 0.0 18.1 0.35000000000000014
0.0 0.1794616151545364 0.0 18.0 0.36000000000000015
0.0 0.1794616151545364 0.0 18.0 0.37000000000000016
0.0 0.1794616151545364 0.0 18.0 0.38000000000000017
0.0 0.1794616151545364 0.0 18.0 0.3900000000000002
0.0 0.1794616151545364 0.0 18.0 0.4000000000000002
0.0 0.1794616151545364 0.0 18.0 0.4100000000000002
0.0 0.1794616151545364 0.0 18.0 0.4200000000000002
0.0 0.1794616151545364 0.0 18.0 0.4300000000000002
0.0 0.1794616151545364 0.0 18.0 0.4400000000000002
0.0 0.1794616151545364 0.0 18.0 0.45000000000000023
0.0 0.1794616151545364 0.0 18.0 0.46000000000000024
0.0 0.1794616151545364 0.0 18.0 0.47000000000000025
0.0 0.1794616151545364 0.0 18.0 0.48000000000000026
0.0 0.17746759720837488 0.0 17.8 0.49000000000000027
0.0 0.17647058823529413 0.0 17.7 0.5000000000000002
0.0 0.17547357926221335 0.0 17.6 0.5100000000000002
0.0 0.17347956131605186 0.0 17.4 0.5200000000000002
0.0 0.17347956131605186 0.0 17.4 0.5300000000000002
0.0 0.17347956131605186 0.0 17.4 0.5400000000000003
0.0 0.17248255234297108 0.0 17.3 0.5500000000000003
0.0 0.17248255234297108 0.0 17.3 0.5600000000000003
0.0 0.17148554336989033 0.0 17.2 0.5700000000000003
0.0 0.17148554336989033 0.0 17.2 0.5800000000000003
0.0 0.17048853439680958 0.0 17.1 0.5900000000000003
0.0 0.17048853439680958 0.0 17.1 0.6000000000000003
0.0 0.1694915254237288 0.0 17.0 0.6100000000000003
0.0 0.1694915254237288 0.0 17.0 0.6200000000000003
0.0 0.1694915254237288 0.0 17.0 0.6300000000000003
0.0 0.1694915254237288 0.0 17.0 0.6400000000000003
0.0 0.1694915254237288 0.0 17.0 0.6500000000000004
0.0 0.1694915254237288 0.0 17.0 0.6600000000000004
0.0 0.1694915254237288 0.0 17.0 0.6700000000000004
0.0 0.1694915254237288 0.0 17.0 0.6800000000000004
0.0 0.1694915254237288 0.0 17.0 0.6900000000000004
0.0 0.1694915254237288 0.0 17.0 0.7000000000000004
0.0 0.1694915254237288 0.0 17.0 0.7100000000000004
0.0 0.1694915254237288 0.0 17.0 0.7200000000000004
0.0 0.1694915254237288 0.0 17.0 0.7300000000000004
0.0 0.16849451645064806 0.0 16.9 0.7400000000000004
0.0 0.1674975074775673 0.0 16.8 0.7500000000000004
0.0 0.1674975074775673 0.0 16.8 0.7600000000000005
0.0 0.16650049850448653 0.0 16.7 0.7700000000000005
0.0 0.1625124626121635 0.0 16.3 0.7800000000000005
0.0 0.15952143569292124 0.0 16.0 0.7900000000000005
0.0 0.1585244267198405 0.0 15.9 0.8000000000000005
0.0 0.15653040877367896 0.0 15.7 0.8100000000000005
0.0 0.15254237288135594 0.0 15.3 0.8200000000000005
0.0 0.1465603190428714 0.0 14.7 0.8300000000000005
0.0 0.14456630109670987 0.0 14.5 0.8400000000000005
0.0 0.14456630109670987 0.0 14.5 0.8500000000000005
0.0 0.14356929212362912 0.0 14.4 0.8600000000000005
0.0 0.1415752741774676 0.0 14.2 0.8700000000000006
0.0 0.13858424725822532 0.0 13.9 0.8800000000000006
0.0 0.1365902293120638 0.0 13.7 0.8900000000000006
0.0 0.13260219341974078 0.0 13.3 0.9000000000000006
0.0 0.12761714855433698 0.0 12.8 0.9100000000000006
0.0 0.12462612163509472 0.0 12.5 0.9200000000000006
0.0 0.12163509471585245 0.0 12.2 0.9300000000000006
0.0 0.11764705882352941 0.0 11.8 0.9400000000000006
0.0 0.11266201395812563 0.0 11.3 0.9500000000000006
0.0 0.10568295114656032 0.0 10.6 0.9600000000000006
0.0 0.0967098703888335 0.0 9.7 0.9700000000000006
0.0 0.07477567298105683 0.0 7.5 0.9800000000000006
0.0 0.05284147557328016 0.0 5.3 0.9900000000000007
0.0 0.0 0.0 0.0
