1.0 1.0 22.4925 40.12 0.0
1.0 0.9182452642073778 22.4925 36.84 0.01
1.0 0.8534396809571286 22.4925 34.24 0.02
1.0 0.8245264207377866 22.4925 33.08 0.03
1.0 0.7996011964107677 22.4925 32.08 0.04
1.0 0.7756729810568295 22.4925 31.12 0.05
1.0 0.7347956131605184 22.4925 29.48 0.060000000000000005
1.0 0.7347956131605184 22.4925 29.48 0.07
1.0 0.7248255234297108 22.4925 29.08 0.08
1.0 0.7068793619142573 22.4925 28.36 0.09
1.0 0.6929212362911267 22.4925 27.8 0.09999999999999999
1.0 0.6829511465603191 22.4925 27.4 0.10999999999999999
1.0 0.6759720837487537 22.4925 27.12 0.11999999999999998
1.0 0.6679960119641076 22.4925 26.8 0.12999999999999998
1.0 0.6620139581256231 22.4925 26.56 0.13999999999999999
1.0 0.6510468594217348 22.4925 26.12 0.15
1.0 0.6400797607178464 22.4925 25.68 0.16
1.0 0.6331006979062812 22.4925 25.4 0.17
1.0 0.609172482552343 22.4925 24.44 0.18000000000000002
1.0 0.5962113659022931 22.4925 23.92 0.19000000000000003
1.0 0.5822532402791625 22.4925 23.36 0.20000000000000004
1.0 0.5722831505483549 22.4925 22.96 0.21000000000000005
1.0 0.5633100697906281 22.4925 22.6 0.22000000000000006
1.0 0.5533399800598205 22.4925 22.2 0.23000000000000007
1.0 0.5493519441674976 22.4925 22.04 0.24000000000000007
1.0 0.5473579262213359 22.4925 21.96 0.25000000000000006
1.0 0.543369890329013 22.4925 21.8 0.26000000000000006
1.0 0.543369890329013 22.4925 21.8 0.2700000000000001
1.0 0.5403788634097707 22.4925 21.68 0.2800000000000001
1.0 0.5373878364905285 22.4925 21.56 0.2900000000000001
1.0 0.5373878364905285 22.4925 21.56 0.3000000000000001
1.0 0.5353938185443669 22.4925 21.48 0.3100000000000001
1.0 0.5333998005982054 22.4925 21.4 0.3200000000000001
1.0 0.5304087736789631 22.4925 21.28 0.3300000000000001
1.0 0.5274177467597209 22.4925 21.16 0.34000000000000014
1.0 0.5244267198404786 22.4925 21.04 0.35000000000000014
1.0 0.5204386839481555 22.4925 20.88 0.36000000000000015
1.0 0.5174476570289133 22.4925 20.76 0.37000000000000016
1.0 0.5104685942173479 22.4925 20.48 0.38000000000000017
1.0 0.5034895314057827 22.4925 20.2 0.3900000000000002
1.0 0.4935194416749751 22.4925 19.8 0.4000000000000002
1.0 0.48554336989032904 22.4925 19.48 0.4100000000000002
1.0 0.47357926221335994 22.4925 19.0 0.4200000000000002
1.0 0.46061814556331004 22.4925 18.48 0.4300000000000002
1.0 0.44666001994017945 22.4925 17.92 0.4400000000000002
1.0 0.43968095712861416 22.4925 17.64 0.45000000000000023
1.0 0.4267198404785643 22.4925 17.12 0.46000000000000024
1.0 0.41774675972083747 22.4925 16.76 0.47000000000000025
1.0 0.4037886340977069 22.4925 16.2 0.48000000000000026
1.0 0.3938185443668993 22.4925 15.8 0.49000000000000027
1.0 0.386839481555334 22.4925 15.52 0.5000000000000002
1.0 0.38085742771684944 22.4925 15.28 0.5100000000000002
1.0 0.37387836490528414 22.4925 15.0 0.5200000000000002
1.0 0.36689930209371885 22.4925 14.72 0.5300000000000002
1.0 0.36191425722831505 22.4925 14.52 0.5400000000000003
1.0 0.35992023928215355 22.4925 14.44 0.5500000000000003
1.0 0.357926221335992 22.4925 14.36 0.5600000000000003
1.0 0.35194416749750745 22.4925 14.12 0.5700000000000003
1.0 0.3459621136590229 22.4925 13.88 0.5800000000000003
1.0 0.34297108673978066 22.4925 13.76 0.5900000000000003
1.0 0.3369890329012961 22.4925 13.52 0.6000000000000003
1.0 0.3320039880358923 22.4925 13.32 0.6100000000000003
1.0 0.3320039880358923 22.4925 13.32 0.6200000000000003
1.0 0.32801595214356927 22.4925 13.16 0.6300000000000003
1.0 0.3230309072781655 22.4925 12.96 0.6400000000000003
1.0 0.3220338983050847 22.4925 12.92 0.6500000000000004
1.0 0.3100697906281156 22.4925 12.44 0.6600000000000004
1.0 0.3000997008973081 22.4925 12.04 0.6700000000000004
1.0 0.2951146560319043 22.4925 11.84 0.6800000000000004
1.0 0.2831505483549352 22.4925 11.36 0.6900000000000004
1.0 0.26819541375872386 22.4925 10.76 0.7000000000000004
1.0 0.25523429710867396 22.4925 10.24 0.7100000000000004
1.0 0.22831505483549352 22.4925 9.16 0.7200000000000004
1.0 0.2123629112662014 22.4925 8.52 0.7300000000000004
1.0 0.2053838484546361 22.4925 8.24 0.7400000000000004
1.0 0.19242273180458624 22.4925 7.72 0.7500000000000004
1.0 0.18045862412761715 22.4925 7.24 0.7600000000000005
1.0 0.16849451645064806 22.4925 6.76 0.7700000000000005
1.0 0.1585244267198405 22.4925 6.36 0.7800000000000005
1.0 0.1485543369890329 22.4925 5.96 0.7900000000000005
0.999888851839502 0.14456630109670987 22.49 5.8 0.8000000000000005
0.9995554073580082 0.13958125623130607 22.4825 5.6 0.8100000000000005
0.9994442591975102 0.1365902293120638 22.48 5.48 0.8200000000000005
0.9991108147160165 0.1345962113659023 22.4725 5.4 0.8300000000000005
0.9987773702345226 0.13260219341974078 22.465 5.32 0.8400000000000005
0.9977770367900411 0.12761714855433698 22.4425 5.12 0.8500000000000005
0.9953317772590864 0.11465603190428714 22.3875 4.6 0.8600000000000005
0.9925530732466378 0.1016949152542373 22.325 4.08 0.8700000000000006
0.9888851839502056 0.08773678963110668 22.2425 3.52 0.8800000000000006
0.9853284428142715 0.06979062811565304 22.1625 2.8 0.8900000000000006
0.9814382571968434 0.05084745762711865 22.075 2.04 0.9000000000000006
0.9771034789374236 0.03788634097706879 21.9775 1.52 0.9100000000000006
0.9725464043570079 0.020937188434695914 21.875 0.84 0.9200000000000006
0.9694342558630654 0.011964107676969093 21.805 0.48 0.9300000000000006
0.966322107369123 0.007976071784646061 21.735 0.32 0.9400000000000006
0.962320773591197 0.004985044865403789 21.645 0.2 0.9500000000000006
0.9589863287762588 9.970089730807576E-4 21.57 0.04 0.9600000000000006
0.9534289207513615 9.970089730807576E-4 21.445 0.04 0.9700000000000006
0.9413137712570857 9.970089730807576E-4 21.1725 0.04 0.9800000000000006
0.9014115816383239 0.0 20.275 0.0 0.9900000000000007
0.0 0.0 0.0 0.0
