1.0 1.0 44.985 66.86666666666666 0.0
1.0 0.9890329012961117 44.985 66.13333333333334 0.01
1.0 0.9581256231306082 44.985 64.06666666666666 0.02
1.0 0.9351944167497508 44.985 62.53333333333333 0.03
1.0 0.9272183449651047 44.985 62.0 0.04
1.0 0.9202392821535393 44.985 61.53333333333333 0.05
1.0 0.8983050847457628 44.985 60.06666666666667 0.060000000000000005
1.0 0.8983050847457628 44.985 60.06666666666667 0.07
1.0 0.8963110667996012 44.985 59.93333333333333 0.08
1.0 0.8873379860418744 44.985 59.333333333333336 0.09
1.0 0.8763708873379861 44.985 58.6 0.09999999999999999
1.0 0.8743768693918246 44.985 58.46666666666667 0.10999999999999999
1.0 0.8743768693918246 44.985 58.46666666666667 0.11999999999999998
1.0 0.8713858424725822 44.985 58.266666666666666 0.12999999999999998
1.0 0.8673978065802592 44.985 58.0 0.13999999999999999
1.0 0.8654037886340977 44.985 57.86666666666667 0.15
1.0 0.8604187437686939 44.985 57.53333333333333 0.16
1.0 0.8544366899302094 44.985 57.13333333333333 0.17
1.0 0.8414755732801595 44.985 56.266666666666666 0.18000000000000002
1.0 0.8364905284147557 44.985 55.93333333333333 0.19000000000000003
1.0 0.827517447657029 44.985 55.333333333333336 0.20000000000000004
1.0 0.8235294117647058 44.985 55.06666666666667 0.21000000000000005
1.0 0.8175473579262214 44.985 54.666666666666664 0.22000000000000006
1.0 0.8125623130608175 44.985 54.333333333333336 0.23000000000000007
1.0 0.810568295114656 44.985 54.2 0.24000000000000007
1.0 0.8055832502492523 44.985 53.86666666666667 0.25000000000000006
1.0 0.8045862412761715 44.985 53.8 0.26000000000000006
1.0 0.80259222333001 44.985 53.666666666666664 0.2700000000000001
1.0 0.8015952143569293 44.985 53.6 0.2800000000000001
1.0 0.8005982053838484 44.985 53.53333333333333 0.2900000000000001
1.0 0.7986041874376869 44.985 53.4 0.3000000000000001
1.0 0.7986041874376869 44.985 53.4 0.3100000000000001
1.0 0.7966101694915254 44.985 53.266666666666666 0.3200000000000001
1.0 0.7916251246261217 44.985 52.93333333333333 0.3300000000000001
1.0 0.7896311066799602 44.985 52.8 0.34000000000000014
1.0 0.7886340977068793 44.985 52.733333333333334 0.35000000000000014
1.0 0.7856430707876371 44.985 52.53333333333333 0.36000000000000015
1.0 0.7806580259222333 44.985 52.2 0.37000000000000016
1.0 0.7746759720837487 44.985 51.8 0.38000000000000017
1.0 0.7726819541375872 44.985 51.666666666666664 0.3900000000000002
1.0 0.7647058823529411 44.985 51.13333333333333 0.4000000000000002
1.0 0.7537387836490529 44.985 50.4 0.4100000000000002
1.0 0.744765702891326 44.985 49.8 0.4200000000000002
1.0 0.7308075772681955 44.985 48.86666666666667 0.4300000000000002
1.0 0.7148554336989033 44.985 47.8 0.4400000000000002
1.0 0.7038883349950149 44.985 47.06666666666667 0.45000000000000023
1.0 0.6989032901296112 44.985 46.733333333333334 0.46000000000000024
1.0 0.6869391824526421 44.985 45.93333333333333 0.47000000000000025
1.0 0.6799601196410767 44.985 45.46666666666667 0.48000000000000026
1.0 0.6719840478564307 44.985 44.93333333333333 0.49000000000000027
1.0 0.6660019940179461 44.985 44.53333333333333 0.5000000000000002
1.0 0.6610169491525424 44.985 44.2 0.5100000000000002
1.0 0.6570289132602194 44.985 43.93333333333333 0.5200000000000002
1.0 0.6520438683948155 44.985 43.6 0.5300000000000002
1.0 0.650049850448654 44.985 43.46666666666667 0.5400000000000003
1.0 0.6480558325024925 44.985 43.333333333333336 0.5500000000000003
1.0 0.6470588235294118 44.985 43.266666666666666 0.5600000000000003
1.0 0.6450648055832503 44.985 43.13333333333333 0.5700000000000003
1.0 0.6410767696909272 44.985 42.86666666666667 0.5800000000000003
1.0 0.6360917248255235 44.985 42.53333333333333 0.5900000000000003
1.0 0.6350947158524427 44.985 42.46666666666667 0.6000000000000003
1.0 0.6331006979062812 44.985 42.333333333333336 0.6100000000000003
1.0 0.6291126620139581 44.985 42.06666666666667 0.6200000000000003
1.0 0.6231306081754736 44.985 41.666666666666664 0.6300000000000003
1.0 0.6161515453639083 44.985 41.2 0.6400000000000003
1.0 0.6111665004985045 44.985 40.86666666666667 0.6500000000000004
1.0 0.5972083748753739 44.985 39.93333333333333 0.6600000000000004
1.0 0.5862412761714856 44.985 39.2 0.6700000000000004
1.0 0.5742771684945165 44.985 38.4 0.6800000000000004
1.0 0.5653040877367896 44.985 37.8 0.6900000000000004
1.0 0.5443668993020937 44.985 36.4 0.7000000000000004
1.0 0.5234297108673978 44.985 35.0 0.7100000000000004
1.0 0.48953140578265203 44.985 32.733333333333334 0.7200000000000004
1.0 0.4626121635094716 44.985 30.933333333333334 0.7300000000000004
1.0 0.4406779661016949 44.985 29.466666666666665 0.7400000000000004
1.0 0.41575274177467597 44.985 27.8 0.7500000000000004
1.0 0.3918245264207378 44.985 26.2 0.7600000000000005
1.0 0.3798604187437687 44.985 25.4 0.7700000000000005
0.9997777036790041 0.36689930209371885 44.975 24.533333333333335 0.7800000000000005
0.9996665555185061 0.35493519441674976 44.97 23.733333333333334 0.7900000000000005
0.9995554073580082 0.3439680957128614 44.965 23.0 0.8000000000000005
0.9986662220740247 0.33100697906281157 44.925 22.133333333333333 0.8100000000000005
0.9973324441480493 0.325024925224327 44.865 21.733333333333334 0.8200000000000005
0.9962209625430699 0.3140578265204387 44.815 21.0 0.8300000000000005
0.9934422585306213 0.30309072781655033 44.69 20.266666666666666 0.8400000000000005
0.9882182949872179 0.2951146560319043 44.455 19.733333333333334 0.8500000000000005
0.9784372568633989 0.27018943170488535 44.015 18.066666666666666 0.8600000000000005
0.9676558852950984 0.24626121635094717 43.53 16.466666666666665 0.8700000000000006
0.9515394020228966 0.22532402791625125 42.805 15.066666666666666 0.8800000000000006
0.9331999555407358 0.19740777666999004 41.98 13.2 0.8900000000000006
0.90919195287318 0.16051844466600199 40.9 10.733333333333333 0.9000000000000006
0.8849616538846282 0.11864406779661017 39.81 7.933333333333334 0.9100000000000006
0.863621207069023 0.08773678963110668 38.85 5.866666666666666 0.9200000000000006
0.8468378348338335 0.053838484546360914 38.095 3.6 0.9300000000000006
0.8329443147715905 0.03489531405782652 37.47 2.3333333333333335 0.9400000000000006
0.822051795042792 0.026919242273180457 36.98 1.8 0.9500000000000006
0.8109369789929977 0.02193419740777667 36.48 1.4666666666666666 0.9600000000000006
0.7960431254862732 0.020937188434695914 35.81 1.4 0.9700000000000006
0.7659219739913304 0.019940179461615155 34.455 1.3333333333333333 0.9800000000000006
0.6861175947538068 0.019940179461615155 30.865 1.3333333333333333 0.9900000000000007
0.0 0.0 0.0 0.0
