1.0 1.0 44.985 50.15 0.0
1.0 0.9880358923230309 44.985 49.55 0.01
1.0 0.967098703888335 44.985 48.5 0.02
1.0 0.9531405782652044 44.985 47.8 0.03
1.0 0.9461615154536391 44.985 47.45 0.04
1.0 0.9401794616151545 44.985 47.15 0.05
1.0 0.9272183449651047 44.985 46.5 0.060000000000000005
1.0 0.9272183449651047 44.985 46.5 0.07
1.0 0.9192422731804586 44.985 46.1 0.08
1.0 0.9112662013958126 44.985 45.7 0.09
1.0 0.9042871385842473 44.985 45.35 0.09999999999999999
1.0 0.901296111665005 44.985 45.2 0.10999999999999999
1.0 0.8993020937188435 44.985 45.1 0.11999999999999998
1.0 0.8953140578265204 44.985 44.9 0.12999999999999998
1.0 0.8923230309072782 44.985 44.75 0.13999999999999999
1.0 0.8873379860418744 44.985 44.5 0.15
1.0 0.8783649052841476 44.985 44.05 0.16
1.0 0.8733798604187437 44.985 43.8 0.17
1.0 0.8584247258225324 44.985 43.05 0.18000000000000002
0.999888851839502 0.8504486540378864 44.98 42.65 0.19000000000000003
0.999888851839502 0.8484546360917248 44.98 42.55 0.20000000000000004
0.9997777036790041 0.843469591226321 44.975 42.3 0.21000000000000005
0.9997777036790041 0.8414755732801595 44.975 42.2 0.22000000000000006
0.9997777036790041 0.8374875373878365 44.975 42.0 0.23000000000000007
0.9997777036790041 0.8364905284147557 44.975 41.95 0.24000000000000007
0.9996665555185061 0.8364905284147557 44.97 41.95 0.25000000000000006
0.9995554073580082 0.8364905284147557 44.965 41.95 0.26000000000000006
0.9995554073580082 0.8364905284147557 44.965 41.95 0.2700000000000001
0.9995554073580082 0.8334995014955134 44.965 41.8 0.2800000000000001
0.9994442591975102 0.8325024925224327 44.96 41.75 0.2900000000000001
0.9994442591975102 0.8315054835493519 44.96 41.7 0.3000000000000001
0.9994442591975102 0.8305084745762712 44.96 41.65 0.3100000000000001
0.9994442591975102 0.8305084745762712 44.96 41.65 0.3200000000000001
0.9994442591975102 0.8305084745762712 44.96 41.65 0.3300000000000001
0.9994442591975102 0.827517447657029 44.96 41.5 0.34000000000000014
0.9994442591975102 0.8245264207377866 44.96 41.35 0.35000000000000014
0.9994442591975102 0.8215353938185443 44.96 41.2 0.36000000000000015
0.9994442591975102 0.8185443668993021 44.96 41.05 0.37000000000000016
0.9994442591975102 0.810568295114656 44.96 40.65 0.38000000000000017
0.9994442591975102 0.8045862412761715 44.96 40.35 0.3900000000000002
0.9994442591975102 0.7996011964107677 44.96 40.1 0.4000000000000002
0.9994442591975102 0.7886340977068793 44.96 39.55 0.4100000000000002
0.9994442591975102 0.7796610169491526 44.96 39.1 0.4200000000000002
0.9994442591975102 0.773678963110668 44.96 38.8 0.4300000000000002
0.9994442591975102 0.7637088733798604 44.96 38.3 0.4400000000000002
0.9994442591975102 0.7547357926221336 44.96 37.85 0.45000000000000023
0.9994442591975102 0.7417746759720838 44.96 37.2 0.46000000000000024
0.9994442591975102 0.7357926221335992 44.96 36.9 0.47000000000000025
0.9994442591975102 0.7268195413758723 44.96 36.45 0.48000000000000026
0.9994442591975102 0.7218344965104686 44.96 36.2 0.49000000000000027
0.9994442591975102 0.711864406779661 44.96 35.7 0.5000000000000002
0.9994442591975102 0.7008973080757727 44.96 35.15 0.5100000000000002
0.9994442591975102 0.6939182452642074 44.96 34.8 0.5200000000000002
0.9994442591975102 0.6909272183449651 44.96 34.65 0.5300000000000002
0.9994442591975102 0.6879361914257228 44.96 34.5 0.5400000000000003
0.9994442591975102 0.6859421734795613 44.96 34.4 0.5500000000000003
0.9994442591975102 0.6819541375872383 44.96 34.2 0.5600000000000003
0.9994442591975102 0.6819541375872383 44.96 34.2 0.5700000000000003
0.9994442591975102 0.6769690927218345 44.96 33.95 0.5800000000000003
0.9994442591975102 0.6719840478564307 44.96 33.7 0.5900000000000003
0.9994442591975102 0.67098703888335 44.96 33.65 0.6000000000000003
0.9994442591975102 0.6689930209371885 44.96 33.55 0.6100000000000003
0.9994442591975102 0.6640079760717846 44.96 33.3 0.6200000000000003
0.9994442591975102 0.6590229312063809 44.96 33.05 0.6300000000000003
0.9994442591975102 0.6560319042871385 44.96 32.9 0.6400000000000003
0.9994442591975102 0.6520438683948155 44.96 32.7 0.6500000000000004
0.9994442591975102 0.6440677966101694 44.96 32.3 0.6600000000000004
0.9994442591975102 0.6360917248255235 44.96 31.9 0.6700000000000004
0.9994442591975102 0.6201395812562313 44.96 31.1 0.6800000000000004
0.9994442591975102 0.5972083748753739 44.96 29.95 0.6900000000000004
0.9994442591975102 0.5742771684945165 44.96 28.8 0.7000000000000004
0.9994442591975102 0.5543369890329013 44.96 27.8 0.7100000000000004
0.9994442591975102 0.5274177467597209 44.96 26.45 0.7200000000000004
0.9994442591975102 0.4985044865403789 44.96 25.0 0.7300000000000004
0.9994442591975102 0.47756729810568294 44.96 23.95 0.7400000000000004
0.9994442591975102 0.44965104685942175 44.96 22.55 0.7500000000000004
0.9994442591975102 0.42771684945164506 44.96 21.45 0.7600000000000005
0.9993331110370124 0.41575274177467597 44.955 20.85 0.7700000000000005
0.9992219628765144 0.40079760717846463 44.95 20.1 0.7800000000000005
0.9991108147160165 0.38883349950149554 44.945 19.5 0.7900000000000005
0.9986662220740247 0.386839481555334 44.925 19.4 0.8000000000000005
0.9983327775925308 0.38085742771684944 44.91 19.1 0.8100000000000005
0.9967767033455597 0.3708873379860419 44.84 18.6 0.8200000000000005
0.9944425919751028 0.3629112662013958 44.735 18.2 0.8300000000000005
0.9905524063576748 0.35692921236291125 44.56 17.9 0.8400000000000005
0.9824385906413249 0.34496510468594216 44.195 17.3 0.8500000000000005
0.9718795153940202 0.317048853439681 43.72 15.9 0.8600000000000005
0.9562076247638102 0.28913260219341974 43.015 14.5 0.8700000000000006
0.9335334000222296 0.24426719840478564 41.995 12.25 0.8800000000000006
0.9128598421696121 0.20837487537387836 41.065 10.45 0.8900000000000006
0.8857396910081138 0.1575274177467597 39.845 7.9 0.9000000000000006
0.8548405023896855 0.1036889332003988 38.455 5.2 0.9100000000000006
0.8316105368456153 0.06580259222333001 37.41 3.3 0.9200000000000006
0.8119373124374791 0.03489531405782652 36.525 1.75 0.9300000000000006
0.7935978659553184 0.019940179461615155 35.7 1.0 0.9400000000000006
0.7789263087695899 0.00897308075772682 35.04 0.45 0.9500000000000006
0.7634767144603757 0.0029910269192422734 34.345 0.15 0.9600000000000006
0.7448038234967211 0.0029910269192422734 33.505 0.15 0.9700000000000006
0.7105701900633544 0.0019940179461615153 31.965 0.1 0.9800000000000006
0.6178726242080693 9.970089730807576E-4 27.795 0.05 0.9900000000000007
0.0 0.0 0.0 0.0
