1.0 1.0 29.99 5.278947368421052 0.0
1.0 0.9780658025922233 29.99 5.163157894736842 0.01
1.0 0.938185443668993 29.99 4.9526315789473685 0.02
1.0 0.9152542372881356 29.99 4.831578947368421 0.03
1.0 0.8963110667996012 29.99 4.731578947368421 0.04
1.0 0.8743768693918246 29.99 4.61578947368421 0.05
1.0 0.8594217347956131 29.99 4.536842105263158 0.060000000000000005
1.0 0.8594217347956131 29.99 4.536842105263158 0.07
1.0 0.8444666001994018 29.99 4.457894736842105 0.08
1.0 0.8344965104685942 29.99 4.405263157894737 0.09
1.0 0.8295114656031904 29.99 4.378947368421053 0.09999999999999999
1.0 0.8225324027916251 29.99 4.342105263157895 0.10999999999999999
1.0 0.8185443668993021 29.99 4.321052631578947 0.11999999999999998
1.0 0.8125623130608175 29.99 4.2894736842105265 0.12999999999999998
1.0 0.8085742771684945 29.99 4.268421052631579 0.13999999999999999
1.0 0.806580259222333 29.99 4.257894736842105 0.15
1.0 0.8015952143569293 29.99 4.231578947368421 0.16
1.0 0.7876370887337986 29.99 4.157894736842105 0.17
1.0 0.7597208374875374 29.99 4.010526315789473 0.18000000000000002
1.0 0.7437686939182453 29.99 3.9263157894736844 0.19000000000000003
1.0 0.7318045862412762 29.99 3.863157894736842 0.20000000000000004
1.0 0.7238285144566301 29.99 3.8210526315789473 0.21000000000000005
1.0 0.7138584247258225 29.99 3.768421052631579 0.22000000000000006
1.0 0.707876370887338 29.99 3.736842105263158 0.23000000000000007
1.0 0.7058823529411765 29.99 3.7263157894736842 0.24000000000000007
1.0 0.7038883349950149 29.99 3.7157894736842105 0.25000000000000006
1.0 0.7028913260219342 29.99 3.710526315789474 0.26000000000000006
1.0 0.6999002991026919 29.99 3.694736842105263 0.2700000000000001
1.0 0.6979062811565304 29.99 3.6842105263157894 0.2800000000000001
1.0 0.6979062811565304 29.99 3.6842105263157894 0.2900000000000001
1.0 0.6969092721834497 29.99 3.6789473684210527 0.3000000000000001
1.0 0.6959122632103689 29.99 3.6736842105263157 0.3100000000000001
1.0 0.6949152542372882 29.99 3.668421052631579 0.3200000000000001
1.0 0.6949152542372882 29.99 3.668421052631579 0.3300000000000001
1.0 0.6899302093718843 29.99 3.642105263157895 0.34000000000000014
1.0 0.6879361914257228 29.99 3.6315789473684212 0.35000000000000014
1.0 0.6869391824526421 29.99 3.626315789473684 0.36000000000000015
1.0 0.6839481555333998 29.99 3.610526315789474 0.37000000000000016
1.0 0.6779661016949152 29.99 3.5789473684210527 0.38000000000000017
1.0 0.6729810568295115 29.99 3.5526315789473686 0.3900000000000002
1.0 0.6689930209371885 29.99 3.531578947368421 0.4000000000000002
1.0 0.6620139581256231 29.99 3.4947368421052634 0.4100000000000002
1.0 0.6480558325024925 29.99 3.4210526315789473 0.4200000000000002
1.0 0.638085742771685 29.99 3.3684210526315788 0.4300000000000002
1.0 0.6311066799601196 29.99 3.331578947368421 0.4400000000000002
1.0 0.6181455633100698 29.99 3.263157894736842 0.45000000000000023
1.0 0.6031904287138584 29.99 3.1842105263157894 0.46000000000000024
1.0 0.5922233300099701 29.99 3.126315789473684 0.47000000000000025
1.0 0.5862412761714856 29.99 3.094736842105263 0.48000000000000026
1.0 0.5812562313060817 29.99 3.068421052631579 0.49000000000000027
1.0 0.576271186440678 29.99 3.042105263157895 0.5000000000000002
1.0 0.5692921236291126 29.99 3.0052631578947366 0.5100000000000002
1.0 0.5682951146560319 29.99 3.0 0.5200000000000002
1.0 0.5643070787637089 29.99 2.9789473684210526 0.5300000000000002
1.0 0.5623130608175474 29.99 2.968421052631579 0.5400000000000003
1.0 0.559322033898305 29.99 2.9526315789473685 0.5500000000000003
1.0 0.555333998005982 29.99 2.931578947368421 0.5600000000000003
1.0 0.551345962113659 29.99 2.9105263157894736 0.5700000000000003
1.0 0.5503489531405783 29.99 2.905263157894737 0.5800000000000003
1.0 0.5463609172482552 29.99 2.8842105263157896 0.5900000000000003
1.0 0.5443668993020937 29.99 2.873684210526316 0.6000000000000003
1.0 0.5423728813559322 29.99 2.863157894736842 0.6100000000000003
1.0 0.5403788634097707 29.99 2.8526315789473684 0.6200000000000003
1.0 0.5363908275174477 29.99 2.831578947368421 0.6300000000000003
1.0 0.5324027916251246 29.99 2.8105263157894735 0.6400000000000003
1.0 0.5314057826520439 29.99 2.805263157894737 0.6500000000000004
1.0 0.518444666001994 29.99 2.736842105263158 0.6600000000000004
1.0 0.5094715852442672 29.99 2.6894736842105265 0.6700000000000004
1.0 0.4985044865403789 29.99 2.6315789473684212 0.6800000000000004
1.0 0.48454636091724823 29.99 2.557894736842105 0.6900000000000004
1.0 0.4785643070787637 29.99 2.526315789473684 0.7000000000000004
1.0 0.4646061814556331 29.99 2.4526315789473685 0.7100000000000004
1.0 0.4336989032901296 29.99 2.289473684210526 0.7200000000000004
1.0 0.4137587238285145 29.99 2.1842105263157894 0.7300000000000004
1.0 0.3918245264207378 29.99 2.068421052631579 0.7400000000000004
1.0 0.36689930209371885 29.99 1.936842105263158 0.7500000000000004
1.0 0.33798604187437686 29.99 1.7842105263157895 0.7600000000000005
1.0 0.32103688933200397 29.99 1.694736842105263 0.7700000000000005
1.0 0.30608175473579263 29.99 1.6157894736842104 0.7800000000000005
0.999888851839502 0.2951146560319043 29.986666666666668 1.5578947368421052 0.7900000000000005
0.9997777036790041 0.29411764705882354 29.983333333333334 1.5526315789473684 0.8000000000000005
0.9996665555185061 0.2901296111665005 29.98 1.5315789473684212 0.8100000000000005
0.9993331110370124 0.2901296111665005 29.97 1.5315789473684212 0.8200000000000005
0.9986662220740247 0.288135593220339 29.95 1.5210526315789474 0.8300000000000005
0.9973324441480493 0.28015952143569295 29.91 1.4789473684210526 0.8400000000000005
0.9946648882960987 0.27517447657028915 29.83 1.4526315789473685 0.8500000000000005
0.990107813715683 0.2612163509471585 29.69333333333333 1.3789473684210527 0.8600000000000005
0.9851061464932755 0.2452642073778664 29.543333333333333 1.2947368421052632 0.8700000000000006
0.9771034789374236 0.23030907278165502 29.303333333333335 1.2157894736842105 0.8800000000000006
0.9653217739246416 0.21036889332003988 28.95 1.1105263157894736 0.8900000000000006
0.9527620317883739 0.18943170488534397 28.573333333333334 1.0 0.9000000000000006
0.9412026230965878 0.16151545363908276 28.226666666666667 0.8526315789473684 0.9100000000000006
0.9301989552072913 0.14257228315054835 27.89666666666667 0.7526315789473684 0.9200000000000006
0.9228631766144271 0.11964107676969092 27.676666666666666 0.631578947368421 0.9300000000000006
0.9145270645770812 0.10667996011964108 27.426666666666666 0.5631578947368421 0.9400000000000006
0.9079693231077026 0.09870388833499502 27.23 0.5210526315789473 0.9500000000000006
0.9023007669223074 0.09371884346959122 27.06 0.49473684210526314 0.9600000000000006
0.8939646548849617 0.09272183449651047 26.81 0.48947368421052634 0.9700000000000006
0.8725130599088585 0.09272183449651047 26.166666666666668 0.48947368421052634 0.9800000000000006
0.7947093475602979 0.09272183449651047 23.833333333333332 0.48947368421052634 0.9900000000000007
0.0 0.0 0.0 0.0
