1.0 1.0 89.97 6.078787878787879 0.0
1.0 0.9980059820538385 89.97 6.066666666666666 0.01
1.0 0.9920239282153539 89.97 6.03030303030303 0.02
1.0 0.9840478564307079 89.97 5.9818181818181815 0.03
1.0 0.9790628115653041 89.97 5.951515151515151 0.04
1.0 0.9760717846460618 89.97 5.933333333333334 0.05
1.0 0.9601196410767697 89.97 5.836363636363636 0.060000000000000005
1.0 0.9601196410767697 89.97 5.836363636363636 0.07
1.0 0.9571286141575274 89.97 5.818181818181818 0.08
1.0 0.9531405782652044 89.97 5.793939393939394 0.09
1.0 0.9441674975074775 89.97 5.739393939393939 0.09999999999999999
1.0 0.9391824526420738 89.97 5.709090909090909 0.10999999999999999
1.0 0.9332003988035892 89.97 5.672727272727273 0.11999999999999998
1.0 0.9312063808574277 89.97 5.66060606060606 0.12999999999999998
1.0 0.9292123629112662 89.97 5.648484848484848 0.13999999999999999
1.0 0.9272183449651047 89.97 5.636363636363637 0.15
1.0 0.9262213359920239 89.97 5.63030303030303 0.16
1.0 0.9232303090727817 89.97 5.612121212121212 0.17
1.0 0.9172482552342971 89.97 5.575757575757576 0.18000000000000002
1.0 0.9142572283150548 89.97 5.557575757575758 0.19000000000000003
1.0 0.9102691924227319 89.97 5.533333333333333 0.20000000000000004
1.0 0.909272183449651 89.97 5.527272727272727 0.21000000000000005
1.0 0.9062811565304087 89.97 5.509090909090909 0.22000000000000006
1.0 0.9032901296111665 89.97 5.490909090909091 0.23000000000000007
1.0 0.9022931206380858 89.97 5.484848484848484 0.24000000000000007
1.0 0.9022931206380858 89.97 5.484848484848484 0.25000000000000006
1.0 0.901296111665005 89.97 5.4787878787878785 0.26000000000000006
1.0 0.8993020937188435 89.97 5.466666666666667 0.2700000000000001
1.0 0.8993020937188435 89.97 5.466666666666667 0.2800000000000001
1.0 0.8993020937188435 89.97 5.466666666666667 0.2900000000000001
1.0 0.8973080757726819 89.97 5.454545454545454 0.3000000000000001
1.0 0.8973080757726819 89.97 5.454545454545454 0.3100000000000001
1.0 0.8973080757726819 89.97 5.454545454545454 0.3200000000000001
1.0 0.8963110667996012 89.97 5.448484848484848 0.3300000000000001
1.0 0.8933200398803589 89.97 5.430303030303031 0.34000000000000014
1.0 0.8933200398803589 89.97 5.430303030303031 0.35000000000000014
1.0 0.8913260219341974 89.97 5.418181818181818 0.36000000000000015
1.0 0.8883349950149552 89.97 5.4 0.37000000000000016
1.0 0.8873379860418744 89.97 5.393939393939394 0.38000000000000017
1.0 0.8873379860418744 89.97 5.393939393939394 0.3900000000000002
1.0 0.8823529411764706 89.97 5.363636363636363 0.4000000000000002
1.0 0.8803589232303091 89.97 5.351515151515152 0.4100000000000002
1.0 0.8783649052841476 89.97 5.33939393939394 0.4200000000000002
1.0 0.8763708873379861 89.97 5.327272727272727 0.4300000000000002
1.0 0.8713858424725822 89.97 5.296969696969697 0.4400000000000002
1.0 0.864406779661017 89.97 5.254545454545455 0.45000000000000023
1.0 0.8594217347956131 89.97 5.224242424242425 0.46000000000000024
1.0 0.8574277168494516 89.97 5.212121212121212 0.47000000000000025
1.0 0.8514456630109671 89.97 5.175757575757576 0.48000000000000026
1.0 0.8504486540378864 89.97 5.16969696969697 0.49000000000000027
1.0 0.8494516450648056 89.97 5.163636363636364 0.5000000000000002
1.0 0.8494516450648056 89.97 5.163636363636364 0.5100000000000002
1.0 0.847457627118644 89.97 5.151515151515151 0.5200000000000002
1.0 0.8464606181455633 89.97 5.1454545454545455 0.5300000000000002
1.0 0.8464606181455633 89.97 5.1454545454545455 0.5400000000000003
1.0 0.8464606181455633 89.97 5.1454545454545455 0.5500000000000003
1.0 0.8454636091724825 89.97 5.13939393939394 0.5600000000000003
1.0 0.8454636091724825 89.97 5.13939393939394 0.5700000000000003
1.0 0.8454636091724825 89.97 5.13939393939394 0.5800000000000003
1.0 0.8444666001994018 89.97 5.133333333333334 0.5900000000000003
1.0 0.8414755732801595 89.97 5.115151515151515 0.6000000000000003
1.0 0.8404785643070788 89.97 5.109090909090909 0.6100000000000003
1.0 0.8404785643070788 89.97 5.109090909090909 0.6200000000000003
1.0 0.8384845463609173 89.97 5.096969696969697 0.6300000000000003
1.0 0.8325024925224327 89.97 5.0606060606060606 0.6400000000000003
1.0 0.827517447657029 89.97 5.03030303030303 0.6500000000000004
1.0 0.8185443668993021 89.97 4.975757575757576 0.6600000000000004
1.0 0.8075772681954138 89.97 4.909090909090909 0.6700000000000004
1.0 0.7966101694915254 89.97 4.842424242424243 0.6800000000000004
1.0 0.7686939182452642 89.97 4.672727272727273 0.6900000000000004
1.0 0.7497507477567298 89.97 4.557575757575758 0.7000000000000004
1.0 0.7198404785643071 89.97 4.375757575757576 0.7100000000000004
1.0 0.6979062811565304 89.97 4.242424242424242 0.7200000000000004
1.0 0.6729810568295115 89.97 4.090909090909091 0.7300000000000004
1.0 0.6470588235294118 89.97 3.933333333333333 0.7400000000000004
1.0 0.6241276171485544 89.97 3.793939393939394 0.7500000000000004
1.0 0.5992023928215354 89.97 3.6424242424242426 0.7600000000000005
0.999888851839502 0.5792622133599202 89.96 3.521212121212121 0.7700000000000005
0.9996665555185061 0.559322033898305 89.94 3.4 0.7800000000000005
0.9994442591975102 0.5473579262213359 89.92 3.327272727272727 0.7900000000000005
0.9989996665555185 0.53938185443669 89.88 3.278787878787879 0.8000000000000005
0.9976658886295432 0.5324027916251246 89.76 3.2363636363636363 0.8100000000000005
0.9951094809380905 0.5294117647058824 89.53 3.2181818181818183 0.8200000000000005
0.990218961876181 0.5174476570289133 89.09 3.1454545454545455 0.8300000000000005
0.9847727020117817 0.5124626121635095 88.6 3.1151515151515152 0.8400000000000005
0.9751028120484606 0.5024925224327019 87.73 3.0545454545454547 0.8500000000000005
0.9576525508502834 0.46859421734795614 86.16 2.8484848484848486 0.8600000000000005
0.9298655107257975 0.42572283150548357 83.66 2.587878787878788 0.8700000000000006
0.897076803378904 0.37387836490528414 80.71 2.272727272727273 0.8800000000000006
0.8548405023896855 0.3180458624127617 76.91 1.9333333333333333 0.8900000000000006
0.8090474602645327 0.25124626121635096 72.79 1.5272727272727273 0.9000000000000006
0.7585861953984662 0.18843469591226322 68.25 1.1454545454545455 0.9100000000000006
0.717461376014227 0.13758723828514458 64.55 0.8363636363636363 0.9200000000000006
0.6835611870623541 0.09770687936191426 61.5 0.593939393939394 0.9300000000000006
0.6544403690118928 0.07178464606181456 58.88 0.43636363636363634 0.9400000000000006
0.6349894409247527 0.05782652043868395 57.13 0.3515151515151515 0.9500000000000006
0.6174280315660776 0.053838484546360914 55.55 0.32727272727272727 0.9600000000000006
0.5979771034789374 0.0518444666001994 53.8 0.3151515151515151 0.9700000000000006
0.5609647660331222 0.05084745762711865 50.47 0.3090909090909091 0.9800000000000006
0.4600422363009892 0.049850448654037885 41.39 0.30303030303030304 0.9900000000000007
0.0 0.0 0.0 0.0
