1.0 1.0 29.99 Infinity 0.0
1.0 0.9651046859421735 29.99 Infinity 0.01
1.0 0.8973080757726819 29.99 Infinity 0.02
1.0 0.8673978065802592 29.99 Infinity 0.03
1.0 0.8354935194416749 29.99 Infinity 0.04
1.0 0.810568295114656 29.99 Infinity 0.05
1.0 0.7796610169491526 29.99 Infinity 0.060000000000000005
1.0 0.7796610169491526 29.99 Infinity 0.07
1.0 0.7666999002991027 29.99 Infinity 0.08
1.0 0.7577268195413759 29.99 Infinity 0.09
1.0 0.7507477567298105 29.99 Infinity 0.09999999999999999
1.0 0.744765702891326 29.99 Infinity 0.10999999999999999
1.0 0.7367896311066799 29.99 Infinity 0.11999999999999998
1.0 0.732801595214357 29.99 Infinity 0.12999999999999998
1.0 0.7268195413758723 29.99 Infinity 0.13999999999999999
1.0 0.7138584247258225 29.99 Infinity 0.15
1.0 0.7018943170488534 29.99 Infinity 0.16
1.0 0.6899302093718843 29.99 Infinity 0.17
1.0 0.6679960119641076 29.99 Infinity 0.18000000000000002
1.0 0.6580259222333001 29.99 Infinity 0.19000000000000003
1.0 0.6470588235294118 29.99 Infinity 0.20000000000000004
1.0 0.6400797607178464 29.99 Infinity 0.21000000000000005
1.0 0.6311066799601196 29.99 Infinity 0.22000000000000006
1.0 0.6251246261216351 29.99 Infinity 0.23000000000000007
1.0 0.6181455633100698 29.99 Infinity 0.24000000000000007
1.0 0.6141575274177468 29.99 Infinity 0.25000000000000006
1.0 0.6111665004985045 29.99 Infinity 0.26000000000000006
1.0 0.6061814556331007 29.99 Infinity 0.2700000000000001
1.0 0.6031904287138584 29.99 Infinity 0.2800000000000001
1.0 0.6031904287138584 29.99 Infinity 0.2900000000000001
1.0 0.6001994017946162 29.99 Infinity 0.3000000000000001
1.0 0.5992023928215354 29.99 Infinity 0.3100000000000001
1.0 0.5982053838484547 29.99 Infinity 0.3200000000000001
1.0 0.5942173479561316 29.99 Infinity 0.3300000000000001
1.0 0.5902293120638086 29.99 Infinity 0.34000000000000014
1.0 0.5862412761714856 29.99 Infinity 0.35000000000000014
1.0 0.5822532402791625 29.99 Infinity 0.36000000000000015
1.0 0.576271186440678 29.99 Infinity 0.37000000000000016
1.0 0.5702891326021934 29.99 Infinity 0.38000000000000017
1.0 0.559322033898305 29.99 Infinity 0.3900000000000002
1.0 0.5503489531405783 29.99 Infinity 0.4000000000000002
1.0 0.5423728813559322 29.99 Infinity 0.4100000000000002
1.0 0.53938185443669 29.99 Infinity 0.4200000000000002
1.0 0.5324027916251246 29.99 Infinity 0.4300000000000002
1.0 0.5234297108673978 29.99 Infinity 0.4400000000000002
1.0 0.5114656031904287 29.99 Infinity 0.45000000000000023
1.0 0.5034895314057827 29.99 Infinity 0.46000000000000024
1.0 0.4935194416749751 29.99 Infinity 0.47000000000000025
1.0 0.48753738783649053 29.99 Infinity 0.48000000000000026
1.0 0.48454636091724823 29.99 Infinity 0.49000000000000027
1.0 0.48255234297108673 29.99 Infinity 0.5000000000000002
1.0 0.4785643070787637 29.99 Infinity 0.5100000000000002
1.0 0.4765702891326022 29.99 Infinity 0.5200000000000002
1.0 0.4715852442671984 29.99 Infinity 0.5300000000000002
1.0 0.4666001994017946 29.99 Infinity 0.5400000000000003
1.0 0.4646061814556331 29.99 Infinity 0.5500000000000003
1.0 0.4626121635094716 29.99 Infinity 0.5600000000000003
1.0 0.46161515453639085 29.99 Infinity 0.5700000000000003
1.0 0.4576271186440678 29.99 Infinity 0.5800000000000003
1.0 0.4576271186440678 29.99 Infinity 0.5900000000000003
1.0 0.4556331006979063 29.99 Infinity 0.6000000000000003
1.0 0.4556331006979063 29.99 Infinity 0.6100000000000003
1.0 0.4556331006979063 29.99 Infinity 0.6200000000000003
1.0 0.45363908275174475 29.99 Infinity 0.6300000000000003
1.0 0.44865403788634095 29.99 Infinity 0.6400000000000003
1.0 0.4426719840478564 29.99 Infinity 0.6500000000000004
1.0 0.43768693918245266 29.99 Infinity 0.6600000000000004
1.0 0.4267198404785643 29.99 Infinity 0.6700000000000004
1.0 0.4167497507477567 29.99 Infinity 0.6800000000000004
1.0 0.4037886340977069 29.99 Infinity 0.6900000000000004
1.0 0.3918245264207378 29.99 Infinity 0.7000000000000004
1.0 0.37188434695912265 29.99 Infinity 0.7100000000000004
1.0 0.353938185443669 29.99 Infinity 0.7200000000000004
1.0 0.3320039880358923 29.99 Infinity 0.7300000000000004
1.0 0.3150548354935194 29.99 Infinity 0.7400000000000004
1.0 0.29611166500498504 29.99 Infinity 0.7500000000000004
1.0 0.2731804586241276 29.99 Infinity 0.7600000000000005
1.0 0.25523429710867396 29.99 Infinity 0.7700000000000005
1.0 0.23928215353938184 29.99 Infinity 0.7800000000000005
1.0 0.2333000997008973 29.99 Infinity 0.7900000000000005
1.0 0.226321036889332 29.99 Infinity 0.8000000000000005
1.0 0.22233300099700898 29.99 Infinity 0.8100000000000005
0.9995554073580082 0.2193419740777667 29.976666666666667 Infinity 0.8200000000000005
0.9985550739135267 0.21635094715852443 29.946666666666665 Infinity 0.8300000000000005
0.9973324441480493 0.20837487537387836 29.91 Infinity 0.8400000000000005
0.9943314438146049 0.19940179461615154 29.82 Infinity 0.8500000000000005
0.9907747026786706 0.18344965104685942 29.713333333333335 Infinity 0.8600000000000005
0.9826608869623208 0.1674975074775673 29.47 Infinity 0.8700000000000006
0.9757697010114482 0.15054835493519442 29.263333333333332 Infinity 0.8800000000000006
0.966322107369123 0.12662013958125623 28.98 Infinity 0.8900000000000006
0.954429254195843 0.09471585244267199 28.623333333333335 Infinity 0.9000000000000006
0.942647549183061 0.06480558325024925 28.27 Infinity 0.9100000000000006
0.9310881404912749 0.04187437686939183 27.923333333333332 Infinity 0.9200000000000006
0.9233077692564188 0.02193419740777667 27.69 Infinity 0.9300000000000006
0.9148605090585751 0.007976071784646061 27.436666666666667 Infinity 0.9400000000000006
0.9097476936756697 0.003988035892323031 27.283333333333335 Infinity 0.9500000000000006
0.9034122485272869 0.0 27.093333333333334 NaN 0.9600000000000006
0.8927420251194843 0.0 26.773333333333333 NaN 0.9700000000000006
0.8711792819828832 0.0 26.126666666666665 NaN 0.9800000000000006
0.8096032010670223 0.0 24.28 NaN 0.9900000000000007
0.0 0.0 0.0 0.0
