1.0 1.0 12.852857142857143 Infinity 0.0
1.0 0.7168494516450648 12.852857142857143 Infinity 0.01
1.0 0.5623130608175474 12.852857142857143 Infinity 0.02
1.0 0.5094715852442672 12.852857142857143 Infinity 0.03
1.0 0.4795613160518445 12.852857142857143 Infinity 0.04
1.0 0.4436689930209372 12.852857142857143 Infinity 0.05
1.0 0.4037886340977069 12.852857142857143 Infinity 0.060000000000000005
1.0 0.4037886340977069 12.852857142857143 Infinity 0.07
1.0 0.3818544366899302 12.852857142857143 Infinity 0.08
1.0 0.3659022931206381 12.852857142857143 Infinity 0.09
1.0 0.35194416749750745 12.852857142857143 Infinity 0.09999999999999999
1.0 0.33998005982053836 12.852857142857143 Infinity 0.10999999999999999
1.0 0.3220338983050847 12.852857142857143 Infinity 0.11999999999999998
1.0 0.31106679960119643 12.852857142857143 Infinity 0.12999999999999998
1.0 0.30109670987038883 12.852857142857143 Infinity 0.13999999999999999
1.0 0.292123629112662 12.852857142857143 Infinity 0.15
1.0 0.2851445663010967 12.852857142857143 Infinity 0.16
1.0 0.27517447657028915 12.852857142857143 Infinity 0.17
1.0 0.2542372881355932 12.852857142857143 Infinity 0.18000000000000002
1.0 0.24227318045862412 12.852857142857143 Infinity 0.19000000000000003
1.0 0.23230309072781655 12.852857142857143 Infinity 0.20000000000000004
1.0 0.21335992023928216 12.852857142857143 Infinity 0.21000000000000005
1.0 0.2033898305084746 12.852857142857143 Infinity 0.22000000000000006
1.0 0.19641076769690927 12.852857142857143 Infinity 0.23000000000000007
1.0 0.18943170488534397 12.852857142857143 Infinity 0.24000000000000007
1.0 0.18444666001994017 12.852857142857143 Infinity 0.25000000000000006
1.0 0.17746759720837488 12.852857142857143 Infinity 0.26000000000000006
1.0 0.17647058823529413 12.852857142857143 Infinity 0.2700000000000001
1.0 0.17347956131605186 12.852857142857143 Infinity 0.2800000000000001
1.0 0.17248255234297108 12.852857142857143 Infinity 0.2900000000000001
1.0 0.1694915254237288 12.852857142857143 Infinity 0.3000000000000001
1.0 0.16849451645064806 12.852857142857143 Infinity 0.3100000000000001
1.0 0.1674975074775673 12.852857142857143 Infinity 0.3200000000000001
1.0 0.16650049850448653 12.852857142857143 Infinity 0.3300000000000001
1.0 0.1625124626121635 12.852857142857143 Infinity 0.34000000000000014
1.0 0.16051844466600199 12.852857142857143 Infinity 0.35000000000000014
1.0 0.15553339980059822 12.852857142857143 Infinity 0.36000000000000015
1.0 0.15154536390827517 12.852857142857143 Infinity 0.37000000000000016
1.0 0.1485543369890329 12.852857142857143 Infinity 0.38000000000000017
1.0 0.1465603190428714 12.852857142857143 Infinity 0.3900000000000002
1.0 0.14057826520438685 12.852857142857143 Infinity 0.4000000000000002
1.0 0.13160518444666003 12.852857142857143 Infinity 0.4100000000000002
1.0 0.12462612163509472 12.852857142857143 Infinity 0.4200000000000002
1.0 0.11864406779661017 12.852857142857143 Infinity 0.4300000000000002
1.0 0.10867397806580259 12.852857142857143 Infinity 0.4400000000000002
1.0 0.10269192422731804 12.852857142857143 Infinity 0.45000000000000023
1.0 0.09371884346959122 12.852857142857143 Infinity 0.46000000000000024
1.0 0.0897308075772682 12.852857142857143 Infinity 0.47000000000000025
1.0 0.08175473579262213 12.852857142857143 Infinity 0.48000000000000026
1.0 0.07976071784646062 12.852857142857143 Infinity 0.49000000000000027
1.0 0.07876370887337986 12.852857142857143 Infinity 0.5000000000000002
1.0 0.07577268195413758 12.852857142857143 Infinity 0.5100000000000002
1.0 0.07377866400797607 12.852857142857143 Infinity 0.5200000000000002
1.0 0.07278165503489531 12.852857142857143 Infinity 0.5300000000000002
1.0 0.0707876370887338 12.852857142857143 Infinity 0.5400000000000003
1.0 0.06979062811565304 12.852857142857143 Infinity 0.5500000000000003
1.0 0.06879361914257229 12.852857142857143 Infinity 0.5600000000000003
1.0 0.06879361914257229 12.852857142857143 Infinity 0.5700000000000003
1.0 0.06679960119641076 12.852857142857143 Infinity 0.5800000000000003
1.0 0.06580259222333001 12.852857142857143 Infinity 0.5900000000000003
1.0 0.06580259222333001 12.852857142857143 Infinity 0.6000000000000003
1.0 0.06580259222333001 12.852857142857143 Infinity 0.6100000000000003
1.0 0.06380857427716849 12.852857142857143 Infinity 0.6200000000000003
1.0 0.06281156530408774 12.852857142857143 Infinity 0.6300000000000003
1.0 0.06281156530408774 12.852857142857143 Infinity 0.6400000000000003
1.0 0.06281156530408774 12.852857142857143 Infinity 0.6500000000000004
1.0 0.05782652043868395 12.852857142857143 Infinity 0.6600000000000004
1.0 0.05782652043868395 12.852857142857143 Infinity 0.6700000000000004
1.0 0.054835493519441676 12.852857142857143 Infinity 0.6800000000000004
1.0 0.0518444666001994 12.852857142857143 Infinity 0.6900000000000004
1.0 0.049850448654037885 12.852857142857143 Infinity 0.7000000000000004
1.0 0.04685942173479561 12.852857142857143 Infinity 0.7100000000000004
1.0 0.03988035892323031 12.852857142857143 Infinity 0.7200000000000004
1.0 0.03389830508474576 12.852857142857143 Infinity 0.7300000000000004
1.0 0.026919242273180457 12.852857142857143 Infinity 0.7400000000000004
1.0 0.022931206380857428 12.852857142857143 Infinity 0.7500000000000004
1.0 0.018943170488534396 12.852857142857143 Infinity 0.7600000000000005
1.0 0.01694915254237288 12.852857142857143 Infinity 0.7700000000000005
1.0 0.011964107676969093 12.852857142857143 Infinity 0.7800000000000005
1.0 0.010967098703888335 12.852857142857143 Infinity 0.7900000000000005
1.0 0.010967098703888335 12.852857142857143 Infinity 0.8000000000000005
1.0 0.00897308075772682 12.852857142857143 Infinity 0.8100000000000005
1.0 0.00897308075772682 12.852857142857143 Infinity 0.8200000000000005
1.0 0.00897308075772682 12.852857142857143 Infinity 0.8300000000000005
1.0 0.00897308075772682 12.852857142857143 Infinity 0.8400000000000005
0.999888851839502 0.007976071784646061 12.851428571428572 Infinity 0.8500000000000005
0.999888851839502 0.007976071784646061 12.851428571428572 Infinity 0.8600000000000005
0.9995554073580082 0.006979062811565304 12.847142857142858 Infinity 0.8700000000000006
0.9992219628765144 0.006979062811565304 12.842857142857143 Infinity 0.8800000000000006
0.9988885183950206 0.006979062811565304 12.838571428571429 Infinity 0.8900000000000006
0.9987773702345226 0.003988035892323031 12.837142857142856 Infinity 0.9000000000000006
0.9984439257530288 0.0019940179461615153 12.832857142857144 Infinity 0.9100000000000006
0.998110481271535 9.970089730807576E-4 12.82857142857143 Infinity 0.9200000000000006
0.9979993331110371 0.0 12.827142857142857 NaN 0.9300000000000006
0.9975547404690452 0.0 12.821428571428571 NaN 0.9400000000000006
0.9971101478270534 0.0 12.815714285714286 NaN 0.9500000000000006
0.9966655551850617 0.0 12.81 NaN 0.9600000000000006
0.995998666222074 0.0 12.801428571428572 NaN 0.9700000000000006
0.9937757030121152 0.0 12.772857142857143 NaN 0.9800000000000006
0.9875514060242303 0.0 12.692857142857143 NaN 0.9900000000000007
0.0 0.0 0.0 0.0
