1.0 1.0 17.994 100.3 0.0
1.0 0.8763708873379861 17.994 87.9 0.01
1.0 0.7936191425722832 17.994 79.6 0.02
1.0 0.7547357926221336 17.994 75.7 0.03
1.0 0.7238285144566301 17.994 72.6 0.04
1.0 0.7058823529411765 17.994 70.8 0.05
1.0 0.6640079760717846 17.994 66.6 0.060000000000000005
1.0 0.6640079760717846 17.994 66.6 0.07
1.0 0.6490528414755733 17.994 65.1 0.08
1.0 0.634097706879362 17.994 63.6 0.09
1.0 0.6191425722831505 17.994 62.1 0.09999999999999999
1.0 0.6101694915254238 17.994 61.2 0.10999999999999999
1.0 0.6021934197407777 17.994 60.4 0.11999999999999998
1.0 0.5952143569292123 17.994 59.7 0.12999999999999998
1.0 0.5882352941176471 17.994 59.0 0.13999999999999999
1.0 0.5822532402791625 17.994 58.4 0.15
1.0 0.5712861415752741 17.994 57.3 0.16
1.0 0.5613160518444666 17.994 56.3 0.17
1.0 0.5363908275174477 17.994 53.8 0.18000000000000002
1.0 0.5204386839481555 17.994 52.2 0.19000000000000003
1.0 0.5074775672981057 17.994 50.9 0.20000000000000004
1.0 0.4955134596211366 17.994 49.7 0.21000000000000005
1.0 0.48953140578265203 17.994 49.1 0.22000000000000006
1.0 0.48055832502492524 17.994 48.2 0.23000000000000007
1.0 0.4745762711864407 17.994 47.6 0.24000000000000007
1.0 0.4695912263210369 17.994 47.1 0.25000000000000006
1.0 0.4646061814556331 17.994 46.6 0.26000000000000006
1.0 0.46161515453639085 17.994 46.3 0.2700000000000001
1.0 0.4576271186440678 17.994 45.9 0.2800000000000001
1.0 0.4546360917248255 17.994 45.6 0.2900000000000001
1.0 0.452642073778664 17.994 45.4 0.3000000000000001
1.0 0.44865403788634095 17.994 45.0 0.3100000000000001
1.0 0.44666001994017945 17.994 44.8 0.3200000000000001
1.0 0.4436689930209372 17.994 44.5 0.3300000000000001
1.0 0.44167497507477566 17.994 44.3 0.34000000000000014
1.0 0.4336989032901296 17.994 43.5 0.35000000000000014
1.0 0.4247258225324028 17.994 42.6 0.36000000000000015
1.0 0.419740777666999 17.994 42.1 0.37000000000000016
1.0 0.4107676969092722 17.994 41.2 0.38000000000000017
1.0 0.4057826520438684 17.994 40.7 0.3900000000000002
1.0 0.39581256231306083 17.994 39.7 0.4000000000000002
1.0 0.38883349950149554 17.994 39.0 0.4100000000000002
1.0 0.3798604187437687 17.994 38.1 0.4200000000000002
1.0 0.3698903290129611 17.994 37.1 0.4300000000000002
1.0 0.35692921236291125 17.994 35.8 0.4400000000000002
1.0 0.34297108673978066 17.994 34.4 0.45000000000000023
1.0 0.32103688933200397 17.994 32.2 0.46000000000000024
1.0 0.3120638085742772 17.994 31.3 0.47000000000000025
1.0 0.3040877367896311 17.994 30.5 0.48000000000000026
1.0 0.29611166500498504 17.994 29.7 0.49000000000000027
1.0 0.292123629112662 17.994 29.3 0.5000000000000002
1.0 0.2851445663010967 17.994 28.6 0.5100000000000002
1.0 0.2741774675972084 17.994 27.5 0.5200000000000002
1.0 0.2691924227318046 17.994 27.0 0.5300000000000002
1.0 0.2662013958125623 17.994 26.7 0.5400000000000003
1.0 0.26520438683948155 17.994 26.6 0.5500000000000003
1.0 0.2612163509471585 17.994 26.2 0.5600000000000003
1.0 0.26021934197407776 17.994 26.1 0.5700000000000003
1.0 0.2572283150548355 17.994 25.8 0.5800000000000003
1.0 0.2572283150548355 17.994 25.8 0.5900000000000003
1.0 0.25623130608175476 17.994 25.7 0.6000000000000003
1.0 0.2542372881355932 17.994 25.5 0.6100000000000003
1.0 0.2522432701894317 17.994 25.3 0.6200000000000003
1.0 0.2472582253240279 17.994 24.8 0.6300000000000003
1.0 0.24426719840478564 17.994 24.5 0.6400000000000003
1.0 0.23928215353938184 17.994 24.0 0.6500000000000004
1.0 0.2313060817547358 17.994 23.2 0.6600000000000004
1.0 0.22233300099700898 17.994 22.3 0.6700000000000004
1.0 0.21635094715852443 17.994 21.7 0.6800000000000004
1.0 0.20139581256231306 17.994 20.2 0.6900000000000004
1.0 0.1914257228315055 17.994 19.2 0.7000000000000004
1.0 0.17647058823529413 17.994 17.7 0.7100000000000004
1.0 0.16350947158524426 17.994 16.4 0.7200000000000004
1.0 0.14755732801595214 17.994 14.8 0.7300000000000004
1.0 0.13060817547357925 17.994 13.1 0.7400000000000004
1.0 0.11764705882352941 17.994 11.8 0.7500000000000004
1.0 0.10767696909272183 17.994 10.8 0.7600000000000005
1.0 0.1016949152542373 17.994 10.2 0.7700000000000005
1.0 0.09072781655034895 17.994 9.1 0.7800000000000005
0.999888851839502 0.08574277168494517 17.992 8.6 0.7900000000000005
0.999888851839502 0.08175473579262213 17.992 8.2 0.8000000000000005
0.9997777036790041 0.07676969092721835 17.99 7.7 0.8100000000000005
0.9997777036790041 0.07577268195413758 17.99 7.6 0.8200000000000005
0.9994442591975102 0.07477567298105683 17.984 7.5 0.8300000000000005
0.9986662220740247 0.07278165503489531 17.97 7.3 0.8400000000000005
0.9983327775925308 0.0707876370887338 17.964 7.1 0.8500000000000005
0.9973324441480493 0.06380857427716849 17.946 6.4 0.8600000000000005
0.9963321107035679 0.054835493519441676 17.928 5.5 0.8700000000000006
0.9935534066911192 0.0448654037886341 17.878 4.5 0.8800000000000006
0.9911081471601645 0.038883349950149554 17.834 3.9 0.8900000000000006
0.9882182949872179 0.028913260219341975 17.782 2.9 0.9000000000000006
0.9847727020117817 0.01694915254237288 17.72 1.7 0.9100000000000006
0.9818828498388351 0.00897308075772682 17.668 0.9 0.9200000000000006
0.9784372568633989 0.0019940179461615153 17.606 0.2 0.9300000000000006
0.9761031454929421 0.0019940179461615153 17.564 0.2 0.9400000000000006
0.9745470712459708 0.0019940179461615153 17.536 0.2 0.9500000000000006
0.9727687006780038 0.0 17.504 0.0 0.9600000000000006
0.970545737468045 0.0 17.464 0.0 0.9700000000000006
0.9603201067022341 0.0 17.28 0.0 0.9800000000000006
0.9278648438368345 0.0 16.696 0.0 0.9900000000000007
0.0 0.0 0.0 0.0
