1.0 1.0 89.97 28.65714285714286 0.0
1.0 0.9990029910269193 89.97 28.62857142857143 0.01
1.0 0.9940179461615155 89.97 28.485714285714284 0.02
1.0 0.9890329012961117 89.97 28.34285714285714 0.03
1.0 0.9870388833499502 89.97 28.285714285714285 0.04
1.0 0.9810568295114656 89.97 28.114285714285714 0.05
1.0 0.9760717846460618 89.97 27.97142857142857 0.060000000000000005
1.0 0.9760717846460618 89.97 27.97142857142857 0.07
1.0 0.9730807577268196 89.97 27.885714285714286 0.08
1.0 0.9710867397806581 89.97 27.82857142857143 0.09
1.0 0.9680957128614157 89.97 27.742857142857144 0.09999999999999999
1.0 0.9651046859421735 89.97 27.65714285714286 0.10999999999999999
1.0 0.963110667996012 89.97 27.6 0.11999999999999998
1.0 0.963110667996012 89.97 27.6 0.12999999999999998
1.0 0.9621136590229312 89.97 27.571428571428573 0.13999999999999999
1.0 0.9601196410767697 89.97 27.514285714285716 0.15
1.0 0.9601196410767697 89.97 27.514285714285716 0.16
1.0 0.9561316051844466 89.97 27.4 0.17
1.0 0.9481555333998006 89.97 27.17142857142857 0.18000000000000002
1.0 0.9471585244267199 89.97 27.142857142857142 0.19000000000000003
1.0 0.9431704885343968 89.97 27.02857142857143 0.20000000000000004
1.0 0.9411764705882353 89.97 26.97142857142857 0.21000000000000005
1.0 0.9411764705882353 89.97 26.97142857142857 0.22000000000000006
1.0 0.9391824526420738 89.97 26.914285714285715 0.23000000000000007
1.0 0.9371884346959123 89.97 26.857142857142858 0.24000000000000007
1.0 0.9361914257228315 89.97 26.82857142857143 0.25000000000000006
1.0 0.9361914257228315 89.97 26.82857142857143 0.26000000000000006
1.0 0.9361914257228315 89.97 26.82857142857143 0.2700000000000001
1.0 0.9361914257228315 89.97 26.82857142857143 0.2800000000000001
1.0 0.9361914257228315 89.97 26.82857142857143 0.2900000000000001
1.0 0.9361914257228315 89.97 26.82857142857143 0.3000000000000001
1.0 0.9361914257228315 89.97 26.82857142857143 0.3100000000000001
1.0 0.9361914257228315 89.97 26.82857142857143 0.3200000000000001
1.0 0.9351944167497508 89.97 26.8 0.3300000000000001
1.0 0.9351944167497508 89.97 26.8 0.34000000000000014
1.0 0.93419740777667 89.97 26.771428571428572 0.35000000000000014
1.0 0.9322033898305084 89.97 26.714285714285715 0.36000000000000015
1.0 0.9322033898305084 89.97 26.714285714285715 0.37000000000000016
1.0 0.9322033898305084 89.97 26.714285714285715 0.38000000000000017
1.0 0.9302093718843469 89.97 26.65714285714286 0.3900000000000002
1.0 0.9272183449651047 89.97 26.571428571428573 0.4000000000000002
1.0 0.9212362911266201 89.97 26.4 0.4100000000000002
1.0 0.9182452642073778 89.97 26.314285714285713 0.4200000000000002
1.0 0.9132602193419741 89.97 26.17142857142857 0.4300000000000002
1.0 0.909272183449651 89.97 26.057142857142857 0.4400000000000002
1.0 0.9062811565304087 89.97 25.97142857142857 0.45000000000000023
1.0 0.9042871385842473 89.97 25.914285714285715 0.46000000000000024
1.0 0.9002991026919243 89.97 25.8 0.47000000000000025
1.0 0.8963110667996012 89.97 25.685714285714287 0.48000000000000026
1.0 0.8933200398803589 89.97 25.6 0.49000000000000027
1.0 0.8913260219341974 89.97 25.542857142857144 0.5000000000000002
1.0 0.8903290129611167 89.97 25.514285714285716 0.5100000000000002
1.0 0.8893320039880359 89.97 25.485714285714284 0.5200000000000002
1.0 0.8893320039880359 89.97 25.485714285714284 0.5300000000000002
1.0 0.8883349950149552 89.97 25.457142857142856 0.5400000000000003
1.0 0.8863409770687937 89.97 25.4 0.5500000000000003
1.0 0.8863409770687937 89.97 25.4 0.5600000000000003
1.0 0.8863409770687937 89.97 25.4 0.5700000000000003
1.0 0.8853439680957128 89.97 25.37142857142857 0.5800000000000003
1.0 0.8853439680957128 89.97 25.37142857142857 0.5900000000000003
1.0 0.8843469591226321 89.97 25.34285714285714 0.6000000000000003
1.0 0.8803589232303091 89.97 25.228571428571428 0.6100000000000003
1.0 0.8803589232303091 89.97 25.228571428571428 0.6200000000000003
1.0 0.8793619142572283 89.97 25.2 0.6300000000000003
1.0 0.8743768693918246 89.97 25.057142857142857 0.6400000000000003
1.0 0.86839481555334 89.97 24.885714285714286 0.6500000000000004
1.0 0.8594217347956131 89.97 24.62857142857143 0.6600000000000004
1.0 0.8504486540378864 89.97 24.37142857142857 0.6700000000000004
1.0 0.8404785643070788 89.97 24.085714285714285 0.6800000000000004
1.0 0.8305084745762712 89.97 23.8 0.6900000000000004
1.0 0.8265204386839482 89.97 23.685714285714287 0.7000000000000004
1.0 0.8085742771684945 89.97 23.17142857142857 0.7100000000000004
1.0 0.7766699900299102 89.97 22.257142857142856 0.7200000000000004
1.0 0.7507477567298105 89.97 21.514285714285716 0.7300000000000004
1.0 0.7268195413758723 89.97 20.82857142857143 0.7400000000000004
1.0 0.7048853439680958 89.97 20.2 0.7500000000000004
1.0 0.6839481555333998 89.97 19.6 0.7600000000000005
1.0 0.6759720837487537 89.97 19.37142857142857 0.7700000000000005
0.999888851839502 0.6630109670987039 89.96 19.0 0.7800000000000005
0.9996665555185061 0.6520438683948155 89.94 18.685714285714287 0.7900000000000005
0.9993331110370124 0.6480558325024925 89.91 18.571428571428573 0.8000000000000005
0.9976658886295432 0.6360917248255235 89.76 18.228571428571428 0.8100000000000005
0.9955540735800823 0.6321036889332003 89.57 18.114285714285714 0.8200000000000005
0.9912192953206624 0.6191425722831505 89.18 17.742857142857144 0.8300000000000005
0.9816605535178393 0.6051844466600199 88.32 17.34285714285714 0.8400000000000005
0.9678781816160943 0.5892323030907278 87.08 16.885714285714286 0.8500000000000005
0.9462042903189952 0.5403788634097707 85.13 15.485714285714286 0.8600000000000005
0.9114149160831388 0.4945164506480558 82.0 14.17142857142857 0.8700000000000006
0.8707346893408914 0.4356929212362911 78.34 12.485714285714286 0.8800000000000006
0.8177170167833723 0.3728813559322034 73.57 10.685714285714285 0.8900000000000006
0.7585861953984662 0.28614157527417744 68.25 8.2 0.9000000000000006
0.6993442258530621 0.2023928215353938 62.92 5.8 0.9100000000000006
0.6475491830610204 0.13758723828514458 58.26 3.942857142857143 0.9200000000000006
0.6079804379237523 0.08075772681954138 54.7 2.3142857142857145 0.9300000000000006
0.5733022118483939 0.05084745762711865 51.58 1.457142857142857 0.9400000000000006
0.5481827275758586 0.03489531405782652 49.32 1.0 0.9500000000000006
0.5245081693897966 0.022931206380857428 47.19 0.6571428571428571 0.9600000000000006
0.49983327775925307 0.02193419740777667 44.97 0.6285714285714286 0.9700000000000006
0.45970879181949537 0.020937188434695914 41.36 0.6 0.9800000000000006
0.3717905968656219 0.020937188434695914 33.45 0.6 0.9900000000000007
0.0 0.0 0.0 0.0
