1.0 1.0 8.997 200.6 0.0
1.0 0.5692921236291126 8.997 114.2 0.01
1.0 0.44965104685942175 8.997 90.2 0.02
1.0 0.39980059820538383 8.997 80.2 0.03
1.0 0.36689930209371885 8.997 73.6 0.04
1.0 0.33998005982053836 8.997 68.2 0.05
1.0 0.30309072781655033 8.997 60.8 0.060000000000000005
1.0 0.30309072781655033 8.997 60.8 0.07
1.0 0.288135593220339 8.997 57.8 0.08
1.0 0.27716849451645065 8.997 55.6 0.09
1.0 0.26819541375872386 8.997 53.8 0.09999999999999999
1.0 0.2612163509471585 8.997 52.4 0.10999999999999999
1.0 0.25523429710867396 8.997 51.2 0.11999999999999998
1.0 0.24626121635094717 8.997 49.4 0.12999999999999998
1.0 0.24127617148554337 8.997 48.4 0.13999999999999999
1.0 0.2382851445663011 8.997 47.8 0.15
1.0 0.23030907278165502 8.997 46.2 0.16
1.0 0.22432701894317048 8.997 45.0 0.17
1.0 0.21136590229312063 8.997 42.4 0.18000000000000002
1.0 0.20638085742771686 8.997 41.4 0.19000000000000003
1.0 0.20139581256231306 8.997 40.4 0.20000000000000004
1.0 0.19541375872382852 8.997 39.2 0.21000000000000005
1.0 0.1914257228315055 8.997 38.4 0.22000000000000006
1.0 0.18444666001994017 8.997 37.0 0.23000000000000007
1.0 0.18245264207377868 8.997 36.6 0.24000000000000007
1.0 0.17846460618145563 8.997 35.8 0.25000000000000006
1.0 0.17746759720837488 8.997 35.6 0.26000000000000006
1.0 0.17547357926221335 8.997 35.2 0.2700000000000001
1.0 0.17148554336989033 8.997 34.4 0.2800000000000001
1.0 0.1694915254237288 8.997 34.0 0.2900000000000001
1.0 0.1674975074775673 8.997 33.6 0.3000000000000001
1.0 0.16550348953140578 8.997 33.2 0.3100000000000001
1.0 0.16550348953140578 8.997 33.2 0.3200000000000001
1.0 0.16450648055832504 8.997 33.0 0.3300000000000001
1.0 0.16350947158524426 8.997 32.8 0.34000000000000014
1.0 0.16350947158524426 8.997 32.8 0.35000000000000014
1.0 0.16051844466600199 8.997 32.2 0.36000000000000015
1.0 0.16051844466600199 8.997 32.2 0.37000000000000016
1.0 0.15952143569292124 8.997 32.0 0.38000000000000017
1.0 0.1585244267198405 8.997 31.8 0.3900000000000002
1.0 0.15453639082751744 8.997 31.0 0.4000000000000002
1.0 0.15154536390827517 8.997 30.4 0.4100000000000002
1.0 0.1485543369890329 8.997 29.8 0.4200000000000002
1.0 0.1415752741774676 8.997 28.4 0.4300000000000002
1.0 0.13958125623130607 8.997 28.0 0.4400000000000002
1.0 0.13758723828514458 8.997 27.6 0.45000000000000023
1.0 0.13559322033898305 8.997 27.2 0.46000000000000024
1.0 0.13559322033898305 8.997 27.2 0.47000000000000025
1.0 0.13359920239282153 8.997 26.8 0.48000000000000026
1.0 0.13160518444666003 8.997 26.4 0.49000000000000027
1.0 0.13060817547357925 8.997 26.2 0.5000000000000002
1.0 0.13060817547357925 8.997 26.2 0.5100000000000002
1.0 0.12761714855433698 8.997 25.6 0.5200000000000002
1.0 0.12761714855433698 8.997 25.6 0.5300000000000002
1.0 0.12761714855433698 8.997 25.6 0.5400000000000003
1.0 0.12761714855433698 8.997 25.6 0.5500000000000003
1.0 0.12761714855433698 8.997 25.6 0.5600000000000003
1.0 0.12761714855433698 8.997 25.6 0.5700000000000003
1.0 0.12761714855433698 8.997 25.6 0.5800000000000003
1.0 0.12662013958125623 8.997 25.4 0.5900000000000003
1.0 0.12662013958125623 8.997 25.4 0.6000000000000003
1.0 0.12662013958125623 8.997 25.4 0.6100000000000003
1.0 0.12562313060817548 8.997 25.2 0.6200000000000003
1.0 0.12562313060817548 8.997 25.2 0.6300000000000003
1.0 0.12462612163509472 8.997 25.0 0.6400000000000003
1.0 0.12163509471585245 8.997 24.4 0.6500000000000004
1.0 0.12163509471585245 8.997 24.4 0.6600000000000004
1.0 0.12063808574277168 8.997 24.2 0.6700000000000004
1.0 0.11665004985044865 8.997 23.4 0.6800000000000004
1.0 0.11365902293120637 8.997 22.8 0.6900000000000004
1.0 0.11365902293120637 8.997 22.8 0.7000000000000004
1.0 0.1106679960119641 8.997 22.2 0.7100000000000004
1.0 0.10967098703888335 8.997 22.0 0.7200000000000004
1.0 0.10269192422731804 8.997 20.6 0.7300000000000004
1.0 0.09970089730807577 8.997 20.0 0.7400000000000004
1.0 0.09371884346959122 8.997 18.8 0.7500000000000004
1.0 0.09172482552342971 8.997 18.4 0.7600000000000005
1.0 0.0897308075772682 8.997 18.0 0.7700000000000005
1.0 0.0897308075772682 8.997 18.0 0.7800000000000005
1.0 0.0897308075772682 8.997 18.0 0.7900000000000005
1.0 0.08873379860418744 8.997 17.8 0.8000000000000005
1.0 0.08873379860418744 8.997 17.8 0.8100000000000005
1.0 0.08873379860418744 8.997 17.8 0.8200000000000005
1.0 0.08873379860418744 8.997 17.8 0.8300000000000005
1.0 0.08873379860418744 8.997 17.8 0.8400000000000005
1.0 0.08773678963110668 8.997 17.6 0.8500000000000005
0.999888851839502 0.08673978065802593 8.996 17.4 0.8600000000000005
0.9996665555185061 0.08673978065802593 8.994 17.4 0.8700000000000006
0.9996665555185061 0.08673978065802593 8.994 17.4 0.8800000000000006
0.9995554073580082 0.08673978065802593 8.993 17.4 0.8900000000000006
0.9995554073580082 0.08374875373878365 8.993 16.8 0.9000000000000006
0.9995554073580082 0.08374875373878365 8.993 16.8 0.9100000000000006
0.9995554073580082 0.08374875373878365 8.993 16.8 0.9200000000000006
0.9993331110370124 0.08275174476570289 8.991 16.6 0.9300000000000006
0.9992219628765144 0.08175473579262213 8.99 16.4 0.9400000000000006
0.9989996665555185 0.08175473579262213 8.988 16.4 0.9500000000000006
0.9987773702345226 0.07976071784646062 8.986 16.0 0.9600000000000006
0.9984439257530288 0.07676969092721835 8.983 15.4 0.9700000000000006
0.9978881849505391 0.07377866400797607 8.978 14.8 0.9800000000000006
0.9965544070245638 0.06679960119641076 8.966 13.4 0.9900000000000007
0.0 0.0 0.0 0.0
