1.0 1.0 14.995 50.15 0.0
1.0 0.8514456630109671 14.995 42.7 0.01
1.0 0.744765702891326 14.995 37.35 0.02
1.0 0.6879361914257228 14.995 34.5 0.03
1.0 0.6480558325024925 14.995 32.5 0.04
1.0 0.6211365902293121 14.995 31.15 0.05
1.0 0.5543369890329013 14.995 27.8 0.060000000000000005
1.0 0.5543369890329013 14.995 27.8 0.07
1.0 0.5363908275174477 14.995 26.9 0.08
1.0 0.518444666001994 14.995 26.0 0.09
1.0 0.5034895314057827 14.995 25.25 0.09999999999999999
1.0 0.4865403788634098 14.995 24.4 0.10999999999999999
1.0 0.47258225324027914 14.995 23.7 0.11999999999999998
1.0 0.4646061814556331 14.995 23.3 0.12999999999999998
1.0 0.4576271186440678 14.995 22.95 0.13999999999999999
1.0 0.4456630109670987 14.995 22.35 0.15
1.0 0.4336989032901296 14.995 21.75 0.16
1.0 0.42771684945164506 14.995 21.45 0.17
1.0 0.3938185443668993 14.995 19.75 0.18000000000000002
1.0 0.3818544366899302 14.995 19.15 0.19000000000000003
1.0 0.37686939182452645 14.995 18.9 0.20000000000000004
1.0 0.36191425722831505 14.995 18.15 0.21000000000000005
1.0 0.353938185443669 14.995 17.75 0.22000000000000006
1.0 0.3459621136590229 14.995 17.35 0.23000000000000007
1.0 0.3389830508474576 14.995 17.0 0.24000000000000007
1.0 0.3339980059820538 14.995 16.75 0.25000000000000006
1.0 0.325024925224327 14.995 16.3 0.26000000000000006
1.0 0.3230309072781655 14.995 16.2 0.2700000000000001
1.0 0.3200398803589232 14.995 16.05 0.2800000000000001
1.0 0.3180458624127617 14.995 15.95 0.2900000000000001
1.0 0.3160518444666002 14.995 15.85 0.3000000000000001
1.0 0.3120638085742772 14.995 15.65 0.3100000000000001
1.0 0.3100697906281156 14.995 15.55 0.3200000000000001
1.0 0.30608175473579263 14.995 15.35 0.3300000000000001
1.0 0.3040877367896311 14.995 15.25 0.34000000000000014
1.0 0.3020937188434696 14.995 15.15 0.35000000000000014
1.0 0.29910269192422734 14.995 15.0 0.36000000000000015
1.0 0.29411764705882354 14.995 14.75 0.37000000000000016
1.0 0.2901296111665005 14.995 14.55 0.38000000000000017
1.0 0.28414755732801594 14.995 14.25 0.3900000000000002
1.0 0.2761714855433699 14.995 13.85 0.4000000000000002
1.0 0.2691924227318046 14.995 13.5 0.4100000000000002
1.0 0.26021934197407776 14.995 13.05 0.4200000000000002
1.0 0.24925224327018944 14.995 12.5 0.4300000000000002
1.0 0.2382851445663011 14.995 11.95 0.4400000000000002
1.0 0.23030907278165502 14.995 11.55 0.45000000000000023
1.0 0.21834496510468593 14.995 10.95 0.46000000000000024
1.0 0.21136590229312063 14.995 10.6 0.47000000000000025
1.0 0.2023928215353938 14.995 10.15 0.48000000000000026
1.0 0.20039880358923232 14.995 10.05 0.49000000000000027
1.0 0.19541375872382852 14.995 9.8 0.5000000000000002
1.0 0.18943170488534397 14.995 9.5 0.5100000000000002
1.0 0.18444666001994017 14.995 9.25 0.5200000000000002
1.0 0.1814556331006979 14.995 9.1 0.5300000000000002
1.0 0.1794616151545364 14.995 9.0 0.5400000000000003
1.0 0.17746759720837488 14.995 8.9 0.5500000000000003
1.0 0.17746759720837488 14.995 8.9 0.5600000000000003
1.0 0.17347956131605186 14.995 8.7 0.5700000000000003
1.0 0.17347956131605186 14.995 8.7 0.5800000000000003
1.0 0.17347956131605186 14.995 8.7 0.5900000000000003
1.0 0.17148554336989033 14.995 8.6 0.6000000000000003
1.0 0.17048853439680958 14.995 8.55 0.6100000000000003
1.0 0.1694915254237288 14.995 8.5 0.6200000000000003
1.0 0.16849451645064806 14.995 8.45 0.6300000000000003
0.999888851839502 0.16849451645064806 14.993333333333334 8.45 0.6400000000000003
0.999888851839502 0.16849451645064806 14.993333333333334 8.45 0.6500000000000004
0.999888851839502 0.16350947158524426 14.993333333333334 8.2 0.6600000000000004
0.999888851839502 0.16151545363908276 14.993333333333334 8.1 0.6700000000000004
0.999888851839502 0.1575274177467597 14.993333333333334 7.9 0.6800000000000004
0.999888851839502 0.1485543369890329 14.993333333333334 7.45 0.6900000000000004
0.999888851839502 0.13758723828514458 14.993333333333334 6.9 0.7000000000000004
0.999888851839502 0.13359920239282153 14.993333333333334 6.7 0.7100000000000004
0.999888851839502 0.12163509471585245 14.993333333333334 6.1 0.7200000000000004
0.999888851839502 0.1106679960119641 14.993333333333334 5.55 0.7300000000000004
0.999888851839502 0.10069790628115653 14.993333333333334 5.05 0.7400000000000004
0.9997777036790041 0.0967098703888335 14.991666666666667 4.85 0.7500000000000004
0.9997777036790041 0.0897308075772682 14.991666666666667 4.5 0.7600000000000005
0.9996665555185061 0.08374875373878365 14.99 4.2 0.7700000000000005
0.9996665555185061 0.07676969092721835 14.99 3.85 0.7800000000000005
0.9996665555185061 0.07577268195413758 14.99 3.8 0.7900000000000005
0.9996665555185061 0.07477567298105683 14.99 3.75 0.8000000000000005
0.9995554073580082 0.07477567298105683 14.988333333333333 3.75 0.8100000000000005
0.9994442591975102 0.07377866400797607 14.986666666666666 3.7 0.8200000000000005
0.9993331110370124 0.07377866400797607 14.985 3.7 0.8300000000000005
0.9992219628765144 0.07178464606181456 14.983333333333333 3.6 0.8400000000000005
0.9986662220740247 0.06879361914257229 14.975 3.45 0.8500000000000005
0.998110481271535 0.06380857427716849 14.966666666666667 3.2 0.8600000000000005
0.9976658886295432 0.05782652043868395 14.96 2.9 0.8700000000000006
0.9964432588640658 0.05084745762711865 14.941666666666666 2.55 0.8800000000000006
0.9946648882960987 0.04287138584247258 14.915 2.15 0.8900000000000006
0.9936645548516172 0.03389830508474576 14.9 1.7 0.9000000000000006
0.991997332444148 0.024925224327018942 14.875 1.25 0.9100000000000006
0.9908858508391686 0.013958125623130608 14.858333333333333 0.7 0.9200000000000006
0.9892186284316995 0.00897308075772682 14.833333333333334 0.45 0.9300000000000006
0.9873291097032344 0.003988035892323031 14.805 0.2 0.9400000000000006
0.9858841836167611 0.0019940179461615153 14.783333333333333 0.1 0.9500000000000006
0.9846615538512837 0.0 14.765 0.0 0.9600000000000006
0.9827720351228187 0.0 14.736666666666666 0.0 0.9700000000000006
0.9771034789374236 0.0 14.651666666666667 0.0 0.9800000000000006
0.9604312548627321 0.0 14.401666666666667 0.0 0.9900000000000007
0.0 0.0 0.0 0.0
