1.0 1.0 89.97 3.7849056603773583 0.0
1.0 0.9970089730807578 89.97 3.7735849056603774 0.01
1.0 0.9870388833499502 89.97 3.7358490566037736 0.02
1.0 0.9790628115653041 89.97 3.7056603773584906 0.03
1.0 0.9730807577268196 89.97 3.6830188679245284 0.04
1.0 0.9651046859421735 89.97 3.6528301886792454 0.05
1.0 0.9571286141575274 89.97 3.6226415094339623 0.060000000000000005
1.0 0.9571286141575274 89.97 3.6226415094339623 0.07
1.0 0.9541375872382851 89.97 3.611320754716981 0.08
1.0 0.9531405782652044 89.97 3.607547169811321 0.09
1.0 0.9521435692921236 89.97 3.6037735849056602 0.09999999999999999
1.0 0.9511465603190429 89.97 3.6 0.10999999999999999
1.0 0.9491525423728814 89.97 3.5924528301886793 0.11999999999999998
1.0 0.9481555333998006 89.97 3.5886792452830187 0.12999999999999998
1.0 0.9471585244267199 89.97 3.5849056603773586 0.13999999999999999
1.0 0.9461615154536391 89.97 3.581132075471698 0.15
1.0 0.9451645064805583 89.97 3.577358490566038 0.16
1.0 0.942173479561316 89.97 3.5660377358490565 0.17
1.0 0.9391824526420738 89.97 3.5547169811320756 0.18000000000000002
1.0 0.9361914257228315 89.97 3.543396226415094 0.19000000000000003
1.0 0.9292123629112662 89.97 3.516981132075472 0.20000000000000004
1.0 0.9272183449651047 89.97 3.509433962264151 0.21000000000000005
1.0 0.922233300099701 89.97 3.490566037735849 0.22000000000000006
1.0 0.9212362911266201 89.97 3.486792452830189 0.23000000000000007
1.0 0.9212362911266201 89.97 3.486792452830189 0.24000000000000007
1.0 0.9192422731804586 89.97 3.479245283018868 0.25000000000000006
1.0 0.9182452642073778 89.97 3.4754716981132074 0.26000000000000006
1.0 0.9182452642073778 89.97 3.4754716981132074 0.2700000000000001
1.0 0.9182452642073778 89.97 3.4754716981132074 0.2800000000000001
1.0 0.9182452642073778 89.97 3.4754716981132074 0.2900000000000001
1.0 0.9182452642073778 89.97 3.4754716981132074 0.3000000000000001
1.0 0.9182452642073778 89.97 3.4754716981132074 0.3100000000000001
1.0 0.9182452642073778 89.97 3.4754716981132074 0.3200000000000001
1.0 0.9182452642073778 89.97 3.4754716981132074 0.3300000000000001
1.0 0.9172482552342971 89.97 3.4716981132075473 0.34000000000000014
1.0 0.9162512462612163 89.97 3.4679245283018867 0.35000000000000014
1.0 0.9162512462612163 89.97 3.4679245283018867 0.36000000000000015
1.0 0.9152542372881356 89.97 3.4641509433962265 0.37000000000000016
1.0 0.9132602193419741 89.97 3.456603773584906 0.38000000000000017
1.0 0.9072781655034895 89.97 3.4339622641509435 0.3900000000000002
1.0 0.9062811565304087 89.97 3.430188679245283 0.4000000000000002
1.0 0.901296111665005 89.97 3.4113207547169813 0.4100000000000002
1.0 0.8963110667996012 89.97 3.392452830188679 0.4200000000000002
1.0 0.8953140578265204 89.97 3.388679245283019 0.4300000000000002
1.0 0.8923230309072782 89.97 3.3773584905660377 0.4400000000000002
1.0 0.8893320039880359 89.97 3.3660377358490567 0.45000000000000023
1.0 0.8873379860418744 89.97 3.358490566037736 0.46000000000000024
1.0 0.8853439680957128 89.97 3.3509433962264152 0.47000000000000025
1.0 0.8843469591226321 89.97 3.3471698113207546 0.48000000000000026
1.0 0.8823529411764706 89.97 3.339622641509434 0.49000000000000027
1.0 0.8803589232303091 89.97 3.332075471698113 0.5000000000000002
1.0 0.8783649052841476 89.97 3.3245283018867924 0.5100000000000002
1.0 0.8773678963110668 89.97 3.3207547169811322 0.5200000000000002
1.0 0.8773678963110668 89.97 3.3207547169811322 0.5300000000000002
1.0 0.8773678963110668 89.97 3.3207547169811322 0.5400000000000003
1.0 0.8773678963110668 89.97 3.3207547169811322 0.5500000000000003
1.0 0.8773678963110668 89.97 3.3207547169811322 0.5600000000000003
1.0 0.8773678963110668 89.97 3.3207547169811322 0.5700000000000003
1.0 0.8763708873379861 89.97 3.3169811320754716 0.5800000000000003
1.0 0.8753738783649053 89.97 3.3132075471698115 0.5900000000000003
1.0 0.8743768693918246 89.97 3.309433962264151 0.6000000000000003
1.0 0.8733798604187437 89.97 3.3056603773584907 0.6100000000000003
1.0 0.8733798604187437 89.97 3.3056603773584907 0.6200000000000003
1.0 0.872382851445663 89.97 3.30188679245283 0.6300000000000003
1.0 0.864406779661017 89.97 3.271698113207547 0.6400000000000003
1.0 0.8624127617148555 89.97 3.2641509433962264 0.6500000000000004
1.0 0.8514456630109671 89.97 3.2226415094339624 0.6600000000000004
1.0 0.8464606181455633 89.97 3.2037735849056603 0.6700000000000004
1.0 0.8325024925224327 89.97 3.150943396226415 0.6800000000000004
1.0 0.8175473579262214 89.97 3.0943396226415096 0.6900000000000004
1.0 0.8075772681954138 89.97 3.056603773584906 0.7000000000000004
1.0 0.7906281156530409 89.97 2.9924528301886792 0.7100000000000004
1.0 0.765702891326022 89.97 2.8981132075471696 0.7200000000000004
1.0 0.7517447657028913 89.97 2.8452830188679243 0.7300000000000004
1.0 0.7337986041874377 89.97 2.7773584905660376 0.7400000000000004
1.0 0.7138584247258225 89.97 2.70188679245283 0.7500000000000004
1.0 0.6989032901296112 89.97 2.6452830188679246 0.7600000000000005
0.999888851839502 0.6849451645064806 89.96 2.5924528301886793 0.7700000000000005
0.9997777036790041 0.6719840478564307 89.95 2.543396226415094 0.7800000000000005
0.9995554073580082 0.6630109670987039 89.93 2.509433962264151 0.7900000000000005
0.9991108147160165 0.6590229312063809 89.89 2.4943396226415095 0.8000000000000005
0.9979993331110371 0.6490528414755733 89.79 2.456603773584906 0.8100000000000005
0.9957763699010781 0.6390827517447657 89.59 2.418867924528302 0.8200000000000005
0.9914415916416583 0.6241276171485544 89.2 2.362264150943396 0.8300000000000005
0.98432810936979 0.6101694915254238 88.56 2.309433962264151 0.8400000000000005
0.9709903301100367 0.5942173479561316 87.36 2.249056603773585 0.8500000000000005
0.9520951428253862 0.555333998005982 85.66 2.1018867924528304 0.8600000000000005
0.9246415471823941 0.5064805583250249 83.19 1.9169811320754717 0.8700000000000006
0.8804045793042126 0.4546360917248255 79.21 1.7207547169811321 0.8800000000000006
0.8309436478826275 0.3948155533399801 74.76 1.4943396226415093 0.8900000000000006
0.7731466044236968 0.31306081754735793 69.56 1.1849056603773584 0.9000000000000006
0.7184617094587085 0.226321036889332 64.64 0.8566037735849057 0.9100000000000006
0.6708902967655885 0.16051844466600199 60.36 0.6075471698113207 0.9200000000000006
0.6341002556407691 0.10468594217347957 57.05 0.39622641509433965 0.9300000000000006
0.6039791041458263 0.07577268195413758 54.34 0.28679245283018867 0.9400000000000006
0.5824163610092253 0.05982053838484546 52.4 0.22641509433962265 0.9500000000000006
0.5636323218850728 0.0518444666001994 50.71 0.19622641509433963 0.9600000000000006
0.5420695787484717 0.0518444666001994 48.77 0.19622641509433963 0.9700000000000006
0.5033900188951873 0.05084745762711865 45.29 0.19245283018867926 0.9800000000000006
0.4061353784594865 0.049850448654037885 36.54 0.18867924528301888 0.9900000000000007
0.0 0.0 0.0 0.0
