1.0 1.0 22.4925 50.15 0.0
1.0 0.9192422731804586 22.4925 46.1 0.01
1.0 0.8374875373878365 22.4925 42.0 0.02
1.0 0.7996011964107677 22.4925 40.1 0.03
1.0 0.7726819541375872 22.4925 38.75 0.04
1.0 0.7547357926221336 22.4925 37.85 0.05
1.0 0.7218344965104686 22.4925 36.2 0.060000000000000005
1.0 0.7218344965104686 22.4925 36.2 0.07
1.0 0.7048853439680958 22.4925 35.35 0.08
1.0 0.6959122632103689 22.4925 34.9 0.09
1.0 0.6879361914257228 22.4925 34.5 0.09999999999999999
1.0 0.6779661016949152 22.4925 34.0 0.10999999999999999
1.0 0.67098703888335 22.4925 33.65 0.11999999999999998
1.0 0.6650049850448654 22.4925 33.35 0.12999999999999998
1.0 0.6560319042871385 22.4925 32.9 0.13999999999999999
1.0 0.646061814556331 22.4925 32.4 0.15
1.0 0.6261216350947159 22.4925 31.4 0.16
1.0 0.6161515453639083 22.4925 30.9 0.17
1.0 0.5922233300099701 22.4925 29.7 0.18000000000000002
1.0 0.5772681954137587 22.4925 28.95 0.19000000000000003
1.0 0.5702891326021934 22.4925 28.6 0.20000000000000004
1.0 0.5603190428713859 22.4925 28.1 0.21000000000000005
1.0 0.5543369890329013 22.4925 27.8 0.22000000000000006
1.0 0.5483549351944168 22.4925 27.5 0.23000000000000007
1.0 0.5443668993020937 22.4925 27.3 0.24000000000000007
1.0 0.5403788634097707 22.4925 27.1 0.25000000000000006
1.0 0.5363908275174477 22.4925 26.9 0.26000000000000006
1.0 0.5343968095712861 22.4925 26.8 0.2700000000000001
1.0 0.5333998005982054 22.4925 26.75 0.2800000000000001
1.0 0.5284147557328016 22.4925 26.5 0.2900000000000001
1.0 0.5274177467597209 22.4925 26.45 0.3000000000000001
1.0 0.5244267198404786 22.4925 26.3 0.3100000000000001
1.0 0.5234297108673978 22.4925 26.25 0.3200000000000001
1.0 0.5214356929212363 22.4925 26.15 0.3300000000000001
1.0 0.5174476570289133 22.4925 25.95 0.34000000000000014
1.0 0.5154536390827518 22.4925 25.85 0.35000000000000014
1.0 0.5054835493519442 22.4925 25.35 0.36000000000000015
1.0 0.4995014955134596 22.4925 25.05 0.37000000000000016
1.0 0.49252243270189433 22.4925 24.7 0.38000000000000017
1.0 0.4865403788634098 22.4925 24.4 0.3900000000000002
1.0 0.4795613160518445 22.4925 24.05 0.4000000000000002
1.0 0.4675972083748754 22.4925 23.45 0.4100000000000002
1.0 0.4556331006979063 22.4925 22.85 0.4200000000000002
1.0 0.4436689930209372 22.4925 22.25 0.4300000000000002
1.0 0.4287138584247258 22.4925 21.5 0.4400000000000002
1.0 0.4137587238285145 22.4925 20.75 0.45000000000000023
1.0 0.4037886340977069 22.4925 20.25 0.46000000000000024
1.0 0.3918245264207378 22.4925 19.65 0.47000000000000025
1.0 0.38584247258225324 22.4925 19.35 0.48000000000000026
1.0 0.37686939182452645 22.4925 18.9 0.49000000000000027
1.0 0.3748753738783649 22.4925 18.8 0.5000000000000002
1.0 0.36889332003988035 22.4925 18.5 0.5100000000000002
1.0 0.3659022931206381 22.4925 18.35 0.5200000000000002
1.0 0.3589232303090728 22.4925 18.0 0.5300000000000002
1.0 0.3589232303090728 22.4925 18.0 0.5400000000000003
1.0 0.3559322033898305 22.4925 17.85 0.5500000000000003
1.0 0.35493519441674976 22.4925 17.8 0.5600000000000003
1.0 0.35294117647058826 22.4925 17.7 0.5700000000000003
1.0 0.3509471585244267 22.4925 17.6 0.5800000000000003
1.0 0.3509471585244267 22.4925 17.6 0.5900000000000003
1.0 0.3509471585244267 22.4925 17.6 0.6000000000000003
1.0 0.3509471585244267 22.4925 17.6 0.6100000000000003
1.0 0.3509471585244267 22.4925 17.6 0.6200000000000003
1.0 0.3489531405782652 22.4925 17.5 0.6300000000000003
1.0 0.34297108673978066 22.4925 17.2 0.6400000000000003
1.0 0.33798604187437686 22.4925 16.95 0.6500000000000004
1.0 0.33100697906281157 22.4925 16.6 0.6600000000000004
1.0 0.3270189431704885 22.4925 16.4 0.6700000000000004
1.0 0.3150548354935194 22.4925 15.8 0.6800000000000004
1.0 0.30109670987038883 22.4925 15.1 0.6900000000000004
1.0 0.28913260219341974 22.4925 14.5 0.7000000000000004
1.0 0.2662013958125623 22.4925 13.35 0.7100000000000004
1.0 0.23728813559322035 22.4925 11.9 0.7200000000000004
1.0 0.22432701894317048 22.4925 11.25 0.7300000000000004
1.0 0.20837487537387836 22.4925 10.45 0.7400000000000004
1.0 0.1914257228315055 22.4925 9.6 0.7500000000000004
1.0 0.17746759720837488 22.4925 8.9 0.7600000000000005
1.0 0.16350947158524426 22.4925 8.2 0.7700000000000005
1.0 0.15254237288135594 22.4925 7.65 0.7800000000000005
1.0 0.14356929212362912 22.4925 7.2 0.7900000000000005
0.999888851839502 0.13758723828514458 22.49 6.9 0.8000000000000005
0.999888851839502 0.1365902293120638 22.49 6.85 0.8100000000000005
0.9996665555185061 0.13559322033898305 22.485 6.8 0.8200000000000005
0.9992219628765144 0.13260219341974078 22.475 6.65 0.8300000000000005
0.9982216294320329 0.13060817547357925 22.4525 6.55 0.8400000000000005
0.9969989996665555 0.1296111665004985 22.425 6.5 0.8500000000000005
0.9947760364565966 0.12063808574277168 22.375 6.05 0.8600000000000005
0.9905524063576748 0.1106679960119641 22.28 5.55 0.8700000000000006
0.9855507391352674 0.0967098703888335 22.1675 4.85 0.8800000000000006
0.9788818495053907 0.08574277168494517 22.0175 4.3 0.8900000000000006
0.9737690341224853 0.06679960119641076 21.9025 3.35 0.9000000000000006
0.9672112926531066 0.0518444666001994 21.755 2.6 0.9100000000000006
0.962320773591197 0.03589232303090728 21.645 1.8 0.9200000000000006
0.9586528842947649 0.01794616151545364 21.5625 0.9 0.9300000000000006
0.9548738468378348 0.00897308075772682 21.4775 0.45 0.9400000000000006
0.9502056240969212 0.003988035892323031 21.3725 0.2 0.9500000000000006
0.946648882960987 0.0 21.2925 0.0 0.9600000000000006
0.9404245859731022 0.0 21.1525 0.0 0.9700000000000006
0.9251972879848839 0.0 20.81 0.0 0.9800000000000006
0.8806268756252084 0.0 19.8075 0.0 0.9900000000000007
0.0 0.0 0.0 0.0
