1.0 1.0 17.994 22.288888888888888 0.0
1.0 0.909272183449651 17.994 20.266666666666666 0.01
1.0 0.8265204386839482 17.994 18.42222222222222 0.02
1.0 0.7786640079760718 17.994 17.355555555555554 0.03
1.0 0.7457627118644068 17.994 16.622222222222224 0.04
1.0 0.7208374875373879 17.994 16.066666666666666 0.05
1.0 0.6839481555333998 17.994 15.244444444444444 0.060000000000000005
1.0 0.6839481555333998 17.994 15.244444444444444 0.07
1.0 0.6729810568295115 17.994 15.0 0.08
1.0 0.6600199401794616 17.994 14.71111111111111 0.09
1.0 0.650049850448654 17.994 14.488888888888889 0.09999999999999999
1.0 0.6430707876370887 17.994 14.333333333333334 0.10999999999999999
1.0 0.6390827517447657 17.994 14.244444444444444 0.11999999999999998
1.0 0.6360917248255235 17.994 14.177777777777777 0.12999999999999998
1.0 0.634097706879362 17.994 14.133333333333333 0.13999999999999999
1.0 0.6281156530408774 17.994 14.0 0.15
1.0 0.6191425722831505 17.994 13.8 0.16
1.0 0.6081754735792622 17.994 13.555555555555555 0.17
1.0 0.580259222333001 17.994 12.933333333333334 0.18000000000000002
1.0 0.5722831505483549 17.994 12.755555555555556 0.19000000000000003
1.0 0.5623130608175474 17.994 12.533333333333333 0.20000000000000004
1.0 0.5583250249252243 17.994 12.444444444444445 0.21000000000000005
1.0 0.5523429710867398 17.994 12.311111111111112 0.22000000000000006
1.0 0.5443668993020937 17.994 12.133333333333333 0.23000000000000007
1.0 0.5403788634097707 17.994 12.044444444444444 0.24000000000000007
1.0 0.5373878364905285 17.994 11.977777777777778 0.25000000000000006
1.0 0.5353938185443669 17.994 11.933333333333334 0.26000000000000006
1.0 0.5353938185443669 17.994 11.933333333333334 0.2700000000000001
1.0 0.5284147557328016 17.994 11.777777777777779 0.2800000000000001
1.0 0.5264207377866401 17.994 11.733333333333333 0.2900000000000001
1.0 0.5264207377866401 17.994 11.733333333333333 0.3000000000000001
1.0 0.522432701894317 17.994 11.644444444444444 0.3100000000000001
1.0 0.5174476570289133 17.994 11.533333333333333 0.3200000000000001
1.0 0.5164506480558325 17.994 11.511111111111111 0.3300000000000001
1.0 0.514456630109671 17.994 11.466666666666667 0.34000000000000014
1.0 0.5094715852442672 17.994 11.355555555555556 0.35000000000000014
1.0 0.5014955134596212 17.994 11.177777777777777 0.36000000000000015
1.0 0.4965104685942173 17.994 11.066666666666666 0.37000000000000016
1.0 0.4885343968095713 17.994 10.88888888888889 0.38000000000000017
1.0 0.481555333998006 17.994 10.733333333333333 0.3900000000000002
1.0 0.4765702891326022 17.994 10.622222222222222 0.4000000000000002
1.0 0.4626121635094716 17.994 10.311111111111112 0.4100000000000002
1.0 0.45164506480558325 17.994 10.066666666666666 0.4200000000000002
1.0 0.4456630109670987 17.994 9.933333333333334 0.4300000000000002
1.0 0.4317048853439681 17.994 9.622222222222222 0.4400000000000002
1.0 0.4217347956131605 17.994 9.4 0.45000000000000023
1.0 0.4167497507477567 17.994 9.28888888888889 0.46000000000000024
1.0 0.4077766699900299 17.994 9.088888888888889 0.47000000000000025
1.0 0.39282153539381853 17.994 8.755555555555556 0.48000000000000026
1.0 0.3818544366899302 17.994 8.511111111111111 0.49000000000000027
1.0 0.37686939182452645 17.994 8.4 0.5000000000000002
1.0 0.37188434695912265 17.994 8.28888888888889 0.5100000000000002
1.0 0.3678963110667996 17.994 8.2 0.5200000000000002
1.0 0.35692921236291125 17.994 7.955555555555556 0.5300000000000002
1.0 0.35493519441674976 17.994 7.911111111111111 0.5400000000000003
1.0 0.35493519441674976 17.994 7.911111111111111 0.5500000000000003
1.0 0.353938185443669 17.994 7.888888888888889 0.5600000000000003
1.0 0.35194416749750745 17.994 7.844444444444444 0.5700000000000003
1.0 0.34995014955134596 17.994 7.8 0.5800000000000003
1.0 0.34995014955134596 17.994 7.8 0.5900000000000003
1.0 0.3459621136590229 17.994 7.711111111111111 0.6000000000000003
1.0 0.34297108673978066 17.994 7.644444444444445 0.6100000000000003
1.0 0.3389830508474576 17.994 7.555555555555555 0.6200000000000003
1.0 0.3339980059820538 17.994 7.444444444444445 0.6300000000000003
1.0 0.33100697906281157 17.994 7.377777777777778 0.6400000000000003
1.0 0.325024925224327 17.994 7.2444444444444445 0.6500000000000004
1.0 0.3150548354935194 17.994 7.022222222222222 0.6600000000000004
1.0 0.3050847457627119 17.994 6.8 0.6700000000000004
1.0 0.29910269192422734 17.994 6.666666666666667 0.6800000000000004
1.0 0.2851445663010967 17.994 6.355555555555555 0.6900000000000004
1.0 0.2781655034895314 17.994 6.2 0.7000000000000004
1.0 0.2691924227318046 17.994 6.0 0.7100000000000004
1.0 0.2572283150548355 17.994 5.733333333333333 0.7200000000000004
1.0 0.24426719840478564 17.994 5.444444444444445 0.7300000000000004
1.0 0.23529411764705882 17.994 5.2444444444444445 0.7400000000000004
1.0 0.22432701894317048 17.994 5.0 0.7500000000000004
1.0 0.21834496510468593 17.994 4.866666666666666 0.7600000000000005
1.0 0.20937188434695914 17.994 4.666666666666667 0.7700000000000005
1.0 0.20139581256231306 17.994 4.488888888888889 0.7800000000000005
0.999888851839502 0.19940179461615154 17.992 4.444444444444445 0.7900000000000005
0.999888851839502 0.19541375872382852 17.992 4.355555555555555 0.8000000000000005
0.9996665555185061 0.18843469591226322 17.988 4.2 0.8100000000000005
0.9993331110370124 0.18544366899302095 17.982 4.133333333333334 0.8200000000000005
0.9993331110370124 0.18045862412761715 17.982 4.022222222222222 0.8300000000000005
0.9992219628765144 0.17547357926221335 17.98 3.911111111111111 0.8400000000000005
0.998110481271535 0.17347956131605186 17.96 3.8666666666666667 0.8500000000000005
0.9969989996665555 0.17048853439680958 17.94 3.8 0.8600000000000005
0.9951094809380905 0.1625124626121635 17.906 3.6222222222222222 0.8700000000000006
0.991997332444148 0.15054835493519442 17.85 3.3555555555555556 0.8800000000000006
0.9886628876292097 0.14057826520438685 17.79 3.1333333333333333 0.8900000000000006
0.9853284428142715 0.1296111665004985 17.73 2.888888888888889 0.9000000000000006
0.9815494053573414 0.1226321036889332 17.662 2.7333333333333334 0.9100000000000006
0.9787707013448927 0.11665004985044865 17.612 2.6 0.9200000000000006
0.9754362565299545 0.10667996011964108 17.552 2.3777777777777778 0.9300000000000006
0.9734355896409914 0.1016949152542373 17.516 2.2666666666666666 0.9400000000000006
0.9713237745915305 0.0967098703888335 17.478 2.1555555555555554 0.9500000000000006
0.9686562187395799 0.09471585244267199 17.43 2.111111111111111 0.9600000000000006
0.9630988107146826 0.09371884346959122 17.33 2.088888888888889 0.9700000000000006
0.9522062909858842 0.09371884346959122 17.134 2.088888888888889 0.9800000000000006
0.9194175836389907 0.09371884346959122 16.544 2.088888888888889 0.9900000000000007
0.0 0.0 0.0 0.0
