1.0 1.0 44.985 66.86666666666666 0.0
1.0 0.9770687936191426 44.985 65.33333333333333 0.01
1.0 0.942173479561316 44.985 63.0 0.02
1.0 0.9252243270189432 44.985 61.86666666666667 0.03
1.0 0.9132602193419741 44.985 61.06666666666667 0.04
1.0 0.9062811565304087 44.985 60.6 0.05
1.0 0.8843469591226321 44.985 59.13333333333333 0.060000000000000005
1.0 0.8843469591226321 44.985 59.13333333333333 0.07
1.0 0.8753738783649053 44.985 58.53333333333333 0.08
1.0 0.8673978065802592 44.985 58.0 0.09
1.0 0.8584247258225324 44.985 57.4 0.09999999999999999
1.0 0.8524426719840479 44.985 57.0 0.10999999999999999
1.0 0.8484546360917248 44.985 56.733333333333334 0.11999999999999998
1.0 0.8464606181455633 44.985 56.6 0.12999999999999998
1.0 0.843469591226321 44.985 56.4 0.13999999999999999
1.0 0.8374875373878365 44.985 56.0 0.15
1.0 0.8305084745762712 44.985 55.53333333333333 0.16
1.0 0.8245264207377866 44.985 55.13333333333333 0.17
1.0 0.8125623130608175 44.985 54.333333333333336 0.18000000000000002
1.0 0.8045862412761715 44.985 53.8 0.19000000000000003
1.0 0.7966101694915254 44.985 53.266666666666666 0.20000000000000004
1.0 0.7886340977068793 44.985 52.733333333333334 0.21000000000000005
1.0 0.7836490528414756 44.985 52.4 0.22000000000000006
1.0 0.7756729810568295 44.985 51.86666666666667 0.23000000000000007
1.0 0.7706879361914257 44.985 51.53333333333333 0.24000000000000007
1.0 0.7706879361914257 44.985 51.53333333333333 0.25000000000000006
1.0 0.769690927218345 44.985 51.46666666666667 0.26000000000000006
1.0 0.769690927218345 44.985 51.46666666666667 0.2700000000000001
1.0 0.7676969092721835 44.985 51.333333333333336 0.2800000000000001
1.0 0.7676969092721835 44.985 51.333333333333336 0.2900000000000001
1.0 0.7676969092721835 44.985 51.333333333333336 0.3000000000000001
1.0 0.765702891326022 44.985 51.2 0.3100000000000001
1.0 0.765702891326022 44.985 51.2 0.3200000000000001
1.0 0.765702891326022 44.985 51.2 0.3300000000000001
1.0 0.7647058823529411 44.985 51.13333333333333 0.34000000000000014
1.0 0.7627118644067796 44.985 51.0 0.35000000000000014
1.0 0.7587238285144566 44.985 50.733333333333334 0.36000000000000015
1.0 0.7567298105682951 44.985 50.6 0.37000000000000016
1.0 0.752741774675972 44.985 50.333333333333336 0.38000000000000017
1.0 0.7497507477567298 44.985 50.13333333333333 0.3900000000000002
1.0 0.7427716849451645 44.985 49.666666666666664 0.4000000000000002
1.0 0.7357926221335992 44.985 49.2 0.4100000000000002
1.0 0.7258225324027916 44.985 48.53333333333333 0.4200000000000002
1.0 0.715852442671984 44.985 47.86666666666667 0.4300000000000002
1.0 0.7088733798604188 44.985 47.4 0.4400000000000002
1.0 0.6979062811565304 44.985 46.666666666666664 0.45000000000000023
1.0 0.6899302093718843 44.985 46.13333333333333 0.46000000000000024
1.0 0.6849451645064806 44.985 45.8 0.47000000000000025
1.0 0.6769690927218345 44.985 45.266666666666666 0.48000000000000026
1.0 0.6719840478564307 44.985 44.93333333333333 0.49000000000000027
1.0 0.6689930209371885 44.985 44.733333333333334 0.5000000000000002
1.0 0.6660019940179461 44.985 44.53333333333333 0.5100000000000002
1.0 0.6620139581256231 44.985 44.266666666666666 0.5200000000000002
1.0 0.6580259222333001 44.985 44.0 0.5300000000000002
1.0 0.6570289132602194 44.985 43.93333333333333 0.5400000000000003
1.0 0.6550348953140578 44.985 43.8 0.5500000000000003
1.0 0.654037886340977 44.985 43.733333333333334 0.5600000000000003
1.0 0.654037886340977 44.985 43.733333333333334 0.5700000000000003
1.0 0.6530408773678963 44.985 43.666666666666664 0.5800000000000003
1.0 0.6520438683948155 44.985 43.6 0.5900000000000003
1.0 0.6510468594217348 44.985 43.53333333333333 0.6000000000000003
1.0 0.6470588235294118 44.985 43.266666666666666 0.6100000000000003
1.0 0.6470588235294118 44.985 43.266666666666666 0.6200000000000003
1.0 0.6450648055832503 44.985 43.13333333333333 0.6300000000000003
1.0 0.6430707876370887 44.985 43.0 0.6400000000000003
1.0 0.638085742771685 44.985 42.666666666666664 0.6500000000000004
1.0 0.6291126620139581 44.985 42.06666666666667 0.6600000000000004
1.0 0.613160518444666 44.985 41.0 0.6700000000000004
1.0 0.6001994017946162 44.985 40.13333333333333 0.6800000000000004
1.0 0.5822532402791625 44.985 38.93333333333333 0.6900000000000004
1.0 0.5692921236291126 44.985 38.06666666666667 0.7000000000000004
1.0 0.5543369890329013 44.985 37.06666666666667 0.7100000000000004
1.0 0.5304087736789631 44.985 35.46666666666667 0.7200000000000004
1.0 0.5084745762711864 44.985 34.0 0.7300000000000004
1.0 0.48753738783649053 44.985 32.6 0.7400000000000004
1.0 0.47258225324027914 44.985 31.6 0.7500000000000004
1.0 0.4546360917248255 44.985 30.4 0.7600000000000005
1.0 0.44167497507477566 44.985 29.533333333333335 0.7700000000000005
1.0 0.42572283150548357 44.985 28.466666666666665 0.7800000000000005
0.9997777036790041 0.4167497507477567 44.975 27.866666666666667 0.7900000000000005
0.9991108147160165 0.4107676969092722 44.945 27.466666666666665 0.8000000000000005
0.998110481271535 0.4047856430707876 44.9 27.066666666666666 0.8100000000000005
0.9968878515060575 0.3988035892323031 44.845 26.666666666666668 0.8200000000000005
0.9948871846170946 0.38883349950149554 44.755 26.0 0.8300000000000005
0.9925530732466378 0.3818544366899302 44.65 25.533333333333335 0.8400000000000005
0.98432810936979 0.3708873379860419 44.28 24.8 0.8500000000000005
0.9741024786039791 0.33998005982053836 43.82 22.733333333333334 0.8600000000000005
0.9587640324552629 0.30309072781655033 43.13 20.266666666666666 0.8700000000000006
0.9389796598866289 0.2572283150548355 42.24 17.2 0.8800000000000006
0.9145270645770812 0.226321036889332 41.14 15.133333333333333 0.8900000000000006
0.8870734689340891 0.1694915254237288 39.905 11.333333333333334 0.9000000000000006
0.8582860953651217 0.10867397806580259 38.61 7.266666666666667 0.9100000000000006
0.8350561298210515 0.06779661016949153 37.565 4.533333333333333 0.9200000000000006
0.8157163498944092 0.031904287138584245 36.695 2.1333333333333333 0.9300000000000006
0.7999333111037013 0.015952143569292122 35.985 1.0666666666666667 0.9400000000000006
0.7874847171279316 0.00897308075772682 35.425 0.6 0.9500000000000006
0.7754807157941536 9.970089730807576E-4 34.885 0.06666666666666667 0.9600000000000006
0.7602534178059354 9.970089730807576E-4 34.2 0.06666666666666667 0.9700000000000006
0.7276870067800378 9.970089730807576E-4 32.735 0.06666666666666667 0.9800000000000006
0.6456596643325553 9.970089730807576E-4 29.045 0.06666666666666667 0.9900000000000007
0.0 0.0 0.0 0.0
