1.0 1.0 89.97 7.7153846153846155 0.0
1.0 0.9980059820538385 89.97 7.7 0.01
1.0 0.9930209371884346 89.97 7.661538461538462 0.02
1.0 0.9850448654037887 89.97 7.6 0.03
1.0 0.9820538384845464 89.97 7.576923076923077 0.04
1.0 0.9780658025922233 89.97 7.546153846153846 0.05
1.0 0.9730807577268196 89.97 7.507692307692308 0.060000000000000005
1.0 0.9730807577268196 89.97 7.507692307692308 0.07
1.0 0.967098703888335 89.97 7.461538461538462 0.08
1.0 0.967098703888335 89.97 7.461538461538462 0.09
1.0 0.963110667996012 89.97 7.430769230769231 0.09999999999999999
1.0 0.963110667996012 89.97 7.430769230769231 0.10999999999999999
1.0 0.963110667996012 89.97 7.430769230769231 0.11999999999999998
1.0 0.963110667996012 89.97 7.430769230769231 0.12999999999999998
1.0 0.9621136590229312 89.97 7.423076923076923 0.13999999999999999
1.0 0.9611166500498505 89.97 7.415384615384616 0.15
1.0 0.9581256231306082 89.97 7.392307692307693 0.16
1.0 0.9551345962113659 89.97 7.369230769230769 0.17
1.0 0.9491525423728814 89.97 7.323076923076923 0.18000000000000002
1.0 0.9481555333998006 89.97 7.315384615384615 0.19000000000000003
1.0 0.9431704885343968 89.97 7.276923076923077 0.20000000000000004
1.0 0.942173479561316 89.97 7.269230769230769 0.21000000000000005
1.0 0.9411764705882353 89.97 7.2615384615384615 0.22000000000000006
1.0 0.9391824526420738 89.97 7.246153846153846 0.23000000000000007
1.0 0.9361914257228315 89.97 7.223076923076923 0.24000000000000007
1.0 0.9351944167497508 89.97 7.2153846153846155 0.25000000000000006
1.0 0.93419740777667 89.97 7.207692307692308 0.26000000000000006
1.0 0.93419740777667 89.97 7.207692307692308 0.2700000000000001
1.0 0.93419740777667 89.97 7.207692307692308 0.2800000000000001
1.0 0.93419740777667 89.97 7.207692307692308 0.2900000000000001
1.0 0.93419740777667 89.97 7.207692307692308 0.3000000000000001
1.0 0.93419740777667 89.97 7.207692307692308 0.3100000000000001
1.0 0.93419740777667 89.97 7.207692307692308 0.3200000000000001
1.0 0.93419740777667 89.97 7.207692307692308 0.3300000000000001
1.0 0.93419740777667 89.97 7.207692307692308 0.34000000000000014
1.0 0.9332003988035892 89.97 7.2 0.35000000000000014
1.0 0.9322033898305084 89.97 7.1923076923076925 0.36000000000000015
1.0 0.9312063808574277 89.97 7.184615384615385 0.37000000000000016
1.0 0.9312063808574277 89.97 7.184615384615385 0.38000000000000017
1.0 0.9302093718843469 89.97 7.176923076923077 0.3900000000000002
1.0 0.9272183449651047 89.97 7.153846153846154 0.4000000000000002
1.0 0.9212362911266201 89.97 7.107692307692307 0.4100000000000002
1.0 0.9172482552342971 89.97 7.076923076923077 0.4200000000000002
1.0 0.9142572283150548 89.97 7.053846153846154 0.4300000000000002
1.0 0.909272183449651 89.97 7.015384615384615 0.4400000000000002
1.0 0.9062811565304087 89.97 6.992307692307692 0.45000000000000023
1.0 0.9032901296111665 89.97 6.969230769230769 0.46000000000000024
1.0 0.8993020937188435 89.97 6.938461538461539 0.47000000000000025
1.0 0.8963110667996012 89.97 6.915384615384616 0.48000000000000026
1.0 0.8923230309072782 89.97 6.884615384615385 0.49000000000000027
1.0 0.8893320039880359 89.97 6.861538461538461 0.5000000000000002
1.0 0.8873379860418744 89.97 6.846153846153846 0.5100000000000002
1.0 0.8863409770687937 89.97 6.838461538461538 0.5200000000000002
1.0 0.8863409770687937 89.97 6.838461538461538 0.5300000000000002
1.0 0.8833499501495513 89.97 6.815384615384615 0.5400000000000003
1.0 0.8803589232303091 89.97 6.792307692307692 0.5500000000000003
1.0 0.8803589232303091 89.97 6.792307692307692 0.5600000000000003
1.0 0.8803589232303091 89.97 6.792307692307692 0.5700000000000003
1.0 0.8803589232303091 89.97 6.792307692307692 0.5800000000000003
1.0 0.8793619142572283 89.97 6.7846153846153845 0.5900000000000003
1.0 0.8793619142572283 89.97 6.7846153846153845 0.6000000000000003
1.0 0.8773678963110668 89.97 6.769230769230769 0.6100000000000003
1.0 0.8763708873379861 89.97 6.7615384615384615 0.6200000000000003
1.0 0.8743768693918246 89.97 6.746153846153846 0.6300000000000003
1.0 0.8713858424725822 89.97 6.723076923076923 0.6400000000000003
1.0 0.8693918245264207 89.97 6.707692307692308 0.6500000000000004
1.0 0.8584247258225324 89.97 6.623076923076923 0.6600000000000004
1.0 0.8504486540378864 89.97 6.561538461538461 0.6700000000000004
1.0 0.8384845463609173 89.97 6.469230769230769 0.6800000000000004
1.0 0.8295114656031904 89.97 6.4 0.6900000000000004
1.0 0.8215353938185443 89.97 6.338461538461538 0.7000000000000004
1.0 0.8045862412761715 89.97 6.207692307692308 0.7100000000000004
1.0 0.7836490528414756 89.97 6.046153846153846 0.7200000000000004
1.0 0.7686939182452642 89.97 5.930769230769231 0.7300000000000004
1.0 0.7607178464606181 89.97 5.869230769230769 0.7400000000000004
1.0 0.7427716849451645 89.97 5.730769230769231 0.7500000000000004
1.0 0.732801595214357 89.97 5.653846153846154 0.7600000000000005
1.0 0.7218344965104686 89.97 5.569230769230769 0.7700000000000005
0.9996665555185061 0.7088733798604188 89.94 5.469230769230769 0.7800000000000005
0.9993331110370124 0.6979062811565304 89.91 5.384615384615385 0.7900000000000005
0.9987773702345226 0.6919242273180458 89.86 5.338461538461538 0.8000000000000005
0.9971101478270534 0.6829511465603191 89.71 5.269230769230769 0.8100000000000005
0.9954429254195843 0.6799601196410767 89.56 5.246153846153846 0.8200000000000005
0.9899966655551851 0.6689930209371885 89.07 5.161538461538462 0.8300000000000005
0.9825497388018228 0.6580259222333001 88.4 5.076923076923077 0.8400000000000005
0.9696565521840613 0.6420737786640079 87.24 4.953846153846154 0.8500000000000005
0.9472046237634767 0.6031904287138584 85.22 4.653846153846154 0.8600000000000005
0.9126375458486162 0.559322033898305 82.11 4.315384615384615 0.8700000000000006
0.8688451706124264 0.5094715852442672 78.17 3.9307692307692306 0.8800000000000006
0.8109369789929977 0.4426719840478564 72.96 3.4153846153846152 0.8900000000000006
0.7491386017561409 0.36889332003988035 67.4 2.8461538461538463 0.9000000000000006
0.6891185950872513 0.2781655034895314 62.0 2.146153846153846 0.9100000000000006
0.6352117372457485 0.20837487537387836 57.15 1.6076923076923078 0.9200000000000006
0.5904190285650772 0.1585244267198405 53.12 1.2230769230769232 0.9300000000000006
0.5585195065021674 0.12761714855433698 50.25 0.9846153846153847 0.9400000000000006
0.5386239857730355 0.10667996011964108 48.46 0.823076923076923 0.9500000000000006
0.5235078359453151 0.09571286141575275 47.1 0.7384615384615385 0.9600000000000006
0.5086139824385907 0.09471585244267199 45.76 0.7307692307692307 0.9700000000000006
0.47182394131377126 0.09471585244267199 42.45 0.7307692307692307 0.9800000000000006
0.37045681893964655 0.09471585244267199 33.33 0.7307692307692307 0.9900000000000007
0.0 0.0 0.0 0.0
