1.0 1.0 89.97 2.8657142857142857 0.0
1.0 1.0 89.97 2.8657142857142857 0.01
1.0 0.9910269192422732 89.97 2.84 0.02
1.0 0.9870388833499502 89.97 2.8285714285714287 0.03
1.0 0.9810568295114656 89.97 2.8114285714285714 0.04
1.0 0.9760717846460618 89.97 2.797142857142857 0.05
1.0 0.963110667996012 89.97 2.76 0.060000000000000005
1.0 0.963110667996012 89.97 2.76 0.07
1.0 0.963110667996012 89.97 2.76 0.08
1.0 0.9611166500498505 89.97 2.7542857142857144 0.09
1.0 0.959122632103689 89.97 2.7485714285714287 0.09999999999999999
1.0 0.9561316051844466 89.97 2.74 0.10999999999999999
1.0 0.9531405782652044 89.97 2.7314285714285713 0.11999999999999998
1.0 0.9521435692921236 89.97 2.7285714285714286 0.12999999999999998
1.0 0.9521435692921236 89.97 2.7285714285714286 0.13999999999999999
1.0 0.9521435692921236 89.97 2.7285714285714286 0.15
1.0 0.9501495513459621 89.97 2.722857142857143 0.16
1.0 0.9471585244267199 89.97 2.7142857142857144 0.17
1.0 0.9441674975074775 89.97 2.7057142857142855 0.18000000000000002
1.0 0.9391824526420738 89.97 2.6914285714285713 0.19000000000000003
1.0 0.9351944167497508 89.97 2.68 0.20000000000000004
1.0 0.93419740777667 89.97 2.677142857142857 0.21000000000000005
1.0 0.9322033898305084 89.97 2.6714285714285713 0.22000000000000006
1.0 0.9322033898305084 89.97 2.6714285714285713 0.23000000000000007
1.0 0.9312063808574277 89.97 2.6685714285714286 0.24000000000000007
1.0 0.9312063808574277 89.97 2.6685714285714286 0.25000000000000006
1.0 0.9312063808574277 89.97 2.6685714285714286 0.26000000000000006
1.0 0.9312063808574277 89.97 2.6685714285714286 0.2700000000000001
1.0 0.9302093718843469 89.97 2.665714285714286 0.2800000000000001
1.0 0.9292123629112662 89.97 2.662857142857143 0.2900000000000001
1.0 0.9292123629112662 89.97 2.662857142857143 0.3000000000000001
1.0 0.9292123629112662 89.97 2.662857142857143 0.3100000000000001
1.0 0.9292123629112662 89.97 2.662857142857143 0.3200000000000001
1.0 0.9282153539381854 89.97 2.66 0.3300000000000001
1.0 0.9282153539381854 89.97 2.66 0.34000000000000014
1.0 0.9272183449651047 89.97 2.657142857142857 0.35000000000000014
1.0 0.9252243270189432 89.97 2.6514285714285712 0.36000000000000015
1.0 0.9242273180458624 89.97 2.6485714285714286 0.37000000000000016
1.0 0.9212362911266201 89.97 2.64 0.38000000000000017
1.0 0.9172482552342971 89.97 2.6285714285714286 0.3900000000000002
1.0 0.9162512462612163 89.97 2.625714285714286 0.4000000000000002
1.0 0.9112662013958126 89.97 2.611428571428571 0.4100000000000002
1.0 0.905284147557328 89.97 2.5942857142857143 0.4200000000000002
1.0 0.9032901296111665 89.97 2.5885714285714285 0.4300000000000002
1.0 0.8933200398803589 89.97 2.56 0.4400000000000002
1.0 0.8883349950149552 89.97 2.545714285714286 0.45000000000000023
1.0 0.8863409770687937 89.97 2.54 0.46000000000000024
1.0 0.8773678963110668 89.97 2.5142857142857142 0.47000000000000025
1.0 0.872382851445663 89.97 2.5 0.48000000000000026
1.0 0.8713858424725822 89.97 2.4971428571428573 0.49000000000000027
1.0 0.86839481555334 89.97 2.4885714285714284 0.5000000000000002
1.0 0.8673978065802592 89.97 2.4857142857142858 0.5100000000000002
1.0 0.8673978065802592 89.97 2.4857142857142858 0.5200000000000002
1.0 0.8664007976071785 89.97 2.4828571428571427 0.5300000000000002
1.0 0.8664007976071785 89.97 2.4828571428571427 0.5400000000000003
1.0 0.864406779661017 89.97 2.4771428571428573 0.5500000000000003
1.0 0.8614157527417746 89.97 2.4685714285714284 0.5600000000000003
1.0 0.8614157527417746 89.97 2.4685714285714284 0.5700000000000003
1.0 0.8604187437686939 89.97 2.4657142857142857 0.5800000000000003
1.0 0.8584247258225324 89.97 2.46 0.5900000000000003
1.0 0.8574277168494516 89.97 2.4571428571428573 0.6000000000000003
1.0 0.8544366899302094 89.97 2.4485714285714284 0.6100000000000003
1.0 0.8524426719840479 89.97 2.442857142857143 0.6200000000000003
1.0 0.8504486540378864 89.97 2.4371428571428573 0.6300000000000003
1.0 0.8454636091724825 89.97 2.422857142857143 0.6400000000000003
1.0 0.8414755732801595 89.97 2.4114285714285715 0.6500000000000004
1.0 0.8305084745762712 89.97 2.38 0.6600000000000004
1.0 0.8205383848454636 89.97 2.3514285714285714 0.6700000000000004
1.0 0.806580259222333 89.97 2.3114285714285714 0.6800000000000004
1.0 0.7916251246261217 89.97 2.2685714285714287 0.6900000000000004
1.0 0.7786640079760718 89.97 2.2314285714285713 0.7000000000000004
1.0 0.7637088733798604 89.97 2.1885714285714286 0.7100000000000004
1.0 0.7367896311066799 89.97 2.111428571428571 0.7200000000000004
1.0 0.711864406779661 89.97 2.04 0.7300000000000004
1.0 0.6949152542372882 89.97 1.9914285714285713 0.7400000000000004
1.0 0.6779661016949152 89.97 1.9428571428571428 0.7500000000000004
1.0 0.6560319042871385 89.97 1.88 0.7600000000000005
0.999888851839502 0.6400797607178464 89.96 1.8342857142857143 0.7700000000000005
0.9997777036790041 0.6311066799601196 89.95 1.8085714285714285 0.7800000000000005
0.9991108147160165 0.6191425722831505 89.89 1.7742857142857142 0.7900000000000005
0.9988885183950206 0.613160518444666 89.87 1.7571428571428571 0.8000000000000005
0.9971101478270534 0.6081754735792622 89.71 1.7428571428571429 0.8100000000000005
0.9951094809380905 0.6061814556331007 89.53 1.737142857142857 0.8200000000000005
0.9908858508391686 0.5982053838484547 89.15 1.7142857142857142 0.8300000000000005
0.9829943314438147 0.5862412761714856 88.44 1.68 0.8400000000000005
0.9697677003445593 0.576271186440678 87.25 1.6514285714285715 0.8500000000000005
0.948538401689452 0.5373878364905285 85.34 1.54 0.8600000000000005
0.9133044348116038 0.4965104685942173 82.17 1.4228571428571428 0.8700000000000006
0.8706235411803934 0.452642073778664 78.33 1.2971428571428572 0.8800000000000006
0.814160275647438 0.39082751744765704 73.25 1.12 0.8900000000000006
0.7561409358675114 0.30807577268195413 68.03 0.8828571428571429 0.9000000000000006
0.6946760031121485 0.22333000997008973 62.5 0.64 0.9100000000000006
0.6425475158386129 0.15553339980059822 57.81 0.44571428571428573 0.9200000000000006
0.6010892519728799 0.10767696909272183 54.08 0.30857142857142855 0.9300000000000006
0.5696343225519618 0.07976071784646062 51.25 0.22857142857142856 0.9400000000000006
0.5504056907858175 0.06380857427716849 49.52 0.18285714285714286 0.9500000000000006
0.5378459486495498 0.054835493519441676 48.39 0.15714285714285714 0.9600000000000006
0.525730799155274 0.05284147557328016 47.3 0.15142857142857144 0.9700000000000006
0.49094142491941756 0.0518444666001994 44.17 0.14857142857142858 0.9800000000000006
0.39557630321218185 0.05084745762711865 35.59 0.1457142857142857 0.9900000000000007
0.0 0.0 0.0 0.0
