1.0 1.0 22.4925 200.6 0.0
1.0 0.905284147557328 22.4925 181.6 0.01
1.0 0.8464606181455633 22.4925 169.8 0.02
1.0 0.8135593220338984 22.4925 163.2 0.03
1.0 0.7916251246261217 22.4925 158.8 0.04
1.0 0.7716849451645065 22.4925 154.8 0.05
1.0 0.7357926221335992 22.4925 147.6 0.060000000000000005
1.0 0.7357926221335992 22.4925 147.6 0.07
1.0 0.7288135593220338 22.4925 146.2 0.08
1.0 0.7138584247258225 22.4925 143.2 0.09
1.0 0.7038883349950149 22.4925 141.2 0.09999999999999999
1.0 0.6969092721834497 22.4925 139.8 0.10999999999999999
1.0 0.6869391824526421 22.4925 137.8 0.11999999999999998
1.0 0.6809571286141576 22.4925 136.6 0.12999999999999998
1.0 0.6779661016949152 22.4925 136.0 0.13999999999999999
1.0 0.67098703888335 22.4925 134.6 0.15
1.0 0.6600199401794616 22.4925 132.4 0.16
1.0 0.6520438683948155 22.4925 130.8 0.17
1.0 0.6231306081754736 22.4925 125.0 0.18000000000000002
1.0 0.6141575274177468 22.4925 123.2 0.19000000000000003
1.0 0.6051844466600199 22.4925 121.4 0.20000000000000004
1.0 0.5972083748753739 22.4925 119.8 0.21000000000000005
1.0 0.5902293120638086 22.4925 118.4 0.22000000000000006
1.0 0.5822532402791625 22.4925 116.8 0.23000000000000007
1.0 0.5742771684945165 22.4925 115.2 0.24000000000000007
1.0 0.5643070787637089 22.4925 113.2 0.25000000000000006
1.0 0.5623130608175474 22.4925 112.8 0.26000000000000006
1.0 0.5603190428713859 22.4925 112.4 0.2700000000000001
1.0 0.559322033898305 22.4925 112.2 0.2800000000000001
1.0 0.555333998005982 22.4925 111.4 0.2900000000000001
1.0 0.5523429710867398 22.4925 110.8 0.3000000000000001
1.0 0.551345962113659 22.4925 110.6 0.3100000000000001
1.0 0.5483549351944168 22.4925 110.0 0.3200000000000001
1.0 0.5463609172482552 22.4925 109.6 0.3300000000000001
1.0 0.5423728813559322 22.4925 108.8 0.34000000000000014
1.0 0.5383848454636092 22.4925 108.0 0.35000000000000014
1.0 0.5314057826520439 22.4925 106.6 0.36000000000000015
1.0 0.5264207377866401 22.4925 105.6 0.37000000000000016
1.0 0.5134596211365903 22.4925 103.0 0.38000000000000017
1.0 0.5114656031904287 22.4925 102.6 0.3900000000000002
1.0 0.5034895314057827 22.4925 101.0 0.4000000000000002
1.0 0.4935194416749751 22.4925 99.0 0.4100000000000002
1.0 0.48554336989032904 22.4925 97.4 0.4200000000000002
1.0 0.4695912263210369 22.4925 94.2 0.4300000000000002
1.0 0.45663010967098705 22.4925 91.6 0.4400000000000002
1.0 0.4456630109670987 22.4925 89.4 0.45000000000000023
1.0 0.43469591226321036 22.4925 87.2 0.46000000000000024
1.0 0.42273180458624127 22.4925 84.8 0.47000000000000025
1.0 0.4147557328015952 22.4925 83.2 0.48000000000000026
1.0 0.40279162512462613 22.4925 80.8 0.49000000000000027
1.0 0.3988035892323031 22.4925 80.0 0.5000000000000002
1.0 0.39282153539381853 22.4925 78.8 0.5100000000000002
1.0 0.386839481555334 22.4925 77.6 0.5200000000000002
1.0 0.382851445663011 22.4925 76.8 0.5300000000000002
1.0 0.37587238285144564 22.4925 75.4 0.5400000000000003
1.0 0.3728813559322034 22.4925 74.8 0.5500000000000003
1.0 0.37188434695912265 22.4925 74.6 0.5600000000000003
1.0 0.3708873379860419 22.4925 74.4 0.5700000000000003
1.0 0.3698903290129611 22.4925 74.2 0.5800000000000003
1.0 0.36689930209371885 22.4925 73.6 0.5900000000000003
1.0 0.36490528414755735 22.4925 73.2 0.6000000000000003
1.0 0.36191425722831505 22.4925 72.6 0.6100000000000003
1.0 0.35692921236291125 22.4925 71.6 0.6200000000000003
1.0 0.35294117647058826 22.4925 70.8 0.6300000000000003
1.0 0.34496510468594216 22.4925 69.2 0.6400000000000003
1.0 0.3439680957128614 22.4925 69.0 0.6500000000000004
1.0 0.3349950149551346 22.4925 67.2 0.6600000000000004
1.0 0.32901296111665007 22.4925 66.0 0.6700000000000004
1.0 0.317048853439681 22.4925 63.6 0.6800000000000004
1.0 0.3050847457627119 22.4925 61.2 0.6900000000000004
1.0 0.2931206380857428 22.4925 58.8 0.7000000000000004
1.0 0.2811565304087737 22.4925 56.4 0.7100000000000004
1.0 0.25124626121635096 22.4925 50.4 0.7200000000000004
1.0 0.23230309072781655 22.4925 46.6 0.7300000000000004
1.0 0.21635094715852443 22.4925 43.4 0.7400000000000004
1.0 0.20039880358923232 22.4925 40.2 0.7500000000000004
1.0 0.18245264207377868 22.4925 36.6 0.7600000000000005
1.0 0.17347956131605186 22.4925 34.8 0.7700000000000005
1.0 0.16550348953140578 22.4925 33.2 0.7800000000000005
1.0 0.15653040877367896 22.4925 31.4 0.7900000000000005
0.999888851839502 0.15453639082751744 22.49 31.0 0.8000000000000005
0.9996665555185061 0.15054835493519442 22.485 30.2 0.8100000000000005
0.9993331110370124 0.14456630109670987 22.4775 29.0 0.8200000000000005
0.9986662220740247 0.14057826520438685 22.4625 28.2 0.8300000000000005
0.9978881849505391 0.13160518444666003 22.445 26.4 0.8400000000000005
0.995887518061576 0.12861415752741776 22.4 25.8 0.8500000000000005
0.994109147493609 0.12163509471585245 22.36 24.4 0.8600000000000005
0.9905524063576748 0.1106679960119641 22.28 22.2 0.8700000000000006
0.9848838501722796 0.09172482552342971 22.1525 18.4 0.8800000000000006
0.9789929976658887 0.07976071784646062 22.02 16.0 0.8900000000000006
0.9733244414804935 0.06181455633100698 21.8925 12.4 0.9000000000000006
0.9673224408136045 0.036889332003988036 21.7575 7.4 0.9100000000000006
0.9628765143936868 0.019940179461615155 21.6575 4.0 0.9200000000000006
0.9588751806157608 0.010967098703888335 21.5675 2.2 0.9300000000000006
0.9554295876403246 0.003988035892323031 21.49 0.8 0.9400000000000006
0.9519839946648883 0.0019940179461615153 21.4125 0.4 0.9500000000000006
0.9477603645659665 0.0 21.3175 0.0 0.9600000000000006
0.9423141047015672 0.0 21.195 0.0 0.9700000000000006
0.9261976214293653 0.0 20.8325 0.0 0.9800000000000006
0.8829609869956653 0.0 19.86 0.0 0.9900000000000007
0.0 0.0 0.0 0.0
