1.0 1.0 17.994 50.15 0.0
1.0 0.9102691924227319 17.994 45.65 0.01
1.0 0.8325024925224327 17.994 41.75 0.02
1.0 0.7896311066799602 17.994 39.6 0.03
1.0 0.7557328015952144 17.994 37.9 0.04
1.0 0.7387836490528414 17.994 37.05 0.05
1.0 0.6989032901296112 17.994 35.05 0.060000000000000005
1.0 0.6989032901296112 17.994 35.05 0.07
1.0 0.6869391824526421 17.994 34.45 0.08
1.0 0.6689930209371885 17.994 33.55 0.09
1.0 0.6560319042871385 17.994 32.9 0.09999999999999999
1.0 0.646061814556331 17.994 32.4 0.10999999999999999
1.0 0.6390827517447657 17.994 32.05 0.11999999999999998
1.0 0.6241276171485544 17.994 31.3 0.12999999999999998
1.0 0.6161515453639083 17.994 30.9 0.13999999999999999
1.0 0.609172482552343 17.994 30.55 0.15
1.0 0.6001994017946162 17.994 30.1 0.16
1.0 0.5852442671984048 17.994 29.35 0.17
1.0 0.559322033898305 17.994 28.05 0.18000000000000002
1.0 0.5463609172482552 17.994 27.4 0.19000000000000003
1.0 0.5343968095712861 17.994 26.8 0.20000000000000004
1.0 0.5284147557328016 17.994 26.5 0.21000000000000005
1.0 0.5174476570289133 17.994 25.95 0.22000000000000006
1.0 0.5114656031904287 17.994 25.65 0.23000000000000007
1.0 0.5044865403788634 17.994 25.3 0.24000000000000007
1.0 0.5004985044865404 17.994 25.1 0.25000000000000006
1.0 0.49750747756729813 17.994 24.95 0.26000000000000006
1.0 0.4935194416749751 17.994 24.75 0.2700000000000001
1.0 0.4905284147557328 17.994 24.6 0.2800000000000001
1.0 0.48753738783649053 17.994 24.45 0.2900000000000001
1.0 0.4865403788634098 17.994 24.4 0.3000000000000001
1.0 0.48554336989032904 17.994 24.35 0.3100000000000001
1.0 0.4835493519441675 17.994 24.25 0.3200000000000001
1.0 0.4795613160518445 17.994 24.05 0.3300000000000001
1.0 0.47557328015952144 17.994 23.85 0.34000000000000014
1.0 0.4715852442671984 17.994 23.65 0.35000000000000014
1.0 0.4675972083748754 17.994 23.45 0.36000000000000015
1.0 0.4675972083748754 17.994 23.45 0.37000000000000016
1.0 0.4675972083748754 17.994 23.45 0.38000000000000017
1.0 0.4646061814556331 17.994 23.3 0.3900000000000002
1.0 0.45862412761714855 17.994 23.0 0.4000000000000002
1.0 0.452642073778664 17.994 22.7 0.4100000000000002
1.0 0.4476570289132602 17.994 22.45 0.4200000000000002
1.0 0.43768693918245266 17.994 21.95 0.4300000000000002
1.0 0.42771684945164506 17.994 21.45 0.4400000000000002
1.0 0.4187437686939183 17.994 21.0 0.45000000000000023
1.0 0.4137587238285145 17.994 20.75 0.46000000000000024
1.0 0.40279162512462613 17.994 20.2 0.47000000000000025
1.0 0.39980059820538383 17.994 20.05 0.48000000000000026
1.0 0.39780658025922233 17.994 19.95 0.49000000000000027
1.0 0.39282153539381853 17.994 19.7 0.5000000000000002
1.0 0.38783649052841473 17.994 19.45 0.5100000000000002
1.0 0.386839481555334 17.994 19.4 0.5200000000000002
1.0 0.382851445663011 17.994 19.2 0.5300000000000002
1.0 0.3798604187437687 17.994 19.05 0.5400000000000003
1.0 0.37886340977068794 17.994 19.0 0.5500000000000003
1.0 0.3748753738783649 17.994 18.8 0.5600000000000003
1.0 0.3728813559322034 17.994 18.7 0.5700000000000003
1.0 0.3708873379860419 17.994 18.6 0.5800000000000003
1.0 0.36889332003988035 17.994 18.5 0.5900000000000003
1.0 0.36689930209371885 17.994 18.4 0.6000000000000003
1.0 0.3629112662013958 17.994 18.2 0.6100000000000003
1.0 0.3609172482552343 17.994 18.1 0.6200000000000003
1.0 0.3589232303090728 17.994 18.0 0.6300000000000003
1.0 0.35493519441674976 17.994 17.8 0.6400000000000003
1.0 0.3489531405782652 17.994 17.5 0.6500000000000004
1.0 0.34297108673978066 17.994 17.2 0.6600000000000004
1.0 0.33798604187437686 17.994 16.95 0.6700000000000004
1.0 0.32801595214356927 17.994 16.45 0.6800000000000004
1.0 0.3220338983050847 17.994 16.15 0.6900000000000004
1.0 0.3160518444666002 17.994 15.85 0.7000000000000004
1.0 0.3120638085742772 17.994 15.65 0.7100000000000004
1.0 0.3020937188434696 17.994 15.15 0.7200000000000004
1.0 0.2901296111665005 17.994 14.55 0.7300000000000004
1.0 0.2831505483549352 17.994 14.2 0.7400000000000004
1.0 0.2781655034895314 17.994 13.95 0.7500000000000004
1.0 0.27218344965104685 17.994 13.65 0.7600000000000005
1.0 0.2612163509471585 17.994 13.1 0.7700000000000005
1.0 0.25324027916251246 17.994 12.7 0.7800000000000005
0.999888851839502 0.24925224327018944 17.992 12.5 0.7900000000000005
0.999888851839502 0.23928215353938184 17.992 12.0 0.8000000000000005
0.9997777036790041 0.23429710867397807 17.99 11.75 0.8100000000000005
0.9997777036790041 0.22931206380857427 17.99 11.5 0.8200000000000005
0.9995554073580082 0.2213359920239282 17.986 11.1 0.8300000000000005
0.9993331110370124 0.21834496510468593 17.982 10.95 0.8400000000000005
0.9986662220740247 0.21136590229312063 17.97 10.6 0.8500000000000005
0.9973324441480493 0.20438683948155534 17.946 10.25 0.8600000000000005
0.9957763699010781 0.19940179461615154 17.918 10.0 0.8700000000000006
0.9931088140491275 0.1864406779661017 17.87 9.35 0.8800000000000006
0.9915527398021563 0.1794616151545364 17.842 9.0 0.8900000000000006
0.9879959986662221 0.17148554336989033 17.778 8.6 0.9000000000000006
0.9837723685673002 0.1625124626121635 17.702 8.15 0.9100000000000006
0.9819939979993331 0.15054835493519442 17.67 7.55 0.9200000000000006
0.9792152939868846 0.13559322033898305 17.62 6.8 0.9300000000000006
0.9772146270979215 0.12163509471585245 17.584 6.1 0.9400000000000006
0.9738801822829832 0.11665004985044865 17.524 5.85 0.9500000000000006
0.9718795153940202 0.10568295114656032 17.488 5.3 0.9600000000000006
0.9695454040235634 0.09770687936191426 17.446 4.9 0.9700000000000006
0.9613204401467156 0.07776669990029911 17.298 3.9 0.9800000000000006
0.9342002889852173 0.0448654037886341 16.81 2.25 0.9900000000000007
0.0 0.0 0.0 0.0
