1.0 1.0 11.24625 20.06 0.0
1.0 0.7268195413758723 11.24625 14.58 0.01
1.0 0.6061814556331007 11.24625 12.16 0.02
1.0 0.555333998005982 11.24625 11.14 0.03
1.0 0.5284147557328016 11.24625 10.6 0.04
1.0 0.5024925224327019 11.24625 10.08 0.05
1.0 0.46360917248255235 11.24625 9.3 0.060000000000000005
1.0 0.46360917248255235 11.24625 9.3 0.07
1.0 0.44466600199401796 11.24625 8.92 0.08
1.0 0.42971086739780656 11.24625 8.62 0.09
1.0 0.4057826520438684 11.24625 8.14 0.09999999999999999
1.0 0.38883349950149554 11.24625 7.8 0.10999999999999999
1.0 0.3798604187437687 11.24625 7.62 0.11999999999999998
1.0 0.36889332003988035 11.24625 7.4 0.12999999999999998
1.0 0.36490528414755735 11.24625 7.32 0.13999999999999999
1.0 0.35692921236291125 11.24625 7.16 0.15
1.0 0.34297108673978066 11.24625 6.88 0.16
1.0 0.3369890329012961 11.24625 6.76 0.17
1.0 0.3180458624127617 11.24625 6.38 0.18000000000000002
1.0 0.3090727816550349 11.24625 6.2 0.19000000000000003
1.0 0.2971086739780658 11.24625 5.96 0.20000000000000004
1.0 0.28713858424725824 11.24625 5.76 0.21000000000000005
1.0 0.27916251246261214 11.24625 5.6 0.22000000000000006
1.0 0.2741774675972084 11.24625 5.5 0.23000000000000007
1.0 0.27018943170488535 11.24625 5.42 0.24000000000000007
1.0 0.26520438683948155 11.24625 5.32 0.25000000000000006
1.0 0.2612163509471585 11.24625 5.24 0.26000000000000006
1.0 0.25822532402791626 11.24625 5.18 0.2700000000000001
1.0 0.2572283150548355 11.24625 5.16 0.2800000000000001
1.0 0.2542372881355932 11.24625 5.1 0.2900000000000001
1.0 0.25124626121635096 11.24625 5.04 0.3000000000000001
1.0 0.2502492522432702 11.24625 5.02 0.3100000000000001
1.0 0.2472582253240279 11.24625 4.96 0.3200000000000001
1.0 0.24027916251246262 11.24625 4.82 0.3300000000000001
1.0 0.24027916251246262 11.24625 4.82 0.34000000000000014
1.0 0.24027916251246262 11.24625 4.82 0.35000000000000014
1.0 0.23728813559322035 11.24625 4.76 0.36000000000000015
1.0 0.23230309072781655 11.24625 4.66 0.37000000000000016
1.0 0.226321036889332 11.24625 4.54 0.38000000000000017
1.0 0.22333000997008973 11.24625 4.48 0.3900000000000002
1.0 0.21734795613160518 11.24625 4.36 0.4000000000000002
1.0 0.2123629112662014 11.24625 4.26 0.4100000000000002
1.0 0.20837487537387836 11.24625 4.18 0.4200000000000002
1.0 0.19541375872382852 11.24625 3.92 0.4300000000000002
1.0 0.193419740777667 11.24625 3.88 0.4400000000000002
1.0 0.19042871385842472 11.24625 3.82 0.45000000000000023
1.0 0.18245264207377868 11.24625 3.66 0.46000000000000024
1.0 0.17647058823529413 11.24625 3.54 0.47000000000000025
1.0 0.17048853439680958 11.24625 3.42 0.48000000000000026
1.0 0.16650049850448653 11.24625 3.34 0.49000000000000027
1.0 0.16151545363908276 11.24625 3.24 0.5000000000000002
1.0 0.15952143569292124 11.24625 3.2 0.5100000000000002
1.0 0.15952143569292124 11.24625 3.2 0.5200000000000002
1.0 0.1585244267198405 11.24625 3.18 0.5300000000000002
1.0 0.1585244267198405 11.24625 3.18 0.5400000000000003
1.0 0.1575274177467597 11.24625 3.16 0.5500000000000003
1.0 0.1575274177467597 11.24625 3.16 0.5600000000000003
1.0 0.1575274177467597 11.24625 3.16 0.5700000000000003
1.0 0.1575274177467597 11.24625 3.16 0.5800000000000003
1.0 0.1575274177467597 11.24625 3.16 0.5900000000000003
1.0 0.1575274177467597 11.24625 3.16 0.6000000000000003
1.0 0.1575274177467597 11.24625 3.16 0.6100000000000003
1.0 0.1575274177467597 11.24625 3.16 0.6200000000000003
1.0 0.1575274177467597 11.24625 3.16 0.6300000000000003
1.0 0.15653040877367896 11.24625 3.14 0.6400000000000003
1.0 0.15553339980059822 11.24625 3.12 0.6500000000000004
1.0 0.15553339980059822 11.24625 3.12 0.6600000000000004
1.0 0.15453639082751744 11.24625 3.1 0.6700000000000004
1.0 0.1535393818544367 11.24625 3.08 0.6800000000000004
1.0 0.15054835493519442 11.24625 3.02 0.6900000000000004
1.0 0.1465603190428714 11.24625 2.94 0.7000000000000004
1.0 0.14257228315054835 11.24625 2.86 0.7100000000000004
1.0 0.13559322033898305 11.24625 2.72 0.7200000000000004
1.0 0.12662013958125623 11.24625 2.54 0.7300000000000004
1.0 0.1226321036889332 11.24625 2.46 0.7400000000000004
1.0 0.11964107676969092 11.24625 2.4 0.7500000000000004
1.0 0.11465603190428714 11.24625 2.3 0.7600000000000005
1.0 0.11365902293120637 11.24625 2.28 0.7700000000000005
1.0 0.1106679960119641 11.24625 2.22 0.7800000000000005
1.0 0.1106679960119641 11.24625 2.22 0.7900000000000005
1.0 0.10867397806580259 11.24625 2.18 0.8000000000000005
0.999888851839502 0.10867397806580259 11.245 2.18 0.8100000000000005
0.999888851839502 0.10867397806580259 11.245 2.18 0.8200000000000005
0.999888851839502 0.10867397806580259 11.245 2.18 0.8300000000000005
0.999888851839502 0.10667996011964108 11.245 2.14 0.8400000000000005
0.999888851839502 0.10568295114656032 11.245 2.12 0.8500000000000005
0.9997777036790041 0.10269192422731804 11.24375 2.06 0.8600000000000005
0.9996665555185061 0.10269192422731804 11.2425 2.06 0.8700000000000006
0.9994442591975102 0.10069790628115653 11.24 2.02 0.8800000000000006
0.9992219628765144 0.10069790628115653 11.2375 2.02 0.8900000000000006
0.9988885183950206 0.09870388833499502 11.23375 1.98 0.9000000000000006
0.9986662220740247 0.09571286141575275 11.23125 1.92 0.9100000000000006
0.9986662220740247 0.09571286141575275 11.23125 1.92 0.9200000000000006
0.9985550739135267 0.09571286141575275 11.23 1.92 0.9300000000000006
0.9983327775925308 0.09571286141575275 11.2275 1.92 0.9400000000000006
0.9983327775925308 0.09571286141575275 11.2275 1.92 0.9500000000000006
0.998110481271535 0.09571286141575275 11.225 1.92 0.9600000000000006
0.9977770367900411 0.09571286141575275 11.22125 1.92 0.9700000000000006
0.9962209625430699 0.09571286141575275 11.20375 1.92 0.9800000000000006
0.9911081471601645 0.09571286141575275 11.14625 1.92 0.9900000000000007
0.0 0.0 0.0 0.0
