1.0 1.0 22.4925 12.5375 0.0
1.0 0.9292123629112662 22.4925 11.65 0.01
1.0 0.8703888334995015 22.4925 10.9125 0.02
1.0 0.8424725822532403 22.4925 10.5625 0.03
1.0 0.8185443668993021 22.4925 10.2625 0.04
1.0 0.7966101694915254 22.4925 9.9875 0.05
1.0 0.7587238285144566 22.4925 9.5125 0.060000000000000005
1.0 0.7587238285144566 22.4925 9.5125 0.07
1.0 0.744765702891326 22.4925 9.3375 0.08
1.0 0.7308075772681955 22.4925 9.1625 0.09
1.0 0.7218344965104686 22.4925 9.05 0.09999999999999999
1.0 0.7128614157527418 22.4925 8.9375 0.10999999999999999
1.0 0.7088733798604188 22.4925 8.8875 0.11999999999999998
1.0 0.7018943170488534 22.4925 8.8 0.12999999999999998
1.0 0.6949152542372882 22.4925 8.7125 0.13999999999999999
1.0 0.6849451645064806 22.4925 8.5875 0.15
1.0 0.674975074775673 22.4925 8.4625 0.16
1.0 0.6620139581256231 22.4925 8.3 0.17
1.0 0.6440677966101694 22.4925 8.075 0.18000000000000002
1.0 0.6370887337986042 22.4925 7.9875 0.19000000000000003
1.0 0.6271186440677966 22.4925 7.8625 0.20000000000000004
1.0 0.6151545363908275 22.4925 7.7125 0.21000000000000005
1.0 0.6111665004985045 22.4925 7.6625 0.22000000000000006
1.0 0.6011964107676969 22.4925 7.5375 0.23000000000000007
1.0 0.5972083748753739 22.4925 7.4875 0.24000000000000007
1.0 0.5942173479561316 22.4925 7.45 0.25000000000000006
1.0 0.5922233300099701 22.4925 7.425 0.26000000000000006
1.0 0.5892323030907278 22.4925 7.3875 0.2700000000000001
1.0 0.5872382851445663 22.4925 7.3625 0.2800000000000001
1.0 0.5862412761714856 22.4925 7.35 0.2900000000000001
1.0 0.5852442671984048 22.4925 7.3375 0.3000000000000001
1.0 0.5832502492522432 22.4925 7.3125 0.3100000000000001
1.0 0.5792622133599202 22.4925 7.2625 0.3200000000000001
1.0 0.5752741774675972 22.4925 7.2125 0.3300000000000001
1.0 0.5712861415752741 22.4925 7.1625 0.34000000000000014
1.0 0.5672981056829511 22.4925 7.1125 0.35000000000000014
1.0 0.5633100697906281 22.4925 7.0625 0.36000000000000015
1.0 0.5583250249252243 22.4925 7.0 0.37000000000000016
1.0 0.5503489531405783 22.4925 6.9 0.38000000000000017
1.0 0.5423728813559322 22.4925 6.8 0.3900000000000002
1.0 0.5333998005982054 22.4925 6.6875 0.4000000000000002
1.0 0.5164506480558325 22.4925 6.475 0.4100000000000002
1.0 0.5004985044865404 22.4925 6.275 0.4200000000000002
1.0 0.4885343968095713 22.4925 6.125 0.4300000000000002
1.0 0.4745762711864407 22.4925 5.95 0.4400000000000002
1.0 0.46360917248255235 22.4925 5.8125 0.45000000000000023
1.0 0.452642073778664 22.4925 5.675 0.46000000000000024
1.0 0.44965104685942175 22.4925 5.6375 0.47000000000000025
1.0 0.4456630109670987 22.4925 5.5875 0.48000000000000026
1.0 0.43768693918245266 22.4925 5.4875 0.49000000000000027
1.0 0.43668993020937186 22.4925 5.475 0.5000000000000002
1.0 0.42971086739780656 22.4925 5.3875 0.5100000000000002
1.0 0.42273180458624127 22.4925 5.3 0.5200000000000002
1.0 0.4187437686939183 22.4925 5.25 0.5300000000000002
1.0 0.4147557328015952 22.4925 5.2 0.5400000000000003
1.0 0.4137587238285145 22.4925 5.1875 0.5500000000000003
1.0 0.4107676969092722 22.4925 5.15 0.5600000000000003
1.0 0.4107676969092722 22.4925 5.15 0.5700000000000003
1.0 0.4107676969092722 22.4925 5.15 0.5800000000000003
1.0 0.4097706879361914 22.4925 5.1375 0.5900000000000003
1.0 0.4097706879361914 22.4925 5.1375 0.6000000000000003
1.0 0.4087736789631107 22.4925 5.125 0.6100000000000003
1.0 0.4057826520438684 22.4925 5.0875 0.6200000000000003
1.0 0.4047856430707876 22.4925 5.075 0.6300000000000003
1.0 0.40279162512462613 22.4925 5.05 0.6400000000000003
1.0 0.39980059820538383 22.4925 5.0125 0.6500000000000004
1.0 0.38883349950149554 22.4925 4.875 0.6600000000000004
1.0 0.3848454636091725 22.4925 4.825 0.6700000000000004
1.0 0.37886340977068794 22.4925 4.75 0.6800000000000004
1.0 0.3708873379860419 22.4925 4.65 0.6900000000000004
1.0 0.3609172482552343 22.4925 4.525 0.7000000000000004
1.0 0.34795613160518446 22.4925 4.3625 0.7100000000000004
1.0 0.3190428713858425 22.4925 4.0 0.7200000000000004
1.0 0.3100697906281156 22.4925 3.8875 0.7300000000000004
1.0 0.29611166500498504 22.4925 3.7125 0.7400000000000004
1.0 0.2901296111665005 22.4925 3.6375 0.7500000000000004
1.0 0.2741774675972084 22.4925 3.4375 0.7600000000000005
1.0 0.26321036889332006 22.4925 3.3 0.7700000000000005
1.0 0.2542372881355932 22.4925 3.1875 0.7800000000000005
1.0 0.2472582253240279 22.4925 3.1 0.7900000000000005
1.0 0.2432701894317049 22.4925 3.05 0.8000000000000005
0.9995554073580082 0.24027916251246262 22.4825 3.0125 0.8100000000000005
0.9994442591975102 0.23928215353938184 22.48 3.0 0.8200000000000005
0.9989996665555185 0.23529411764705882 22.47 2.95 0.8300000000000005
0.9975547404690452 0.2333000997008973 22.4375 2.925 0.8400000000000005
0.9956652217405801 0.23030907278165502 22.395 2.8875 0.8500000000000005
0.9911081471601645 0.21734795613160518 22.2925 2.725 0.8600000000000005
0.9867733689007447 0.20837487537387836 22.195 2.6125 0.8700000000000006
0.982216294320329 0.193419740777667 22.0925 2.425 0.8800000000000006
0.9764365899744359 0.18245264207377868 21.9625 2.2875 0.8900000000000006
0.970434589307547 0.15054835493519442 21.8275 1.8875 0.9000000000000006
0.9627653662331889 0.13559322033898305 21.655 1.7 0.9100000000000006
0.9557630321218183 0.12761714855433698 21.4975 1.6 0.9200000000000006
0.9503167722574192 0.11266201395812563 21.375 1.4125 0.9300000000000006
0.9473157719239746 0.10269192422731804 21.3075 1.2875 0.9400000000000006
0.942869845504057 0.09870388833499502 21.2075 1.2375 0.9500000000000006
0.938646215405135 0.09371884346959122 21.1125 1.175 0.9600000000000006
0.9324219184172502 0.09371884346959122 20.9725 1.175 0.9700000000000006
0.9159719906635545 0.09371884346959122 20.6025 1.175 0.9800000000000006
0.8670668000444592 0.09371884346959122 19.5025 1.175 0.9900000000000007
0.0 0.0 0.0 0.0
