1.0 1.0 8.997 25.075 0.0
1.0 0.5473579262213359 8.997 13.725 0.01
1.0 0.43768693918245266 8.997 10.975 0.02
1.0 0.39581256231306083 8.997 9.925 0.03
1.0 0.37188434695912265 8.997 9.325 0.04
1.0 0.34795613160518446 8.997 8.725 0.05
1.0 0.3160518444666002 8.997 7.925 0.060000000000000005
1.0 0.3160518444666002 8.997 7.925 0.07
1.0 0.3040877367896311 8.997 7.625 0.08
1.0 0.2951146560319043 8.997 7.4 0.09
1.0 0.28614157527417744 8.997 7.175 0.09999999999999999
1.0 0.2831505483549352 8.997 7.1 0.10999999999999999
1.0 0.27716849451645065 8.997 6.95 0.11999999999999998
1.0 0.2691924227318046 8.997 6.75 0.12999999999999998
1.0 0.26321036889332006 8.997 6.6 0.13999999999999999
1.0 0.25623130608175476 8.997 6.425 0.15
1.0 0.2522432701894317 8.997 6.325 0.16
1.0 0.2452642073778664 8.997 6.15 0.17
1.0 0.23230309072781655 8.997 5.825 0.18000000000000002
1.0 0.22532402791625125 8.997 5.65 0.19000000000000003
1.0 0.2143569292123629 8.997 5.375 0.20000000000000004
1.0 0.21036889332003988 8.997 5.275 0.21000000000000005
1.0 0.2073778664007976 8.997 5.2 0.22000000000000006
1.0 0.20139581256231306 8.997 5.05 0.23000000000000007
1.0 0.19940179461615154 8.997 5.0 0.24000000000000007
1.0 0.19740777666999004 8.997 4.95 0.25000000000000006
1.0 0.19641076769690927 8.997 4.925 0.26000000000000006
1.0 0.19441674975074777 8.997 4.875 0.2700000000000001
1.0 0.19242273180458624 8.997 4.825 0.2800000000000001
1.0 0.19042871385842472 8.997 4.775 0.2900000000000001
1.0 0.18943170488534397 8.997 4.75 0.3000000000000001
1.0 0.18943170488534397 8.997 4.75 0.3100000000000001
1.0 0.18743768693918245 8.997 4.7 0.3200000000000001
1.0 0.1864406779661017 8.997 4.675 0.3300000000000001
1.0 0.1864406779661017 8.997 4.675 0.34000000000000014
1.0 0.18245264207377868 8.997 4.575 0.35000000000000014
1.0 0.1794616151545364 8.997 4.5 0.36000000000000015
1.0 0.17746759720837488 8.997 4.45 0.37000000000000016
1.0 0.17547357926221335 8.997 4.4 0.38000000000000017
1.0 0.17148554336989033 8.997 4.3 0.3900000000000002
1.0 0.1674975074775673 8.997 4.2 0.4000000000000002
1.0 0.16350947158524426 8.997 4.1 0.4100000000000002
1.0 0.16051844466600199 8.997 4.025 0.4200000000000002
1.0 0.15553339980059822 8.997 3.9 0.4300000000000002
1.0 0.15254237288135594 8.997 3.825 0.4400000000000002
1.0 0.15054835493519442 8.997 3.775 0.45000000000000023
1.0 0.14356929212362912 8.997 3.6 0.46000000000000024
1.0 0.1415752741774676 8.997 3.55 0.47000000000000025
1.0 0.13758723828514458 8.997 3.45 0.48000000000000026
1.0 0.13559322033898305 8.997 3.4 0.49000000000000027
1.0 0.13559322033898305 8.997 3.4 0.5000000000000002
1.0 0.1345962113659023 8.997 3.375 0.5100000000000002
1.0 0.13359920239282153 8.997 3.35 0.5200000000000002
1.0 0.13359920239282153 8.997 3.35 0.5300000000000002
1.0 0.13359920239282153 8.997 3.35 0.5400000000000003
1.0 0.13359920239282153 8.997 3.35 0.5500000000000003
1.0 0.13359920239282153 8.997 3.35 0.5600000000000003
1.0 0.13359920239282153 8.997 3.35 0.5700000000000003
1.0 0.13160518444666003 8.997 3.3 0.5800000000000003
1.0 0.13160518444666003 8.997 3.3 0.5900000000000003
1.0 0.13160518444666003 8.997 3.3 0.6000000000000003
1.0 0.13160518444666003 8.997 3.3 0.6100000000000003
1.0 0.13160518444666003 8.997 3.3 0.6200000000000003
1.0 0.13160518444666003 8.997 3.3 0.6300000000000003
1.0 0.1296111665004985 8.997 3.25 0.6400000000000003
1.0 0.12761714855433698 8.997 3.2 0.6500000000000004
1.0 0.12761714855433698 8.997 3.2 0.6600000000000004
1.0 0.12562313060817548 8.997 3.15 0.6700000000000004
1.0 0.12562313060817548 8.997 3.15 0.6800000000000004
1.0 0.12462612163509472 8.997 3.125 0.6900000000000004
1.0 0.12362911266201396 8.997 3.1 0.7000000000000004
1.0 0.1226321036889332 8.997 3.075 0.7100000000000004
1.0 0.11964107676969092 8.997 3.0 0.7200000000000004
1.0 0.11864406779661017 8.997 2.975 0.7300000000000004
1.0 0.1156530408773679 8.997 2.9 0.7400000000000004
1.0 0.11166500498504486 8.997 2.8 0.7500000000000004
1.0 0.10667996011964108 8.997 2.675 0.7600000000000005
1.0 0.1036889332003988 8.997 2.6 0.7700000000000005
1.0 0.10269192422731804 8.997 2.575 0.7800000000000005
1.0 0.1016949152542373 8.997 2.55 0.7900000000000005
1.0 0.1016949152542373 8.997 2.55 0.8000000000000005
1.0 0.1016949152542373 8.997 2.55 0.8100000000000005
1.0 0.1016949152542373 8.997 2.55 0.8200000000000005
1.0 0.10069790628115653 8.997 2.525 0.8300000000000005
1.0 0.10069790628115653 8.997 2.525 0.8400000000000005
1.0 0.10069790628115653 8.997 2.525 0.8500000000000005
1.0 0.09970089730807577 8.997 2.5 0.8600000000000005
1.0 0.09970089730807577 8.997 2.5 0.8700000000000006
1.0 0.09970089730807577 8.997 2.5 0.8800000000000006
1.0 0.09970089730807577 8.997 2.5 0.8900000000000006
0.999888851839502 0.09870388833499502 8.996 2.475 0.9000000000000006
0.9997777036790041 0.0967098703888335 8.995 2.425 0.9100000000000006
0.9996665555185061 0.0967098703888335 8.994 2.425 0.9200000000000006
0.9996665555185061 0.09571286141575275 8.994 2.4 0.9300000000000006
0.9995554073580082 0.09571286141575275 8.993 2.4 0.9400000000000006
0.9994442591975102 0.09571286141575275 8.992 2.4 0.9500000000000006
0.9993331110370124 0.09571286141575275 8.991 2.4 0.9600000000000006
0.9993331110370124 0.09571286141575275 8.991 2.4 0.9700000000000006
0.9988885183950206 0.09571286141575275 8.987 2.4 0.9800000000000006
0.9966655551850617 0.09571286141575275 8.967 2.4 0.9900000000000007
0.0 0.0 0.0 0.0
