1.0 1.0 89.97 33.43333333333333 0.0
1.0 0.9970089730807578 89.97 33.333333333333336 0.01
1.0 0.9920239282153539 89.97 33.166666666666664 0.02
1.0 0.9920239282153539 89.97 33.166666666666664 0.03
1.0 0.9840478564307079 89.97 32.9 0.04
1.0 0.9780658025922233 89.97 32.7 0.05
1.0 0.9680957128614157 89.97 32.36666666666667 0.060000000000000005
1.0 0.9680957128614157 89.97 32.36666666666667 0.07
1.0 0.963110667996012 89.97 32.2 0.08
0.999888851839502 0.9601196410767697 89.96 32.1 0.09
0.999888851839502 0.9571286141575274 89.96 32.0 0.09999999999999999
0.999888851839502 0.9551345962113659 89.96 31.933333333333334 0.10999999999999999
0.9997777036790041 0.9541375872382851 89.95 31.9 0.11999999999999998
0.9995554073580082 0.9521435692921236 89.93 31.833333333333332 0.12999999999999998
0.9993331110370124 0.9501495513459621 89.91 31.766666666666666 0.13999999999999999
0.9988885183950206 0.9491525423728814 89.87 31.733333333333334 0.15
0.9988885183950206 0.9491525423728814 89.87 31.733333333333334 0.16
0.9987773702345226 0.9451645064805583 89.86 31.6 0.17
0.9987773702345226 0.938185443668993 89.86 31.366666666666667 0.18000000000000002
0.9987773702345226 0.9351944167497508 89.86 31.266666666666666 0.19000000000000003
0.9987773702345226 0.9302093718843469 89.86 31.1 0.20000000000000004
0.9987773702345226 0.9292123629112662 89.86 31.066666666666666 0.21000000000000005
0.9987773702345226 0.9262213359920239 89.86 30.966666666666665 0.22000000000000006
0.9987773702345226 0.9242273180458624 89.86 30.9 0.23000000000000007
0.9987773702345226 0.9232303090727817 89.86 30.866666666666667 0.24000000000000007
0.9987773702345226 0.9192422731804586 89.86 30.733333333333334 0.25000000000000006
0.9987773702345226 0.9182452642073778 89.86 30.7 0.26000000000000006
0.9987773702345226 0.9172482552342971 89.86 30.666666666666668 0.2700000000000001
0.9987773702345226 0.9172482552342971 89.86 30.666666666666668 0.2800000000000001
0.9987773702345226 0.9162512462612163 89.86 30.633333333333333 0.2900000000000001
0.9986662220740247 0.9142572283150548 89.85 30.566666666666666 0.3000000000000001
0.9986662220740247 0.9142572283150548 89.85 30.566666666666666 0.3100000000000001
0.9986662220740247 0.9142572283150548 89.85 30.566666666666666 0.3200000000000001
0.9986662220740247 0.9142572283150548 89.85 30.566666666666666 0.3300000000000001
0.9986662220740247 0.9102691924227319 89.85 30.433333333333334 0.34000000000000014
0.9986662220740247 0.9082751744765702 89.85 30.366666666666667 0.35000000000000014
0.9986662220740247 0.9072781655034895 89.85 30.333333333333332 0.36000000000000015
0.9986662220740247 0.9062811565304087 89.85 30.3 0.37000000000000016
0.9986662220740247 0.905284147557328 89.85 30.266666666666666 0.38000000000000017
0.9986662220740247 0.9032901296111665 89.85 30.2 0.3900000000000002
0.9986662220740247 0.9002991026919243 89.85 30.1 0.4000000000000002
0.9986662220740247 0.8913260219341974 89.85 29.8 0.4100000000000002
0.9986662220740247 0.8893320039880359 89.85 29.733333333333334 0.4200000000000002
0.9986662220740247 0.8833499501495513 89.85 29.533333333333335 0.4300000000000002
0.9986662220740247 0.8833499501495513 89.85 29.533333333333335 0.4400000000000002
0.9986662220740247 0.8773678963110668 89.85 29.333333333333332 0.45000000000000023
0.9986662220740247 0.8743768693918246 89.85 29.233333333333334 0.46000000000000024
0.9986662220740247 0.8733798604187437 89.85 29.2 0.47000000000000025
0.9986662220740247 0.8673978065802592 89.85 29.0 0.48000000000000026
0.9986662220740247 0.8654037886340977 89.85 28.933333333333334 0.49000000000000027
0.9986662220740247 0.864406779661017 89.85 28.9 0.5000000000000002
0.9986662220740247 0.8634097706879362 89.85 28.866666666666667 0.5100000000000002
0.9986662220740247 0.8634097706879362 89.85 28.866666666666667 0.5200000000000002
0.9986662220740247 0.8624127617148555 89.85 28.833333333333332 0.5300000000000002
0.9986662220740247 0.8614157527417746 89.85 28.8 0.5400000000000003
0.9986662220740247 0.8604187437686939 89.85 28.766666666666666 0.5500000000000003
0.9986662220740247 0.8594217347956131 89.85 28.733333333333334 0.5600000000000003
0.9986662220740247 0.8584247258225324 89.85 28.7 0.5700000000000003
0.9986662220740247 0.8574277168494516 89.85 28.666666666666668 0.5800000000000003
0.9986662220740247 0.8564307078763709 89.85 28.633333333333333 0.5900000000000003
0.9986662220740247 0.8544366899302094 89.85 28.566666666666666 0.6000000000000003
0.9986662220740247 0.8514456630109671 89.85 28.466666666666665 0.6100000000000003
0.9986662220740247 0.8464606181455633 89.85 28.3 0.6200000000000003
0.9986662220740247 0.843469591226321 89.85 28.2 0.6300000000000003
0.9985550739135267 0.8384845463609173 89.84 28.033333333333335 0.6400000000000003
0.9985550739135267 0.8344965104685942 89.84 27.9 0.6500000000000004
0.9984439257530288 0.8245264207377866 89.83 27.566666666666666 0.6600000000000004
0.9984439257530288 0.8185443668993021 89.83 27.366666666666667 0.6700000000000004
0.9984439257530288 0.8095712861415753 89.83 27.066666666666666 0.6800000000000004
0.9984439257530288 0.7926221335992024 89.83 26.5 0.6900000000000004
0.9984439257530288 0.7796610169491526 89.83 26.066666666666666 0.7000000000000004
0.9984439257530288 0.765702891326022 89.83 25.6 0.7100000000000004
0.9984439257530288 0.744765702891326 89.83 24.9 0.7200000000000004
0.9984439257530288 0.7308075772681955 89.83 24.433333333333334 0.7300000000000004
0.9984439257530288 0.7178464606181456 89.83 24.0 0.7400000000000004
0.9982216294320329 0.6949152542372882 89.81 23.233333333333334 0.7500000000000004
0.9982216294320329 0.6689930209371885 89.81 22.366666666666667 0.7600000000000005
0.9982216294320329 0.6530408773678963 89.81 21.833333333333332 0.7700000000000005
0.9977770367900411 0.6430707876370887 89.77 21.5 0.7800000000000005
0.9974435923085473 0.6370887337986042 89.74 21.3 0.7900000000000005
0.9969989996665555 0.6301096709870389 89.7 21.066666666666666 0.8000000000000005
0.9954429254195843 0.6221335992023929 89.56 20.8 0.8100000000000005
0.9924419250861398 0.6181455633100698 89.29 20.666666666666668 0.8200000000000005
0.9871068133822385 0.6051844466600199 88.81 20.233333333333334 0.8300000000000005
0.9798821829498722 0.5932203389830508 88.16 19.833333333333332 0.8400000000000005
0.9653217739246416 0.5812562313060817 86.85 19.433333333333334 0.8500000000000005
0.9437590307880405 0.5353938185443669 84.91 17.9 0.8600000000000005
0.9077470267867067 0.4865403788634098 81.67 16.266666666666666 0.8700000000000006
0.8646215405135045 0.4287138584247258 77.79 14.333333333333334 0.8800000000000006
0.8108258308324997 0.3629112662013958 72.95 12.133333333333333 0.8900000000000006
0.7485828609536512 0.28215353938185445 67.35 9.433333333333334 0.9000000000000006
0.6868956318772924 0.1914257228315055 61.8 6.4 0.9100000000000006
0.6332110703567856 0.12362911266201396 56.97 4.133333333333334 0.9200000000000006
0.5898632877625876 0.06580259222333001 53.07 2.2 0.9300000000000006
0.5556296543292208 0.03389830508474576 49.99 1.1333333333333333 0.9400000000000006
0.5327331332666444 0.014955134596211365 47.93 0.5 0.9500000000000006
0.5128376125375125 0.003988035892323031 46.14 0.13333333333333333 0.9600000000000006
0.49138601756140937 0.0019940179461615153 44.21 0.06666666666666667 0.9700000000000006
0.4554851617205735 9.970089730807576E-4 40.98 0.03333333333333333 0.9800000000000006
0.36378792930976994 9.970089730807576E-4 32.73 0.03333333333333333 0.9900000000000007
0.0 0.0 0.0 0.0
