1.0 1.0 29.99 Infinity 0.0
1.0 0.9581256231306082 29.99 Infinity 0.01
1.0 0.9112662013958126 29.99 Infinity 0.02
1.0 0.8823529411764706 29.99 Infinity 0.03
1.0 0.8594217347956131 29.99 Infinity 0.04
1.0 0.8404785643070788 29.99 Infinity 0.05
1.0 0.806580259222333 29.99 Infinity 0.060000000000000005
1.0 0.806580259222333 29.99 Infinity 0.07
1.0 0.7966101694915254 29.99 Infinity 0.08
1.0 0.7816550348953141 29.99 Infinity 0.09
1.0 0.773678963110668 29.99 Infinity 0.09999999999999999
1.0 0.765702891326022 29.99 Infinity 0.10999999999999999
1.0 0.7577268195413759 29.99 Infinity 0.11999999999999998
1.0 0.7497507477567298 29.99 Infinity 0.12999999999999998
1.0 0.7427716849451645 29.99 Infinity 0.13999999999999999
1.0 0.7367896311066799 29.99 Infinity 0.15
1.0 0.7308075772681955 29.99 Infinity 0.16
1.0 0.7268195413758723 29.99 Infinity 0.17
1.0 0.7068793619142573 29.99 Infinity 0.18000000000000002
1.0 0.6979062811565304 29.99 Infinity 0.19000000000000003
1.0 0.6849451645064806 29.99 Infinity 0.20000000000000004
1.0 0.6719840478564307 29.99 Infinity 0.21000000000000005
1.0 0.6660019940179461 29.99 Infinity 0.22000000000000006
1.0 0.6650049850448654 29.99 Infinity 0.23000000000000007
1.0 0.6570289132602194 29.99 Infinity 0.24000000000000007
1.0 0.654037886340977 29.99 Infinity 0.25000000000000006
1.0 0.6530408773678963 29.99 Infinity 0.26000000000000006
1.0 0.650049850448654 29.99 Infinity 0.2700000000000001
1.0 0.650049850448654 29.99 Infinity 0.2800000000000001
1.0 0.6490528414755733 29.99 Infinity 0.2900000000000001
1.0 0.646061814556331 29.99 Infinity 0.3000000000000001
1.0 0.646061814556331 29.99 Infinity 0.3100000000000001
1.0 0.6440677966101694 29.99 Infinity 0.3200000000000001
1.0 0.6420737786640079 29.99 Infinity 0.3300000000000001
1.0 0.6390827517447657 29.99 Infinity 0.34000000000000014
1.0 0.634097706879362 29.99 Infinity 0.35000000000000014
1.0 0.6251246261216351 29.99 Infinity 0.36000000000000015
1.0 0.6221335992023929 29.99 Infinity 0.37000000000000016
1.0 0.617148554336989 29.99 Infinity 0.38000000000000017
1.0 0.6151545363908275 29.99 Infinity 0.3900000000000002
1.0 0.6081754735792622 29.99 Infinity 0.4000000000000002
1.0 0.5992023928215354 29.99 Infinity 0.4100000000000002
1.0 0.5812562313060817 29.99 Infinity 0.4200000000000002
1.0 0.5712861415752741 29.99 Infinity 0.4300000000000002
1.0 0.555333998005982 29.99 Infinity 0.4400000000000002
1.0 0.5423728813559322 29.99 Infinity 0.45000000000000023
1.0 0.5324027916251246 29.99 Infinity 0.46000000000000024
1.0 0.5214356929212363 29.99 Infinity 0.47000000000000025
1.0 0.5094715852442672 29.99 Infinity 0.48000000000000026
1.0 0.5064805583250249 29.99 Infinity 0.49000000000000027
1.0 0.5024925224327019 29.99 Infinity 0.5000000000000002
1.0 0.4995014955134596 29.99 Infinity 0.5100000000000002
1.0 0.4945164506480558 29.99 Infinity 0.5200000000000002
1.0 0.4905284147557328 29.99 Infinity 0.5300000000000002
1.0 0.4905284147557328 29.99 Infinity 0.5400000000000003
1.0 0.48753738783649053 29.99 Infinity 0.5500000000000003
1.0 0.48454636091724823 29.99 Infinity 0.5600000000000003
1.0 0.48255234297108673 29.99 Infinity 0.5700000000000003
1.0 0.48255234297108673 29.99 Infinity 0.5800000000000003
1.0 0.4795613160518445 29.99 Infinity 0.5900000000000003
1.0 0.47756729810568294 29.99 Infinity 0.6000000000000003
1.0 0.47557328015952144 29.99 Infinity 0.6100000000000003
1.0 0.4745762711864407 29.99 Infinity 0.6200000000000003
1.0 0.4715852442671984 29.99 Infinity 0.6300000000000003
1.0 0.46859421734795614 29.99 Infinity 0.6400000000000003
1.0 0.4646061814556331 29.99 Infinity 0.6500000000000004
1.0 0.4556331006979063 29.99 Infinity 0.6600000000000004
1.0 0.4426719840478564 29.99 Infinity 0.6700000000000004
1.0 0.42971086739780656 29.99 Infinity 0.6800000000000004
1.0 0.4107676969092722 29.99 Infinity 0.6900000000000004
1.0 0.3988035892323031 29.99 Infinity 0.7000000000000004
1.0 0.3698903290129611 29.99 Infinity 0.7100000000000004
1.0 0.3469591226321037 29.99 Infinity 0.7200000000000004
1.0 0.32602193419740777 29.99 Infinity 0.7300000000000004
1.0 0.30109670987038883 29.99 Infinity 0.7400000000000004
1.0 0.2811565304087737 29.99 Infinity 0.7500000000000004
1.0 0.2662013958125623 29.99 Infinity 0.7600000000000005
1.0 0.24626121635094717 29.99 Infinity 0.7700000000000005
1.0 0.22831505483549352 29.99 Infinity 0.7800000000000005
0.999888851839502 0.2143569292123629 29.986666666666668 Infinity 0.7900000000000005
0.999888851839502 0.2073778664007976 29.986666666666668 Infinity 0.8000000000000005
0.9996665555185061 0.20139581256231306 29.98 Infinity 0.8100000000000005
0.9996665555185061 0.19641076769690927 29.98 Infinity 0.8200000000000005
0.9994442591975102 0.18843469591226322 29.973333333333333 Infinity 0.8300000000000005
0.9978881849505391 0.1814556331006979 29.926666666666666 Infinity 0.8400000000000005
0.9956652217405801 0.1744765702891326 29.86 Infinity 0.8500000000000005
0.9927753695676337 0.16051844466600199 29.773333333333333 Infinity 0.8600000000000005
0.9866622207402468 0.14755732801595214 29.59 Infinity 0.8700000000000006
0.9815494053573414 0.12861415752741776 29.436666666666667 Infinity 0.8800000000000006
0.9749916638879627 0.1106679960119641 29.24 Infinity 0.8900000000000006
0.9653217739246416 0.0847457627118644 28.95 Infinity 0.9000000000000006
0.9572079582082916 0.05284147557328016 28.706666666666667 Infinity 0.9100000000000006
0.9504279204179171 0.03788634097706879 28.503333333333334 Infinity 0.9200000000000006
0.9447593642325219 0.026919242273180457 28.333333333333332 Infinity 0.9300000000000006
0.9384239190841391 0.01694915254237288 28.143333333333334 Infinity 0.9400000000000006
0.9337556963432255 0.007976071784646061 28.003333333333334 Infinity 0.9500000000000006
0.9274202511948427 0.0 27.813333333333333 NaN 0.9600000000000006
0.9203067689229744 0.0 27.6 NaN 0.9700000000000006
0.9021896187618095 0.0 27.05666666666667 NaN 0.9800000000000006
0.8375013893520062 0.0 25.116666666666667 NaN 0.9900000000000007
0.0 0.0 0.0 0.0
