1.0 1.0 44.985 100.3 0.0
1.0 0.9940179461615155 44.985 99.7 0.01
1.0 0.9770687936191426 44.985 98.0 0.02
1.0 0.9601196410767697 44.985 96.3 0.03
1.0 0.9541375872382851 44.985 95.7 0.04
1.0 0.9451645064805583 44.985 94.8 0.05
1.0 0.9302093718843469 44.985 93.3 0.060000000000000005
1.0 0.9302093718843469 44.985 93.3 0.07
1.0 0.922233300099701 44.985 92.5 0.08
1.0 0.9132602193419741 44.985 91.6 0.09
1.0 0.9072781655034895 44.985 91.0 0.09999999999999999
1.0 0.901296111665005 44.985 90.4 0.10999999999999999
1.0 0.8953140578265204 44.985 89.8 0.11999999999999998
1.0 0.8863409770687937 44.985 88.9 0.12999999999999998
1.0 0.8853439680957128 44.985 88.8 0.13999999999999999
1.0 0.8843469591226321 44.985 88.7 0.15
1.0 0.8793619142572283 44.985 88.2 0.16
1.0 0.8763708873379861 44.985 87.9 0.17
1.0 0.8594217347956131 44.985 86.2 0.18000000000000002
1.0 0.8534396809571286 44.985 85.6 0.19000000000000003
1.0 0.8494516450648056 44.985 85.2 0.20000000000000004
1.0 0.8464606181455633 44.985 84.9 0.21000000000000005
1.0 0.843469591226321 44.985 84.6 0.22000000000000006
1.0 0.8414755732801595 44.985 84.4 0.23000000000000007
1.0 0.8364905284147557 44.985 83.9 0.24000000000000007
1.0 0.8315054835493519 44.985 83.4 0.25000000000000006
1.0 0.8285144566301097 44.985 83.1 0.26000000000000006
1.0 0.8235294117647058 44.985 82.6 0.2700000000000001
1.0 0.8235294117647058 44.985 82.6 0.2800000000000001
1.0 0.8225324027916251 44.985 82.5 0.2900000000000001
1.0 0.8215353938185443 44.985 82.4 0.3000000000000001
1.0 0.8215353938185443 44.985 82.4 0.3100000000000001
1.0 0.8215353938185443 44.985 82.4 0.3200000000000001
1.0 0.8195413758723828 44.985 82.2 0.3300000000000001
1.0 0.8145563310069791 44.985 81.7 0.34000000000000014
1.0 0.8125623130608175 44.985 81.5 0.35000000000000014
1.0 0.8085742771684945 44.985 81.1 0.36000000000000015
1.0 0.8045862412761715 44.985 80.7 0.37000000000000016
1.0 0.7976071784646062 44.985 80.0 0.38000000000000017
1.0 0.7966101694915254 44.985 79.9 0.3900000000000002
1.0 0.7946161515453639 44.985 79.7 0.4000000000000002
1.0 0.7886340977068793 44.985 79.1 0.4100000000000002
1.0 0.7826520438683948 44.985 78.5 0.4200000000000002
1.0 0.7786640079760718 44.985 78.1 0.4300000000000002
1.0 0.7706879361914257 44.985 77.3 0.4400000000000002
1.0 0.7647058823529411 44.985 76.7 0.45000000000000023
1.0 0.7497507477567298 44.985 75.2 0.46000000000000024
1.0 0.744765702891326 44.985 74.7 0.47000000000000025
1.0 0.7357926221335992 44.985 73.8 0.48000000000000026
1.0 0.7337986041874377 44.985 73.6 0.49000000000000027
1.0 0.7278165503489531 44.985 73.0 0.5000000000000002
1.0 0.7248255234297108 44.985 72.7 0.5100000000000002
1.0 0.7198404785643071 44.985 72.2 0.5200000000000002
1.0 0.7178464606181456 44.985 72.0 0.5300000000000002
1.0 0.7168494516450648 44.985 71.9 0.5400000000000003
1.0 0.7148554336989033 44.985 71.7 0.5500000000000003
1.0 0.7138584247258225 44.985 71.6 0.5600000000000003
1.0 0.7138584247258225 44.985 71.6 0.5700000000000003
1.0 0.7138584247258225 44.985 71.6 0.5800000000000003
1.0 0.7108673978065803 44.985 71.3 0.5900000000000003
1.0 0.7098703888334995 44.985 71.2 0.6000000000000003
1.0 0.707876370887338 44.985 71.0 0.6100000000000003
1.0 0.7058823529411765 44.985 70.8 0.6200000000000003
1.0 0.7038883349950149 44.985 70.6 0.6300000000000003
1.0 0.7028913260219342 44.985 70.5 0.6400000000000003
1.0 0.7018943170488534 44.985 70.4 0.6500000000000004
1.0 0.6909272183449651 44.985 69.3 0.6600000000000004
1.0 0.678963110667996 44.985 68.1 0.6700000000000004
1.0 0.6689930209371885 44.985 67.1 0.6800000000000004
1.0 0.6490528414755733 44.985 65.1 0.6900000000000004
1.0 0.6360917248255235 44.985 63.8 0.7000000000000004
1.0 0.6181455633100698 44.985 62.0 0.7100000000000004
1.0 0.5952143569292123 44.985 59.7 0.7200000000000004
1.0 0.5702891326021934 44.985 57.2 0.7300000000000004
1.0 0.5543369890329013 44.985 55.6 0.7400000000000004
1.0 0.5333998005982054 44.985 53.5 0.7500000000000004
1.0 0.514456630109671 44.985 51.6 0.7600000000000005
1.0 0.49750747756729813 44.985 49.9 0.7700000000000005
1.0 0.4865403788634098 44.985 48.8 0.7800000000000005
0.999888851839502 0.48255234297108673 44.98 48.4 0.7900000000000005
0.9996665555185061 0.4745762711864407 44.97 47.6 0.8000000000000005
0.9991108147160165 0.4715852442671984 44.945 47.3 0.8100000000000005
0.9978881849505391 0.4675972083748754 44.89 46.9 0.8200000000000005
0.9957763699010781 0.4646061814556331 44.795 46.6 0.8300000000000005
0.991997332444148 0.45862412761714855 44.625 46.0 0.8400000000000005
0.986106479937757 0.4476570289132602 44.36 44.9 0.8500000000000005
0.9745470712459708 0.42073778664007977 43.84 42.2 0.8600000000000005
0.9579859953317773 0.39282153539381853 43.095 39.4 0.8700000000000006
0.9340891408247194 0.36490528414755735 42.02 36.6 0.8800000000000006
0.9079693231077026 0.3270189431704885 40.845 32.8 0.8900000000000006
0.8797376903412248 0.26719840478564305 39.575 26.8 0.9000000000000006
0.8482827609203067 0.21834496510468593 38.16 21.9 0.9100000000000006
0.8229409803267755 0.16849451645064806 37.02 16.9 0.9200000000000006
0.8037123485606313 0.1345962113659023 36.155 13.5 0.9300000000000006
0.7889296432144048 0.11266201395812563 35.49 11.3 0.9400000000000006
0.7790374569300879 0.1016949152542373 35.045 10.2 0.9500000000000006
0.7694787151272646 0.0967098703888335 34.615 9.7 0.9600000000000006
0.7551406024230299 0.09471585244267199 33.97 9.5 0.9700000000000006
0.7212404134711571 0.09371884346959122 32.445 9.4 0.9800000000000006
0.62054018006002 0.09371884346959122 27.915 9.4 0.9900000000000007
0.0 0.0 0.0 0.0
