1.0 1.0 89.97 5.143589743589744 0.0
1.0 0.9990029910269193 89.97 5.138461538461539 0.01
1.0 0.9920239282153539 89.97 5.102564102564102 0.02
1.0 0.9840478564307079 89.97 5.061538461538461 0.03
1.0 0.9800598205383848 89.97 5.041025641025641 0.04
1.0 0.9760717846460618 89.97 5.02051282051282 0.05
1.0 0.9611166500498505 89.97 4.943589743589744 0.060000000000000005
1.0 0.9611166500498505 89.97 4.943589743589744 0.07
1.0 0.9561316051844466 89.97 4.917948717948718 0.08
1.0 0.9501495513459621 89.97 4.887179487179488 0.09
1.0 0.9451645064805583 89.97 4.861538461538461 0.09999999999999999
1.0 0.942173479561316 89.97 4.846153846153846 0.10999999999999999
1.0 0.9401794616151545 89.97 4.835897435897436 0.11999999999999998
1.0 0.9391824526420738 89.97 4.8307692307692305 0.12999999999999998
1.0 0.9371884346959123 89.97 4.82051282051282 0.13999999999999999
1.0 0.93419740777667 89.97 4.805128205128205 0.15
1.0 0.9312063808574277 89.97 4.78974358974359 0.16
1.0 0.9302093718843469 89.97 4.7846153846153845 0.17
1.0 0.9262213359920239 89.97 4.764102564102564 0.18000000000000002
1.0 0.922233300099701 89.97 4.743589743589744 0.19000000000000003
1.0 0.9142572283150548 89.97 4.702564102564103 0.20000000000000004
1.0 0.9072781655034895 89.97 4.666666666666667 0.21000000000000005
1.0 0.905284147557328 89.97 4.656410256410257 0.22000000000000006
1.0 0.9032901296111665 89.97 4.6461538461538465 0.23000000000000007
1.0 0.9022931206380858 89.97 4.641025641025641 0.24000000000000007
1.0 0.9022931206380858 89.97 4.641025641025641 0.25000000000000006
1.0 0.9022931206380858 89.97 4.641025641025641 0.26000000000000006
1.0 0.9022931206380858 89.97 4.641025641025641 0.2700000000000001
1.0 0.9022931206380858 89.97 4.641025641025641 0.2800000000000001
1.0 0.9022931206380858 89.97 4.641025641025641 0.2900000000000001
1.0 0.901296111665005 89.97 4.635897435897436 0.3000000000000001
1.0 0.901296111665005 89.97 4.635897435897436 0.3100000000000001
1.0 0.901296111665005 89.97 4.635897435897436 0.3200000000000001
1.0 0.901296111665005 89.97 4.635897435897436 0.3300000000000001
1.0 0.9002991026919243 89.97 4.630769230769231 0.34000000000000014
1.0 0.8993020937188435 89.97 4.625641025641026 0.35000000000000014
1.0 0.8993020937188435 89.97 4.625641025641026 0.36000000000000015
1.0 0.8973080757726819 89.97 4.615384615384615 0.37000000000000016
1.0 0.8953140578265204 89.97 4.605128205128205 0.38000000000000017
1.0 0.8903290129611167 89.97 4.579487179487179 0.3900000000000002
1.0 0.8843469591226321 89.97 4.5487179487179485 0.4000000000000002
1.0 0.8823529411764706 89.97 4.538461538461538 0.4100000000000002
1.0 0.8793619142572283 89.97 4.523076923076923 0.4200000000000002
1.0 0.8763708873379861 89.97 4.507692307692308 0.4300000000000002
1.0 0.872382851445663 89.97 4.487179487179487 0.4400000000000002
1.0 0.8673978065802592 89.97 4.461538461538462 0.45000000000000023
1.0 0.8664007976071785 89.97 4.456410256410257 0.46000000000000024
1.0 0.864406779661017 89.97 4.446153846153846 0.47000000000000025
1.0 0.8584247258225324 89.97 4.415384615384616 0.48000000000000026
1.0 0.8574277168494516 89.97 4.410256410256411 0.49000000000000027
1.0 0.8564307078763709 89.97 4.4051282051282055 0.5000000000000002
1.0 0.8564307078763709 89.97 4.4051282051282055 0.5100000000000002
1.0 0.8554336989032901 89.97 4.4 0.5200000000000002
1.0 0.8554336989032901 89.97 4.4 0.5300000000000002
1.0 0.8554336989032901 89.97 4.4 0.5400000000000003
1.0 0.8534396809571286 89.97 4.38974358974359 0.5500000000000003
1.0 0.8534396809571286 89.97 4.38974358974359 0.5600000000000003
1.0 0.8534396809571286 89.97 4.38974358974359 0.5700000000000003
1.0 0.8534396809571286 89.97 4.38974358974359 0.5800000000000003
1.0 0.8534396809571286 89.97 4.38974358974359 0.5900000000000003
1.0 0.8524426719840479 89.97 4.384615384615385 0.6000000000000003
1.0 0.8484546360917248 89.97 4.364102564102564 0.6100000000000003
1.0 0.8454636091724825 89.97 4.348717948717948 0.6200000000000003
1.0 0.843469591226321 89.97 4.338461538461538 0.6300000000000003
1.0 0.839481555333998 89.97 4.317948717948718 0.6400000000000003
1.0 0.8364905284147557 89.97 4.302564102564102 0.6500000000000004
1.0 0.8255234297108675 89.97 4.246153846153846 0.6600000000000004
1.0 0.8225324027916251 89.97 4.230769230769231 0.6700000000000004
1.0 0.8155533399800599 89.97 4.194871794871795 0.6800000000000004
1.0 0.7966101694915254 89.97 4.097435897435897 0.6900000000000004
1.0 0.7846460618145563 89.97 4.035897435897436 0.7000000000000004
1.0 0.7746759720837487 89.97 3.9846153846153847 0.7100000000000004
1.0 0.748753738783649 89.97 3.8512820512820514 0.7200000000000004
1.0 0.732801595214357 89.97 3.769230769230769 0.7300000000000004
1.0 0.7128614157527418 89.97 3.6666666666666665 0.7400000000000004
1.0 0.6969092721834497 89.97 3.5846153846153848 0.7500000000000004
1.0 0.674975074775673 89.97 3.471794871794872 0.7600000000000005
0.999888851839502 0.6640079760717846 89.96 3.4153846153846152 0.7700000000000005
0.9995554073580082 0.6470588235294118 89.93 3.3282051282051284 0.7800000000000005
0.9993331110370124 0.638085742771685 89.91 3.282051282051282 0.7900000000000005
0.9988885183950206 0.6291126620139581 89.87 3.235897435897436 0.8000000000000005
0.9977770367900411 0.6201395812562313 89.77 3.18974358974359 0.8100000000000005
0.9955540735800823 0.6151545363908275 89.57 3.164102564102564 0.8200000000000005
0.9903301100366789 0.6061814556331007 89.1 3.117948717948718 0.8300000000000005
0.9838835167277982 0.5872382851445663 88.52 3.0205128205128204 0.8400000000000005
0.9696565521840613 0.5712861415752741 87.24 2.9384615384615387 0.8500000000000005
0.9505390685784151 0.5343968095712861 85.52 2.7487179487179487 0.8600000000000005
0.9227520284539291 0.4955134596211366 83.02 2.5487179487179485 0.8700000000000006
0.8780704679337556 0.4436689930209372 79.0 2.282051282051282 0.8800000000000006
0.8259419806602201 0.3898305084745763 74.31 2.005128205128205 0.8900000000000006
0.7698121596087585 0.3050847457627119 69.26 1.5692307692307692 0.9000000000000006
0.709569856618873 0.22233300099700898 63.84 1.1435897435897435 0.9100000000000006
0.6615538512837612 0.16151545363908276 59.52 0.8307692307692308 0.9200000000000006
0.6222074024674892 0.10568295114656032 55.98 0.5435897435897435 0.9300000000000006
0.5901967322440813 0.08075772681954138 53.1 0.4153846153846154 0.9400000000000006
0.5670779148605091 0.06779661016949153 51.02 0.3487179487179487 0.9500000000000006
0.5472935422918751 0.053838484546360914 49.24 0.27692307692307694 0.9600000000000006
0.5292875402912082 0.0518444666001994 47.62 0.26666666666666666 0.9700000000000006
0.4952762031788374 0.0518444666001994 44.56 0.26666666666666666 0.9800000000000006
0.40346782260753583 0.05084745762711865 36.3 0.26153846153846155 0.9900000000000007
0.0 0.0 0.0 0.0
