1.0 1.0 11.24625 20.06 0.0
1.0 0.6699900299102692 11.24625 13.44 0.01
1.0 0.5244267198404786 11.24625 10.52 0.02
1.0 0.47557328015952144 11.24625 9.54 0.03
1.0 0.4426719840478564 11.24625 8.88 0.04
1.0 0.4147557328015952 11.24625 8.32 0.05
1.0 0.37587238285144564 11.24625 7.54 0.060000000000000005
1.0 0.37587238285144564 11.24625 7.54 0.07
1.0 0.3609172482552343 11.24625 7.24 0.08
1.0 0.34297108673978066 11.24625 6.88 0.09
1.0 0.32801595214356927 11.24625 6.58 0.09999999999999999
1.0 0.31306081754735793 11.24625 6.28 0.10999999999999999
1.0 0.30807577268195413 11.24625 6.18 0.11999999999999998
1.0 0.30309072781655033 11.24625 6.08 0.12999999999999998
1.0 0.29810568295114653 11.24625 5.98 0.13999999999999999
1.0 0.2931206380857428 11.24625 5.88 0.15
1.0 0.28414755732801594 11.24625 5.7 0.16
1.0 0.27916251246261214 11.24625 5.6 0.17
1.0 0.2642073778664008 11.24625 5.3 0.18000000000000002
1.0 0.25523429710867396 11.24625 5.12 0.19000000000000003
1.0 0.24027916251246262 11.24625 4.82 0.20000000000000004
1.0 0.23030907278165502 11.24625 4.62 0.21000000000000005
1.0 0.226321036889332 11.24625 4.54 0.22000000000000006
1.0 0.22033898305084745 11.24625 4.42 0.23000000000000007
1.0 0.21734795613160518 11.24625 4.36 0.24000000000000007
1.0 0.21535393818544366 11.24625 4.32 0.25000000000000006
1.0 0.21136590229312063 11.24625 4.24 0.26000000000000006
1.0 0.20937188434695914 11.24625 4.2 0.2700000000000001
1.0 0.20438683948155534 11.24625 4.1 0.2800000000000001
1.0 0.2023928215353938 11.24625 4.06 0.2900000000000001
1.0 0.20139581256231306 11.24625 4.04 0.3000000000000001
1.0 0.19940179461615154 11.24625 4.0 0.3100000000000001
1.0 0.1984047856430708 11.24625 3.98 0.3200000000000001
1.0 0.19641076769690927 11.24625 3.94 0.3300000000000001
1.0 0.193419740777667 11.24625 3.88 0.34000000000000014
1.0 0.19042871385842472 11.24625 3.82 0.35000000000000014
1.0 0.18843469591226322 11.24625 3.78 0.36000000000000015
1.0 0.18544366899302095 11.24625 3.72 0.37000000000000016
1.0 0.18045862412761715 11.24625 3.62 0.38000000000000017
1.0 0.17846460618145563 11.24625 3.58 0.3900000000000002
1.0 0.17148554336989033 11.24625 3.44 0.4000000000000002
1.0 0.1674975074775673 11.24625 3.36 0.4100000000000002
1.0 0.16051844466600199 11.24625 3.22 0.4200000000000002
1.0 0.15553339980059822 11.24625 3.12 0.4300000000000002
1.0 0.1535393818544367 11.24625 3.08 0.4400000000000002
1.0 0.15054835493519442 11.24625 3.02 0.45000000000000023
1.0 0.1415752741774676 11.24625 2.84 0.46000000000000024
1.0 0.13559322033898305 11.24625 2.72 0.47000000000000025
1.0 0.13160518444666003 11.24625 2.64 0.48000000000000026
1.0 0.1296111665004985 11.24625 2.6 0.49000000000000027
1.0 0.12662013958125623 11.24625 2.54 0.5000000000000002
1.0 0.1226321036889332 11.24625 2.46 0.5100000000000002
1.0 0.11964107676969092 11.24625 2.4 0.5200000000000002
1.0 0.11365902293120637 11.24625 2.28 0.5300000000000002
1.0 0.11266201395812563 11.24625 2.26 0.5400000000000003
1.0 0.11166500498504486 11.24625 2.24 0.5500000000000003
1.0 0.10867397806580259 11.24625 2.18 0.5600000000000003
1.0 0.10568295114656032 11.24625 2.12 0.5700000000000003
1.0 0.1036889332003988 11.24625 2.08 0.5800000000000003
1.0 0.1016949152542373 11.24625 2.04 0.5900000000000003
1.0 0.10069790628115653 11.24625 2.02 0.6000000000000003
1.0 0.09970089730807577 11.24625 2.0 0.6100000000000003
1.0 0.09870388833499502 11.24625 1.98 0.6200000000000003
1.0 0.09571286141575275 11.24625 1.92 0.6300000000000003
1.0 0.09571286141575275 11.24625 1.92 0.6400000000000003
1.0 0.09371884346959122 11.24625 1.88 0.6500000000000004
1.0 0.09272183449651047 11.24625 1.86 0.6600000000000004
1.0 0.09272183449651047 11.24625 1.86 0.6700000000000004
1.0 0.09172482552342971 11.24625 1.84 0.6800000000000004
1.0 0.08773678963110668 11.24625 1.76 0.6900000000000004
1.0 0.0847457627118644 11.24625 1.7 0.7000000000000004
1.0 0.08175473579262213 11.24625 1.64 0.7100000000000004
1.0 0.08175473579262213 11.24625 1.64 0.7200000000000004
1.0 0.07976071784646062 11.24625 1.6 0.7300000000000004
1.0 0.07976071784646062 11.24625 1.6 0.7400000000000004
1.0 0.07776669990029911 11.24625 1.56 0.7500000000000004
1.0 0.07676969092721835 11.24625 1.54 0.7600000000000005
1.0 0.07676969092721835 11.24625 1.54 0.7700000000000005
1.0 0.07577268195413758 11.24625 1.52 0.7800000000000005
1.0 0.07577268195413758 11.24625 1.52 0.7900000000000005
1.0 0.07278165503489531 11.24625 1.46 0.8000000000000005
1.0 0.07278165503489531 11.24625 1.46 0.8100000000000005
1.0 0.07278165503489531 11.24625 1.46 0.8200000000000005
1.0 0.07278165503489531 11.24625 1.46 0.8300000000000005
1.0 0.07178464606181456 11.24625 1.44 0.8400000000000005
1.0 0.06979062811565304 11.24625 1.4 0.8500000000000005
1.0 0.06979062811565304 11.24625 1.4 0.8600000000000005
1.0 0.06979062811565304 11.24625 1.4 0.8700000000000006
1.0 0.06979062811565304 11.24625 1.4 0.8800000000000006
1.0 0.06879361914257229 11.24625 1.38 0.8900000000000006
1.0 0.06879361914257229 11.24625 1.38 0.9000000000000006
1.0 0.06879361914257229 11.24625 1.38 0.9100000000000006
1.0 0.06879361914257229 11.24625 1.38 0.9200000000000006
1.0 0.06879361914257229 11.24625 1.38 0.9300000000000006
1.0 0.06879361914257229 11.24625 1.38 0.9400000000000006
1.0 0.06879361914257229 11.24625 1.38 0.9500000000000006
0.999888851839502 0.06879361914257229 11.245 1.38 0.9600000000000006
0.999888851839502 0.06879361914257229 11.245 1.38 0.9700000000000006
0.9996665555185061 0.06879361914257229 11.2425 1.38 0.9800000000000006
0.9979993331110371 0.06879361914257229 11.22375 1.38 0.9900000000000007
0.0 0.0 0.0 0.0
