0.0 0.3988035892323031 0.0 20.0 0.0
0.0 0.3728813559322034 0.0 18.7 0.01
0.0 0.2971086739780658 0.0 14.9 0.02
0.0 0.2851445663010967 0.0 14.3 0.03
0.0 0.2741774675972084 0.0 13.75 0.04
0.0 0.2612163509471585 0.0 13.1 0.05
0.0 0.25324027916251246 0.0 12.7 0.060000000000000005
0.0 0.25324027916251246 0.0 12.7 0.07
0.0 0.2452642073778664 0.0 12.3 0.08
0.0 0.24127617148554337 0.0 12.1 0.09
0.0 0.2382851445663011 0.0 11.95 0.09999999999999999
0.0 0.23429710867397807 0.0 11.75 0.10999999999999999
0.0 0.22931206380857427 0.0 11.5 0.11999999999999998
0.0 0.22831505483549352 0.0 11.45 0.12999999999999998
0.0 0.226321036889332 0.0 11.35 0.13999999999999999
0.0 0.22432701894317048 0.0 11.25 0.15
0.0 0.22233300099700898 0.0 11.15 0.16
0.0 0.2193419740777667 0.0 11.0 0.17
0.0 0.21635094715852443 0.0 10.85 0.18000000000000002
0.0 0.2143569292123629 0.0 10.75 0.19000000000000003
0.0 0.2143569292123629 0.0 10.75 0.20000000000000004
0.0 0.21335992023928216 0.0 10.7 0.21000000000000005
0.0 0.21335992023928216 0.0 10.7 0.22000000000000006
0.0 0.2123629112662014 0.0 10.65 0.23000000000000007
0.0 0.20837487537387836 0.0 10.45 0.24000000000000007
0.0 0.2053838484546361 0.0 10.3 0.25000000000000006
0.0 0.19940179461615154 0.0 10.0 0.26000000000000006
0.0 0.1984047856430708 0.0 9.95 0.2700000000000001
0.0 0.19242273180458624 0.0 9.65 0.2800000000000001
0.0 0.19042871385842472 0.0 9.55 0.2900000000000001
0.0 0.18743768693918245 0.0 9.4 0.3000000000000001
0.0 0.18544366899302095 0.0 9.3 0.3100000000000001
0.0 0.18344965104685942 0.0 9.2 0.3200000000000001
0.0 0.1814556331006979 0.0 9.1 0.3300000000000001
0.0 0.1814556331006979 0.0 9.1 0.34000000000000014
0.0 0.17647058823529413 0.0 8.85 0.35000000000000014
0.0 0.17547357926221335 0.0 8.8 0.36000000000000015
0.0 0.17148554336989033 0.0 8.6 0.37000000000000016
0.0 0.16849451645064806 0.0 8.45 0.38000000000000017
0.0 0.16849451645064806 0.0 8.45 0.3900000000000002
0.0 0.16350947158524426 0.0 8.2 0.4000000000000002
0.0 0.16350947158524426 0.0 8.2 0.4100000000000002
0.0 0.16350947158524426 0.0 8.2 0.4200000000000002
0.0 0.16151545363908276 0.0 8.1 0.4300000000000002
0.0 0.15952143569292124 0.0 8.0 0.4400000000000002
0.0 0.1585244267198405 0.0 7.95 0.45000000000000023
0.0 0.1585244267198405 0.0 7.95 0.46000000000000024
0.0 0.15653040877367896 0.0 7.85 0.47000000000000025
0.0 0.15553339980059822 0.0 7.8 0.48000000000000026
0.0 0.1535393818544367 0.0 7.7 0.49000000000000027
0.0 0.1535393818544367 0.0 7.7 0.5000000000000002
0.0 0.15254237288135594 0.0 7.65 0.5100000000000002
0.0 0.15054835493519442 0.0 7.55 0.5200000000000002
0.0 0.14755732801595214 0.0 7.4 0.5300000000000002
0.0 0.14556331006979062 0.0 7.3 0.5400000000000003
0.0 0.14456630109670987 0.0 7.25 0.5500000000000003
0.0 0.14257228315054835 0.0 7.15 0.5600000000000003
0.0 0.1415752741774676 0.0 7.1 0.5700000000000003
0.0 0.1415752741774676 0.0 7.1 0.5800000000000003
0.0 0.14057826520438685 0.0 7.05 0.5900000000000003
0.0 0.13758723828514458 0.0 6.9 0.6000000000000003
0.0 0.1345962113659023 0.0 6.75 0.6100000000000003
0.0 0.13359920239282153 0.0 6.7 0.6200000000000003
0.0 0.13359920239282153 0.0 6.7 0.6300000000000003
0.0 0.13260219341974078 0.0 6.65 0.6400000000000003
0.0 0.13060817547357925 0.0 6.55 0.6500000000000004
0.0 0.13060817547357925 0.0 6.55 0.6600000000000004
0.0 0.13060817547357925 0.0 6.55 0.6700000000000004
0.0 0.1296111665004985 0.0 6.5 0.6800000000000004
0.0 0.12861415752741776 0.0 6.45 0.6900000000000004
0.0 0.12861415752741776 0.0 6.45 0.7000000000000004
0.0 0.12861415752741776 0.0 6.45 0.7100000000000004
0.0 0.12861415752741776 0.0 6.45 0.7200000000000004
0.0 0.12562313060817548 0.0 6.3 0.7300000000000004
0.0 0.12562313060817548 0.0 6.3 0.7400000000000004
0.0 0.12063808574277168 0.0 6.05 0.7500000000000004
0.0 0.11764705882352941 0.0 5.9 0.7600000000000005
0.0 0.11365902293120637 0.0 5.7 0.7700000000000005
0.0 0.11266201395812563 0.0 5.65 0.7800000000000005
0.0 0.10867397806580259 0.0 5.45 0.7900000000000005
0.0 0.10667996011964108 0.0 5.35 0.8000000000000005
0.0 0.10269192422731804 0.0 5.15 0.8100000000000005
0.0 0.10069790628115653 0.0 5.05 0.8200000000000005
0.0 0.09970089730807577 0.0 5.0 0.8300000000000005
0.0 0.09371884346959122 0.0 4.7 0.8400000000000005
0.0 0.09072781655034895 0.0 4.55 0.8500000000000005
0.0 0.08773678963110668 0.0 4.4 0.8600000000000005
0.0 0.08275174476570289 0.0 4.15 0.8700000000000006
0.0 0.08175473579262213 0.0 4.1 0.8800000000000006
0.0 0.08075772681954138 0.0 4.05 0.8900000000000006
0.0 0.07876370887337986 0.0 3.95 0.9000000000000006
0.0 0.07776669990029911 0.0 3.9 0.9100000000000006
0.0 0.0707876370887338 0.0 3.55 0.9200000000000006
0.0 0.06580259222333001 0.0 3.3 0.9300000000000006
0.0 0.06281156530408774 0.0 3.15 0.9400000000000006
0.0 0.05782652043868395 0.0 2.9 0.9500000000000006
0.0 0.05084745762711865 0.0 2.55 0.9600000000000006
0.0 0.0448654037886341 0.0 2.25 0.9700000000000006
0.0 0.031904287138584245 0.0 1.6 0.9800000000000006
0.0 0.022931206380857428 0.0 1.15 0.9900000000000007
0.0 0.0 0.0 0.0
