1.0 1.0 22.4925 62.6875 0.0
1.0 0.9481555333998006 22.4925 59.4375 0.01
1.0 0.8813559322033898 22.4925 55.25 0.02
1.0 0.8454636091724825 22.4925 53.0 0.03
1.0 0.8255234297108675 22.4925 51.75 0.04
1.0 0.7996011964107677 22.4925 50.125 0.05
1.0 0.7647058823529411 22.4925 47.9375 0.060000000000000005
1.0 0.7647058823529411 22.4925 47.9375 0.07
1.0 0.7417746759720838 22.4925 46.5 0.08
1.0 0.7268195413758723 22.4925 45.5625 0.09
1.0 0.7128614157527418 22.4925 44.6875 0.09999999999999999
1.0 0.7048853439680958 22.4925 44.1875 0.10999999999999999
1.0 0.6949152542372882 22.4925 43.5625 0.11999999999999998
1.0 0.6849451645064806 22.4925 42.9375 0.12999999999999998
1.0 0.6779661016949152 22.4925 42.5 0.13999999999999999
1.0 0.6759720837487537 22.4925 42.375 0.15
1.0 0.6660019940179461 22.4925 41.75 0.16
1.0 0.654037886340977 22.4925 41.0 0.17
1.0 0.6281156530408774 22.4925 39.375 0.18000000000000002
1.0 0.6181455633100698 22.4925 38.75 0.19000000000000003
1.0 0.609172482552343 22.4925 38.1875 0.20000000000000004
1.0 0.6031904287138584 22.4925 37.8125 0.21000000000000005
1.0 0.5942173479561316 22.4925 37.25 0.22000000000000006
1.0 0.5862412761714856 22.4925 36.75 0.23000000000000007
1.0 0.5792622133599202 22.4925 36.3125 0.24000000000000007
1.0 0.5752741774675972 22.4925 36.0625 0.25000000000000006
1.0 0.5722831505483549 22.4925 35.875 0.26000000000000006
1.0 0.5692921236291126 22.4925 35.6875 0.2700000000000001
1.0 0.5672981056829511 22.4925 35.5625 0.2800000000000001
1.0 0.5633100697906281 22.4925 35.3125 0.2900000000000001
1.0 0.5603190428713859 22.4925 35.125 0.3000000000000001
1.0 0.5543369890329013 22.4925 34.75 0.3100000000000001
1.0 0.5533399800598205 22.4925 34.6875 0.3200000000000001
1.0 0.5503489531405783 22.4925 34.5 0.3300000000000001
1.0 0.543369890329013 22.4925 34.0625 0.34000000000000014
1.0 0.5423728813559322 22.4925 34.0 0.35000000000000014
1.0 0.5373878364905285 22.4925 33.6875 0.36000000000000015
1.0 0.5314057826520439 22.4925 33.3125 0.37000000000000016
1.0 0.5264207377866401 22.4925 33.0 0.38000000000000017
1.0 0.5164506480558325 22.4925 32.375 0.3900000000000002
1.0 0.5074775672981057 22.4925 31.8125 0.4000000000000002
1.0 0.4885343968095713 22.4925 30.625 0.4100000000000002
1.0 0.48255234297108673 22.4925 30.25 0.4200000000000002
1.0 0.4745762711864407 22.4925 29.75 0.4300000000000002
1.0 0.46161515453639085 22.4925 28.9375 0.4400000000000002
1.0 0.4506480558325025 22.4925 28.25 0.45000000000000023
1.0 0.4406779661016949 22.4925 27.625 0.46000000000000024
1.0 0.4287138584247258 22.4925 26.875 0.47000000000000025
1.0 0.4217347956131605 22.4925 26.4375 0.48000000000000026
1.0 0.4097706879361914 22.4925 25.6875 0.49000000000000027
1.0 0.40279162512462613 22.4925 25.25 0.5000000000000002
1.0 0.39780658025922233 22.4925 24.9375 0.5100000000000002
1.0 0.39581256231306083 22.4925 24.8125 0.5200000000000002
1.0 0.3938185443668993 22.4925 24.6875 0.5300000000000002
1.0 0.39082751744765704 22.4925 24.5 0.5400000000000003
1.0 0.38584247258225324 22.4925 24.1875 0.5500000000000003
1.0 0.3798604187437687 22.4925 23.8125 0.5600000000000003
1.0 0.37886340977068794 22.4925 23.75 0.5700000000000003
1.0 0.37686939182452645 22.4925 23.625 0.5800000000000003
1.0 0.3728813559322034 22.4925 23.375 0.5900000000000003
1.0 0.3698903290129611 22.4925 23.1875 0.6000000000000003
1.0 0.3678963110667996 22.4925 23.0625 0.6100000000000003
1.0 0.36390827517447655 22.4925 22.8125 0.6200000000000003
1.0 0.36191425722831505 22.4925 22.6875 0.6300000000000003
1.0 0.357926221335992 22.4925 22.4375 0.6400000000000003
1.0 0.35194416749750745 22.4925 22.0625 0.6500000000000004
1.0 0.3469591226321037 22.4925 21.75 0.6600000000000004
1.0 0.33798604187437686 22.4925 21.1875 0.6700000000000004
1.0 0.33100697906281157 22.4925 20.75 0.6800000000000004
1.0 0.3220338983050847 22.4925 20.1875 0.6900000000000004
1.0 0.3120638085742772 22.4925 19.5625 0.7000000000000004
1.0 0.3070787637088734 22.4925 19.25 0.7100000000000004
1.0 0.2901296111665005 22.4925 18.1875 0.7200000000000004
1.0 0.27517447657028915 22.4925 17.25 0.7300000000000004
1.0 0.2642073778664008 22.4925 16.5625 0.7400000000000004
1.0 0.25324027916251246 22.4925 15.875 0.7500000000000004
1.0 0.2382851445663011 22.4925 14.9375 0.7600000000000005
1.0 0.22931206380857427 22.4925 14.375 0.7700000000000005
1.0 0.22333000997008973 22.4925 14.0 0.7800000000000005
1.0 0.21734795613160518 22.4925 13.625 0.7900000000000005
1.0 0.21036889332003988 22.4925 13.1875 0.8000000000000005
0.9997777036790041 0.20638085742771686 22.4875 12.9375 0.8100000000000005
0.9997777036790041 0.20438683948155534 22.4875 12.8125 0.8200000000000005
0.9994442591975102 0.1984047856430708 22.48 12.4375 0.8300000000000005
0.9992219628765144 0.19441674975074777 22.475 12.1875 0.8400000000000005
0.9983327775925308 0.19242273180458624 22.455 12.0625 0.8500000000000005
0.9966655551850617 0.18444666001994017 22.4175 11.5625 0.8600000000000005
0.9938868511726131 0.17647058823529413 22.355 11.0625 0.8700000000000006
0.9908858508391686 0.1674975074775673 22.2875 10.5 0.8800000000000006
0.9876625541847283 0.15553339980059822 22.215 9.75 0.8900000000000006
0.9844392575302878 0.13758723828514458 22.1425 8.625 0.9000000000000006
0.9808825163943536 0.12063808574277168 22.0625 7.5625 0.9100000000000006
0.9776592197399133 0.11365902293120637 21.99 7.125 0.9200000000000006
0.9751028120484606 0.10667996011964108 21.9325 6.6875 0.9300000000000006
0.9714349227520285 0.10069790628115653 21.85 6.3125 0.9400000000000006
0.9687673669000778 0.0967098703888335 21.79 6.0625 0.9500000000000006
0.9652106257641436 0.09571286141575275 21.71 6.0 0.9600000000000006
0.9588751806157608 0.09471585244267199 21.5675 5.9375 0.9700000000000006
0.9462042903189952 0.09471585244267199 21.2825 5.9375 0.9800000000000006
0.9076358786262088 0.09471585244267199 20.415 5.9375 0.9900000000000007
0.0 0.0 0.0 0.0
