1.0 1.0 29.99 40.12 0.0
1.0 0.9700897308075773 29.99 38.92 0.01
1.0 0.9322033898305084 29.99 37.4 0.02
1.0 0.9082751744765702 29.99 36.44 0.03
1.0 0.8873379860418744 29.99 35.6 0.04
1.0 0.8733798604187437 29.99 35.04 0.05
1.0 0.8504486540378864 29.99 34.12 0.060000000000000005
1.0 0.8504486540378864 29.99 34.12 0.07
1.0 0.8424725822532403 29.99 33.8 0.08
1.0 0.8265204386839482 29.99 33.16 0.09
1.0 0.8175473579262214 29.99 32.8 0.09999999999999999
1.0 0.810568295114656 29.99 32.52 0.10999999999999999
1.0 0.8055832502492523 29.99 32.32 0.11999999999999998
1.0 0.8005982053838484 29.99 32.12 0.12999999999999998
1.0 0.7886340977068793 29.99 31.64 0.13999999999999999
1.0 0.7746759720837487 29.99 31.08 0.15
1.0 0.7716849451645065 29.99 30.96 0.16
1.0 0.7597208374875374 29.99 30.48 0.17
1.0 0.7407776669990029 29.99 29.72 0.18000000000000002
1.0 0.7298105682951147 29.99 29.28 0.19000000000000003
1.0 0.7198404785643071 29.99 28.88 0.20000000000000004
1.0 0.7128614157527418 29.99 28.6 0.21000000000000005
1.0 0.7068793619142573 29.99 28.36 0.22000000000000006
1.0 0.7048853439680958 29.99 28.28 0.23000000000000007
1.0 0.6989032901296112 29.99 28.04 0.24000000000000007
1.0 0.6959122632103689 29.99 27.92 0.25000000000000006
1.0 0.6869391824526421 29.99 27.56 0.26000000000000006
1.0 0.6849451645064806 29.99 27.48 0.2700000000000001
1.0 0.6829511465603191 29.99 27.4 0.2800000000000001
1.0 0.6809571286141576 29.99 27.32 0.2900000000000001
1.0 0.6779661016949152 29.99 27.2 0.3000000000000001
1.0 0.6729810568295115 29.99 27.0 0.3100000000000001
1.0 0.6689930209371885 29.99 26.84 0.3200000000000001
1.0 0.6660019940179461 29.99 26.72 0.3300000000000001
1.0 0.6640079760717846 29.99 26.64 0.34000000000000014
1.0 0.6610169491525424 29.99 26.52 0.35000000000000014
1.0 0.6550348953140578 29.99 26.28 0.36000000000000015
1.0 0.6520438683948155 29.99 26.16 0.37000000000000016
1.0 0.6440677966101694 29.99 25.84 0.38000000000000017
1.0 0.638085742771685 29.99 25.6 0.3900000000000002
1.0 0.6271186440677966 29.99 25.16 0.4000000000000002
1.0 0.613160518444666 29.99 24.6 0.4100000000000002
1.0 0.6021934197407777 29.99 24.16 0.4200000000000002
1.0 0.5922233300099701 29.99 23.76 0.4300000000000002
1.0 0.5792622133599202 29.99 23.24 0.4400000000000002
1.0 0.5682951146560319 29.99 22.8 0.45000000000000023
1.0 0.5563310069790628 29.99 22.32 0.46000000000000024
1.0 0.5413758723828515 29.99 21.72 0.47000000000000025
1.0 0.5324027916251246 29.99 21.36 0.48000000000000026
1.0 0.5264207377866401 29.99 21.12 0.49000000000000027
1.0 0.522432701894317 29.99 20.96 0.5000000000000002
1.0 0.5154536390827518 29.99 20.68 0.5100000000000002
1.0 0.5124626121635095 29.99 20.56 0.5200000000000002
1.0 0.5114656031904287 29.99 20.52 0.5300000000000002
1.0 0.5104685942173479 29.99 20.48 0.5400000000000003
1.0 0.5074775672981057 29.99 20.36 0.5500000000000003
1.0 0.5074775672981057 29.99 20.36 0.5600000000000003
1.0 0.5034895314057827 29.99 20.2 0.5700000000000003
1.0 0.5034895314057827 29.99 20.2 0.5800000000000003
1.0 0.5014955134596212 29.99 20.12 0.5900000000000003
1.0 0.5004985044865404 29.99 20.08 0.6000000000000003
1.0 0.5004985044865404 29.99 20.08 0.6100000000000003
1.0 0.4985044865403789 29.99 20.0 0.6200000000000003
1.0 0.49750747756729813 29.99 19.96 0.6300000000000003
1.0 0.4965104685942173 29.99 19.92 0.6400000000000003
1.0 0.48953140578265203 29.99 19.64 0.6500000000000004
1.0 0.48554336989032904 29.99 19.48 0.6600000000000004
1.0 0.47357926221335994 29.99 19.0 0.6700000000000004
1.0 0.46560319042871384 29.99 18.68 0.6800000000000004
1.0 0.44865403788634095 29.99 18.0 0.6900000000000004
1.0 0.4356929212362911 29.99 17.48 0.7000000000000004
1.0 0.4217347956131605 29.99 16.92 0.7100000000000004
1.0 0.40079760717846463 29.99 16.08 0.7200000000000004
1.0 0.382851445663011 29.99 15.36 0.7300000000000004
1.0 0.3678963110667996 29.99 14.76 0.7400000000000004
1.0 0.34795613160518446 29.99 13.96 0.7500000000000004
1.0 0.3369890329012961 29.99 13.52 0.7600000000000005
1.0 0.32901296111665007 29.99 13.2 0.7700000000000005
1.0 0.3230309072781655 29.99 12.96 0.7800000000000005
0.999888851839502 0.3150548354935194 29.986666666666668 12.64 0.7900000000000005
0.999888851839502 0.30807577268195413 29.986666666666668 12.36 0.8000000000000005
0.9994442591975102 0.30608175473579263 29.973333333333333 12.28 0.8100000000000005
0.9991108147160165 0.30309072781655033 29.963333333333335 12.16 0.8200000000000005
0.9979993331110371 0.29810568295114653 29.93 11.96 0.8300000000000005
0.9963321107035679 0.292123629112662 29.88 11.72 0.8400000000000005
0.9933311103701233 0.28713858424725824 29.79 11.52 0.8500000000000005
0.9888851839502056 0.26520438683948155 29.656666666666666 10.64 0.8600000000000005
0.9832166277648104 0.24925224327018944 29.486666666666668 10.0 0.8700000000000006
0.9746582194064688 0.23230309072781655 29.23 9.32 0.8800000000000006
0.964432588640658 0.2053838484546361 28.923333333333332 8.24 0.8900000000000006
0.9539846615538513 0.18045862412761715 28.61 7.24 0.9000000000000006
0.9413137712570857 0.15054835493519442 28.23 6.04 0.9100000000000006
0.9298655107257975 0.12662013958125623 27.886666666666667 5.08 0.9200000000000006
0.9207513615649661 0.11465603190428714 27.613333333333333 4.6 0.9300000000000006
0.9133044348116038 0.1036889332003988 27.39 4.16 0.9400000000000006
0.9067466933422252 0.09870388833499502 27.19333333333333 3.96 0.9500000000000006
0.9000778037123486 0.0967098703888335 26.993333333333332 3.88 0.9600000000000006
0.8918528398355007 0.0967098703888335 26.746666666666666 3.88 0.9700000000000006
0.8699566522174058 0.0967098703888335 26.09 3.88 0.9800000000000006
0.8088251639435368 0.0967098703888335 24.256666666666668 3.88 0.9900000000000007
0.0 0.0 0.0 0.0
