1.0 1.0 89.97 28.65714285714286 0.0
1.0 1.0 89.97 28.65714285714286 0.01
1.0 0.996011964107677 89.97 28.542857142857144 0.02
1.0 0.9950149551345963 89.97 28.514285714285716 0.03
1.0 0.9940179461615155 89.97 28.485714285714284 0.04
1.0 0.9900299102691924 89.97 28.37142857142857 0.05
1.0 0.9890329012961117 89.97 28.34285714285714 0.060000000000000005
1.0 0.9890329012961117 89.97 28.34285714285714 0.07
1.0 0.9870388833499502 89.97 28.285714285714285 0.08
1.0 0.9840478564307079 89.97 28.2 0.09
1.0 0.9820538384845464 89.97 28.142857142857142 0.09999999999999999
1.0 0.9800598205383848 89.97 28.085714285714285 0.10999999999999999
1.0 0.9800598205383848 89.97 28.085714285714285 0.11999999999999998
1.0 0.9780658025922233 89.97 28.02857142857143 0.12999999999999998
1.0 0.9760717846460618 89.97 27.97142857142857 0.13999999999999999
1.0 0.9740777666999003 89.97 27.914285714285715 0.15
1.0 0.9720837487537388 89.97 27.857142857142858 0.16
1.0 0.967098703888335 89.97 27.714285714285715 0.17
1.0 0.9611166500498505 89.97 27.542857142857144 0.18000000000000002
1.0 0.959122632103689 89.97 27.485714285714284 0.19000000000000003
1.0 0.9551345962113659 89.97 27.37142857142857 0.20000000000000004
1.0 0.9521435692921236 89.97 27.285714285714285 0.21000000000000005
1.0 0.9481555333998006 89.97 27.17142857142857 0.22000000000000006
1.0 0.9441674975074775 89.97 27.057142857142857 0.23000000000000007
1.0 0.942173479561316 89.97 27.0 0.24000000000000007
1.0 0.942173479561316 89.97 27.0 0.25000000000000006
1.0 0.9411764705882353 89.97 26.97142857142857 0.26000000000000006
1.0 0.9411764705882353 89.97 26.97142857142857 0.2700000000000001
1.0 0.9401794616151545 89.97 26.942857142857143 0.2800000000000001
1.0 0.938185443668993 89.97 26.885714285714286 0.2900000000000001
1.0 0.938185443668993 89.97 26.885714285714286 0.3000000000000001
1.0 0.938185443668993 89.97 26.885714285714286 0.3100000000000001
1.0 0.9371884346959123 89.97 26.857142857142858 0.3200000000000001
1.0 0.9371884346959123 89.97 26.857142857142858 0.3300000000000001
1.0 0.9371884346959123 89.97 26.857142857142858 0.34000000000000014
1.0 0.9371884346959123 89.97 26.857142857142858 0.35000000000000014
1.0 0.9361914257228315 89.97 26.82857142857143 0.36000000000000015
1.0 0.9361914257228315 89.97 26.82857142857143 0.37000000000000016
1.0 0.9351944167497508 89.97 26.8 0.38000000000000017
1.0 0.93419740777667 89.97 26.771428571428572 0.3900000000000002
1.0 0.9302093718843469 89.97 26.65714285714286 0.4000000000000002
1.0 0.9272183449651047 89.97 26.571428571428573 0.4100000000000002
1.0 0.9232303090727817 89.97 26.457142857142856 0.4200000000000002
1.0 0.9202392821535393 89.97 26.37142857142857 0.4300000000000002
1.0 0.9162512462612163 89.97 26.257142857142856 0.4400000000000002
1.0 0.9122632103688934 89.97 26.142857142857142 0.45000000000000023
1.0 0.9082751744765702 89.97 26.02857142857143 0.46000000000000024
1.0 0.9022931206380858 89.97 25.857142857142858 0.47000000000000025
1.0 0.9002991026919243 89.97 25.8 0.48000000000000026
1.0 0.8953140578265204 89.97 25.65714285714286 0.49000000000000027
1.0 0.8943170488534397 89.97 25.62857142857143 0.5000000000000002
1.0 0.8943170488534397 89.97 25.62857142857143 0.5100000000000002
1.0 0.8933200398803589 89.97 25.6 0.5200000000000002
1.0 0.8933200398803589 89.97 25.6 0.5300000000000002
1.0 0.8933200398803589 89.97 25.6 0.5400000000000003
1.0 0.8933200398803589 89.97 25.6 0.5500000000000003
1.0 0.8933200398803589 89.97 25.6 0.5600000000000003
1.0 0.8933200398803589 89.97 25.6 0.5700000000000003
1.0 0.8923230309072782 89.97 25.571428571428573 0.5800000000000003
1.0 0.8923230309072782 89.97 25.571428571428573 0.5900000000000003
1.0 0.8903290129611167 89.97 25.514285714285716 0.6000000000000003
1.0 0.8873379860418744 89.97 25.428571428571427 0.6100000000000003
1.0 0.8853439680957128 89.97 25.37142857142857 0.6200000000000003
1.0 0.8843469591226321 89.97 25.34285714285714 0.6300000000000003
1.0 0.8803589232303091 89.97 25.228571428571428 0.6400000000000003
1.0 0.8753738783649053 89.97 25.085714285714285 0.6500000000000004
1.0 0.8713858424725822 89.97 24.97142857142857 0.6600000000000004
1.0 0.8584247258225324 89.97 24.6 0.6700000000000004
1.0 0.8484546360917248 89.97 24.314285714285713 0.6800000000000004
1.0 0.8305084745762712 89.97 23.8 0.6900000000000004
1.0 0.8145563310069791 89.97 23.34285714285714 0.7000000000000004
1.0 0.8005982053838484 89.97 22.942857142857143 0.7100000000000004
1.0 0.7776669990029911 89.97 22.285714285714285 0.7200000000000004
1.0 0.7617148554336989 89.97 21.82857142857143 0.7300000000000004
1.0 0.7417746759720838 89.97 21.257142857142856 0.7400000000000004
1.0 0.7198404785643071 89.97 20.62857142857143 0.7500000000000004
1.0 0.7028913260219342 89.97 20.142857142857142 0.7600000000000005
0.999888851839502 0.6899302093718843 89.96 19.771428571428572 0.7700000000000005
0.9996665555185061 0.674975074775673 89.94 19.34285714285714 0.7800000000000005
0.9992219628765144 0.6630109670987039 89.9 19.0 0.7900000000000005
0.9985550739135267 0.6590229312063809 89.84 18.885714285714286 0.8000000000000005
0.9975547404690452 0.6530408773678963 89.75 18.714285714285715 0.8100000000000005
0.9957763699010781 0.6490528414755733 89.59 18.6 0.8200000000000005
0.9908858508391686 0.6350947158524427 89.15 18.2 0.8300000000000005
0.9828831832833167 0.6191425722831505 88.43 17.742857142857144 0.8400000000000005
0.9698788485050572 0.6011964107676969 87.26 17.228571428571428 0.8500000000000005
0.946760031121485 0.5563310069790628 85.18 15.942857142857143 0.8600000000000005
0.9130821384906079 0.5214356929212363 82.15 14.942857142857143 0.8700000000000006
0.8679559853284429 0.4695912263210369 78.09 13.457142857142857 0.8800000000000006
0.8090474602645327 0.4167497507477567 72.79 11.942857142857143 0.8900000000000006
0.7511392686451039 0.3489531405782652 67.58 10.0 0.9000000000000006
0.6908969656552184 0.26819541375872386 62.16 7.685714285714286 0.9100000000000006
0.640213404468156 0.21136590229312063 57.6 6.057142857142857 0.9200000000000006
0.5986439924419251 0.16051844466600199 53.86 4.6 0.9300000000000006
0.565188396132044 0.12761714855433698 50.85 3.657142857142857 0.9400000000000006
0.5409580971434923 0.11166500498504486 48.67 3.2 0.9500000000000006
0.5225075025008337 0.09970089730807577 47.01 2.857142857142857 0.9600000000000006
0.5001667222407469 0.09770687936191426 45.0 2.8 0.9700000000000006
0.4612648660664666 0.09770687936191426 41.5 2.8 0.9800000000000006
0.3671223741247082 0.0967098703888335 33.03 2.7714285714285714 0.9900000000000007
0.0 0.0 0.0 0.0
