1.0 1.0 17.994 20.06 0.0
1.0 0.9212362911266201 17.994 18.48 0.01
1.0 0.8175473579262214 17.994 16.4 0.02
1.0 0.7746759720837487 17.994 15.54 0.03
1.0 0.748753738783649 17.994 15.02 0.04
1.0 0.7218344965104686 17.994 14.48 0.05
1.0 0.6859421734795613 17.994 13.76 0.060000000000000005
1.0 0.6859421734795613 17.994 13.76 0.07
1.0 0.6729810568295115 17.994 13.5 0.08
1.0 0.6630109670987039 17.994 13.3 0.09
1.0 0.6510468594217348 17.994 13.06 0.09999999999999999
1.0 0.646061814556331 17.994 12.96 0.10999999999999999
1.0 0.6350947158524427 17.994 12.74 0.11999999999999998
1.0 0.6231306081754736 17.994 12.5 0.12999999999999998
1.0 0.6121635094715853 17.994 12.28 0.13999999999999999
1.0 0.6061814556331007 17.994 12.16 0.15
1.0 0.5932203389830508 17.994 11.9 0.16
1.0 0.5782652043868395 17.994 11.6 0.17
1.0 0.5453639082751744 17.994 10.94 0.18000000000000002
1.0 0.5324027916251246 17.994 10.68 0.19000000000000003
1.0 0.518444666001994 17.994 10.4 0.20000000000000004
1.0 0.5054835493519442 17.994 10.14 0.21000000000000005
1.0 0.4935194416749751 17.994 9.9 0.22000000000000006
1.0 0.4835493519441675 17.994 9.7 0.23000000000000007
1.0 0.47357926221335994 17.994 9.5 0.24000000000000007
1.0 0.47058823529411764 17.994 9.44 0.25000000000000006
1.0 0.46560319042871384 17.994 9.34 0.26000000000000006
1.0 0.4646061814556331 17.994 9.32 0.2700000000000001
1.0 0.4596211365902293 17.994 9.22 0.2800000000000001
1.0 0.4576271186440678 17.994 9.18 0.2900000000000001
1.0 0.4556331006979063 17.994 9.14 0.3000000000000001
1.0 0.452642073778664 17.994 9.08 0.3100000000000001
1.0 0.4506480558325025 17.994 9.04 0.3200000000000001
1.0 0.4476570289132602 17.994 8.98 0.3300000000000001
1.0 0.4426719840478564 17.994 8.88 0.34000000000000014
1.0 0.43270189431704886 17.994 8.68 0.35000000000000014
1.0 0.4247258225324028 17.994 8.52 0.36000000000000015
1.0 0.4187437686939183 17.994 8.4 0.37000000000000016
1.0 0.4087736789631107 17.994 8.2 0.38000000000000017
1.0 0.4017946161515454 17.994 8.06 0.3900000000000002
1.0 0.39282153539381853 17.994 7.88 0.4000000000000002
1.0 0.37686939182452645 17.994 7.56 0.4100000000000002
1.0 0.36689930209371885 17.994 7.36 0.4200000000000002
1.0 0.353938185443669 17.994 7.1 0.4300000000000002
1.0 0.34097706879361916 17.994 6.84 0.4400000000000002
1.0 0.3270189431704885 17.994 6.56 0.45000000000000023
1.0 0.3180458624127617 17.994 6.38 0.46000000000000024
1.0 0.30807577268195413 17.994 6.18 0.47000000000000025
1.0 0.30109670987038883 17.994 6.04 0.48000000000000026
1.0 0.29810568295114653 17.994 5.98 0.49000000000000027
1.0 0.29112662013958124 17.994 5.84 0.5000000000000002
1.0 0.2811565304087737 17.994 5.64 0.5100000000000002
1.0 0.27716849451645065 17.994 5.56 0.5200000000000002
1.0 0.27218344965104685 17.994 5.46 0.5300000000000002
1.0 0.27018943170488535 17.994 5.42 0.5400000000000003
1.0 0.26719840478564305 17.994 5.36 0.5500000000000003
1.0 0.2642073778664008 17.994 5.3 0.5600000000000003
1.0 0.26021934197407776 17.994 5.22 0.5700000000000003
1.0 0.25623130608175476 17.994 5.14 0.5800000000000003
1.0 0.25324027916251246 17.994 5.08 0.5900000000000003
1.0 0.24925224327018944 17.994 5.0 0.6000000000000003
1.0 0.24626121635094717 17.994 4.94 0.6100000000000003
1.0 0.2432701894317049 17.994 4.88 0.6200000000000003
1.0 0.2382851445663011 17.994 4.78 0.6300000000000003
1.0 0.23529411764705882 17.994 4.72 0.6400000000000003
1.0 0.2313060817547358 17.994 4.64 0.6500000000000004
1.0 0.22931206380857427 17.994 4.6 0.6600000000000004
1.0 0.22033898305084745 17.994 4.42 0.6700000000000004
1.0 0.21036889332003988 17.994 4.22 0.6800000000000004
1.0 0.20438683948155534 17.994 4.1 0.6900000000000004
1.0 0.19940179461615154 17.994 4.0 0.7000000000000004
1.0 0.19042871385842472 17.994 3.82 0.7100000000000004
1.0 0.1814556331006979 17.994 3.64 0.7200000000000004
1.0 0.17148554336989033 17.994 3.44 0.7300000000000004
1.0 0.16350947158524426 17.994 3.28 0.7400000000000004
1.0 0.15154536390827517 17.994 3.04 0.7500000000000004
1.0 0.14257228315054835 17.994 2.86 0.7600000000000005
1.0 0.13359920239282153 17.994 2.68 0.7700000000000005
1.0 0.12163509471585245 17.994 2.44 0.7800000000000005
1.0 0.11864406779661017 17.994 2.38 0.7900000000000005
1.0 0.11365902293120637 17.994 2.28 0.8000000000000005
1.0 0.1106679960119641 17.994 2.22 0.8100000000000005
1.0 0.10867397806580259 17.994 2.18 0.8200000000000005
1.0 0.10468594217347957 17.994 2.1 0.8300000000000005
0.999888851839502 0.1036889332003988 17.992 2.08 0.8400000000000005
0.9993331110370124 0.10069790628115653 17.982 2.02 0.8500000000000005
0.9987773702345226 0.0967098703888335 17.972 1.94 0.8600000000000005
0.9979993331110371 0.09272183449651047 17.958 1.86 0.8700000000000006
0.9968878515060575 0.08374875373878365 17.938 1.68 0.8800000000000006
0.9956652217405801 0.08075772681954138 17.916 1.62 0.8900000000000006
0.9947760364565966 0.07178464606181456 17.9 1.44 0.9000000000000006
0.9935534066911192 0.06081754735792622 17.878 1.22 0.9100000000000006
0.9926642214071357 0.05284147557328016 17.862 1.06 0.9200000000000006
0.9913304434811604 0.049850448654037885 17.838 1.0 0.9300000000000006
0.9904412581971769 0.04885343968095713 17.822 0.98 0.9400000000000006
0.9892186284316995 0.047856430707876374 17.8 0.96 0.9500000000000006
0.9879959986662221 0.047856430707876374 17.778 0.96 0.9600000000000006
0.9852172946537735 0.047856430707876374 17.728 0.96 0.9700000000000006
0.9793264421473825 0.047856430707876374 17.622 0.96 0.9800000000000006
0.956541069245304 0.047856430707876374 17.212 0.96 0.9900000000000007
0.0 0.0 0.0 0.0
