1.0 1.0 29.99 6.078787878787879 0.0
1.0 0.9820538384845464 29.99 5.96969696969697 0.01
1.0 0.9371884346959123 29.99 5.696969696969697 0.02
1.0 0.9102691924227319 29.99 5.533333333333333 0.03
1.0 0.8873379860418744 29.99 5.393939393939394 0.04
1.0 0.8743768693918246 29.99 5.315151515151515 0.05
1.0 0.847457627118644 29.99 5.151515151515151 0.060000000000000005
1.0 0.847457627118644 29.99 5.151515151515151 0.07
1.0 0.8384845463609173 29.99 5.096969696969697 0.08
1.0 0.8235294117647058 29.99 5.006060606060606 0.09
1.0 0.810568295114656 29.99 4.927272727272728 0.09999999999999999
1.0 0.8015952143569293 29.99 4.872727272727273 0.10999999999999999
1.0 0.7996011964107677 29.99 4.86060606060606 0.11999999999999998
1.0 0.7936191425722832 29.99 4.824242424242424 0.12999999999999998
1.0 0.7906281156530409 29.99 4.806060606060606 0.13999999999999999
1.0 0.7806580259222333 29.99 4.745454545454545 0.15
1.0 0.769690927218345 29.99 4.678787878787879 0.16
1.0 0.7607178464606181 29.99 4.624242424242424 0.17
1.0 0.7387836490528414 29.99 4.490909090909091 0.18000000000000002
1.0 0.7228315054835494 29.99 4.393939393939394 0.19000000000000003
1.0 0.7098703888334995 29.99 4.315151515151515 0.20000000000000004
1.0 0.6969092721834497 29.99 4.236363636363636 0.21000000000000005
1.0 0.6859421734795613 29.99 4.16969696969697 0.22000000000000006
1.0 0.6809571286141576 29.99 4.13939393939394 0.23000000000000007
1.0 0.6769690927218345 29.99 4.115151515151515 0.24000000000000007
1.0 0.6739780658025922 29.99 4.096969696969697 0.25000000000000006
1.0 0.6719840478564307 29.99 4.084848484848485 0.26000000000000006
1.0 0.6660019940179461 29.99 4.048484848484849 0.2700000000000001
1.0 0.6640079760717846 29.99 4.036363636363636 0.2800000000000001
1.0 0.6630109670987039 29.99 4.03030303030303 0.2900000000000001
1.0 0.6630109670987039 29.99 4.03030303030303 0.3000000000000001
1.0 0.6620139581256231 29.99 4.024242424242424 0.3100000000000001
1.0 0.6610169491525424 29.99 4.0181818181818185 0.3200000000000001
1.0 0.6590229312063809 29.99 4.006060606060606 0.3300000000000001
1.0 0.6550348953140578 29.99 3.981818181818182 0.34000000000000014
1.0 0.6530408773678963 29.99 3.9696969696969697 0.35000000000000014
1.0 0.6470588235294118 29.99 3.933333333333333 0.36000000000000015
1.0 0.6410767696909272 29.99 3.896969696969697 0.37000000000000016
1.0 0.6331006979062812 29.99 3.8484848484848486 0.38000000000000017
1.0 0.6301096709870389 29.99 3.83030303030303 0.3900000000000002
1.0 0.6231306081754736 29.99 3.787878787878788 0.4000000000000002
1.0 0.6141575274177468 29.99 3.7333333333333334 0.4100000000000002
1.0 0.6051844466600199 29.99 3.6787878787878787 0.4200000000000002
1.0 0.5962113659022931 29.99 3.624242424242424 0.4300000000000002
1.0 0.5792622133599202 29.99 3.521212121212121 0.4400000000000002
1.0 0.5633100697906281 29.99 3.4242424242424243 0.45000000000000023
1.0 0.5443668993020937 29.99 3.309090909090909 0.46000000000000024
1.0 0.5343968095712861 29.99 3.2484848484848485 0.47000000000000025
1.0 0.5244267198404786 29.99 3.187878787878788 0.48000000000000026
1.0 0.5164506480558325 29.99 3.139393939393939 0.49000000000000027
1.0 0.5134596211365903 29.99 3.121212121212121 0.5000000000000002
1.0 0.5054835493519442 29.99 3.0727272727272728 0.5100000000000002
1.0 0.5014955134596212 29.99 3.0484848484848484 0.5200000000000002
1.0 0.4995014955134596 29.99 3.036363636363636 0.5300000000000002
1.0 0.4965104685942173 29.99 3.018181818181818 0.5400000000000003
1.0 0.4935194416749751 29.99 3.0 0.5500000000000003
1.0 0.4915254237288136 29.99 2.987878787878788 0.5600000000000003
1.0 0.4905284147557328 29.99 2.981818181818182 0.5700000000000003
1.0 0.48953140578265203 29.99 2.9757575757575756 0.5800000000000003
1.0 0.48753738783649053 29.99 2.963636363636364 0.5900000000000003
1.0 0.48554336989032904 29.99 2.9515151515151516 0.6000000000000003
1.0 0.48454636091724823 29.99 2.9454545454545453 0.6100000000000003
1.0 0.48255234297108673 29.99 2.933333333333333 0.6200000000000003
1.0 0.4785643070787637 29.99 2.909090909090909 0.6300000000000003
1.0 0.4745762711864407 29.99 2.8848484848484848 0.6400000000000003
1.0 0.47058823529411764 29.99 2.860606060606061 0.6500000000000004
1.0 0.4626121635094716 29.99 2.812121212121212 0.6600000000000004
1.0 0.4546360917248255 29.99 2.7636363636363637 0.6700000000000004
1.0 0.4426719840478564 29.99 2.690909090909091 0.6800000000000004
1.0 0.42572283150548357 29.99 2.587878787878788 0.6900000000000004
1.0 0.4137587238285145 29.99 2.515151515151515 0.7000000000000004
1.0 0.3938185443668993 29.99 2.393939393939394 0.7100000000000004
1.0 0.37188434695912265 29.99 2.2606060606060607 0.7200000000000004
1.0 0.3589232303090728 29.99 2.1818181818181817 0.7300000000000004
1.0 0.3459621136590229 29.99 2.103030303030303 0.7400000000000004
1.0 0.3240279162512463 29.99 1.9696969696969697 0.7500000000000004
1.0 0.3050847457627119 29.99 1.8545454545454545 0.7600000000000005
1.0 0.2951146560319043 29.99 1.793939393939394 0.7700000000000005
1.0 0.2851445663010967 29.99 1.7333333333333334 0.7800000000000005
0.9996665555185061 0.27716849451645065 29.98 1.6848484848484848 0.7900000000000005
0.9995554073580082 0.2691924227318046 29.976666666666667 1.6363636363636365 0.8000000000000005
0.9993331110370124 0.2662013958125623 29.97 1.6181818181818182 0.8100000000000005
0.9991108147160165 0.26321036889332006 29.963333333333335 1.6 0.8200000000000005
0.9983327775925308 0.2612163509471585 29.94 1.587878787878788 0.8300000000000005
0.9972212959875514 0.25523429710867396 29.906666666666666 1.5515151515151515 0.8400000000000005
0.9939979993331111 0.25324027916251246 29.81 1.5393939393939393 0.8500000000000005
0.9907747026786706 0.23928215353938184 29.713333333333335 1.4545454545454546 0.8600000000000005
0.9849949983327776 0.22931206380857427 29.54 1.393939393939394 0.8700000000000006
0.976325441813938 0.21535393818544366 29.28 1.309090909090909 0.8800000000000006
0.9658775147271312 0.1984047856430708 28.966666666666665 1.206060606060606 0.8900000000000006
0.9553184394798266 0.17746759720837488 28.65 1.0787878787878789 0.9000000000000006
0.9432032899855507 0.14556331006979062 28.286666666666665 0.8848484848484849 0.9100000000000006
0.9333111037012337 0.12462612163509472 27.99 0.7575757575757576 0.9200000000000006
0.9250861398243859 0.1106679960119641 27.743333333333332 0.6727272727272727 0.9300000000000006
0.918972990996999 0.09970089730807577 27.56 0.6060606060606061 0.9400000000000006
0.9147493608980771 0.09770687936191426 27.433333333333334 0.593939393939394 0.9500000000000006
0.9111926197621429 0.09571286141575275 27.326666666666668 0.5818181818181818 0.9600000000000006
0.905190619095254 0.09571286141575275 27.14666666666667 0.5818181818181818 0.9700000000000006
0.8886295431810604 0.09571286141575275 26.65 0.5818181818181818 0.9800000000000006
0.8211626097588085 0.09571286141575275 24.626666666666665 0.5818181818181818 0.9900000000000007
0.0 0.0 0.0 0.0
