1.0 1.0 Infinity 22.288888888888888 0.0
1.0 1.0 Infinity 22.288888888888888 0.01
1.0 1.0 Infinity 22.288888888888888 0.02
1.0 1.0 Infinity 22.288888888888888 0.03
1.0 1.0 Infinity 22.288888888888888 0.04
1.0 1.0 Infinity 22.288888888888888 0.05
1.0 1.0 Infinity 22.288888888888888 0.060000000000000005
1.0 1.0 Infinity 22.288888888888888 0.07
1.0 1.0 Infinity 22.288888888888888 0.08
1.0 1.0 Infinity 22.288888888888888 0.09
1.0 1.0 Infinity 22.288888888888888 0.09999999999999999
1.0 1.0 Infinity 22.288888888888888 0.10999999999999999
1.0 1.0 Infinity 22.288888888888888 0.11999999999999998
1.0 1.0 Infinity 22.288888888888888 0.12999999999999998
1.0 1.0 Infinity 22.288888888888888 0.13999999999999999
1.0 1.0 Infinity 22.288888888888888 0.15
1.0 1.0 Infinity 22.288888888888888 0.16
1.0 1.0 Infinity 22.288888888888888 0.17
1.0 1.0 Infinity 22.288888888888888 0.18000000000000002
1.0 1.0 Infinity 22.288888888888888 0.19000000000000003
1.0 1.0 Infinity 22.288888888888888 0.20000000000000004
1.0 1.0 Infinity 22.288888888888888 0.21000000000000005
1.0 1.0 Infinity 22.288888888888888 0.22000000000000006
1.0 1.0 Infinity 22.288888888888888 0.23000000000000007
1.0 1.0 Infinity 22.288888888888888 0.24000000000000007
1.0 1.0 Infinity 22.288888888888888 0.25000000000000006
1.0 1.0 Infinity 22.288888888888888 0.26000000000000006
1.0 1.0 Infinity 22.288888888888888 0.2700000000000001
1.0 1.0 Infinity 22.288888888888888 0.2800000000000001
1.0 1.0 Infinity 22.288888888888888 0.2900000000000001
1.0 1.0 Infinity 22.288888888888888 0.3000000000000001
1.0 1.0 Infinity 22.288888888888888 0.3100000000000001
1.0 1.0 Infinity 22.288888888888888 0.3200000000000001
1.0 1.0 Infinity 22.288888888888888 0.3300000000000001
1.0 1.0 Infinity 22.288888888888888 0.34000000000000014
1.0 1.0 Infinity 22.288888888888888 0.35000000000000014
1.0 1.0 Infinity 22.288888888888888 0.36000000000000015
1.0 1.0 Infinity 22.288888888888888 0.37000000000000016
1.0 1.0 Infinity 22.288888888888888 0.38000000000000017
1.0 1.0 Infinity 22.288888888888888 0.3900000000000002
1.0 1.0 Infinity 22.288888888888888 0.4000000000000002
1.0 1.0 Infinity 22.288888888888888 0.4100000000000002
1.0 1.0 Infinity 22.288888888888888 0.4200000000000002
1.0 1.0 Infinity 22.288888888888888 0.4300000000000002
1.0 1.0 Infinity 22.288888888888888 0.4400000000000002
1.0 1.0 Infinity 22.288888888888888 0.45000000000000023
1.0 1.0 Infinity 22.288888888888888 0.46000000000000024
1.0 1.0 Infinity 22.288888888888888 0.47000000000000025
1.0 1.0 Infinity 22.288888888888888 0.48000000000000026
1.0 1.0 Infinity 22.288888888888888 0.49000000000000027
1.0 1.0 Infinity 22.288888888888888 0.5000000000000002
1.0 1.0 Infinity 22.288888888888888 0.5100000000000002
1.0 1.0 Infinity 22.288888888888888 0.5200000000000002
1.0 1.0 Infinity 22.288888888888888 0.5300000000000002
1.0 1.0 Infinity 22.288888888888888 0.5400000000000003
1.0 1.0 Infinity 22.288888888888888 0.5500000000000003
1.0 1.0 Infinity 22.288888888888888 0.5600000000000003
1.0 1.0 Infinity 22.288888888888888 0.5700000000000003
1.0 1.0 Infinity 22.288888888888888 0.5800000000000003
1.0 1.0 Infinity 22.288888888888888 0.5900000000000003
1.0 1.0 Infinity 22.288888888888888 0.6000000000000003
1.0 1.0 Infinity 22.288888888888888 0.6100000000000003
1.0 1.0 Infinity 22.288888888888888 0.6200000000000003
1.0 1.0 Infinity 22.288888888888888 0.6300000000000003
1.0 1.0 Infinity 22.288888888888888 0.6400000000000003
1.0 1.0 Infinity 22.288888888888888 0.6500000000000004
1.0 1.0 Infinity 22.288888888888888 0.6600000000000004
1.0 1.0 Infinity 22.288888888888888 0.6700000000000004
1.0 1.0 Infinity 22.288888888888888 0.6800000000000004
1.0 1.0 Infinity 22.288888888888888 0.6900000000000004
1.0 1.0 Infinity 22.288888888888888 0.7000000000000004
1.0 1.0 Infinity 22.288888888888888 0.7100000000000004
1.0 1.0 Infinity 22.288888888888888 0.7200000000000004
1.0 1.0 Infinity 22.288888888888888 0.7300000000000004
1.0 1.0 Infinity 22.288888888888888 0.7400000000000004
1.0 1.0 Infinity 22.288888888888888 0.7500000000000004
1.0 1.0 Infinity 22.288888888888888 0.7600000000000005
0.999888851839502 1.0 Infinity 22.288888888888888 0.7700000000000005
0.9995554073580082 1.0 Infinity 22.288888888888888 0.7800000000000005
0.9985550739135267 1.0 Infinity 22.288888888888888 0.7900000000000005
0.9971101478270534 1.0 Infinity 22.288888888888888 0.8000000000000005
0.9934422585306213 0.9970089730807578 Infinity 22.22222222222222 0.8100000000000005
0.9866622207402468 0.996011964107677 Infinity 22.2 0.8200000000000005
0.9749916638879627 0.9860418743768694 Infinity 21.977777777777778 0.8300000000000005
0.9555407358008225 0.9700897308075773 Infinity 21.622222222222224 0.8400000000000005
0.9216405468489497 0.9501495513459621 Infinity 21.177777777777777 0.8500000000000005
0.8704012448593976 0.8803589232303091 Infinity 19.622222222222224 0.8600000000000005
0.7938201622763144 0.8035892323030908 Infinity 17.91111111111111 0.8700000000000006
0.6965655218406135 0.711864406779661 Infinity 15.866666666666667 0.8800000000000006
0.5723018784039124 0.609172482552343 Infinity 13.577777777777778 0.8900000000000006
0.4404801600533511 0.46560319042871384 Infinity 10.377777777777778 0.9000000000000006
0.3078804045793042 0.32103688933200397 Infinity 7.155555555555556 0.9100000000000006
0.1983994664888296 0.2023928215353938 Infinity 4.511111111111111 0.9200000000000006
0.11726130932533066 0.10667996011964108 Infinity 2.3777777777777778 0.9300000000000006
0.05535178392797599 0.053838484546360914 Infinity 1.2 0.9400000000000006
0.022118483939090806 0.024925224327018942 Infinity 0.5555555555555556 0.9500000000000006
0.0057797043458930756 0.005982053838484547 Infinity 0.13333333333333333 0.9600000000000006
0.001889518728465044 0.0029910269192422734 Infinity 0.06666666666666667 0.9700000000000006
2.222963209958875E-4 0.0019940179461615153 Infinity 0.044444444444444446 0.9800000000000006
0.0 9.970089730807576E-4 NaN 0.022222222222222223 0.9900000000000007
0.0 0.0 0.0 0.0
