1.0 1.0 12.852857142857143 40.12 0.0
1.0 0.8095712861415753 12.852857142857143 32.48 0.01
1.0 0.7028913260219342 12.852857142857143 28.2 0.02
1.0 0.6350947158524427 12.852857142857143 25.48 0.03
1.0 0.6041874376869392 12.852857142857143 24.24 0.04
1.0 0.5792622133599202 12.852857142857143 23.24 0.05
1.0 0.5274177467597209 12.852857142857143 21.16 0.060000000000000005
1.0 0.5274177467597209 12.852857142857143 21.16 0.07
1.0 0.5174476570289133 12.852857142857143 20.76 0.08
1.0 0.5014955134596212 12.852857142857143 20.12 0.09
1.0 0.4865403788634098 12.852857142857143 19.52 0.09999999999999999
1.0 0.47756729810568294 12.852857142857143 19.16 0.10999999999999999
1.0 0.47357926221335994 12.852857142857143 19.0 0.11999999999999998
1.0 0.4695912263210369 12.852857142857143 18.84 0.12999999999999998
1.0 0.4596211365902293 12.852857142857143 18.44 0.13999999999999999
1.0 0.452642073778664 12.852857142857143 18.16 0.15
1.0 0.44167497507477566 12.852857142857143 17.72 0.16
1.0 0.43270189431704886 12.852857142857143 17.36 0.17
1.0 0.4047856430707876 12.852857142857143 16.24 0.18000000000000002
1.0 0.39581256231306083 12.852857142857143 15.88 0.19000000000000003
1.0 0.38085742771684944 12.852857142857143 15.28 0.20000000000000004
1.0 0.37188434695912265 12.852857142857143 14.92 0.21000000000000005
1.0 0.3629112662013958 12.852857142857143 14.56 0.22000000000000006
1.0 0.353938185443669 12.852857142857143 14.2 0.23000000000000007
1.0 0.3469591226321037 12.852857142857143 13.92 0.24000000000000007
1.0 0.34097706879361916 12.852857142857143 13.68 0.25000000000000006
1.0 0.33798604187437686 12.852857142857143 13.56 0.26000000000000006
1.0 0.3320039880358923 12.852857142857143 13.32 0.2700000000000001
1.0 0.32602193419740777 12.852857142857143 13.08 0.2800000000000001
1.0 0.3220338983050847 12.852857142857143 12.92 0.2900000000000001
1.0 0.3200398803589232 12.852857142857143 12.84 0.3000000000000001
1.0 0.317048853439681 12.852857142857143 12.72 0.3100000000000001
1.0 0.31306081754735793 12.852857142857143 12.56 0.3200000000000001
1.0 0.3090727816550349 12.852857142857143 12.4 0.3300000000000001
1.0 0.3070787637088734 12.852857142857143 12.32 0.34000000000000014
1.0 0.3050847457627119 12.852857142857143 12.24 0.35000000000000014
1.0 0.3020937188434696 12.852857142857143 12.12 0.36000000000000015
1.0 0.30109670987038883 12.852857142857143 12.08 0.37000000000000016
1.0 0.2951146560319043 12.852857142857143 11.84 0.38000000000000017
1.0 0.2901296111665005 12.852857142857143 11.64 0.3900000000000002
1.0 0.28614157527417744 12.852857142857143 11.48 0.4000000000000002
1.0 0.2761714855433699 12.852857142857143 11.08 0.4100000000000002
1.0 0.27218344965104685 12.852857142857143 10.92 0.4200000000000002
1.0 0.26321036889332006 12.852857142857143 10.56 0.4300000000000002
1.0 0.2572283150548355 12.852857142857143 10.32 0.4400000000000002
1.0 0.25324027916251246 12.852857142857143 10.16 0.45000000000000023
1.0 0.24626121635094717 12.852857142857143 9.88 0.46000000000000024
1.0 0.2382851445663011 12.852857142857143 9.56 0.47000000000000025
1.0 0.23429710867397807 12.852857142857143 9.4 0.48000000000000026
1.0 0.2313060817547358 12.852857142857143 9.28 0.49000000000000027
1.0 0.22333000997008973 12.852857142857143 8.96 0.5000000000000002
1.0 0.21834496510468593 12.852857142857143 8.76 0.5100000000000002
1.0 0.21335992023928216 12.852857142857143 8.56 0.5200000000000002
1.0 0.21036889332003988 12.852857142857143 8.44 0.5300000000000002
1.0 0.2053838484546361 12.852857142857143 8.24 0.5400000000000003
1.0 0.20139581256231306 12.852857142857143 8.08 0.5500000000000003
1.0 0.19740777666999004 12.852857142857143 7.92 0.5600000000000003
1.0 0.19242273180458624 12.852857142857143 7.72 0.5700000000000003
1.0 0.18843469591226322 12.852857142857143 7.56 0.5800000000000003
1.0 0.1864406779661017 12.852857142857143 7.48 0.5900000000000003
1.0 0.18444666001994017 12.852857142857143 7.4 0.6000000000000003
1.0 0.1794616151545364 12.852857142857143 7.2 0.6100000000000003
1.0 0.17547357926221335 12.852857142857143 7.04 0.6200000000000003
1.0 0.17048853439680958 12.852857142857143 6.84 0.6300000000000003
1.0 0.16650049850448653 12.852857142857143 6.68 0.6400000000000003
1.0 0.16350947158524426 12.852857142857143 6.56 0.6500000000000004
1.0 0.16151545363908276 12.852857142857143 6.48 0.6600000000000004
1.0 0.15952143569292124 12.852857142857143 6.4 0.6700000000000004
1.0 0.15653040877367896 12.852857142857143 6.28 0.6800000000000004
1.0 0.15653040877367896 12.852857142857143 6.28 0.6900000000000004
1.0 0.15453639082751744 12.852857142857143 6.2 0.7000000000000004
1.0 0.15054835493519442 12.852857142857143 6.04 0.7100000000000004
1.0 0.14556331006979062 12.852857142857143 5.84 0.7200000000000004
1.0 0.14356929212362912 12.852857142857143 5.76 0.7300000000000004
1.0 0.13958125623130607 12.852857142857143 5.6 0.7400000000000004
1.0 0.13359920239282153 12.852857142857143 5.36 0.7500000000000004
1.0 0.12761714855433698 12.852857142857143 5.12 0.7600000000000005
1.0 0.12462612163509472 12.852857142857143 5.0 0.7700000000000005
1.0 0.11964107676969092 12.852857142857143 4.8 0.7800000000000005
1.0 0.11665004985044865 12.852857142857143 4.68 0.7900000000000005
1.0 0.11266201395812563 12.852857142857143 4.52 0.8000000000000005
1.0 0.10967098703888335 12.852857142857143 4.4 0.8100000000000005
1.0 0.10468594217347957 12.852857142857143 4.2 0.8200000000000005
1.0 0.10269192422731804 12.852857142857143 4.12 0.8300000000000005
1.0 0.09970089730807577 12.852857142857143 4.0 0.8400000000000005
1.0 0.09770687936191426 12.852857142857143 3.92 0.8500000000000005
1.0 0.09471585244267199 12.852857142857143 3.8 0.8600000000000005
0.999888851839502 0.09072781655034895 12.851428571428572 3.64 0.8700000000000006
0.999888851839502 0.09072781655034895 12.851428571428572 3.64 0.8800000000000006
0.999888851839502 0.08873379860418744 12.851428571428572 3.56 0.8900000000000006
0.999888851839502 0.08374875373878365 12.851428571428572 3.36 0.9000000000000006
0.999888851839502 0.07776669990029911 12.851428571428572 3.12 0.9100000000000006
0.9996665555185061 0.07278165503489531 12.848571428571429 2.92 0.9200000000000006
0.9996665555185061 0.06779661016949153 12.848571428571429 2.72 0.9300000000000006
0.9996665555185061 0.058823529411764705 12.848571428571429 2.36 0.9400000000000006
0.9995554073580082 0.05284147557328016 12.847142857142858 2.12 0.9500000000000006
0.9994442591975102 0.04187437686939183 12.845714285714285 1.68 0.9600000000000006
0.9992219628765144 0.03489531405782652 12.842857142857143 1.4 0.9700000000000006
0.9984439257530288 0.027916251246261216 12.832857142857144 1.12 0.9800000000000006
0.9944425919751028 0.019940179461615155 12.781428571428572 0.8 0.9900000000000007
0.0 0.0 0.0 0.0
