1.0 1.0 29.99 50.15 0.0
1.0 0.9561316051844466 29.99 47.95 0.01
1.0 0.905284147557328 29.99 45.4 0.02
1.0 0.8793619142572283 29.99 44.1 0.03
1.0 0.8604187437686939 29.99 43.15 0.04
1.0 0.8424725822532403 29.99 42.25 0.05
1.0 0.8295114656031904 29.99 41.6 0.060000000000000005
1.0 0.8295114656031904 29.99 41.6 0.07
0.999888851839502 0.8185443668993021 29.986666666666668 41.05 0.08
0.999888851839502 0.8085742771684945 29.986666666666668 40.55 0.09
0.999888851839502 0.8055832502492523 29.986666666666668 40.4 0.09999999999999999
0.9997777036790041 0.7976071784646062 29.983333333333334 40.0 0.10999999999999999
0.9996665555185061 0.7926221335992024 29.98 39.75 0.11999999999999998
0.9996665555185061 0.7896311066799602 29.98 39.6 0.12999999999999998
0.9996665555185061 0.7866400797607178 29.98 39.45 0.13999999999999999
0.9996665555185061 0.7846460618145563 29.98 39.35 0.15
0.9996665555185061 0.7756729810568295 29.98 38.9 0.16
0.9996665555185061 0.7666999002991027 29.98 38.45 0.17
0.9996665555185061 0.7537387836490529 29.98 37.8 0.18000000000000002
0.9996665555185061 0.7457627118644068 29.98 37.4 0.19000000000000003
0.9996665555185061 0.7387836490528414 29.98 37.05 0.20000000000000004
0.9996665555185061 0.732801595214357 29.98 36.75 0.21000000000000005
0.9996665555185061 0.7308075772681955 29.98 36.65 0.22000000000000006
0.9996665555185061 0.7278165503489531 29.98 36.5 0.23000000000000007
0.9996665555185061 0.7268195413758723 29.98 36.45 0.24000000000000007
0.9996665555185061 0.7268195413758723 29.98 36.45 0.25000000000000006
0.9996665555185061 0.7258225324027916 29.98 36.4 0.26000000000000006
0.9996665555185061 0.7248255234297108 29.98 36.35 0.2700000000000001
0.9996665555185061 0.7218344965104686 29.98 36.2 0.2800000000000001
0.9996665555185061 0.7208374875373879 29.98 36.15 0.2900000000000001
0.9996665555185061 0.7188434695912264 29.98 36.05 0.3000000000000001
0.9996665555185061 0.7168494516450648 29.98 35.95 0.3100000000000001
0.9996665555185061 0.715852442671984 29.98 35.9 0.3200000000000001
0.9996665555185061 0.711864406779661 29.98 35.7 0.3300000000000001
0.9995554073580082 0.7098703888334995 29.976666666666667 35.6 0.34000000000000014
0.9995554073580082 0.7038883349950149 29.976666666666667 35.3 0.35000000000000014
0.9995554073580082 0.6999002991026919 29.976666666666667 35.1 0.36000000000000015
0.9995554073580082 0.6939182452642074 29.976666666666667 34.8 0.37000000000000016
0.9995554073580082 0.6899302093718843 29.976666666666667 34.6 0.38000000000000017
0.9995554073580082 0.6859421734795613 29.976666666666667 34.4 0.3900000000000002
0.9995554073580082 0.6799601196410767 29.976666666666667 34.1 0.4000000000000002
0.9995554073580082 0.67098703888335 29.976666666666667 33.65 0.4100000000000002
0.9995554073580082 0.6620139581256231 29.976666666666667 33.2 0.4200000000000002
0.9995554073580082 0.6570289132602194 29.976666666666667 32.95 0.4300000000000002
0.9995554073580082 0.6420737786640079 29.976666666666667 32.2 0.4400000000000002
0.9995554073580082 0.6350947158524427 29.976666666666667 31.85 0.45000000000000023
0.9995554073580082 0.6271186440677966 29.976666666666667 31.45 0.46000000000000024
0.9995554073580082 0.6201395812562313 29.976666666666667 31.1 0.47000000000000025
0.9995554073580082 0.613160518444666 29.976666666666667 30.75 0.48000000000000026
0.9995554073580082 0.6081754735792622 29.976666666666667 30.5 0.49000000000000027
0.9995554073580082 0.5992023928215354 29.976666666666667 30.05 0.5000000000000002
0.9995554073580082 0.5952143569292123 29.976666666666667 29.85 0.5100000000000002
0.9994442591975102 0.5892323030907278 29.973333333333333 29.55 0.5200000000000002
0.9994442591975102 0.5822532402791625 29.973333333333333 29.2 0.5300000000000002
0.9994442591975102 0.5782652043868395 29.973333333333333 29.0 0.5400000000000003
0.9994442591975102 0.5742771684945165 29.973333333333333 28.8 0.5500000000000003
0.9994442591975102 0.5732801595214357 29.973333333333333 28.75 0.5600000000000003
0.9994442591975102 0.5712861415752741 29.973333333333333 28.65 0.5700000000000003
0.9993331110370124 0.5692921236291126 29.97 28.55 0.5800000000000003
0.9993331110370124 0.5672981056829511 29.97 28.45 0.5900000000000003
0.9993331110370124 0.5653040877367896 29.97 28.35 0.6000000000000003
0.9993331110370124 0.5603190428713859 29.97 28.1 0.6100000000000003
0.9993331110370124 0.5573280159521435 29.97 27.95 0.6200000000000003
0.9993331110370124 0.5523429710867398 29.97 27.7 0.6300000000000003
0.9993331110370124 0.5443668993020937 29.97 27.3 0.6400000000000003
0.9992219628765144 0.5343968095712861 29.966666666666665 26.8 0.6500000000000004
0.9992219628765144 0.5234297108673978 29.966666666666665 26.25 0.6600000000000004
0.9991108147160165 0.5114656031904287 29.963333333333335 25.65 0.6700000000000004
0.9989996665555185 0.5034895314057827 29.96 25.25 0.6800000000000004
0.9989996665555185 0.48454636091724823 29.96 24.3 0.6900000000000004
0.9989996665555185 0.46859421734795614 29.96 23.5 0.7000000000000004
0.9989996665555185 0.44666001994017945 29.96 22.4 0.7100000000000004
0.9989996665555185 0.41774675972083747 29.96 20.95 0.7200000000000004
0.9989996665555185 0.39980059820538383 29.96 20.05 0.7300000000000004
0.9989996665555185 0.3818544366899302 29.96 19.15 0.7400000000000004
0.9989996665555185 0.3559322033898305 29.96 17.85 0.7500000000000004
0.9989996665555185 0.33300099700897307 29.96 16.7 0.7600000000000005
0.9989996665555185 0.3190428713858425 29.96 16.0 0.7700000000000005
0.9989996665555185 0.3000997008973081 29.96 15.05 0.7800000000000005
0.9989996665555185 0.28713858424725824 29.96 14.4 0.7900000000000005
0.9989996665555185 0.27916251246261214 29.96 14.0 0.8000000000000005
0.9987773702345226 0.27517447657028915 29.953333333333333 13.8 0.8100000000000005
0.9983327775925308 0.2711864406779661 29.94 13.6 0.8200000000000005
0.9971101478270534 0.2642073778664008 29.903333333333332 13.25 0.8300000000000005
0.9954429254195843 0.2502492522432702 29.85333333333333 12.55 0.8400000000000005
0.99188618428365 0.24426719840478564 29.746666666666666 12.25 0.8500000000000005
0.986217628098255 0.21834496510468593 29.576666666666668 10.95 0.8600000000000005
0.9791041458263866 0.2033898305084746 29.363333333333333 10.2 0.8700000000000006
0.9687673669000778 0.1794616151545364 29.053333333333335 9.0 0.8800000000000006
0.9552072913193287 0.1535393818544367 28.64666666666667 7.7 0.8900000000000006
0.9409803267755918 0.11764705882352941 28.22 5.9 0.9000000000000006
0.9265310659108592 0.0847457627118644 27.786666666666665 4.25 0.9100000000000006
0.9131932866511059 0.05682951146560319 27.386666666666667 2.85 0.9200000000000006
0.901189285317328 0.02991026919242273 27.026666666666667 1.5 0.9300000000000006
0.8898521729465377 0.009970089730807577 26.686666666666667 0.5 0.9400000000000006
0.8819606535511837 0.006979062811565304 26.45 0.35 0.9500000000000006
0.87351339335334 0.0 26.196666666666665 0.0 0.9600000000000006
0.8593975769701011 0.0 25.773333333333333 0.0 0.9700000000000006
0.8326108702900967 0.0 24.97 0.0 0.9800000000000006
0.7622540846948983 0.0 22.86 0.0 0.9900000000000007
0.0 0.0 0.0 0.0
