1.0 1.0 14.995 22.288888888888888 0.0
1.0 0.9032901296111665 14.995 20.133333333333333 0.01
1.0 0.8115653040877367 14.995 18.08888888888889 0.02
1.0 0.7706879361914257 14.995 17.177777777777777 0.03
1.0 0.748753738783649 14.995 16.68888888888889 0.04
1.0 0.7208374875373879 14.995 16.066666666666666 0.05
1.0 0.6939182452642074 14.995 15.466666666666667 0.060000000000000005
1.0 0.6939182452642074 14.995 15.466666666666667 0.07
1.0 0.6779661016949152 14.995 15.11111111111111 0.08
1.0 0.6660019940179461 14.995 14.844444444444445 0.09
1.0 0.654037886340977 14.995 14.577777777777778 0.09999999999999999
1.0 0.6470588235294118 14.995 14.422222222222222 0.10999999999999999
1.0 0.6331006979062812 14.995 14.11111111111111 0.11999999999999998
1.0 0.6261216350947159 14.995 13.955555555555556 0.12999999999999998
1.0 0.6231306081754736 14.995 13.88888888888889 0.13999999999999999
1.0 0.6181455633100698 14.995 13.777777777777779 0.15
1.0 0.609172482552343 14.995 13.577777777777778 0.16
1.0 0.6031904287138584 14.995 13.444444444444445 0.17
1.0 0.5882352941176471 14.995 13.11111111111111 0.18000000000000002
1.0 0.584247258225324 14.995 13.022222222222222 0.19000000000000003
1.0 0.5782652043868395 14.995 12.88888888888889 0.20000000000000004
1.0 0.5732801595214357 14.995 12.777777777777779 0.21000000000000005
1.0 0.5672981056829511 14.995 12.644444444444444 0.22000000000000006
1.0 0.5613160518444666 14.995 12.511111111111111 0.23000000000000007
1.0 0.555333998005982 14.995 12.377777777777778 0.24000000000000007
1.0 0.5533399800598205 14.995 12.333333333333334 0.25000000000000006
1.0 0.5483549351944168 14.995 12.222222222222221 0.26000000000000006
1.0 0.5383848454636092 14.995 12.0 0.2700000000000001
1.0 0.5324027916251246 14.995 11.866666666666667 0.2800000000000001
1.0 0.5254237288135594 14.995 11.71111111111111 0.2900000000000001
1.0 0.5244267198404786 14.995 11.688888888888888 0.3000000000000001
1.0 0.5204386839481555 14.995 11.6 0.3100000000000001
1.0 0.5174476570289133 14.995 11.533333333333333 0.3200000000000001
1.0 0.5154536390827518 14.995 11.488888888888889 0.3300000000000001
1.0 0.5104685942173479 14.995 11.377777777777778 0.34000000000000014
1.0 0.5094715852442672 14.995 11.355555555555556 0.35000000000000014
1.0 0.5054835493519442 14.995 11.266666666666667 0.36000000000000015
1.0 0.5044865403788634 14.995 11.244444444444444 0.37000000000000016
1.0 0.4945164506480558 14.995 11.022222222222222 0.38000000000000017
1.0 0.49252243270189433 14.995 10.977777777777778 0.3900000000000002
1.0 0.48753738783649053 14.995 10.866666666666667 0.4000000000000002
1.0 0.48055832502492524 14.995 10.71111111111111 0.4100000000000002
1.0 0.4785643070787637 14.995 10.666666666666666 0.4200000000000002
1.0 0.4715852442671984 14.995 10.511111111111111 0.4300000000000002
1.0 0.46161515453639085 14.995 10.28888888888889 0.4400000000000002
1.0 0.45663010967098705 14.995 10.177777777777777 0.45000000000000023
1.0 0.452642073778664 14.995 10.088888888888889 0.46000000000000024
1.0 0.4436689930209372 14.995 9.88888888888889 0.47000000000000025
1.0 0.4386839481555334 14.995 9.777777777777779 0.48000000000000026
1.0 0.43469591226321036 14.995 9.688888888888888 0.49000000000000027
1.0 0.42971086739780656 14.995 9.577777777777778 0.5000000000000002
1.0 0.42572283150548357 14.995 9.488888888888889 0.5100000000000002
1.0 0.419740777666999 14.995 9.355555555555556 0.5200000000000002
1.0 0.4167497507477567 14.995 9.28888888888889 0.5300000000000002
1.0 0.4127617148554337 14.995 9.2 0.5400000000000003
1.0 0.4087736789631107 14.995 9.11111111111111 0.5500000000000003
1.0 0.4057826520438684 14.995 9.044444444444444 0.5600000000000003
1.0 0.40279162512462613 14.995 8.977777777777778 0.5700000000000003
1.0 0.40079760717846463 14.995 8.933333333333334 0.5800000000000003
1.0 0.39780658025922233 14.995 8.866666666666667 0.5900000000000003
1.0 0.3948155533399801 14.995 8.8 0.6000000000000003
1.0 0.39282153539381853 14.995 8.755555555555556 0.6100000000000003
1.0 0.39282153539381853 14.995 8.755555555555556 0.6200000000000003
1.0 0.38584247258225324 14.995 8.6 0.6300000000000003
1.0 0.3848454636091725 14.995 8.577777777777778 0.6400000000000003
1.0 0.38384845463609174 14.995 8.555555555555555 0.6500000000000004
1.0 0.3818544366899302 14.995 8.511111111111111 0.6600000000000004
1.0 0.3778664007976072 14.995 8.422222222222222 0.6700000000000004
1.0 0.37587238285144564 14.995 8.377777777777778 0.6800000000000004
1.0 0.36889332003988035 14.995 8.222222222222221 0.6900000000000004
1.0 0.36490528414755735 14.995 8.133333333333333 0.7000000000000004
1.0 0.3589232303090728 14.995 8.0 0.7100000000000004
1.0 0.353938185443669 14.995 7.888888888888889 0.7200000000000004
1.0 0.34995014955134596 14.995 7.8 0.7300000000000004
1.0 0.3489531405782652 14.995 7.777777777777778 0.7400000000000004
1.0 0.34297108673978066 14.995 7.644444444444445 0.7500000000000004
1.0 0.3339980059820538 14.995 7.444444444444445 0.7600000000000005
1.0 0.3320039880358923 14.995 7.4 0.7700000000000005
1.0 0.325024925224327 14.995 7.2444444444444445 0.7800000000000005
1.0 0.3220338983050847 14.995 7.177777777777778 0.7900000000000005
1.0 0.3180458624127617 14.995 7.088888888888889 0.8000000000000005
1.0 0.3180458624127617 14.995 7.088888888888889 0.8100000000000005
1.0 0.31106679960119643 14.995 6.933333333333334 0.8200000000000005
1.0 0.30807577268195413 14.995 6.866666666666666 0.8300000000000005
0.9996665555185061 0.3000997008973081 14.99 6.688888888888889 0.8400000000000005
0.9993331110370124 0.2951146560319043 14.985 6.5777777777777775 0.8500000000000005
0.9983327775925308 0.2901296111665005 14.97 6.466666666666667 0.8600000000000005
0.9971101478270534 0.28414755732801594 14.951666666666666 6.333333333333333 0.8700000000000006
0.9948871846170946 0.2761714855433699 14.918333333333333 6.155555555555556 0.8800000000000006
0.9929976658886296 0.2711864406779661 14.89 6.044444444444444 0.8900000000000006
0.9907747026786706 0.2572283150548355 14.856666666666667 5.733333333333333 0.9000000000000006
0.9887740357897077 0.24227318045862412 14.826666666666666 5.4 0.9100000000000006
0.9877737023452262 0.2333000997008973 14.811666666666667 5.2 0.9200000000000006
0.986106479937757 0.22532402791625125 14.786666666666667 5.022222222222222 0.9300000000000006
0.9854395909747694 0.2143569292123629 14.776666666666667 4.777777777777778 0.9400000000000006
0.9844392575302878 0.2023928215353938 14.761666666666667 4.511111111111111 0.9500000000000006
0.9823274424808269 0.18843469591226322 14.73 4.2 0.9600000000000006
0.9794375903078804 0.17547357926221335 14.686666666666667 3.911111111111111 0.9700000000000006
0.9753251083694565 0.15154536390827517 14.625 3.3777777777777778 0.9800000000000006
0.9578748471712794 0.10269192422731804 14.363333333333333 2.2888888888888888 0.9900000000000007
0.0 0.0 0.0 0.0
