0 0.51 10000 9081.760000000031
10 20.0 10000 9144.650000000032
0 0.9600000000000001 10000 9057.850000000039
10 20.0 10000 9134.66000000002
20 20.0 10000 9118.81000000003
30 20.0 10000 9117.110000000035
0 1.9000000000000004 10000 9124.47000000001
10 20.0 10000 9101.490000000033
20 20.0 10000 9094.810000000043
30 20.0 10000 9083.920000000027
40 20.0 10000 9098.550000000021
50 20.0 10000 9113.680000000024
0 1.02 10000 9067.700000000035
5 19.35 10000 9109.430000000022
10 20.0 10000 9093.630000000028
15 20.0 10000 9107.150000000025
20 20.0 10000 9115.070000000036
25 20.0 10000 9087.860000000037
30 20.0 10000 9122.350000000024
35 20.0 10000 9097.570000000029
40 20.0 10000 9102.100000000031
45 20.0 10000 9135.35000000002
50 20.0 10000 9123.72000000002
