1.0 1.0 89.97 5.731428571428571 0.0
1.0 0.9990029910269193 89.97 5.725714285714286 0.01
1.0 0.9930209371884346 89.97 5.691428571428571 0.02
1.0 0.9910269192422732 89.97 5.68 0.03
1.0 0.9880358923230309 89.97 5.662857142857143 0.04
1.0 0.9830508474576272 89.97 5.634285714285714 0.05
1.0 0.9750747756729811 89.97 5.588571428571429 0.060000000000000005
1.0 0.9750747756729811 89.97 5.588571428571429 0.07
1.0 0.9730807577268196 89.97 5.577142857142857 0.08
1.0 0.9690927218344965 89.97 5.554285714285714 0.09
1.0 0.9651046859421735 89.97 5.531428571428571 0.09999999999999999
1.0 0.963110667996012 89.97 5.52 0.10999999999999999
1.0 0.9611166500498505 89.97 5.508571428571429 0.11999999999999998
1.0 0.9601196410767697 89.97 5.502857142857143 0.12999999999999998
1.0 0.9571286141575274 89.97 5.485714285714286 0.13999999999999999
1.0 0.9561316051844466 89.97 5.48 0.15
1.0 0.9541375872382851 89.97 5.468571428571429 0.16
1.0 0.9501495513459621 89.97 5.445714285714286 0.17
1.0 0.9401794616151545 89.97 5.388571428571429 0.18000000000000002
1.0 0.9361914257228315 89.97 5.365714285714286 0.19000000000000003
1.0 0.93419740777667 89.97 5.354285714285714 0.20000000000000004
1.0 0.9332003988035892 89.97 5.348571428571429 0.21000000000000005
1.0 0.9332003988035892 89.97 5.348571428571429 0.22000000000000006
1.0 0.9302093718843469 89.97 5.331428571428572 0.23000000000000007
1.0 0.9302093718843469 89.97 5.331428571428572 0.24000000000000007
1.0 0.9292123629112662 89.97 5.325714285714286 0.25000000000000006
1.0 0.9272183449651047 89.97 5.314285714285714 0.26000000000000006
1.0 0.9272183449651047 89.97 5.314285714285714 0.2700000000000001
1.0 0.9252243270189432 89.97 5.3028571428571425 0.2800000000000001
1.0 0.9242273180458624 89.97 5.297142857142857 0.2900000000000001
1.0 0.9242273180458624 89.97 5.297142857142857 0.3000000000000001
1.0 0.9242273180458624 89.97 5.297142857142857 0.3100000000000001
1.0 0.9242273180458624 89.97 5.297142857142857 0.3200000000000001
1.0 0.9232303090727817 89.97 5.291428571428572 0.3300000000000001
1.0 0.9202392821535393 89.97 5.274285714285714 0.34000000000000014
1.0 0.9192422731804586 89.97 5.268571428571429 0.35000000000000014
1.0 0.9172482552342971 89.97 5.257142857142857 0.36000000000000015
1.0 0.9152542372881356 89.97 5.2457142857142856 0.37000000000000016
1.0 0.9122632103688934 89.97 5.228571428571429 0.38000000000000017
1.0 0.9102691924227319 89.97 5.217142857142857 0.3900000000000002
1.0 0.9082751744765702 89.97 5.2057142857142855 0.4000000000000002
1.0 0.9042871385842473 89.97 5.182857142857143 0.4100000000000002
1.0 0.901296111665005 89.97 5.1657142857142855 0.4200000000000002
1.0 0.8973080757726819 89.97 5.142857142857143 0.4300000000000002
1.0 0.8943170488534397 89.97 5.1257142857142854 0.4400000000000002
1.0 0.8923230309072782 89.97 5.114285714285714 0.45000000000000023
1.0 0.8893320039880359 89.97 5.097142857142857 0.46000000000000024
1.0 0.8783649052841476 89.97 5.034285714285715 0.47000000000000025
1.0 0.8763708873379861 89.97 5.022857142857143 0.48000000000000026
1.0 0.8753738783649053 89.97 5.017142857142857 0.49000000000000027
1.0 0.8743768693918246 89.97 5.011428571428572 0.5000000000000002
1.0 0.8703888334995015 89.97 4.988571428571428 0.5100000000000002
1.0 0.86839481555334 89.97 4.977142857142857 0.5200000000000002
1.0 0.86839481555334 89.97 4.977142857142857 0.5300000000000002
1.0 0.8673978065802592 89.97 4.9714285714285715 0.5400000000000003
1.0 0.8673978065802592 89.97 4.9714285714285715 0.5500000000000003
1.0 0.8673978065802592 89.97 4.9714285714285715 0.5600000000000003
1.0 0.8664007976071785 89.97 4.965714285714285 0.5700000000000003
1.0 0.8664007976071785 89.97 4.965714285714285 0.5800000000000003
1.0 0.8664007976071785 89.97 4.965714285714285 0.5900000000000003
1.0 0.8664007976071785 89.97 4.965714285714285 0.6000000000000003
1.0 0.8634097706879362 89.97 4.948571428571428 0.6100000000000003
1.0 0.8604187437686939 89.97 4.9314285714285715 0.6200000000000003
1.0 0.8604187437686939 89.97 4.9314285714285715 0.6300000000000003
1.0 0.8584247258225324 89.97 4.92 0.6400000000000003
1.0 0.8534396809571286 89.97 4.8914285714285715 0.6500000000000004
1.0 0.8404785643070788 89.97 4.817142857142857 0.6600000000000004
1.0 0.8334995014955134 89.97 4.777142857142858 0.6700000000000004
1.0 0.8235294117647058 89.97 4.72 0.6800000000000004
1.0 0.806580259222333 89.97 4.622857142857143 0.6900000000000004
1.0 0.7886340977068793 89.97 4.52 0.7000000000000004
1.0 0.7746759720837487 89.97 4.44 0.7100000000000004
1.0 0.7537387836490529 89.97 4.32 0.7200000000000004
1.0 0.7407776669990029 89.97 4.2457142857142856 0.7300000000000004
1.0 0.7228315054835494 89.97 4.142857142857143 0.7400000000000004
1.0 0.7028913260219342 89.97 4.0285714285714285 0.7500000000000004
1.0 0.6889332003988036 89.97 3.9485714285714284 0.7600000000000005
0.999888851839502 0.678963110667996 89.96 3.8914285714285715 0.7700000000000005
0.9997777036790041 0.6699900299102692 89.95 3.84 0.7800000000000005
0.9995554073580082 0.6580259222333001 89.93 3.7714285714285714 0.7900000000000005
0.9991108147160165 0.654037886340977 89.89 3.7485714285714287 0.8000000000000005
0.9979993331110371 0.6470588235294118 89.79 3.7085714285714286 0.8100000000000005
0.9952206290985884 0.6440677966101694 89.54 3.6914285714285713 0.8200000000000005
0.991997332444148 0.6350947158524427 89.25 3.64 0.8300000000000005
0.9857730354562632 0.6271186440677966 88.69 3.5942857142857143 0.8400000000000005
0.9728798488385018 0.6151545363908275 87.53 3.525714285714286 0.8500000000000005
0.9523174391463821 0.5752741774675972 85.68 3.297142857142857 0.8600000000000005
0.9218628431699455 0.5363908275174477 82.94 3.0742857142857143 0.8700000000000006
0.8818495053906857 0.47756729810568294 79.34 2.737142857142857 0.8800000000000006
0.83405579637657 0.42572283150548357 75.04 2.44 0.8900000000000006
0.7795931977325775 0.3320039880358923 70.14 1.9028571428571428 0.9000000000000006
0.7236856730021118 0.24825523429710866 65.11 1.4228571428571428 0.9100000000000006
0.6751139268645104 0.19641076769690927 60.74 1.1257142857142857 0.9200000000000006
0.6376569967767034 0.1465603190428714 57.37 0.84 0.9300000000000006
0.6076469934422585 0.11465603190428714 54.67 0.6571428571428571 0.9400000000000006
0.5874180282316328 0.10269192422731804 52.85 0.5885714285714285 0.9500000000000006
0.5670779148605091 0.09770687936191426 51.02 0.56 0.9600000000000006
0.5461820606868957 0.0967098703888335 49.14 0.5542857142857143 0.9700000000000006
0.5067244637101256 0.09571286141575275 45.59 0.5485714285714286 0.9800000000000006
0.4043570078915194 0.09571286141575275 36.38 0.5485714285714286 0.9900000000000007
0.0 0.0 0.0 0.0
