1.0 1.0 11.24625 100.3 0.0
1.0 0.609172482552343 11.24625 61.1 0.01
1.0 0.4626121635094716 11.24625 46.4 0.02
1.0 0.4267198404785643 11.24625 42.8 0.03
1.0 0.39980059820538383 11.24625 40.1 0.04
1.0 0.3748753738783649 11.24625 37.6 0.05
1.0 0.34496510468594216 11.24625 34.6 0.060000000000000005
1.0 0.34496510468594216 11.24625 34.6 0.07
1.0 0.3349950149551346 11.24625 33.6 0.08
1.0 0.3220338983050847 11.24625 32.3 0.09
1.0 0.3150548354935194 11.24625 31.6 0.09999999999999999
1.0 0.3070787637088734 11.24625 30.8 0.10999999999999999
1.0 0.30109670987038883 11.24625 30.2 0.11999999999999998
1.0 0.29411764705882354 11.24625 29.5 0.12999999999999998
1.0 0.2901296111665005 11.24625 29.1 0.13999999999999999
1.0 0.28414755732801594 11.24625 28.5 0.15
1.0 0.2781655034895314 11.24625 27.9 0.16
1.0 0.27218344965104685 11.24625 27.3 0.17
1.0 0.259222333000997 11.24625 26.0 0.18000000000000002
1.0 0.25324027916251246 11.24625 25.4 0.19000000000000003
1.0 0.2502492522432702 11.24625 25.1 0.20000000000000004
1.0 0.2452642073778664 11.24625 24.6 0.21000000000000005
1.0 0.24027916251246262 11.24625 24.1 0.22000000000000006
1.0 0.23629112662013957 11.24625 23.7 0.23000000000000007
1.0 0.2333000997008973 11.24625 23.4 0.24000000000000007
1.0 0.2313060817547358 11.24625 23.2 0.25000000000000006
1.0 0.23030907278165502 11.24625 23.1 0.26000000000000006
1.0 0.22831505483549352 11.24625 22.9 0.2700000000000001
1.0 0.22731804586241275 11.24625 22.8 0.2800000000000001
1.0 0.226321036889332 11.24625 22.7 0.2900000000000001
1.0 0.22432701894317048 11.24625 22.5 0.3000000000000001
1.0 0.22333000997008973 11.24625 22.4 0.3100000000000001
1.0 0.2213359920239282 11.24625 22.2 0.3200000000000001
1.0 0.2193419740777667 11.24625 22.0 0.3300000000000001
1.0 0.21635094715852443 11.24625 21.7 0.34000000000000014
1.0 0.21535393818544366 11.24625 21.6 0.35000000000000014
1.0 0.2143569292123629 11.24625 21.5 0.36000000000000015
1.0 0.2123629112662014 11.24625 21.3 0.37000000000000016
1.0 0.20937188434695914 11.24625 21.0 0.38000000000000017
1.0 0.2053838484546361 11.24625 20.6 0.3900000000000002
1.0 0.19940179461615154 11.24625 20.0 0.4000000000000002
1.0 0.1914257228315055 11.24625 19.2 0.4100000000000002
1.0 0.18245264207377868 11.24625 18.3 0.4200000000000002
1.0 0.17846460618145563 11.24625 17.9 0.4300000000000002
1.0 0.17347956131605186 11.24625 17.4 0.4400000000000002
1.0 0.17048853439680958 11.24625 17.1 0.45000000000000023
1.0 0.1694915254237288 11.24625 17.0 0.46000000000000024
1.0 0.16550348953140578 11.24625 16.6 0.47000000000000025
1.0 0.16151545363908276 11.24625 16.2 0.48000000000000026
1.0 0.1575274177467597 11.24625 15.8 0.49000000000000027
1.0 0.15453639082751744 11.24625 15.5 0.5000000000000002
1.0 0.1535393818544367 11.24625 15.4 0.5100000000000002
1.0 0.15254237288135594 11.24625 15.3 0.5200000000000002
1.0 0.15154536390827517 11.24625 15.2 0.5300000000000002
1.0 0.15054835493519442 11.24625 15.1 0.5400000000000003
1.0 0.14955134596211367 11.24625 15.0 0.5500000000000003
1.0 0.14755732801595214 11.24625 14.8 0.5600000000000003
1.0 0.14755732801595214 11.24625 14.8 0.5700000000000003
1.0 0.1465603190428714 11.24625 14.7 0.5800000000000003
1.0 0.14556331006979062 11.24625 14.6 0.5900000000000003
1.0 0.14456630109670987 11.24625 14.5 0.6000000000000003
1.0 0.14257228315054835 11.24625 14.3 0.6100000000000003
1.0 0.14257228315054835 11.24625 14.3 0.6200000000000003
1.0 0.14057826520438685 11.24625 14.1 0.6300000000000003
1.0 0.14057826520438685 11.24625 14.1 0.6400000000000003
1.0 0.14057826520438685 11.24625 14.1 0.6500000000000004
1.0 0.14057826520438685 11.24625 14.1 0.6600000000000004
1.0 0.13758723828514458 11.24625 13.8 0.6700000000000004
1.0 0.13260219341974078 11.24625 13.3 0.6800000000000004
1.0 0.13060817547357925 11.24625 13.1 0.6900000000000004
1.0 0.1296111665004985 11.24625 13.0 0.7000000000000004
1.0 0.12562313060817548 11.24625 12.6 0.7100000000000004
1.0 0.12362911266201396 11.24625 12.4 0.7200000000000004
1.0 0.11864406779661017 11.24625 11.9 0.7300000000000004
1.0 0.11764705882352941 11.24625 11.8 0.7400000000000004
1.0 0.11365902293120637 11.24625 11.4 0.7500000000000004
1.0 0.11166500498504486 11.24625 11.2 0.7600000000000005
1.0 0.10867397806580259 11.24625 10.9 0.7700000000000005
1.0 0.10667996011964108 11.24625 10.7 0.7800000000000005
1.0 0.10568295114656032 11.24625 10.6 0.7900000000000005
1.0 0.10468594217347957 11.24625 10.5 0.8000000000000005
1.0 0.1036889332003988 11.24625 10.4 0.8100000000000005
1.0 0.1036889332003988 11.24625 10.4 0.8200000000000005
1.0 0.1036889332003988 11.24625 10.4 0.8300000000000005
1.0 0.1036889332003988 11.24625 10.4 0.8400000000000005
1.0 0.10269192422731804 11.24625 10.3 0.8500000000000005
1.0 0.1016949152542373 11.24625 10.2 0.8600000000000005
0.999888851839502 0.10069790628115653 11.245 10.1 0.8700000000000006
0.999888851839502 0.10069790628115653 11.245 10.1 0.8800000000000006
0.9997777036790041 0.09970089730807577 11.24375 10.0 0.8900000000000006
0.9996665555185061 0.09870388833499502 11.2425 9.9 0.9000000000000006
0.9996665555185061 0.0967098703888335 11.2425 9.7 0.9100000000000006
0.9995554073580082 0.09272183449651047 11.24125 9.3 0.9200000000000006
0.9995554073580082 0.09072781655034895 11.24125 9.1 0.9300000000000006
0.9994442591975102 0.08873379860418744 11.24 8.9 0.9400000000000006
0.9987773702345226 0.08873379860418744 11.2325 8.9 0.9500000000000006
0.9979993331110371 0.08873379860418744 11.22375 8.9 0.9600000000000006
0.9972212959875514 0.08773678963110668 11.215 8.8 0.9700000000000006
0.9962209625430699 0.08773678963110668 11.20375 8.8 0.9800000000000006
0.9929976658886296 0.08773678963110668 11.1675 8.8 0.9900000000000007
0.0 0.0 0.0 0.0
