1.0 1.0 9.996666666666666 40.12 0.0
1.0 0.5413758723828515 9.996666666666666 21.72 0.01
1.0 0.3968095712861416 9.996666666666666 15.92 0.02
1.0 0.32602193419740777 9.996666666666666 13.08 0.03
1.0 0.2951146560319043 9.996666666666666 11.84 0.04
1.0 0.26819541375872386 9.996666666666666 10.76 0.05
1.0 0.2382851445663011 9.996666666666666 9.56 0.060000000000000005
1.0 0.2382851445663011 9.996666666666666 9.56 0.07
1.0 0.22532402791625125 9.996666666666666 9.04 0.08
1.0 0.2073778664007976 9.996666666666666 8.32 0.09
1.0 0.19740777666999004 9.996666666666666 7.92 0.09999999999999999
1.0 0.193419740777667 9.996666666666666 7.76 0.10999999999999999
1.0 0.18544366899302095 9.996666666666666 7.44 0.11999999999999998
1.0 0.17347956131605186 9.996666666666666 6.96 0.12999999999999998
1.0 0.17048853439680958 9.996666666666666 6.84 0.13999999999999999
1.0 0.16450648055832504 9.996666666666666 6.6 0.15
1.0 0.15952143569292124 9.996666666666666 6.4 0.16
1.0 0.15154536390827517 9.996666666666666 6.08 0.17
1.0 0.13559322033898305 9.996666666666666 5.44 0.18000000000000002
1.0 0.13260219341974078 9.996666666666666 5.32 0.19000000000000003
1.0 0.1296111665004985 9.996666666666666 5.2 0.20000000000000004
1.0 0.12362911266201396 9.996666666666666 4.96 0.21000000000000005
1.0 0.12163509471585245 9.996666666666666 4.88 0.22000000000000006
1.0 0.11764705882352941 9.996666666666666 4.72 0.23000000000000007
1.0 0.1106679960119641 9.996666666666666 4.44 0.24000000000000007
1.0 0.10767696909272183 9.996666666666666 4.32 0.25000000000000006
1.0 0.10568295114656032 9.996666666666666 4.24 0.26000000000000006
1.0 0.10568295114656032 9.996666666666666 4.24 0.2700000000000001
1.0 0.1016949152542373 9.996666666666666 4.08 0.2800000000000001
1.0 0.10069790628115653 9.996666666666666 4.04 0.2900000000000001
1.0 0.10069790628115653 9.996666666666666 4.04 0.3000000000000001
1.0 0.09970089730807577 9.996666666666666 4.0 0.3100000000000001
1.0 0.09970089730807577 9.996666666666666 4.0 0.3200000000000001
1.0 0.09870388833499502 9.996666666666666 3.96 0.3300000000000001
1.0 0.09870388833499502 9.996666666666666 3.96 0.34000000000000014
1.0 0.09770687936191426 9.996666666666666 3.92 0.35000000000000014
1.0 0.09770687936191426 9.996666666666666 3.92 0.36000000000000015
1.0 0.09371884346959122 9.996666666666666 3.76 0.37000000000000016
1.0 0.0897308075772682 9.996666666666666 3.6 0.38000000000000017
1.0 0.08773678963110668 9.996666666666666 3.52 0.3900000000000002
1.0 0.08673978065802593 9.996666666666666 3.48 0.4000000000000002
1.0 0.0847457627118644 9.996666666666666 3.4 0.4100000000000002
1.0 0.0847457627118644 9.996666666666666 3.4 0.4200000000000002
1.0 0.08175473579262213 9.996666666666666 3.28 0.4300000000000002
1.0 0.07776669990029911 9.996666666666666 3.12 0.4400000000000002
1.0 0.07477567298105683 9.996666666666666 3.0 0.45000000000000023
1.0 0.06979062811565304 9.996666666666666 2.8 0.46000000000000024
1.0 0.06779661016949153 9.996666666666666 2.72 0.47000000000000025
1.0 0.06480558325024925 9.996666666666666 2.6 0.48000000000000026
1.0 0.06181455633100698 9.996666666666666 2.48 0.49000000000000027
1.0 0.06081754735792622 9.996666666666666 2.44 0.5000000000000002
1.0 0.05982053838484546 9.996666666666666 2.4 0.5100000000000002
1.0 0.05782652043868395 9.996666666666666 2.32 0.5200000000000002
1.0 0.05682951146560319 9.996666666666666 2.28 0.5300000000000002
1.0 0.05583250249252243 9.996666666666666 2.24 0.5400000000000003
1.0 0.053838484546360914 9.996666666666666 2.16 0.5500000000000003
1.0 0.053838484546360914 9.996666666666666 2.16 0.5600000000000003
1.0 0.053838484546360914 9.996666666666666 2.16 0.5700000000000003
1.0 0.0518444666001994 9.996666666666666 2.08 0.5800000000000003
1.0 0.05084745762711865 9.996666666666666 2.04 0.5900000000000003
1.0 0.05084745762711865 9.996666666666666 2.04 0.6000000000000003
1.0 0.05084745762711865 9.996666666666666 2.04 0.6100000000000003
1.0 0.049850448654037885 9.996666666666666 2.0 0.6200000000000003
1.0 0.049850448654037885 9.996666666666666 2.0 0.6300000000000003
1.0 0.04885343968095713 9.996666666666666 1.96 0.6400000000000003
1.0 0.047856430707876374 9.996666666666666 1.92 0.6500000000000004
1.0 0.04685942173479561 9.996666666666666 1.88 0.6600000000000004
1.0 0.04685942173479561 9.996666666666666 1.88 0.6700000000000004
1.0 0.045862412761714856 9.996666666666666 1.84 0.6800000000000004
1.0 0.04187437686939183 9.996666666666666 1.68 0.6900000000000004
1.0 0.038883349950149554 9.996666666666666 1.56 0.7000000000000004
1.0 0.03788634097706879 9.996666666666666 1.52 0.7100000000000004
1.0 0.03489531405782652 9.996666666666666 1.4 0.7200000000000004
1.0 0.03290129611166501 9.996666666666666 1.32 0.7300000000000004
1.0 0.03090727816550349 9.996666666666666 1.24 0.7400000000000004
1.0 0.02991026919242273 9.996666666666666 1.2 0.7500000000000004
1.0 0.026919242273180457 9.996666666666666 1.08 0.7600000000000005
1.0 0.023928215353938187 9.996666666666666 0.96 0.7700000000000005
1.0 0.02193419740777667 9.996666666666666 0.88 0.7800000000000005
1.0 0.02193419740777667 9.996666666666666 0.88 0.7900000000000005
1.0 0.019940179461615155 9.996666666666666 0.8 0.8000000000000005
1.0 0.018943170488534396 9.996666666666666 0.76 0.8100000000000005
1.0 0.018943170488534396 9.996666666666666 0.76 0.8200000000000005
1.0 0.018943170488534396 9.996666666666666 0.76 0.8300000000000005
0.999888851839502 0.01794616151545364 9.995555555555555 0.72 0.8400000000000005
0.9997777036790041 0.01794616151545364 9.994444444444444 0.72 0.8500000000000005
0.9997777036790041 0.01694915254237288 9.994444444444444 0.68 0.8600000000000005
0.9996665555185061 0.014955134596211365 9.993333333333334 0.6 0.8700000000000006
0.9992219628765144 0.01296111665004985 9.988888888888889 0.52 0.8800000000000006
0.9992219628765144 0.01296111665004985 9.988888888888889 0.52 0.8900000000000006
0.9989996665555185 0.011964107676969093 9.986666666666666 0.48 0.9000000000000006
0.9989996665555185 0.00897308075772682 9.986666666666666 0.36 0.9100000000000006
0.9985550739135267 0.005982053838484547 9.982222222222223 0.24 0.9200000000000006
0.9983327775925308 0.0029910269192422734 9.98 0.12 0.9300000000000006
0.9983327775925308 0.0029910269192422734 9.98 0.12 0.9400000000000006
0.998110481271535 9.970089730807576E-4 9.977777777777778 0.04 0.9500000000000006
0.9979993331110371 0.0 9.976666666666667 0.0 0.9600000000000006
0.9975547404690452 0.0 9.972222222222221 0.0 0.9700000000000006
0.9962209625430699 0.0 9.95888888888889 0.0 0.9800000000000006
0.9911081471601645 0.0 9.907777777777778 0.0 0.9900000000000007
0.0 0.0 0.0 0.0
