1.0 1.0 9.996666666666666 125.375 0.0
1.0 0.6450648055832503 9.996666666666666 80.875 0.01
1.0 0.5453639082751744 9.996666666666666 68.375 0.02
1.0 0.4915254237288136 9.996666666666666 61.625 0.03
1.0 0.452642073778664 9.996666666666666 56.75 0.04
1.0 0.42971086739780656 9.996666666666666 53.875 0.05
1.0 0.382851445663011 9.996666666666666 48.0 0.060000000000000005
1.0 0.382851445663011 9.996666666666666 48.0 0.07
1.0 0.36889332003988035 9.996666666666666 46.25 0.08
1.0 0.3469591226321037 9.996666666666666 43.5 0.09
1.0 0.3339980059820538 9.996666666666666 41.875 0.09999999999999999
1.0 0.32602193419740777 9.996666666666666 40.875 0.10999999999999999
1.0 0.3150548354935194 9.996666666666666 39.5 0.11999999999999998
1.0 0.30608175473579263 9.996666666666666 38.375 0.12999999999999998
1.0 0.29810568295114653 9.996666666666666 37.375 0.13999999999999999
1.0 0.28414755732801594 9.996666666666666 35.625 0.15
1.0 0.2711864406779661 9.996666666666666 34.0 0.16
1.0 0.2622133599202393 9.996666666666666 32.875 0.17
1.0 0.24127617148554337 9.996666666666666 30.25 0.18000000000000002
1.0 0.23230309072781655 9.996666666666666 29.125 0.19000000000000003
1.0 0.226321036889332 9.996666666666666 28.375 0.20000000000000004
1.0 0.2193419740777667 9.996666666666666 27.5 0.21000000000000005
1.0 0.21136590229312063 9.996666666666666 26.5 0.22000000000000006
1.0 0.20837487537387836 9.996666666666666 26.125 0.23000000000000007
1.0 0.2033898305084746 9.996666666666666 25.5 0.24000000000000007
1.0 0.19740777666999004 9.996666666666666 24.75 0.25000000000000006
1.0 0.19441674975074777 9.996666666666666 24.375 0.26000000000000006
1.0 0.1914257228315055 9.996666666666666 24.0 0.2700000000000001
1.0 0.18943170488534397 9.996666666666666 23.75 0.2800000000000001
1.0 0.18444666001994017 9.996666666666666 23.125 0.2900000000000001
1.0 0.18444666001994017 9.996666666666666 23.125 0.3000000000000001
1.0 0.18245264207377868 9.996666666666666 22.875 0.3100000000000001
1.0 0.17746759720837488 9.996666666666666 22.25 0.3200000000000001
1.0 0.17248255234297108 9.996666666666666 21.625 0.3300000000000001
1.0 0.17048853439680958 9.996666666666666 21.375 0.34000000000000014
1.0 0.1694915254237288 9.996666666666666 21.25 0.35000000000000014
1.0 0.16849451645064806 9.996666666666666 21.125 0.36000000000000015
1.0 0.16650049850448653 9.996666666666666 20.875 0.37000000000000016
1.0 0.15653040877367896 9.996666666666666 19.625 0.38000000000000017
1.0 0.1485543369890329 9.996666666666666 18.625 0.3900000000000002
1.0 0.14456630109670987 9.996666666666666 18.125 0.4000000000000002
1.0 0.14456630109670987 9.996666666666666 18.125 0.4100000000000002
1.0 0.13958125623130607 9.996666666666666 17.5 0.4200000000000002
1.0 0.13559322033898305 9.996666666666666 17.0 0.4300000000000002
1.0 0.13260219341974078 9.996666666666666 16.625 0.4400000000000002
1.0 0.13060817547357925 9.996666666666666 16.375 0.45000000000000023
1.0 0.12662013958125623 9.996666666666666 15.875 0.46000000000000024
1.0 0.11764705882352941 9.996666666666666 14.75 0.47000000000000025
1.0 0.11465603190428714 9.996666666666666 14.375 0.48000000000000026
1.0 0.10767696909272183 9.996666666666666 13.5 0.49000000000000027
1.0 0.10568295114656032 9.996666666666666 13.25 0.5000000000000002
1.0 0.10269192422731804 9.996666666666666 12.875 0.5100000000000002
1.0 0.09770687936191426 9.996666666666666 12.25 0.5200000000000002
1.0 0.09471585244267199 9.996666666666666 11.875 0.5300000000000002
1.0 0.09272183449651047 9.996666666666666 11.625 0.5400000000000003
1.0 0.09072781655034895 9.996666666666666 11.375 0.5500000000000003
1.0 0.08773678963110668 9.996666666666666 11.0 0.5600000000000003
1.0 0.08673978065802593 9.996666666666666 10.875 0.5700000000000003
1.0 0.0847457627118644 9.996666666666666 10.625 0.5800000000000003
1.0 0.0847457627118644 9.996666666666666 10.625 0.5900000000000003
1.0 0.08374875373878365 9.996666666666666 10.5 0.6000000000000003
1.0 0.08275174476570289 9.996666666666666 10.375 0.6100000000000003
1.0 0.08175473579262213 9.996666666666666 10.25 0.6200000000000003
1.0 0.08175473579262213 9.996666666666666 10.25 0.6300000000000003
1.0 0.08075772681954138 9.996666666666666 10.125 0.6400000000000003
1.0 0.07976071784646062 9.996666666666666 10.0 0.6500000000000004
1.0 0.07676969092721835 9.996666666666666 9.625 0.6600000000000004
1.0 0.07676969092721835 9.996666666666666 9.625 0.6700000000000004
1.0 0.07377866400797607 9.996666666666666 9.25 0.6800000000000004
1.0 0.07178464606181456 9.996666666666666 9.0 0.6900000000000004
1.0 0.0707876370887338 9.996666666666666 8.875 0.7000000000000004
1.0 0.06480558325024925 9.996666666666666 8.125 0.7100000000000004
1.0 0.058823529411764705 9.996666666666666 7.375 0.7200000000000004
1.0 0.05284147557328016 9.996666666666666 6.625 0.7300000000000004
1.0 0.049850448654037885 9.996666666666666 6.25 0.7400000000000004
1.0 0.04685942173479561 9.996666666666666 5.875 0.7500000000000004
1.0 0.04386839481555334 9.996666666666666 5.5 0.7600000000000005
1.0 0.038883349950149554 9.996666666666666 4.875 0.7700000000000005
1.0 0.03489531405782652 9.996666666666666 4.375 0.7800000000000005
1.0 0.03489531405782652 9.996666666666666 4.375 0.7900000000000005
1.0 0.03290129611166501 9.996666666666666 4.125 0.8000000000000005
1.0 0.031904287138584245 9.996666666666666 4.0 0.8100000000000005
0.999888851839502 0.02991026919242273 9.995555555555555 3.75 0.8200000000000005
0.999888851839502 0.02991026919242273 9.995555555555555 3.75 0.8300000000000005
0.999888851839502 0.028913260219341975 9.995555555555555 3.625 0.8400000000000005
0.999888851839502 0.0259222333000997 9.995555555555555 3.25 0.8500000000000005
0.999888851839502 0.0259222333000997 9.995555555555555 3.25 0.8600000000000005
0.999888851839502 0.023928215353938187 9.995555555555555 3.0 0.8700000000000006
0.999888851839502 0.022931206380857428 9.995555555555555 2.875 0.8800000000000006
0.9995554073580082 0.022931206380857428 9.992222222222223 2.875 0.8900000000000006
0.9992219628765144 0.02193419740777667 9.988888888888889 2.75 0.9000000000000006
0.9989996665555185 0.019940179461615155 9.986666666666666 2.5 0.9100000000000006
0.9986662220740247 0.018943170488534396 9.983333333333333 2.375 0.9200000000000006
0.9986662220740247 0.015952143569292122 9.983333333333333 2.0 0.9300000000000006
0.9984439257530288 0.013958125623130608 9.981111111111112 1.75 0.9400000000000006
0.9983327775925308 0.011964107676969093 9.98 1.5 0.9500000000000006
0.998110481271535 0.007976071784646061 9.977777777777778 1.0 0.9600000000000006
0.9979993331110371 0.005982053838484547 9.976666666666667 0.75 0.9700000000000006
0.9968878515060575 0.004985044865403789 9.965555555555556 0.625 0.9800000000000006
0.994109147493609 0.0029910269192422734 9.937777777777777 0.375 0.9900000000000007
0.0 0.0 0.0 0.0
