1.0 1.0 8.997 20.06 0.0
0.9983327775925308 0.48255234297108673 8.982 9.68 0.01
0.9983327775925308 0.34795613160518446 8.982 6.98 0.02
0.9983327775925308 0.29411764705882354 8.982 5.9 0.03
0.9983327775925308 0.27018943170488535 8.982 5.42 0.04
0.9983327775925308 0.2472582253240279 8.982 4.96 0.05
0.9982216294320329 0.22033898305084745 8.981 4.42 0.060000000000000005
0.9982216294320329 0.22033898305084745 8.981 4.42 0.07
0.9982216294320329 0.2053838484546361 8.981 4.12 0.08
0.9982216294320329 0.193419740777667 8.981 3.88 0.09
0.9982216294320329 0.18344965104685942 8.981 3.68 0.09999999999999999
0.9982216294320329 0.1794616151545364 8.981 3.6 0.10999999999999999
0.9982216294320329 0.17148554336989033 8.981 3.44 0.11999999999999998
0.9982216294320329 0.16550348953140578 8.981 3.32 0.12999999999999998
0.9982216294320329 0.15952143569292124 8.981 3.2 0.13999999999999999
0.9982216294320329 0.15254237288135594 8.981 3.06 0.15
0.9982216294320329 0.14556331006979062 8.981 2.92 0.16
0.9982216294320329 0.1365902293120638 8.981 2.74 0.17
0.9982216294320329 0.12362911266201396 8.981 2.48 0.18000000000000002
0.9982216294320329 0.11665004985044865 8.981 2.34 0.19000000000000003
0.9982216294320329 0.11166500498504486 8.981 2.24 0.20000000000000004
0.9982216294320329 0.10568295114656032 8.981 2.12 0.21000000000000005
0.9982216294320329 0.10468594217347957 8.981 2.1 0.22000000000000006
0.9982216294320329 0.10069790628115653 8.981 2.02 0.23000000000000007
0.9982216294320329 0.09770687936191426 8.981 1.96 0.24000000000000007
0.998110481271535 0.0967098703888335 8.98 1.94 0.25000000000000006
0.998110481271535 0.09371884346959122 8.98 1.88 0.26000000000000006
0.998110481271535 0.09371884346959122 8.98 1.88 0.2700000000000001
0.998110481271535 0.0897308075772682 8.98 1.8 0.2800000000000001
0.998110481271535 0.08773678963110668 8.98 1.76 0.2900000000000001
0.998110481271535 0.08574277168494517 8.98 1.72 0.3000000000000001
0.998110481271535 0.0847457627118644 8.98 1.7 0.3100000000000001
0.998110481271535 0.08374875373878365 8.98 1.68 0.3200000000000001
0.998110481271535 0.08175473579262213 8.98 1.64 0.3300000000000001
0.998110481271535 0.08175473579262213 8.98 1.64 0.34000000000000014
0.998110481271535 0.07876370887337986 8.98 1.58 0.35000000000000014
0.998110481271535 0.07776669990029911 8.98 1.56 0.36000000000000015
0.998110481271535 0.07676969092721835 8.98 1.54 0.37000000000000016
0.998110481271535 0.07577268195413758 8.98 1.52 0.38000000000000017
0.998110481271535 0.07477567298105683 8.98 1.5 0.3900000000000002
0.998110481271535 0.07178464606181456 8.98 1.44 0.4000000000000002
0.998110481271535 0.0707876370887338 8.98 1.42 0.4100000000000002
0.998110481271535 0.06879361914257229 8.98 1.38 0.4200000000000002
0.998110481271535 0.06779661016949153 8.98 1.36 0.4300000000000002
0.998110481271535 0.06679960119641076 8.98 1.34 0.4400000000000002
0.998110481271535 0.06380857427716849 8.98 1.28 0.45000000000000023
0.998110481271535 0.06081754735792622 8.98 1.22 0.46000000000000024
0.998110481271535 0.058823529411764705 8.98 1.18 0.47000000000000025
0.998110481271535 0.05682951146560319 8.98 1.14 0.48000000000000026
0.998110481271535 0.053838484546360914 8.98 1.08 0.49000000000000027
0.998110481271535 0.053838484546360914 8.98 1.08 0.5000000000000002
0.998110481271535 0.05284147557328016 8.98 1.06 0.5100000000000002
0.998110481271535 0.05284147557328016 8.98 1.06 0.5200000000000002
0.998110481271535 0.05084745762711865 8.98 1.02 0.5300000000000002
0.998110481271535 0.049850448654037885 8.98 1.0 0.5400000000000003
0.998110481271535 0.049850448654037885 8.98 1.0 0.5500000000000003
0.998110481271535 0.049850448654037885 8.98 1.0 0.5600000000000003
0.998110481271535 0.049850448654037885 8.98 1.0 0.5700000000000003
0.998110481271535 0.04885343968095713 8.98 0.98 0.5800000000000003
0.998110481271535 0.04885343968095713 8.98 0.98 0.5900000000000003
0.998110481271535 0.04685942173479561 8.98 0.94 0.6000000000000003
0.998110481271535 0.04685942173479561 8.98 0.94 0.6100000000000003
0.998110481271535 0.04685942173479561 8.98 0.94 0.6200000000000003
0.998110481271535 0.0448654037886341 8.98 0.9 0.6300000000000003
0.998110481271535 0.04386839481555334 8.98 0.88 0.6400000000000003
0.998110481271535 0.04386839481555334 8.98 0.88 0.6500000000000004
0.998110481271535 0.04386839481555334 8.98 0.88 0.6600000000000004
0.998110481271535 0.04287138584247258 8.98 0.86 0.6700000000000004
0.998110481271535 0.03988035892323031 8.98 0.8 0.6800000000000004
0.9979993331110371 0.038883349950149554 8.979 0.78 0.6900000000000004
0.9979993331110371 0.03788634097706879 8.979 0.76 0.7000000000000004
0.9979993331110371 0.03489531405782652 8.979 0.7 0.7100000000000004
0.9979993331110371 0.02991026919242273 8.979 0.6 0.7200000000000004
0.9979993331110371 0.023928215353938187 8.979 0.48 0.7300000000000004
0.9979993331110371 0.02193419740777667 8.979 0.44 0.7400000000000004
0.9979993331110371 0.020937188434695914 8.979 0.42 0.7500000000000004
0.9979993331110371 0.015952143569292122 8.979 0.32 0.7600000000000005
0.9979993331110371 0.014955134596211365 8.979 0.3 0.7700000000000005
0.9979993331110371 0.013958125623130608 8.979 0.28 0.7800000000000005
0.9979993331110371 0.013958125623130608 8.979 0.28 0.7900000000000005
0.9979993331110371 0.01296111665004985 8.979 0.26 0.8000000000000005
0.9979993331110371 0.011964107676969093 8.979 0.24 0.8100000000000005
0.9979993331110371 0.010967098703888335 8.979 0.22 0.8200000000000005
0.9979993331110371 0.010967098703888335 8.979 0.22 0.8300000000000005
0.9979993331110371 0.009970089730807577 8.979 0.2 0.8400000000000005
0.9978881849505391 0.009970089730807577 8.978 0.2 0.8500000000000005
0.9978881849505391 0.007976071784646061 8.978 0.16 0.8600000000000005
0.9978881849505391 0.006979062811565304 8.978 0.14 0.8700000000000006
0.9978881849505391 0.004985044865403789 8.978 0.1 0.8800000000000006
0.9978881849505391 0.003988035892323031 8.978 0.08 0.8900000000000006
0.9978881849505391 0.0029910269192422734 8.978 0.06 0.9000000000000006
0.9978881849505391 9.970089730807576E-4 8.978 0.02 0.9100000000000006
0.9976658886295432 9.970089730807576E-4 8.976 0.02 0.9200000000000006
0.9975547404690452 0.0 8.975 0.0 0.9300000000000006
0.9975547404690452 0.0 8.975 0.0 0.9400000000000006
0.9974435923085473 0.0 8.974 0.0 0.9500000000000006
0.9971101478270534 0.0 8.971 0.0 0.9600000000000006
0.9967767033455597 0.0 8.968 0.0 0.9700000000000006
0.9965544070245638 0.0 8.966 0.0 0.9800000000000006
0.994109147493609 0.0 8.944 0.0 0.9900000000000007
0.0 0.0 0.0 0.0
