1.0 1.0 9.935 0.7433333333333333 0.0
1.0 0.5004484304932736 9.935 0.372 0.01
1.0 0.357847533632287 9.935 0.266 0.02
1.0 0.30852017937219733 9.935 0.22933333333333333 0.03
1.0 0.2789237668161435 9.935 0.20733333333333334 0.04
1.0 0.2609865470852018 9.935 0.194 0.05
1.0 0.23228699551569507 9.935 0.17266666666666666 0.060000000000000005
1.0 0.23228699551569507 9.935 0.17266666666666666 0.07
1.0 0.22242152466367712 9.935 0.16533333333333333 0.08
1.0 0.21614349775784752 9.935 0.16066666666666668 0.09
1.0 0.2116591928251121 9.935 0.15733333333333333 0.09999999999999999
1.0 0.20358744394618833 9.935 0.15133333333333332 0.10999999999999999
1.0 0.19910313901345292 9.935 0.148 0.11999999999999998
1.0 0.19641255605381167 9.935 0.146 0.12999999999999998
1.0 0.19461883408071748 9.935 0.14466666666666667 0.13999999999999999
1.0 0.19192825112107623 9.935 0.14266666666666666 0.15
1.0 0.18834080717488788 9.935 0.14 0.16
1.0 0.18116591928251122 9.935 0.13466666666666666 0.17
1.0 0.17040358744394618 9.935 0.12666666666666668 0.18000000000000002
1.0 0.16681614349775784 9.935 0.124 0.19000000000000003
1.0 0.16053811659192826 9.935 0.11933333333333333 0.20000000000000004
1.0 0.15874439461883408 9.935 0.118 0.21000000000000005
1.0 0.15784753363228698 9.935 0.11733333333333333 0.22000000000000006
1.0 0.15426008968609867 9.935 0.11466666666666667 0.23000000000000007
1.0 0.15336322869955157 9.935 0.114 0.24000000000000007
1.0 0.15246636771300448 9.935 0.11333333333333333 0.25000000000000006
1.0 0.15067264573991032 9.935 0.112 0.26000000000000006
1.0 0.14977578475336323 9.935 0.11133333333333334 0.2700000000000001
1.0 0.14887892376681613 9.935 0.11066666666666666 0.2800000000000001
1.0 0.14887892376681613 9.935 0.11066666666666666 0.2900000000000001
1.0 0.14887892376681613 9.935 0.11066666666666666 0.3000000000000001
1.0 0.14887892376681613 9.935 0.11066666666666666 0.3100000000000001
1.0 0.14887892376681613 9.935 0.11066666666666666 0.3200000000000001
1.0 0.14798206278026907 9.935 0.11 0.3300000000000001
1.0 0.14798206278026907 9.935 0.11 0.34000000000000014
1.0 0.14798206278026907 9.935 0.11 0.35000000000000014
1.0 0.14708520179372198 9.935 0.10933333333333334 0.36000000000000015
1.0 0.14708520179372198 9.935 0.10933333333333334 0.37000000000000016
1.0 0.14708520179372198 9.935 0.10933333333333334 0.38000000000000017
1.0 0.1452914798206278 9.935 0.108 0.3900000000000002
1.0 0.1452914798206278 9.935 0.108 0.4000000000000002
1.0 0.14260089686098654 9.935 0.106 0.4100000000000002
1.0 0.14080717488789238 9.935 0.10466666666666667 0.4200000000000002
1.0 0.13901345291479822 9.935 0.10333333333333333 0.4300000000000002
1.0 0.13632286995515694 9.935 0.10133333333333333 0.4400000000000002
1.0 0.1336322869955157 9.935 0.09933333333333333 0.45000000000000023
1.0 0.13273542600896862 9.935 0.09866666666666667 0.46000000000000024
1.0 0.12914798206278028 9.935 0.096 0.47000000000000025
1.0 0.12914798206278028 9.935 0.096 0.48000000000000026
1.0 0.12825112107623318 9.935 0.09533333333333334 0.49000000000000027
1.0 0.12466367713004484 9.935 0.09266666666666666 0.5000000000000002
1.0 0.12376681614349776 9.935 0.092 0.5100000000000002
1.0 0.12286995515695068 9.935 0.09133333333333334 0.5200000000000002
1.0 0.12197309417040358 9.935 0.09066666666666667 0.5300000000000002
1.0 0.1210762331838565 9.935 0.09 0.5400000000000003
1.0 0.12017937219730941 9.935 0.08933333333333333 0.5500000000000003
1.0 0.12017937219730941 9.935 0.08933333333333333 0.5600000000000003
1.0 0.12017937219730941 9.935 0.08933333333333333 0.5700000000000003
1.0 0.12017937219730941 9.935 0.08933333333333333 0.5800000000000003
1.0 0.11928251121076233 9.935 0.08866666666666667 0.5900000000000003
1.0 0.11928251121076233 9.935 0.08866666666666667 0.6000000000000003
1.0 0.11928251121076233 9.935 0.08866666666666667 0.6100000000000003
1.0 0.11928251121076233 9.935 0.08866666666666667 0.6200000000000003
1.0 0.11928251121076233 9.935 0.08866666666666667 0.6300000000000003
1.0 0.11928251121076233 9.935 0.08866666666666667 0.6400000000000003
1.0 0.11748878923766816 9.935 0.08733333333333333 0.6500000000000004
1.0 0.11659192825112108 9.935 0.08666666666666667 0.6600000000000004
1.0 0.11659192825112108 9.935 0.08666666666666667 0.6700000000000004
1.0 0.11569506726457399 9.935 0.086 0.6800000000000004
1.0 0.11569506726457399 9.935 0.086 0.6900000000000004
1.0 0.11390134529147983 9.935 0.08466666666666667 0.7000000000000004
1.0 0.11390134529147983 9.935 0.08466666666666667 0.7100000000000004
1.0 0.11210762331838565 9.935 0.08333333333333333 0.7200000000000004
1.0 0.11121076233183856 9.935 0.08266666666666667 0.7300000000000004
1.0 0.10852017937219731 9.935 0.08066666666666666 0.7400000000000004
1.0 0.10762331838565023 9.935 0.08 0.7500000000000004
1.0 0.10762331838565023 9.935 0.08 0.7600000000000005
1.0 0.10582959641255606 9.935 0.07866666666666666 0.7700000000000005
0.9997986914947157 0.10582959641255606 9.933 0.07866666666666666 0.7800000000000005
0.9997986914947157 0.10582959641255606 9.933 0.07866666666666666 0.7900000000000005
0.9996980372420735 0.10582959641255606 9.932 0.07866666666666666 0.8000000000000005
0.9993960744841469 0.10582959641255606 9.929 0.07866666666666666 0.8100000000000005
0.9989934574735783 0.10582959641255606 9.925 0.07866666666666666 0.8200000000000005
0.998288877705083 0.10582959641255606 9.918 0.07866666666666666 0.8300000000000005
0.9966784096628083 0.10493273542600896 9.902 0.078 0.8400000000000005
0.9936587820835431 0.10403587443946188 9.872 0.07733333333333334 0.8500000000000005
0.987820835430297 0.09955156950672646 9.814 0.074 0.8600000000000005
0.9809763462506291 0.0968609865470852 9.746 0.072 0.8700000000000006
0.9714141922496226 0.08609865470852018 9.651 0.064 0.8800000000000006
0.961248112732763 0.07533632286995516 9.55 0.056 0.8900000000000006
0.9477604428787116 0.06278026905829596 9.416 0.04666666666666667 0.9000000000000006
0.9349773527931555 0.05022421524663677 9.289 0.037333333333333336 0.9100000000000006
0.9247106190236537 0.03228699551569507 9.187 0.024 0.9200000000000006
0.9172622043281329 0.023318385650224215 9.113 0.017333333333333333 0.9300000000000006
0.9107196779063915 0.01883408071748879 9.048 0.014 0.9400000000000006
0.9071967790639155 0.017937219730941704 9.013 0.013333333333333334 0.9500000000000006
0.9054856567689985 0.017937219730941704 8.996 0.013333333333333334 0.9600000000000006
0.9046804227478611 0.017040358744394617 8.988 0.012666666666666666 0.9700000000000006
0.9044791142425768 0.016143497757847534 8.986 0.012 0.9800000000000006
0.9041771514846503 0.016143497757847534 8.983 0.012 0.9900000000000007
0.0 0.0 0.0 0.0
