1.0 1.0 17.994 28.65714285714286 0.0
0.9997777036790041 0.864406779661017 17.99 24.771428571428572 0.01
0.9997777036790041 0.7706879361914257 17.99 22.085714285714285 0.02
0.9997777036790041 0.7218344965104686 17.99 20.685714285714287 0.03
0.9996665555185061 0.6959122632103689 17.988 19.942857142857143 0.04
0.9995554073580082 0.6719840478564307 17.986 19.257142857142856 0.05
0.9995554073580082 0.6450648055832503 17.986 18.485714285714284 0.060000000000000005
0.9995554073580082 0.6450648055832503 17.986 18.485714285714284 0.07
0.9995554073580082 0.6291126620139581 17.986 18.02857142857143 0.08
0.9995554073580082 0.617148554336989 17.986 17.685714285714287 0.09
0.9995554073580082 0.6031904287138584 17.986 17.285714285714285 0.09999999999999999
0.9995554073580082 0.5992023928215354 17.986 17.17142857142857 0.10999999999999999
0.9995554073580082 0.5972083748753739 17.986 17.114285714285714 0.11999999999999998
0.9994442591975102 0.5922233300099701 17.984 16.97142857142857 0.12999999999999998
0.9994442591975102 0.5852442671984048 17.984 16.771428571428572 0.13999999999999999
0.9994442591975102 0.5832502492522432 17.984 16.714285714285715 0.15
0.9994442591975102 0.576271186440678 17.984 16.514285714285716 0.16
0.9994442591975102 0.5603190428713859 17.984 16.057142857142857 0.17
0.9994442591975102 0.5403788634097707 17.984 15.485714285714286 0.18000000000000002
0.9994442591975102 0.5314057826520439 17.984 15.228571428571428 0.19000000000000003
0.9994442591975102 0.5234297108673978 17.984 15.0 0.20000000000000004
0.9994442591975102 0.5074775672981057 17.984 14.542857142857143 0.21000000000000005
0.9994442591975102 0.5024925224327019 17.984 14.4 0.22000000000000006
0.9994442591975102 0.4945164506480558 17.984 14.17142857142857 0.23000000000000007
0.9994442591975102 0.48753738783649053 17.984 13.971428571428572 0.24000000000000007
0.9994442591975102 0.48454636091724823 17.984 13.885714285714286 0.25000000000000006
0.9994442591975102 0.48255234297108673 17.984 13.82857142857143 0.26000000000000006
0.9994442591975102 0.4785643070787637 17.984 13.714285714285714 0.2700000000000001
0.9994442591975102 0.4745762711864407 17.984 13.6 0.2800000000000001
0.9994442591975102 0.47258225324027914 17.984 13.542857142857143 0.2900000000000001
0.9994442591975102 0.4695912263210369 17.984 13.457142857142857 0.3000000000000001
0.9994442591975102 0.4626121635094716 17.984 13.257142857142858 0.3100000000000001
0.9994442591975102 0.46061814556331004 17.984 13.2 0.3200000000000001
0.9994442591975102 0.4546360917248255 17.984 13.028571428571428 0.3300000000000001
0.9994442591975102 0.45164506480558325 17.984 12.942857142857143 0.34000000000000014
0.9994442591975102 0.4506480558325025 17.984 12.914285714285715 0.35000000000000014
0.9994442591975102 0.4436689930209372 17.984 12.714285714285714 0.36000000000000015
0.9994442591975102 0.43668993020937186 17.984 12.514285714285714 0.37000000000000016
0.9994442591975102 0.4317048853439681 17.984 12.371428571428572 0.38000000000000017
0.9994442591975102 0.423728813559322 17.984 12.142857142857142 0.3900000000000002
0.9994442591975102 0.4147557328015952 17.984 11.885714285714286 0.4000000000000002
0.9993331110370124 0.4047856430707876 17.982 11.6 0.4100000000000002
0.9993331110370124 0.39082751744765704 17.982 11.2 0.4200000000000002
0.9993331110370124 0.38085742771684944 17.982 10.914285714285715 0.4300000000000002
0.9993331110370124 0.3728813559322034 17.982 10.685714285714285 0.4400000000000002
0.9993331110370124 0.3609172482552343 17.982 10.342857142857143 0.45000000000000023
0.9993331110370124 0.34995014955134596 17.982 10.028571428571428 0.46000000000000024
0.9993331110370124 0.3419740777666999 17.982 9.8 0.47000000000000025
0.9993331110370124 0.3320039880358923 17.982 9.514285714285714 0.48000000000000026
0.9993331110370124 0.3240279162512463 17.982 9.285714285714286 0.49000000000000027
0.9993331110370124 0.3200398803589232 17.982 9.17142857142857 0.5000000000000002
0.9993331110370124 0.31306081754735793 17.982 8.971428571428572 0.5100000000000002
0.9993331110370124 0.31106679960119643 17.982 8.914285714285715 0.5200000000000002
0.9993331110370124 0.3090727816550349 17.982 8.857142857142858 0.5300000000000002
0.9993331110370124 0.3090727816550349 17.982 8.857142857142858 0.5400000000000003
0.9992219628765144 0.3050847457627119 17.98 8.742857142857142 0.5500000000000003
0.9992219628765144 0.30309072781655033 17.98 8.685714285714285 0.5600000000000003
0.9992219628765144 0.3020937188434696 17.98 8.657142857142857 0.5700000000000003
0.9992219628765144 0.3020937188434696 17.98 8.657142857142857 0.5800000000000003
0.9992219628765144 0.29910269192422734 17.98 8.571428571428571 0.5900000000000003
0.9992219628765144 0.2971086739780658 17.98 8.514285714285714 0.6000000000000003
0.9992219628765144 0.2951146560319043 17.98 8.457142857142857 0.6100000000000003
0.9992219628765144 0.292123629112662 17.98 8.371428571428572 0.6200000000000003
0.9992219628765144 0.288135593220339 17.98 8.257142857142858 0.6300000000000003
0.9992219628765144 0.28614157527417744 17.98 8.2 0.6400000000000003
0.9992219628765144 0.2811565304087737 17.98 8.057142857142857 0.6500000000000004
0.9992219628765144 0.2761714855433699 17.98 7.914285714285715 0.6600000000000004
0.9992219628765144 0.26819541375872386 17.98 7.685714285714286 0.6700000000000004
0.9992219628765144 0.25623130608175476 17.98 7.3428571428571425 0.6800000000000004
0.9992219628765144 0.24925224327018944 17.98 7.142857142857143 0.6900000000000004
0.9992219628765144 0.23928215353938184 17.98 6.857142857142857 0.7000000000000004
0.9992219628765144 0.22333000997008973 17.98 6.4 0.7100000000000004
0.9992219628765144 0.2033898305084746 17.98 5.828571428571428 0.7200000000000004
0.9992219628765144 0.18843469591226322 17.98 5.4 0.7300000000000004
0.9992219628765144 0.17347956131605186 17.98 4.9714285714285715 0.7400000000000004
0.9992219628765144 0.15653040877367896 17.98 4.485714285714286 0.7500000000000004
0.9992219628765144 0.14755732801595214 17.98 4.228571428571429 0.7600000000000005
0.9992219628765144 0.13260219341974078 17.98 3.8 0.7700000000000005
0.9992219628765144 0.12163509471585245 17.98 3.4857142857142858 0.7800000000000005
0.9991108147160165 0.11465603190428714 17.978 3.2857142857142856 0.7900000000000005
0.9989996665555185 0.10867397806580259 17.976 3.1142857142857143 0.8000000000000005
0.9988885183950206 0.10468594217347957 17.974 3.0 0.8100000000000005
0.9988885183950206 0.10269192422731804 17.974 2.942857142857143 0.8200000000000005
0.9984439257530288 0.09970089730807577 17.966 2.857142857142857 0.8300000000000005
0.9982216294320329 0.09770687936191426 17.962 2.8 0.8400000000000005
0.9972212959875514 0.09471585244267199 17.944 2.7142857142857144 0.8500000000000005
0.9957763699010781 0.08673978065802593 17.918 2.4857142857142858 0.8600000000000005
0.9946648882960987 0.07976071784646062 17.898 2.2857142857142856 0.8700000000000006
0.9925530732466378 0.07577268195413758 17.86 2.1714285714285713 0.8800000000000006
0.9897743692341892 0.06679960119641076 17.81 1.9142857142857144 0.8900000000000006
0.9859953317772591 0.047856430707876374 17.742 1.3714285714285714 0.9000000000000006
0.9817717016783373 0.031904287138584245 17.666 0.9142857142857143 0.9100000000000006
0.9779926642214072 0.022931206380857428 17.598 0.6571428571428571 0.9200000000000006
0.9739913304434812 0.007976071784646061 17.526 0.22857142857142856 0.9300000000000006
0.9708791819495387 0.0029910269192422734 17.47 0.08571428571428572 0.9400000000000006
0.9688785150605758 9.970089730807576E-4 17.434 0.02857142857142857 0.9500000000000006
0.9650994776036457 9.970089730807576E-4 17.366 0.02857142857142857 0.9600000000000006
0.9609869956652217 9.970089730807576E-4 17.292 0.02857142857142857 0.9700000000000006
0.9519839946648883 9.970089730807576E-4 17.13 0.02857142857142857 0.9800000000000006
0.9219739913304434 9.970089730807576E-4 16.59 0.02857142857142857 0.9900000000000007
0.0 0.0 0.0 0.0
