1.0 1.0 17.994 66.86666666666666 0.0
1.0 0.8783649052841476 17.994 58.733333333333334 0.01
1.0 0.7806580259222333 17.994 52.2 0.02
1.0 0.715852442671984 17.994 47.86666666666667 0.03
1.0 0.6739780658025922 17.994 45.06666666666667 0.04
1.0 0.6360917248255235 17.994 42.53333333333333 0.05
1.0 0.5982053838484547 17.994 40.0 0.060000000000000005
1.0 0.5982053838484547 17.994 40.0 0.07
1.0 0.5742771684945165 17.994 38.4 0.08
1.0 0.5623130608175474 17.994 37.6 0.09
1.0 0.5523429710867398 17.994 36.93333333333333 0.09999999999999999
1.0 0.543369890329013 17.994 36.333333333333336 0.10999999999999999
1.0 0.5373878364905285 17.994 35.93333333333333 0.11999999999999998
1.0 0.5284147557328016 17.994 35.333333333333336 0.12999999999999998
1.0 0.518444666001994 17.994 34.666666666666664 0.13999999999999999
1.0 0.5094715852442672 17.994 34.06666666666667 0.15
1.0 0.5004985044865404 17.994 33.46666666666667 0.16
1.0 0.48554336989032904 17.994 32.46666666666667 0.17
1.0 0.46061814556331004 17.994 30.8 0.18000000000000002
1.0 0.4506480558325025 17.994 30.133333333333333 0.19000000000000003
1.0 0.44167497507477566 17.994 29.533333333333335 0.20000000000000004
1.0 0.42971086739780656 17.994 28.733333333333334 0.21000000000000005
1.0 0.419740777666999 17.994 28.066666666666666 0.22000000000000006
1.0 0.41575274177467597 17.994 27.8 0.23000000000000007
1.0 0.4047856430707876 17.994 27.066666666666666 0.24000000000000007
1.0 0.40279162512462613 17.994 26.933333333333334 0.25000000000000006
1.0 0.40079760717846463 17.994 26.8 0.26000000000000006
1.0 0.3968095712861416 17.994 26.533333333333335 0.2700000000000001
1.0 0.3948155533399801 17.994 26.4 0.2800000000000001
1.0 0.3898305084745763 17.994 26.066666666666666 0.2900000000000001
1.0 0.38783649052841473 17.994 25.933333333333334 0.3000000000000001
1.0 0.382851445663011 17.994 25.6 0.3100000000000001
1.0 0.3818544366899302 17.994 25.533333333333335 0.3200000000000001
1.0 0.38085742771684944 17.994 25.466666666666665 0.3300000000000001
1.0 0.3728813559322034 17.994 24.933333333333334 0.34000000000000014
1.0 0.3708873379860419 17.994 24.8 0.35000000000000014
1.0 0.36689930209371885 17.994 24.533333333333335 0.36000000000000015
1.0 0.35992023928215355 17.994 24.066666666666666 0.37000000000000016
1.0 0.35692921236291125 17.994 23.866666666666667 0.38000000000000017
1.0 0.3489531405782652 17.994 23.333333333333332 0.3900000000000002
1.0 0.3439680957128614 17.994 23.0 0.4000000000000002
1.0 0.3320039880358923 17.994 22.2 0.4100000000000002
1.0 0.32901296111665007 17.994 22.0 0.4200000000000002
1.0 0.3160518444666002 17.994 21.133333333333333 0.4300000000000002
1.0 0.3020937188434696 17.994 20.2 0.4400000000000002
1.0 0.2931206380857428 17.994 19.6 0.45000000000000023
1.0 0.28713858424725824 17.994 19.2 0.46000000000000024
1.0 0.27916251246261214 17.994 18.666666666666668 0.47000000000000025
1.0 0.2731804586241276 17.994 18.266666666666666 0.48000000000000026
1.0 0.26819541375872386 17.994 17.933333333333334 0.49000000000000027
1.0 0.25822532402791626 17.994 17.266666666666666 0.5000000000000002
1.0 0.2522432701894317 17.994 16.866666666666667 0.5100000000000002
1.0 0.2502492522432702 17.994 16.733333333333334 0.5200000000000002
1.0 0.2502492522432702 17.994 16.733333333333334 0.5300000000000002
1.0 0.24825523429710866 17.994 16.6 0.5400000000000003
1.0 0.24626121635094717 17.994 16.466666666666665 0.5500000000000003
1.0 0.24426719840478564 17.994 16.333333333333332 0.5600000000000003
1.0 0.24426719840478564 17.994 16.333333333333332 0.5700000000000003
1.0 0.2432701894317049 17.994 16.266666666666666 0.5800000000000003
1.0 0.24227318045862412 17.994 16.2 0.5900000000000003
1.0 0.24127617148554337 17.994 16.133333333333333 0.6000000000000003
1.0 0.2382851445663011 17.994 15.933333333333334 0.6100000000000003
1.0 0.23629112662013957 17.994 15.8 0.6200000000000003
1.0 0.23529411764705882 17.994 15.733333333333333 0.6300000000000003
1.0 0.2333000997008973 17.994 15.6 0.6400000000000003
1.0 0.23230309072781655 17.994 15.533333333333333 0.6500000000000004
1.0 0.22931206380857427 17.994 15.333333333333334 0.6600000000000004
1.0 0.2213359920239282 17.994 14.8 0.6700000000000004
1.0 0.21535393818544366 17.994 14.4 0.6800000000000004
1.0 0.20638085742771686 17.994 13.8 0.6900000000000004
1.0 0.19541375872382852 17.994 13.066666666666666 0.7000000000000004
1.0 0.18245264207377868 17.994 12.2 0.7100000000000004
1.0 0.17347956131605186 17.994 11.6 0.7200000000000004
1.0 0.1674975074775673 17.994 11.2 0.7300000000000004
1.0 0.1585244267198405 17.994 10.6 0.7400000000000004
1.0 0.14755732801595214 17.994 9.866666666666667 0.7500000000000004
1.0 0.14057826520438685 17.994 9.4 0.7600000000000005
1.0 0.12861415752741776 17.994 8.6 0.7700000000000005
1.0 0.12462612163509472 17.994 8.333333333333334 0.7800000000000005
1.0 0.11764705882352941 17.994 7.866666666666666 0.7900000000000005
1.0 0.10667996011964108 17.994 7.133333333333334 0.8000000000000005
1.0 0.10269192422731804 17.994 6.866666666666666 0.8100000000000005
1.0 0.10069790628115653 17.994 6.733333333333333 0.8200000000000005
1.0 0.0967098703888335 17.994 6.466666666666667 0.8300000000000005
0.9997777036790041 0.09371884346959122 17.99 6.266666666666667 0.8400000000000005
0.9994442591975102 0.09072781655034895 17.984 6.066666666666666 0.8500000000000005
0.9986662220740247 0.08374875373878365 17.97 5.6 0.8600000000000005
0.9977770367900411 0.07776669990029911 17.954 5.2 0.8700000000000006
0.9964432588640658 0.07178464606181456 17.93 4.8 0.8800000000000006
0.9943314438146049 0.06480558325024925 17.892 4.333333333333333 0.8900000000000006
0.9928865177281316 0.05284147557328016 17.866 3.533333333333333 0.9000000000000006
0.9907747026786706 0.04187437686939183 17.828 2.8 0.9100000000000006
0.9889963321107036 0.03589232303090728 17.796 2.4 0.9200000000000006
0.9866622207402468 0.023928215353938187 17.754 1.6 0.9300000000000006
0.9848838501722796 0.020937188434695914 17.722 1.4 0.9400000000000006
0.9838835167277982 0.019940179461615155 17.704 1.3333333333333333 0.9500000000000006
0.9816605535178393 0.019940179461615155 17.664 1.3333333333333333 0.9600000000000006
0.9792152939868846 0.019940179461615155 17.62 1.3333333333333333 0.9700000000000006
0.9736578859619873 0.019940179461615155 17.52 1.3333333333333333 0.9800000000000006
0.9560964766033122 0.019940179461615155 17.204 1.3333333333333333 0.9900000000000007
0.0 0.0 0.0 0.0
