1.0 1.0 44.985 10.557894736842105 0.0
1.0 0.9850448654037887 44.985 10.4 0.01
1.0 0.9680957128614157 44.985 10.221052631578948 0.02
1.0 0.9471585244267199 44.985 10.0 0.03
1.0 0.9371884346959123 44.985 9.894736842105264 0.04
1.0 0.9252243270189432 44.985 9.76842105263158 0.05
1.0 0.9112662013958126 44.985 9.621052631578948 0.060000000000000005
1.0 0.9112662013958126 44.985 9.621052631578948 0.07
1.0 0.905284147557328 44.985 9.557894736842105 0.08
1.0 0.8973080757726819 44.985 9.473684210526315 0.09
1.0 0.8963110667996012 44.985 9.463157894736842 0.09999999999999999
1.0 0.8923230309072782 44.985 9.421052631578947 0.10999999999999999
1.0 0.8903290129611167 44.985 9.4 0.11999999999999998
1.0 0.8893320039880359 44.985 9.389473684210527 0.12999999999999998
1.0 0.8863409770687937 44.985 9.357894736842105 0.13999999999999999
1.0 0.8833499501495513 44.985 9.326315789473684 0.15
1.0 0.8763708873379861 44.985 9.25263157894737 0.16
1.0 0.8664007976071785 44.985 9.147368421052631 0.17
1.0 0.8484546360917248 44.985 8.957894736842105 0.18000000000000002
1.0 0.8334995014955134 44.985 8.8 0.19000000000000003
1.0 0.827517447657029 44.985 8.736842105263158 0.20000000000000004
1.0 0.8195413758723828 44.985 8.652631578947368 0.21000000000000005
1.0 0.8125623130608175 44.985 8.578947368421053 0.22000000000000006
1.0 0.810568295114656 44.985 8.557894736842105 0.23000000000000007
1.0 0.810568295114656 44.985 8.557894736842105 0.24000000000000007
1.0 0.8095712861415753 44.985 8.547368421052632 0.25000000000000006
1.0 0.8085742771684945 44.985 8.536842105263158 0.26000000000000006
1.0 0.8085742771684945 44.985 8.536842105263158 0.2700000000000001
1.0 0.8075772681954138 44.985 8.526315789473685 0.2800000000000001
1.0 0.8075772681954138 44.985 8.526315789473685 0.2900000000000001
1.0 0.8075772681954138 44.985 8.526315789473685 0.3000000000000001
1.0 0.806580259222333 44.985 8.51578947368421 0.3100000000000001
1.0 0.806580259222333 44.985 8.51578947368421 0.3200000000000001
1.0 0.8055832502492523 44.985 8.505263157894737 0.3300000000000001
1.0 0.8045862412761715 44.985 8.494736842105263 0.34000000000000014
1.0 0.8035892323030908 44.985 8.48421052631579 0.35000000000000014
1.0 0.8015952143569293 44.985 8.463157894736842 0.36000000000000015
1.0 0.7976071784646062 44.985 8.421052631578947 0.37000000000000016
1.0 0.7926221335992024 44.985 8.368421052631579 0.38000000000000017
1.0 0.7906281156530409 44.985 8.347368421052632 0.3900000000000002
1.0 0.7846460618145563 44.985 8.284210526315789 0.4000000000000002
1.0 0.7786640079760718 44.985 8.221052631578948 0.4100000000000002
1.0 0.7706879361914257 44.985 8.136842105263158 0.4200000000000002
1.0 0.7637088733798604 44.985 8.063157894736841 0.4300000000000002
1.0 0.7557328015952144 44.985 7.978947368421053 0.4400000000000002
1.0 0.748753738783649 44.985 7.905263157894737 0.45000000000000023
1.0 0.7387836490528414 44.985 7.8 0.46000000000000024
1.0 0.7308075772681955 44.985 7.71578947368421 0.47000000000000025
1.0 0.7248255234297108 44.985 7.652631578947369 0.48000000000000026
1.0 0.7228315054835494 44.985 7.631578947368421 0.49000000000000027
1.0 0.7208374875373879 44.985 7.610526315789474 0.5000000000000002
1.0 0.7198404785643071 44.985 7.6 0.5100000000000002
1.0 0.715852442671984 44.985 7.557894736842106 0.5200000000000002
1.0 0.7138584247258225 44.985 7.536842105263158 0.5300000000000002
1.0 0.7138584247258225 44.985 7.536842105263158 0.5400000000000003
1.0 0.711864406779661 44.985 7.515789473684211 0.5500000000000003
1.0 0.711864406779661 44.985 7.515789473684211 0.5600000000000003
1.0 0.711864406779661 44.985 7.515789473684211 0.5700000000000003
1.0 0.7108673978065803 44.985 7.505263157894737 0.5800000000000003
1.0 0.7108673978065803 44.985 7.505263157894737 0.5900000000000003
1.0 0.7108673978065803 44.985 7.505263157894737 0.6000000000000003
1.0 0.7098703888334995 44.985 7.494736842105263 0.6100000000000003
1.0 0.7098703888334995 44.985 7.494736842105263 0.6200000000000003
1.0 0.7058823529411765 44.985 7.4526315789473685 0.6300000000000003
1.0 0.7008973080757727 44.985 7.4 0.6400000000000003
1.0 0.6969092721834497 44.985 7.3578947368421055 0.6500000000000004
1.0 0.6819541375872383 44.985 7.2 0.6600000000000004
1.0 0.6719840478564307 44.985 7.094736842105263 0.6700000000000004
1.0 0.6580259222333001 44.985 6.947368421052632 0.6800000000000004
1.0 0.6400797607178464 44.985 6.757894736842105 0.6900000000000004
1.0 0.6201395812562313 44.985 6.5473684210526315 0.7000000000000004
1.0 0.6011964107676969 44.985 6.347368421052631 0.7100000000000004
1.0 0.580259222333001 44.985 6.126315789473685 0.7200000000000004
1.0 0.5633100697906281 44.985 5.947368421052632 0.7300000000000004
1.0 0.5443668993020937 44.985 5.747368421052632 0.7400000000000004
1.0 0.5154536390827518 44.985 5.442105263157894 0.7500000000000004
1.0 0.4995014955134596 44.985 5.273684210526316 0.7600000000000005
0.999888851839502 0.48554336989032904 44.98 5.126315789473685 0.7700000000000005
0.999888851839502 0.4785643070787637 44.98 5.052631578947368 0.7800000000000005
0.999888851839502 0.4675972083748754 44.98 4.936842105263158 0.7900000000000005
0.9995554073580082 0.4576271186440678 44.965 4.831578947368421 0.8000000000000005
0.9989996665555185 0.4506480558325025 44.94 4.757894736842105 0.8100000000000005
0.998110481271535 0.4476570289132602 44.9 4.726315789473684 0.8200000000000005
0.9956652217405801 0.43968095712861416 44.79 4.6421052631578945 0.8300000000000005
0.9925530732466378 0.42971086739780656 44.65 4.536842105263158 0.8400000000000005
0.9851061464932755 0.4217347956131605 44.315 4.4526315789473685 0.8500000000000005
0.9744359230854729 0.39980059820538383 43.835 4.221052631578948 0.8600000000000005
0.9596532177392464 0.3698903290129611 43.17 3.905263157894737 0.8700000000000006
0.9402022896521063 0.3439680957128614 42.295 3.6315789473684212 0.8800000000000006
0.9144159164165833 0.29810568295114653 41.135 3.1473684210526316 0.8900000000000006
0.8869623207735912 0.25822532402791626 39.9 2.7263157894736842 0.9000000000000006
0.8583972435256196 0.1984047856430708 38.615 2.094736842105263 0.9100000000000006
0.8351672779815494 0.15952143569292124 37.57 1.6842105263157894 0.9200000000000006
0.8172724241413805 0.12362911266201396 36.765 1.305263157894737 0.9300000000000006
0.800377903745693 0.10568295114656032 36.005 1.1157894736842104 0.9400000000000006
0.7881516060909192 0.09970089730807577 35.455 1.0526315789473684 0.9500000000000006
0.7802600866955652 0.09371884346959122 35.1 0.9894736842105263 0.9600000000000006
0.7655885295098366 0.09371884346959122 34.44 0.9894736842105263 0.9700000000000006
0.7354673780148938 0.09371884346959122 33.085 0.9894736842105263 0.9800000000000006
0.6352117372457485 0.09371884346959122 28.575 0.9894736842105263 0.9900000000000007
0.0 0.0 0.0 0.0
