1.0 1.0 44.985 20.06 0.0
1.0 0.9860418743768694 44.985 19.78 0.01
1.0 0.9690927218344965 44.985 19.44 0.02
1.0 0.9561316051844466 44.985 19.18 0.03
1.0 0.9451645064805583 44.985 18.96 0.04
1.0 0.9332003988035892 44.985 18.72 0.05
1.0 0.9192422731804586 44.985 18.44 0.060000000000000005
1.0 0.9192422731804586 44.985 18.44 0.07
1.0 0.9122632103688934 44.985 18.3 0.08
1.0 0.9032901296111665 44.985 18.12 0.09
1.0 0.901296111665005 44.985 18.08 0.09999999999999999
1.0 0.8993020937188435 44.985 18.04 0.10999999999999999
1.0 0.8953140578265204 44.985 17.96 0.11999999999999998
1.0 0.8903290129611167 44.985 17.86 0.12999999999999998
1.0 0.8883349950149552 44.985 17.82 0.13999999999999999
1.0 0.8803589232303091 44.985 17.66 0.15
1.0 0.8693918245264207 44.985 17.44 0.16
1.0 0.8664007976071785 44.985 17.38 0.17
1.0 0.8544366899302094 44.985 17.14 0.18000000000000002
1.0 0.8484546360917248 44.985 17.02 0.19000000000000003
1.0 0.8424725822532403 44.985 16.9 0.20000000000000004
1.0 0.8364905284147557 44.985 16.78 0.21000000000000005
1.0 0.8305084745762712 44.985 16.66 0.22000000000000006
1.0 0.8295114656031904 44.985 16.64 0.23000000000000007
1.0 0.8255234297108675 44.985 16.56 0.24000000000000007
1.0 0.8245264207377866 44.985 16.54 0.25000000000000006
1.0 0.8235294117647058 44.985 16.52 0.26000000000000006
1.0 0.8215353938185443 44.985 16.48 0.2700000000000001
1.0 0.8215353938185443 44.985 16.48 0.2800000000000001
1.0 0.8215353938185443 44.985 16.48 0.2900000000000001
1.0 0.8195413758723828 44.985 16.44 0.3000000000000001
1.0 0.8195413758723828 44.985 16.44 0.3100000000000001
1.0 0.8185443668993021 44.985 16.42 0.3200000000000001
1.0 0.8155533399800599 44.985 16.36 0.3300000000000001
1.0 0.8145563310069791 44.985 16.34 0.34000000000000014
1.0 0.8135593220338984 44.985 16.32 0.35000000000000014
1.0 0.8095712861415753 44.985 16.24 0.36000000000000015
1.0 0.8045862412761715 44.985 16.14 0.37000000000000016
1.0 0.7996011964107677 44.985 16.04 0.38000000000000017
1.0 0.7906281156530409 44.985 15.86 0.3900000000000002
1.0 0.7826520438683948 44.985 15.7 0.4000000000000002
1.0 0.7756729810568295 44.985 15.56 0.4100000000000002
1.0 0.765702891326022 44.985 15.36 0.4200000000000002
1.0 0.7607178464606181 44.985 15.26 0.4300000000000002
1.0 0.7547357926221336 44.985 15.14 0.4400000000000002
1.0 0.7507477567298105 44.985 15.06 0.45000000000000023
1.0 0.7387836490528414 44.985 14.82 0.46000000000000024
1.0 0.732801595214357 44.985 14.7 0.47000000000000025
1.0 0.7278165503489531 44.985 14.6 0.48000000000000026
1.0 0.7238285144566301 44.985 14.52 0.49000000000000027
1.0 0.7238285144566301 44.985 14.52 0.5000000000000002
1.0 0.7198404785643071 44.985 14.44 0.5100000000000002
1.0 0.715852442671984 44.985 14.36 0.5200000000000002
1.0 0.711864406779661 44.985 14.28 0.5300000000000002
1.0 0.7068793619142573 44.985 14.18 0.5400000000000003
1.0 0.7038883349950149 44.985 14.12 0.5500000000000003
1.0 0.6999002991026919 44.985 14.04 0.5600000000000003
1.0 0.6969092721834497 44.985 13.98 0.5700000000000003
1.0 0.6949152542372882 44.985 13.94 0.5800000000000003
1.0 0.6899302093718843 44.985 13.84 0.5900000000000003
1.0 0.6889332003988036 44.985 13.82 0.6000000000000003
1.0 0.6859421734795613 44.985 13.76 0.6100000000000003
1.0 0.6839481555333998 44.985 13.72 0.6200000000000003
1.0 0.6759720837487537 44.985 13.56 0.6300000000000003
1.0 0.6729810568295115 44.985 13.5 0.6400000000000003
1.0 0.6669990029910269 44.985 13.38 0.6500000000000004
1.0 0.6560319042871385 44.985 13.16 0.6600000000000004
1.0 0.6470588235294118 44.985 12.98 0.6700000000000004
1.0 0.6321036889332003 44.985 12.68 0.6800000000000004
1.0 0.6241276171485544 44.985 12.52 0.6900000000000004
1.0 0.6101694915254238 44.985 12.24 0.7000000000000004
1.0 0.5792622133599202 44.985 11.62 0.7100000000000004
1.0 0.5473579262213359 44.985 10.98 0.7200000000000004
1.0 0.5214356929212363 44.985 10.46 0.7300000000000004
1.0 0.49252243270189433 44.985 9.88 0.7400000000000004
1.0 0.46859421734795614 44.985 9.4 0.7500000000000004
1.0 0.4476570289132602 44.985 8.98 0.7600000000000005
1.0 0.42971086739780656 44.985 8.62 0.7700000000000005
1.0 0.4147557328015952 44.985 8.32 0.7800000000000005
1.0 0.4037886340977069 44.985 8.1 0.7900000000000005
0.9996665555185061 0.3938185443668993 44.97 7.9 0.8000000000000005
0.9993331110370124 0.38584247258225324 44.955 7.74 0.8100000000000005
0.9989996665555185 0.38085742771684944 44.94 7.64 0.8200000000000005
0.9971101478270534 0.3728813559322034 44.855 7.48 0.8300000000000005
0.9935534066911192 0.3659022931206381 44.695 7.34 0.8400000000000005
0.9882182949872179 0.35692921236291125 44.455 7.16 0.8500000000000005
0.9799933311103701 0.32901296111665007 44.085 6.6 0.8600000000000005
0.9666555518506169 0.3050847457627119 43.485 6.12 0.8700000000000006
0.9472046237634767 0.27716849451645065 42.61 5.56 0.8800000000000006
0.9257530287873735 0.24027916251246262 41.645 4.82 0.8900000000000006
0.9020784706013115 0.1864406779661017 40.58 3.74 0.9000000000000006
0.8789596532177393 0.13858424725822532 39.54 2.78 0.9100000000000006
0.8580637990441258 0.1036889332003988 38.6 2.08 0.9200000000000006
0.8409469823274425 0.07377866400797607 37.83 1.48 0.9300000000000006
0.8262754251417139 0.06081754735792622 37.17 1.22 0.9400000000000006
0.8129376458819606 0.04885343968095713 36.57 0.98 0.9500000000000006
0.8032677559186395 0.040877367896311065 36.135 0.82 0.9600000000000006
0.7875958652884295 0.040877367896311065 35.43 0.82 0.9700000000000006
0.7498054907191286 0.040877367896311065 33.73 0.82 0.9800000000000006
0.6615538512837612 0.03988035892323031 29.76 0.8 0.9900000000000007
0.0 0.0 0.0 0.0
