1.0 1.0 17.994 200.6 0.0
1.0 0.8554336989032901 17.994 171.6 0.01
1.0 0.7587238285144566 17.994 152.2 0.02
1.0 0.7248255234297108 17.994 145.4 0.03
1.0 0.6919242273180458 17.994 138.8 0.04
1.0 0.6660019940179461 17.994 133.6 0.05
1.0 0.6221335992023929 17.994 124.8 0.060000000000000005
1.0 0.6221335992023929 17.994 124.8 0.07
1.0 0.6081754735792622 17.994 122.0 0.08
1.0 0.5882352941176471 17.994 118.0 0.09
1.0 0.5772681954137587 17.994 115.8 0.09999999999999999
1.0 0.5643070787637089 17.994 113.2 0.10999999999999999
1.0 0.5583250249252243 17.994 112.0 0.11999999999999998
1.0 0.5493519441674976 17.994 110.2 0.12999999999999998
1.0 0.5443668993020937 17.994 109.2 0.13999999999999999
1.0 0.5403788634097707 17.994 108.4 0.15
1.0 0.5343968095712861 17.994 107.2 0.16
1.0 0.5264207377866401 17.994 105.6 0.17
1.0 0.5134596211365903 17.994 103.0 0.18000000000000002
1.0 0.5024925224327019 17.994 100.8 0.19000000000000003
1.0 0.4915254237288136 17.994 98.6 0.20000000000000004
1.0 0.4835493519441675 17.994 97.0 0.21000000000000005
1.0 0.4795613160518445 17.994 96.2 0.22000000000000006
1.0 0.4765702891326022 17.994 95.6 0.23000000000000007
1.0 0.4675972083748754 17.994 93.8 0.24000000000000007
1.0 0.46360917248255235 17.994 93.0 0.25000000000000006
1.0 0.46061814556331004 17.994 92.4 0.26000000000000006
1.0 0.46061814556331004 17.994 92.4 0.2700000000000001
1.0 0.45663010967098705 17.994 91.6 0.2800000000000001
1.0 0.4546360917248255 17.994 91.2 0.2900000000000001
1.0 0.4546360917248255 17.994 91.2 0.3000000000000001
1.0 0.452642073778664 17.994 90.8 0.3100000000000001
1.0 0.4506480558325025 17.994 90.4 0.3200000000000001
1.0 0.44865403788634095 17.994 90.0 0.3300000000000001
1.0 0.44466600199401796 17.994 89.2 0.34000000000000014
1.0 0.44167497507477566 17.994 88.6 0.35000000000000014
1.0 0.43768693918245266 17.994 87.8 0.36000000000000015
1.0 0.4336989032901296 17.994 87.0 0.37000000000000016
1.0 0.42971086739780656 17.994 86.2 0.38000000000000017
1.0 0.4247258225324028 17.994 85.2 0.3900000000000002
1.0 0.4187437686939183 17.994 84.0 0.4000000000000002
1.0 0.4087736789631107 17.994 82.0 0.4100000000000002
1.0 0.40079760717846463 17.994 80.4 0.4200000000000002
1.0 0.38783649052841473 17.994 77.8 0.4300000000000002
1.0 0.382851445663011 17.994 76.8 0.4400000000000002
1.0 0.37587238285144564 17.994 75.4 0.45000000000000023
1.0 0.3678963110667996 17.994 73.8 0.46000000000000024
1.0 0.36191425722831505 17.994 72.6 0.47000000000000025
1.0 0.35493519441674976 17.994 71.2 0.48000000000000026
1.0 0.353938185443669 17.994 71.0 0.49000000000000027
1.0 0.3469591226321037 17.994 69.6 0.5000000000000002
1.0 0.3349950149551346 17.994 67.2 0.5100000000000002
1.0 0.3320039880358923 17.994 66.6 0.5200000000000002
1.0 0.3300099700897308 17.994 66.2 0.5300000000000002
1.0 0.325024925224327 17.994 65.2 0.5400000000000003
1.0 0.3190428713858425 17.994 64.0 0.5500000000000003
1.0 0.317048853439681 17.994 63.6 0.5600000000000003
1.0 0.3140578265204387 17.994 63.0 0.5700000000000003
1.0 0.31306081754735793 17.994 62.8 0.5800000000000003
1.0 0.3090727816550349 17.994 62.0 0.5900000000000003
1.0 0.30807577268195413 17.994 61.8 0.6000000000000003
1.0 0.3040877367896311 17.994 61.0 0.6100000000000003
1.0 0.3000997008973081 17.994 60.2 0.6200000000000003
1.0 0.29611166500498504 17.994 59.4 0.6300000000000003
1.0 0.2901296111665005 17.994 58.2 0.6400000000000003
1.0 0.28913260219341974 17.994 58.0 0.6500000000000004
1.0 0.28015952143569295 17.994 56.2 0.6600000000000004
1.0 0.27716849451645065 17.994 55.6 0.6700000000000004
1.0 0.26819541375872386 17.994 53.8 0.6800000000000004
1.0 0.25324027916251246 17.994 50.8 0.6900000000000004
1.0 0.25124626121635096 17.994 50.4 0.7000000000000004
1.0 0.23728813559322035 17.994 47.6 0.7100000000000004
1.0 0.22033898305084745 17.994 44.2 0.7200000000000004
1.0 0.21036889332003988 17.994 42.2 0.7300000000000004
1.0 0.19740777666999004 17.994 39.6 0.7400000000000004
1.0 0.18444666001994017 17.994 37.0 0.7500000000000004
1.0 0.17347956131605186 17.994 34.8 0.7600000000000005
1.0 0.16350947158524426 17.994 32.8 0.7700000000000005
1.0 0.15653040877367896 17.994 31.4 0.7800000000000005
1.0 0.14755732801595214 17.994 29.6 0.7900000000000005
1.0 0.1415752741774676 17.994 28.4 0.8000000000000005
1.0 0.13758723828514458 17.994 27.6 0.8100000000000005
0.9997777036790041 0.1345962113659023 17.99 27.0 0.8200000000000005
0.9996665555185061 0.12462612163509472 17.988 25.0 0.8300000000000005
0.9994442591975102 0.11864406779661017 17.984 23.8 0.8400000000000005
0.9989996665555185 0.11365902293120637 17.976 22.8 0.8500000000000005
0.9975547404690452 0.1036889332003988 17.95 20.8 0.8600000000000005
0.9955540735800823 0.09571286141575275 17.914 19.2 0.8700000000000006
0.9934422585306213 0.0897308075772682 17.876 18.0 0.8800000000000006
0.9913304434811604 0.08275174476570289 17.838 16.6 0.8900000000000006
0.9888851839502056 0.07178464606181456 17.794 14.4 0.9000000000000006
0.9859953317772591 0.05782652043868395 17.742 11.6 0.9100000000000006
0.9844392575302878 0.04685942173479561 17.714 9.4 0.9200000000000006
0.9824385906413249 0.03389830508474576 17.678 6.8 0.9300000000000006
0.9807713682338557 0.028913260219341975 17.648 5.8 0.9400000000000006
0.9793264421473825 0.022931206380857428 17.622 4.6 0.9500000000000006
0.9765477381349339 0.019940179461615155 17.572 4.0 0.9600000000000006
0.9725464043570079 0.01694915254237288 17.5 3.4 0.9700000000000006
0.9637656996776703 0.010967098703888335 17.342 2.2 0.9800000000000006
0.9366455485161721 0.004985044865403789 16.854 1.0 0.9900000000000007
0.0 0.0 0.0 0.0
