1.0 1.0 29.99 20.06 0.0
1.0 0.9680957128614157 29.99 19.42 0.01
1.0 0.9212362911266201 29.99 18.48 0.02
1.0 0.8973080757726819 29.99 18.0 0.03
1.0 0.8763708873379861 29.99 17.58 0.04
1.0 0.8554336989032901 29.99 17.16 0.05
1.0 0.8305084745762712 29.99 16.66 0.060000000000000005
1.0 0.8305084745762712 29.99 16.66 0.07
1.0 0.8255234297108675 29.99 16.56 0.08
1.0 0.8125623130608175 29.99 16.3 0.09
1.0 0.80259222333001 29.99 16.1 0.09999999999999999
1.0 0.7916251246261217 29.99 15.88 0.10999999999999999
1.0 0.7876370887337986 29.99 15.8 0.11999999999999998
1.0 0.7816550348953141 29.99 15.68 0.12999999999999998
1.0 0.773678963110668 29.99 15.52 0.13999999999999999
1.0 0.769690927218345 29.99 15.44 0.15
1.0 0.7617148554336989 29.99 15.28 0.16
1.0 0.7547357926221336 29.99 15.14 0.17
1.0 0.7457627118644068 29.99 14.96 0.18000000000000002
1.0 0.7318045862412762 29.99 14.68 0.19000000000000003
1.0 0.7218344965104686 29.99 14.48 0.20000000000000004
1.0 0.7098703888334995 29.99 14.24 0.21000000000000005
1.0 0.7058823529411765 29.99 14.16 0.22000000000000006
1.0 0.6989032901296112 29.99 14.02 0.23000000000000007
1.0 0.6939182452642074 29.99 13.92 0.24000000000000007
1.0 0.6909272183449651 29.99 13.86 0.25000000000000006
1.0 0.6869391824526421 29.99 13.78 0.26000000000000006
1.0 0.6839481555333998 29.99 13.72 0.2700000000000001
1.0 0.6839481555333998 29.99 13.72 0.2800000000000001
1.0 0.6809571286141576 29.99 13.66 0.2900000000000001
1.0 0.6799601196410767 29.99 13.64 0.3000000000000001
1.0 0.678963110667996 29.99 13.62 0.3100000000000001
1.0 0.6759720837487537 29.99 13.56 0.3200000000000001
1.0 0.6719840478564307 29.99 13.48 0.3300000000000001
1.0 0.6669990029910269 29.99 13.38 0.34000000000000014
1.0 0.6640079760717846 29.99 13.32 0.35000000000000014
1.0 0.6600199401794616 29.99 13.24 0.36000000000000015
1.0 0.6520438683948155 29.99 13.08 0.37000000000000016
1.0 0.646061814556331 29.99 12.96 0.38000000000000017
1.0 0.6400797607178464 29.99 12.84 0.3900000000000002
1.0 0.6321036889332003 29.99 12.68 0.4000000000000002
1.0 0.6201395812562313 29.99 12.44 0.4100000000000002
1.0 0.6071784646061814 29.99 12.18 0.4200000000000002
1.0 0.5952143569292123 29.99 11.94 0.4300000000000002
1.0 0.5782652043868395 29.99 11.6 0.4400000000000002
1.0 0.5663010967098704 29.99 11.36 0.45000000000000023
1.0 0.5583250249252243 29.99 11.2 0.46000000000000024
1.0 0.5483549351944168 29.99 11.0 0.47000000000000025
1.0 0.5443668993020937 29.99 10.92 0.48000000000000026
1.0 0.5333998005982054 29.99 10.7 0.49000000000000027
1.0 0.5304087736789631 29.99 10.64 0.5000000000000002
1.0 0.5234297108673978 29.99 10.5 0.5100000000000002
1.0 0.5204386839481555 29.99 10.44 0.5200000000000002
1.0 0.518444666001994 29.99 10.4 0.5300000000000002
1.0 0.5174476570289133 29.99 10.38 0.5400000000000003
1.0 0.514456630109671 29.99 10.32 0.5500000000000003
1.0 0.5114656031904287 29.99 10.26 0.5600000000000003
1.0 0.5104685942173479 29.99 10.24 0.5700000000000003
1.0 0.5094715852442672 29.99 10.22 0.5800000000000003
1.0 0.5094715852442672 29.99 10.22 0.5900000000000003
1.0 0.5094715852442672 29.99 10.22 0.6000000000000003
1.0 0.5064805583250249 29.99 10.16 0.6100000000000003
1.0 0.5064805583250249 29.99 10.16 0.6200000000000003
1.0 0.5024925224327019 29.99 10.08 0.6300000000000003
1.0 0.4965104685942173 29.99 9.96 0.6400000000000003
1.0 0.48454636091724823 29.99 9.72 0.6500000000000004
1.0 0.47557328015952144 29.99 9.54 0.6600000000000004
1.0 0.4675972083748754 29.99 9.38 0.6700000000000004
1.0 0.45363908275174475 29.99 9.1 0.6800000000000004
1.0 0.4406779661016949 29.99 8.84 0.6900000000000004
1.0 0.43270189431704886 29.99 8.68 0.7000000000000004
1.0 0.4127617148554337 29.99 8.28 0.7100000000000004
1.0 0.39082751744765704 29.99 7.84 0.7200000000000004
1.0 0.3678963110667996 29.99 7.38 0.7300000000000004
1.0 0.3389830508474576 29.99 6.8 0.7400000000000004
1.0 0.3160518444666002 29.99 6.34 0.7500000000000004
1.0 0.292123629112662 29.99 5.86 0.7600000000000005
1.0 0.28015952143569295 29.99 5.62 0.7700000000000005
1.0 0.26520438683948155 29.99 5.32 0.7800000000000005
1.0 0.2572283150548355 29.99 5.16 0.7900000000000005
0.999888851839502 0.24626121635094717 29.986666666666668 4.94 0.8000000000000005
0.9997777036790041 0.23529411764705882 29.983333333333334 4.72 0.8100000000000005
0.9992219628765144 0.23030907278165502 29.966666666666665 4.62 0.8200000000000005
0.9982216294320329 0.2213359920239282 29.936666666666667 4.44 0.8300000000000005
0.996109814382572 0.21734795613160518 29.873333333333335 4.36 0.8400000000000005
0.9933311103701233 0.21036889332003988 29.79 4.22 0.8500000000000005
0.9885517394687118 0.20139581256231306 29.64666666666667 4.04 0.8600000000000005
0.9828831832833167 0.18245264207377868 29.476666666666667 3.66 0.8700000000000006
0.9747693675669667 0.17048853439680958 29.233333333333334 3.42 0.8800000000000006
0.9640991441591642 0.1485543369890329 28.913333333333334 2.98 0.8900000000000006
0.9516505501833945 0.12063808574277168 28.54 2.42 0.9000000000000006
0.9390908080471269 0.09172482552342971 28.163333333333334 1.84 0.9100000000000006
0.9275313993553407 0.07577268195413758 27.816666666666666 1.52 0.9200000000000006
0.9180838057130154 0.0448654037886341 27.533333333333335 0.9 0.9300000000000006
0.9097476936756697 0.03589232303090728 27.283333333333335 0.72 0.9400000000000006
0.9040791374902746 0.024925224327018942 27.113333333333333 0.5 0.9500000000000006
0.8974102478603979 0.023928215353938187 26.913333333333334 0.48 0.9600000000000006
0.8888518395020563 0.02193419740777667 26.656666666666666 0.44 0.9700000000000006
0.867511392686451 0.020937188434695914 26.016666666666666 0.42 0.9800000000000006
0.8037123485606313 0.019940179461615155 24.10333333333333 0.4 0.9900000000000007
0.0 0.0 0.0 0.0
