1.0 1.0 22.4925 20.06 0.0
1.0 0.9272183449651047 22.4925 18.6 0.01
1.0 0.8554336989032901 22.4925 17.16 0.02
1.0 0.8215353938185443 22.4925 16.48 0.03
1.0 0.8035892323030908 22.4925 16.12 0.04
1.0 0.7886340977068793 22.4925 15.82 0.05
1.0 0.7597208374875374 22.4925 15.24 0.060000000000000005
1.0 0.7597208374875374 22.4925 15.24 0.07
1.0 0.7507477567298105 22.4925 15.06 0.08
1.0 0.7387836490528414 22.4925 14.82 0.09
1.0 0.7288135593220338 22.4925 14.62 0.09999999999999999
1.0 0.7178464606181456 22.4925 14.4 0.10999999999999999
1.0 0.7088733798604188 22.4925 14.22 0.11999999999999998
1.0 0.6959122632103689 22.4925 13.96 0.12999999999999998
1.0 0.6859421734795613 22.4925 13.76 0.13999999999999999
1.0 0.6779661016949152 22.4925 13.6 0.15
1.0 0.6679960119641076 22.4925 13.4 0.16
1.0 0.6510468594217348 22.4925 13.06 0.17
1.0 0.6221335992023929 22.4925 12.48 0.18000000000000002
1.0 0.609172482552343 22.4925 12.22 0.19000000000000003
1.0 0.5952143569292123 22.4925 11.94 0.20000000000000004
1.0 0.5852442671984048 22.4925 11.74 0.21000000000000005
1.0 0.5712861415752741 22.4925 11.46 0.22000000000000006
1.0 0.5663010967098704 22.4925 11.36 0.23000000000000007
1.0 0.5543369890329013 22.4925 11.12 0.24000000000000007
1.0 0.5523429710867398 22.4925 11.08 0.25000000000000006
1.0 0.5503489531405783 22.4925 11.04 0.26000000000000006
1.0 0.5463609172482552 22.4925 10.96 0.2700000000000001
1.0 0.5443668993020937 22.4925 10.92 0.2800000000000001
1.0 0.5383848454636092 22.4925 10.8 0.2900000000000001
1.0 0.5363908275174477 22.4925 10.76 0.3000000000000001
1.0 0.5324027916251246 22.4925 10.68 0.3100000000000001
1.0 0.5314057826520439 22.4925 10.66 0.3200000000000001
1.0 0.5304087736789631 22.4925 10.64 0.3300000000000001
1.0 0.5274177467597209 22.4925 10.58 0.34000000000000014
1.0 0.5204386839481555 22.4925 10.44 0.35000000000000014
1.0 0.5164506480558325 22.4925 10.36 0.36000000000000015
1.0 0.5114656031904287 22.4925 10.26 0.37000000000000016
1.0 0.5034895314057827 22.4925 10.1 0.38000000000000017
1.0 0.4965104685942173 22.4925 9.96 0.3900000000000002
1.0 0.48753738783649053 22.4925 9.78 0.4000000000000002
1.0 0.4785643070787637 22.4925 9.6 0.4100000000000002
1.0 0.4695912263210369 22.4925 9.42 0.4200000000000002
1.0 0.45663010967098705 22.4925 9.16 0.4300000000000002
1.0 0.4426719840478564 22.4925 8.88 0.4400000000000002
1.0 0.42572283150548357 22.4925 8.54 0.45000000000000023
1.0 0.4127617148554337 22.4925 8.28 0.46000000000000024
1.0 0.3988035892323031 22.4925 8.0 0.47000000000000025
1.0 0.386839481555334 22.4925 7.76 0.48000000000000026
1.0 0.38384845463609174 22.4925 7.7 0.49000000000000027
1.0 0.37686939182452645 22.4925 7.56 0.5000000000000002
1.0 0.3728813559322034 22.4925 7.48 0.5100000000000002
1.0 0.3708873379860419 22.4925 7.44 0.5200000000000002
1.0 0.36889332003988035 22.4925 7.4 0.5300000000000002
1.0 0.3678963110667996 22.4925 7.38 0.5400000000000003
1.0 0.36490528414755735 22.4925 7.32 0.5500000000000003
1.0 0.36390827517447655 22.4925 7.3 0.5600000000000003
1.0 0.3629112662013958 22.4925 7.28 0.5700000000000003
1.0 0.36191425722831505 22.4925 7.26 0.5800000000000003
1.0 0.35992023928215355 22.4925 7.22 0.5900000000000003
1.0 0.357926221335992 22.4925 7.18 0.6000000000000003
1.0 0.357926221335992 22.4925 7.18 0.6100000000000003
1.0 0.35692921236291125 22.4925 7.16 0.6200000000000003
1.0 0.35294117647058826 22.4925 7.08 0.6300000000000003
1.0 0.3489531405782652 22.4925 7.0 0.6400000000000003
1.0 0.3459621136590229 22.4925 6.94 0.6500000000000004
1.0 0.33599202392821537 22.4925 6.74 0.6600000000000004
1.0 0.32602193419740777 22.4925 6.54 0.6700000000000004
1.0 0.3120638085742772 22.4925 6.26 0.6800000000000004
0.999888851839502 0.3020937188434696 22.49 6.06 0.6900000000000004
0.999888851839502 0.28913260219341974 22.49 5.8 0.7000000000000004
0.999888851839502 0.27916251246261214 22.49 5.6 0.7100000000000004
0.999888851839502 0.259222333000997 22.49 5.2 0.7200000000000004
0.999888851839502 0.24227318045862412 22.49 4.86 0.7300000000000004
0.999888851839502 0.226321036889332 22.49 4.54 0.7400000000000004
0.999888851839502 0.20638085742771686 22.49 4.14 0.7500000000000004
0.9997777036790041 0.19042871385842472 22.4875 3.82 0.7600000000000005
0.9995554073580082 0.17647058823529413 22.4825 3.54 0.7700000000000005
0.9995554073580082 0.16550348953140578 22.4825 3.32 0.7800000000000005
0.9995554073580082 0.1575274177467597 22.4825 3.16 0.7900000000000005
0.9994442591975102 0.14556331006979062 22.48 2.92 0.8000000000000005
0.9993331110370124 0.13958125623130607 22.4775 2.8 0.8100000000000005
0.9991108147160165 0.13758723828514458 22.4725 2.76 0.8200000000000005
0.9986662220740247 0.13160518444666003 22.4625 2.64 0.8300000000000005
0.9976658886295432 0.12662013958125623 22.44 2.54 0.8400000000000005
0.9963321107035679 0.12163509471585245 22.41 2.44 0.8500000000000005
0.9945537401356007 0.11365902293120637 22.37 2.28 0.8600000000000005
0.9915527398021563 0.10867397806580259 22.3025 2.18 0.8700000000000006
0.9873291097032344 0.09970089730807577 22.2075 2.0 0.8800000000000006
0.982105146159831 0.08374875373878365 22.09 1.68 0.8900000000000006
0.9765477381349339 0.06480558325024925 21.965 1.3 0.9000000000000006
0.9712126264310326 0.04685942173479561 21.845 0.94 0.9100000000000006
0.9660998110481271 0.02991026919242273 21.73 0.6 0.9200000000000006
0.9614315883072135 0.013958125623130608 21.625 0.28 0.9300000000000006
0.9578748471712794 0.006979062811565304 21.545 0.14 0.9400000000000006
0.9552072913193287 0.004985044865403789 21.485 0.1 0.9500000000000006
0.9508725130599088 0.0019940179461615153 21.3875 0.04 0.9600000000000006
0.9437590307880405 9.970089730807576E-4 21.2275 0.02 0.9700000000000006
0.9283094364788262 9.970089730807576E-4 20.88 0.02 0.9800000000000006
0.8802934311437146 9.970089730807576E-4 19.8 0.02 0.9900000000000007
0.0 0.0 0.0 0.0
