1.0 1.0 22.4925 33.43333333333333 0.0
1.0 0.9262213359920239 22.4925 30.966666666666665 0.01
1.0 0.8514456630109671 22.4925 28.466666666666665 0.02
1.0 0.8195413758723828 22.4925 27.4 0.03
1.0 0.7916251246261217 22.4925 26.466666666666665 0.04
1.0 0.7686939182452642 22.4925 25.7 0.05
1.0 0.7268195413758723 22.4925 24.3 0.060000000000000005
1.0 0.7268195413758723 22.4925 24.3 0.07
1.0 0.7148554336989033 22.4925 23.9 0.08
1.0 0.6979062811565304 22.4925 23.333333333333332 0.09
1.0 0.6859421734795613 22.4925 22.933333333333334 0.09999999999999999
1.0 0.6769690927218345 22.4925 22.633333333333333 0.10999999999999999
1.0 0.67098703888335 22.4925 22.433333333333334 0.11999999999999998
1.0 0.6620139581256231 22.4925 22.133333333333333 0.12999999999999998
1.0 0.6530408773678963 22.4925 21.833333333333332 0.13999999999999999
1.0 0.6400797607178464 22.4925 21.4 0.15
1.0 0.6331006979062812 22.4925 21.166666666666668 0.16
1.0 0.6211365902293121 22.4925 20.766666666666666 0.17
1.0 0.5942173479561316 22.4925 19.866666666666667 0.18000000000000002
1.0 0.5772681954137587 22.4925 19.3 0.19000000000000003
1.0 0.5663010967098704 22.4925 18.933333333333334 0.20000000000000004
1.0 0.5563310069790628 22.4925 18.6 0.21000000000000005
1.0 0.5483549351944168 22.4925 18.333333333333332 0.22000000000000006
1.0 0.5403788634097707 22.4925 18.066666666666666 0.23000000000000007
1.0 0.5304087736789631 22.4925 17.733333333333334 0.24000000000000007
0.999888851839502 0.5254237288135594 22.49 17.566666666666666 0.25000000000000006
0.999888851839502 0.5234297108673978 22.49 17.5 0.26000000000000006
0.999888851839502 0.5214356929212363 22.49 17.433333333333334 0.2700000000000001
0.999888851839502 0.5214356929212363 22.49 17.433333333333334 0.2800000000000001
0.999888851839502 0.5174476570289133 22.49 17.3 0.2900000000000001
0.999888851839502 0.5154536390827518 22.49 17.233333333333334 0.3000000000000001
0.999888851839502 0.5154536390827518 22.49 17.233333333333334 0.3100000000000001
0.999888851839502 0.5154536390827518 22.49 17.233333333333334 0.3200000000000001
0.999888851839502 0.5114656031904287 22.49 17.1 0.3300000000000001
0.999888851839502 0.5084745762711864 22.49 17.0 0.34000000000000014
0.999888851839502 0.5034895314057827 22.49 16.833333333333332 0.35000000000000014
0.999888851839502 0.4965104685942173 22.49 16.6 0.36000000000000015
0.999888851839502 0.4935194416749751 22.49 16.5 0.37000000000000016
0.999888851839502 0.4865403788634098 22.49 16.266666666666666 0.38000000000000017
0.999888851839502 0.481555333998006 22.49 16.1 0.3900000000000002
0.999888851839502 0.4715852442671984 22.49 15.766666666666667 0.4000000000000002
0.999888851839502 0.45862412761714855 22.49 15.333333333333334 0.4100000000000002
0.999888851839502 0.4476570289132602 22.49 14.966666666666667 0.4200000000000002
0.999888851839502 0.43469591226321036 22.49 14.533333333333333 0.4300000000000002
0.999888851839502 0.419740777666999 22.49 14.033333333333333 0.4400000000000002
0.999888851839502 0.4107676969092722 22.49 13.733333333333333 0.45000000000000023
0.999888851839502 0.40279162512462613 22.49 13.466666666666667 0.46000000000000024
0.999888851839502 0.3898305084745763 22.49 13.033333333333333 0.47000000000000025
0.999888851839502 0.382851445663011 22.49 12.8 0.48000000000000026
0.999888851839502 0.3748753738783649 22.49 12.533333333333333 0.49000000000000027
0.999888851839502 0.3698903290129611 22.49 12.366666666666667 0.5000000000000002
0.999888851839502 0.36689930209371885 22.49 12.266666666666667 0.5100000000000002
0.999888851839502 0.36191425722831505 22.49 12.1 0.5200000000000002
0.999888851839502 0.3589232303090728 22.49 12.0 0.5300000000000002
0.999888851839502 0.35692921236291125 22.49 11.933333333333334 0.5400000000000003
0.999888851839502 0.3509471585244267 22.49 11.733333333333333 0.5500000000000003
0.999888851839502 0.34795613160518446 22.49 11.633333333333333 0.5600000000000003
0.999888851839502 0.3459621136590229 22.49 11.566666666666666 0.5700000000000003
0.999888851839502 0.3459621136590229 22.49 11.566666666666666 0.5800000000000003
0.999888851839502 0.34496510468594216 22.49 11.533333333333333 0.5900000000000003
0.999888851839502 0.34097706879361916 22.49 11.4 0.6000000000000003
0.999888851839502 0.3389830508474576 22.49 11.333333333333334 0.6100000000000003
0.999888851839502 0.3369890329012961 22.49 11.266666666666667 0.6200000000000003
0.9997777036790041 0.33100697906281157 22.4875 11.066666666666666 0.6300000000000003
0.9997777036790041 0.325024925224327 22.4875 10.866666666666667 0.6400000000000003
0.9997777036790041 0.3200398803589232 22.4875 10.7 0.6500000000000004
0.9997777036790041 0.30807577268195413 22.4875 10.3 0.6600000000000004
0.9997777036790041 0.2971086739780658 22.4875 9.933333333333334 0.6700000000000004
0.9997777036790041 0.28913260219341974 22.4875 9.666666666666666 0.6800000000000004
0.9997777036790041 0.27716849451645065 22.4875 9.266666666666667 0.6900000000000004
0.9997777036790041 0.26719840478564305 22.4875 8.933333333333334 0.7000000000000004
0.9996665555185061 0.25623130608175476 22.485 8.566666666666666 0.7100000000000004
0.9996665555185061 0.226321036889332 22.485 7.566666666666666 0.7200000000000004
0.9996665555185061 0.21734795613160518 22.485 7.266666666666667 0.7300000000000004
0.9996665555185061 0.19740777666999004 22.485 6.6 0.7400000000000004
0.9996665555185061 0.17647058823529413 22.485 5.9 0.7500000000000004
0.9996665555185061 0.16450648055832504 22.485 5.5 0.7600000000000005
0.9996665555185061 0.1535393818544367 22.485 5.133333333333334 0.7700000000000005
0.9996665555185061 0.14356929212362912 22.485 4.8 0.7800000000000005
0.9995554073580082 0.13858424725822532 22.4825 4.633333333333334 0.7900000000000005
0.9995554073580082 0.13060817547357925 22.4825 4.366666666666666 0.8000000000000005
0.9994442591975102 0.12662013958125623 22.48 4.233333333333333 0.8100000000000005
0.9993331110370124 0.12462612163509472 22.4775 4.166666666666667 0.8200000000000005
0.9986662220740247 0.12163509471585245 22.4625 4.066666666666666 0.8300000000000005
0.9982216294320329 0.11864406779661017 22.4525 3.966666666666667 0.8400000000000005
0.9972212959875514 0.11665004985044865 22.43 3.9 0.8500000000000005
0.9955540735800823 0.10767696909272183 22.3925 3.6 0.8600000000000005
0.9928865177281316 0.1036889332003988 22.3325 3.466666666666667 0.8700000000000006
0.9895520729131932 0.0967098703888335 22.2575 3.2333333333333334 0.8800000000000006
0.9856618872957652 0.08075772681954138 22.17 2.7 0.8900000000000006
0.9809936645548516 0.06779661016949153 22.065 2.2666666666666666 0.9000000000000006
0.9759919973324441 0.04685942173479561 21.9525 1.5666666666666667 0.9100000000000006
0.9711014782705346 0.026919242273180457 21.8425 0.9 0.9200000000000006
0.9671001444926086 0.013958125623130608 21.7525 0.4666666666666667 0.9300000000000006
0.9630988107146826 0.00897308075772682 21.6625 0.3 0.9400000000000006
0.9597643658997443 0.0019940179461615153 21.5875 0.06666666666666667 0.9500000000000006
0.9554295876403246 9.970089730807576E-4 21.49 0.03333333333333333 0.9600000000000006
0.9499833277759253 0.0 21.3675 0.0 0.9700000000000006
0.9357563632321885 0.0 21.0475 0.0 0.9800000000000006
0.8946315438479493 0.0 20.1225 0.0 0.9900000000000007
0.0 0.0 0.0 0.0
