1.0 1.0 22.4925 11.8 0.0
1.0 0.9192422731804586 22.4925 10.847058823529412 0.01
1.0 0.8534396809571286 22.4925 10.070588235294117 0.02
1.0 0.8205383848454636 22.4925 9.68235294117647 0.03
1.0 0.7956131605184447 22.4925 9.388235294117647 0.04
1.0 0.7786640079760718 22.4925 9.188235294117646 0.05
1.0 0.7537387836490529 22.4925 8.894117647058824 0.060000000000000005
1.0 0.7537387836490529 22.4925 8.894117647058824 0.07
1.0 0.7437686939182453 22.4925 8.776470588235295 0.08
1.0 0.7298105682951147 22.4925 8.611764705882353 0.09
1.0 0.7218344965104686 22.4925 8.51764705882353 0.09999999999999999
1.0 0.7088733798604188 22.4925 8.364705882352942 0.10999999999999999
1.0 0.7088733798604188 22.4925 8.364705882352942 0.11999999999999998
1.0 0.7038883349950149 22.4925 8.305882352941177 0.12999999999999998
1.0 0.6999002991026919 22.4925 8.258823529411766 0.13999999999999999
1.0 0.6919242273180458 22.4925 8.16470588235294 0.15
1.0 0.6849451645064806 22.4925 8.08235294117647 0.16
1.0 0.6769690927218345 22.4925 7.988235294117647 0.17
1.0 0.6580259222333001 22.4925 7.764705882352941 0.18000000000000002
1.0 0.646061814556331 22.4925 7.623529411764705 0.19000000000000003
1.0 0.6360917248255235 22.4925 7.5058823529411764 0.20000000000000004
1.0 0.6261216350947159 22.4925 7.3882352941176475 0.21000000000000005
1.0 0.6211365902293121 22.4925 7.329411764705882 0.22000000000000006
1.0 0.6151545363908275 22.4925 7.258823529411765 0.23000000000000007
1.0 0.6081754735792622 22.4925 7.176470588235294 0.24000000000000007
1.0 0.6051844466600199 22.4925 7.141176470588236 0.25000000000000006
1.0 0.6041874376869392 22.4925 7.129411764705883 0.26000000000000006
1.0 0.6031904287138584 22.4925 7.117647058823529 0.2700000000000001
1.0 0.5992023928215354 22.4925 7.070588235294117 0.2800000000000001
1.0 0.5992023928215354 22.4925 7.070588235294117 0.2900000000000001
1.0 0.5992023928215354 22.4925 7.070588235294117 0.3000000000000001
1.0 0.5992023928215354 22.4925 7.070588235294117 0.3100000000000001
1.0 0.5982053838484547 22.4925 7.0588235294117645 0.3200000000000001
1.0 0.5972083748753739 22.4925 7.047058823529412 0.3300000000000001
1.0 0.5932203389830508 22.4925 7.0 0.34000000000000014
1.0 0.5912263210368893 22.4925 6.976470588235294 0.35000000000000014
1.0 0.5832502492522432 22.4925 6.882352941176471 0.36000000000000015
1.0 0.5812562313060817 22.4925 6.858823529411764 0.37000000000000016
1.0 0.5742771684945165 22.4925 6.776470588235294 0.38000000000000017
1.0 0.5692921236291126 22.4925 6.7176470588235295 0.3900000000000002
1.0 0.5603190428713859 22.4925 6.6117647058823525 0.4000000000000002
1.0 0.5523429710867398 22.4925 6.517647058823529 0.4100000000000002
1.0 0.5383848454636092 22.4925 6.352941176470588 0.4200000000000002
1.0 0.5254237288135594 22.4925 6.2 0.4300000000000002
1.0 0.5174476570289133 22.4925 6.105882352941176 0.4400000000000002
1.0 0.5024925224327019 22.4925 5.929411764705883 0.45000000000000023
1.0 0.48953140578265203 22.4925 5.776470588235294 0.46000000000000024
1.0 0.481555333998006 22.4925 5.682352941176471 0.47000000000000025
1.0 0.4745762711864407 22.4925 5.6 0.48000000000000026
1.0 0.4695912263210369 22.4925 5.541176470588235 0.49000000000000027
1.0 0.46360917248255235 22.4925 5.470588235294118 0.5000000000000002
1.0 0.46061814556331004 22.4925 5.435294117647059 0.5100000000000002
1.0 0.4576271186440678 22.4925 5.4 0.5200000000000002
1.0 0.45663010967098705 22.4925 5.3882352941176475 0.5300000000000002
1.0 0.4546360917248255 22.4925 5.364705882352941 0.5400000000000003
1.0 0.45164506480558325 22.4925 5.329411764705882 0.5500000000000003
1.0 0.4476570289132602 22.4925 5.2823529411764705 0.5600000000000003
1.0 0.4456630109670987 22.4925 5.258823529411765 0.5700000000000003
1.0 0.43968095712861416 22.4925 5.188235294117647 0.5800000000000003
1.0 0.4386839481555334 22.4925 5.176470588235294 0.5900000000000003
1.0 0.4356929212362911 22.4925 5.141176470588236 0.6000000000000003
1.0 0.42971086739780656 22.4925 5.070588235294117 0.6100000000000003
1.0 0.4267198404785643 22.4925 5.035294117647059 0.6200000000000003
1.0 0.42073778664007977 22.4925 4.964705882352941 0.6300000000000003
1.0 0.4187437686939183 22.4925 4.9411764705882355 0.6400000000000003
1.0 0.4127617148554337 22.4925 4.870588235294117 0.6500000000000004
1.0 0.4067796610169492 22.4925 4.8 0.6600000000000004
1.0 0.3948155533399801 22.4925 4.658823529411765 0.6700000000000004
1.0 0.386839481555334 22.4925 4.564705882352941 0.6800000000000004
1.0 0.3778664007976072 22.4925 4.458823529411765 0.6900000000000004
1.0 0.3708873379860419 22.4925 4.376470588235295 0.7000000000000004
1.0 0.357926221335992 22.4925 4.223529411764706 0.7100000000000004
1.0 0.3320039880358923 22.4925 3.9176470588235293 0.7200000000000004
1.0 0.31106679960119643 22.4925 3.6705882352941175 0.7300000000000004
1.0 0.292123629112662 22.4925 3.447058823529412 0.7400000000000004
1.0 0.2731804586241276 22.4925 3.223529411764706 0.7500000000000004
1.0 0.2622133599202393 22.4925 3.0941176470588236 0.7600000000000005
1.0 0.2452642073778664 22.4925 2.8941176470588235 0.7700000000000005
1.0 0.2382851445663011 22.4925 2.8117647058823527 0.7800000000000005
1.0 0.22931206380857427 22.4925 2.7058823529411766 0.7900000000000005
1.0 0.22233300099700898 22.4925 2.623529411764706 0.8000000000000005
0.9996665555185061 0.21834496510468593 22.485 2.5764705882352943 0.8100000000000005
0.9994442591975102 0.21834496510468593 22.48 2.5764705882352943 0.8200000000000005
0.9989996665555185 0.21635094715852443 22.47 2.552941176470588 0.8300000000000005
0.9979993331110371 0.21136590229312063 22.4475 2.4941176470588236 0.8400000000000005
0.9967767033455597 0.2073778664007976 22.42 2.447058823529412 0.8500000000000005
0.994109147493609 0.19641076769690927 22.36 2.3176470588235296 0.8600000000000005
0.991997332444148 0.1914257228315055 22.3125 2.2588235294117647 0.8700000000000006
0.9866622207402468 0.18444666001994017 22.1925 2.176470588235294 0.8800000000000006
0.9804379237523619 0.1694915254237288 22.0525 2.0 0.8900000000000006
0.9755474046904524 0.15054835493519442 21.9425 1.776470588235294 0.9000000000000006
0.9702122929865511 0.13758723828514458 21.8225 1.6235294117647059 0.9100000000000006
0.9655440702456375 0.11964107676969092 21.7175 1.411764705882353 0.9200000000000006
0.9617650327887074 0.10867397806580259 21.6325 1.2823529411764707 0.9300000000000006
0.9583194398132711 0.09970089730807577 21.555 1.1764705882352942 0.9400000000000006
0.9559853284428143 0.0967098703888335 21.5025 1.1411764705882352 0.9500000000000006
0.9532066244303656 0.0967098703888335 21.44 1.1411764705882352 0.9600000000000006
0.9480938090474602 0.0967098703888335 21.325 1.1411764705882352 0.9700000000000006
0.934644881627209 0.0967098703888335 21.0225 1.1411764705882352 0.9800000000000006
0.891297099033011 0.09571286141575275 20.0475 1.1294117647058823 0.9900000000000007
0.0 0.0 0.0 0.0
