0.08891852839835501 0.0 4.0 0.0 0.0
0.08891852839835501 0.0 4.0 0.0 0.01
0.08891852839835501 0.0 4.0 0.0 0.02
0.08891852839835501 0.0 4.0 0.0 0.03
0.08891852839835501 0.0 4.0 0.0 0.04
0.08891852839835501 0.0 4.0 0.0 0.05
0.08891852839835501 0.0 4.0 0.0 0.060000000000000005
0.08891852839835501 0.0 4.0 0.0 0.07
0.08891852839835501 0.0 4.0 0.0 0.08
0.08891852839835501 0.0 4.0 0.0 0.09
0.08891852839835501 0.0 4.0 0.0 0.09999999999999999
0.08891852839835501 0.0 4.0 0.0 0.10999999999999999
0.08891852839835501 0.0 4.0 0.0 0.11999999999999998
0.08891852839835501 0.0 4.0 0.0 0.12999999999999998
0.08891852839835501 0.0 4.0 0.0 0.13999999999999999
0.08891852839835501 0.0 4.0 0.0 0.15
0.08891852839835501 0.0 4.0 0.0 0.16
0.08891852839835501 0.0 4.0 0.0 0.17
0.08891852839835501 0.0 4.0 0.0 0.18000000000000002
0.08891852839835501 0.0 4.0 0.0 0.19000000000000003
0.08891852839835501 0.0 4.0 0.0 0.20000000000000004
0.08891852839835501 0.0 4.0 0.0 0.21000000000000005
0.08891852839835501 0.0 4.0 0.0 0.22000000000000006
0.08891852839835501 0.0 4.0 0.0 0.23000000000000007
0.08891852839835501 0.0 4.0 0.0 0.24000000000000007
0.08891852839835501 0.0 4.0 0.0 0.25000000000000006
0.08891852839835501 0.0 4.0 0.0 0.26000000000000006
0.08891852839835501 0.0 4.0 0.0 0.2700000000000001
0.08891852839835501 0.0 4.0 0.0 0.2800000000000001
0.08891852839835501 0.0 4.0 0.0 0.2900000000000001
0.08891852839835501 0.0 4.0 0.0 0.3000000000000001
0.08891852839835501 0.0 4.0 0.0 0.3100000000000001
0.08891852839835501 0.0 4.0 0.0 0.3200000000000001
0.08891852839835501 0.0 4.0 0.0 0.3300000000000001
0.08891852839835501 0.0 4.0 0.0 0.34000000000000014
0.08891852839835501 0.0 4.0 0.0 0.35000000000000014
0.08891852839835501 0.0 4.0 0.0 0.36000000000000015
0.08891852839835501 0.0 4.0 0.0 0.37000000000000016
0.08891852839835501 0.0 4.0 0.0 0.38000000000000017
0.08891852839835501 0.0 4.0 0.0 0.3900000000000002
0.08891852839835501 0.0 4.0 0.0 0.4000000000000002
0.08891852839835501 0.0 4.0 0.0 0.4100000000000002
0.08891852839835501 0.0 4.0 0.0 0.4200000000000002
0.08891852839835501 0.0 4.0 0.0 0.4300000000000002
0.08891852839835501 0.0 4.0 0.0 0.4400000000000002
0.08891852839835501 0.0 4.0 0.0 0.45000000000000023
0.08891852839835501 0.0 4.0 0.0 0.46000000000000024
0.08891852839835501 0.0 4.0 0.0 0.47000000000000025
0.08891852839835501 0.0 4.0 0.0 0.48000000000000026
0.08891852839835501 0.0 4.0 0.0 0.49000000000000027
0.08891852839835501 0.0 4.0 0.0 0.5000000000000002
0.08891852839835501 0.0 4.0 0.0 0.5100000000000002
0.08891852839835501 0.0 4.0 0.0 0.5200000000000002
0.08891852839835501 0.0 4.0 0.0 0.5300000000000002
0.08891852839835501 0.0 4.0 0.0 0.5400000000000003
0.08891852839835501 0.0 4.0 0.0 0.5500000000000003
0.08891852839835501 0.0 4.0 0.0 0.5600000000000003
0.08891852839835501 0.0 4.0 0.0 0.5700000000000003
0.08891852839835501 0.0 4.0 0.0 0.5800000000000003
0.08891852839835501 0.0 4.0 0.0 0.5900000000000003
0.08891852839835501 0.0 4.0 0.0 0.6000000000000003
0.08891852839835501 0.0 4.0 0.0 0.6100000000000003
0.08891852839835501 0.0 4.0 0.0 0.6200000000000003
0.08891852839835501 0.0 4.0 0.0 0.6300000000000003
0.08891852839835501 0.0 4.0 0.0 0.6400000000000003
0.08891852839835501 0.0 4.0 0.0 0.6500000000000004
0.08891852839835501 0.0 4.0 0.0 0.6600000000000004
0.08891852839835501 0.0 4.0 0.0 0.6700000000000004
0.08891852839835501 0.0 4.0 0.0 0.6800000000000004
0.08891852839835501 0.0 4.0 0.0 0.6900000000000004
0.08891852839835501 0.0 4.0 0.0 0.7000000000000004
0.08891852839835501 0.0 4.0 0.0 0.7100000000000004
0.08891852839835501 0.0 4.0 0.0 0.7200000000000004
0.08891852839835501 0.0 4.0 0.0 0.7300000000000004
0.08891852839835501 0.0 4.0 0.0 0.7400000000000004
0.08880738023785706 0.0 3.995 0.0 0.7500000000000004
0.08880738023785706 0.0 3.995 0.0 0.7600000000000005
0.08869623207735912 0.0 3.99 0.0 0.7700000000000005
0.08858508391686118 0.0 3.985 0.0 0.7800000000000005
0.08858508391686118 0.0 3.985 0.0 0.7900000000000005
0.08825163943536735 0.0 3.97 0.0 0.8000000000000005
0.0881404912748694 0.0 3.965 0.0 0.8100000000000005
0.0881404912748694 0.0 3.965 0.0 0.8200000000000005
0.08758475047237968 0.0 3.94 0.0 0.8300000000000005
0.08691786150939201 0.0 3.91 0.0 0.8400000000000005
0.0853617872624208 0.0 3.84 0.0 0.8500000000000005
0.0845837501389352 0.0 3.805 0.0 0.8600000000000005
0.08313882405246194 0.0 3.74 0.0 0.8700000000000006
0.08058241636100923 0.0 3.625 0.0 0.8800000000000006
0.07824830499055241 0.0 3.52 0.0 0.8900000000000006
0.0764699344225853 0.0 3.44 0.0 0.9000000000000006
0.07413582305212849 0.0 3.335 0.0 0.9100000000000006
0.07324663776814494 0.0 3.295 0.0 0.9200000000000006
0.0721351561631655 0.0 3.245 0.0 0.9300000000000006
0.07102367455818606 0.0 3.195 0.0 0.9400000000000006
0.07080137823719017 0.0 3.185 0.0 0.9500000000000006
0.0703567855951984 0.0 3.165 0.0 0.9600000000000006
0.06891185950872514 0.0 3.1 0.0 0.9700000000000006
0.06468822940980327 0.0 2.91 0.0 0.9800000000000006
0.05468489496498833 0.0 2.46 0.0 0.9900000000000007
0.0 0.0 0.0 0.0
