1.0 1.0 17.994 22.288888888888888 0.0
1.0 0.9242273180458624 17.994 20.6 0.01
1.0 0.8604187437686939 17.994 19.177777777777777 0.02
1.0 0.839481555333998 17.994 18.711111111111112 0.03
1.0 0.8185443668993021 17.994 18.244444444444444 0.04
1.0 0.8055832502492523 17.994 17.955555555555556 0.05
1.0 0.7796610169491526 17.994 17.377777777777776 0.060000000000000005
1.0 0.7796610169491526 17.994 17.377777777777776 0.07
1.0 0.7686939182452642 17.994 17.133333333333333 0.08
1.0 0.7577268195413759 17.994 16.88888888888889 0.09
1.0 0.7497507477567298 17.994 16.711111111111112 0.09999999999999999
1.0 0.7427716849451645 17.994 16.555555555555557 0.10999999999999999
1.0 0.7367896311066799 17.994 16.42222222222222 0.11999999999999998
1.0 0.7288135593220338 17.994 16.244444444444444 0.12999999999999998
1.0 0.7258225324027916 17.994 16.177777777777777 0.13999999999999999
1.0 0.7208374875373879 17.994 16.066666666666666 0.15
1.0 0.7178464606181456 17.994 16.0 0.16
1.0 0.7108673978065803 17.994 15.844444444444445 0.17
1.0 0.6969092721834497 17.994 15.533333333333333 0.18000000000000002
1.0 0.6889332003988036 17.994 15.355555555555556 0.19000000000000003
1.0 0.6809571286141576 17.994 15.177777777777777 0.20000000000000004
1.0 0.6739780658025922 17.994 15.022222222222222 0.21000000000000005
1.0 0.6699900299102692 17.994 14.933333333333334 0.22000000000000006
1.0 0.6650049850448654 17.994 14.822222222222223 0.23000000000000007
1.0 0.6600199401794616 17.994 14.71111111111111 0.24000000000000007
1.0 0.6590229312063809 17.994 14.688888888888888 0.25000000000000006
1.0 0.654037886340977 17.994 14.577777777777778 0.26000000000000006
1.0 0.6520438683948155 17.994 14.533333333333333 0.2700000000000001
1.0 0.650049850448654 17.994 14.488888888888889 0.2800000000000001
1.0 0.6490528414755733 17.994 14.466666666666667 0.2900000000000001
1.0 0.646061814556331 17.994 14.4 0.3000000000000001
1.0 0.6440677966101694 17.994 14.355555555555556 0.3100000000000001
1.0 0.6390827517447657 17.994 14.244444444444444 0.3200000000000001
1.0 0.6331006979062812 17.994 14.11111111111111 0.3300000000000001
1.0 0.6321036889332003 17.994 14.088888888888889 0.34000000000000014
1.0 0.6301096709870389 17.994 14.044444444444444 0.35000000000000014
1.0 0.6281156530408774 17.994 14.0 0.36000000000000015
1.0 0.6271186440677966 17.994 13.977777777777778 0.37000000000000016
1.0 0.6211365902293121 17.994 13.844444444444445 0.38000000000000017
1.0 0.6161515453639083 17.994 13.733333333333333 0.3900000000000002
1.0 0.6101694915254238 17.994 13.6 0.4000000000000002
1.0 0.6051844466600199 17.994 13.488888888888889 0.4100000000000002
1.0 0.6021934197407777 17.994 13.422222222222222 0.4200000000000002
1.0 0.5932203389830508 17.994 13.222222222222221 0.4300000000000002
1.0 0.5832502492522432 17.994 13.0 0.4400000000000002
1.0 0.580259222333001 17.994 12.933333333333334 0.45000000000000023
1.0 0.5742771684945165 17.994 12.8 0.46000000000000024
1.0 0.5732801595214357 17.994 12.777777777777779 0.47000000000000025
1.0 0.5663010967098704 17.994 12.622222222222222 0.48000000000000026
1.0 0.5603190428713859 17.994 12.488888888888889 0.49000000000000027
1.0 0.5543369890329013 17.994 12.355555555555556 0.5000000000000002
1.0 0.5503489531405783 17.994 12.266666666666667 0.5100000000000002
1.0 0.5483549351944168 17.994 12.222222222222221 0.5200000000000002
1.0 0.543369890329013 17.994 12.11111111111111 0.5300000000000002
1.0 0.5383848454636092 17.994 12.0 0.5400000000000003
1.0 0.5373878364905285 17.994 11.977777777777778 0.5500000000000003
1.0 0.5324027916251246 17.994 11.866666666666667 0.5600000000000003
1.0 0.5264207377866401 17.994 11.733333333333333 0.5700000000000003
1.0 0.5214356929212363 17.994 11.622222222222222 0.5800000000000003
1.0 0.5194416749750748 17.994 11.577777777777778 0.5900000000000003
1.0 0.5174476570289133 17.994 11.533333333333333 0.6000000000000003
1.0 0.5134596211365903 17.994 11.444444444444445 0.6100000000000003
1.0 0.5124626121635095 17.994 11.422222222222222 0.6200000000000003
1.0 0.5114656031904287 17.994 11.4 0.6300000000000003
1.0 0.5084745762711864 17.994 11.333333333333334 0.6400000000000003
1.0 0.5054835493519442 17.994 11.266666666666667 0.6500000000000004
1.0 0.5034895314057827 17.994 11.222222222222221 0.6600000000000004
1.0 0.4955134596211366 17.994 11.044444444444444 0.6700000000000004
1.0 0.4915254237288136 17.994 10.955555555555556 0.6800000000000004
1.0 0.48255234297108673 17.994 10.755555555555556 0.6900000000000004
1.0 0.4785643070787637 17.994 10.666666666666666 0.7000000000000004
1.0 0.4646061814556331 17.994 10.355555555555556 0.7100000000000004
1.0 0.45862412761714855 17.994 10.222222222222221 0.7200000000000004
1.0 0.44666001994017945 17.994 9.955555555555556 0.7300000000000004
1.0 0.4386839481555334 17.994 9.777777777777779 0.7400000000000004
1.0 0.4307078763708873 17.994 9.6 0.7500000000000004
1.0 0.4247258225324028 17.994 9.466666666666667 0.7600000000000005
1.0 0.4137587238285145 17.994 9.222222222222221 0.7700000000000005
1.0 0.4057826520438684 17.994 9.044444444444444 0.7800000000000005
1.0 0.40279162512462613 17.994 8.977777777777778 0.7900000000000005
1.0 0.3968095712861416 17.994 8.844444444444445 0.8000000000000005
1.0 0.38584247258225324 17.994 8.6 0.8100000000000005
1.0 0.382851445663011 17.994 8.533333333333333 0.8200000000000005
1.0 0.37587238285144564 17.994 8.377777777777778 0.8300000000000005
0.999888851839502 0.37188434695912265 17.992 8.28888888888889 0.8400000000000005
0.9994442591975102 0.36889332003988035 17.984 8.222222222222221 0.8500000000000005
0.9988885183950206 0.3659022931206381 17.974 8.155555555555555 0.8600000000000005
0.9984439257530288 0.357926221335992 17.966 7.977777777777778 0.8700000000000006
0.9967767033455597 0.353938185443669 17.936 7.888888888888889 0.8800000000000006
0.9938868511726131 0.3469591226321037 17.884 7.733333333333333 0.8900000000000006
0.9911081471601645 0.33599202392821537 17.834 7.488888888888889 0.9000000000000006
0.9891074802712015 0.3230309072781655 17.798 7.2 0.9100000000000006
0.9871068133822385 0.30608175473579263 17.762 6.822222222222222 0.9200000000000006
0.9853284428142715 0.2931206380857428 17.73 6.533333333333333 0.9300000000000006
0.98432810936979 0.27218344965104685 17.712 6.066666666666666 0.9400000000000006
0.9825497388018228 0.2622133599202393 17.68 5.844444444444444 0.9500000000000006
0.9804379237523619 0.2472582253240279 17.642 5.511111111111111 0.9600000000000006
0.9761031454929421 0.22333000997008973 17.564 4.977777777777778 0.9700000000000006
0.9709903301100367 0.193419740777667 17.472 4.311111111111111 0.9800000000000006
0.9437590307880405 0.13958125623130607 16.982 3.111111111111111 0.9900000000000007
0.0 0.0 0.0 0.0
