1.0 1.0 17.994 20.06 0.0
1.0 0.864406779661017 17.994 17.34 0.01
1.0 0.7686939182452642 17.994 15.42 0.02
1.0 0.7288135593220338 17.994 14.62 0.03
1.0 0.6959122632103689 17.994 13.96 0.04
1.0 0.6669990029910269 17.994 13.38 0.05
1.0 0.6271186440677966 17.994 12.58 0.060000000000000005
1.0 0.6271186440677966 17.994 12.58 0.07
1.0 0.6061814556331007 17.994 12.16 0.08
1.0 0.5912263210368893 17.994 11.86 0.09
1.0 0.5712861415752741 17.994 11.46 0.09999999999999999
1.0 0.5583250249252243 17.994 11.2 0.10999999999999999
1.0 0.5493519441674976 17.994 11.02 0.11999999999999998
1.0 0.5443668993020937 17.994 10.92 0.12999999999999998
1.0 0.5373878364905285 17.994 10.78 0.13999999999999999
1.0 0.5264207377866401 17.994 10.56 0.15
1.0 0.5164506480558325 17.994 10.36 0.16
1.0 0.5044865403788634 17.994 10.12 0.17
1.0 0.48255234297108673 17.994 9.68 0.18000000000000002
1.0 0.4715852442671984 17.994 9.46 0.19000000000000003
1.0 0.46161515453639085 17.994 9.26 0.20000000000000004
1.0 0.452642073778664 17.994 9.08 0.21000000000000005
1.0 0.43968095712861416 17.994 8.82 0.22000000000000006
1.0 0.4336989032901296 17.994 8.7 0.23000000000000007
1.0 0.42971086739780656 17.994 8.62 0.24000000000000007
1.0 0.42273180458624127 17.994 8.48 0.25000000000000006
1.0 0.4187437686939183 17.994 8.4 0.26000000000000006
1.0 0.41774675972083747 17.994 8.38 0.2700000000000001
1.0 0.41575274177467597 17.994 8.34 0.2800000000000001
1.0 0.4147557328015952 17.994 8.32 0.2900000000000001
1.0 0.4137587238285145 17.994 8.3 0.3000000000000001
1.0 0.4127617148554337 17.994 8.28 0.3100000000000001
1.0 0.4107676969092722 17.994 8.24 0.3200000000000001
1.0 0.4067796610169492 17.994 8.16 0.3300000000000001
1.0 0.4057826520438684 17.994 8.14 0.34000000000000014
1.0 0.4047856430707876 17.994 8.12 0.35000000000000014
1.0 0.40079760717846463 17.994 8.04 0.36000000000000015
1.0 0.3988035892323031 17.994 8.0 0.37000000000000016
1.0 0.3938185443668993 17.994 7.9 0.38000000000000017
1.0 0.39082751744765704 17.994 7.84 0.3900000000000002
1.0 0.37886340977068794 17.994 7.6 0.4000000000000002
1.0 0.36889332003988035 17.994 7.4 0.4100000000000002
1.0 0.35992023928215355 17.994 7.22 0.4200000000000002
1.0 0.3469591226321037 17.994 6.96 0.4300000000000002
1.0 0.33798604187437686 17.994 6.78 0.4400000000000002
1.0 0.32801595214356927 17.994 6.58 0.45000000000000023
1.0 0.3180458624127617 17.994 6.38 0.46000000000000024
1.0 0.3070787637088734 17.994 6.16 0.47000000000000025
1.0 0.30109670987038883 17.994 6.04 0.48000000000000026
1.0 0.2971086739780658 17.994 5.96 0.49000000000000027
1.0 0.292123629112662 17.994 5.86 0.5000000000000002
1.0 0.28713858424725824 17.994 5.76 0.5100000000000002
1.0 0.28414755732801594 17.994 5.7 0.5200000000000002
1.0 0.2811565304087737 17.994 5.64 0.5300000000000002
1.0 0.2811565304087737 17.994 5.64 0.5400000000000003
1.0 0.27916251246261214 17.994 5.6 0.5500000000000003
1.0 0.27916251246261214 17.994 5.6 0.5600000000000003
1.0 0.2781655034895314 17.994 5.58 0.5700000000000003
1.0 0.27716849451645065 17.994 5.56 0.5800000000000003
1.0 0.27716849451645065 17.994 5.56 0.5900000000000003
1.0 0.27716849451645065 17.994 5.56 0.6000000000000003
1.0 0.2761714855433699 17.994 5.54 0.6100000000000003
1.0 0.27517447657028915 17.994 5.52 0.6200000000000003
1.0 0.27517447657028915 17.994 5.52 0.6300000000000003
1.0 0.2731804586241276 17.994 5.48 0.6400000000000003
1.0 0.27018943170488535 17.994 5.42 0.6500000000000004
1.0 0.2691924227318046 17.994 5.4 0.6600000000000004
1.0 0.26321036889332006 17.994 5.28 0.6700000000000004
1.0 0.25623130608175476 17.994 5.14 0.6800000000000004
1.0 0.2472582253240279 17.994 4.96 0.6900000000000004
1.0 0.24127617148554337 17.994 4.84 0.7000000000000004
1.0 0.2333000997008973 17.994 4.68 0.7100000000000004
1.0 0.22333000997008973 17.994 4.48 0.7200000000000004
1.0 0.21734795613160518 17.994 4.36 0.7300000000000004
1.0 0.2053838484546361 17.994 4.12 0.7400000000000004
1.0 0.18843469591226322 17.994 3.78 0.7500000000000004
1.0 0.1744765702891326 17.994 3.5 0.7600000000000005
1.0 0.17048853439680958 17.994 3.42 0.7700000000000005
0.999888851839502 0.16350947158524426 17.992 3.28 0.7800000000000005
0.999888851839502 0.1535393818544367 17.992 3.08 0.7900000000000005
0.999888851839502 0.14755732801595214 17.992 2.96 0.8000000000000005
0.9997777036790041 0.14356929212362912 17.99 2.88 0.8100000000000005
0.9995554073580082 0.14257228315054835 17.986 2.86 0.8200000000000005
0.9993331110370124 0.14057826520438685 17.982 2.82 0.8300000000000005
0.9991108147160165 0.13559322033898305 17.978 2.72 0.8400000000000005
0.998110481271535 0.13160518444666003 17.96 2.64 0.8500000000000005
0.9973324441480493 0.12562313060817548 17.946 2.52 0.8600000000000005
0.996109814382572 0.11864406779661017 17.924 2.38 0.8700000000000006
0.9945537401356007 0.11365902293120637 17.896 2.28 0.8800000000000006
0.99188618428365 0.10568295114656032 17.848 2.12 0.8900000000000006
0.9889963321107036 0.09870388833499502 17.796 1.98 0.9000000000000006
0.9867733689007447 0.09371884346959122 17.756 1.88 0.9100000000000006
0.9854395909747694 0.0897308075772682 17.732 1.8 0.9200000000000006
0.9836612204068023 0.08374875373878365 17.7 1.68 0.9300000000000006
0.9812159608758475 0.08175473579262213 17.656 1.64 0.9400000000000006
0.9798821829498722 0.07876370887337986 17.632 1.58 0.9500000000000006
0.9771034789374236 0.07776669990029911 17.582 1.56 0.9600000000000006
0.9744359230854729 0.07776669990029911 17.534 1.56 0.9700000000000006
0.9671001444926086 0.07776669990029911 17.402 1.56 0.9800000000000006
0.9450928087140158 0.07776669990029911 17.006 1.56 0.9900000000000007
0.0 0.0 0.0 0.0
