1.0 1.0 89.97 40.12 0.0
0.9989996665555185 0.9990029910269193 89.88 40.08 0.01
0.9987773702345226 0.9920239282153539 89.86 39.8 0.02
0.9986662220740247 0.9850448654037887 89.85 39.52 0.03
0.9985550739135267 0.9790628115653041 89.84 39.28 0.04
0.9984439257530288 0.9790628115653041 89.83 39.28 0.05
0.9983327775925308 0.9720837487537388 89.82 39.0 0.060000000000000005
0.9983327775925308 0.9720837487537388 89.82 39.0 0.07
0.9983327775925308 0.9680957128614157 89.82 38.84 0.08
0.9983327775925308 0.9651046859421735 89.82 38.72 0.09
0.9983327775925308 0.9641076769690927 89.82 38.68 0.09999999999999999
0.9983327775925308 0.9641076769690927 89.82 38.68 0.10999999999999999
0.9983327775925308 0.963110667996012 89.82 38.64 0.11999999999999998
0.9983327775925308 0.9601196410767697 89.82 38.52 0.12999999999999998
0.9983327775925308 0.959122632103689 89.82 38.48 0.13999999999999999
0.9983327775925308 0.9551345962113659 89.82 38.32 0.15
0.9983327775925308 0.9531405782652044 89.82 38.24 0.16
0.9983327775925308 0.9481555333998006 89.82 38.04 0.17
0.9983327775925308 0.938185443668993 89.82 37.64 0.18000000000000002
0.9983327775925308 0.9332003988035892 89.82 37.44 0.19000000000000003
0.9983327775925308 0.9292123629112662 89.82 37.28 0.20000000000000004
0.9983327775925308 0.9272183449651047 89.82 37.2 0.21000000000000005
0.9983327775925308 0.922233300099701 89.82 37.0 0.22000000000000006
0.9983327775925308 0.9202392821535393 89.82 36.92 0.23000000000000007
0.9983327775925308 0.9202392821535393 89.82 36.92 0.24000000000000007
0.9983327775925308 0.9192422731804586 89.82 36.88 0.25000000000000006
0.9983327775925308 0.9192422731804586 89.82 36.88 0.26000000000000006
0.9983327775925308 0.9192422731804586 89.82 36.88 0.2700000000000001
0.9982216294320329 0.9182452642073778 89.81 36.84 0.2800000000000001
0.9982216294320329 0.9182452642073778 89.81 36.84 0.2900000000000001
0.9982216294320329 0.9182452642073778 89.81 36.84 0.3000000000000001
0.9982216294320329 0.9172482552342971 89.81 36.8 0.3100000000000001
0.998110481271535 0.9172482552342971 89.8 36.8 0.3200000000000001
0.998110481271535 0.9172482552342971 89.8 36.8 0.3300000000000001
0.998110481271535 0.9142572283150548 89.8 36.68 0.34000000000000014
0.998110481271535 0.9112662013958126 89.8 36.56 0.35000000000000014
0.998110481271535 0.9082751744765702 89.8 36.44 0.36000000000000015
0.998110481271535 0.9082751744765702 89.8 36.44 0.37000000000000016
0.998110481271535 0.901296111665005 89.8 36.16 0.38000000000000017
0.998110481271535 0.8973080757726819 89.8 36.0 0.3900000000000002
0.998110481271535 0.8923230309072782 89.8 35.8 0.4000000000000002
0.998110481271535 0.8903290129611167 89.8 35.72 0.4100000000000002
0.998110481271535 0.8843469591226321 89.8 35.48 0.4200000000000002
0.998110481271535 0.8793619142572283 89.8 35.28 0.4300000000000002
0.998110481271535 0.8733798604187437 89.8 35.04 0.4400000000000002
0.998110481271535 0.8703888334995015 89.8 34.92 0.45000000000000023
0.998110481271535 0.8664007976071785 89.8 34.76 0.46000000000000024
0.998110481271535 0.8614157527417746 89.8 34.56 0.47000000000000025
0.998110481271535 0.8574277168494516 89.8 34.4 0.48000000000000026
0.998110481271535 0.8494516450648056 89.8 34.08 0.49000000000000027
0.998110481271535 0.8484546360917248 89.8 34.04 0.5000000000000002
0.998110481271535 0.8454636091724825 89.8 33.92 0.5100000000000002
0.998110481271535 0.8424725822532403 89.8 33.8 0.5200000000000002
0.998110481271535 0.8404785643070788 89.8 33.72 0.5300000000000002
0.998110481271535 0.839481555333998 89.8 33.68 0.5400000000000003
0.998110481271535 0.839481555333998 89.8 33.68 0.5500000000000003
0.998110481271535 0.8384845463609173 89.8 33.64 0.5600000000000003
0.998110481271535 0.8374875373878365 89.8 33.6 0.5700000000000003
0.998110481271535 0.8334995014955134 89.8 33.44 0.5800000000000003
0.998110481271535 0.8325024925224327 89.8 33.4 0.5900000000000003
0.998110481271535 0.8315054835493519 89.8 33.36 0.6000000000000003
0.9979993331110371 0.8285144566301097 89.79 33.24 0.6100000000000003
0.9979993331110371 0.8245264207377866 89.79 33.08 0.6200000000000003
0.9979993331110371 0.8195413758723828 89.79 32.88 0.6300000000000003
0.9979993331110371 0.8135593220338984 89.79 32.64 0.6400000000000003
0.9979993331110371 0.8055832502492523 89.79 32.32 0.6500000000000004
0.9979993331110371 0.7976071784646062 89.79 32.0 0.6600000000000004
0.9979993331110371 0.7906281156530409 89.79 31.72 0.6700000000000004
0.9979993331110371 0.7806580259222333 89.79 31.32 0.6800000000000004
0.9979993331110371 0.7666999002991027 89.79 30.76 0.6900000000000004
0.9979993331110371 0.7517447657028913 89.79 30.16 0.7000000000000004
0.9979993331110371 0.7347956131605184 89.79 29.48 0.7100000000000004
0.9979993331110371 0.7218344965104686 89.79 28.96 0.7200000000000004
0.9979993331110371 0.7048853439680958 89.79 28.28 0.7300000000000004
0.9979993331110371 0.6829511465603191 89.79 27.4 0.7400000000000004
0.9979993331110371 0.6600199401794616 89.79 26.48 0.7500000000000004
0.9979993331110371 0.6400797607178464 89.79 25.68 0.7600000000000005
0.9979993331110371 0.6281156530408774 89.79 25.2 0.7700000000000005
0.9976658886295432 0.6191425722831505 89.76 24.84 0.7800000000000005
0.9974435923085473 0.6151545363908275 89.74 24.68 0.7900000000000005
0.9966655551850617 0.6111665004985045 89.67 24.52 0.8000000000000005
0.9953317772590864 0.609172482552343 89.55 24.44 0.8100000000000005
0.9926642214071357 0.609172482552343 89.31 24.44 0.8200000000000005
0.9882182949872179 0.6031904287138584 88.91 24.2 0.8300000000000005
0.9804379237523619 0.5922233300099701 88.21 23.76 0.8400000000000005
0.9667667000111149 0.5792622133599202 86.98 23.24 0.8500000000000005
0.9455374013560076 0.5373878364905285 85.07 21.56 0.8600000000000005
0.9116372124041348 0.4915254237288136 82.02 19.72 0.8700000000000006
0.8671779482049572 0.4406779661016949 78.02 17.68 0.8800000000000006
0.8139379793264422 0.3778664007976072 73.23 15.16 0.8900000000000006
0.7564743803490053 0.2951146560319043 68.06 11.84 0.9000000000000006
0.6958986328776259 0.21136590229312063 62.61 8.48 0.9100000000000006
0.6435478492830944 0.1365902293120638 57.9 5.48 0.9200000000000006
0.6043125486273202 0.07278165503489531 54.37 2.92 0.9300000000000006
0.5719684339224186 0.038883349950149554 51.46 1.56 0.9400000000000006
0.5498499499833278 0.01694915254237288 49.47 0.68 0.9500000000000006
0.5325108369456486 0.003988035892323031 47.91 0.16 0.9600000000000006
0.5137267978214961 0.0029910269192422734 46.22 0.12 0.9700000000000006
0.47538068244970544 0.0019940179461615153 42.77 0.08 0.9800000000000006
0.3784594864954985 9.970089730807576E-4 34.05 0.04 0.9900000000000007
0.0 0.0 0.0 0.0
