1.0 1.0 29.99 16.716666666666665 0.0
1.0 0.9880358923230309 29.99 16.516666666666666 0.01
1.0 0.9491525423728814 29.99 15.866666666666667 0.02
1.0 0.9332003988035892 29.99 15.6 0.03
1.0 0.9062811565304087 29.99 15.15 0.04
1.0 0.8863409770687937 29.99 14.816666666666666 0.05
1.0 0.8484546360917248 29.99 14.183333333333334 0.060000000000000005
1.0 0.8484546360917248 29.99 14.183333333333334 0.07
1.0 0.8315054835493519 29.99 13.9 0.08
1.0 0.8205383848454636 29.99 13.716666666666667 0.09
1.0 0.8095712861415753 29.99 13.533333333333333 0.09999999999999999
1.0 0.8035892323030908 29.99 13.433333333333334 0.10999999999999999
1.0 0.7976071784646062 29.99 13.333333333333334 0.11999999999999998
1.0 0.7916251246261217 29.99 13.233333333333333 0.12999999999999998
1.0 0.7876370887337986 29.99 13.166666666666666 0.13999999999999999
1.0 0.7796610169491526 29.99 13.033333333333333 0.15
1.0 0.7706879361914257 29.99 12.883333333333333 0.16
1.0 0.7617148554336989 29.99 12.733333333333333 0.17
1.0 0.7437686939182453 29.99 12.433333333333334 0.18000000000000002
1.0 0.7357926221335992 29.99 12.3 0.19000000000000003
1.0 0.7258225324027916 29.99 12.133333333333333 0.20000000000000004
1.0 0.7148554336989033 29.99 11.95 0.21000000000000005
1.0 0.707876370887338 29.99 11.833333333333334 0.22000000000000006
1.0 0.6999002991026919 29.99 11.7 0.23000000000000007
1.0 0.6919242273180458 29.99 11.566666666666666 0.24000000000000007
1.0 0.6889332003988036 29.99 11.516666666666667 0.25000000000000006
1.0 0.6869391824526421 29.99 11.483333333333333 0.26000000000000006
1.0 0.6839481555333998 29.99 11.433333333333334 0.2700000000000001
1.0 0.6819541375872383 29.99 11.4 0.2800000000000001
1.0 0.6719840478564307 29.99 11.233333333333333 0.2900000000000001
1.0 0.6719840478564307 29.99 11.233333333333333 0.3000000000000001
1.0 0.67098703888335 29.99 11.216666666666667 0.3100000000000001
1.0 0.6669990029910269 29.99 11.15 0.3200000000000001
1.0 0.6669990029910269 29.99 11.15 0.3300000000000001
1.0 0.6610169491525424 29.99 11.05 0.34000000000000014
1.0 0.6530408773678963 29.99 10.916666666666666 0.35000000000000014
1.0 0.6490528414755733 29.99 10.85 0.36000000000000015
1.0 0.6430707876370887 29.99 10.75 0.37000000000000016
1.0 0.6360917248255235 29.99 10.633333333333333 0.38000000000000017
1.0 0.6301096709870389 29.99 10.533333333333333 0.3900000000000002
1.0 0.6221335992023929 29.99 10.4 0.4000000000000002
1.0 0.6101694915254238 29.99 10.2 0.4100000000000002
1.0 0.5952143569292123 29.99 9.95 0.4200000000000002
1.0 0.584247258225324 29.99 9.766666666666667 0.4300000000000002
1.0 0.5752741774675972 29.99 9.616666666666667 0.4400000000000002
1.0 0.5672981056829511 29.99 9.483333333333333 0.45000000000000023
1.0 0.555333998005982 29.99 9.283333333333333 0.46000000000000024
1.0 0.5463609172482552 29.99 9.133333333333333 0.47000000000000025
1.0 0.5403788634097707 29.99 9.033333333333333 0.48000000000000026
1.0 0.5333998005982054 29.99 8.916666666666666 0.49000000000000027
1.0 0.5284147557328016 29.99 8.833333333333334 0.5000000000000002
1.0 0.5254237288135594 29.99 8.783333333333333 0.5100000000000002
1.0 0.5234297108673978 29.99 8.75 0.5200000000000002
1.0 0.5214356929212363 29.99 8.716666666666667 0.5300000000000002
1.0 0.5194416749750748 29.99 8.683333333333334 0.5400000000000003
1.0 0.5174476570289133 29.99 8.65 0.5500000000000003
1.0 0.5154536390827518 29.99 8.616666666666667 0.5600000000000003
1.0 0.5134596211365903 29.99 8.583333333333334 0.5700000000000003
1.0 0.5134596211365903 29.99 8.583333333333334 0.5800000000000003
1.0 0.5114656031904287 29.99 8.55 0.5900000000000003
1.0 0.5094715852442672 29.99 8.516666666666667 0.6000000000000003
1.0 0.5074775672981057 29.99 8.483333333333333 0.6100000000000003
1.0 0.5074775672981057 29.99 8.483333333333333 0.6200000000000003
1.0 0.5064805583250249 29.99 8.466666666666667 0.6300000000000003
1.0 0.5024925224327019 29.99 8.4 0.6400000000000003
1.0 0.4965104685942173 29.99 8.3 0.6500000000000004
1.0 0.4865403788634098 29.99 8.133333333333333 0.6600000000000004
1.0 0.47258225324027914 29.99 7.9 0.6700000000000004
1.0 0.46360917248255235 29.99 7.75 0.6800000000000004
1.0 0.4476570289132602 29.99 7.483333333333333 0.6900000000000004
1.0 0.43668993020937186 29.99 7.3 0.7000000000000004
1.0 0.41774675972083747 29.99 6.983333333333333 0.7100000000000004
1.0 0.4017946161515454 29.99 6.716666666666667 0.7200000000000004
1.0 0.3848454636091725 29.99 6.433333333333334 0.7300000000000004
1.0 0.3698903290129611 29.99 6.183333333333334 0.7400000000000004
1.0 0.35194416749750745 29.99 5.883333333333334 0.7500000000000004
1.0 0.32801595214356927 29.99 5.483333333333333 0.7600000000000005
1.0 0.3180458624127617 29.99 5.316666666666666 0.7700000000000005
1.0 0.3100697906281156 29.99 5.183333333333334 0.7800000000000005
1.0 0.30309072781655033 29.99 5.066666666666666 0.7900000000000005
0.999888851839502 0.3000997008973081 29.986666666666668 5.016666666666667 0.8000000000000005
0.9994442591975102 0.2971086739780658 29.973333333333333 4.966666666666667 0.8100000000000005
0.9988885183950206 0.2951146560319043 29.956666666666667 4.933333333333334 0.8200000000000005
0.9977770367900411 0.28614157527417744 29.923333333333332 4.783333333333333 0.8300000000000005
0.996109814382572 0.2811565304087737 29.873333333333335 4.7 0.8400000000000005
0.9928865177281316 0.2761714855433699 29.776666666666667 4.616666666666666 0.8500000000000005
0.9877737023452262 0.2691924227318046 29.623333333333335 4.5 0.8600000000000005
0.9791041458263866 0.25324027916251246 29.363333333333333 4.233333333333333 0.8700000000000006
0.9691008113815717 0.24127617148554337 29.063333333333333 4.033333333333333 0.8800000000000006
0.9567633655662999 0.21635094715852443 28.69333333333333 3.6166666666666667 0.8900000000000006
0.9452039568745138 0.1814556331006979 28.346666666666668 3.033333333333333 0.9000000000000006
0.9318661776147604 0.15553339980059822 27.946666666666665 2.6 0.9100000000000006
0.919084139157497 0.14057826520438685 27.563333333333333 2.35 0.9200000000000006
0.9103034344781594 0.1156530408773679 27.3 1.9333333333333333 0.9300000000000006
0.903189952206291 0.10767696909272183 27.086666666666666 1.8 0.9400000000000006
0.8965210625764144 0.1016949152542373 26.886666666666667 1.7 0.9500000000000006
0.891297099033011 0.0967098703888335 26.73 1.6166666666666667 0.9600000000000006
0.8829609869956653 0.09571286141575275 26.48 1.6 0.9700000000000006
0.859619873291097 0.09571286141575275 25.78 1.6 0.9800000000000006
0.7942647549183061 0.09571286141575275 23.82 1.6 0.9900000000000007
0.0 0.0 0.0 0.0
