1.0 1.0 89.97 2.156989247311828 0.0
1.0 0.9950149551345963 89.97 2.1462365591397847 0.01
1.0 0.9740777666999003 89.97 2.1010752688172043 0.02
1.0 0.9651046859421735 89.97 2.0817204301075267 0.03
1.0 0.963110667996012 89.97 2.07741935483871 0.04
1.0 0.9531405782652044 89.97 2.055913978494624 0.05
1.0 0.9441674975074775 89.97 2.0365591397849463 0.060000000000000005
1.0 0.9441674975074775 89.97 2.0365591397849463 0.07
1.0 0.9391824526420738 89.97 2.0258064516129033 0.08
1.0 0.93419740777667 89.97 2.0150537634408603 0.09
1.0 0.9292123629112662 89.97 2.0043010752688173 0.09999999999999999
1.0 0.9212362911266201 89.97 1.9870967741935484 0.10999999999999999
1.0 0.9202392821535393 89.97 1.9849462365591397 0.11999999999999998
1.0 0.9172482552342971 89.97 1.978494623655914 0.12999999999999998
1.0 0.9142572283150548 89.97 1.972043010752688 0.13999999999999999
1.0 0.9132602193419741 89.97 1.9698924731182796 0.15
1.0 0.9082751744765702 89.97 1.9591397849462366 0.16
1.0 0.9072781655034895 89.97 1.956989247311828 0.17
1.0 0.901296111665005 89.97 1.9440860215053763 0.18000000000000002
1.0 0.8983050847457628 89.97 1.9376344086021506 0.19000000000000003
1.0 0.8963110667996012 89.97 1.9333333333333333 0.20000000000000004
1.0 0.8963110667996012 89.97 1.9333333333333333 0.21000000000000005
1.0 0.8943170488534397 89.97 1.929032258064516 0.22000000000000006
1.0 0.8923230309072782 89.97 1.924731182795699 0.23000000000000007
1.0 0.8903290129611167 89.97 1.9204301075268817 0.24000000000000007
1.0 0.8893320039880359 89.97 1.918279569892473 0.25000000000000006
1.0 0.8893320039880359 89.97 1.918279569892473 0.26000000000000006
1.0 0.8883349950149552 89.97 1.9161290322580644 0.2700000000000001
1.0 0.8883349950149552 89.97 1.9161290322580644 0.2800000000000001
1.0 0.8883349950149552 89.97 1.9161290322580644 0.2900000000000001
1.0 0.8883349950149552 89.97 1.9161290322580644 0.3000000000000001
1.0 0.8883349950149552 89.97 1.9161290322580644 0.3100000000000001
1.0 0.8883349950149552 89.97 1.9161290322580644 0.3200000000000001
1.0 0.8873379860418744 89.97 1.913978494623656 0.3300000000000001
1.0 0.8873379860418744 89.97 1.913978494623656 0.34000000000000014
1.0 0.8863409770687937 89.97 1.9118279569892473 0.35000000000000014
1.0 0.8863409770687937 89.97 1.9118279569892473 0.36000000000000015
1.0 0.8843469591226321 89.97 1.90752688172043 0.37000000000000016
1.0 0.8823529411764706 89.97 1.903225806451613 0.38000000000000017
1.0 0.8813559322033898 89.97 1.9010752688172043 0.3900000000000002
1.0 0.8783649052841476 89.97 1.8946236559139784 0.4000000000000002
1.0 0.8733798604187437 89.97 1.8838709677419354 0.4100000000000002
1.0 0.8703888334995015 89.97 1.8774193548387097 0.4200000000000002
1.0 0.864406779661017 89.97 1.864516129032258 0.4300000000000002
1.0 0.8604187437686939 89.97 1.8559139784946237 0.4400000000000002
1.0 0.8524426719840479 89.97 1.8387096774193548 0.45000000000000023
1.0 0.8494516450648056 89.97 1.832258064516129 0.46000000000000024
1.0 0.8464606181455633 89.97 1.8258064516129033 0.47000000000000025
1.0 0.8454636091724825 89.97 1.8236559139784947 0.48000000000000026
1.0 0.8444666001994018 89.97 1.821505376344086 0.49000000000000027
1.0 0.8424725822532403 89.97 1.8172043010752688 0.5000000000000002
1.0 0.839481555333998 89.97 1.810752688172043 0.5100000000000002
1.0 0.8374875373878365 89.97 1.8064516129032258 0.5200000000000002
1.0 0.8374875373878365 89.97 1.8064516129032258 0.5300000000000002
1.0 0.8374875373878365 89.97 1.8064516129032258 0.5400000000000003
1.0 0.8374875373878365 89.97 1.8064516129032258 0.5500000000000003
1.0 0.8374875373878365 89.97 1.8064516129032258 0.5600000000000003
1.0 0.8364905284147557 89.97 1.8043010752688171 0.5700000000000003
1.0 0.8354935194416749 89.97 1.8021505376344087 0.5800000000000003
1.0 0.8354935194416749 89.97 1.8021505376344087 0.5900000000000003
1.0 0.8334995014955134 89.97 1.7978494623655914 0.6000000000000003
1.0 0.8325024925224327 89.97 1.7956989247311828 0.6100000000000003
1.0 0.8305084745762712 89.97 1.7913978494623657 0.6200000000000003
1.0 0.8295114656031904 89.97 1.789247311827957 0.6300000000000003
1.0 0.827517447657029 89.97 1.7849462365591398 0.6400000000000003
1.0 0.8245264207377866 89.97 1.778494623655914 0.6500000000000004
1.0 0.8185443668993021 89.97 1.7655913978494624 0.6600000000000004
1.0 0.8095712861415753 89.97 1.746236559139785 0.6700000000000004
1.0 0.8055832502492523 89.97 1.7376344086021505 0.6800000000000004
1.0 0.7906281156530409 89.97 1.7053763440860215 0.6900000000000004
1.0 0.7776669990029911 89.97 1.6774193548387097 0.7000000000000004
1.0 0.7557328015952144 89.97 1.6301075268817204 0.7100000000000004
1.0 0.7357926221335992 89.97 1.5870967741935484 0.7200000000000004
1.0 0.7108673978065803 89.97 1.5333333333333334 0.7300000000000004
1.0 0.6899302093718843 89.97 1.4881720430107528 0.7400000000000004
1.0 0.678963110667996 89.97 1.4645161290322581 0.7500000000000004
1.0 0.6630109670987039 89.97 1.4301075268817205 0.7600000000000005
1.0 0.6490528414755733 89.97 1.4 0.7700000000000005
0.9997777036790041 0.6370887337986042 89.95 1.3741935483870968 0.7800000000000005
0.9993331110370124 0.6251246261216351 89.91 1.3483870967741935 0.7900000000000005
0.9989996665555185 0.617148554336989 89.88 1.3311827956989248 0.8000000000000005
0.9971101478270534 0.6081754735792622 89.71 1.3118279569892473 0.8100000000000005
0.9948871846170946 0.6061814556331007 89.51 1.3075268817204302 0.8200000000000005
0.9899966655551851 0.5972083748753739 89.07 1.2881720430107526 0.8300000000000005
0.9826608869623208 0.5892323030907278 88.41 1.270967741935484 0.8400000000000005
0.9701011448260531 0.5742771684945165 87.28 1.238709677419355 0.8500000000000005
0.9504279204179171 0.5314057826520439 85.51 1.146236559139785 0.8600000000000005
0.9223074358119373 0.48753738783649053 82.98 1.0516129032258064 0.8700000000000006
0.8830721351561631 0.4406779661016949 79.45 0.9505376344086022 0.8800000000000006
0.8323885739691008 0.38783649052841473 74.89 0.8365591397849462 0.8900000000000006
0.7779259753251083 0.3070787637088734 69.99 0.6623655913978495 0.9000000000000006
0.7231299321996221 0.22731804586241275 65.06 0.49032258064516127 0.9100000000000006
0.6750027787040125 0.1625124626121635 60.73 0.35053763440860214 0.9200000000000006
0.6396576636656663 0.1106679960119641 57.55 0.23870967741935484 0.9300000000000006
0.6128709569856619 0.07976071784646062 55.14 0.17204301075268819 0.9400000000000006
0.5894186951205957 0.06380857427716849 53.03 0.13763440860215054 0.9500000000000006
0.5706346559964433 0.05284147557328016 51.34 0.11397849462365592 0.9600000000000006
0.5521840613537846 0.05284147557328016 49.68 0.11397849462365592 0.9700000000000006
0.515727464710459 0.0518444666001994 46.4 0.11182795698924732 0.9800000000000006
0.4243636767811493 0.05084745762711865 38.18 0.10967741935483871 0.9900000000000007
0.0 0.0 0.0 0.0
