1.0 1.0 22.4925 10.557894736842105 0.0
1.0 0.9142572283150548 22.4925 9.652631578947368 0.01
1.0 0.839481555333998 22.4925 8.863157894736842 0.02
1.0 0.8045862412761715 22.4925 8.494736842105263 0.03
1.0 0.7706879361914257 22.4925 8.136842105263158 0.04
1.0 0.7407776669990029 22.4925 7.821052631578947 0.05
1.0 0.711864406779661 22.4925 7.515789473684211 0.060000000000000005
1.0 0.711864406779661 22.4925 7.515789473684211 0.07
1.0 0.6979062811565304 22.4925 7.368421052631579 0.08
1.0 0.6859421734795613 22.4925 7.242105263157895 0.09
1.0 0.6729810568295115 22.4925 7.105263157894737 0.09999999999999999
1.0 0.6650049850448654 22.4925 7.021052631578947 0.10999999999999999
1.0 0.6600199401794616 22.4925 6.968421052631579 0.11999999999999998
1.0 0.6580259222333001 22.4925 6.947368421052632 0.12999999999999998
1.0 0.6510468594217348 22.4925 6.873684210526315 0.13999999999999999
1.0 0.6490528414755733 22.4925 6.852631578947369 0.15
1.0 0.638085742771685 22.4925 6.7368421052631575 0.16
1.0 0.6331006979062812 22.4925 6.684210526315789 0.17
1.0 0.6151545363908275 22.4925 6.494736842105263 0.18000000000000002
1.0 0.609172482552343 22.4925 6.431578947368421 0.19000000000000003
1.0 0.5942173479561316 22.4925 6.273684210526316 0.20000000000000004
1.0 0.5852442671984048 22.4925 6.178947368421053 0.21000000000000005
1.0 0.5742771684945165 22.4925 6.063157894736842 0.22000000000000006
1.0 0.5663010967098704 22.4925 5.978947368421053 0.23000000000000007
1.0 0.5563310069790628 22.4925 5.873684210526315 0.24000000000000007
1.0 0.5523429710867398 22.4925 5.831578947368421 0.25000000000000006
1.0 0.5523429710867398 22.4925 5.831578947368421 0.26000000000000006
1.0 0.5493519441674976 22.4925 5.8 0.2700000000000001
1.0 0.5473579262213359 22.4925 5.778947368421052 0.2800000000000001
1.0 0.5423728813559322 22.4925 5.726315789473684 0.2900000000000001
1.0 0.5413758723828515 22.4925 5.71578947368421 0.3000000000000001
1.0 0.5413758723828515 22.4925 5.71578947368421 0.3100000000000001
1.0 0.53938185443669 22.4925 5.6947368421052635 0.3200000000000001
1.0 0.5373878364905285 22.4925 5.673684210526316 0.3300000000000001
1.0 0.5363908275174477 22.4925 5.663157894736842 0.34000000000000014
1.0 0.5353938185443669 22.4925 5.652631578947369 0.35000000000000014
1.0 0.5324027916251246 22.4925 5.621052631578947 0.36000000000000015
1.0 0.5304087736789631 22.4925 5.6 0.37000000000000016
1.0 0.5274177467597209 22.4925 5.568421052631579 0.38000000000000017
1.0 0.5214356929212363 22.4925 5.505263157894737 0.3900000000000002
1.0 0.5134596211365903 22.4925 5.421052631578948 0.4000000000000002
1.0 0.5044865403788634 22.4925 5.326315789473684 0.4100000000000002
1.0 0.4945164506480558 22.4925 5.221052631578948 0.4200000000000002
1.0 0.4795613160518445 22.4925 5.063157894736842 0.4300000000000002
1.0 0.47258225324027914 22.4925 4.989473684210527 0.4400000000000002
1.0 0.4626121635094716 22.4925 4.88421052631579 0.45000000000000023
1.0 0.4576271186440678 22.4925 4.831578947368421 0.46000000000000024
1.0 0.4456630109670987 22.4925 4.705263157894737 0.47000000000000025
1.0 0.44167497507477566 22.4925 4.663157894736842 0.48000000000000026
1.0 0.43469591226321036 22.4925 4.589473684210526 0.49000000000000027
1.0 0.4307078763708873 22.4925 4.5473684210526315 0.5000000000000002
1.0 0.4247258225324028 22.4925 4.484210526315789 0.5100000000000002
1.0 0.419740777666999 22.4925 4.431578947368421 0.5200000000000002
1.0 0.4127617148554337 22.4925 4.3578947368421055 0.5300000000000002
1.0 0.4097706879361914 22.4925 4.326315789473684 0.5400000000000003
1.0 0.4047856430707876 22.4925 4.273684210526316 0.5500000000000003
1.0 0.39780658025922233 22.4925 4.2 0.5600000000000003
1.0 0.3938185443668993 22.4925 4.157894736842105 0.5700000000000003
1.0 0.39082751744765704 22.4925 4.126315789473685 0.5800000000000003
1.0 0.3848454636091725 22.4925 4.063157894736842 0.5900000000000003
1.0 0.382851445663011 22.4925 4.042105263157895 0.6000000000000003
1.0 0.3798604187437687 22.4925 4.010526315789473 0.6100000000000003
1.0 0.37886340977068794 22.4925 4.0 0.6200000000000003
1.0 0.3778664007976072 22.4925 3.9894736842105263 0.6300000000000003
1.0 0.3748753738783649 22.4925 3.957894736842105 0.6400000000000003
1.0 0.37188434695912265 22.4925 3.9263157894736844 0.6500000000000004
1.0 0.36191425722831505 22.4925 3.8210526315789473 0.6600000000000004
1.0 0.3589232303090728 22.4925 3.789473684210526 0.6700000000000004
1.0 0.3489531405782652 22.4925 3.6842105263157894 0.6800000000000004
1.0 0.3419740777666999 22.4925 3.610526315789474 0.6900000000000004
1.0 0.3320039880358923 22.4925 3.5052631578947366 0.7000000000000004
1.0 0.3240279162512463 22.4925 3.4210526315789473 0.7100000000000004
1.0 0.3050847457627119 22.4925 3.221052631578947 0.7200000000000004
1.0 0.292123629112662 22.4925 3.0842105263157893 0.7300000000000004
1.0 0.27716849451645065 22.4925 2.9263157894736844 0.7400000000000004
1.0 0.26321036889332006 22.4925 2.778947368421053 0.7500000000000004
1.0 0.24825523429710866 22.4925 2.6210526315789475 0.7600000000000005
1.0 0.23629112662013957 22.4925 2.4947368421052634 0.7700000000000005
1.0 0.22831505483549352 22.4925 2.4105263157894736 0.7800000000000005
0.999888851839502 0.22233300099700898 22.49 2.3473684210526318 0.7900000000000005
0.999888851839502 0.21834496510468593 22.49 2.305263157894737 0.8000000000000005
0.999888851839502 0.21036889332003988 22.49 2.221052631578947 0.8100000000000005
0.9997777036790041 0.20937188434695914 22.4875 2.210526315789474 0.8200000000000005
0.9993331110370124 0.2073778664007976 22.4775 2.1894736842105265 0.8300000000000005
0.9988885183950206 0.20139581256231306 22.4675 2.126315789473684 0.8400000000000005
0.9978881849505391 0.19740777666999004 22.445 2.0842105263157893 0.8500000000000005
0.9963321107035679 0.18943170488534397 22.41 2.0 0.8600000000000005
0.9938868511726131 0.17846460618145563 22.355 1.8842105263157896 0.8700000000000006
0.990218961876181 0.1674975074775673 22.2725 1.768421052631579 0.8800000000000006
0.986106479937757 0.1575274177467597 22.18 1.6631578947368422 0.8900000000000006
0.9813271090363455 0.14955134596211367 22.0725 1.5789473684210527 0.9000000000000006
0.9773257752584195 0.13060817547357925 21.9825 1.3789473684210527 0.9100000000000006
0.9733244414804935 0.1156530408773679 21.8925 1.2210526315789474 0.9200000000000006
0.9694342558630654 0.10568295114656032 21.805 1.1157894736842104 0.9300000000000006
0.9659886628876292 0.10269192422731804 21.7275 1.0842105263157895 0.9400000000000006
0.9627653662331889 0.09970089730807577 21.655 1.0526315789473684 0.9500000000000006
0.9587640324552629 0.09870388833499502 21.565 1.0421052631578946 0.9600000000000006
0.9514282538623986 0.09870388833499502 21.4 1.0421052631578946 0.9700000000000006
0.9384239190841391 0.09870388833499502 21.1075 1.0421052631578946 0.9800000000000006
0.8990774702678671 0.09870388833499502 20.2225 1.0421052631578946 0.9900000000000007
0.0 0.0 0.0 0.0
