1.0 1.0 44.985 35.82142857142857 0.0
1.0 0.9970089730807578 44.985 35.714285714285715 0.01
1.0 0.9720837487537388 44.985 34.82142857142857 0.02
1.0 0.9641076769690927 44.985 34.535714285714285 0.03
1.0 0.9521435692921236 44.985 34.107142857142854 0.04
1.0 0.9431704885343968 44.985 33.785714285714285 0.05
1.0 0.9172482552342971 44.985 32.857142857142854 0.060000000000000005
1.0 0.9172482552342971 44.985 32.857142857142854 0.07
1.0 0.909272183449651 44.985 32.57142857142857 0.08
1.0 0.9042871385842473 44.985 32.392857142857146 0.09
1.0 0.9002991026919243 44.985 32.25 0.09999999999999999
1.0 0.8933200398803589 44.985 32.0 0.10999999999999999
1.0 0.8843469591226321 44.985 31.678571428571427 0.11999999999999998
1.0 0.8783649052841476 44.985 31.464285714285715 0.12999999999999998
1.0 0.8753738783649053 44.985 31.357142857142858 0.13999999999999999
1.0 0.8634097706879362 44.985 30.928571428571427 0.15
1.0 0.8584247258225324 44.985 30.75 0.16
1.0 0.8524426719840479 44.985 30.535714285714285 0.17
1.0 0.8364905284147557 44.985 29.964285714285715 0.18000000000000002
1.0 0.8315054835493519 44.985 29.785714285714285 0.19000000000000003
1.0 0.8245264207377866 44.985 29.535714285714285 0.20000000000000004
1.0 0.8175473579262214 44.985 29.285714285714285 0.21000000000000005
1.0 0.8095712861415753 44.985 29.0 0.22000000000000006
1.0 0.8035892323030908 44.985 28.785714285714285 0.23000000000000007
1.0 0.8015952143569293 44.985 28.714285714285715 0.24000000000000007
1.0 0.7966101694915254 44.985 28.535714285714285 0.25000000000000006
1.0 0.7956131605184447 44.985 28.5 0.26000000000000006
1.0 0.7946161515453639 44.985 28.464285714285715 0.2700000000000001
1.0 0.7936191425722832 44.985 28.428571428571427 0.2800000000000001
1.0 0.7936191425722832 44.985 28.428571428571427 0.2900000000000001
1.0 0.7926221335992024 44.985 28.392857142857142 0.3000000000000001
1.0 0.7906281156530409 44.985 28.321428571428573 0.3100000000000001
1.0 0.7876370887337986 44.985 28.214285714285715 0.3200000000000001
1.0 0.7836490528414756 44.985 28.071428571428573 0.3300000000000001
1.0 0.7816550348953141 44.985 28.0 0.34000000000000014
1.0 0.7806580259222333 44.985 27.964285714285715 0.35000000000000014
1.0 0.7776669990029911 44.985 27.857142857142858 0.36000000000000015
1.0 0.7706879361914257 44.985 27.607142857142858 0.37000000000000016
1.0 0.7637088733798604 44.985 27.357142857142858 0.38000000000000017
1.0 0.7557328015952144 44.985 27.071428571428573 0.3900000000000002
1.0 0.7517447657028913 44.985 26.928571428571427 0.4000000000000002
1.0 0.7357926221335992 44.985 26.357142857142858 0.4100000000000002
1.0 0.7278165503489531 44.985 26.071428571428573 0.4200000000000002
1.0 0.7138584247258225 44.985 25.571428571428573 0.4300000000000002
1.0 0.7038883349950149 44.985 25.214285714285715 0.4400000000000002
1.0 0.6929212362911267 44.985 24.821428571428573 0.45000000000000023
1.0 0.6799601196410767 44.985 24.357142857142858 0.46000000000000024
1.0 0.6669990029910269 44.985 23.892857142857142 0.47000000000000025
1.0 0.6570289132602194 44.985 23.535714285714285 0.48000000000000026
1.0 0.6490528414755733 44.985 23.25 0.49000000000000027
1.0 0.6420737786640079 44.985 23.0 0.5000000000000002
1.0 0.638085742771685 44.985 22.857142857142858 0.5100000000000002
1.0 0.6301096709870389 44.985 22.571428571428573 0.5200000000000002
1.0 0.6251246261216351 44.985 22.392857142857142 0.5300000000000002
1.0 0.6221335992023929 44.985 22.285714285714285 0.5400000000000003
1.0 0.6201395812562313 44.985 22.214285714285715 0.5500000000000003
1.0 0.6201395812562313 44.985 22.214285714285715 0.5600000000000003
1.0 0.6191425722831505 44.985 22.178571428571427 0.5700000000000003
1.0 0.6151545363908275 44.985 22.035714285714285 0.5800000000000003
1.0 0.6151545363908275 44.985 22.035714285714285 0.5900000000000003
1.0 0.6111665004985045 44.985 21.892857142857142 0.6000000000000003
1.0 0.6071784646061814 44.985 21.75 0.6100000000000003
1.0 0.6031904287138584 44.985 21.607142857142858 0.6200000000000003
1.0 0.6011964107676969 44.985 21.535714285714285 0.6300000000000003
1.0 0.5972083748753739 44.985 21.392857142857142 0.6400000000000003
1.0 0.5892323030907278 44.985 21.107142857142858 0.6500000000000004
1.0 0.5782652043868395 44.985 20.714285714285715 0.6600000000000004
1.0 0.5722831505483549 44.985 20.5 0.6700000000000004
1.0 0.5563310069790628 44.985 19.928571428571427 0.6800000000000004
1.0 0.5314057826520439 44.985 19.035714285714285 0.6900000000000004
1.0 0.5134596211365903 44.985 18.392857142857142 0.7000000000000004
1.0 0.4935194416749751 44.985 17.678571428571427 0.7100000000000004
1.0 0.46161515453639085 44.985 16.535714285714285 0.7200000000000004
1.0 0.43668993020937186 44.985 15.642857142857142 0.7300000000000004
1.0 0.4127617148554337 44.985 14.785714285714286 0.7400000000000004
1.0 0.3988035892323031 44.985 14.285714285714286 0.7500000000000004
1.0 0.37886340977068794 44.985 13.571428571428571 0.7600000000000005
1.0 0.3589232303090728 44.985 12.857142857142858 0.7700000000000005
0.999888851839502 0.3419740777666999 44.98 12.25 0.7800000000000005
0.9997777036790041 0.32901296111665007 44.975 11.785714285714286 0.7900000000000005
0.9997777036790041 0.3220338983050847 44.975 11.535714285714286 0.8000000000000005
0.9994442591975102 0.317048853439681 44.96 11.357142857142858 0.8100000000000005
0.9987773702345226 0.3120638085742772 44.93 11.178571428571429 0.8200000000000005
0.9964432588640658 0.30608175473579263 44.825 10.964285714285714 0.8300000000000005
0.994109147493609 0.2971086739780658 44.72 10.642857142857142 0.8400000000000005
0.9907747026786706 0.2901296111665005 44.57 10.392857142857142 0.8500000000000005
0.9833277759253084 0.2781655034895314 44.235 9.964285714285714 0.8600000000000005
0.9719906635545181 0.2452642073778664 43.725 8.785714285714286 0.8700000000000006
0.9583194398132711 0.2193419740777667 43.11 7.857142857142857 0.8800000000000006
0.9404245859731022 0.19242273180458624 42.305 6.892857142857143 0.8900000000000006
0.9221962876514394 0.14456630109670987 41.485 5.178571428571429 0.9000000000000006
0.903189952206291 0.1016949152542373 40.63 3.642857142857143 0.9100000000000006
0.8868511726130932 0.07278165503489531 39.895 2.607142857142857 0.9200000000000006
0.8761809492052907 0.049850448654037885 39.415 1.7857142857142858 0.9300000000000006
0.8627320217850395 0.03389830508474576 38.81 1.2142857142857142 0.9400000000000006
0.853840168945204 0.0259222333000997 38.41 0.9285714285714286 0.9500000000000006
0.8435033900188952 0.020937188434695914 37.945 0.75 0.9600000000000006
0.8277203512281872 0.020937188434695914 37.235 0.75 0.9700000000000006
0.7953762365232855 0.020937188434695914 35.78 0.75 0.9800000000000006
0.6991219295320662 0.019940179461615155 31.45 0.7142857142857143 0.9900000000000007
0.0 0.0 0.0 0.0
