1.0 1.0 22.4925 28.65714285714286 0.0
1.0 0.9162512462612163 22.4925 26.257142857142856 0.01
1.0 0.8285144566301097 22.4925 23.742857142857144 0.02
1.0 0.7926221335992024 22.4925 22.714285714285715 0.03
1.0 0.7666999002991027 22.4925 21.97142857142857 0.04
1.0 0.7417746759720838 22.4925 21.257142857142856 0.05
1.0 0.7068793619142573 22.4925 20.257142857142856 0.060000000000000005
1.0 0.7068793619142573 22.4925 20.257142857142856 0.07
1.0 0.6929212362911267 22.4925 19.857142857142858 0.08
1.0 0.6799601196410767 22.4925 19.485714285714284 0.09
1.0 0.6620139581256231 22.4925 18.97142857142857 0.09999999999999999
1.0 0.6520438683948155 22.4925 18.685714285714287 0.10999999999999999
1.0 0.646061814556331 22.4925 18.514285714285716 0.11999999999999998
1.0 0.6440677966101694 22.4925 18.457142857142856 0.12999999999999998
1.0 0.6350947158524427 22.4925 18.2 0.13999999999999999
1.0 0.6231306081754736 22.4925 17.857142857142858 0.15
1.0 0.6191425722831505 22.4925 17.742857142857144 0.16
1.0 0.6111665004985045 22.4925 17.514285714285716 0.17
1.0 0.5892323030907278 22.4925 16.885714285714286 0.18000000000000002
1.0 0.5722831505483549 22.4925 16.4 0.19000000000000003
1.0 0.5613160518444666 22.4925 16.085714285714285 0.20000000000000004
1.0 0.5523429710867398 22.4925 15.82857142857143 0.21000000000000005
1.0 0.5473579262213359 22.4925 15.685714285714285 0.22000000000000006
1.0 0.5423728813559322 22.4925 15.542857142857143 0.23000000000000007
1.0 0.5353938185443669 22.4925 15.342857142857143 0.24000000000000007
1.0 0.5304087736789631 22.4925 15.2 0.25000000000000006
1.0 0.5284147557328016 22.4925 15.142857142857142 0.26000000000000006
1.0 0.5234297108673978 22.4925 15.0 0.2700000000000001
1.0 0.5234297108673978 22.4925 15.0 0.2800000000000001
1.0 0.518444666001994 22.4925 14.857142857142858 0.2900000000000001
1.0 0.5174476570289133 22.4925 14.82857142857143 0.3000000000000001
1.0 0.5114656031904287 22.4925 14.657142857142857 0.3100000000000001
1.0 0.5084745762711864 22.4925 14.571428571428571 0.3200000000000001
1.0 0.5064805583250249 22.4925 14.514285714285714 0.3300000000000001
1.0 0.5024925224327019 22.4925 14.4 0.34000000000000014
1.0 0.4955134596211366 22.4925 14.2 0.35000000000000014
1.0 0.4905284147557328 22.4925 14.057142857142857 0.36000000000000015
1.0 0.481555333998006 22.4925 13.8 0.37000000000000016
1.0 0.4745762711864407 22.4925 13.6 0.38000000000000017
1.0 0.4675972083748754 22.4925 13.4 0.3900000000000002
1.0 0.45862412761714855 22.4925 13.142857142857142 0.4000000000000002
1.0 0.44666001994017945 22.4925 12.8 0.4100000000000002
1.0 0.42771684945164506 22.4925 12.257142857142858 0.4200000000000002
1.0 0.4117647058823529 22.4925 11.8 0.4300000000000002
1.0 0.39980059820538383 22.4925 11.457142857142857 0.4400000000000002
1.0 0.39082751744765704 22.4925 11.2 0.45000000000000023
1.0 0.38085742771684944 22.4925 10.914285714285715 0.46000000000000024
1.0 0.3698903290129611 22.4925 10.6 0.47000000000000025
1.0 0.36191425722831505 22.4925 10.371428571428572 0.48000000000000026
1.0 0.35692921236291125 22.4925 10.228571428571428 0.49000000000000027
1.0 0.34995014955134596 22.4925 10.028571428571428 0.5000000000000002
1.0 0.3459621136590229 22.4925 9.914285714285715 0.5100000000000002
1.0 0.34097706879361916 22.4925 9.771428571428572 0.5200000000000002
1.0 0.33998005982053836 22.4925 9.742857142857142 0.5300000000000002
1.0 0.33798604187437686 22.4925 9.685714285714285 0.5400000000000003
1.0 0.3369890329012961 22.4925 9.657142857142857 0.5500000000000003
1.0 0.3369890329012961 22.4925 9.657142857142857 0.5600000000000003
1.0 0.33599202392821537 22.4925 9.628571428571428 0.5700000000000003
1.0 0.3339980059820538 22.4925 9.571428571428571 0.5800000000000003
1.0 0.3320039880358923 22.4925 9.514285714285714 0.5900000000000003
1.0 0.33100697906281157 22.4925 9.485714285714286 0.6000000000000003
1.0 0.33100697906281157 22.4925 9.485714285714286 0.6100000000000003
1.0 0.32901296111665007 22.4925 9.428571428571429 0.6200000000000003
1.0 0.325024925224327 22.4925 9.314285714285715 0.6300000000000003
1.0 0.3220338983050847 22.4925 9.228571428571428 0.6400000000000003
1.0 0.3200398803589232 22.4925 9.17142857142857 0.6500000000000004
1.0 0.31106679960119643 22.4925 8.914285714285715 0.6600000000000004
1.0 0.30608175473579263 22.4925 8.771428571428572 0.6700000000000004
1.0 0.29910269192422734 22.4925 8.571428571428571 0.6800000000000004
1.0 0.28414755732801594 22.4925 8.142857142857142 0.6900000000000004
1.0 0.2761714855433699 22.4925 7.914285714285715 0.7000000000000004
1.0 0.2662013958125623 22.4925 7.628571428571429 0.7100000000000004
1.0 0.24925224327018944 22.4925 7.142857142857143 0.7200000000000004
1.0 0.23728813559322035 22.4925 6.8 0.7300000000000004
1.0 0.2213359920239282 22.4925 6.3428571428571425 0.7400000000000004
1.0 0.20638085742771686 22.4925 5.914285714285715 0.7500000000000004
1.0 0.19042871385842472 22.4925 5.457142857142857 0.7600000000000005
1.0 0.1814556331006979 22.4925 5.2 0.7700000000000005
1.0 0.17347956131605186 22.4925 4.9714285714285715 0.7800000000000005
1.0 0.1674975074775673 22.4925 4.8 0.7900000000000005
1.0 0.16550348953140578 22.4925 4.742857142857143 0.8000000000000005
0.999888851839502 0.1625124626121635 22.49 4.6571428571428575 0.8100000000000005
0.9995554073580082 0.1585244267198405 22.4825 4.542857142857143 0.8200000000000005
0.9991108147160165 0.15154536390827517 22.4725 4.3428571428571425 0.8300000000000005
0.9983327775925308 0.14755732801595214 22.455 4.228571428571429 0.8400000000000005
0.9976658886295432 0.14356929212362912 22.44 4.114285714285714 0.8500000000000005
0.9951094809380905 0.1345962113659023 22.3825 3.857142857142857 0.8600000000000005
0.9915527398021563 0.12462612163509472 22.3025 3.5714285714285716 0.8700000000000006
0.9871068133822385 0.11365902293120637 22.2025 3.257142857142857 0.8800000000000006
0.9817717016783373 0.1016949152542373 22.0825 2.914285714285714 0.8900000000000006
0.9774369234189174 0.08673978065802593 21.985 2.4857142857142858 0.9000000000000006
0.9716572190730244 0.06979062811565304 21.855 2.0 0.9100000000000006
0.9668778481716127 0.04885343968095713 21.7475 1.4 0.9200000000000006
0.9642102923196622 0.03489531405782652 21.6875 1.0 0.9300000000000006
0.9622096254306991 0.028913260219341975 21.6425 0.8285714285714286 0.9400000000000006
0.9596532177392464 0.023928215353938187 21.585 0.6857142857142857 0.9500000000000006
0.9554295876403246 0.019940179461615155 21.49 0.5714285714285714 0.9600000000000006
0.9513171057019006 0.019940179461615155 21.3975 0.5714285714285714 0.9700000000000006
0.9394242525286206 0.019940179461615155 21.13 0.5714285714285714 0.9800000000000006
0.9001889518728465 0.019940179461615155 20.2475 0.5714285714285714 0.9900000000000007
0.0 0.0 0.0 0.0
