1.0 1.0 9.996666666666666 20.06 0.0
1.0 0.6221335992023929 9.996666666666666 12.48 0.01
1.0 0.49750747756729813 9.996666666666666 9.98 0.02
1.0 0.44466600199401796 9.996666666666666 8.92 0.03
1.0 0.4077766699900299 9.996666666666666 8.18 0.04
1.0 0.38783649052841473 9.996666666666666 7.78 0.05
1.0 0.35194416749750745 9.996666666666666 7.06 0.060000000000000005
1.0 0.35194416749750745 9.996666666666666 7.06 0.07
1.0 0.3320039880358923 9.996666666666666 6.66 0.08
1.0 0.317048853439681 9.996666666666666 6.36 0.09
1.0 0.31306081754735793 9.996666666666666 6.28 0.09999999999999999
1.0 0.3020937188434696 9.996666666666666 6.06 0.10999999999999999
1.0 0.2931206380857428 9.996666666666666 5.88 0.11999999999999998
1.0 0.2831505483549352 9.996666666666666 5.68 0.12999999999999998
1.0 0.27716849451645065 9.996666666666666 5.56 0.13999999999999999
1.0 0.2691924227318046 9.996666666666666 5.4 0.15
1.0 0.2612163509471585 9.996666666666666 5.24 0.16
1.0 0.2572283150548355 9.996666666666666 5.16 0.17
1.0 0.24227318045862412 9.996666666666666 4.86 0.18000000000000002
1.0 0.2333000997008973 9.996666666666666 4.68 0.19000000000000003
1.0 0.22831505483549352 9.996666666666666 4.58 0.20000000000000004
1.0 0.2213359920239282 9.996666666666666 4.44 0.21000000000000005
1.0 0.21734795613160518 9.996666666666666 4.36 0.22000000000000006
1.0 0.21036889332003988 9.996666666666666 4.22 0.23000000000000007
1.0 0.20937188434695914 9.996666666666666 4.2 0.24000000000000007
1.0 0.20438683948155534 9.996666666666666 4.1 0.25000000000000006
1.0 0.20139581256231306 9.996666666666666 4.04 0.26000000000000006
1.0 0.20039880358923232 9.996666666666666 4.02 0.2700000000000001
1.0 0.1984047856430708 9.996666666666666 3.98 0.2800000000000001
1.0 0.19541375872382852 9.996666666666666 3.92 0.2900000000000001
1.0 0.19441674975074777 9.996666666666666 3.9 0.3000000000000001
1.0 0.19441674975074777 9.996666666666666 3.9 0.3100000000000001
1.0 0.1914257228315055 9.996666666666666 3.84 0.3200000000000001
1.0 0.18943170488534397 9.996666666666666 3.8 0.3300000000000001
1.0 0.1864406779661017 9.996666666666666 3.74 0.34000000000000014
1.0 0.1864406779661017 9.996666666666666 3.74 0.35000000000000014
1.0 0.18245264207377868 9.996666666666666 3.66 0.36000000000000015
1.0 0.17746759720837488 9.996666666666666 3.56 0.37000000000000016
1.0 0.17547357926221335 9.996666666666666 3.52 0.38000000000000017
1.0 0.1694915254237288 9.996666666666666 3.4 0.3900000000000002
1.0 0.16350947158524426 9.996666666666666 3.28 0.4000000000000002
1.0 0.16151545363908276 9.996666666666666 3.24 0.4100000000000002
1.0 0.15653040877367896 9.996666666666666 3.14 0.4200000000000002
1.0 0.14755732801595214 9.996666666666666 2.96 0.4300000000000002
1.0 0.14456630109670987 9.996666666666666 2.9 0.4400000000000002
1.0 0.14257228315054835 9.996666666666666 2.86 0.45000000000000023
1.0 0.14057826520438685 9.996666666666666 2.82 0.46000000000000024
1.0 0.13260219341974078 9.996666666666666 2.66 0.47000000000000025
1.0 0.12861415752741776 9.996666666666666 2.58 0.48000000000000026
1.0 0.12761714855433698 9.996666666666666 2.56 0.49000000000000027
1.0 0.12662013958125623 9.996666666666666 2.54 0.5000000000000002
1.0 0.12063808574277168 9.996666666666666 2.42 0.5100000000000002
1.0 0.11465603190428714 9.996666666666666 2.3 0.5200000000000002
1.0 0.11365902293120637 9.996666666666666 2.28 0.5300000000000002
1.0 0.11166500498504486 9.996666666666666 2.24 0.5400000000000003
1.0 0.10867397806580259 9.996666666666666 2.18 0.5500000000000003
1.0 0.10667996011964108 9.996666666666666 2.14 0.5600000000000003
1.0 0.10568295114656032 9.996666666666666 2.12 0.5700000000000003
1.0 0.10269192422731804 9.996666666666666 2.06 0.5800000000000003
1.0 0.10269192422731804 9.996666666666666 2.06 0.5900000000000003
1.0 0.10069790628115653 9.996666666666666 2.02 0.6000000000000003
1.0 0.09970089730807577 9.996666666666666 2.0 0.6100000000000003
1.0 0.09870388833499502 9.996666666666666 1.98 0.6200000000000003
1.0 0.09870388833499502 9.996666666666666 1.98 0.6300000000000003
1.0 0.09770687936191426 9.996666666666666 1.96 0.6400000000000003
1.0 0.09770687936191426 9.996666666666666 1.96 0.6500000000000004
1.0 0.09770687936191426 9.996666666666666 1.96 0.6600000000000004
1.0 0.09371884346959122 9.996666666666666 1.88 0.6700000000000004
1.0 0.09272183449651047 9.996666666666666 1.86 0.6800000000000004
1.0 0.09172482552342971 9.996666666666666 1.84 0.6900000000000004
1.0 0.09072781655034895 9.996666666666666 1.82 0.7000000000000004
1.0 0.0897308075772682 9.996666666666666 1.8 0.7100000000000004
1.0 0.08574277168494517 9.996666666666666 1.72 0.7200000000000004
1.0 0.08374875373878365 9.996666666666666 1.68 0.7300000000000004
1.0 0.08275174476570289 9.996666666666666 1.66 0.7400000000000004
1.0 0.08175473579262213 9.996666666666666 1.64 0.7500000000000004
1.0 0.07876370887337986 9.996666666666666 1.58 0.7600000000000005
1.0 0.07876370887337986 9.996666666666666 1.58 0.7700000000000005
1.0 0.07876370887337986 9.996666666666666 1.58 0.7800000000000005
1.0 0.07876370887337986 9.996666666666666 1.58 0.7900000000000005
1.0 0.07776669990029911 9.996666666666666 1.56 0.8000000000000005
1.0 0.07676969092721835 9.996666666666666 1.54 0.8100000000000005
1.0 0.07676969092721835 9.996666666666666 1.54 0.8200000000000005
1.0 0.07577268195413758 9.996666666666666 1.52 0.8300000000000005
1.0 0.07477567298105683 9.996666666666666 1.5 0.8400000000000005
1.0 0.07377866400797607 9.996666666666666 1.48 0.8500000000000005
1.0 0.07377866400797607 9.996666666666666 1.48 0.8600000000000005
1.0 0.07377866400797607 9.996666666666666 1.48 0.8700000000000006
1.0 0.07377866400797607 9.996666666666666 1.48 0.8800000000000006
0.999888851839502 0.07278165503489531 9.995555555555555 1.46 0.8900000000000006
0.9997777036790041 0.0707876370887338 9.994444444444444 1.42 0.9000000000000006
0.9996665555185061 0.0707876370887338 9.993333333333334 1.42 0.9100000000000006
0.9994442591975102 0.06979062811565304 9.991111111111111 1.4 0.9200000000000006
0.9994442591975102 0.06979062811565304 9.991111111111111 1.4 0.9300000000000006
0.9994442591975102 0.06879361914257229 9.991111111111111 1.38 0.9400000000000006
0.9994442591975102 0.06879361914257229 9.991111111111111 1.38 0.9500000000000006
0.9994442591975102 0.06879361914257229 9.991111111111111 1.38 0.9600000000000006
0.9994442591975102 0.06879361914257229 9.991111111111111 1.38 0.9700000000000006
0.9989996665555185 0.06879361914257229 9.986666666666666 1.38 0.9800000000000006
0.9965544070245638 0.06879361914257229 9.962222222222222 1.38 0.9900000000000007
0.0 0.0 0.0 0.0
