0 20.0 10000 9089.800000000047
10 20.0 10000 9089.690000000035
20 19.919999999999998 10000 9065.320000000034
30 17.259999999999998 10000 9056.840000000031
0 20.0 10000 9075.080000000027
10 19.64 10000 9049.46000000003
20 15.35 10000 9053.300000000028
30 11.78 10000 9067.020000000017
0 20.0 10000 9047.950000000035
5 19.97 10000 9077.120000000034
10 19.99 10000 9055.970000000038
15 19.67 10000 9083.440000000024
20 18.96 10000 9087.530000000028
25 15.200000000000001 10000 9066.94000000004
30 17.240000000000002 10000 9064.12000000003
35 11.69 10000 9055.05000000004
40 12.399999999999999 10000 9058.030000000026
45 17.619999999999997 10000 9055.170000000042
50 2.9899999999999998 10000 9057.880000000028
