1.0 1.0 29.99 20.06 0.0
1.0 0.9621136590229312 29.99 19.3 0.01
1.0 0.9082751744765702 29.99 18.22 0.02
1.0 0.8664007976071785 29.99 17.38 0.03
1.0 0.839481555333998 29.99 16.84 0.04
1.0 0.8145563310069791 29.99 16.34 0.05
1.0 0.7806580259222333 29.99 15.66 0.060000000000000005
1.0 0.7806580259222333 29.99 15.66 0.07
1.0 0.7647058823529411 29.99 15.34 0.08
1.0 0.752741774675972 29.99 15.1 0.09
1.0 0.748753738783649 29.99 15.02 0.09999999999999999
1.0 0.7377866400797607 29.99 14.8 0.10999999999999999
1.0 0.7298105682951147 29.99 14.64 0.11999999999999998
1.0 0.7248255234297108 29.99 14.54 0.12999999999999998
1.0 0.7228315054835494 29.99 14.5 0.13999999999999999
1.0 0.7148554336989033 29.99 14.34 0.15
1.0 0.7088733798604188 29.99 14.22 0.16
1.0 0.7058823529411765 29.99 14.16 0.17
1.0 0.6939182452642074 29.99 13.92 0.18000000000000002
1.0 0.6809571286141576 29.99 13.66 0.19000000000000003
1.0 0.67098703888335 29.99 13.46 0.20000000000000004
1.0 0.6630109670987039 29.99 13.3 0.21000000000000005
1.0 0.6550348953140578 29.99 13.14 0.22000000000000006
1.0 0.6520438683948155 29.99 13.08 0.23000000000000007
1.0 0.6480558325024925 29.99 13.0 0.24000000000000007
1.0 0.6470588235294118 29.99 12.98 0.25000000000000006
1.0 0.6450648055832503 29.99 12.94 0.26000000000000006
1.0 0.6400797607178464 29.99 12.84 0.2700000000000001
1.0 0.6400797607178464 29.99 12.84 0.2800000000000001
1.0 0.6400797607178464 29.99 12.84 0.2900000000000001
1.0 0.638085742771685 29.99 12.8 0.3000000000000001
1.0 0.638085742771685 29.99 12.8 0.3100000000000001
1.0 0.6350947158524427 29.99 12.74 0.3200000000000001
1.0 0.6331006979062812 29.99 12.7 0.3300000000000001
1.0 0.6301096709870389 29.99 12.64 0.34000000000000014
1.0 0.6271186440677966 29.99 12.58 0.35000000000000014
1.0 0.6241276171485544 29.99 12.52 0.36000000000000015
1.0 0.6201395812562313 29.99 12.44 0.37000000000000016
1.0 0.6151545363908275 29.99 12.34 0.38000000000000017
1.0 0.609172482552343 29.99 12.22 0.3900000000000002
1.0 0.6021934197407777 29.99 12.08 0.4000000000000002
1.0 0.5952143569292123 29.99 11.94 0.4100000000000002
1.0 0.5862412761714856 29.99 11.76 0.4200000000000002
1.0 0.5782652043868395 29.99 11.6 0.4300000000000002
1.0 0.5682951146560319 29.99 11.4 0.4400000000000002
1.0 0.5653040877367896 29.99 11.34 0.45000000000000023
1.0 0.5573280159521435 29.99 11.18 0.46000000000000024
1.0 0.5483549351944168 29.99 11.0 0.47000000000000025
1.0 0.53938185443669 29.99 10.82 0.48000000000000026
1.0 0.5294117647058824 29.99 10.62 0.49000000000000027
1.0 0.5234297108673978 29.99 10.5 0.5000000000000002
1.0 0.5194416749750748 29.99 10.42 0.5100000000000002
1.0 0.5174476570289133 29.99 10.38 0.5200000000000002
1.0 0.5114656031904287 29.99 10.26 0.5300000000000002
1.0 0.5104685942173479 29.99 10.24 0.5400000000000003
1.0 0.5084745762711864 29.99 10.2 0.5500000000000003
1.0 0.5074775672981057 29.99 10.18 0.5600000000000003
1.0 0.5054835493519442 29.99 10.14 0.5700000000000003
1.0 0.5054835493519442 29.99 10.14 0.5800000000000003
1.0 0.5014955134596212 29.99 10.06 0.5900000000000003
1.0 0.4985044865403789 29.99 10.0 0.6000000000000003
1.0 0.4955134596211366 29.99 9.94 0.6100000000000003
1.0 0.4955134596211366 29.99 9.94 0.6200000000000003
1.0 0.4945164506480558 29.99 9.92 0.6300000000000003
1.0 0.4915254237288136 29.99 9.86 0.6400000000000003
1.0 0.48953140578265203 29.99 9.82 0.6500000000000004
1.0 0.47357926221335994 29.99 9.5 0.6600000000000004
1.0 0.46360917248255235 29.99 9.3 0.6700000000000004
1.0 0.4576271186440678 29.99 9.18 0.6800000000000004
1.0 0.44666001994017945 29.99 8.96 0.6900000000000004
1.0 0.4307078763708873 29.99 8.64 0.7000000000000004
1.0 0.4057826520438684 29.99 8.14 0.7100000000000004
1.0 0.3848454636091725 29.99 7.72 0.7200000000000004
1.0 0.3659022931206381 29.99 7.34 0.7300000000000004
1.0 0.3509471585244267 29.99 7.04 0.7400000000000004
1.0 0.33798604187437686 29.99 6.78 0.7500000000000004
1.0 0.32801595214356927 29.99 6.58 0.7600000000000005
1.0 0.3150548354935194 29.99 6.32 0.7700000000000005
1.0 0.30807577268195413 29.99 6.18 0.7800000000000005
1.0 0.292123629112662 29.99 5.86 0.7900000000000005
0.9995554073580082 0.28614157527417744 29.976666666666667 5.74 0.8000000000000005
0.9992219628765144 0.2781655034895314 29.966666666666665 5.58 0.8100000000000005
0.9985550739135267 0.27716849451645065 29.946666666666665 5.56 0.8200000000000005
0.9979993331110371 0.27218344965104685 29.93 5.46 0.8300000000000005
0.996109814382572 0.26321036889332006 29.873333333333335 5.28 0.8400000000000005
0.9931088140491275 0.25324027916251246 29.783333333333335 5.08 0.8500000000000005
0.9888851839502056 0.23529411764705882 29.656666666666666 4.72 0.8600000000000005
0.9824385906413249 0.22532402791625125 29.463333333333335 4.52 0.8700000000000006
0.9731021451594976 0.2073778664007976 29.183333333333334 4.16 0.8800000000000006
0.9630988107146826 0.1814556331006979 28.883333333333333 3.64 0.8900000000000006
0.9506502167389129 0.15453639082751744 28.51 3.1 0.9000000000000006
0.9380904746026453 0.13160518444666003 28.133333333333333 2.64 0.9100000000000006
0.9285317327998222 0.1106679960119641 27.846666666666668 2.22 0.9200000000000006
0.9215293986884517 0.0967098703888335 27.636666666666667 1.94 0.9300000000000006
0.914971657219073 0.09371884346959122 27.44 1.88 0.9400000000000006
0.9087473602311882 0.09272183449651047 27.253333333333334 1.86 0.9500000000000006
0.9035233966877848 0.09072781655034895 27.096666666666668 1.82 0.9600000000000006
0.8979659886628877 0.09072781655034895 26.93 1.82 0.9700000000000006
0.8809603201067022 0.09072781655034895 26.42 1.82 0.9800000000000006
0.8242747582527509 0.0897308075772682 24.72 1.8 0.9900000000000007
0.0 0.0 0.0 0.0
