1.0 1.0 12.852857142857143 25.075 0.0
1.0 0.7666999002991027 12.852857142857143 19.225 0.01
1.0 0.6321036889332003 12.852857142857143 15.85 0.02
1.0 0.580259222333001 12.852857142857143 14.55 0.03
1.0 0.5363908275174477 12.852857142857143 13.45 0.04
1.0 0.5054835493519442 12.852857142857143 12.675 0.05
1.0 0.4576271186440678 12.852857142857143 11.475 0.060000000000000005
1.0 0.4576271186440678 12.852857142857143 11.475 0.07
1.0 0.43968095712861416 12.852857142857143 11.025 0.08
1.0 0.4187437686939183 12.852857142857143 10.5 0.09
1.0 0.4017946161515454 12.852857142857143 10.075 0.09999999999999999
1.0 0.3898305084745763 12.852857142857143 9.775 0.10999999999999999
1.0 0.3818544366899302 12.852857142857143 9.575 0.11999999999999998
1.0 0.37587238285144564 12.852857142857143 9.425 0.12999999999999998
1.0 0.3708873379860419 12.852857142857143 9.3 0.13999999999999999
1.0 0.36490528414755735 12.852857142857143 9.15 0.15
1.0 0.353938185443669 12.852857142857143 8.875 0.16
1.0 0.3459621136590229 12.852857142857143 8.675 0.17
1.0 0.32602193419740777 12.852857142857143 8.175 0.18000000000000002
1.0 0.32103688933200397 12.852857142857143 8.05 0.19000000000000003
1.0 0.3070787637088734 12.852857142857143 7.7 0.20000000000000004
1.0 0.29611166500498504 12.852857142857143 7.425 0.21000000000000005
1.0 0.288135593220339 12.852857142857143 7.225 0.22000000000000006
1.0 0.2831505483549352 12.852857142857143 7.1 0.23000000000000007
1.0 0.27517447657028915 12.852857142857143 6.9 0.24000000000000007
1.0 0.2731804586241276 12.852857142857143 6.85 0.25000000000000006
1.0 0.2711864406779661 12.852857142857143 6.8 0.26000000000000006
1.0 0.26819541375872386 12.852857142857143 6.725 0.2700000000000001
1.0 0.2662013958125623 12.852857142857143 6.675 0.2800000000000001
1.0 0.2642073778664008 12.852857142857143 6.625 0.2900000000000001
1.0 0.26021934197407776 12.852857142857143 6.525 0.3000000000000001
1.0 0.259222333000997 12.852857142857143 6.5 0.3100000000000001
1.0 0.259222333000997 12.852857142857143 6.5 0.3200000000000001
1.0 0.25822532402791626 12.852857142857143 6.475 0.3300000000000001
1.0 0.25523429710867396 12.852857142857143 6.4 0.34000000000000014
1.0 0.2542372881355932 12.852857142857143 6.375 0.35000000000000014
1.0 0.25324027916251246 12.852857142857143 6.35 0.36000000000000015
1.0 0.25124626121635096 12.852857142857143 6.3 0.37000000000000016
1.0 0.24227318045862412 12.852857142857143 6.075 0.38000000000000017
1.0 0.24027916251246262 12.852857142857143 6.025 0.3900000000000002
1.0 0.23629112662013957 12.852857142857143 5.925 0.4000000000000002
1.0 0.23030907278165502 12.852857142857143 5.775 0.4100000000000002
1.0 0.23030907278165502 12.852857142857143 5.775 0.4200000000000002
1.0 0.2213359920239282 12.852857142857143 5.55 0.4300000000000002
1.0 0.2143569292123629 12.852857142857143 5.375 0.4400000000000002
1.0 0.2073778664007976 12.852857142857143 5.2 0.45000000000000023
1.0 0.2033898305084746 12.852857142857143 5.1 0.46000000000000024
1.0 0.1984047856430708 12.852857142857143 4.975 0.47000000000000025
1.0 0.19441674975074777 12.852857142857143 4.875 0.48000000000000026
1.0 0.19042871385842472 12.852857142857143 4.775 0.49000000000000027
1.0 0.18843469591226322 12.852857142857143 4.725 0.5000000000000002
1.0 0.18444666001994017 12.852857142857143 4.625 0.5100000000000002
1.0 0.18245264207377868 12.852857142857143 4.575 0.5200000000000002
1.0 0.1794616151545364 12.852857142857143 4.5 0.5300000000000002
1.0 0.17846460618145563 12.852857142857143 4.475 0.5400000000000003
1.0 0.17746759720837488 12.852857142857143 4.45 0.5500000000000003
1.0 0.17547357926221335 12.852857142857143 4.4 0.5600000000000003
1.0 0.17547357926221335 12.852857142857143 4.4 0.5700000000000003
1.0 0.17248255234297108 12.852857142857143 4.325 0.5800000000000003
1.0 0.17248255234297108 12.852857142857143 4.325 0.5900000000000003
1.0 0.1694915254237288 12.852857142857143 4.25 0.6000000000000003
1.0 0.16650049850448653 12.852857142857143 4.175 0.6100000000000003
1.0 0.16650049850448653 12.852857142857143 4.175 0.6200000000000003
1.0 0.16650049850448653 12.852857142857143 4.175 0.6300000000000003
1.0 0.16650049850448653 12.852857142857143 4.175 0.6400000000000003
1.0 0.16450648055832504 12.852857142857143 4.125 0.6500000000000004
1.0 0.16051844466600199 12.852857142857143 4.025 0.6600000000000004
1.0 0.15952143569292124 12.852857142857143 4.0 0.6700000000000004
1.0 0.1585244267198405 12.852857142857143 3.975 0.6800000000000004
1.0 0.15453639082751744 12.852857142857143 3.875 0.6900000000000004
1.0 0.14955134596211367 12.852857142857143 3.75 0.7000000000000004
1.0 0.14556331006979062 12.852857142857143 3.65 0.7100000000000004
1.0 0.1415752741774676 12.852857142857143 3.55 0.7200000000000004
1.0 0.13858424725822532 12.852857142857143 3.475 0.7300000000000004
1.0 0.1345962113659023 12.852857142857143 3.375 0.7400000000000004
1.0 0.1296111665004985 12.852857142857143 3.25 0.7500000000000004
1.0 0.12861415752741776 12.852857142857143 3.225 0.7600000000000005
1.0 0.12562313060817548 12.852857142857143 3.15 0.7700000000000005
1.0 0.12562313060817548 12.852857142857143 3.15 0.7800000000000005
1.0 0.12362911266201396 12.852857142857143 3.1 0.7900000000000005
1.0 0.12163509471585245 12.852857142857143 3.05 0.8000000000000005
1.0 0.12063808574277168 12.852857142857143 3.025 0.8100000000000005
1.0 0.12063808574277168 12.852857142857143 3.025 0.8200000000000005
1.0 0.11864406779661017 12.852857142857143 2.975 0.8300000000000005
1.0 0.11764705882352941 12.852857142857143 2.95 0.8400000000000005
0.999888851839502 0.11665004985044865 12.851428571428572 2.925 0.8500000000000005
0.999888851839502 0.11465603190428714 12.851428571428572 2.875 0.8600000000000005
0.9996665555185061 0.11166500498504486 12.848571428571429 2.8 0.8700000000000006
0.9991108147160165 0.1106679960119641 12.84142857142857 2.775 0.8800000000000006
0.9988885183950206 0.10667996011964108 12.838571428571429 2.675 0.8900000000000006
0.9987773702345226 0.10568295114656032 12.837142857142856 2.65 0.9000000000000006
0.9987773702345226 0.1036889332003988 12.837142857142856 2.6 0.9100000000000006
0.9987773702345226 0.10069790628115653 12.837142857142856 2.525 0.9200000000000006
0.9985550739135267 0.0967098703888335 12.834285714285715 2.425 0.9300000000000006
0.9982216294320329 0.09571286141575275 12.83 2.4 0.9400000000000006
0.9978881849505391 0.09471585244267199 12.825714285714286 2.375 0.9500000000000006
0.9977770367900411 0.09471585244267199 12.824285714285715 2.375 0.9600000000000006
0.9972212959875514 0.09471585244267199 12.817142857142857 2.375 0.9700000000000006
0.9952206290985884 0.09471585244267199 12.791428571428572 2.375 0.9800000000000006
0.9891074802712015 0.09471585244267199 12.712857142857143 2.375 0.9900000000000007
0.0 0.0 0.0 0.0
