1.0 1.0 22.4925 20.06 0.0
1.0 0.9242273180458624 22.4925 18.54 0.01
1.0 0.8444666001994018 22.4925 16.94 0.02
1.0 0.8075772681954138 22.4925 16.2 0.03
1.0 0.7886340977068793 22.4925 15.82 0.04
1.0 0.7756729810568295 22.4925 15.56 0.05
1.0 0.7427716849451645 22.4925 14.9 0.060000000000000005
1.0 0.7427716849451645 22.4925 14.9 0.07
1.0 0.7248255234297108 22.4925 14.54 0.08
1.0 0.7128614157527418 22.4925 14.3 0.09
1.0 0.7048853439680958 22.4925 14.14 0.09999999999999999
1.0 0.6969092721834497 22.4925 13.98 0.10999999999999999
1.0 0.6929212362911267 22.4925 13.9 0.11999999999999998
1.0 0.6859421734795613 22.4925 13.76 0.12999999999999998
1.0 0.6809571286141576 22.4925 13.66 0.13999999999999999
1.0 0.67098703888335 22.4925 13.46 0.15
1.0 0.6580259222333001 22.4925 13.2 0.16
1.0 0.6530408773678963 22.4925 13.1 0.17
1.0 0.6281156530408774 22.4925 12.6 0.18000000000000002
1.0 0.6141575274177468 22.4925 12.32 0.19000000000000003
1.0 0.6001994017946162 22.4925 12.04 0.20000000000000004
1.0 0.5952143569292123 22.4925 11.94 0.21000000000000005
1.0 0.584247258225324 22.4925 11.72 0.22000000000000006
1.0 0.576271186440678 22.4925 11.56 0.23000000000000007
1.0 0.5672981056829511 22.4925 11.38 0.24000000000000007
1.0 0.5623130608175474 22.4925 11.28 0.25000000000000006
1.0 0.5583250249252243 22.4925 11.2 0.26000000000000006
1.0 0.5563310069790628 22.4925 11.16 0.2700000000000001
1.0 0.5543369890329013 22.4925 11.12 0.2800000000000001
1.0 0.5533399800598205 22.4925 11.1 0.2900000000000001
1.0 0.5503489531405783 22.4925 11.04 0.3000000000000001
1.0 0.5463609172482552 22.4925 10.96 0.3100000000000001
1.0 0.543369890329013 22.4925 10.9 0.3200000000000001
1.0 0.53938185443669 22.4925 10.82 0.3300000000000001
1.0 0.5333998005982054 22.4925 10.7 0.34000000000000014
1.0 0.5284147557328016 22.4925 10.6 0.35000000000000014
1.0 0.5234297108673978 22.4925 10.5 0.36000000000000015
1.0 0.5174476570289133 22.4925 10.38 0.37000000000000016
1.0 0.5114656031904287 22.4925 10.26 0.38000000000000017
1.0 0.5064805583250249 22.4925 10.16 0.3900000000000002
1.0 0.4995014955134596 22.4925 10.02 0.4000000000000002
1.0 0.48554336989032904 22.4925 9.74 0.4100000000000002
1.0 0.47557328015952144 22.4925 9.54 0.4200000000000002
1.0 0.4666001994017946 22.4925 9.36 0.4300000000000002
1.0 0.4546360917248255 22.4925 9.12 0.4400000000000002
1.0 0.43968095712861416 22.4925 8.82 0.45000000000000023
1.0 0.4247258225324028 22.4925 8.52 0.46000000000000024
1.0 0.4127617148554337 22.4925 8.28 0.47000000000000025
1.0 0.39780658025922233 22.4925 7.98 0.48000000000000026
1.0 0.39581256231306083 22.4925 7.94 0.49000000000000027
1.0 0.39581256231306083 22.4925 7.94 0.5000000000000002
1.0 0.39082751744765704 22.4925 7.84 0.5100000000000002
1.0 0.38584247258225324 22.4925 7.74 0.5200000000000002
1.0 0.3818544366899302 22.4925 7.66 0.5300000000000002
1.0 0.3798604187437687 22.4925 7.62 0.5400000000000003
1.0 0.37686939182452645 22.4925 7.56 0.5500000000000003
1.0 0.37686939182452645 22.4925 7.56 0.5600000000000003
1.0 0.37686939182452645 22.4925 7.56 0.5700000000000003
1.0 0.3728813559322034 22.4925 7.48 0.5800000000000003
1.0 0.3728813559322034 22.4925 7.48 0.5900000000000003
1.0 0.37188434695912265 22.4925 7.46 0.6000000000000003
1.0 0.36889332003988035 22.4925 7.4 0.6100000000000003
1.0 0.3659022931206381 22.4925 7.34 0.6200000000000003
1.0 0.36390827517447655 22.4925 7.3 0.6300000000000003
1.0 0.3589232303090728 22.4925 7.2 0.6400000000000003
1.0 0.353938185443669 22.4925 7.1 0.6500000000000004
1.0 0.3489531405782652 22.4925 7.0 0.6600000000000004
1.0 0.34496510468594216 22.4925 6.92 0.6700000000000004
1.0 0.3349950149551346 22.4925 6.72 0.6800000000000004
1.0 0.3200398803589232 22.4925 6.42 0.6900000000000004
1.0 0.30807577268195413 22.4925 6.18 0.7000000000000004
1.0 0.28913260219341974 22.4925 5.8 0.7100000000000004
1.0 0.25822532402791626 22.4925 5.18 0.7200000000000004
1.0 0.2382851445663011 22.4925 4.78 0.7300000000000004
1.0 0.2193419740777667 22.4925 4.4 0.7400000000000004
1.0 0.19740777666999004 22.4925 3.96 0.7500000000000004
1.0 0.18045862412761715 22.4925 3.62 0.7600000000000005
1.0 0.17148554336989033 22.4925 3.44 0.7700000000000005
1.0 0.16151545363908276 22.4925 3.24 0.7800000000000005
1.0 0.15254237288135594 22.4925 3.06 0.7900000000000005
1.0 0.1465603190428714 22.4925 2.94 0.8000000000000005
1.0 0.14257228315054835 22.4925 2.86 0.8100000000000005
0.9993331110370124 0.14057826520438685 22.4775 2.82 0.8200000000000005
0.9989996665555185 0.1365902293120638 22.47 2.74 0.8300000000000005
0.9984439257530288 0.13260219341974078 22.4575 2.66 0.8400000000000005
0.9963321107035679 0.12761714855433698 22.41 2.56 0.8500000000000005
0.9945537401356007 0.11864406779661017 22.37 2.38 0.8600000000000005
0.9907747026786706 0.10667996011964108 22.285 2.14 0.8700000000000006
0.9875514060242303 0.09272183449651047 22.2125 1.86 0.8800000000000006
0.9827720351228187 0.07676969092721835 22.105 1.54 0.8900000000000006
0.9779926642214072 0.06081754735792622 21.9975 1.22 0.9000000000000006
0.9726575525175059 0.040877367896311065 21.8775 0.82 0.9100000000000006
0.968211626097588 0.0259222333000997 21.7775 0.52 0.9200000000000006
0.9652106257641436 0.01694915254237288 21.71 0.34 0.9300000000000006
0.9619873291097032 0.009970089730807577 21.6375 0.2 0.9400000000000006
0.9588751806157608 0.006979062811565304 21.5675 0.14 0.9500000000000006
0.9535400689118595 0.0 21.4475 0.0 0.9600000000000006
0.946648882960987 0.0 21.2925 0.0 0.9700000000000006
0.9317550294542626 0.0 20.9575 0.0 0.9800000000000006
0.8900744692675336 0.0 20.02 0.0 0.9900000000000007
0.0 0.0 0.0 0.0
