1.0 1.0 12.852857142857143 20.06 0.0
1.0 0.8883349950149552 12.852857142857143 17.82 0.01
1.0 0.80259222333001 12.852857142857143 16.1 0.02
1.0 0.752741774675972 12.852857142857143 15.1 0.03
1.0 0.7098703888334995 12.852857142857143 14.24 0.04
1.0 0.6909272183449651 12.852857142857143 13.86 0.05
1.0 0.650049850448654 12.852857142857143 13.04 0.060000000000000005
1.0 0.650049850448654 12.852857142857143 13.04 0.07
1.0 0.638085742771685 12.852857142857143 12.8 0.08
1.0 0.6181455633100698 12.852857142857143 12.4 0.09
1.0 0.6041874376869392 12.852857142857143 12.12 0.09999999999999999
1.0 0.5912263210368893 12.852857142857143 11.86 0.10999999999999999
1.0 0.5812562313060817 12.852857142857143 11.66 0.11999999999999998
1.0 0.5732801595214357 12.852857142857143 11.5 0.12999999999999998
1.0 0.5672981056829511 12.852857142857143 11.38 0.13999999999999999
1.0 0.5583250249252243 12.852857142857143 11.2 0.15
1.0 0.5503489531405783 12.852857142857143 11.04 0.16
1.0 0.543369890329013 12.852857142857143 10.9 0.17
1.0 0.5234297108673978 12.852857142857143 10.5 0.18000000000000002
1.0 0.5154536390827518 12.852857142857143 10.34 0.19000000000000003
1.0 0.5074775672981057 12.852857142857143 10.18 0.20000000000000004
1.0 0.5024925224327019 12.852857142857143 10.08 0.21000000000000005
1.0 0.49750747756729813 12.852857142857143 9.98 0.22000000000000006
1.0 0.48953140578265203 12.852857142857143 9.82 0.23000000000000007
1.0 0.47756729810568294 12.852857142857143 9.58 0.24000000000000007
1.0 0.47058823529411764 12.852857142857143 9.44 0.25000000000000006
1.0 0.4646061814556331 12.852857142857143 9.32 0.26000000000000006
1.0 0.4556331006979063 12.852857142857143 9.14 0.2700000000000001
1.0 0.44865403788634095 12.852857142857143 9.0 0.2800000000000001
1.0 0.4436689930209372 12.852857142857143 8.9 0.2900000000000001
1.0 0.43968095712861416 12.852857142857143 8.82 0.3000000000000001
1.0 0.43668993020937186 12.852857142857143 8.76 0.3100000000000001
1.0 0.4336989032901296 12.852857142857143 8.7 0.3200000000000001
1.0 0.4307078763708873 12.852857142857143 8.64 0.3300000000000001
1.0 0.42771684945164506 12.852857142857143 8.58 0.34000000000000014
1.0 0.4247258225324028 12.852857142857143 8.52 0.35000000000000014
1.0 0.4167497507477567 12.852857142857143 8.36 0.36000000000000015
1.0 0.4077766699900299 12.852857142857143 8.18 0.37000000000000016
1.0 0.40279162512462613 12.852857142857143 8.08 0.38000000000000017
1.0 0.40079760717846463 12.852857142857143 8.04 0.3900000000000002
1.0 0.39780658025922233 12.852857142857143 7.98 0.4000000000000002
1.0 0.3938185443668993 12.852857142857143 7.9 0.4100000000000002
1.0 0.3898305084745763 12.852857142857143 7.82 0.4200000000000002
1.0 0.386839481555334 12.852857142857143 7.76 0.4300000000000002
1.0 0.38085742771684944 12.852857142857143 7.64 0.4400000000000002
1.0 0.37686939182452645 12.852857142857143 7.56 0.45000000000000023
1.0 0.3748753738783649 12.852857142857143 7.52 0.46000000000000024
1.0 0.37188434695912265 12.852857142857143 7.46 0.47000000000000025
1.0 0.36689930209371885 12.852857142857143 7.36 0.48000000000000026
1.0 0.36390827517447655 12.852857142857143 7.3 0.49000000000000027
1.0 0.3589232303090728 12.852857142857143 7.2 0.5000000000000002
1.0 0.3559322033898305 12.852857142857143 7.14 0.5100000000000002
1.0 0.35294117647058826 12.852857142857143 7.08 0.5200000000000002
1.0 0.3509471585244267 12.852857142857143 7.04 0.5300000000000002
1.0 0.3439680957128614 12.852857142857143 6.9 0.5400000000000003
1.0 0.3369890329012961 12.852857142857143 6.76 0.5500000000000003
1.0 0.3349950149551346 12.852857142857143 6.72 0.5600000000000003
1.0 0.33300099700897307 12.852857142857143 6.68 0.5700000000000003
1.0 0.32801595214356927 12.852857142857143 6.58 0.5800000000000003
1.0 0.32602193419740777 12.852857142857143 6.54 0.5900000000000003
1.0 0.3230309072781655 12.852857142857143 6.48 0.6000000000000003
1.0 0.3190428713858425 12.852857142857143 6.4 0.6100000000000003
1.0 0.3180458624127617 12.852857142857143 6.38 0.6200000000000003
1.0 0.3160518444666002 12.852857142857143 6.34 0.6300000000000003
1.0 0.3090727816550349 12.852857142857143 6.2 0.6400000000000003
1.0 0.30807577268195413 12.852857142857143 6.18 0.6500000000000004
1.0 0.30309072781655033 12.852857142857143 6.08 0.6600000000000004
1.0 0.30109670987038883 12.852857142857143 6.04 0.6700000000000004
1.0 0.2971086739780658 12.852857142857143 5.96 0.6800000000000004
1.0 0.29611166500498504 12.852857142857143 5.94 0.6900000000000004
1.0 0.2931206380857428 12.852857142857143 5.88 0.7000000000000004
1.0 0.29112662013958124 12.852857142857143 5.84 0.7100000000000004
1.0 0.2851445663010967 12.852857142857143 5.72 0.7200000000000004
1.0 0.28215353938185445 12.852857142857143 5.66 0.7300000000000004
1.0 0.28015952143569295 12.852857142857143 5.62 0.7400000000000004
1.0 0.2761714855433699 12.852857142857143 5.54 0.7500000000000004
1.0 0.2731804586241276 12.852857142857143 5.48 0.7600000000000005
1.0 0.2691924227318046 12.852857142857143 5.4 0.7700000000000005
1.0 0.2662013958125623 12.852857142857143 5.34 0.7800000000000005
1.0 0.2612163509471585 12.852857142857143 5.24 0.7900000000000005
1.0 0.25523429710867396 12.852857142857143 5.12 0.8000000000000005
1.0 0.24925224327018944 12.852857142857143 5.0 0.8100000000000005
1.0 0.24227318045862412 12.852857142857143 4.86 0.8200000000000005
0.999888851839502 0.24027916251246262 12.851428571428572 4.82 0.8300000000000005
0.999888851839502 0.23728813559322035 12.851428571428572 4.76 0.8400000000000005
0.999888851839502 0.2313060817547358 12.851428571428572 4.64 0.8500000000000005
0.9996665555185061 0.22532402791625125 12.848571428571429 4.52 0.8600000000000005
0.9995554073580082 0.2213359920239282 12.847142857142858 4.44 0.8700000000000006
0.9992219628765144 0.21635094715852443 12.842857142857143 4.34 0.8800000000000006
0.9989996665555185 0.21036889332003988 12.84 4.22 0.8900000000000006
0.9989996665555185 0.20139581256231306 12.84 4.04 0.9000000000000006
0.9989996665555185 0.19242273180458624 12.84 3.86 0.9100000000000006
0.9988885183950206 0.18444666001994017 12.838571428571429 3.7 0.9200000000000006
0.9984439257530288 0.17547357926221335 12.832857142857144 3.52 0.9300000000000006
0.998110481271535 0.16450648055832504 12.82857142857143 3.3 0.9400000000000006
0.9979993331110371 0.14955134596211367 12.827142857142857 3.0 0.9500000000000006
0.9978881849505391 0.13559322033898305 12.825714285714286 2.72 0.9600000000000006
0.9974435923085473 0.12462612163509472 12.82 2.5 0.9700000000000006
0.9966655551850617 0.10867397806580259 12.81 2.18 0.9800000000000006
0.9931088140491275 0.07577268195413758 12.764285714285714 1.52 0.9900000000000007
0.0 0.0 0.0 0.0
