1.0 1.0 22.4925 40.12 0.0
1.0 0.9511465603190429 22.4925 38.16 0.01
1.0 0.8993020937188435 22.4925 36.08 0.02
1.0 0.86839481555334 22.4925 34.84 0.03
1.0 0.8484546360917248 22.4925 34.04 0.04
1.0 0.8215353938185443 22.4925 32.96 0.05
1.0 0.7926221335992024 22.4925 31.8 0.060000000000000005
1.0 0.7926221335992024 22.4925 31.8 0.07
1.0 0.7816550348953141 22.4925 31.36 0.08
1.0 0.7597208374875374 22.4925 30.48 0.09
1.0 0.7477567298105683 22.4925 30.0 0.09999999999999999
1.0 0.7367896311066799 22.4925 29.56 0.10999999999999999
1.0 0.7308075772681955 22.4925 29.32 0.11999999999999998
1.0 0.7188434695912264 22.4925 28.84 0.12999999999999998
1.0 0.707876370887338 22.4925 28.4 0.13999999999999999
1.0 0.6989032901296112 22.4925 28.04 0.15
1.0 0.6849451645064806 22.4925 27.48 0.16
1.0 0.67098703888335 22.4925 26.92 0.17
1.0 0.650049850448654 22.4925 26.08 0.18000000000000002
1.0 0.634097706879362 22.4925 25.44 0.19000000000000003
1.0 0.6221335992023929 22.4925 24.96 0.20000000000000004
1.0 0.613160518444666 22.4925 24.6 0.21000000000000005
1.0 0.6051844466600199 22.4925 24.28 0.22000000000000006
1.0 0.5992023928215354 22.4925 24.04 0.23000000000000007
1.0 0.5932203389830508 22.4925 23.8 0.24000000000000007
1.0 0.5862412761714856 22.4925 23.52 0.25000000000000006
1.0 0.5832502492522432 22.4925 23.4 0.26000000000000006
1.0 0.5822532402791625 22.4925 23.36 0.2700000000000001
1.0 0.5792622133599202 22.4925 23.24 0.2800000000000001
1.0 0.576271186440678 22.4925 23.12 0.2900000000000001
1.0 0.576271186440678 22.4925 23.12 0.3000000000000001
1.0 0.5692921236291126 22.4925 22.84 0.3100000000000001
1.0 0.5633100697906281 22.4925 22.6 0.3200000000000001
1.0 0.559322033898305 22.4925 22.44 0.3300000000000001
1.0 0.551345962113659 22.4925 22.12 0.34000000000000014
1.0 0.5493519441674976 22.4925 22.04 0.35000000000000014
1.0 0.5383848454636092 22.4925 21.6 0.36000000000000015
1.0 0.5343968095712861 22.4925 21.44 0.37000000000000016
1.0 0.5264207377866401 22.4925 21.12 0.38000000000000017
1.0 0.518444666001994 22.4925 20.8 0.3900000000000002
1.0 0.5064805583250249 22.4925 20.32 0.4000000000000002
1.0 0.49252243270189433 22.4925 19.76 0.4100000000000002
1.0 0.4745762711864407 22.4925 19.04 0.4200000000000002
1.0 0.46061814556331004 22.4925 18.48 0.4300000000000002
1.0 0.44965104685942175 22.4925 18.04 0.4400000000000002
1.0 0.43270189431704886 22.4925 17.36 0.45000000000000023
1.0 0.423728813559322 22.4925 17.0 0.46000000000000024
1.0 0.4147557328015952 22.4925 16.64 0.47000000000000025
1.0 0.4017946161515454 22.4925 16.12 0.48000000000000026
1.0 0.39282153539381853 22.4925 15.76 0.49000000000000027
1.0 0.38883349950149554 22.4925 15.6 0.5000000000000002
1.0 0.38085742771684944 22.4925 15.28 0.5100000000000002
1.0 0.37387836490528414 22.4925 15.0 0.5200000000000002
1.0 0.3659022931206381 22.4925 14.68 0.5300000000000002
1.0 0.3609172482552343 22.4925 14.48 0.5400000000000003
1.0 0.35294117647058826 22.4925 14.16 0.5500000000000003
1.0 0.3509471585244267 22.4925 14.08 0.5600000000000003
1.0 0.34795613160518446 22.4925 13.96 0.5700000000000003
1.0 0.3439680957128614 22.4925 13.8 0.5800000000000003
1.0 0.34097706879361916 22.4925 13.68 0.5900000000000003
1.0 0.33998005982053836 22.4925 13.64 0.6000000000000003
1.0 0.33998005982053836 22.4925 13.64 0.6100000000000003
1.0 0.3369890329012961 22.4925 13.52 0.6200000000000003
1.0 0.3349950149551346 22.4925 13.44 0.6300000000000003
1.0 0.3270189431704885 22.4925 13.12 0.6400000000000003
1.0 0.3230309072781655 22.4925 12.96 0.6500000000000004
1.0 0.3160518444666002 22.4925 12.68 0.6600000000000004
1.0 0.3100697906281156 22.4925 12.44 0.6700000000000004
1.0 0.3000997008973081 22.4925 12.04 0.6800000000000004
1.0 0.2901296111665005 22.4925 11.64 0.6900000000000004
1.0 0.28015952143569295 22.4925 11.24 0.7000000000000004
1.0 0.2662013958125623 22.4925 10.68 0.7100000000000004
1.0 0.24227318045862412 22.4925 9.72 0.7200000000000004
1.0 0.2213359920239282 22.4925 8.88 0.7300000000000004
1.0 0.20438683948155534 22.4925 8.2 0.7400000000000004
1.0 0.19242273180458624 22.4925 7.72 0.7500000000000004
1.0 0.17347956131605186 22.4925 6.96 0.7600000000000005
1.0 0.16849451645064806 22.4925 6.76 0.7700000000000005
1.0 0.16151545363908276 22.4925 6.48 0.7800000000000005
1.0 0.15453639082751744 22.4925 6.2 0.7900000000000005
0.999888851839502 0.15054835493519442 22.49 6.04 0.8000000000000005
0.9997777036790041 0.14257228315054835 22.4875 5.72 0.8100000000000005
0.9996665555185061 0.13758723828514458 22.485 5.52 0.8200000000000005
0.9992219628765144 0.13260219341974078 22.475 5.32 0.8300000000000005
0.9986662220740247 0.12761714855433698 22.4625 5.12 0.8400000000000005
0.9974435923085473 0.12163509471585245 22.435 4.88 0.8500000000000005
0.9948871846170946 0.10867397806580259 22.3775 4.36 0.8600000000000005
0.9922196287651439 0.09471585244267199 22.3175 3.8 0.8700000000000006
0.9875514060242303 0.08374875373878365 22.2125 3.36 0.8800000000000006
0.9834389240858064 0.07178464606181456 22.12 2.88 0.8900000000000006
0.9788818495053907 0.05782652043868395 22.0175 2.32 0.9000000000000006
0.9749916638879627 0.038883349950149554 21.93 1.56 0.9100000000000006
0.970323441147049 0.026919242273180457 21.825 1.08 0.9200000000000006
0.9671001444926086 0.015952143569292122 21.7525 0.64 0.9300000000000006
0.9635434033566744 0.007976071784646061 21.6725 0.32 0.9400000000000006
0.9592086250972547 0.003988035892323031 21.575 0.16 0.9500000000000006
0.9549849949983328 0.0019940179461615153 21.48 0.08 0.9600000000000006
0.946648882960987 9.970089730807576E-4 21.2925 0.04 0.9700000000000006
0.930643547849283 9.970089730807576E-4 20.9325 0.04 0.9800000000000006
0.8882960986995665 0.0 19.98 0.0 0.9900000000000007
0.0 0.0 0.0 0.0
