1.0 1.0 17.994 25.075 0.0
1.0 0.8963110667996012 17.994 22.475 0.01
1.0 0.8135593220338984 17.994 20.4 0.02
1.0 0.7637088733798604 17.994 19.15 0.03
1.0 0.7308075772681955 17.994 18.325 0.04
1.0 0.7108673978065803 17.994 17.825 0.05
1.0 0.6759720837487537 17.994 16.95 0.060000000000000005
1.0 0.6759720837487537 17.994 16.95 0.07
1.0 0.6620139581256231 17.994 16.6 0.08
1.0 0.6470588235294118 17.994 16.225 0.09
1.0 0.6301096709870389 17.994 15.8 0.09999999999999999
1.0 0.6211365902293121 17.994 15.575 0.10999999999999999
1.0 0.6161515453639083 17.994 15.45 0.11999999999999998
1.0 0.6111665004985045 17.994 15.325 0.12999999999999998
1.0 0.6071784646061814 17.994 15.225 0.13999999999999999
1.0 0.6021934197407777 17.994 15.1 0.15
1.0 0.5972083748753739 17.994 14.975 0.16
1.0 0.5922233300099701 17.994 14.85 0.17
1.0 0.580259222333001 17.994 14.55 0.18000000000000002
1.0 0.5692921236291126 17.994 14.275 0.19000000000000003
1.0 0.5563310069790628 17.994 13.95 0.20000000000000004
1.0 0.5413758723828515 17.994 13.575 0.21000000000000005
1.0 0.5343968095712861 17.994 13.4 0.22000000000000006
1.0 0.5324027916251246 17.994 13.35 0.23000000000000007
1.0 0.5294117647058824 17.994 13.275 0.24000000000000007
1.0 0.5234297108673978 17.994 13.125 0.25000000000000006
1.0 0.5234297108673978 17.994 13.125 0.26000000000000006
1.0 0.5204386839481555 17.994 13.05 0.2700000000000001
1.0 0.518444666001994 17.994 13.0 0.2800000000000001
1.0 0.5164506480558325 17.994 12.95 0.2900000000000001
1.0 0.5154536390827518 17.994 12.925 0.3000000000000001
1.0 0.5134596211365903 17.994 12.875 0.3100000000000001
1.0 0.5124626121635095 17.994 12.85 0.3200000000000001
1.0 0.5084745762711864 17.994 12.75 0.3300000000000001
1.0 0.5014955134596212 17.994 12.575 0.34000000000000014
1.0 0.4945164506480558 17.994 12.4 0.35000000000000014
1.0 0.48554336989032904 17.994 12.175 0.36000000000000015
1.0 0.4835493519441675 17.994 12.125 0.37000000000000016
1.0 0.4795613160518445 17.994 12.025 0.38000000000000017
1.0 0.46859421734795614 17.994 11.75 0.3900000000000002
1.0 0.4576271186440678 17.994 11.475 0.4000000000000002
1.0 0.43768693918245266 17.994 10.975 0.4100000000000002
1.0 0.4217347956131605 17.994 10.575 0.4200000000000002
1.0 0.4127617148554337 17.994 10.35 0.4300000000000002
1.0 0.4067796610169492 17.994 10.2 0.4400000000000002
1.0 0.3938185443668993 17.994 9.875 0.45000000000000023
1.0 0.38584247258225324 17.994 9.675 0.46000000000000024
1.0 0.37188434695912265 17.994 9.325 0.47000000000000025
1.0 0.3678963110667996 17.994 9.225 0.48000000000000026
1.0 0.35992023928215355 17.994 9.025 0.49000000000000027
1.0 0.3589232303090728 17.994 9.0 0.5000000000000002
1.0 0.3559322033898305 17.994 8.925 0.5100000000000002
1.0 0.34995014955134596 17.994 8.775 0.5200000000000002
1.0 0.3459621136590229 17.994 8.675 0.5300000000000002
1.0 0.3459621136590229 17.994 8.675 0.5400000000000003
1.0 0.34496510468594216 17.994 8.65 0.5500000000000003
1.0 0.3439680957128614 17.994 8.625 0.5600000000000003
1.0 0.34097706879361916 17.994 8.55 0.5700000000000003
1.0 0.3389830508474576 17.994 8.5 0.5800000000000003
1.0 0.3389830508474576 17.994 8.5 0.5900000000000003
1.0 0.33798604187437686 17.994 8.475 0.6000000000000003
1.0 0.33798604187437686 17.994 8.475 0.6100000000000003
1.0 0.33300099700897307 17.994 8.35 0.6200000000000003
1.0 0.3320039880358923 17.994 8.325 0.6300000000000003
1.0 0.3300099700897308 17.994 8.275 0.6400000000000003
1.0 0.32901296111665007 17.994 8.25 0.6500000000000004
1.0 0.3230309072781655 17.994 8.1 0.6600000000000004
1.0 0.3190428713858425 17.994 8.0 0.6700000000000004
1.0 0.3120638085742772 17.994 7.825 0.6800000000000004
1.0 0.30109670987038883 17.994 7.55 0.6900000000000004
1.0 0.2901296111665005 17.994 7.275 0.7000000000000004
1.0 0.28215353938185445 17.994 7.075 0.7100000000000004
1.0 0.27018943170488535 17.994 6.775 0.7200000000000004
1.0 0.25324027916251246 17.994 6.35 0.7300000000000004
1.0 0.2432701894317049 17.994 6.1 0.7400000000000004
1.0 0.23030907278165502 17.994 5.775 0.7500000000000004
1.0 0.21734795613160518 17.994 5.45 0.7600000000000005
1.0 0.2073778664007976 17.994 5.2 0.7700000000000005
1.0 0.20139581256231306 17.994 5.05 0.7800000000000005
1.0 0.19641076769690927 17.994 4.925 0.7900000000000005
1.0 0.18943170488534397 17.994 4.75 0.8000000000000005
1.0 0.1864406779661017 17.994 4.675 0.8100000000000005
0.9997777036790041 0.18544366899302095 17.99 4.65 0.8200000000000005
0.9995554073580082 0.18444666001994017 17.986 4.625 0.8300000000000005
0.9993331110370124 0.18344965104685942 17.982 4.6 0.8400000000000005
0.9985550739135267 0.1814556331006979 17.968 4.55 0.8500000000000005
0.9971101478270534 0.17347956131605186 17.942 4.35 0.8600000000000005
0.9953317772590864 0.16450648055832504 17.91 4.125 0.8700000000000006
0.9933311103701233 0.1575274177467597 17.874 3.95 0.8800000000000006
0.9908858508391686 0.1465603190428714 17.83 3.675 0.8900000000000006
0.9869956652217405 0.13060817547357925 17.76 3.275 0.9000000000000006
0.9836612204068023 0.11665004985044865 17.7 2.925 0.9100000000000006
0.9818828498388351 0.10767696909272183 17.668 2.7 0.9200000000000006
0.9794375903078804 0.10069790628115653 17.624 2.525 0.9300000000000006
0.978214960542403 0.09870388833499502 17.602 2.475 0.9400000000000006
0.97621429365344 0.09571286141575275 17.566 2.4 0.9500000000000006
0.9744359230854729 0.09272183449651047 17.534 2.325 0.9600000000000006
0.9699899966655552 0.09172482552342971 17.454 2.3 0.9700000000000006
0.9620984772702011 0.09172482552342971 17.312 2.3 0.9800000000000006
0.9321996220962543 0.09172482552342971 16.774 2.3 0.9900000000000007
0.0 0.0 0.0 0.0
