1.0 1.0 17.994 20.06 0.0
1.0 0.8913260219341974 17.994 17.88 0.01
1.0 0.7986041874376869 17.994 16.02 0.02
1.0 0.7557328015952144 17.994 15.16 0.03
1.0 0.7248255234297108 17.994 14.54 0.04
1.0 0.6839481555333998 17.994 13.72 0.05
1.0 0.6390827517447657 17.994 12.82 0.060000000000000005
1.0 0.6390827517447657 17.994 12.82 0.07
1.0 0.6201395812562313 17.994 12.44 0.08
1.0 0.6061814556331007 17.994 12.16 0.09
1.0 0.5922233300099701 17.994 11.88 0.09999999999999999
1.0 0.5782652043868395 17.994 11.6 0.10999999999999999
1.0 0.5702891326021934 17.994 11.44 0.11999999999999998
1.0 0.5672981056829511 17.994 11.38 0.12999999999999998
1.0 0.5563310069790628 17.994 11.16 0.13999999999999999
1.0 0.5473579262213359 17.994 10.98 0.15
1.0 0.5324027916251246 17.994 10.68 0.16
1.0 0.5234297108673978 17.994 10.5 0.17
1.0 0.4965104685942173 17.994 9.96 0.18000000000000002
1.0 0.48953140578265203 17.994 9.82 0.19000000000000003
1.0 0.48055832502492524 17.994 9.64 0.20000000000000004
1.0 0.47258225324027914 17.994 9.48 0.21000000000000005
1.0 0.4646061814556331 17.994 9.32 0.22000000000000006
1.0 0.4576271186440678 17.994 9.18 0.23000000000000007
1.0 0.45363908275174475 17.994 9.1 0.24000000000000007
1.0 0.4506480558325025 17.994 9.04 0.25000000000000006
1.0 0.4426719840478564 17.994 8.88 0.26000000000000006
1.0 0.43768693918245266 17.994 8.78 0.2700000000000001
1.0 0.4307078763708873 17.994 8.64 0.2800000000000001
1.0 0.4287138584247258 17.994 8.6 0.2900000000000001
1.0 0.42572283150548357 17.994 8.54 0.3000000000000001
1.0 0.42572283150548357 17.994 8.54 0.3100000000000001
1.0 0.4247258225324028 17.994 8.52 0.3200000000000001
1.0 0.42073778664007977 17.994 8.44 0.3300000000000001
1.0 0.419740777666999 17.994 8.42 0.34000000000000014
1.0 0.41774675972083747 17.994 8.38 0.35000000000000014
1.0 0.4167497507477567 17.994 8.36 0.36000000000000015
1.0 0.4117647058823529 17.994 8.26 0.37000000000000016
1.0 0.4077766699900299 17.994 8.18 0.38000000000000017
1.0 0.4017946161515454 17.994 8.06 0.3900000000000002
1.0 0.39780658025922233 17.994 7.98 0.4000000000000002
1.0 0.38384845463609174 17.994 7.7 0.4100000000000002
1.0 0.37188434695912265 17.994 7.46 0.4200000000000002
1.0 0.3609172482552343 17.994 7.24 0.4300000000000002
1.0 0.34297108673978066 17.994 6.88 0.4400000000000002
1.0 0.33798604187437686 17.994 6.78 0.45000000000000023
1.0 0.3300099700897308 17.994 6.62 0.46000000000000024
1.0 0.3190428713858425 17.994 6.4 0.47000000000000025
1.0 0.31306081754735793 17.994 6.28 0.48000000000000026
1.0 0.30608175473579263 17.994 6.14 0.49000000000000027
1.0 0.3000997008973081 17.994 6.02 0.5000000000000002
1.0 0.29810568295114653 17.994 5.98 0.5100000000000002
1.0 0.29411764705882354 17.994 5.9 0.5200000000000002
1.0 0.29112662013958124 17.994 5.84 0.5300000000000002
1.0 0.29112662013958124 17.994 5.84 0.5400000000000003
1.0 0.28713858424725824 17.994 5.76 0.5500000000000003
1.0 0.28614157527417744 17.994 5.74 0.5600000000000003
1.0 0.28414755732801594 17.994 5.7 0.5700000000000003
1.0 0.2811565304087737 17.994 5.64 0.5800000000000003
1.0 0.2781655034895314 17.994 5.58 0.5900000000000003
1.0 0.2741774675972084 17.994 5.5 0.6000000000000003
1.0 0.27218344965104685 17.994 5.46 0.6100000000000003
1.0 0.2711864406779661 17.994 5.44 0.6200000000000003
1.0 0.2691924227318046 17.994 5.4 0.6300000000000003
1.0 0.2691924227318046 17.994 5.4 0.6400000000000003
1.0 0.26321036889332006 17.994 5.28 0.6500000000000004
1.0 0.2542372881355932 17.994 5.1 0.6600000000000004
1.0 0.24925224327018944 17.994 5.0 0.6700000000000004
1.0 0.24027916251246262 17.994 4.82 0.6800000000000004
1.0 0.23030907278165502 17.994 4.62 0.6900000000000004
1.0 0.226321036889332 17.994 4.54 0.7000000000000004
1.0 0.21834496510468593 17.994 4.38 0.7100000000000004
1.0 0.20139581256231306 17.994 4.04 0.7200000000000004
1.0 0.18444666001994017 17.994 3.7 0.7300000000000004
1.0 0.1694915254237288 17.994 3.4 0.7400000000000004
1.0 0.16051844466600199 17.994 3.22 0.7500000000000004
1.0 0.15154536390827517 17.994 3.04 0.7600000000000005
1.0 0.1415752741774676 17.994 2.84 0.7700000000000005
1.0 0.13160518444666003 17.994 2.64 0.7800000000000005
1.0 0.12362911266201396 17.994 2.48 0.7900000000000005
1.0 0.11764705882352941 17.994 2.36 0.8000000000000005
0.999888851839502 0.11465603190428714 17.992 2.3 0.8100000000000005
0.999888851839502 0.11166500498504486 17.992 2.24 0.8200000000000005
0.9996665555185061 0.1106679960119641 17.988 2.22 0.8300000000000005
0.9993331110370124 0.10767696909272183 17.982 2.16 0.8400000000000005
0.9987773702345226 0.10069790628115653 17.972 2.02 0.8500000000000005
0.9973324441480493 0.08873379860418744 17.946 1.78 0.8600000000000005
0.995887518061576 0.08175473579262213 17.92 1.64 0.8700000000000006
0.9945537401356007 0.07577268195413758 17.896 1.52 0.8800000000000006
0.9914415916416583 0.06779661016949153 17.84 1.36 0.8900000000000006
0.9883294431477159 0.05982053838484546 17.784 1.2 0.9000000000000006
0.9848838501722796 0.04287138584247258 17.722 0.86 0.9100000000000006
0.982105146159831 0.03090727816550349 17.672 0.62 0.9200000000000006
0.9801044792708681 0.02193419740777667 17.636 0.44 0.9300000000000006
0.9772146270979215 0.01694915254237288 17.584 0.34 0.9400000000000006
0.9746582194064688 0.014955134596211365 17.538 0.3 0.9500000000000006
0.9707680337890408 0.010967098703888335 17.468 0.22 0.9600000000000006
0.9668778481716127 0.010967098703888335 17.398 0.22 0.9700000000000006
0.9574302545292875 0.010967098703888335 17.228 0.22 0.9800000000000006
0.9318661776147604 0.009970089730807577 16.768 0.2 0.9900000000000007
0.0 0.0 0.0 0.0
