1.0 1.0 89.97 200.6 0.0
1.0 0.9990029910269193 89.97 200.4 0.01
1.0 0.9890329012961117 89.97 198.4 0.02
1.0 0.9830508474576272 89.97 197.2 0.03
1.0 0.9750747756729811 89.97 195.6 0.04
1.0 0.9750747756729811 89.97 195.6 0.05
1.0 0.963110667996012 89.97 193.2 0.060000000000000005
1.0 0.963110667996012 89.97 193.2 0.07
1.0 0.9611166500498505 89.97 192.8 0.08
1.0 0.9581256231306082 89.97 192.2 0.09
1.0 0.9561316051844466 89.97 191.8 0.09999999999999999
1.0 0.9551345962113659 89.97 191.6 0.10999999999999999
1.0 0.9511465603190429 89.97 190.8 0.11999999999999998
1.0 0.9481555333998006 89.97 190.2 0.12999999999999998
1.0 0.9471585244267199 89.97 190.0 0.13999999999999999
1.0 0.9441674975074775 89.97 189.4 0.15
1.0 0.9411764705882353 89.97 188.8 0.16
1.0 0.9391824526420738 89.97 188.4 0.17
1.0 0.938185443668993 89.97 188.2 0.18000000000000002
1.0 0.9332003988035892 89.97 187.2 0.19000000000000003
1.0 0.9302093718843469 89.97 186.6 0.20000000000000004
1.0 0.9282153539381854 89.97 186.2 0.21000000000000005
1.0 0.9272183449651047 89.97 186.0 0.22000000000000006
1.0 0.9262213359920239 89.97 185.8 0.23000000000000007
1.0 0.9252243270189432 89.97 185.6 0.24000000000000007
1.0 0.9252243270189432 89.97 185.6 0.25000000000000006
1.0 0.9242273180458624 89.97 185.4 0.26000000000000006
1.0 0.9232303090727817 89.97 185.2 0.2700000000000001
1.0 0.922233300099701 89.97 185.0 0.2800000000000001
1.0 0.922233300099701 89.97 185.0 0.2900000000000001
1.0 0.922233300099701 89.97 185.0 0.3000000000000001
1.0 0.9212362911266201 89.97 184.8 0.3100000000000001
1.0 0.9212362911266201 89.97 184.8 0.3200000000000001
1.0 0.9212362911266201 89.97 184.8 0.3300000000000001
1.0 0.9212362911266201 89.97 184.8 0.34000000000000014
1.0 0.9212362911266201 89.97 184.8 0.35000000000000014
1.0 0.9212362911266201 89.97 184.8 0.36000000000000015
1.0 0.9202392821535393 89.97 184.6 0.37000000000000016
1.0 0.9172482552342971 89.97 184.0 0.38000000000000017
1.0 0.9172482552342971 89.97 184.0 0.3900000000000002
1.0 0.9132602193419741 89.97 183.2 0.4000000000000002
1.0 0.9112662013958126 89.97 182.8 0.4100000000000002
1.0 0.9072781655034895 89.97 182.0 0.4200000000000002
1.0 0.9042871385842473 89.97 181.4 0.4300000000000002
1.0 0.8993020937188435 89.97 180.4 0.4400000000000002
1.0 0.8933200398803589 89.97 179.2 0.45000000000000023
1.0 0.8863409770687937 89.97 177.8 0.46000000000000024
1.0 0.8813559322033898 89.97 176.8 0.47000000000000025
1.0 0.8793619142572283 89.97 176.4 0.48000000000000026
1.0 0.8763708873379861 89.97 175.8 0.49000000000000027
1.0 0.872382851445663 89.97 175.0 0.5000000000000002
1.0 0.8703888334995015 89.97 174.6 0.5100000000000002
1.0 0.8693918245264207 89.97 174.4 0.5200000000000002
1.0 0.8693918245264207 89.97 174.4 0.5300000000000002
1.0 0.8693918245264207 89.97 174.4 0.5400000000000003
1.0 0.86839481555334 89.97 174.2 0.5500000000000003
1.0 0.8673978065802592 89.97 174.0 0.5600000000000003
1.0 0.8673978065802592 89.97 174.0 0.5700000000000003
1.0 0.8673978065802592 89.97 174.0 0.5800000000000003
1.0 0.8673978065802592 89.97 174.0 0.5900000000000003
1.0 0.8654037886340977 89.97 173.6 0.6000000000000003
1.0 0.8624127617148555 89.97 173.0 0.6100000000000003
1.0 0.8624127617148555 89.97 173.0 0.6200000000000003
1.0 0.8584247258225324 89.97 172.2 0.6300000000000003
1.0 0.8554336989032901 89.97 171.6 0.6400000000000003
1.0 0.8494516450648056 89.97 170.4 0.6500000000000004
1.0 0.839481555333998 89.97 168.4 0.6600000000000004
1.0 0.8315054835493519 89.97 166.8 0.6700000000000004
1.0 0.8245264207377866 89.97 165.4 0.6800000000000004
1.0 0.8095712861415753 89.97 162.4 0.6900000000000004
1.0 0.7996011964107677 89.97 160.4 0.7000000000000004
1.0 0.7816550348953141 89.97 156.8 0.7100000000000004
1.0 0.7617148554336989 89.97 152.8 0.7200000000000004
1.0 0.7457627118644068 89.97 149.6 0.7300000000000004
1.0 0.7337986041874377 89.97 147.2 0.7400000000000004
1.0 0.715852442671984 89.97 143.6 0.7500000000000004
1.0 0.6899302093718843 89.97 138.4 0.7600000000000005
1.0 0.6839481555333998 89.97 137.2 0.7700000000000005
1.0 0.6729810568295115 89.97 135.0 0.7800000000000005
0.9997777036790041 0.6660019940179461 89.95 133.6 0.7900000000000005
0.9992219628765144 0.6620139581256231 89.9 132.8 0.8000000000000005
0.9975547404690452 0.6580259222333001 89.75 132.0 0.8100000000000005
0.9954429254195843 0.6550348953140578 89.56 131.4 0.8200000000000005
0.9895520729131932 0.646061814556331 89.03 129.6 0.8300000000000005
0.9813271090363455 0.6331006979062812 88.29 127.0 0.8400000000000005
0.9667667000111149 0.6201395812562313 86.98 124.4 0.8500000000000005
0.9442036234300323 0.584247258225324 84.95 117.2 0.8600000000000005
0.9111926197621429 0.5343968095712861 81.98 107.2 0.8700000000000006
0.8653995776369902 0.4715852442671984 77.86 94.6 0.8800000000000006
0.8071579415360676 0.4037886340977069 72.62 81.0 0.8900000000000006
0.7515838612870956 0.3180458624127617 67.62 63.8 0.9000000000000006
0.6900077803712349 0.22432701894317048 62.08 45.0 0.9100000000000006
0.6394353673446704 0.14755732801595214 57.53 29.6 0.9200000000000006
0.6006446593308881 0.08773678963110668 54.04 17.6 0.9300000000000006
0.5683005446259864 0.05084745762711865 51.13 10.2 0.9400000000000006
0.545292875402912 0.036889332003988036 49.06 7.4 0.9500000000000006
0.527620317883739 0.022931206380857428 47.47 4.6 0.9600000000000006
0.5090585750805824 0.02193419740777667 45.8 4.4 0.9700000000000006
0.47526953428920754 0.020937188434695914 42.76 4.2 0.9800000000000006
0.3759030788040458 0.020937188434695914 33.82 4.2 0.9900000000000007
0.0 0.0 0.0 0.0
