1.0 1.0 89.97 3.086153846153846 0.0
1.0 0.9980059820538385 89.97 3.08 0.01
1.0 0.9970089730807578 89.97 3.076923076923077 0.02
1.0 0.9970089730807578 89.97 3.076923076923077 0.03
1.0 0.9940179461615155 89.97 3.0676923076923077 0.04
1.0 0.9930209371884346 89.97 3.0646153846153847 0.05
1.0 0.9870388833499502 89.97 3.046153846153846 0.060000000000000005
1.0 0.9870388833499502 89.97 3.046153846153846 0.07
1.0 0.9820538384845464 89.97 3.0307692307692307 0.08
1.0 0.9810568295114656 89.97 3.0276923076923077 0.09
1.0 0.9800598205383848 89.97 3.0246153846153847 0.09999999999999999
1.0 0.9790628115653041 89.97 3.0215384615384617 0.10999999999999999
1.0 0.9790628115653041 89.97 3.0215384615384617 0.11999999999999998
1.0 0.9790628115653041 89.97 3.0215384615384617 0.12999999999999998
1.0 0.9780658025922233 89.97 3.0184615384615383 0.13999999999999999
1.0 0.9760717846460618 89.97 3.0123076923076924 0.15
1.0 0.9750747756729811 89.97 3.0092307692307694 0.16
1.0 0.9740777666999003 89.97 3.006153846153846 0.17
1.0 0.9720837487537388 89.97 3.0 0.18000000000000002
1.0 0.9700897308075773 89.97 2.993846153846154 0.19000000000000003
1.0 0.963110667996012 89.97 2.9723076923076923 0.20000000000000004
1.0 0.963110667996012 89.97 2.9723076923076923 0.21000000000000005
1.0 0.9621136590229312 89.97 2.9692307692307693 0.22000000000000006
1.0 0.9621136590229312 89.97 2.9692307692307693 0.23000000000000007
1.0 0.9621136590229312 89.97 2.9692307692307693 0.24000000000000007
1.0 0.9611166500498505 89.97 2.9661538461538464 0.25000000000000006
1.0 0.9611166500498505 89.97 2.9661538461538464 0.26000000000000006
1.0 0.9611166500498505 89.97 2.9661538461538464 0.2700000000000001
1.0 0.9601196410767697 89.97 2.963076923076923 0.2800000000000001
1.0 0.9601196410767697 89.97 2.963076923076923 0.2900000000000001
1.0 0.9601196410767697 89.97 2.963076923076923 0.3000000000000001
1.0 0.9601196410767697 89.97 2.963076923076923 0.3100000000000001
1.0 0.9601196410767697 89.97 2.963076923076923 0.3200000000000001
1.0 0.9601196410767697 89.97 2.963076923076923 0.3300000000000001
1.0 0.9601196410767697 89.97 2.963076923076923 0.34000000000000014
1.0 0.9601196410767697 89.97 2.963076923076923 0.35000000000000014
1.0 0.959122632103689 89.97 2.96 0.36000000000000015
1.0 0.9561316051844466 89.97 2.9507692307692306 0.37000000000000016
1.0 0.9551345962113659 89.97 2.9476923076923076 0.38000000000000017
1.0 0.9541375872382851 89.97 2.9446153846153846 0.3900000000000002
1.0 0.9491525423728814 89.97 2.9292307692307693 0.4000000000000002
1.0 0.9441674975074775 89.97 2.913846153846154 0.4100000000000002
1.0 0.9401794616151545 89.97 2.9015384615384616 0.4200000000000002
1.0 0.9351944167497508 89.97 2.8861538461538463 0.4300000000000002
1.0 0.9322033898305084 89.97 2.876923076923077 0.4400000000000002
1.0 0.9292123629112662 89.97 2.8676923076923075 0.45000000000000023
1.0 0.9252243270189432 89.97 2.855384615384615 0.46000000000000024
1.0 0.9202392821535393 89.97 2.84 0.47000000000000025
1.0 0.9142572283150548 89.97 2.8215384615384616 0.48000000000000026
1.0 0.9112662013958126 89.97 2.812307692307692 0.49000000000000027
1.0 0.9102691924227319 89.97 2.809230769230769 0.5000000000000002
1.0 0.9072781655034895 89.97 2.8 0.5100000000000002
1.0 0.9032901296111665 89.97 2.787692307692308 0.5200000000000002
1.0 0.901296111665005 89.97 2.7815384615384615 0.5300000000000002
1.0 0.9002991026919243 89.97 2.7784615384615385 0.5400000000000003
1.0 0.8993020937188435 89.97 2.7753846153846156 0.5500000000000003
1.0 0.8983050847457628 89.97 2.772307692307692 0.5600000000000003
1.0 0.8983050847457628 89.97 2.772307692307692 0.5700000000000003
1.0 0.8983050847457628 89.97 2.772307692307692 0.5800000000000003
1.0 0.8983050847457628 89.97 2.772307692307692 0.5900000000000003
1.0 0.8963110667996012 89.97 2.766153846153846 0.6000000000000003
1.0 0.8963110667996012 89.97 2.766153846153846 0.6100000000000003
1.0 0.8953140578265204 89.97 2.763076923076923 0.6200000000000003
1.0 0.8923230309072782 89.97 2.753846153846154 0.6300000000000003
1.0 0.8873379860418744 89.97 2.7384615384615385 0.6400000000000003
1.0 0.8813559322033898 89.97 2.72 0.6500000000000004
1.0 0.8753738783649053 89.97 2.7015384615384614 0.6600000000000004
1.0 0.8664007976071785 89.97 2.6738461538461538 0.6700000000000004
1.0 0.8584247258225324 89.97 2.649230769230769 0.6800000000000004
1.0 0.843469591226321 89.97 2.603076923076923 0.6900000000000004
1.0 0.8305084745762712 89.97 2.563076923076923 0.7000000000000004
1.0 0.8145563310069791 89.97 2.513846153846154 0.7100000000000004
1.0 0.7876370887337986 89.97 2.4307692307692306 0.7200000000000004
1.0 0.7686939182452642 89.97 2.3723076923076922 0.7300000000000004
1.0 0.7497507477567298 89.97 2.313846153846154 0.7400000000000004
1.0 0.7308075772681955 89.97 2.2553846153846155 0.7500000000000004
1.0 0.7178464606181456 89.97 2.2153846153846155 0.7600000000000005
1.0 0.7048853439680958 89.97 2.1753846153846155 0.7700000000000005
0.9997777036790041 0.6879361914257228 89.95 2.123076923076923 0.7800000000000005
0.9996665555185061 0.6779661016949152 89.94 2.0923076923076924 0.7900000000000005
0.9993331110370124 0.6739780658025922 89.91 2.08 0.8000000000000005
0.9979993331110371 0.6689930209371885 89.79 2.0646153846153847 0.8100000000000005
0.9951094809380905 0.6610169491525424 89.53 2.04 0.8200000000000005
0.9894409247526953 0.646061814556331 89.02 1.9938461538461538 0.8300000000000005
0.980215627431366 0.6360917248255235 88.19 1.9630769230769232 0.8400000000000005
0.9658775147271312 0.6211365902293121 86.9 1.916923076923077 0.8500000000000005
0.9443147715905301 0.5782652043868395 84.96 1.7846153846153847 0.8600000000000005
0.906968989663221 0.5314057826520439 81.6 1.64 0.8700000000000006
0.859619873291097 0.47258225324027914 77.34 1.4584615384615385 0.8800000000000006
0.8016005335111704 0.4127617148554337 72.12 1.2738461538461539 0.8900000000000006
0.737023452261865 0.33599202392821537 66.31 1.0369230769230768 0.9000000000000006
0.6693342225186173 0.25623130608175476 60.22 0.7907692307692308 0.9100000000000006
0.610647993775703 0.17746759720837488 54.94 0.5476923076923077 0.9200000000000006
0.5686339891074803 0.11665004985044865 51.16 0.36 0.9300000000000006
0.5321773924641547 0.08374875373878365 47.88 0.25846153846153846 0.9400000000000006
0.5070579081916194 0.06380857427716849 45.62 0.19692307692307692 0.9500000000000006
0.48860731354896075 0.0518444666001994 43.96 0.16 0.9600000000000006
0.4688229409803268 0.05084745762711865 42.18 0.15692307692307692 0.9700000000000006
0.43136601089251975 0.049850448654037885 38.81 0.15384615384615385 0.9800000000000006
0.33689007446926755 0.049850448654037885 30.31 0.15384615384615385 0.9900000000000007
0.0 0.0 0.0 0.0
