1.0 1.0 89.97 2.476543209876543 0.0
1.0 0.9970089730807578 89.97 2.4691358024691357 0.01
1.0 0.9930209371884346 89.97 2.4592592592592593 0.02
1.0 0.9890329012961117 89.97 2.449382716049383 0.03
1.0 0.9860418743768694 89.97 2.4419753086419753 0.04
1.0 0.9840478564307079 89.97 2.437037037037037 0.05
1.0 0.9790628115653041 89.97 2.4246913580246914 0.060000000000000005
1.0 0.9790628115653041 89.97 2.4246913580246914 0.07
1.0 0.9770687936191426 89.97 2.419753086419753 0.08
1.0 0.9710867397806581 89.97 2.404938271604938 0.09
1.0 0.967098703888335 89.97 2.3950617283950617 0.09999999999999999
1.0 0.9661016949152542 89.97 2.3925925925925924 0.10999999999999999
1.0 0.963110667996012 89.97 2.3851851851851853 0.11999999999999998
1.0 0.9611166500498505 89.97 2.380246913580247 0.12999999999999998
1.0 0.9611166500498505 89.97 2.380246913580247 0.13999999999999999
1.0 0.9601196410767697 89.97 2.3777777777777778 0.15
1.0 0.959122632103689 89.97 2.3753086419753084 0.16
1.0 0.9571286141575274 89.97 2.3703703703703702 0.17
1.0 0.9541375872382851 89.97 2.362962962962963 0.18000000000000002
1.0 0.9491525423728814 89.97 2.3506172839506174 0.19000000000000003
1.0 0.9441674975074775 89.97 2.3382716049382717 0.20000000000000004
1.0 0.9411764705882353 89.97 2.330864197530864 0.21000000000000005
1.0 0.9391824526420738 89.97 2.325925925925926 0.22000000000000006
1.0 0.9351944167497508 89.97 2.3160493827160495 0.23000000000000007
1.0 0.9332003988035892 89.97 2.311111111111111 0.24000000000000007
1.0 0.9332003988035892 89.97 2.311111111111111 0.25000000000000006
1.0 0.9332003988035892 89.97 2.311111111111111 0.26000000000000006
1.0 0.9332003988035892 89.97 2.311111111111111 0.2700000000000001
1.0 0.9332003988035892 89.97 2.311111111111111 0.2800000000000001
1.0 0.9332003988035892 89.97 2.311111111111111 0.2900000000000001
1.0 0.9322033898305084 89.97 2.308641975308642 0.3000000000000001
1.0 0.9322033898305084 89.97 2.308641975308642 0.3100000000000001
1.0 0.9322033898305084 89.97 2.308641975308642 0.3200000000000001
1.0 0.9322033898305084 89.97 2.308641975308642 0.3300000000000001
1.0 0.9302093718843469 89.97 2.303703703703704 0.34000000000000014
1.0 0.9302093718843469 89.97 2.303703703703704 0.35000000000000014
1.0 0.9292123629112662 89.97 2.3012345679012345 0.36000000000000015
1.0 0.9282153539381854 89.97 2.2987654320987656 0.37000000000000016
1.0 0.9252243270189432 89.97 2.291358024691358 0.38000000000000017
1.0 0.922233300099701 89.97 2.2839506172839505 0.3900000000000002
1.0 0.9202392821535393 89.97 2.2790123456790123 0.4000000000000002
1.0 0.9162512462612163 89.97 2.269135802469136 0.4100000000000002
1.0 0.9122632103688934 89.97 2.259259259259259 0.4200000000000002
1.0 0.9082751744765702 89.97 2.2493827160493827 0.4300000000000002
1.0 0.901296111665005 89.97 2.2320987654320987 0.4400000000000002
1.0 0.8963110667996012 89.97 2.219753086419753 0.45000000000000023
1.0 0.8923230309072782 89.97 2.2098765432098766 0.46000000000000024
1.0 0.8903290129611167 89.97 2.2049382716049384 0.47000000000000025
1.0 0.8893320039880359 89.97 2.202469135802469 0.48000000000000026
1.0 0.8883349950149552 89.97 2.2 0.49000000000000027
1.0 0.8883349950149552 89.97 2.2 0.5000000000000002
1.0 0.8883349950149552 89.97 2.2 0.5100000000000002
1.0 0.8863409770687937 89.97 2.1950617283950615 0.5200000000000002
1.0 0.8843469591226321 89.97 2.1901234567901233 0.5300000000000002
1.0 0.8833499501495513 89.97 2.1876543209876544 0.5400000000000003
1.0 0.8823529411764706 89.97 2.185185185185185 0.5500000000000003
1.0 0.8823529411764706 89.97 2.185185185185185 0.5600000000000003
1.0 0.8823529411764706 89.97 2.185185185185185 0.5700000000000003
1.0 0.8823529411764706 89.97 2.185185185185185 0.5800000000000003
1.0 0.8823529411764706 89.97 2.185185185185185 0.5900000000000003
1.0 0.8813559322033898 89.97 2.1827160493827162 0.6000000000000003
1.0 0.8803589232303091 89.97 2.180246913580247 0.6100000000000003
1.0 0.8783649052841476 89.97 2.1753086419753087 0.6200000000000003
1.0 0.8753738783649053 89.97 2.167901234567901 0.6300000000000003
1.0 0.872382851445663 89.97 2.1604938271604937 0.6400000000000003
1.0 0.8703888334995015 89.97 2.1555555555555554 0.6500000000000004
1.0 0.8624127617148555 89.97 2.1358024691358026 0.6600000000000004
1.0 0.8514456630109671 89.97 2.108641975308642 0.6700000000000004
1.0 0.843469591226321 89.97 2.088888888888889 0.6800000000000004
1.0 0.8285144566301097 89.97 2.051851851851852 0.6900000000000004
1.0 0.8125623130608175 89.97 2.0123456790123457 0.7000000000000004
1.0 0.8005982053838484 89.97 1.982716049382716 0.7100000000000004
1.0 0.7776669990029911 89.97 1.9259259259259258 0.7200000000000004
1.0 0.7617148554336989 89.97 1.8864197530864197 0.7300000000000004
1.0 0.7437686939182453 89.97 1.8419753086419752 0.7400000000000004
1.0 0.7318045862412762 89.97 1.8123456790123458 0.7500000000000004
1.0 0.7148554336989033 89.97 1.7703703703703704 0.7600000000000005
1.0 0.7048853439680958 89.97 1.745679012345679 0.7700000000000005
0.999888851839502 0.6979062811565304 89.96 1.728395061728395 0.7800000000000005
0.9996665555185061 0.6939182452642074 89.94 1.7185185185185186 0.7900000000000005
0.9988885183950206 0.6909272183449651 89.87 1.711111111111111 0.8000000000000005
0.9972212959875514 0.6879361914257228 89.72 1.7037037037037037 0.8100000000000005
0.9939979993331111 0.6839481555333998 89.43 1.693827160493827 0.8200000000000005
0.9874402578637324 0.674975074775673 88.84 1.671604938271605 0.8300000000000005
0.978103812381905 0.6620139581256231 88.0 1.6395061728395062 0.8400000000000005
0.9604312548627321 0.646061814556331 86.41 1.6 0.8500000000000005
0.93297765921974 0.6061814556331007 83.94 1.5012345679012347 0.8600000000000005
0.8938535067244637 0.5603190428713859 80.42 1.3876543209876544 0.8700000000000006
0.8392797599199733 0.4935194416749751 75.51 1.2222222222222223 0.8800000000000006
0.7758141602756474 0.43469591226321036 69.8 1.0765432098765433 0.8900000000000006
0.7042347449149716 0.3469591226321037 63.36 0.8592592592592593 0.9000000000000006
0.6320995887518062 0.2502492522432702 56.87 0.6197530864197531 0.9100000000000006
0.5684116927864844 0.17846460618145563 51.14 0.4419753086419753 0.9200000000000006
0.5221740580193398 0.11764705882352941 46.98 0.291358024691358 0.9300000000000006
0.4863843503390019 0.08773678963110668 43.76 0.21728395061728395 0.9400000000000006
0.46371012559742136 0.06879361914257229 41.72 0.17037037037037037 0.9500000000000006
0.44837167944870515 0.054835493519441676 40.34 0.13580246913580246 0.9600000000000006
0.4343670112259642 0.05284147557328016 39.08 0.1308641975308642 0.9700000000000006
0.4029120818050461 0.0518444666001994 36.25 0.12839506172839507 0.9800000000000006
0.30565744136934536 0.05084745762711865 27.5 0.1259259259259259 0.9900000000000007
0.0 0.0 0.0 0.0
