1.0 1.0 12.852857142857143 50.15 0.0
1.0 0.7377866400797607 12.852857142857143 37.0 0.01
1.0 0.5663010967098704 12.852857142857143 28.4 0.02
1.0 0.5194416749750748 12.852857142857143 26.05 0.03
1.0 0.4885343968095713 12.852857142857143 24.5 0.04
1.0 0.4646061814556331 12.852857142857143 23.3 0.05
1.0 0.42971086739780656 12.852857142857143 21.55 0.060000000000000005
1.0 0.42971086739780656 12.852857142857143 21.55 0.07
1.0 0.4187437686939183 12.852857142857143 21.0 0.08
1.0 0.4077766699900299 12.852857142857143 20.45 0.09
1.0 0.3948155533399801 12.852857142857143 19.8 0.09999999999999999
1.0 0.38584247258225324 12.852857142857143 19.35 0.10999999999999999
1.0 0.3778664007976072 12.852857142857143 18.95 0.11999999999999998
1.0 0.3748753738783649 12.852857142857143 18.8 0.12999999999999998
1.0 0.36490528414755735 12.852857142857143 18.3 0.13999999999999999
1.0 0.35992023928215355 12.852857142857143 18.05 0.15
1.0 0.35194416749750745 12.852857142857143 17.65 0.16
1.0 0.33798604187437686 12.852857142857143 16.95 0.17
1.0 0.3180458624127617 12.852857142857143 15.95 0.18000000000000002
1.0 0.3100697906281156 12.852857142857143 15.55 0.19000000000000003
1.0 0.30109670987038883 12.852857142857143 15.1 0.20000000000000004
1.0 0.2951146560319043 12.852857142857143 14.8 0.21000000000000005
1.0 0.2931206380857428 12.852857142857143 14.7 0.22000000000000006
1.0 0.28913260219341974 12.852857142857143 14.5 0.23000000000000007
1.0 0.28414755732801594 12.852857142857143 14.25 0.24000000000000007
1.0 0.28015952143569295 12.852857142857143 14.05 0.25000000000000006
1.0 0.2731804586241276 12.852857142857143 13.7 0.26000000000000006
1.0 0.2711864406779661 12.852857142857143 13.6 0.2700000000000001
1.0 0.26321036889332006 12.852857142857143 13.2 0.2800000000000001
1.0 0.26021934197407776 12.852857142857143 13.05 0.2900000000000001
1.0 0.25623130608175476 12.852857142857143 12.85 0.3000000000000001
1.0 0.25324027916251246 12.852857142857143 12.7 0.3100000000000001
1.0 0.24925224327018944 12.852857142857143 12.5 0.3200000000000001
1.0 0.2432701894317049 12.852857142857143 12.2 0.3300000000000001
1.0 0.2432701894317049 12.852857142857143 12.2 0.34000000000000014
1.0 0.23928215353938184 12.852857142857143 12.0 0.35000000000000014
1.0 0.23529411764705882 12.852857142857143 11.8 0.36000000000000015
1.0 0.23230309072781655 12.852857142857143 11.65 0.37000000000000016
1.0 0.22831505483549352 12.852857142857143 11.45 0.38000000000000017
1.0 0.22532402791625125 12.852857142857143 11.3 0.3900000000000002
1.0 0.21834496510468593 12.852857142857143 10.95 0.4000000000000002
1.0 0.21335992023928216 12.852857142857143 10.7 0.4100000000000002
1.0 0.20937188434695914 12.852857142857143 10.5 0.4200000000000002
1.0 0.20638085742771686 12.852857142857143 10.35 0.4300000000000002
1.0 0.19940179461615154 12.852857142857143 10.0 0.4400000000000002
1.0 0.19541375872382852 12.852857142857143 9.8 0.45000000000000023
1.0 0.19242273180458624 12.852857142857143 9.65 0.46000000000000024
1.0 0.18444666001994017 12.852857142857143 9.25 0.47000000000000025
1.0 0.18045862412761715 12.852857142857143 9.05 0.48000000000000026
1.0 0.17746759720837488 12.852857142857143 8.9 0.49000000000000027
1.0 0.1744765702891326 12.852857142857143 8.75 0.5000000000000002
1.0 0.17048853439680958 12.852857142857143 8.55 0.5100000000000002
1.0 0.16849451645064806 12.852857142857143 8.45 0.5200000000000002
1.0 0.16051844466600199 12.852857142857143 8.05 0.5300000000000002
1.0 0.1575274177467597 12.852857142857143 7.9 0.5400000000000003
1.0 0.15553339980059822 12.852857142857143 7.8 0.5500000000000003
1.0 0.1535393818544367 12.852857142857143 7.7 0.5600000000000003
1.0 0.1485543369890329 12.852857142857143 7.45 0.5700000000000003
1.0 0.14755732801595214 12.852857142857143 7.4 0.5800000000000003
1.0 0.1465603190428714 12.852857142857143 7.35 0.5900000000000003
1.0 0.14356929212362912 12.852857142857143 7.2 0.6000000000000003
1.0 0.1415752741774676 12.852857142857143 7.1 0.6100000000000003
1.0 0.1365902293120638 12.852857142857143 6.85 0.6200000000000003
1.0 0.13559322033898305 12.852857142857143 6.8 0.6300000000000003
1.0 0.13359920239282153 12.852857142857143 6.7 0.6400000000000003
1.0 0.13160518444666003 12.852857142857143 6.6 0.6500000000000004
1.0 0.13160518444666003 12.852857142857143 6.6 0.6600000000000004
1.0 0.13060817547357925 12.852857142857143 6.55 0.6700000000000004
1.0 0.1296111665004985 12.852857142857143 6.5 0.6800000000000004
1.0 0.12362911266201396 12.852857142857143 6.2 0.6900000000000004
1.0 0.12362911266201396 12.852857142857143 6.2 0.7000000000000004
1.0 0.11964107676969092 12.852857142857143 6.0 0.7100000000000004
1.0 0.11764705882352941 12.852857142857143 5.9 0.7200000000000004
1.0 0.11365902293120637 12.852857142857143 5.7 0.7300000000000004
1.0 0.11166500498504486 12.852857142857143 5.6 0.7400000000000004
1.0 0.10568295114656032 12.852857142857143 5.3 0.7500000000000004
1.0 0.10269192422731804 12.852857142857143 5.15 0.7600000000000005
1.0 0.09870388833499502 12.852857142857143 4.95 0.7700000000000005
1.0 0.0967098703888335 12.852857142857143 4.85 0.7800000000000005
1.0 0.09072781655034895 12.852857142857143 4.55 0.7900000000000005
1.0 0.08873379860418744 12.852857142857143 4.45 0.8000000000000005
1.0 0.08374875373878365 12.852857142857143 4.2 0.8100000000000005
0.999888851839502 0.07976071784646062 12.851428571428572 4.0 0.8200000000000005
0.999888851839502 0.07876370887337986 12.851428571428572 3.95 0.8300000000000005
0.999888851839502 0.07477567298105683 12.851428571428572 3.75 0.8400000000000005
0.9997777036790041 0.07178464606181456 12.85 3.6 0.8500000000000005
0.9996665555185061 0.06779661016949153 12.848571428571429 3.4 0.8600000000000005
0.9995554073580082 0.06181455633100698 12.847142857142858 3.1 0.8700000000000006
0.9993331110370124 0.058823529411764705 12.844285714285714 2.95 0.8800000000000006
0.9989996665555185 0.05682951146560319 12.84 2.85 0.8900000000000006
0.9988885183950206 0.05284147557328016 12.838571428571429 2.65 0.9000000000000006
0.9985550739135267 0.0518444666001994 12.834285714285715 2.6 0.9100000000000006
0.9982216294320329 0.0448654037886341 12.83 2.25 0.9200000000000006
0.998110481271535 0.04187437686939183 12.82857142857143 2.1 0.9300000000000006
0.998110481271535 0.038883349950149554 12.82857142857143 1.95 0.9400000000000006
0.9977770367900411 0.03589232303090728 12.824285714285715 1.8 0.9500000000000006
0.9973324441480493 0.031904287138584245 12.81857142857143 1.6 0.9600000000000006
0.9964432588640658 0.027916251246261216 12.807142857142857 1.4 0.9700000000000006
0.9948871846170946 0.019940179461615155 12.787142857142857 1.0 0.9800000000000006
0.9884405913082138 0.011964107676969093 12.704285714285714 0.6 0.9900000000000007
0.0 0.0 0.0 0.0
