1.0 1.0 Infinity 66.86666666666666 0.0
1.0 1.0 Infinity 66.86666666666666 0.01
1.0 1.0 Infinity 66.86666666666666 0.02
1.0 1.0 Infinity 66.86666666666666 0.03
1.0 1.0 Infinity 66.86666666666666 0.04
1.0 1.0 Infinity 66.86666666666666 0.05
1.0 1.0 Infinity 66.86666666666666 0.060000000000000005
1.0 1.0 Infinity 66.86666666666666 0.07
1.0 1.0 Infinity 66.86666666666666 0.08
1.0 1.0 Infinity 66.86666666666666 0.09
1.0 1.0 Infinity 66.86666666666666 0.09999999999999999
1.0 1.0 Infinity 66.86666666666666 0.10999999999999999
1.0 1.0 Infinity 66.86666666666666 0.11999999999999998
1.0 1.0 Infinity 66.86666666666666 0.12999999999999998
1.0 1.0 Infinity 66.86666666666666 0.13999999999999999
1.0 1.0 Infinity 66.86666666666666 0.15
1.0 1.0 Infinity 66.86666666666666 0.16
1.0 1.0 Infinity 66.86666666666666 0.17
1.0 1.0 Infinity 66.86666666666666 0.18000000000000002
1.0 1.0 Infinity 66.86666666666666 0.19000000000000003
1.0 1.0 Infinity 66.86666666666666 0.20000000000000004
1.0 1.0 Infinity 66.86666666666666 0.21000000000000005
1.0 1.0 Infinity 66.86666666666666 0.22000000000000006
1.0 1.0 Infinity 66.86666666666666 0.23000000000000007
1.0 1.0 Infinity 66.86666666666666 0.24000000000000007
1.0 1.0 Infinity 66.86666666666666 0.25000000000000006
1.0 1.0 Infinity 66.86666666666666 0.26000000000000006
1.0 1.0 Infinity 66.86666666666666 0.2700000000000001
1.0 1.0 Infinity 66.86666666666666 0.2800000000000001
1.0 1.0 Infinity 66.86666666666666 0.2900000000000001
1.0 1.0 Infinity 66.86666666666666 0.3000000000000001
1.0 1.0 Infinity 66.86666666666666 0.3100000000000001
1.0 1.0 Infinity 66.86666666666666 0.3200000000000001
1.0 1.0 Infinity 66.86666666666666 0.3300000000000001
1.0 1.0 Infinity 66.86666666666666 0.34000000000000014
1.0 1.0 Infinity 66.86666666666666 0.35000000000000014
1.0 1.0 Infinity 66.86666666666666 0.36000000000000015
1.0 1.0 Infinity 66.86666666666666 0.37000000000000016
1.0 1.0 Infinity 66.86666666666666 0.38000000000000017
1.0 1.0 Infinity 66.86666666666666 0.3900000000000002
1.0 1.0 Infinity 66.86666666666666 0.4000000000000002
1.0 1.0 Infinity 66.86666666666666 0.4100000000000002
1.0 1.0 Infinity 66.86666666666666 0.4200000000000002
1.0 1.0 Infinity 66.86666666666666 0.4300000000000002
1.0 1.0 Infinity 66.86666666666666 0.4400000000000002
1.0 1.0 Infinity 66.86666666666666 0.45000000000000023
1.0 1.0 Infinity 66.86666666666666 0.46000000000000024
1.0 1.0 Infinity 66.86666666666666 0.47000000000000025
1.0 1.0 Infinity 66.86666666666666 0.48000000000000026
1.0 1.0 Infinity 66.86666666666666 0.49000000000000027
1.0 1.0 Infinity 66.86666666666666 0.5000000000000002
1.0 1.0 Infinity 66.86666666666666 0.5100000000000002
1.0 1.0 Infinity 66.86666666666666 0.5200000000000002
1.0 1.0 Infinity 66.86666666666666 0.5300000000000002
1.0 1.0 Infinity 66.86666666666666 0.5400000000000003
1.0 1.0 Infinity 66.86666666666666 0.5500000000000003
1.0 1.0 Infinity 66.86666666666666 0.5600000000000003
1.0 1.0 Infinity 66.86666666666666 0.5700000000000003
1.0 1.0 Infinity 66.86666666666666 0.5800000000000003
1.0 1.0 Infinity 66.86666666666666 0.5900000000000003
1.0 1.0 Infinity 66.86666666666666 0.6000000000000003
1.0 1.0 Infinity 66.86666666666666 0.6100000000000003
1.0 1.0 Infinity 66.86666666666666 0.6200000000000003
1.0 1.0 Infinity 66.86666666666666 0.6300000000000003
1.0 1.0 Infinity 66.86666666666666 0.6400000000000003
1.0 1.0 Infinity 66.86666666666666 0.6500000000000004
1.0 1.0 Infinity 66.86666666666666 0.6600000000000004
1.0 1.0 Infinity 66.86666666666666 0.6700000000000004
1.0 1.0 Infinity 66.86666666666666 0.6800000000000004
1.0 1.0 Infinity 66.86666666666666 0.6900000000000004
1.0 1.0 Infinity 66.86666666666666 0.7000000000000004
1.0 1.0 Infinity 66.86666666666666 0.7100000000000004
1.0 1.0 Infinity 66.86666666666666 0.7200000000000004
1.0 1.0 Infinity 66.86666666666666 0.7300000000000004
1.0 1.0 Infinity 66.86666666666666 0.7400000000000004
1.0 1.0 Infinity 66.86666666666666 0.7500000000000004
1.0 1.0 Infinity 66.86666666666666 0.7600000000000005
0.9997777036790041 1.0 Infinity 66.86666666666666 0.7700000000000005
0.9994442591975102 1.0 Infinity 66.86666666666666 0.7800000000000005
0.9988885183950206 1.0 Infinity 66.86666666666666 0.7900000000000005
0.9974435923085473 1.0 Infinity 66.86666666666666 0.8000000000000005
0.9938868511726131 0.9970089730807578 Infinity 66.66666666666667 0.8100000000000005
0.9878848505057242 0.996011964107677 Infinity 66.6 0.8200000000000005
0.9773257752584195 0.9860418743768694 Infinity 65.93333333333334 0.8300000000000005
0.9593197732577526 0.9700897308075773 Infinity 64.86666666666666 0.8400000000000005
0.9276425475158386 0.9501495513459621 Infinity 63.53333333333333 0.8500000000000005
0.8781816160942536 0.8803589232303091 Infinity 58.86666666666667 0.8600000000000005
0.8029343114371457 0.8035892323030908 Infinity 53.733333333333334 0.8700000000000006
0.705457374680449 0.711864406779661 Infinity 47.6 0.8800000000000006
0.582972101811715 0.609172482552343 Infinity 40.733333333333334 0.8900000000000006
0.4509280871401578 0.46560319042871384 Infinity 31.133333333333333 0.9000000000000006
0.3165499610981438 0.32103688933200397 Infinity 21.466666666666665 0.9100000000000006
0.2045126153162165 0.2023928215353938 Infinity 13.533333333333333 0.9200000000000006
0.12137379126375458 0.10667996011964108 Infinity 7.133333333333334 0.9300000000000006
0.057685895298432814 0.053838484546360914 Infinity 3.6 0.9400000000000006
0.02334111370456819 0.024925224327018942 Infinity 1.6666666666666667 0.9500000000000006
0.006446593308880738 0.005982053838484547 Infinity 0.4 0.9600000000000006
0.0021118150494609314 0.0029910269192422734 Infinity 0.2 0.9700000000000006
3.3344448149383126E-4 0.0019940179461615153 Infinity 0.13333333333333333 0.9800000000000006
0.0 9.970089730807576E-4 NaN 0.06666666666666667 0.9900000000000007
0.0 0.0 0.0 0.0
