1.0 1.0 8.997 22.288888888888888 0.0
1.0 0.5034895314057827 8.997 11.222222222222221 0.01
1.0 0.35692921236291125 8.997 7.955555555555556 0.02
1.0 0.3090727816550349 8.997 6.888888888888889 0.03
1.0 0.2781655034895314 8.997 6.2 0.04
1.0 0.2502492522432702 8.997 5.5777777777777775 0.05
1.0 0.22731804586241275 8.997 5.066666666666666 0.060000000000000005
1.0 0.22731804586241275 8.997 5.066666666666666 0.07
1.0 0.21734795613160518 8.997 4.844444444444444 0.08
1.0 0.2053838484546361 8.997 4.5777777777777775 0.09
1.0 0.19441674975074777 8.997 4.333333333333333 0.09999999999999999
1.0 0.1864406779661017 8.997 4.155555555555556 0.10999999999999999
1.0 0.17846460618145563 8.997 3.977777777777778 0.11999999999999998
1.0 0.17248255234297108 8.997 3.8444444444444446 0.12999999999999998
1.0 0.1674975074775673 8.997 3.7333333333333334 0.13999999999999999
1.0 0.16350947158524426 8.997 3.6444444444444444 0.15
1.0 0.1625124626121635 8.997 3.6222222222222222 0.16
1.0 0.1585244267198405 8.997 3.533333333333333 0.17
1.0 0.15254237288135594 8.997 3.4 0.18000000000000002
1.0 0.15154536390827517 8.997 3.3777777777777778 0.19000000000000003
1.0 0.14955134596211367 8.997 3.3333333333333335 0.20000000000000004
1.0 0.1465603190428714 8.997 3.2666666666666666 0.21000000000000005
1.0 0.1415752741774676 8.997 3.1555555555555554 0.22000000000000006
1.0 0.13758723828514458 8.997 3.066666666666667 0.23000000000000007
1.0 0.13260219341974078 8.997 2.9555555555555557 0.24000000000000007
1.0 0.13160518444666003 8.997 2.933333333333333 0.25000000000000006
1.0 0.13160518444666003 8.997 2.933333333333333 0.26000000000000006
1.0 0.1296111665004985 8.997 2.888888888888889 0.2700000000000001
1.0 0.12861415752741776 8.997 2.8666666666666667 0.2800000000000001
1.0 0.12861415752741776 8.997 2.8666666666666667 0.2900000000000001
1.0 0.12861415752741776 8.997 2.8666666666666667 0.3000000000000001
1.0 0.12861415752741776 8.997 2.8666666666666667 0.3100000000000001
1.0 0.12861415752741776 8.997 2.8666666666666667 0.3200000000000001
1.0 0.12861415752741776 8.997 2.8666666666666667 0.3300000000000001
1.0 0.12861415752741776 8.997 2.8666666666666667 0.34000000000000014
1.0 0.12861415752741776 8.997 2.8666666666666667 0.35000000000000014
1.0 0.12761714855433698 8.997 2.8444444444444446 0.36000000000000015
1.0 0.12761714855433698 8.997 2.8444444444444446 0.37000000000000016
1.0 0.12662013958125623 8.997 2.8222222222222224 0.38000000000000017
1.0 0.12462612163509472 8.997 2.7777777777777777 0.3900000000000002
1.0 0.1226321036889332 8.997 2.7333333333333334 0.4000000000000002
1.0 0.11964107676969092 8.997 2.6666666666666665 0.4100000000000002
1.0 0.11764705882352941 8.997 2.6222222222222222 0.4200000000000002
1.0 0.11665004985044865 8.997 2.6 0.4300000000000002
1.0 0.11665004985044865 8.997 2.6 0.4400000000000002
1.0 0.11166500498504486 8.997 2.488888888888889 0.45000000000000023
1.0 0.11166500498504486 8.997 2.488888888888889 0.46000000000000024
1.0 0.10967098703888335 8.997 2.4444444444444446 0.47000000000000025
1.0 0.10767696909272183 8.997 2.4 0.48000000000000026
1.0 0.10667996011964108 8.997 2.3777777777777778 0.49000000000000027
1.0 0.10568295114656032 8.997 2.3555555555555556 0.5000000000000002
1.0 0.10568295114656032 8.997 2.3555555555555556 0.5100000000000002
1.0 0.10568295114656032 8.997 2.3555555555555556 0.5200000000000002
1.0 0.10468594217347957 8.997 2.3333333333333335 0.5300000000000002
1.0 0.10269192422731804 8.997 2.2888888888888888 0.5400000000000003
1.0 0.10269192422731804 8.997 2.2888888888888888 0.5500000000000003
1.0 0.1016949152542373 8.997 2.2666666666666666 0.5600000000000003
1.0 0.10069790628115653 8.997 2.2444444444444445 0.5700000000000003
1.0 0.10069790628115653 8.997 2.2444444444444445 0.5800000000000003
1.0 0.10069790628115653 8.997 2.2444444444444445 0.5900000000000003
1.0 0.10069790628115653 8.997 2.2444444444444445 0.6000000000000003
1.0 0.10069790628115653 8.997 2.2444444444444445 0.6100000000000003
1.0 0.10069790628115653 8.997 2.2444444444444445 0.6200000000000003
1.0 0.10069790628115653 8.997 2.2444444444444445 0.6300000000000003
1.0 0.10069790628115653 8.997 2.2444444444444445 0.6400000000000003
1.0 0.10069790628115653 8.997 2.2444444444444445 0.6500000000000004
1.0 0.10069790628115653 8.997 2.2444444444444445 0.6600000000000004
1.0 0.10069790628115653 8.997 2.2444444444444445 0.6700000000000004
1.0 0.10069790628115653 8.997 2.2444444444444445 0.6800000000000004
1.0 0.10069790628115653 8.997 2.2444444444444445 0.6900000000000004
1.0 0.10069790628115653 8.997 2.2444444444444445 0.7000000000000004
1.0 0.09970089730807577 8.997 2.2222222222222223 0.7100000000000004
1.0 0.09970089730807577 8.997 2.2222222222222223 0.7200000000000004
1.0 0.09970089730807577 8.997 2.2222222222222223 0.7300000000000004
1.0 0.09970089730807577 8.997 2.2222222222222223 0.7400000000000004
1.0 0.09970089730807577 8.997 2.2222222222222223 0.7500000000000004
1.0 0.09870388833499502 8.997 2.2 0.7600000000000005
1.0 0.09870388833499502 8.997 2.2 0.7700000000000005
1.0 0.09770687936191426 8.997 2.1777777777777776 0.7800000000000005
1.0 0.0967098703888335 8.997 2.1555555555555554 0.7900000000000005
1.0 0.0967098703888335 8.997 2.1555555555555554 0.8000000000000005
1.0 0.0967098703888335 8.997 2.1555555555555554 0.8100000000000005
1.0 0.0967098703888335 8.997 2.1555555555555554 0.8200000000000005
1.0 0.0967098703888335 8.997 2.1555555555555554 0.8300000000000005
1.0 0.0967098703888335 8.997 2.1555555555555554 0.8400000000000005
1.0 0.0967098703888335 8.997 2.1555555555555554 0.8500000000000005
1.0 0.0967098703888335 8.997 2.1555555555555554 0.8600000000000005
1.0 0.0967098703888335 8.997 2.1555555555555554 0.8700000000000006
0.999888851839502 0.0967098703888335 8.996 2.1555555555555554 0.8800000000000006
0.999888851839502 0.0967098703888335 8.996 2.1555555555555554 0.8900000000000006
0.999888851839502 0.0967098703888335 8.996 2.1555555555555554 0.9000000000000006
0.999888851839502 0.0967098703888335 8.996 2.1555555555555554 0.9100000000000006
0.999888851839502 0.0967098703888335 8.996 2.1555555555555554 0.9200000000000006
0.999888851839502 0.0967098703888335 8.996 2.1555555555555554 0.9300000000000006
0.999888851839502 0.0967098703888335 8.996 2.1555555555555554 0.9400000000000006
0.999888851839502 0.0967098703888335 8.996 2.1555555555555554 0.9500000000000006
0.999888851839502 0.0967098703888335 8.996 2.1555555555555554 0.9600000000000006
0.999888851839502 0.0967098703888335 8.996 2.1555555555555554 0.9700000000000006
0.999888851839502 0.0967098703888335 8.996 2.1555555555555554 0.9800000000000006
0.9997777036790041 0.0967098703888335 8.995 2.1555555555555554 0.9900000000000007
0.0 0.0 0.0 0.0
