1.0 1.0 12.852857142857143 20.06 0.0
1.0 0.7547357926221336 12.852857142857143 15.14 0.01
1.0 0.6301096709870389 12.852857142857143 12.64 0.02
1.0 0.5962113659022931 12.852857142857143 11.96 0.03
1.0 0.5643070787637089 12.852857142857143 11.32 0.04
1.0 0.5443668993020937 12.852857142857143 10.92 0.05
1.0 0.4995014955134596 12.852857142857143 10.02 0.060000000000000005
1.0 0.4995014955134596 12.852857142857143 10.02 0.07
1.0 0.48554336989032904 12.852857142857143 9.74 0.08
1.0 0.4715852442671984 12.852857142857143 9.46 0.09
1.0 0.46360917248255235 12.852857142857143 9.3 0.09999999999999999
1.0 0.4546360917248255 12.852857142857143 9.12 0.10999999999999999
1.0 0.44466600199401796 12.852857142857143 8.92 0.11999999999999998
1.0 0.4336989032901296 12.852857142857143 8.7 0.12999999999999998
1.0 0.4307078763708873 12.852857142857143 8.64 0.13999999999999999
1.0 0.42273180458624127 12.852857142857143 8.48 0.15
1.0 0.4137587238285145 12.852857142857143 8.3 0.16
1.0 0.4017946161515454 12.852857142857143 8.06 0.17
1.0 0.382851445663011 12.852857142857143 7.68 0.18000000000000002
1.0 0.37587238285144564 12.852857142857143 7.54 0.19000000000000003
1.0 0.36689930209371885 12.852857142857143 7.36 0.20000000000000004
1.0 0.357926221335992 12.852857142857143 7.18 0.21000000000000005
1.0 0.35294117647058826 12.852857142857143 7.08 0.22000000000000006
1.0 0.34995014955134596 12.852857142857143 7.02 0.23000000000000007
1.0 0.3459621136590229 12.852857142857143 6.94 0.24000000000000007
1.0 0.34297108673978066 12.852857142857143 6.88 0.25000000000000006
1.0 0.3419740777666999 12.852857142857143 6.86 0.26000000000000006
1.0 0.33599202392821537 12.852857142857143 6.74 0.2700000000000001
1.0 0.3339980059820538 12.852857142857143 6.7 0.2800000000000001
1.0 0.3320039880358923 12.852857142857143 6.66 0.2900000000000001
1.0 0.3270189431704885 12.852857142857143 6.56 0.3000000000000001
1.0 0.3270189431704885 12.852857142857143 6.56 0.3100000000000001
1.0 0.32602193419740777 12.852857142857143 6.54 0.3200000000000001
1.0 0.3220338983050847 12.852857142857143 6.46 0.3300000000000001
1.0 0.3160518444666002 12.852857142857143 6.34 0.34000000000000014
1.0 0.31306081754735793 12.852857142857143 6.28 0.35000000000000014
1.0 0.30807577268195413 12.852857142857143 6.18 0.36000000000000015
1.0 0.30309072781655033 12.852857142857143 6.08 0.37000000000000016
1.0 0.29611166500498504 12.852857142857143 5.94 0.38000000000000017
1.0 0.292123629112662 12.852857142857143 5.86 0.3900000000000002
1.0 0.2851445663010967 12.852857142857143 5.72 0.4000000000000002
1.0 0.2731804586241276 12.852857142857143 5.48 0.4100000000000002
1.0 0.27018943170488535 12.852857142857143 5.42 0.4200000000000002
1.0 0.2572283150548355 12.852857142857143 5.16 0.4300000000000002
1.0 0.2472582253240279 12.852857142857143 4.96 0.4400000000000002
1.0 0.24127617148554337 12.852857142857143 4.84 0.45000000000000023
1.0 0.2382851445663011 12.852857142857143 4.78 0.46000000000000024
1.0 0.23030907278165502 12.852857142857143 4.62 0.47000000000000025
1.0 0.22233300099700898 12.852857142857143 4.46 0.48000000000000026
1.0 0.21834496510468593 12.852857142857143 4.38 0.49000000000000027
1.0 0.21335992023928216 12.852857142857143 4.28 0.5000000000000002
1.0 0.20837487537387836 12.852857142857143 4.18 0.5100000000000002
1.0 0.20438683948155534 12.852857142857143 4.1 0.5200000000000002
1.0 0.2023928215353938 12.852857142857143 4.06 0.5300000000000002
1.0 0.19940179461615154 12.852857142857143 4.0 0.5400000000000003
1.0 0.1984047856430708 12.852857142857143 3.98 0.5500000000000003
1.0 0.1984047856430708 12.852857142857143 3.98 0.5600000000000003
1.0 0.1984047856430708 12.852857142857143 3.98 0.5700000000000003
1.0 0.19740777666999004 12.852857142857143 3.96 0.5800000000000003
1.0 0.19541375872382852 12.852857142857143 3.92 0.5900000000000003
1.0 0.19441674975074777 12.852857142857143 3.9 0.6000000000000003
1.0 0.19242273180458624 12.852857142857143 3.86 0.6100000000000003
1.0 0.1914257228315055 12.852857142857143 3.84 0.6200000000000003
1.0 0.18843469591226322 12.852857142857143 3.78 0.6300000000000003
1.0 0.18544366899302095 12.852857142857143 3.72 0.6400000000000003
1.0 0.18544366899302095 12.852857142857143 3.72 0.6500000000000004
1.0 0.18444666001994017 12.852857142857143 3.7 0.6600000000000004
1.0 0.18045862412761715 12.852857142857143 3.62 0.6700000000000004
1.0 0.17846460618145563 12.852857142857143 3.58 0.6800000000000004
1.0 0.17547357926221335 12.852857142857143 3.52 0.6900000000000004
1.0 0.17148554336989033 12.852857142857143 3.44 0.7000000000000004
1.0 0.16450648055832504 12.852857142857143 3.3 0.7100000000000004
1.0 0.15254237288135594 12.852857142857143 3.06 0.7200000000000004
1.0 0.1465603190428714 12.852857142857143 2.94 0.7300000000000004
1.0 0.14556331006979062 12.852857142857143 2.92 0.7400000000000004
1.0 0.1345962113659023 12.852857142857143 2.7 0.7500000000000004
1.0 0.1296111665004985 12.852857142857143 2.6 0.7600000000000005
1.0 0.12662013958125623 12.852857142857143 2.54 0.7700000000000005
1.0 0.11964107676969092 12.852857142857143 2.4 0.7800000000000005
1.0 0.11665004985044865 12.852857142857143 2.34 0.7900000000000005
1.0 0.11266201395812563 12.852857142857143 2.26 0.8000000000000005
1.0 0.11266201395812563 12.852857142857143 2.26 0.8100000000000005
1.0 0.11166500498504486 12.852857142857143 2.24 0.8200000000000005
0.999888851839502 0.10867397806580259 12.851428571428572 2.18 0.8300000000000005
0.9997777036790041 0.10767696909272183 12.85 2.16 0.8400000000000005
0.9997777036790041 0.10667996011964108 12.85 2.14 0.8500000000000005
0.9997777036790041 0.10269192422731804 12.85 2.06 0.8600000000000005
0.9997777036790041 0.10269192422731804 12.85 2.06 0.8700000000000006
0.9996665555185061 0.1016949152542373 12.848571428571429 2.04 0.8800000000000006
0.9994442591975102 0.10069790628115653 12.845714285714285 2.02 0.8900000000000006
0.9994442591975102 0.09870388833499502 12.845714285714285 1.98 0.9000000000000006
0.9993331110370124 0.09870388833499502 12.844285714285714 1.98 0.9100000000000006
0.9988885183950206 0.09770687936191426 12.838571428571429 1.96 0.9200000000000006
0.9987773702345226 0.0967098703888335 12.837142857142856 1.94 0.9300000000000006
0.9985550739135267 0.0967098703888335 12.834285714285715 1.94 0.9400000000000006
0.9982216294320329 0.09471585244267199 12.83 1.9 0.9500000000000006
0.9979993331110371 0.09471585244267199 12.827142857142857 1.9 0.9600000000000006
0.9972212959875514 0.09471585244267199 12.817142857142857 1.9 0.9700000000000006
0.9965544070245638 0.09471585244267199 12.808571428571428 1.9 0.9800000000000006
0.9917750361231522 0.09471585244267199 12.747142857142856 1.9 0.9900000000000007
0.0 0.0 0.0 0.0
