1.0 1.0 44.985 25.075 0.0
0.9982216294320329 0.9840478564307079 44.905 24.675 0.01
0.998110481271535 0.9491525423728814 44.9 23.8 0.02
0.998110481271535 0.9272183449651047 44.9 23.25 0.03
0.9979993331110371 0.9102691924227319 44.895 22.825 0.04
0.9979993331110371 0.9032901296111665 44.895 22.65 0.05
0.9979993331110371 0.8753738783649053 44.895 21.95 0.060000000000000005
0.9979993331110371 0.8753738783649053 44.895 21.95 0.07
0.9979993331110371 0.8654037886340977 44.895 21.7 0.08
0.9979993331110371 0.8594217347956131 44.895 21.55 0.09
0.9979993331110371 0.8464606181455633 44.895 21.225 0.09999999999999999
0.9978881849505391 0.8444666001994018 44.89 21.175 0.10999999999999999
0.9978881849505391 0.839481555333998 44.89 21.05 0.11999999999999998
0.9978881849505391 0.8374875373878365 44.89 21.0 0.12999999999999998
0.9978881849505391 0.8344965104685942 44.89 20.925 0.13999999999999999
0.9978881849505391 0.8315054835493519 44.89 20.85 0.15
0.9978881849505391 0.8245264207377866 44.89 20.675 0.16
0.9978881849505391 0.8095712861415753 44.89 20.3 0.17
0.9978881849505391 0.7966101694915254 44.89 19.975 0.18000000000000002
0.9978881849505391 0.7926221335992024 44.89 19.875 0.19000000000000003
0.9978881849505391 0.7816550348953141 44.89 19.6 0.20000000000000004
0.9978881849505391 0.7796610169491526 44.89 19.55 0.21000000000000005
0.9978881849505391 0.7786640079760718 44.89 19.525 0.22000000000000006
0.9978881849505391 0.7766699900299102 44.89 19.475 0.23000000000000007
0.9978881849505391 0.7726819541375872 44.89 19.375 0.24000000000000007
0.9978881849505391 0.769690927218345 44.89 19.3 0.25000000000000006
0.9978881849505391 0.7686939182452642 44.89 19.275 0.26000000000000006
0.9978881849505391 0.765702891326022 44.89 19.2 0.2700000000000001
0.9978881849505391 0.7637088733798604 44.89 19.15 0.2800000000000001
0.9978881849505391 0.7627118644067796 44.89 19.125 0.2900000000000001
0.9978881849505391 0.7627118644067796 44.89 19.125 0.3000000000000001
0.9978881849505391 0.7607178464606181 44.89 19.075 0.3100000000000001
0.9978881849505391 0.7597208374875374 44.89 19.05 0.3200000000000001
0.9978881849505391 0.7577268195413759 44.89 19.0 0.3300000000000001
0.9978881849505391 0.7577268195413759 44.89 19.0 0.34000000000000014
0.9978881849505391 0.7547357926221336 44.89 18.925 0.35000000000000014
0.9978881849505391 0.7517447657028913 44.89 18.85 0.36000000000000015
0.9978881849505391 0.7497507477567298 44.89 18.8 0.37000000000000016
0.9978881849505391 0.744765702891326 44.89 18.675 0.38000000000000017
0.9978881849505391 0.7387836490528414 44.89 18.525 0.3900000000000002
0.9978881849505391 0.7318045862412762 44.89 18.35 0.4000000000000002
0.9978881849505391 0.7238285144566301 44.89 18.15 0.4100000000000002
0.9978881849505391 0.7198404785643071 44.89 18.05 0.4200000000000002
0.9978881849505391 0.7128614157527418 44.89 17.875 0.4300000000000002
0.9978881849505391 0.7048853439680958 44.89 17.675 0.4400000000000002
0.9978881849505391 0.6939182452642074 44.89 17.4 0.45000000000000023
0.9978881849505391 0.6839481555333998 44.89 17.15 0.46000000000000024
0.9978881849505391 0.6779661016949152 44.89 17.0 0.47000000000000025
0.9978881849505391 0.674975074775673 44.89 16.925 0.48000000000000026
0.9978881849505391 0.6719840478564307 44.89 16.85 0.49000000000000027
0.9978881849505391 0.6679960119641076 44.89 16.75 0.5000000000000002
0.9978881849505391 0.6660019940179461 44.89 16.7 0.5100000000000002
0.9978881849505391 0.6610169491525424 44.89 16.575 0.5200000000000002
0.9978881849505391 0.6590229312063809 44.89 16.525 0.5300000000000002
0.9978881849505391 0.6580259222333001 44.89 16.5 0.5400000000000003
0.9978881849505391 0.6570289132602194 44.89 16.475 0.5500000000000003
0.9978881849505391 0.6560319042871385 44.89 16.45 0.5600000000000003
0.9978881849505391 0.6550348953140578 44.89 16.425 0.5700000000000003
0.9978881849505391 0.6530408773678963 44.89 16.375 0.5800000000000003
0.9978881849505391 0.650049850448654 44.89 16.3 0.5900000000000003
0.9978881849505391 0.6490528414755733 44.89 16.275 0.6000000000000003
0.9978881849505391 0.6490528414755733 44.89 16.275 0.6100000000000003
0.9978881849505391 0.6490528414755733 44.89 16.275 0.6200000000000003
0.9978881849505391 0.6450648055832503 44.89 16.175 0.6300000000000003
0.9978881849505391 0.6400797607178464 44.89 16.05 0.6400000000000003
0.9978881849505391 0.6331006979062812 44.89 15.875 0.6500000000000004
0.9978881849505391 0.6221335992023929 44.89 15.6 0.6600000000000004
0.9978881849505391 0.613160518444666 44.89 15.375 0.6700000000000004
0.9978881849505391 0.6041874376869392 44.89 15.15 0.6800000000000004
0.9978881849505391 0.5882352941176471 44.89 14.75 0.6900000000000004
0.9978881849505391 0.5702891326021934 44.89 14.3 0.7000000000000004
0.9978881849505391 0.551345962113659 44.89 13.825 0.7100000000000004
0.9978881849505391 0.5214356929212363 44.89 13.075 0.7200000000000004
0.9978881849505391 0.5004985044865404 44.89 12.55 0.7300000000000004
0.9978881849505391 0.4885343968095713 44.89 12.25 0.7400000000000004
0.9978881849505391 0.4715852442671984 44.89 11.825 0.7500000000000004
0.9978881849505391 0.4506480558325025 44.89 11.3 0.7600000000000005
0.9978881849505391 0.4356929212362911 44.89 10.925 0.7700000000000005
0.9978881849505391 0.42273180458624127 44.89 10.6 0.7800000000000005
0.9975547404690452 0.4127617148554337 44.875 10.35 0.7900000000000005
0.9974435923085473 0.4087736789631107 44.87 10.25 0.8000000000000005
0.9965544070245638 0.39980059820538383 44.83 10.025 0.8100000000000005
0.995887518061576 0.3898305084745763 44.8 9.775 0.8200000000000005
0.994109147493609 0.37686939182452645 44.72 9.45 0.8300000000000005
0.9909969989996665 0.3659022931206381 44.58 9.175 0.8400000000000005
0.9852172946537735 0.353938185443669 44.32 8.875 0.8500000000000005
0.9754362565299545 0.32103688933200397 43.88 8.05 0.8600000000000005
0.9619873291097032 0.2851445663010967 43.275 7.15 0.8700000000000006
0.9432032899855507 0.2542372881355932 42.43 6.375 0.8800000000000006
0.9194175836389907 0.21834496510468593 41.36 5.475 0.8900000000000006
0.8975213960208959 0.17647058823529413 40.375 4.425 0.9000000000000006
0.8720684672668667 0.12662013958125623 39.23 3.175 0.9100000000000006
0.8507280204512615 0.08374875373878365 38.27 2.1 0.9200000000000006
0.8336112037345782 0.04287138584247258 37.5 1.075 0.9300000000000006
0.818161609425364 0.02193419740777667 36.805 0.55 0.9400000000000006
0.8058241636100922 0.007976071784646061 36.25 0.2 0.9500000000000006
0.7950427920417917 9.970089730807576E-4 35.765 0.025 0.9600000000000006
0.7803712348560631 9.970089730807576E-4 35.105 0.025 0.9700000000000006
0.7488051572746471 9.970089730807576E-4 33.685 0.025 0.9800000000000006
0.6594420362343003 0.0 29.665 0.0 0.9900000000000007
0.0 0.0 0.0 0.0
