1.0 1.0 9.996666666666666 20.06 0.0
1.0 0.576271186440678 9.996666666666666 11.56 0.01
1.0 0.4067796610169492 9.996666666666666 8.16 0.02
1.0 0.353938185443669 9.996666666666666 7.1 0.03
1.0 0.317048853439681 9.996666666666666 6.36 0.04
1.0 0.28713858424725824 9.996666666666666 5.76 0.05
1.0 0.25124626121635096 9.996666666666666 5.04 0.060000000000000005
1.0 0.25124626121635096 9.996666666666666 5.04 0.07
1.0 0.22831505483549352 9.996666666666666 4.58 0.08
1.0 0.21535393818544366 9.996666666666666 4.32 0.09
1.0 0.20837487537387836 9.996666666666666 4.18 0.09999999999999999
1.0 0.19940179461615154 9.996666666666666 4.0 0.10999999999999999
1.0 0.19541375872382852 9.996666666666666 3.92 0.11999999999999998
1.0 0.19042871385842472 9.996666666666666 3.82 0.12999999999999998
1.0 0.18743768693918245 9.996666666666666 3.76 0.13999999999999999
1.0 0.1814556331006979 9.996666666666666 3.64 0.15
1.0 0.17148554336989033 9.996666666666666 3.44 0.16
1.0 0.16450648055832504 9.996666666666666 3.3 0.17
1.0 0.14955134596211367 9.996666666666666 3.0 0.18000000000000002
1.0 0.14057826520438685 9.996666666666666 2.82 0.19000000000000003
1.0 0.13060817547357925 9.996666666666666 2.62 0.20000000000000004
1.0 0.1226321036889332 9.996666666666666 2.46 0.21000000000000005
1.0 0.11465603190428714 9.996666666666666 2.3 0.22000000000000006
1.0 0.1106679960119641 9.996666666666666 2.22 0.23000000000000007
1.0 0.10967098703888335 9.996666666666666 2.2 0.24000000000000007
1.0 0.10767696909272183 9.996666666666666 2.16 0.25000000000000006
1.0 0.10767696909272183 9.996666666666666 2.16 0.26000000000000006
1.0 0.10468594217347957 9.996666666666666 2.1 0.2700000000000001
1.0 0.1036889332003988 9.996666666666666 2.08 0.2800000000000001
1.0 0.1016949152542373 9.996666666666666 2.04 0.2900000000000001
1.0 0.1016949152542373 9.996666666666666 2.04 0.3000000000000001
1.0 0.10069790628115653 9.996666666666666 2.02 0.3100000000000001
1.0 0.10069790628115653 9.996666666666666 2.02 0.3200000000000001
1.0 0.09970089730807577 9.996666666666666 2.0 0.3300000000000001
1.0 0.09870388833499502 9.996666666666666 1.98 0.34000000000000014
1.0 0.09870388833499502 9.996666666666666 1.98 0.35000000000000014
1.0 0.09571286141575275 9.996666666666666 1.92 0.36000000000000015
1.0 0.09471585244267199 9.996666666666666 1.9 0.37000000000000016
1.0 0.09172482552342971 9.996666666666666 1.84 0.38000000000000017
1.0 0.08873379860418744 9.996666666666666 1.78 0.3900000000000002
1.0 0.08673978065802593 9.996666666666666 1.74 0.4000000000000002
1.0 0.08175473579262213 9.996666666666666 1.64 0.4100000000000002
1.0 0.07776669990029911 9.996666666666666 1.56 0.4200000000000002
1.0 0.07278165503489531 9.996666666666666 1.46 0.4300000000000002
1.0 0.06580259222333001 9.996666666666666 1.32 0.4400000000000002
1.0 0.06480558325024925 9.996666666666666 1.3 0.45000000000000023
1.0 0.06281156530408774 9.996666666666666 1.26 0.46000000000000024
1.0 0.05982053838484546 9.996666666666666 1.2 0.47000000000000025
1.0 0.05782652043868395 9.996666666666666 1.16 0.48000000000000026
1.0 0.054835493519441676 9.996666666666666 1.1 0.49000000000000027
1.0 0.054835493519441676 9.996666666666666 1.1 0.5000000000000002
1.0 0.05284147557328016 9.996666666666666 1.06 0.5100000000000002
1.0 0.05084745762711865 9.996666666666666 1.02 0.5200000000000002
1.0 0.049850448654037885 9.996666666666666 1.0 0.5300000000000002
1.0 0.047856430707876374 9.996666666666666 0.96 0.5400000000000003
1.0 0.04287138584247258 9.996666666666666 0.86 0.5500000000000003
1.0 0.04187437686939183 9.996666666666666 0.84 0.5600000000000003
1.0 0.04187437686939183 9.996666666666666 0.84 0.5700000000000003
1.0 0.03988035892323031 9.996666666666666 0.8 0.5800000000000003
1.0 0.038883349950149554 9.996666666666666 0.78 0.5900000000000003
1.0 0.03788634097706879 9.996666666666666 0.76 0.6000000000000003
1.0 0.03788634097706879 9.996666666666666 0.76 0.6100000000000003
1.0 0.03788634097706879 9.996666666666666 0.76 0.6200000000000003
1.0 0.036889332003988036 9.996666666666666 0.74 0.6300000000000003
1.0 0.036889332003988036 9.996666666666666 0.74 0.6400000000000003
1.0 0.03589232303090728 9.996666666666666 0.72 0.6500000000000004
1.0 0.03489531405782652 9.996666666666666 0.7 0.6600000000000004
1.0 0.03489531405782652 9.996666666666666 0.7 0.6700000000000004
1.0 0.03489531405782652 9.996666666666666 0.7 0.6800000000000004
1.0 0.03489531405782652 9.996666666666666 0.7 0.6900000000000004
1.0 0.03389830508474576 9.996666666666666 0.68 0.7000000000000004
1.0 0.03090727816550349 9.996666666666666 0.62 0.7100000000000004
1.0 0.02991026919242273 9.996666666666666 0.6 0.7200000000000004
1.0 0.02991026919242273 9.996666666666666 0.6 0.7300000000000004
1.0 0.028913260219341975 9.996666666666666 0.58 0.7400000000000004
1.0 0.026919242273180457 9.996666666666666 0.54 0.7500000000000004
1.0 0.0259222333000997 9.996666666666666 0.52 0.7600000000000005
1.0 0.024925224327018942 9.996666666666666 0.5 0.7700000000000005
1.0 0.023928215353938187 9.996666666666666 0.48 0.7800000000000005
1.0 0.022931206380857428 9.996666666666666 0.46 0.7900000000000005
1.0 0.022931206380857428 9.996666666666666 0.46 0.8000000000000005
1.0 0.020937188434695914 9.996666666666666 0.42 0.8100000000000005
1.0 0.020937188434695914 9.996666666666666 0.42 0.8200000000000005
1.0 0.020937188434695914 9.996666666666666 0.42 0.8300000000000005
1.0 0.020937188434695914 9.996666666666666 0.42 0.8400000000000005
1.0 0.019940179461615155 9.996666666666666 0.4 0.8500000000000005
1.0 0.019940179461615155 9.996666666666666 0.4 0.8600000000000005
1.0 0.019940179461615155 9.996666666666666 0.4 0.8700000000000006
0.999888851839502 0.019940179461615155 9.995555555555555 0.4 0.8800000000000006
0.9997777036790041 0.019940179461615155 9.994444444444444 0.4 0.8900000000000006
0.9997777036790041 0.019940179461615155 9.994444444444444 0.4 0.9000000000000006
0.9997777036790041 0.019940179461615155 9.994444444444444 0.4 0.9100000000000006
0.9997777036790041 0.019940179461615155 9.994444444444444 0.4 0.9200000000000006
0.9997777036790041 0.019940179461615155 9.994444444444444 0.4 0.9300000000000006
0.9997777036790041 0.019940179461615155 9.994444444444444 0.4 0.9400000000000006
0.9997777036790041 0.019940179461615155 9.994444444444444 0.4 0.9500000000000006
0.9997777036790041 0.019940179461615155 9.994444444444444 0.4 0.9600000000000006
0.9997777036790041 0.019940179461615155 9.994444444444444 0.4 0.9700000000000006
0.9996665555185061 0.019940179461615155 9.993333333333334 0.4 0.9800000000000006
0.9989996665555185 0.019940179461615155 9.986666666666666 0.4 0.9900000000000007
0.0 0.0 0.0 0.0
