1.0 1.0 29.99 33.43333333333333 0.0
1.0 0.9531405782652044 29.99 31.866666666666667 0.01
1.0 0.8993020937188435 29.99 30.066666666666666 0.02
1.0 0.8584247258225324 29.99 28.7 0.03
1.0 0.8334995014955134 29.99 27.866666666666667 0.04
1.0 0.8175473579262214 29.99 27.333333333333332 0.05
1.0 0.7856430707876371 29.99 26.266666666666666 0.060000000000000005
1.0 0.7856430707876371 29.99 26.266666666666666 0.07
1.0 0.7666999002991027 29.99 25.633333333333333 0.08
1.0 0.752741774675972 29.99 25.166666666666668 0.09
1.0 0.7457627118644068 29.99 24.933333333333334 0.09999999999999999
1.0 0.7347956131605184 29.99 24.566666666666666 0.10999999999999999
1.0 0.732801595214357 29.99 24.5 0.11999999999999998
1.0 0.7248255234297108 29.99 24.233333333333334 0.12999999999999998
1.0 0.7198404785643071 29.99 24.066666666666666 0.13999999999999999
1.0 0.7168494516450648 29.99 23.966666666666665 0.15
1.0 0.7068793619142573 29.99 23.633333333333333 0.16
1.0 0.6969092721834497 29.99 23.3 0.17
1.0 0.674975074775673 29.99 22.566666666666666 0.18000000000000002
1.0 0.6660019940179461 29.99 22.266666666666666 0.19000000000000003
1.0 0.6580259222333001 29.99 22.0 0.20000000000000004
1.0 0.6510468594217348 29.99 21.766666666666666 0.21000000000000005
1.0 0.646061814556331 29.99 21.6 0.22000000000000006
1.0 0.6450648055832503 29.99 21.566666666666666 0.23000000000000007
1.0 0.6400797607178464 29.99 21.4 0.24000000000000007
1.0 0.6360917248255235 29.99 21.266666666666666 0.25000000000000006
1.0 0.6350947158524427 29.99 21.233333333333334 0.26000000000000006
1.0 0.6331006979062812 29.99 21.166666666666668 0.2700000000000001
1.0 0.6321036889332003 29.99 21.133333333333333 0.2800000000000001
1.0 0.6291126620139581 29.99 21.033333333333335 0.2900000000000001
1.0 0.6291126620139581 29.99 21.033333333333335 0.3000000000000001
1.0 0.6271186440677966 29.99 20.966666666666665 0.3100000000000001
1.0 0.6261216350947159 29.99 20.933333333333334 0.3200000000000001
1.0 0.6221335992023929 29.99 20.8 0.3300000000000001
1.0 0.6181455633100698 29.99 20.666666666666668 0.34000000000000014
1.0 0.6151545363908275 29.99 20.566666666666666 0.35000000000000014
1.0 0.6081754735792622 29.99 20.333333333333332 0.36000000000000015
1.0 0.6041874376869392 29.99 20.2 0.37000000000000016
1.0 0.5952143569292123 29.99 19.9 0.38000000000000017
1.0 0.5922233300099701 29.99 19.8 0.3900000000000002
1.0 0.580259222333001 29.99 19.4 0.4000000000000002
1.0 0.5682951146560319 29.99 19.0 0.4100000000000002
1.0 0.5533399800598205 29.99 18.5 0.4200000000000002
1.0 0.5463609172482552 29.99 18.266666666666666 0.4300000000000002
1.0 0.5343968095712861 29.99 17.866666666666667 0.4400000000000002
1.0 0.5234297108673978 29.99 17.5 0.45000000000000023
1.0 0.5154536390827518 29.99 17.233333333333334 0.46000000000000024
1.0 0.5064805583250249 29.99 16.933333333333334 0.47000000000000025
1.0 0.4965104685942173 29.99 16.6 0.48000000000000026
1.0 0.4865403788634098 29.99 16.266666666666666 0.49000000000000027
1.0 0.4765702891326022 29.99 15.933333333333334 0.5000000000000002
1.0 0.47058823529411764 29.99 15.733333333333333 0.5100000000000002
1.0 0.46360917248255235 29.99 15.5 0.5200000000000002
1.0 0.4626121635094716 29.99 15.466666666666667 0.5300000000000002
1.0 0.46161515453639085 29.99 15.433333333333334 0.5400000000000003
1.0 0.4596211365902293 29.99 15.366666666666667 0.5500000000000003
1.0 0.4546360917248255 29.99 15.2 0.5600000000000003
1.0 0.4546360917248255 29.99 15.2 0.5700000000000003
1.0 0.452642073778664 29.99 15.133333333333333 0.5800000000000003
1.0 0.44965104685942175 29.99 15.033333333333333 0.5900000000000003
1.0 0.4476570289132602 29.99 14.966666666666667 0.6000000000000003
1.0 0.4436689930209372 29.99 14.833333333333334 0.6100000000000003
1.0 0.44167497507477566 29.99 14.766666666666667 0.6200000000000003
1.0 0.43768693918245266 29.99 14.633333333333333 0.6300000000000003
1.0 0.4317048853439681 29.99 14.433333333333334 0.6400000000000003
1.0 0.42771684945164506 29.99 14.3 0.6500000000000004
1.0 0.42073778664007977 29.99 14.066666666666666 0.6600000000000004
1.0 0.4117647058823529 29.99 13.766666666666667 0.6700000000000004
1.0 0.4057826520438684 29.99 13.566666666666666 0.6800000000000004
1.0 0.3938185443668993 29.99 13.166666666666666 0.6900000000000004
1.0 0.382851445663011 29.99 12.8 0.7000000000000004
1.0 0.357926221335992 29.99 11.966666666666667 0.7100000000000004
1.0 0.3320039880358923 29.99 11.1 0.7200000000000004
1.0 0.31306081754735793 29.99 10.466666666666667 0.7300000000000004
1.0 0.29611166500498504 29.99 9.9 0.7400000000000004
1.0 0.2781655034895314 29.99 9.3 0.7500000000000004
1.0 0.26021934197407776 29.99 8.7 0.7600000000000005
0.999888851839502 0.24825523429710866 29.986666666666668 8.3 0.7700000000000005
0.999888851839502 0.23529411764705882 29.986666666666668 7.866666666666666 0.7800000000000005
0.999888851839502 0.22432701894317048 29.986666666666668 7.5 0.7900000000000005
0.999888851839502 0.22033898305084745 29.986666666666668 7.366666666666666 0.8000000000000005
0.9996665555185061 0.21734795613160518 29.98 7.266666666666667 0.8100000000000005
0.9995554073580082 0.21635094715852443 29.976666666666667 7.233333333333333 0.8200000000000005
0.9989996665555185 0.21136590229312063 29.96 7.066666666666666 0.8300000000000005
0.9969989996665555 0.20438683948155534 29.9 6.833333333333333 0.8400000000000005
0.9944425919751028 0.20139581256231306 29.823333333333334 6.733333333333333 0.8500000000000005
0.9906635545181727 0.18743768693918245 29.71 6.266666666666667 0.8600000000000005
0.9838835167277982 0.17746759720837488 29.506666666666668 5.933333333333334 0.8700000000000006
0.9748805157274647 0.16051844466600199 29.236666666666668 5.366666666666666 0.8800000000000006
0.9633211070356785 0.14057826520438685 28.89 4.7 0.8900000000000006
0.9527620317883739 0.10967098703888335 28.573333333333334 3.6666666666666665 0.9000000000000006
0.9395354006891186 0.07676969092721835 28.176666666666666 2.566666666666667 0.9100000000000006
0.9281982883183283 0.05583250249252243 27.836666666666666 1.8666666666666667 0.9200000000000006
0.9197510281204846 0.036889332003988036 27.583333333333332 1.2333333333333334 0.9300000000000006
0.9125263976881183 0.027916251246261216 27.366666666666667 0.9333333333333333 0.9400000000000006
0.9074135823052129 0.023928215353938187 27.213333333333335 0.8 0.9500000000000006
0.9020784706013115 0.019940179461615155 27.053333333333335 0.6666666666666666 0.9600000000000006
0.8936312104034678 0.019940179461615155 26.8 0.6666666666666666 0.9700000000000006
0.8752917639213071 0.019940179461615155 26.25 0.6666666666666666 0.9800000000000006
0.8178281649438702 0.019940179461615155 24.526666666666667 0.6666666666666666 0.9900000000000007
0.0 0.0 0.0 0.0
