1.0 1.0 29.99 5.143589743589744 0.0
1.0 0.9661016949152542 29.99 4.969230769230769 0.01
1.0 0.9172482552342971 29.99 4.717948717948718 0.02
1.0 0.8973080757726819 29.99 4.615384615384615 0.03
1.0 0.8763708873379861 29.99 4.507692307692308 0.04
1.0 0.8664007976071785 29.99 4.456410256410257 0.05
1.0 0.8494516450648056 29.99 4.369230769230769 0.060000000000000005
1.0 0.8494516450648056 29.99 4.369230769230769 0.07
1.0 0.8404785643070788 29.99 4.323076923076923 0.08
1.0 0.8334995014955134 29.99 4.287179487179487 0.09
1.0 0.8245264207377866 29.99 4.241025641025641 0.09999999999999999
1.0 0.8185443668993021 29.99 4.21025641025641 0.10999999999999999
1.0 0.8165503489531406 29.99 4.2 0.11999999999999998
1.0 0.8135593220338984 29.99 4.184615384615385 0.12999999999999998
1.0 0.8085742771684945 29.99 4.158974358974359 0.13999999999999999
1.0 0.8045862412761715 29.99 4.138461538461539 0.15
1.0 0.7986041874376869 29.99 4.107692307692307 0.16
1.0 0.7946161515453639 29.99 4.087179487179487 0.17
1.0 0.7706879361914257 29.99 3.9641025641025642 0.18000000000000002
1.0 0.7647058823529411 29.99 3.933333333333333 0.19000000000000003
1.0 0.7497507477567298 29.99 3.8564102564102565 0.20000000000000004
1.0 0.744765702891326 29.99 3.830769230769231 0.21000000000000005
1.0 0.7367896311066799 29.99 3.7897435897435896 0.22000000000000006
1.0 0.7288135593220338 29.99 3.7487179487179487 0.23000000000000007
1.0 0.7258225324027916 29.99 3.7333333333333334 0.24000000000000007
1.0 0.7218344965104686 29.99 3.712820512820513 0.25000000000000006
1.0 0.7198404785643071 29.99 3.7025641025641027 0.26000000000000006
1.0 0.7168494516450648 29.99 3.687179487179487 0.2700000000000001
1.0 0.715852442671984 29.99 3.682051282051282 0.2800000000000001
1.0 0.7138584247258225 29.99 3.6717948717948716 0.2900000000000001
1.0 0.711864406779661 29.99 3.6615384615384614 0.3000000000000001
1.0 0.7098703888334995 29.99 3.651282051282051 0.3100000000000001
1.0 0.7068793619142573 29.99 3.635897435897436 0.3200000000000001
1.0 0.7038883349950149 29.99 3.6205128205128205 0.3300000000000001
1.0 0.7008973080757727 29.99 3.605128205128205 0.34000000000000014
1.0 0.6979062811565304 29.99 3.58974358974359 0.35000000000000014
1.0 0.6909272183449651 29.99 3.5538461538461537 0.36000000000000015
1.0 0.6819541375872383 29.99 3.5076923076923077 0.37000000000000016
1.0 0.6739780658025922 29.99 3.466666666666667 0.38000000000000017
1.0 0.6669990029910269 29.99 3.4307692307692306 0.3900000000000002
1.0 0.6610169491525424 29.99 3.4 0.4000000000000002
1.0 0.654037886340977 29.99 3.364102564102564 0.4100000000000002
1.0 0.6430707876370887 29.99 3.3076923076923075 0.4200000000000002
1.0 0.6311066799601196 29.99 3.246153846153846 0.4300000000000002
1.0 0.6191425722831505 29.99 3.1846153846153844 0.4400000000000002
1.0 0.6071784646061814 29.99 3.123076923076923 0.45000000000000023
1.0 0.6011964107676969 29.99 3.0923076923076924 0.46000000000000024
1.0 0.5932203389830508 29.99 3.051282051282051 0.47000000000000025
1.0 0.5862412761714856 29.99 3.0153846153846153 0.48000000000000026
1.0 0.5772681954137587 29.99 2.9692307692307693 0.49000000000000027
1.0 0.5732801595214357 29.99 2.948717948717949 0.5000000000000002
1.0 0.5663010967098704 29.99 2.9128205128205127 0.5100000000000002
1.0 0.5633100697906281 29.99 2.8974358974358974 0.5200000000000002
1.0 0.5633100697906281 29.99 2.8974358974358974 0.5300000000000002
1.0 0.5613160518444666 29.99 2.887179487179487 0.5400000000000003
1.0 0.5573280159521435 29.99 2.8666666666666667 0.5500000000000003
1.0 0.5523429710867398 29.99 2.841025641025641 0.5600000000000003
1.0 0.551345962113659 29.99 2.835897435897436 0.5700000000000003
1.0 0.5503489531405783 29.99 2.830769230769231 0.5800000000000003
1.0 0.5463609172482552 29.99 2.81025641025641 0.5900000000000003
1.0 0.5443668993020937 29.99 2.8 0.6000000000000003
1.0 0.5403788634097707 29.99 2.7794871794871794 0.6100000000000003
1.0 0.5373878364905285 29.99 2.764102564102564 0.6200000000000003
1.0 0.5333998005982054 29.99 2.7435897435897436 0.6300000000000003
1.0 0.5314057826520439 29.99 2.7333333333333334 0.6400000000000003
1.0 0.5264207377866401 29.99 2.707692307692308 0.6500000000000004
1.0 0.522432701894317 29.99 2.687179487179487 0.6600000000000004
1.0 0.5134596211365903 29.99 2.641025641025641 0.6700000000000004
1.0 0.5004985044865404 29.99 2.5743589743589745 0.6800000000000004
1.0 0.48454636091724823 29.99 2.4923076923076923 0.6900000000000004
1.0 0.46859421734795614 29.99 2.41025641025641 0.7000000000000004
1.0 0.4406779661016949 29.99 2.2666666666666666 0.7100000000000004
1.0 0.419740777666999 29.99 2.158974358974359 0.7200000000000004
1.0 0.3938185443668993 29.99 2.0256410256410255 0.7300000000000004
1.0 0.3708873379860419 29.99 1.9076923076923078 0.7400000000000004
1.0 0.3469591226321037 29.99 1.7846153846153847 0.7500000000000004
1.0 0.33100697906281157 29.99 1.7025641025641025 0.7600000000000005
1.0 0.31106679960119643 29.99 1.6 0.7700000000000005
1.0 0.3040877367896311 29.99 1.564102564102564 0.7800000000000005
1.0 0.30109670987038883 29.99 1.5487179487179488 0.7900000000000005
1.0 0.292123629112662 29.99 1.5025641025641026 0.8000000000000005
1.0 0.28414755732801594 29.99 1.4615384615384615 0.8100000000000005
0.9996665555185061 0.28215353938185445 29.98 1.4512820512820512 0.8200000000000005
0.9988885183950206 0.27716849451645065 29.956666666666667 1.4256410256410257 0.8300000000000005
0.9972212959875514 0.2691924227318046 29.906666666666666 1.3846153846153846 0.8400000000000005
0.9948871846170946 0.26520438683948155 29.836666666666666 1.3641025641025641 0.8500000000000005
0.9907747026786706 0.2542372881355932 29.713333333333335 1.3076923076923077 0.8600000000000005
0.9854395909747694 0.2382851445663011 29.553333333333335 1.2256410256410257 0.8700000000000006
0.9772146270979215 0.2193419740777667 29.30666666666667 1.1282051282051282 0.8800000000000006
0.9659886628876292 0.2023928215353938 28.97 1.041025641025641 0.8900000000000006
0.9532066244303656 0.1744765702891326 28.586666666666666 0.8974358974358975 0.9000000000000006
0.9409803267755918 0.14356929212362912 28.22 0.7384615384615385 0.9100000000000006
0.9287540291208181 0.12861415752741776 27.85333333333333 0.6615384615384615 0.9200000000000006
0.9211959542069579 0.1106679960119641 27.626666666666665 0.5692307692307692 0.9300000000000006
0.9134155829721018 0.09970089730807577 27.393333333333334 0.5128205128205128 0.9400000000000006
0.9075247304657108 0.09371884346959122 27.216666666666665 0.48205128205128206 0.9500000000000006
0.901189285317328 0.09172482552342971 27.026666666666667 0.4717948717948718 0.9600000000000006
0.8919639879959986 0.09072781655034895 26.75 0.4666666666666667 0.9700000000000006
0.8720684672668667 0.09072781655034895 26.153333333333332 0.4666666666666667 0.9800000000000006
0.7991552739802156 0.0897308075772682 23.966666666666665 0.46153846153846156 0.9900000000000007
0.0 0.0 0.0 0.0
