1.0 1.0 9.996666666666666 35.82142857142857 0.0
1.0 0.5563310069790628 9.996666666666666 19.928571428571427 0.01
1.0 0.39980059820538383 9.996666666666666 14.321428571428571 0.02
1.0 0.35294117647058826 9.996666666666666 12.642857142857142 0.03
1.0 0.3160518444666002 9.996666666666666 11.321428571428571 0.04
1.0 0.29810568295114653 9.996666666666666 10.678571428571429 0.05
1.0 0.27517447657028915 9.996666666666666 9.857142857142858 0.060000000000000005
1.0 0.27517447657028915 9.996666666666666 9.857142857142858 0.07
0.999888851839502 0.24925224327018944 9.995555555555555 8.928571428571429 0.08
0.999888851839502 0.2333000997008973 9.995555555555555 8.357142857142858 0.09
0.999888851839502 0.2143569292123629 9.995555555555555 7.678571428571429 0.09999999999999999
0.999888851839502 0.2033898305084746 9.995555555555555 7.285714285714286 0.10999999999999999
0.999888851839502 0.20139581256231306 9.995555555555555 7.214285714285714 0.11999999999999998
0.999888851839502 0.193419740777667 9.995555555555555 6.928571428571429 0.12999999999999998
0.999888851839502 0.18843469591226322 9.995555555555555 6.75 0.13999999999999999
0.999888851839502 0.1814556331006979 9.995555555555555 6.5 0.15
0.999888851839502 0.1744765702891326 9.995555555555555 6.25 0.16
0.999888851839502 0.1694915254237288 9.995555555555555 6.071428571428571 0.17
0.9997777036790041 0.15254237288135594 9.994444444444444 5.464285714285714 0.18000000000000002
0.9997777036790041 0.14556331006979062 9.994444444444444 5.214285714285714 0.19000000000000003
0.9997777036790041 0.1365902293120638 9.994444444444444 4.892857142857143 0.20000000000000004
0.9997777036790041 0.13559322033898305 9.994444444444444 4.857142857142857 0.21000000000000005
0.9997777036790041 0.13060817547357925 9.994444444444444 4.678571428571429 0.22000000000000006
0.9997777036790041 0.1296111665004985 9.994444444444444 4.642857142857143 0.23000000000000007
0.9997777036790041 0.12562313060817548 9.994444444444444 4.5 0.24000000000000007
0.9997777036790041 0.12562313060817548 9.994444444444444 4.5 0.25000000000000006
0.9997777036790041 0.12362911266201396 9.994444444444444 4.428571428571429 0.26000000000000006
0.9997777036790041 0.1226321036889332 9.994444444444444 4.392857142857143 0.2700000000000001
0.9997777036790041 0.12063808574277168 9.994444444444444 4.321428571428571 0.2800000000000001
0.9997777036790041 0.11964107676969092 9.994444444444444 4.285714285714286 0.2900000000000001
0.9997777036790041 0.11665004985044865 9.994444444444444 4.178571428571429 0.3000000000000001
0.9997777036790041 0.11465603190428714 9.994444444444444 4.107142857142857 0.3100000000000001
0.9997777036790041 0.11465603190428714 9.994444444444444 4.107142857142857 0.3200000000000001
0.9997777036790041 0.11266201395812563 9.994444444444444 4.035714285714286 0.3300000000000001
0.9997777036790041 0.11266201395812563 9.994444444444444 4.035714285714286 0.34000000000000014
0.9997777036790041 0.11166500498504486 9.994444444444444 4.0 0.35000000000000014
0.9997777036790041 0.10967098703888335 9.994444444444444 3.9285714285714284 0.36000000000000015
0.9997777036790041 0.10468594217347957 9.994444444444444 3.75 0.37000000000000016
0.9997777036790041 0.1016949152542373 9.994444444444444 3.642857142857143 0.38000000000000017
0.9997777036790041 0.10069790628115653 9.994444444444444 3.607142857142857 0.3900000000000002
0.9997777036790041 0.09471585244267199 9.994444444444444 3.392857142857143 0.4000000000000002
0.9997777036790041 0.09072781655034895 9.994444444444444 3.25 0.4100000000000002
0.9997777036790041 0.08873379860418744 9.994444444444444 3.1785714285714284 0.4200000000000002
0.9997777036790041 0.08574277168494517 9.994444444444444 3.0714285714285716 0.4300000000000002
0.9997777036790041 0.08275174476570289 9.994444444444444 2.9642857142857144 0.4400000000000002
0.9997777036790041 0.07976071784646062 9.994444444444444 2.857142857142857 0.45000000000000023
0.9997777036790041 0.07477567298105683 9.994444444444444 2.6785714285714284 0.46000000000000024
0.9997777036790041 0.06979062811565304 9.994444444444444 2.5 0.47000000000000025
0.9997777036790041 0.06580259222333001 9.994444444444444 2.357142857142857 0.48000000000000026
0.9997777036790041 0.06580259222333001 9.994444444444444 2.357142857142857 0.49000000000000027
0.9997777036790041 0.06181455633100698 9.994444444444444 2.2142857142857144 0.5000000000000002
0.9997777036790041 0.06081754735792622 9.994444444444444 2.1785714285714284 0.5100000000000002
0.9997777036790041 0.05782652043868395 9.994444444444444 2.0714285714285716 0.5200000000000002
0.9997777036790041 0.05682951146560319 9.994444444444444 2.0357142857142856 0.5300000000000002
0.9997777036790041 0.05682951146560319 9.994444444444444 2.0357142857142856 0.5400000000000003
0.9997777036790041 0.054835493519441676 9.994444444444444 1.9642857142857142 0.5500000000000003
0.9997777036790041 0.053838484546360914 9.994444444444444 1.9285714285714286 0.5600000000000003
0.9997777036790041 0.053838484546360914 9.994444444444444 1.9285714285714286 0.5700000000000003
0.9997777036790041 0.05284147557328016 9.994444444444444 1.8928571428571428 0.5800000000000003
0.9997777036790041 0.0518444666001994 9.994444444444444 1.8571428571428572 0.5900000000000003
0.9997777036790041 0.0518444666001994 9.994444444444444 1.8571428571428572 0.6000000000000003
0.9997777036790041 0.05084745762711865 9.994444444444444 1.8214285714285714 0.6100000000000003
0.9997777036790041 0.05084745762711865 9.994444444444444 1.8214285714285714 0.6200000000000003
0.9997777036790041 0.049850448654037885 9.994444444444444 1.7857142857142858 0.6300000000000003
0.9997777036790041 0.04885343968095713 9.994444444444444 1.75 0.6400000000000003
0.9997777036790041 0.04885343968095713 9.994444444444444 1.75 0.6500000000000004
0.9997777036790041 0.04685942173479561 9.994444444444444 1.6785714285714286 0.6600000000000004
0.9997777036790041 0.045862412761714856 9.994444444444444 1.6428571428571428 0.6700000000000004
0.9997777036790041 0.0448654037886341 9.994444444444444 1.6071428571428572 0.6800000000000004
0.9997777036790041 0.04386839481555334 9.994444444444444 1.5714285714285714 0.6900000000000004
0.9997777036790041 0.03988035892323031 9.994444444444444 1.4285714285714286 0.7000000000000004
0.9997777036790041 0.03788634097706879 9.994444444444444 1.3571428571428572 0.7100000000000004
0.9997777036790041 0.03389830508474576 9.994444444444444 1.2142857142857142 0.7200000000000004
0.9997777036790041 0.03290129611166501 9.994444444444444 1.1785714285714286 0.7300000000000004
0.9997777036790041 0.028913260219341975 9.994444444444444 1.0357142857142858 0.7400000000000004
0.9997777036790041 0.022931206380857428 9.994444444444444 0.8214285714285714 0.7500000000000004
0.9996665555185061 0.022931206380857428 9.993333333333334 0.8214285714285714 0.7600000000000005
0.9996665555185061 0.022931206380857428 9.993333333333334 0.8214285714285714 0.7700000000000005
0.9996665555185061 0.02193419740777667 9.993333333333334 0.7857142857142857 0.7800000000000005
0.9996665555185061 0.019940179461615155 9.993333333333334 0.7142857142857143 0.7900000000000005
0.9996665555185061 0.018943170488534396 9.993333333333334 0.6785714285714286 0.8000000000000005
0.9996665555185061 0.018943170488534396 9.993333333333334 0.6785714285714286 0.8100000000000005
0.9996665555185061 0.01794616151545364 9.993333333333334 0.6428571428571429 0.8200000000000005
0.9996665555185061 0.01694915254237288 9.993333333333334 0.6071428571428571 0.8300000000000005
0.9995554073580082 0.014955134596211365 9.992222222222223 0.5357142857142857 0.8400000000000005
0.9995554073580082 0.013958125623130608 9.992222222222223 0.5 0.8500000000000005
0.9995554073580082 0.01296111665004985 9.992222222222223 0.4642857142857143 0.8600000000000005
0.9995554073580082 0.011964107676969093 9.992222222222223 0.42857142857142855 0.8700000000000006
0.9995554073580082 0.010967098703888335 9.992222222222223 0.39285714285714285 0.8800000000000006
0.9993331110370124 0.007976071784646061 9.99 0.2857142857142857 0.8900000000000006
0.9992219628765144 0.003988035892323031 9.988888888888889 0.14285714285714285 0.9000000000000006
0.9992219628765144 0.0029910269192422734 9.988888888888889 0.10714285714285714 0.9100000000000006
0.9992219628765144 0.0019940179461615153 9.988888888888889 0.07142857142857142 0.9200000000000006
0.9992219628765144 0.0 9.988888888888889 0.0 0.9300000000000006
0.9992219628765144 0.0 9.988888888888889 0.0 0.9400000000000006
0.9989996665555185 0.0 9.986666666666666 0.0 0.9500000000000006
0.9988885183950206 0.0 9.985555555555555 0.0 0.9600000000000006
0.9986662220740247 0.0 9.983333333333333 0.0 0.9700000000000006
0.9978881849505391 0.0 9.975555555555555 0.0 0.9800000000000006
0.9943314438146049 0.0 9.94 0.0 0.9900000000000007
0.0 0.0 0.0 0.0
