1.0 1.0 22.4925 40.12 0.0
1.0 0.9002991026919243 22.4925 36.12 0.01
1.0 0.8015952143569293 22.4925 32.16 0.02
1.0 0.765702891326022 22.4925 30.72 0.03
1.0 0.7417746759720838 22.4925 29.76 0.04
1.0 0.7198404785643071 22.4925 28.88 0.05
1.0 0.6929212362911267 22.4925 27.8 0.060000000000000005
1.0 0.6929212362911267 22.4925 27.8 0.07
1.0 0.6759720837487537 22.4925 27.12 0.08
1.0 0.6660019940179461 22.4925 26.72 0.09
1.0 0.6570289132602194 22.4925 26.36 0.09999999999999999
1.0 0.6490528414755733 22.4925 26.04 0.10999999999999999
1.0 0.6430707876370887 22.4925 25.8 0.11999999999999998
1.0 0.6370887337986042 22.4925 25.56 0.12999999999999998
1.0 0.6331006979062812 22.4925 25.4 0.13999999999999999
1.0 0.6241276171485544 22.4925 25.04 0.15
1.0 0.6191425722831505 22.4925 24.84 0.16
1.0 0.613160518444666 22.4925 24.6 0.17
1.0 0.5982053838484547 22.4925 24.0 0.18000000000000002
1.0 0.5932203389830508 22.4925 23.8 0.19000000000000003
1.0 0.5832502492522432 22.4925 23.4 0.20000000000000004
1.0 0.5712861415752741 22.4925 22.92 0.21000000000000005
1.0 0.5623130608175474 22.4925 22.56 0.22000000000000006
1.0 0.5563310069790628 22.4925 22.32 0.23000000000000007
1.0 0.5533399800598205 22.4925 22.2 0.24000000000000007
1.0 0.551345962113659 22.4925 22.12 0.25000000000000006
1.0 0.5503489531405783 22.4925 22.08 0.26000000000000006
1.0 0.5463609172482552 22.4925 21.92 0.2700000000000001
1.0 0.543369890329013 22.4925 21.8 0.2800000000000001
1.0 0.543369890329013 22.4925 21.8 0.2900000000000001
1.0 0.5423728813559322 22.4925 21.76 0.3000000000000001
1.0 0.5403788634097707 22.4925 21.68 0.3100000000000001
1.0 0.5363908275174477 22.4925 21.52 0.3200000000000001
1.0 0.5343968095712861 22.4925 21.44 0.3300000000000001
1.0 0.5314057826520439 22.4925 21.32 0.34000000000000014
1.0 0.5254237288135594 22.4925 21.08 0.35000000000000014
1.0 0.522432701894317 22.4925 20.96 0.36000000000000015
1.0 0.5194416749750748 22.4925 20.84 0.37000000000000016
1.0 0.5124626121635095 22.4925 20.56 0.38000000000000017
1.0 0.5104685942173479 22.4925 20.48 0.3900000000000002
1.0 0.5034895314057827 22.4925 20.2 0.4000000000000002
1.0 0.4915254237288136 22.4925 19.72 0.4100000000000002
1.0 0.4795613160518445 22.4925 19.24 0.4200000000000002
1.0 0.4675972083748754 22.4925 18.76 0.4300000000000002
1.0 0.4546360917248255 22.4925 18.24 0.4400000000000002
1.0 0.4456630109670987 22.4925 17.88 0.45000000000000023
1.0 0.43668993020937186 22.4925 17.52 0.46000000000000024
1.0 0.4287138584247258 22.4925 17.2 0.47000000000000025
1.0 0.419740777666999 22.4925 16.84 0.48000000000000026
1.0 0.4097706879361914 22.4925 16.44 0.49000000000000027
1.0 0.4057826520438684 22.4925 16.28 0.5000000000000002
1.0 0.4017946161515454 22.4925 16.12 0.5100000000000002
1.0 0.3988035892323031 22.4925 16.0 0.5200000000000002
1.0 0.39581256231306083 22.4925 15.88 0.5300000000000002
1.0 0.3948155533399801 22.4925 15.84 0.5400000000000003
1.0 0.3938185443668993 22.4925 15.8 0.5500000000000003
1.0 0.39282153539381853 22.4925 15.76 0.5600000000000003
1.0 0.39282153539381853 22.4925 15.76 0.5700000000000003
1.0 0.38883349950149554 22.4925 15.6 0.5800000000000003
1.0 0.38783649052841473 22.4925 15.56 0.5900000000000003
1.0 0.38384845463609174 22.4925 15.4 0.6000000000000003
1.0 0.3798604187437687 22.4925 15.24 0.6100000000000003
1.0 0.37686939182452645 22.4925 15.12 0.6200000000000003
1.0 0.37387836490528414 22.4925 15.0 0.6300000000000003
1.0 0.3678963110667996 22.4925 14.76 0.6400000000000003
1.0 0.36490528414755735 22.4925 14.64 0.6500000000000004
1.0 0.35692921236291125 22.4925 14.32 0.6600000000000004
1.0 0.3489531405782652 22.4925 14.0 0.6700000000000004
1.0 0.33798604187437686 22.4925 13.56 0.6800000000000004
1.0 0.3320039880358923 22.4925 13.32 0.6900000000000004
1.0 0.3230309072781655 22.4925 12.96 0.7000000000000004
1.0 0.31106679960119643 22.4925 12.48 0.7100000000000004
1.0 0.2931206380857428 22.4925 11.76 0.7200000000000004
1.0 0.27716849451645065 22.4925 11.12 0.7300000000000004
1.0 0.26520438683948155 22.4925 10.64 0.7400000000000004
1.0 0.25523429710867396 22.4925 10.24 0.7500000000000004
1.0 0.24426719840478564 22.4925 9.8 0.7600000000000005
1.0 0.23529411764705882 22.4925 9.44 0.7700000000000005
1.0 0.22333000997008973 22.4925 8.96 0.7800000000000005
1.0 0.21535393818544366 22.4925 8.64 0.7900000000000005
1.0 0.21136590229312063 22.4925 8.48 0.8000000000000005
1.0 0.2073778664007976 22.4925 8.32 0.8100000000000005
0.999888851839502 0.20638085742771686 22.49 8.28 0.8200000000000005
0.999888851839502 0.2023928215353938 22.49 8.12 0.8300000000000005
0.9991108147160165 0.19940179461615154 22.4725 8.0 0.8400000000000005
0.9982216294320329 0.19740777666999004 22.4525 7.92 0.8500000000000005
0.9963321107035679 0.193419740777667 22.41 7.76 0.8600000000000005
0.9927753695676337 0.18544366899302095 22.33 7.44 0.8700000000000006
0.9894409247526953 0.17647058823529413 22.255 7.08 0.8800000000000006
0.986217628098255 0.16450648055832504 22.1825 6.6 0.8900000000000006
0.9798821829498722 0.1415752741774676 22.04 5.68 0.9000000000000006
0.9741024786039791 0.12462612163509472 21.91 5.0 0.9100000000000006
0.970323441147049 0.1156530408773679 21.825 4.64 0.9200000000000006
0.9667667000111149 0.10667996011964108 21.745 4.28 0.9300000000000006
0.9633211070356785 0.09970089730807577 21.6675 4.0 0.9400000000000006
0.9602089585417362 0.0967098703888335 21.5975 3.88 0.9500000000000006
0.9575414026897855 0.09471585244267199 21.5375 3.8 0.9600000000000006
0.9527620317883739 0.09471585244267199 21.43 3.8 0.9700000000000006
0.9436478826275425 0.09471585244267199 21.225 3.8 0.9800000000000006
0.907080137823719 0.09471585244267199 20.4025 3.8 0.9900000000000007
0.0 0.0 0.0 0.0
