1.0 1.0 17.994 20.06 0.0
1.0 0.8903290129611167 17.994 17.86 0.01
1.0 0.8444666001994018 17.994 16.94 0.02
1.0 0.8185443668993021 17.994 16.42 0.03
1.0 0.7946161515453639 17.994 15.94 0.04
1.0 0.7746759720837487 17.994 15.54 0.05
1.0 0.7427716849451645 17.994 14.9 0.060000000000000005
1.0 0.7427716849451645 17.994 14.9 0.07
1.0 0.7347956131605184 17.994 14.74 0.08
1.0 0.7178464606181456 17.994 14.4 0.09
1.0 0.7138584247258225 17.994 14.32 0.09999999999999999
1.0 0.7058823529411765 17.994 14.16 0.10999999999999999
1.0 0.6989032901296112 17.994 14.02 0.11999999999999998
1.0 0.6879361914257228 17.994 13.8 0.12999999999999998
1.0 0.6759720837487537 17.994 13.56 0.13999999999999999
1.0 0.6719840478564307 17.994 13.48 0.15
1.0 0.6620139581256231 17.994 13.28 0.16
1.0 0.6490528414755733 17.994 13.02 0.17
1.0 0.6271186440677966 17.994 12.58 0.18000000000000002
1.0 0.6191425722831505 17.994 12.42 0.19000000000000003
1.0 0.6051844466600199 17.994 12.14 0.20000000000000004
1.0 0.5992023928215354 17.994 12.02 0.21000000000000005
1.0 0.5892323030907278 17.994 11.82 0.22000000000000006
1.0 0.5852442671984048 17.994 11.74 0.23000000000000007
1.0 0.5792622133599202 17.994 11.62 0.24000000000000007
1.0 0.5742771684945165 17.994 11.52 0.25000000000000006
1.0 0.5722831505483549 17.994 11.48 0.26000000000000006
1.0 0.5722831505483549 17.994 11.48 0.2700000000000001
1.0 0.5653040877367896 17.994 11.34 0.2800000000000001
1.0 0.5633100697906281 17.994 11.3 0.2900000000000001
1.0 0.5613160518444666 17.994 11.26 0.3000000000000001
1.0 0.5603190428713859 17.994 11.24 0.3100000000000001
1.0 0.5573280159521435 17.994 11.18 0.3200000000000001
1.0 0.5533399800598205 17.994 11.1 0.3300000000000001
1.0 0.5493519441674976 17.994 11.02 0.34000000000000014
1.0 0.5463609172482552 17.994 10.96 0.35000000000000014
1.0 0.543369890329013 17.994 10.9 0.36000000000000015
1.0 0.5383848454636092 17.994 10.8 0.37000000000000016
1.0 0.5254237288135594 17.994 10.54 0.38000000000000017
1.0 0.5204386839481555 17.994 10.44 0.3900000000000002
1.0 0.5124626121635095 17.994 10.28 0.4000000000000002
1.0 0.5014955134596212 17.994 10.06 0.4100000000000002
1.0 0.4905284147557328 17.994 9.84 0.4200000000000002
1.0 0.4765702891326022 17.994 9.56 0.4300000000000002
1.0 0.46560319042871384 17.994 9.34 0.4400000000000002
1.0 0.4546360917248255 17.994 9.12 0.45000000000000023
1.0 0.4426719840478564 17.994 8.88 0.46000000000000024
1.0 0.43668993020937186 17.994 8.76 0.47000000000000025
1.0 0.4267198404785643 17.994 8.56 0.48000000000000026
1.0 0.42273180458624127 17.994 8.48 0.49000000000000027
1.0 0.4107676969092722 17.994 8.24 0.5000000000000002
1.0 0.4067796610169492 17.994 8.16 0.5100000000000002
1.0 0.40079760717846463 17.994 8.04 0.5200000000000002
1.0 0.39780658025922233 17.994 7.98 0.5300000000000002
1.0 0.39581256231306083 17.994 7.94 0.5400000000000003
1.0 0.3948155533399801 17.994 7.92 0.5500000000000003
1.0 0.3938185443668993 17.994 7.9 0.5600000000000003
1.0 0.39082751744765704 17.994 7.84 0.5700000000000003
1.0 0.3848454636091725 17.994 7.72 0.5800000000000003
1.0 0.38085742771684944 17.994 7.64 0.5900000000000003
1.0 0.37686939182452645 17.994 7.56 0.6000000000000003
1.0 0.37387836490528414 17.994 7.5 0.6100000000000003
1.0 0.3728813559322034 17.994 7.48 0.6200000000000003
1.0 0.3698903290129611 17.994 7.42 0.6300000000000003
1.0 0.3659022931206381 17.994 7.34 0.6400000000000003
1.0 0.3589232303090728 17.994 7.2 0.6500000000000004
1.0 0.353938185443669 17.994 7.1 0.6600000000000004
1.0 0.3439680957128614 17.994 6.9 0.6700000000000004
1.0 0.3349950149551346 17.994 6.72 0.6800000000000004
1.0 0.3230309072781655 17.994 6.48 0.6900000000000004
1.0 0.3160518444666002 17.994 6.34 0.7000000000000004
1.0 0.30109670987038883 17.994 6.04 0.7100000000000004
1.0 0.28713858424725824 17.994 5.76 0.7200000000000004
1.0 0.26819541375872386 17.994 5.38 0.7300000000000004
1.0 0.25623130608175476 17.994 5.14 0.7400000000000004
1.0 0.2382851445663011 17.994 4.78 0.7500000000000004
1.0 0.226321036889332 17.994 4.54 0.7600000000000005
1.0 0.2123629112662014 17.994 4.26 0.7700000000000005
0.999888851839502 0.20139581256231306 17.992 4.04 0.7800000000000005
0.999888851839502 0.19242273180458624 17.992 3.86 0.7900000000000005
0.999888851839502 0.18843469591226322 17.992 3.78 0.8000000000000005
0.999888851839502 0.18544366899302095 17.992 3.72 0.8100000000000005
0.9994442591975102 0.18344965104685942 17.984 3.68 0.8200000000000005
0.9992219628765144 0.17746759720837488 17.98 3.56 0.8300000000000005
0.9984439257530288 0.1744765702891326 17.966 3.5 0.8400000000000005
0.9973324441480493 0.17248255234297108 17.946 3.46 0.8500000000000005
0.9962209625430699 0.16550348953140578 17.926 3.32 0.8600000000000005
0.9947760364565966 0.1585244267198405 17.9 3.18 0.8700000000000006
0.9927753695676337 0.15154536390827517 17.864 3.04 0.8800000000000006
0.9897743692341892 0.13758723828514458 17.81 2.76 0.8900000000000006
0.9866622207402468 0.13160518444666003 17.754 2.64 0.9000000000000006
0.9838835167277982 0.11864406779661017 17.704 2.38 0.9100000000000006
0.9812159608758475 0.11266201395812563 17.656 2.26 0.9200000000000006
0.9789929976658887 0.10468594217347957 17.616 2.1 0.9300000000000006
0.9767700344559298 0.1016949152542373 17.576 2.04 0.9400000000000006
0.9746582194064688 0.09970089730807577 17.538 2.0 0.9500000000000006
0.972324108036012 0.09471585244267199 17.496 1.9 0.9600000000000006
0.9691008113815717 0.09471585244267199 17.438 1.9 0.9700000000000006
0.9594309214182505 0.09471585244267199 17.264 1.9 0.9800000000000006
0.920973657885962 0.09471585244267199 16.572 1.9 0.9900000000000007
0.0 0.0 0.0 0.0
