1.0 1.0 44.985 66.86666666666666 0.0
1.0 0.9860418743768694 44.985 65.93333333333334 0.01
1.0 0.9531405782652044 44.985 63.733333333333334 0.02
1.0 0.9262213359920239 44.985 61.93333333333333 0.03
1.0 0.9062811565304087 44.985 60.6 0.04
1.0 0.8953140578265204 44.985 59.86666666666667 0.05
1.0 0.872382851445663 44.985 58.333333333333336 0.060000000000000005
1.0 0.872382851445663 44.985 58.333333333333336 0.07
1.0 0.8564307078763709 44.985 57.266666666666666 0.08
1.0 0.8484546360917248 44.985 56.733333333333334 0.09
1.0 0.8404785643070788 44.985 56.2 0.09999999999999999
1.0 0.8334995014955134 44.985 55.733333333333334 0.10999999999999999
1.0 0.8255234297108675 44.985 55.2 0.11999999999999998
1.0 0.8225324027916251 44.985 55.0 0.12999999999999998
1.0 0.8155533399800599 44.985 54.53333333333333 0.13999999999999999
1.0 0.8125623130608175 44.985 54.333333333333336 0.15
1.0 0.8055832502492523 44.985 53.86666666666667 0.16
1.0 0.8005982053838484 44.985 53.53333333333333 0.17
1.0 0.7856430707876371 44.985 52.53333333333333 0.18000000000000002
1.0 0.7816550348953141 44.985 52.266666666666666 0.19000000000000003
1.0 0.773678963110668 44.985 51.733333333333334 0.20000000000000004
1.0 0.765702891326022 44.985 51.2 0.21000000000000005
1.0 0.7617148554336989 44.985 50.93333333333333 0.22000000000000006
1.0 0.7537387836490529 44.985 50.4 0.23000000000000007
1.0 0.748753738783649 44.985 50.06666666666667 0.24000000000000007
1.0 0.7457627118644068 44.985 49.86666666666667 0.25000000000000006
1.0 0.744765702891326 44.985 49.8 0.26000000000000006
1.0 0.7437686939182453 44.985 49.733333333333334 0.2700000000000001
1.0 0.7427716849451645 44.985 49.666666666666664 0.2800000000000001
1.0 0.7427716849451645 44.985 49.666666666666664 0.2900000000000001
1.0 0.7427716849451645 44.985 49.666666666666664 0.3000000000000001
1.0 0.7407776669990029 44.985 49.53333333333333 0.3100000000000001
1.0 0.7387836490528414 44.985 49.4 0.3200000000000001
1.0 0.7357926221335992 44.985 49.2 0.3300000000000001
1.0 0.7308075772681955 44.985 48.86666666666667 0.34000000000000014
1.0 0.7258225324027916 44.985 48.53333333333333 0.35000000000000014
1.0 0.7228315054835494 44.985 48.333333333333336 0.36000000000000015
1.0 0.7208374875373879 44.985 48.2 0.37000000000000016
1.0 0.715852442671984 44.985 47.86666666666667 0.38000000000000017
1.0 0.7098703888334995 44.985 47.46666666666667 0.3900000000000002
1.0 0.7028913260219342 44.985 47.0 0.4000000000000002
1.0 0.6959122632103689 44.985 46.53333333333333 0.4100000000000002
1.0 0.6889332003988036 44.985 46.06666666666667 0.4200000000000002
1.0 0.6769690927218345 44.985 45.266666666666666 0.4300000000000002
1.0 0.6650049850448654 44.985 44.46666666666667 0.4400000000000002
1.0 0.6590229312063809 44.985 44.06666666666667 0.45000000000000023
1.0 0.6490528414755733 44.985 43.4 0.46000000000000024
1.0 0.6430707876370887 44.985 43.0 0.47000000000000025
0.999888851839502 0.6350947158524427 44.98 42.46666666666667 0.48000000000000026
0.999888851839502 0.6311066799601196 44.98 42.2 0.49000000000000027
0.9997777036790041 0.6251246261216351 44.975 41.8 0.5000000000000002
0.9997777036790041 0.6251246261216351 44.975 41.8 0.5100000000000002
0.9997777036790041 0.6221335992023929 44.975 41.6 0.5200000000000002
0.9997777036790041 0.6201395812562313 44.975 41.46666666666667 0.5300000000000002
0.9996665555185061 0.6191425722831505 44.97 41.4 0.5400000000000003
0.9996665555185061 0.6191425722831505 44.97 41.4 0.5500000000000003
0.9996665555185061 0.6181455633100698 44.97 41.333333333333336 0.5600000000000003
0.9996665555185061 0.6181455633100698 44.97 41.333333333333336 0.5700000000000003
0.9996665555185061 0.6151545363908275 44.97 41.13333333333333 0.5800000000000003
0.9996665555185061 0.6121635094715853 44.97 40.93333333333333 0.5900000000000003
0.9996665555185061 0.6081754735792622 44.97 40.666666666666664 0.6000000000000003
0.9996665555185061 0.6071784646061814 44.97 40.6 0.6100000000000003
0.9996665555185061 0.6071784646061814 44.97 40.6 0.6200000000000003
0.9996665555185061 0.6031904287138584 44.97 40.333333333333336 0.6300000000000003
0.9996665555185061 0.5992023928215354 44.97 40.06666666666667 0.6400000000000003
0.9996665555185061 0.5942173479561316 44.97 39.733333333333334 0.6500000000000004
0.9996665555185061 0.5852442671984048 44.97 39.13333333333333 0.6600000000000004
0.9996665555185061 0.5772681954137587 44.97 38.6 0.6700000000000004
0.9996665555185061 0.5692921236291126 44.97 38.06666666666667 0.6800000000000004
0.9996665555185061 0.551345962113659 44.97 36.86666666666667 0.6900000000000004
0.9996665555185061 0.5413758723828515 44.97 36.2 0.7000000000000004
0.9996665555185061 0.5314057826520439 44.97 35.53333333333333 0.7100000000000004
0.9996665555185061 0.5044865403788634 44.97 33.733333333333334 0.7200000000000004
0.9996665555185061 0.4915254237288136 44.97 32.86666666666667 0.7300000000000004
0.9996665555185061 0.4795613160518445 44.97 32.06666666666667 0.7400000000000004
0.9996665555185061 0.4666001994017946 44.97 31.2 0.7500000000000004
0.9996665555185061 0.4426719840478564 44.97 29.6 0.7600000000000005
0.9996665555185061 0.4307078763708873 44.97 28.8 0.7700000000000005
0.9995554073580082 0.42073778664007977 44.965 28.133333333333333 0.7800000000000005
0.9995554073580082 0.4117647058823529 44.965 27.533333333333335 0.7900000000000005
0.9993331110370124 0.4047856430707876 44.955 27.066666666666666 0.8000000000000005
0.9982216294320329 0.40279162512462613 44.905 26.933333333333334 0.8100000000000005
0.9973324441480493 0.40079760717846463 44.865 26.8 0.8200000000000005
0.9948871846170946 0.3968095712861416 44.755 26.533333333333335 0.8300000000000005
0.9908858508391686 0.3898305084745763 44.575 26.066666666666666 0.8400000000000005
0.9839946648882961 0.37886340977068794 44.265 25.333333333333332 0.8500000000000005
0.9737690341224853 0.34995014955134596 43.805 23.4 0.8600000000000005
0.9588751806157608 0.3180458624127617 43.135 21.266666666666666 0.8700000000000006
0.9393131043681227 0.2811565304087737 42.255 18.8 0.8800000000000006
0.9153051017005669 0.23728813559322035 41.175 15.866666666666667 0.8900000000000006
0.8908525063910192 0.18843469591226322 40.075 12.6 0.9000000000000006
0.8670668000444592 0.13060817547357925 39.005 8.733333333333333 0.9100000000000006
0.8447260197843726 0.09072781655034895 38.0 6.066666666666666 0.9200000000000006
0.8249416472157386 0.04685942173479561 37.11 3.1333333333333333 0.9300000000000006
0.8067133488940758 0.023928215353938187 36.29 1.6 0.9400000000000006
0.7961542736467712 0.00897308075772682 35.815 0.6 0.9500000000000006
0.7863732355229521 0.0029910269192422734 35.375 0.2 0.9600000000000006
0.7717016783372235 9.970089730807576E-4 34.715 0.06666666666666667 0.9700000000000006
0.7402467489163055 9.970089730807576E-4 33.3 0.06666666666666667 0.9800000000000006
0.6501055907524731 9.970089730807576E-4 29.245 0.06666666666666667 0.9900000000000007
0.0 0.0 0.0 0.0
