1.0 1.0 44.985 200.6 0.0
1.0 0.996011964107677 44.985 199.8 0.01
1.0 0.9820538384845464 44.985 197.0 0.02
1.0 0.9700897308075773 44.985 194.6 0.03
1.0 0.9661016949152542 44.985 193.8 0.04
1.0 0.959122632103689 44.985 192.4 0.05
1.0 0.9491525423728814 44.985 190.4 0.060000000000000005
1.0 0.9491525423728814 44.985 190.4 0.07
1.0 0.9391824526420738 44.985 188.4 0.08
1.0 0.9302093718843469 44.985 186.6 0.09
1.0 0.9262213359920239 44.985 185.8 0.09999999999999999
1.0 0.9242273180458624 44.985 185.4 0.10999999999999999
1.0 0.9202392821535393 44.985 184.6 0.11999999999999998
1.0 0.9182452642073778 44.985 184.2 0.12999999999999998
1.0 0.9172482552342971 44.985 184.0 0.13999999999999999
1.0 0.9142572283150548 44.985 183.4 0.15
1.0 0.9102691924227319 44.985 182.6 0.16
1.0 0.9022931206380858 44.985 181.0 0.17
1.0 0.8893320039880359 44.985 178.4 0.18000000000000002
1.0 0.8783649052841476 44.985 176.2 0.19000000000000003
1.0 0.872382851445663 44.985 175.0 0.20000000000000004
1.0 0.8693918245264207 44.985 174.4 0.21000000000000005
1.0 0.8664007976071785 44.985 173.8 0.22000000000000006
1.0 0.8634097706879362 44.985 173.2 0.23000000000000007
1.0 0.8604187437686939 44.985 172.6 0.24000000000000007
1.0 0.8594217347956131 44.985 172.4 0.25000000000000006
1.0 0.8594217347956131 44.985 172.4 0.26000000000000006
1.0 0.8594217347956131 44.985 172.4 0.2700000000000001
1.0 0.8584247258225324 44.985 172.2 0.2800000000000001
1.0 0.8584247258225324 44.985 172.2 0.2900000000000001
1.0 0.8564307078763709 44.985 171.8 0.3000000000000001
1.0 0.8564307078763709 44.985 171.8 0.3100000000000001
1.0 0.8544366899302094 44.985 171.4 0.3200000000000001
1.0 0.8534396809571286 44.985 171.2 0.3300000000000001
1.0 0.8504486540378864 44.985 170.6 0.34000000000000014
1.0 0.8504486540378864 44.985 170.6 0.35000000000000014
1.0 0.847457627118644 44.985 170.0 0.36000000000000015
1.0 0.8454636091724825 44.985 169.6 0.37000000000000016
1.0 0.8364905284147557 44.985 167.8 0.38000000000000017
1.0 0.8315054835493519 44.985 166.8 0.3900000000000002
1.0 0.8195413758723828 44.985 164.4 0.4000000000000002
1.0 0.8045862412761715 44.985 161.4 0.4100000000000002
1.0 0.7936191425722832 44.985 159.2 0.4200000000000002
1.0 0.7866400797607178 44.985 157.8 0.4300000000000002
1.0 0.769690927218345 44.985 154.4 0.4400000000000002
1.0 0.7607178464606181 44.985 152.6 0.45000000000000023
1.0 0.7467597208374875 44.985 149.8 0.46000000000000024
1.0 0.7377866400797607 44.985 148.0 0.47000000000000025
1.0 0.7298105682951147 44.985 146.4 0.48000000000000026
1.0 0.7258225324027916 44.985 145.6 0.49000000000000027
1.0 0.7238285144566301 44.985 145.2 0.5000000000000002
1.0 0.7188434695912264 44.985 144.2 0.5100000000000002
1.0 0.715852442671984 44.985 143.6 0.5200000000000002
1.0 0.711864406779661 44.985 142.8 0.5300000000000002
1.0 0.7088733798604188 44.985 142.2 0.5400000000000003
1.0 0.7048853439680958 44.985 141.4 0.5500000000000003
1.0 0.6969092721834497 44.985 139.8 0.5600000000000003
1.0 0.6939182452642074 44.985 139.2 0.5700000000000003
1.0 0.6889332003988036 44.985 138.2 0.5800000000000003
1.0 0.6879361914257228 44.985 138.0 0.5900000000000003
1.0 0.6879361914257228 44.985 138.0 0.6000000000000003
1.0 0.6849451645064806 44.985 137.4 0.6100000000000003
1.0 0.6829511465603191 44.985 137.0 0.6200000000000003
1.0 0.6819541375872383 44.985 136.8 0.6300000000000003
1.0 0.6729810568295115 44.985 135.0 0.6400000000000003
0.999888851839502 0.6630109670987039 44.98 133.0 0.6500000000000004
0.999888851839502 0.6470588235294118 44.98 129.8 0.6600000000000004
0.999888851839502 0.6311066799601196 44.98 126.6 0.6700000000000004
0.9997777036790041 0.6181455633100698 44.975 124.0 0.6800000000000004
0.9996665555185061 0.5932203389830508 44.97 119.0 0.6900000000000004
0.9995554073580082 0.5812562313060817 44.965 116.6 0.7000000000000004
0.9994442591975102 0.5623130608175474 44.96 112.8 0.7100000000000004
0.9994442591975102 0.5403788634097707 44.96 108.4 0.7200000000000004
0.9994442591975102 0.5124626121635095 44.96 102.8 0.7300000000000004
0.9992219628765144 0.4885343968095713 44.95 98.0 0.7400000000000004
0.9992219628765144 0.46161515453639085 44.95 92.6 0.7500000000000004
0.9991108147160165 0.4336989032901296 44.945 87.0 0.7600000000000005
0.9989996665555185 0.42273180458624127 44.94 84.8 0.7700000000000005
0.9989996665555185 0.4147557328015952 44.94 83.2 0.7800000000000005
0.9988885183950206 0.4057826520438684 44.935 81.4 0.7900000000000005
0.9987773702345226 0.4017946161515454 44.93 80.6 0.8000000000000005
0.9979993331110371 0.39581256231306083 44.895 79.4 0.8100000000000005
0.9972212959875514 0.39082751744765704 44.86 78.4 0.8200000000000005
0.9952206290985884 0.386839481555334 44.77 77.6 0.8300000000000005
0.9904412581971769 0.3778664007976072 44.555 75.8 0.8400000000000005
0.9837723685673002 0.3698903290129611 44.255 74.2 0.8500000000000005
0.9735467378014894 0.34496510468594216 43.795 69.2 0.8600000000000005
0.9596532177392464 0.3190428713858425 43.17 64.0 0.8700000000000006
0.9389796598866289 0.28215353938185445 42.24 56.6 0.8800000000000006
0.9159719906635545 0.2382851445663011 41.205 47.8 0.8900000000000006
0.8889629876625542 0.1864406779661017 39.99 37.4 0.9000000000000006
0.8583972435256196 0.13359920239282153 38.615 26.8 0.9100000000000006
0.8313882405246193 0.07876370887337986 37.4 15.8 0.9200000000000006
0.8087140157830388 0.038883349950149554 36.38 7.8 0.9300000000000006
0.792597532510837 0.020937188434695914 35.655 4.2 0.9400000000000006
0.7784817161275981 0.010967098703888335 35.02 2.2 0.9500000000000006
0.7634767144603757 9.970089730807576E-4 34.345 0.2 0.9600000000000006
0.7433588974102479 9.970089730807576E-4 33.44 0.2 0.9700000000000006
0.7069023007669223 9.970089730807576E-4 31.8 0.2 0.9800000000000006
0.6062020673557853 9.970089730807576E-4 27.27 0.2 0.9900000000000007
0.0 0.0 0.0 0.0
