1.0 1.0 11.24625 28.65714285714286 0.0
1.0 0.7966101694915254 11.24625 22.82857142857143 0.01
1.0 0.6560319042871385 11.24625 18.8 0.02
1.0 0.6151545363908275 11.24625 17.62857142857143 0.03
1.0 0.5772681954137587 11.24625 16.542857142857144 0.04
1.0 0.5623130608175474 11.24625 16.114285714285714 0.05
1.0 0.5134596211365903 11.24625 14.714285714285714 0.060000000000000005
1.0 0.5134596211365903 11.24625 14.714285714285714 0.07
1.0 0.4935194416749751 11.24625 14.142857142857142 0.08
1.0 0.4745762711864407 11.24625 13.6 0.09
1.0 0.4646061814556331 11.24625 13.314285714285715 0.09999999999999999
1.0 0.45164506480558325 11.24625 12.942857142857143 0.10999999999999999
1.0 0.4436689930209372 11.24625 12.714285714285714 0.11999999999999998
1.0 0.43668993020937186 11.24625 12.514285714285714 0.12999999999999998
1.0 0.4317048853439681 11.24625 12.371428571428572 0.13999999999999999
1.0 0.4287138584247258 11.24625 12.285714285714286 0.15
1.0 0.4247258225324028 11.24625 12.17142857142857 0.16
1.0 0.41774675972083747 11.24625 11.971428571428572 0.17
1.0 0.39980059820538383 11.24625 11.457142857142857 0.18000000000000002
1.0 0.38883349950149554 11.24625 11.142857142857142 0.19000000000000003
1.0 0.37886340977068794 11.24625 10.857142857142858 0.20000000000000004
1.0 0.37387836490528414 11.24625 10.714285714285714 0.21000000000000005
1.0 0.3708873379860419 11.24625 10.628571428571428 0.22000000000000006
1.0 0.36490528414755735 11.24625 10.457142857142857 0.23000000000000007
1.0 0.3609172482552343 11.24625 10.342857142857143 0.24000000000000007
1.0 0.353938185443669 11.24625 10.142857142857142 0.25000000000000006
1.0 0.3489531405782652 11.24625 10.0 0.26000000000000006
1.0 0.3439680957128614 11.24625 9.857142857142858 0.2700000000000001
1.0 0.3419740777666999 11.24625 9.8 0.2800000000000001
1.0 0.3389830508474576 11.24625 9.714285714285714 0.2900000000000001
1.0 0.33798604187437686 11.24625 9.685714285714285 0.3000000000000001
1.0 0.3349950149551346 11.24625 9.6 0.3100000000000001
1.0 0.3320039880358923 11.24625 9.514285714285714 0.3200000000000001
1.0 0.32901296111665007 11.24625 9.428571428571429 0.3300000000000001
1.0 0.3270189431704885 11.24625 9.371428571428572 0.34000000000000014
1.0 0.32602193419740777 11.24625 9.342857142857143 0.35000000000000014
1.0 0.3190428713858425 11.24625 9.142857142857142 0.36000000000000015
1.0 0.3160518444666002 11.24625 9.057142857142857 0.37000000000000016
1.0 0.3150548354935194 11.24625 9.028571428571428 0.38000000000000017
1.0 0.3140578265204387 11.24625 9.0 0.3900000000000002
1.0 0.3120638085742772 11.24625 8.942857142857143 0.4000000000000002
1.0 0.30608175473579263 11.24625 8.771428571428572 0.4100000000000002
1.0 0.3020937188434696 11.24625 8.657142857142857 0.4200000000000002
1.0 0.3000997008973081 11.24625 8.6 0.4300000000000002
1.0 0.2951146560319043 11.24625 8.457142857142857 0.4400000000000002
1.0 0.29112662013958124 11.24625 8.342857142857143 0.45000000000000023
1.0 0.28713858424725824 11.24625 8.228571428571428 0.46000000000000024
1.0 0.27916251246261214 11.24625 8.0 0.47000000000000025
1.0 0.27716849451645065 11.24625 7.942857142857143 0.48000000000000026
1.0 0.2731804586241276 11.24625 7.828571428571428 0.49000000000000027
1.0 0.2691924227318046 11.24625 7.714285714285714 0.5000000000000002
1.0 0.2662013958125623 11.24625 7.628571428571429 0.5100000000000002
1.0 0.2612163509471585 11.24625 7.485714285714286 0.5200000000000002
1.0 0.25523429710867396 11.24625 7.314285714285714 0.5300000000000002
1.0 0.25124626121635096 11.24625 7.2 0.5400000000000003
1.0 0.24626121635094717 11.24625 7.057142857142857 0.5500000000000003
1.0 0.24426719840478564 11.24625 7.0 0.5600000000000003
1.0 0.24227318045862412 11.24625 6.942857142857143 0.5700000000000003
1.0 0.23928215353938184 11.24625 6.857142857142857 0.5800000000000003
1.0 0.23728813559322035 11.24625 6.8 0.5900000000000003
1.0 0.23629112662013957 11.24625 6.771428571428571 0.6000000000000003
1.0 0.23429710867397807 11.24625 6.714285714285714 0.6100000000000003
1.0 0.22931206380857427 11.24625 6.571428571428571 0.6200000000000003
1.0 0.22831505483549352 11.24625 6.542857142857143 0.6300000000000003
1.0 0.22532402791625125 11.24625 6.457142857142857 0.6400000000000003
1.0 0.22432701894317048 11.24625 6.428571428571429 0.6500000000000004
1.0 0.2213359920239282 11.24625 6.3428571428571425 0.6600000000000004
1.0 0.21734795613160518 11.24625 6.228571428571429 0.6700000000000004
1.0 0.21734795613160518 11.24625 6.228571428571429 0.6800000000000004
1.0 0.21136590229312063 11.24625 6.057142857142857 0.6900000000000004
1.0 0.21136590229312063 11.24625 6.057142857142857 0.7000000000000004
1.0 0.2073778664007976 11.24625 5.942857142857143 0.7100000000000004
1.0 0.20139581256231306 11.24625 5.771428571428571 0.7200000000000004
1.0 0.19940179461615154 11.24625 5.714285714285714 0.7300000000000004
1.0 0.1984047856430708 11.24625 5.685714285714286 0.7400000000000004
1.0 0.18943170488534397 11.24625 5.428571428571429 0.7500000000000004
1.0 0.18544366899302095 11.24625 5.314285714285714 0.7600000000000005
1.0 0.18045862412761715 11.24625 5.171428571428572 0.7700000000000005
1.0 0.17746759720837488 11.24625 5.085714285714285 0.7800000000000005
1.0 0.17647058823529413 11.24625 5.057142857142857 0.7900000000000005
1.0 0.17248255234297108 11.24625 4.942857142857143 0.8000000000000005
1.0 0.16849451645064806 11.24625 4.828571428571428 0.8100000000000005
0.999888851839502 0.16151545363908276 11.245 4.628571428571429 0.8200000000000005
0.999888851839502 0.15553339980059822 11.245 4.457142857142857 0.8300000000000005
0.999888851839502 0.1485543369890329 11.245 4.257142857142857 0.8400000000000005
0.9997777036790041 0.14456630109670987 11.24375 4.142857142857143 0.8500000000000005
0.9997777036790041 0.13958125623130607 11.24375 4.0 0.8600000000000005
0.9997777036790041 0.1365902293120638 11.24375 3.914285714285714 0.8700000000000006
0.9995554073580082 0.13160518444666003 11.24125 3.7714285714285714 0.8800000000000006
0.9993331110370124 0.12462612163509472 11.23875 3.5714285714285716 0.8900000000000006
0.9993331110370124 0.11764705882352941 11.23875 3.3714285714285714 0.9000000000000006
0.9989996665555185 0.11365902293120637 11.235 3.257142857142857 0.9100000000000006
0.9989996665555185 0.10667996011964108 11.235 3.057142857142857 0.9200000000000006
0.9986662220740247 0.1016949152542373 11.23125 2.914285714285714 0.9300000000000006
0.9985550739135267 0.09272183449651047 11.23 2.657142857142857 0.9400000000000006
0.9984439257530288 0.0847457627118644 11.22875 2.4285714285714284 0.9500000000000006
0.9982216294320329 0.07377866400797607 11.22625 2.1142857142857143 0.9600000000000006
0.9978881849505391 0.06879361914257229 11.2225 1.9714285714285715 0.9700000000000006
0.9973324441480493 0.058823529411764705 11.21625 1.6857142857142857 0.9800000000000006
0.9935534066911192 0.03788634097706879 11.17375 1.0857142857142856 0.9900000000000007
0.0 0.0 0.0 0.0
