1.0 1.0 29.99 40.12 0.0
1.0 0.9690927218344965 29.99 38.88 0.01
1.0 0.9192422731804586 29.99 36.88 0.02
1.0 0.8853439680957128 29.99 35.52 0.03
1.0 0.8464606181455633 29.99 33.96 0.04
1.0 0.8255234297108675 29.99 33.12 0.05
1.0 0.7916251246261217 29.99 31.76 0.060000000000000005
1.0 0.7916251246261217 29.99 31.76 0.07
1.0 0.7806580259222333 29.99 31.32 0.08
1.0 0.7726819541375872 29.99 31.0 0.09
1.0 0.7627118644067796 29.99 30.6 0.09999999999999999
1.0 0.7597208374875374 29.99 30.48 0.10999999999999999
1.0 0.7557328015952144 29.99 30.32 0.11999999999999998
1.0 0.7507477567298105 29.99 30.12 0.12999999999999998
1.0 0.7457627118644068 29.99 29.92 0.13999999999999999
1.0 0.7437686939182453 29.99 29.84 0.15
1.0 0.7337986041874377 29.99 29.44 0.16
1.0 0.7248255234297108 29.99 29.08 0.17
1.0 0.7018943170488534 29.99 28.16 0.18000000000000002
1.0 0.6919242273180458 29.99 27.76 0.19000000000000003
1.0 0.6809571286141576 29.99 27.32 0.20000000000000004
1.0 0.6719840478564307 29.99 26.96 0.21000000000000005
1.0 0.6650049850448654 29.99 26.68 0.22000000000000006
1.0 0.6630109670987039 29.99 26.6 0.23000000000000007
1.0 0.6600199401794616 29.99 26.48 0.24000000000000007
1.0 0.6580259222333001 29.99 26.4 0.25000000000000006
1.0 0.6570289132602194 29.99 26.36 0.26000000000000006
1.0 0.6560319042871385 29.99 26.32 0.2700000000000001
1.0 0.6550348953140578 29.99 26.28 0.2800000000000001
1.0 0.654037886340977 29.99 26.24 0.2900000000000001
1.0 0.6530408773678963 29.99 26.2 0.3000000000000001
1.0 0.6530408773678963 29.99 26.2 0.3100000000000001
1.0 0.6530408773678963 29.99 26.2 0.3200000000000001
1.0 0.6520438683948155 29.99 26.16 0.3300000000000001
1.0 0.650049850448654 29.99 26.08 0.34000000000000014
1.0 0.6490528414755733 29.99 26.04 0.35000000000000014
1.0 0.6450648055832503 29.99 25.88 0.36000000000000015
1.0 0.6410767696909272 29.99 25.72 0.37000000000000016
1.0 0.634097706879362 29.99 25.44 0.38000000000000017
1.0 0.6281156530408774 29.99 25.2 0.3900000000000002
1.0 0.6181455633100698 29.99 24.8 0.4000000000000002
1.0 0.609172482552343 29.99 24.44 0.4100000000000002
1.0 0.6031904287138584 29.99 24.2 0.4200000000000002
1.0 0.5932203389830508 29.99 23.8 0.4300000000000002
1.0 0.5822532402791625 29.99 23.36 0.4400000000000002
1.0 0.5692921236291126 29.99 22.84 0.45000000000000023
1.0 0.5623130608175474 29.99 22.56 0.46000000000000024
1.0 0.5493519441674976 29.99 22.04 0.47000000000000025
1.0 0.5453639082751744 29.99 21.88 0.48000000000000026
1.0 0.5423728813559322 29.99 21.76 0.49000000000000027
1.0 0.5403788634097707 29.99 21.68 0.5000000000000002
1.0 0.5363908275174477 29.99 21.52 0.5100000000000002
1.0 0.5284147557328016 29.99 21.2 0.5200000000000002
1.0 0.5254237288135594 29.99 21.08 0.5300000000000002
1.0 0.5244267198404786 29.99 21.04 0.5400000000000003
1.0 0.522432701894317 29.99 20.96 0.5500000000000003
1.0 0.5204386839481555 29.99 20.88 0.5600000000000003
1.0 0.5204386839481555 29.99 20.88 0.5700000000000003
1.0 0.5194416749750748 29.99 20.84 0.5800000000000003
1.0 0.5174476570289133 29.99 20.76 0.5900000000000003
1.0 0.514456630109671 29.99 20.64 0.6000000000000003
1.0 0.5104685942173479 29.99 20.48 0.6100000000000003
1.0 0.5074775672981057 29.99 20.36 0.6200000000000003
1.0 0.5034895314057827 29.99 20.2 0.6300000000000003
1.0 0.49750747756729813 29.99 19.96 0.6400000000000003
1.0 0.4905284147557328 29.99 19.68 0.6500000000000004
1.0 0.481555333998006 29.99 19.32 0.6600000000000004
1.0 0.47258225324027914 29.99 18.96 0.6700000000000004
1.0 0.4646061814556331 29.99 18.64 0.6800000000000004
1.0 0.4436689930209372 29.99 17.8 0.6900000000000004
1.0 0.4287138584247258 29.99 17.2 0.7000000000000004
1.0 0.4187437686939183 29.99 16.8 0.7100000000000004
1.0 0.3938185443668993 29.99 15.8 0.7200000000000004
1.0 0.3659022931206381 29.99 14.68 0.7300000000000004
1.0 0.3509471585244267 29.99 14.08 0.7400000000000004
1.0 0.33599202392821537 29.99 13.48 0.7500000000000004
1.0 0.3150548354935194 29.99 12.64 0.7600000000000005
1.0 0.29910269192422734 29.99 12.0 0.7700000000000005
1.0 0.28713858424725824 29.99 11.52 0.7800000000000005
0.999888851839502 0.27916251246261214 29.986666666666668 11.2 0.7900000000000005
0.9997777036790041 0.26819541375872386 29.983333333333334 10.76 0.8000000000000005
0.9991108147160165 0.2612163509471585 29.963333333333335 10.48 0.8100000000000005
0.9983327775925308 0.2572283150548355 29.94 10.32 0.8200000000000005
0.9974435923085473 0.24825523429710866 29.913333333333334 9.96 0.8300000000000005
0.9953317772590864 0.23928215353938184 29.85 9.6 0.8400000000000005
0.992108480604646 0.2313060817547358 29.753333333333334 9.28 0.8500000000000005
0.9874402578637324 0.21834496510468593 29.613333333333333 8.76 0.8600000000000005
0.9794375903078804 0.20039880358923232 29.373333333333335 8.04 0.8700000000000006
0.9701011448260531 0.17547357926221335 29.093333333333334 7.04 0.8800000000000006
0.9576525508502834 0.15254237288135594 28.72 6.12 0.8900000000000006
0.9437590307880405 0.11166500498504486 28.303333333333335 4.48 0.9000000000000006
0.9313104368122708 0.07876370887337986 27.93 3.16 0.9100000000000006
0.9210848060464599 0.05682951146560319 27.623333333333335 2.28 0.9200000000000006
0.9115260642436368 0.040877367896311065 27.336666666666666 1.64 0.9300000000000006
0.9047460264532622 0.03290129611166501 27.133333333333333 1.32 0.9400000000000006
0.9007446926753362 0.0259222333000997 27.013333333333332 1.04 0.9500000000000006
0.8958541736134267 0.020937188434695914 26.866666666666667 0.84 0.9600000000000006
0.8895187284650439 0.019940179461615155 26.676666666666666 0.8 0.9700000000000006
0.871512726464377 0.019940179461615155 26.136666666666667 0.8 0.9800000000000006
0.8111592753139936 0.019940179461615155 24.326666666666668 0.8 0.9900000000000007
0.0 0.0 0.0 0.0
