1.0 1.0 89.97 9.118181818181819 0.0
1.0 0.9980059820538385 89.97 9.1 0.01
1.0 0.9820538384845464 89.97 8.954545454545455 0.02
1.0 0.9780658025922233 89.97 8.918181818181818 0.03
1.0 0.9690927218344965 89.97 8.836363636363636 0.04
1.0 0.9621136590229312 89.97 8.772727272727273 0.05
1.0 0.9571286141575274 89.97 8.727272727272727 0.060000000000000005
1.0 0.9571286141575274 89.97 8.727272727272727 0.07
1.0 0.9531405782652044 89.97 8.690909090909091 0.08
1.0 0.9501495513459621 89.97 8.663636363636364 0.09
1.0 0.9491525423728814 89.97 8.654545454545454 0.09999999999999999
1.0 0.9491525423728814 89.97 8.654545454545454 0.10999999999999999
1.0 0.9481555333998006 89.97 8.645454545454545 0.11999999999999998
1.0 0.9471585244267199 89.97 8.636363636363637 0.12999999999999998
1.0 0.9451645064805583 89.97 8.618181818181819 0.13999999999999999
1.0 0.9441674975074775 89.97 8.60909090909091 0.15
1.0 0.9391824526420738 89.97 8.563636363636364 0.16
1.0 0.9332003988035892 89.97 8.50909090909091 0.17
1.0 0.9252243270189432 89.97 8.436363636363636 0.18000000000000002
1.0 0.9202392821535393 89.97 8.39090909090909 0.19000000000000003
1.0 0.9152542372881356 89.97 8.345454545454546 0.20000000000000004
1.0 0.9122632103688934 89.97 8.318181818181818 0.21000000000000005
1.0 0.9082751744765702 89.97 8.281818181818181 0.22000000000000006
1.0 0.9082751744765702 89.97 8.281818181818181 0.23000000000000007
1.0 0.9072781655034895 89.97 8.272727272727273 0.24000000000000007
1.0 0.9072781655034895 89.97 8.272727272727273 0.25000000000000006
1.0 0.9062811565304087 89.97 8.263636363636364 0.26000000000000006
1.0 0.9062811565304087 89.97 8.263636363636364 0.2700000000000001
1.0 0.9062811565304087 89.97 8.263636363636364 0.2800000000000001
1.0 0.9062811565304087 89.97 8.263636363636364 0.2900000000000001
1.0 0.905284147557328 89.97 8.254545454545454 0.3000000000000001
1.0 0.905284147557328 89.97 8.254545454545454 0.3100000000000001
1.0 0.905284147557328 89.97 8.254545454545454 0.3200000000000001
1.0 0.9042871385842473 89.97 8.245454545454546 0.3300000000000001
1.0 0.9042871385842473 89.97 8.245454545454546 0.34000000000000014
1.0 0.9032901296111665 89.97 8.236363636363636 0.35000000000000014
1.0 0.9002991026919243 89.97 8.209090909090909 0.36000000000000015
1.0 0.8983050847457628 89.97 8.190909090909091 0.37000000000000016
1.0 0.8963110667996012 89.97 8.172727272727272 0.38000000000000017
1.0 0.8933200398803589 89.97 8.145454545454545 0.3900000000000002
1.0 0.8863409770687937 89.97 8.081818181818182 0.4000000000000002
1.0 0.8843469591226321 89.97 8.063636363636364 0.4100000000000002
1.0 0.8793619142572283 89.97 8.018181818181818 0.4200000000000002
1.0 0.8773678963110668 89.97 8.0 0.4300000000000002
1.0 0.8753738783649053 89.97 7.9818181818181815 0.4400000000000002
1.0 0.8703888334995015 89.97 7.9363636363636365 0.45000000000000023
1.0 0.8654037886340977 89.97 7.890909090909091 0.46000000000000024
1.0 0.8594217347956131 89.97 7.836363636363636 0.47000000000000025
1.0 0.8594217347956131 89.97 7.836363636363636 0.48000000000000026
1.0 0.8584247258225324 89.97 7.827272727272727 0.49000000000000027
1.0 0.8554336989032901 89.97 7.8 0.5000000000000002
1.0 0.8554336989032901 89.97 7.8 0.5100000000000002
1.0 0.8544366899302094 89.97 7.790909090909091 0.5200000000000002
1.0 0.8544366899302094 89.97 7.790909090909091 0.5300000000000002
1.0 0.8544366899302094 89.97 7.790909090909091 0.5400000000000003
1.0 0.8524426719840479 89.97 7.7727272727272725 0.5500000000000003
1.0 0.8514456630109671 89.97 7.763636363636364 0.5600000000000003
1.0 0.8514456630109671 89.97 7.763636363636364 0.5700000000000003
1.0 0.8514456630109671 89.97 7.763636363636364 0.5800000000000003
1.0 0.8504486540378864 89.97 7.754545454545455 0.5900000000000003
1.0 0.8494516450648056 89.97 7.745454545454545 0.6000000000000003
1.0 0.8494516450648056 89.97 7.745454545454545 0.6100000000000003
1.0 0.8494516450648056 89.97 7.745454545454545 0.6200000000000003
1.0 0.8464606181455633 89.97 7.718181818181818 0.6300000000000003
1.0 0.8444666001994018 89.97 7.7 0.6400000000000003
1.0 0.8424725822532403 89.97 7.681818181818182 0.6500000000000004
1.0 0.8354935194416749 89.97 7.618181818181818 0.6600000000000004
1.0 0.8305084745762712 89.97 7.572727272727272 0.6700000000000004
1.0 0.8235294117647058 89.97 7.509090909090909 0.6800000000000004
1.0 0.8095712861415753 89.97 7.381818181818182 0.6900000000000004
1.0 0.7996011964107677 89.97 7.290909090909091 0.7000000000000004
1.0 0.7836490528414756 89.97 7.1454545454545455 0.7100000000000004
1.0 0.7686939182452642 89.97 7.009090909090909 0.7200000000000004
1.0 0.7557328015952144 89.97 6.890909090909091 0.7300000000000004
1.0 0.7427716849451645 89.97 6.7727272727272725 0.7400000000000004
1.0 0.7278165503489531 89.97 6.636363636363637 0.7500000000000004
1.0 0.7108673978065803 89.97 6.4818181818181815 0.7600000000000005
1.0 0.7008973080757727 89.97 6.390909090909091 0.7700000000000005
1.0 0.6939182452642074 89.97 6.327272727272727 0.7800000000000005
0.9996665555185061 0.6889332003988036 89.94 6.281818181818182 0.7900000000000005
0.9989996665555185 0.6849451645064806 89.88 6.245454545454545 0.8000000000000005
0.9982216294320329 0.6839481555333998 89.81 6.236363636363636 0.8100000000000005
0.9966655551850617 0.6799601196410767 89.67 6.2 0.8200000000000005
0.991997332444148 0.6729810568295115 89.25 6.136363636363637 0.8300000000000005
0.9833277759253084 0.6610169491525424 88.47 6.027272727272727 0.8400000000000005
0.9687673669000778 0.646061814556331 87.16 5.890909090909091 0.8500000000000005
0.9480938090474602 0.6071784646061814 85.3 5.536363636363636 0.8600000000000005
0.9171946204290319 0.5603190428713859 82.52 5.109090909090909 0.8700000000000006
0.8752917639213071 0.5044865403788634 78.75 4.6 0.8800000000000006
0.8226075358452818 0.4546360917248255 74.01 4.1454545454545455 0.8900000000000006
0.7643658997443592 0.37188434695912265 68.77 3.390909090909091 0.9000000000000006
0.7081249305323997 0.2901296111665005 63.71 2.6454545454545455 0.9100000000000006
0.6546626653328887 0.226321036889332 58.9 2.0636363636363635 0.9200000000000006
0.6166499944425919 0.16051844466600199 55.48 1.4636363636363636 0.9300000000000006
0.5864176947871512 0.1296111665004985 52.76 1.1818181818181819 0.9400000000000006
0.5659664332555296 0.1106679960119641 50.92 1.009090909090909 0.9500000000000006
0.5490719128598421 0.10069790628115653 49.4 0.9181818181818182 0.9600000000000006
0.5340669111926197 0.09870388833499502 48.05 0.9 0.9700000000000006
0.4966099811048127 0.09770687936191426 44.68 0.8909090909090909 0.9800000000000006
0.40146715571857283 0.09770687936191426 36.12 0.8909090909090909 0.9900000000000007
0.0 0.0 0.0 0.0
