1.0 1.0 11.24625 33.43333333333333 0.0
1.0 0.7666999002991027 11.24625 25.633333333333333 0.01
1.0 0.6440677966101694 11.24625 21.533333333333335 0.02
1.0 0.6011964107676969 11.24625 20.1 0.03
1.0 0.5702891326021934 11.24625 19.066666666666666 0.04
1.0 0.5423728813559322 11.24625 18.133333333333333 0.05
1.0 0.5094715852442672 11.24625 17.033333333333335 0.060000000000000005
1.0 0.5094715852442672 11.24625 17.033333333333335 0.07
1.0 0.4965104685942173 11.24625 16.6 0.08
1.0 0.48554336989032904 11.24625 16.233333333333334 0.09
1.0 0.46859421734795614 11.24625 15.666666666666666 0.09999999999999999
1.0 0.4546360917248255 11.24625 15.2 0.10999999999999999
1.0 0.4426719840478564 11.24625 14.8 0.11999999999999998
1.0 0.43668993020937186 11.24625 14.6 0.12999999999999998
1.0 0.4287138584247258 11.24625 14.333333333333334 0.13999999999999999
1.0 0.419740777666999 11.24625 14.033333333333333 0.15
1.0 0.4127617148554337 11.24625 13.8 0.16
1.0 0.40279162512462613 11.24625 13.466666666666667 0.17
1.0 0.3848454636091725 11.24625 12.866666666666667 0.18000000000000002
1.0 0.37188434695912265 11.24625 12.433333333333334 0.19000000000000003
1.0 0.36490528414755735 11.24625 12.2 0.20000000000000004
1.0 0.35992023928215355 11.24625 12.033333333333333 0.21000000000000005
1.0 0.35493519441674976 11.24625 11.866666666666667 0.22000000000000006
1.0 0.3459621136590229 11.24625 11.566666666666666 0.23000000000000007
1.0 0.33300099700897307 11.24625 11.133333333333333 0.24000000000000007
1.0 0.32602193419740777 11.24625 10.9 0.25000000000000006
1.0 0.3190428713858425 11.24625 10.666666666666666 0.26000000000000006
1.0 0.3160518444666002 11.24625 10.566666666666666 0.2700000000000001
1.0 0.3070787637088734 11.24625 10.266666666666667 0.2800000000000001
1.0 0.30309072781655033 11.24625 10.133333333333333 0.2900000000000001
1.0 0.29611166500498504 11.24625 9.9 0.3000000000000001
1.0 0.2931206380857428 11.24625 9.8 0.3100000000000001
1.0 0.292123629112662 11.24625 9.766666666666667 0.3200000000000001
1.0 0.288135593220339 11.24625 9.633333333333333 0.3300000000000001
1.0 0.2851445663010967 11.24625 9.533333333333333 0.34000000000000014
1.0 0.2811565304087737 11.24625 9.4 0.35000000000000014
1.0 0.2781655034895314 11.24625 9.3 0.36000000000000015
1.0 0.2731804586241276 11.24625 9.133333333333333 0.37000000000000016
1.0 0.27018943170488535 11.24625 9.033333333333333 0.38000000000000017
1.0 0.26520438683948155 11.24625 8.866666666666667 0.3900000000000002
1.0 0.2572283150548355 11.24625 8.6 0.4000000000000002
1.0 0.2542372881355932 11.24625 8.5 0.4100000000000002
1.0 0.25124626121635096 11.24625 8.4 0.4200000000000002
1.0 0.24426719840478564 11.24625 8.166666666666666 0.4300000000000002
1.0 0.23928215353938184 11.24625 8.0 0.4400000000000002
1.0 0.23728813559322035 11.24625 7.933333333333334 0.45000000000000023
1.0 0.23429710867397807 11.24625 7.833333333333333 0.46000000000000024
1.0 0.23230309072781655 11.24625 7.766666666666667 0.47000000000000025
1.0 0.2313060817547358 11.24625 7.733333333333333 0.48000000000000026
1.0 0.22731804586241275 11.24625 7.6 0.49000000000000027
1.0 0.22532402791625125 11.24625 7.533333333333333 0.5000000000000002
1.0 0.21535393818544366 11.24625 7.2 0.5100000000000002
1.0 0.20837487537387836 11.24625 6.966666666666667 0.5200000000000002
1.0 0.20438683948155534 11.24625 6.833333333333333 0.5300000000000002
1.0 0.19641076769690927 11.24625 6.566666666666666 0.5400000000000003
1.0 0.193419740777667 11.24625 6.466666666666667 0.5500000000000003
1.0 0.193419740777667 11.24625 6.466666666666667 0.5600000000000003
1.0 0.1864406779661017 11.24625 6.233333333333333 0.5700000000000003
1.0 0.1794616151545364 11.24625 6.0 0.5800000000000003
1.0 0.17746759720837488 11.24625 5.933333333333334 0.5900000000000003
1.0 0.1744765702891326 11.24625 5.833333333333333 0.6000000000000003
1.0 0.17148554336989033 11.24625 5.733333333333333 0.6100000000000003
1.0 0.1694915254237288 11.24625 5.666666666666667 0.6200000000000003
1.0 0.16849451645064806 11.24625 5.633333333333334 0.6300000000000003
1.0 0.1674975074775673 11.24625 5.6 0.6400000000000003
1.0 0.16450648055832504 11.24625 5.5 0.6500000000000004
1.0 0.16350947158524426 11.24625 5.466666666666667 0.6600000000000004
1.0 0.16151545363908276 11.24625 5.4 0.6700000000000004
1.0 0.15653040877367896 11.24625 5.233333333333333 0.6800000000000004
1.0 0.15254237288135594 11.24625 5.1 0.6900000000000004
1.0 0.15254237288135594 11.24625 5.1 0.7000000000000004
1.0 0.14955134596211367 11.24625 5.0 0.7100000000000004
1.0 0.1415752741774676 11.24625 4.733333333333333 0.7200000000000004
1.0 0.1415752741774676 11.24625 4.733333333333333 0.7300000000000004
1.0 0.13858424725822532 11.24625 4.633333333333334 0.7400000000000004
1.0 0.13758723828514458 11.24625 4.6 0.7500000000000004
1.0 0.13260219341974078 11.24625 4.433333333333334 0.7600000000000005
1.0 0.12861415752741776 11.24625 4.3 0.7700000000000005
1.0 0.12362911266201396 11.24625 4.133333333333334 0.7800000000000005
1.0 0.11964107676969092 11.24625 4.0 0.7900000000000005
1.0 0.11365902293120637 11.24625 3.8 0.8000000000000005
1.0 0.10568295114656032 11.24625 3.533333333333333 0.8100000000000005
0.999888851839502 0.1016949152542373 11.245 3.4 0.8200000000000005
0.9997777036790041 0.0967098703888335 11.24375 3.2333333333333334 0.8300000000000005
0.9997777036790041 0.09072781655034895 11.24375 3.033333333333333 0.8400000000000005
0.9997777036790041 0.08574277168494517 11.24375 2.8666666666666667 0.8500000000000005
0.9995554073580082 0.0847457627118644 11.24125 2.8333333333333335 0.8600000000000005
0.9992219628765144 0.08275174476570289 11.2375 2.7666666666666666 0.8700000000000006
0.9987773702345226 0.08075772681954138 11.2325 2.7 0.8800000000000006
0.9984439257530288 0.08075772681954138 11.22875 2.7 0.8900000000000006
0.998110481271535 0.07577268195413758 11.225 2.533333333333333 0.9000000000000006
0.9976658886295432 0.07477567298105683 11.22 2.5 0.9100000000000006
0.9973324441480493 0.06679960119641076 11.21625 2.2333333333333334 0.9200000000000006
0.9969989996665555 0.05583250249252243 11.2125 1.8666666666666667 0.9300000000000006
0.9965544070245638 0.05084745762711865 11.2075 1.7 0.9400000000000006
0.9962209625430699 0.045862412761714856 11.20375 1.5333333333333334 0.9500000000000006
0.995998666222074 0.04187437686939183 11.20125 1.4 0.9600000000000006
0.9955540735800823 0.03489531405782652 11.19625 1.1666666666666667 0.9700000000000006
0.994109147493609 0.028913260219341975 11.18 0.9666666666666667 0.9800000000000006
0.9882182949872179 0.019940179461615155 11.11375 0.6666666666666666 0.9900000000000007
0.0 0.0 0.0 0.0
