1.0 1.0 44.985 5.9 0.0
1.0 0.9920239282153539 44.985 5.852941176470588 0.01
1.0 0.9690927218344965 44.985 5.7176470588235295 0.02
1.0 0.9521435692921236 44.985 5.617647058823529 0.03
1.0 0.9391824526420738 44.985 5.541176470588235 0.04
1.0 0.9252243270189432 44.985 5.458823529411765 0.05
1.0 0.9112662013958126 44.985 5.376470588235295 0.060000000000000005
1.0 0.9112662013958126 44.985 5.376470588235295 0.07
1.0 0.9082751744765702 44.985 5.358823529411764 0.08
1.0 0.901296111665005 44.985 5.317647058823529 0.09
1.0 0.8943170488534397 44.985 5.276470588235294 0.09999999999999999
1.0 0.8883349950149552 44.985 5.241176470588235 0.10999999999999999
1.0 0.8833499501495513 44.985 5.211764705882353 0.11999999999999998
1.0 0.8793619142572283 44.985 5.188235294117647 0.12999999999999998
1.0 0.8773678963110668 44.985 5.176470588235294 0.13999999999999999
1.0 0.872382851445663 44.985 5.147058823529412 0.15
1.0 0.8693918245264207 44.985 5.129411764705883 0.16
1.0 0.8614157527417746 44.985 5.08235294117647 0.17
1.0 0.8484546360917248 44.985 5.0058823529411764 0.18000000000000002
1.0 0.847457627118644 44.985 5.0 0.19000000000000003
1.0 0.8424725822532403 44.985 4.970588235294118 0.20000000000000004
1.0 0.8364905284147557 44.985 4.935294117647059 0.21000000000000005
1.0 0.8235294117647058 44.985 4.858823529411764 0.22000000000000006
1.0 0.8195413758723828 44.985 4.8352941176470585 0.23000000000000007
1.0 0.8155533399800599 44.985 4.811764705882353 0.24000000000000007
1.0 0.8115653040877367 44.985 4.788235294117647 0.25000000000000006
1.0 0.8085742771684945 44.985 4.770588235294118 0.26000000000000006
1.0 0.8085742771684945 44.985 4.770588235294118 0.2700000000000001
1.0 0.806580259222333 44.985 4.758823529411765 0.2800000000000001
1.0 0.806580259222333 44.985 4.758823529411765 0.2900000000000001
1.0 0.8055832502492523 44.985 4.752941176470588 0.3000000000000001
1.0 0.8045862412761715 44.985 4.747058823529412 0.3100000000000001
1.0 0.8035892323030908 44.985 4.741176470588235 0.3200000000000001
1.0 0.8035892323030908 44.985 4.741176470588235 0.3300000000000001
1.0 0.8005982053838484 44.985 4.723529411764706 0.34000000000000014
1.0 0.7976071784646062 44.985 4.705882352941177 0.35000000000000014
1.0 0.7936191425722832 44.985 4.682352941176471 0.36000000000000015
1.0 0.7896311066799602 44.985 4.658823529411765 0.37000000000000016
1.0 0.7786640079760718 44.985 4.594117647058823 0.38000000000000017
1.0 0.7686939182452642 44.985 4.535294117647059 0.3900000000000002
1.0 0.7617148554336989 44.985 4.4941176470588236 0.4000000000000002
1.0 0.7427716849451645 44.985 4.382352941176471 0.4100000000000002
1.0 0.7337986041874377 44.985 4.329411764705882 0.4200000000000002
1.0 0.7248255234297108 44.985 4.276470588235294 0.4300000000000002
1.0 0.715852442671984 44.985 4.223529411764706 0.4400000000000002
1.0 0.7048853439680958 44.985 4.158823529411765 0.45000000000000023
1.0 0.6969092721834497 44.985 4.1117647058823525 0.46000000000000024
1.0 0.6869391824526421 44.985 4.052941176470588 0.47000000000000025
1.0 0.6809571286141576 44.985 4.017647058823529 0.48000000000000026
1.0 0.6719840478564307 44.985 3.9647058823529413 0.49000000000000027
1.0 0.6699900299102692 44.985 3.9529411764705884 0.5000000000000002
1.0 0.6650049850448654 44.985 3.9235294117647057 0.5100000000000002
1.0 0.6600199401794616 44.985 3.8941176470588235 0.5200000000000002
1.0 0.654037886340977 44.985 3.8588235294117648 0.5300000000000002
1.0 0.650049850448654 44.985 3.835294117647059 0.5400000000000003
1.0 0.6470588235294118 44.985 3.8176470588235296 0.5500000000000003
1.0 0.6440677966101694 44.985 3.8 0.5600000000000003
1.0 0.6400797607178464 44.985 3.776470588235294 0.5700000000000003
1.0 0.638085742771685 44.985 3.764705882352941 0.5800000000000003
1.0 0.6360917248255235 44.985 3.7529411764705882 0.5900000000000003
1.0 0.6350947158524427 44.985 3.7470588235294118 0.6000000000000003
1.0 0.6331006979062812 44.985 3.735294117647059 0.6100000000000003
1.0 0.6321036889332003 44.985 3.7294117647058824 0.6200000000000003
1.0 0.6271186440677966 44.985 3.7 0.6300000000000003
1.0 0.6191425722831505 44.985 3.652941176470588 0.6400000000000003
1.0 0.613160518444666 44.985 3.6176470588235294 0.6500000000000004
1.0 0.6041874376869392 44.985 3.5647058823529414 0.6600000000000004
1.0 0.5972083748753739 44.985 3.523529411764706 0.6700000000000004
1.0 0.5772681954137587 44.985 3.4058823529411764 0.6800000000000004
1.0 0.5643070787637089 44.985 3.3294117647058825 0.6900000000000004
1.0 0.543369890329013 44.985 3.2058823529411766 0.7000000000000004
1.0 0.5234297108673978 44.985 3.088235294117647 0.7100000000000004
1.0 0.5014955134596212 44.985 2.958823529411765 0.7200000000000004
1.0 0.4865403788634098 44.985 2.8705882352941177 0.7300000000000004
1.0 0.46161515453639085 44.985 2.723529411764706 0.7400000000000004
1.0 0.4287138584247258 44.985 2.5294117647058822 0.7500000000000004
1.0 0.4057826520438684 44.985 2.3941176470588235 0.7600000000000005
1.0 0.38584247258225324 44.985 2.276470588235294 0.7700000000000005
0.999888851839502 0.3678963110667996 44.98 2.1705882352941175 0.7800000000000005
0.999888851839502 0.353938185443669 44.98 2.088235294117647 0.7900000000000005
0.9996665555185061 0.3419740777666999 44.97 2.0176470588235293 0.8000000000000005
0.9993331110370124 0.33300099700897307 44.955 1.964705882352941 0.8100000000000005
0.9983327775925308 0.3270189431704885 44.91 1.9294117647058824 0.8200000000000005
0.9972212959875514 0.3180458624127617 44.86 1.8764705882352941 0.8300000000000005
0.9954429254195843 0.3090727816550349 44.78 1.8235294117647058 0.8400000000000005
0.99188618428365 0.29810568295114653 44.62 1.7588235294117647 0.8500000000000005
0.986217628098255 0.2781655034895314 44.365 1.6411764705882352 0.8600000000000005
0.978214960542403 0.2612163509471585 44.005 1.5411764705882354 0.8700000000000006
0.9667667000111149 0.24027916251246262 43.49 1.4176470588235295 0.8800000000000006
0.9498721796154274 0.22233300099700898 42.73 1.311764705882353 0.8900000000000006
0.9340891408247194 0.19042871385842472 42.02 1.1235294117647059 0.9000000000000006
0.9170834722685339 0.15653040877367896 41.255 0.9235294117647059 0.9100000000000006
0.903078804045793 0.1296111665004985 40.625 0.7647058823529411 0.9200000000000006
0.8905190619095253 0.10867397806580259 40.06 0.6411764705882353 0.9300000000000006
0.8809603201067022 0.10069790628115653 39.63 0.5941176470588235 0.9400000000000006
0.8727353562298544 0.09471585244267199 39.26 0.5588235294117647 0.9500000000000006
0.8630654662665332 0.09471585244267199 38.825 0.5588235294117647 0.9600000000000006
0.8518395020562409 0.09471585244267199 38.32 0.5588235294117647 0.9700000000000006
0.8244970545737468 0.09471585244267199 37.09 0.5588235294117647 0.9800000000000006
0.7382460820273424 0.09471585244267199 33.21 0.5588235294117647 0.9900000000000007
0.0 0.0 0.0 0.0
