1.0 1.0 29.99 28.65714285714286 0.0
1.0 0.9471585244267199 29.99 27.142857142857142 0.01
1.0 0.8574277168494516 29.99 24.571428571428573 0.02
1.0 0.8325024925224327 29.99 23.857142857142858 0.03
1.0 0.7976071784646062 29.99 22.857142857142858 0.04
1.0 0.7776669990029911 29.99 22.285714285714285 0.05
1.0 0.7477567298105683 29.99 21.428571428571427 0.060000000000000005
1.0 0.7477567298105683 29.99 21.428571428571427 0.07
1.0 0.7407776669990029 29.99 21.228571428571428 0.08
1.0 0.7218344965104686 29.99 20.685714285714287 0.09
1.0 0.7128614157527418 29.99 20.428571428571427 0.09999999999999999
1.0 0.7058823529411765 29.99 20.228571428571428 0.10999999999999999
1.0 0.6979062811565304 29.99 20.0 0.11999999999999998
1.0 0.6899302093718843 29.99 19.771428571428572 0.12999999999999998
1.0 0.6849451645064806 29.99 19.62857142857143 0.13999999999999999
1.0 0.6819541375872383 29.99 19.542857142857144 0.15
1.0 0.6729810568295115 29.99 19.285714285714285 0.16
1.0 0.6620139581256231 29.99 18.97142857142857 0.17
1.0 0.6420737786640079 29.99 18.4 0.18000000000000002
1.0 0.6370887337986042 29.99 18.257142857142856 0.19000000000000003
1.0 0.6251246261216351 29.99 17.914285714285715 0.20000000000000004
1.0 0.6181455633100698 29.99 17.714285714285715 0.21000000000000005
1.0 0.6081754735792622 29.99 17.428571428571427 0.22000000000000006
1.0 0.6011964107676969 29.99 17.228571428571428 0.23000000000000007
1.0 0.5962113659022931 29.99 17.085714285714285 0.24000000000000007
1.0 0.5952143569292123 29.99 17.057142857142857 0.25000000000000006
1.0 0.5942173479561316 29.99 17.02857142857143 0.26000000000000006
1.0 0.5922233300099701 29.99 16.97142857142857 0.2700000000000001
1.0 0.5882352941176471 29.99 16.857142857142858 0.2800000000000001
1.0 0.5882352941176471 29.99 16.857142857142858 0.2900000000000001
1.0 0.5882352941176471 29.99 16.857142857142858 0.3000000000000001
1.0 0.5872382851445663 29.99 16.82857142857143 0.3100000000000001
1.0 0.5862412761714856 29.99 16.8 0.3200000000000001
1.0 0.5852442671984048 29.99 16.771428571428572 0.3300000000000001
1.0 0.5792622133599202 29.99 16.6 0.34000000000000014
1.0 0.5772681954137587 29.99 16.542857142857144 0.35000000000000014
1.0 0.576271186440678 29.99 16.514285714285716 0.36000000000000015
1.0 0.5732801595214357 29.99 16.428571428571427 0.37000000000000016
1.0 0.5682951146560319 29.99 16.285714285714285 0.38000000000000017
1.0 0.559322033898305 29.99 16.02857142857143 0.3900000000000002
1.0 0.5533399800598205 29.99 15.857142857142858 0.4000000000000002
1.0 0.5363908275174477 29.99 15.371428571428572 0.4100000000000002
1.0 0.5284147557328016 29.99 15.142857142857142 0.4200000000000002
1.0 0.5234297108673978 29.99 15.0 0.4300000000000002
1.0 0.5134596211365903 29.99 14.714285714285714 0.4400000000000002
1.0 0.5034895314057827 29.99 14.428571428571429 0.45000000000000023
1.0 0.4965104685942173 29.99 14.228571428571428 0.46000000000000024
1.0 0.4915254237288136 29.99 14.085714285714285 0.47000000000000025
1.0 0.48454636091724823 29.99 13.885714285714286 0.48000000000000026
1.0 0.4745762711864407 29.99 13.6 0.49000000000000027
1.0 0.47258225324027914 29.99 13.542857142857143 0.5000000000000002
1.0 0.4695912263210369 29.99 13.457142857142857 0.5100000000000002
1.0 0.46859421734795614 29.99 13.428571428571429 0.5200000000000002
1.0 0.4626121635094716 29.99 13.257142857142858 0.5300000000000002
1.0 0.45862412761714855 29.99 13.142857142857142 0.5400000000000003
1.0 0.452642073778664 29.99 12.971428571428572 0.5500000000000003
1.0 0.452642073778664 29.99 12.971428571428572 0.5600000000000003
1.0 0.452642073778664 29.99 12.971428571428572 0.5700000000000003
1.0 0.45164506480558325 29.99 12.942857142857143 0.5800000000000003
1.0 0.44965104685942175 29.99 12.885714285714286 0.5900000000000003
1.0 0.44865403788634095 29.99 12.857142857142858 0.6000000000000003
1.0 0.4476570289132602 29.99 12.82857142857143 0.6100000000000003
1.0 0.44666001994017945 29.99 12.8 0.6200000000000003
1.0 0.44167497507477566 29.99 12.657142857142857 0.6300000000000003
1.0 0.4356929212362911 29.99 12.485714285714286 0.6400000000000003
1.0 0.43270189431704886 29.99 12.4 0.6500000000000004
1.0 0.4247258225324028 29.99 12.17142857142857 0.6600000000000004
1.0 0.4167497507477567 29.99 11.942857142857143 0.6700000000000004
1.0 0.4057826520438684 29.99 11.628571428571428 0.6800000000000004
1.0 0.3918245264207378 29.99 11.228571428571428 0.6900000000000004
1.0 0.3798604187437687 29.99 10.885714285714286 0.7000000000000004
1.0 0.3609172482552343 29.99 10.342857142857143 0.7100000000000004
1.0 0.3389830508474576 29.99 9.714285714285714 0.7200000000000004
1.0 0.3230309072781655 29.99 9.257142857142858 0.7300000000000004
1.0 0.3100697906281156 29.99 8.885714285714286 0.7400000000000004
1.0 0.28713858424725824 29.99 8.228571428571428 0.7500000000000004
1.0 0.27716849451645065 29.99 7.942857142857143 0.7600000000000005
1.0 0.2622133599202393 29.99 7.514285714285714 0.7700000000000005
1.0 0.2452642073778664 29.99 7.0285714285714285 0.7800000000000005
1.0 0.23728813559322035 29.99 6.8 0.7900000000000005
0.9997777036790041 0.23230309072781655 29.983333333333334 6.6571428571428575 0.8000000000000005
0.9993331110370124 0.226321036889332 29.97 6.485714285714286 0.8100000000000005
0.9989996665555185 0.22233300099700898 29.96 6.371428571428571 0.8200000000000005
0.998110481271535 0.21834496510468593 29.933333333333334 6.257142857142857 0.8300000000000005
0.9972212959875514 0.21136590229312063 29.906666666666666 6.057142857142857 0.8400000000000005
0.9939979993331111 0.20438683948155534 29.81 5.857142857142857 0.8500000000000005
0.9913304434811604 0.19441674975074777 29.73 5.571428571428571 0.8600000000000005
0.9852172946537735 0.17746759720837488 29.546666666666667 5.085714285714285 0.8700000000000006
0.9772146270979215 0.1535393818544367 29.30666666666667 4.4 0.8800000000000006
0.9676558852950984 0.13060817547357925 29.02 3.742857142857143 0.8900000000000006
0.9579859953317773 0.10269192422731804 28.73 2.942857142857143 0.9000000000000006
0.9475380682449706 0.08574277168494517 28.416666666666668 2.4571428571428573 0.9100000000000006
0.9377570301211515 0.05682951146560319 28.123333333333335 1.6285714285714286 0.9200000000000006
0.9317550294542626 0.03988035892323031 27.94333333333333 1.1428571428571428 0.9300000000000006
0.9259753251083694 0.03290129611166501 27.77 0.9428571428571428 0.9400000000000006
0.9219739913304434 0.0259222333000997 27.65 0.7428571428571429 0.9500000000000006
0.9177503612315216 0.02193419740777667 27.523333333333333 0.6285714285714286 0.9600000000000006
0.910970323441147 0.020937188434695914 27.32 0.6 0.9700000000000006
0.8908525063910192 0.020937188434695914 26.716666666666665 0.6 0.9800000000000006
0.835945315105035 0.019940179461615155 25.07 0.5714285714285714 0.9900000000000007
0.0 0.0 0.0 0.0
