1.0 1.0 29.99 50.15 0.0
1.0 0.9661016949152542 29.99 48.45 0.01
1.0 0.9232303090727817 29.99 46.3 0.02
1.0 0.901296111665005 29.99 45.2 0.03
1.0 0.8953140578265204 29.99 44.9 0.04
1.0 0.8833499501495513 29.99 44.3 0.05
1.0 0.8604187437686939 29.99 43.15 0.060000000000000005
1.0 0.8604187437686939 29.99 43.15 0.07
1.0 0.8574277168494516 29.99 43.0 0.08
1.0 0.8504486540378864 29.99 42.65 0.09
1.0 0.8424725822532403 29.99 42.25 0.09999999999999999
1.0 0.8354935194416749 29.99 41.9 0.10999999999999999
1.0 0.8325024925224327 29.99 41.75 0.11999999999999998
1.0 0.8245264207377866 29.99 41.35 0.12999999999999998
1.0 0.8185443668993021 29.99 41.05 0.13999999999999999
1.0 0.8135593220338984 29.99 40.8 0.15
1.0 0.8095712861415753 29.99 40.6 0.16
1.0 0.80259222333001 29.99 40.25 0.17
1.0 0.7886340977068793 29.99 39.55 0.18000000000000002
1.0 0.7806580259222333 29.99 39.15 0.19000000000000003
1.0 0.769690927218345 29.99 38.6 0.20000000000000004
1.0 0.7597208374875374 29.99 38.1 0.21000000000000005
1.0 0.7537387836490529 29.99 37.8 0.22000000000000006
1.0 0.7517447657028913 29.99 37.7 0.23000000000000007
1.0 0.7427716849451645 29.99 37.25 0.24000000000000007
1.0 0.7377866400797607 29.99 37.0 0.25000000000000006
1.0 0.732801595214357 29.99 36.75 0.26000000000000006
1.0 0.7308075772681955 29.99 36.65 0.2700000000000001
1.0 0.7288135593220338 29.99 36.55 0.2800000000000001
1.0 0.7268195413758723 29.99 36.45 0.2900000000000001
1.0 0.7258225324027916 29.99 36.4 0.3000000000000001
1.0 0.7238285144566301 29.99 36.3 0.3100000000000001
1.0 0.7228315054835494 29.99 36.25 0.3200000000000001
1.0 0.7218344965104686 29.99 36.2 0.3300000000000001
1.0 0.7198404785643071 29.99 36.1 0.34000000000000014
1.0 0.7188434695912264 29.99 36.05 0.35000000000000014
1.0 0.7138584247258225 29.99 35.8 0.36000000000000015
1.0 0.7088733798604188 29.99 35.55 0.37000000000000016
1.0 0.6989032901296112 29.99 35.05 0.38000000000000017
1.0 0.6969092721834497 29.99 34.95 0.3900000000000002
1.0 0.6909272183449651 29.99 34.65 0.4000000000000002
1.0 0.6869391824526421 29.99 34.45 0.4100000000000002
1.0 0.678963110667996 29.99 34.05 0.4200000000000002
1.0 0.6660019940179461 29.99 33.4 0.4300000000000002
1.0 0.6570289132602194 29.99 32.95 0.4400000000000002
1.0 0.6490528414755733 29.99 32.55 0.45000000000000023
1.0 0.6450648055832503 29.99 32.35 0.46000000000000024
1.0 0.6400797607178464 29.99 32.1 0.47000000000000025
1.0 0.6331006979062812 29.99 31.75 0.48000000000000026
1.0 0.6301096709870389 29.99 31.6 0.49000000000000027
1.0 0.6231306081754736 29.99 31.25 0.5000000000000002
1.0 0.6181455633100698 29.99 31.0 0.5100000000000002
1.0 0.6161515453639083 29.99 30.9 0.5200000000000002
1.0 0.6071784646061814 29.99 30.45 0.5300000000000002
1.0 0.6041874376869392 29.99 30.3 0.5400000000000003
1.0 0.6011964107676969 29.99 30.15 0.5500000000000003
1.0 0.5982053838484547 29.99 30.0 0.5600000000000003
1.0 0.5962113659022931 29.99 29.9 0.5700000000000003
1.0 0.5922233300099701 29.99 29.7 0.5800000000000003
1.0 0.5882352941176471 29.99 29.5 0.5900000000000003
1.0 0.5832502492522432 29.99 29.25 0.6000000000000003
1.0 0.5792622133599202 29.99 29.05 0.6100000000000003
1.0 0.5752741774675972 29.99 28.85 0.6200000000000003
1.0 0.5672981056829511 29.99 28.45 0.6300000000000003
1.0 0.5633100697906281 29.99 28.25 0.6400000000000003
1.0 0.559322033898305 29.99 28.05 0.6500000000000004
1.0 0.551345962113659 29.99 27.65 0.6600000000000004
1.0 0.5453639082751744 29.99 27.35 0.6700000000000004
1.0 0.5343968095712861 29.99 26.8 0.6800000000000004
1.0 0.5294117647058824 29.99 26.55 0.6900000000000004
1.0 0.5204386839481555 29.99 26.1 0.7000000000000004
1.0 0.5064805583250249 29.99 25.4 0.7100000000000004
1.0 0.48953140578265203 29.99 24.55 0.7200000000000004
1.0 0.4745762711864407 29.99 23.8 0.7300000000000004
1.0 0.4546360917248255 29.99 22.8 0.7400000000000004
1.0 0.4386839481555334 29.99 22.0 0.7500000000000004
1.0 0.4287138584247258 29.99 21.5 0.7600000000000005
1.0 0.42073778664007977 29.99 21.1 0.7700000000000005
1.0 0.4107676969092722 29.99 20.6 0.7800000000000005
1.0 0.3988035892323031 29.99 20.0 0.7900000000000005
0.9996665555185061 0.3918245264207378 29.98 19.65 0.8000000000000005
0.9993331110370124 0.38584247258225324 29.97 19.35 0.8100000000000005
0.9991108147160165 0.38085742771684944 29.963333333333335 19.1 0.8200000000000005
0.9985550739135267 0.36889332003988035 29.946666666666665 18.5 0.8300000000000005
0.9972212959875514 0.36689930209371885 29.906666666666666 18.4 0.8400000000000005
0.9953317772590864 0.3609172482552343 29.85 18.1 0.8500000000000005
0.99188618428365 0.34496510468594216 29.746666666666666 17.3 0.8600000000000005
0.986106479937757 0.32801595214356927 29.573333333333334 16.45 0.8700000000000006
0.9771034789374236 0.3150548354935194 29.303333333333335 15.8 0.8800000000000006
0.9685450705790819 0.29910269192422734 29.046666666666667 15.0 0.8900000000000006
0.9583194398132711 0.28015952143569295 28.74 14.05 0.9000000000000006
0.9476492164054685 0.25324027916251246 28.42 12.7 0.9100000000000006
0.9385350672446371 0.23629112662013957 28.14666666666667 11.85 0.9200000000000006
0.9313104368122708 0.22033898305084745 27.93 11.05 0.9300000000000006
0.92486384350339 0.2023928215353938 27.736666666666668 10.15 0.9400000000000006
0.9186395465155052 0.18943170488534397 27.55 9.5 0.9500000000000006
0.9114149160831388 0.1744765702891326 27.333333333333332 8.75 0.9600000000000006
0.9007446926753362 0.14955134596211367 27.013333333333332 7.5 0.9700000000000006
0.8796265421807269 0.12362911266201396 26.38 6.2 0.9800000000000006
0.8172724241413805 0.08175473579262213 24.51 4.1 0.9900000000000007
0.0 0.0 0.0 0.0
