1.0 1.0 11.24625 66.86666666666666 0.0
1.0 0.7587238285144566 11.24625 50.733333333333334 0.01
1.0 0.6360917248255235 11.24625 42.53333333333333 0.02
1.0 0.5653040877367896 11.24625 37.8 0.03
1.0 0.5284147557328016 11.24625 35.333333333333336 0.04
1.0 0.5024925224327019 11.24625 33.6 0.05
1.0 0.4576271186440678 11.24625 30.6 0.060000000000000005
1.0 0.4576271186440678 11.24625 30.6 0.07
1.0 0.4406779661016949 11.24625 29.466666666666665 0.08
1.0 0.423728813559322 11.24625 28.333333333333332 0.09
1.0 0.4077766699900299 11.24625 27.266666666666666 0.09999999999999999
1.0 0.3948155533399801 11.24625 26.4 0.10999999999999999
1.0 0.382851445663011 11.24625 25.6 0.11999999999999998
1.0 0.37587238285144564 11.24625 25.133333333333333 0.12999999999999998
1.0 0.36689930209371885 11.24625 24.533333333333335 0.13999999999999999
1.0 0.35692921236291125 11.24625 23.866666666666667 0.15
1.0 0.34297108673978066 11.24625 22.933333333333334 0.16
1.0 0.33300099700897307 11.24625 22.266666666666666 0.17
1.0 0.3160518444666002 11.24625 21.133333333333333 0.18000000000000002
1.0 0.3050847457627119 11.24625 20.4 0.19000000000000003
1.0 0.29910269192422734 11.24625 20.0 0.20000000000000004
1.0 0.29411764705882354 11.24625 19.666666666666668 0.21000000000000005
1.0 0.2901296111665005 11.24625 19.4 0.22000000000000006
1.0 0.28215353938185445 11.24625 18.866666666666667 0.23000000000000007
1.0 0.27517447657028915 11.24625 18.4 0.24000000000000007
1.0 0.2731804586241276 11.24625 18.266666666666666 0.25000000000000006
1.0 0.2711864406779661 11.24625 18.133333333333333 0.26000000000000006
1.0 0.2662013958125623 11.24625 17.8 0.2700000000000001
1.0 0.2622133599202393 11.24625 17.533333333333335 0.2800000000000001
1.0 0.2612163509471585 11.24625 17.466666666666665 0.2900000000000001
1.0 0.25523429710867396 11.24625 17.066666666666666 0.3000000000000001
1.0 0.2542372881355932 11.24625 17.0 0.3100000000000001
1.0 0.25124626121635096 11.24625 16.8 0.3200000000000001
1.0 0.25124626121635096 11.24625 16.8 0.3300000000000001
1.0 0.24825523429710866 11.24625 16.6 0.34000000000000014
1.0 0.2452642073778664 11.24625 16.4 0.35000000000000014
1.0 0.24127617148554337 11.24625 16.133333333333333 0.36000000000000015
1.0 0.23728813559322035 11.24625 15.866666666666667 0.37000000000000016
1.0 0.2333000997008973 11.24625 15.6 0.38000000000000017
1.0 0.2333000997008973 11.24625 15.6 0.3900000000000002
1.0 0.22731804586241275 11.24625 15.2 0.4000000000000002
1.0 0.2213359920239282 11.24625 14.8 0.4100000000000002
1.0 0.21834496510468593 11.24625 14.6 0.4200000000000002
1.0 0.21136590229312063 11.24625 14.133333333333333 0.4300000000000002
1.0 0.2073778664007976 11.24625 13.866666666666667 0.4400000000000002
1.0 0.1984047856430708 11.24625 13.266666666666667 0.45000000000000023
1.0 0.193419740777667 11.24625 12.933333333333334 0.46000000000000024
1.0 0.18743768693918245 11.24625 12.533333333333333 0.47000000000000025
1.0 0.18245264207377868 11.24625 12.2 0.48000000000000026
1.0 0.17846460618145563 11.24625 11.933333333333334 0.49000000000000027
1.0 0.17547357926221335 11.24625 11.733333333333333 0.5000000000000002
1.0 0.17148554336989033 11.24625 11.466666666666667 0.5100000000000002
1.0 0.1694915254237288 11.24625 11.333333333333334 0.5200000000000002
1.0 0.16450648055832504 11.24625 11.0 0.5300000000000002
1.0 0.16450648055832504 11.24625 11.0 0.5400000000000003
1.0 0.16151545363908276 11.24625 10.8 0.5500000000000003
1.0 0.16051844466600199 11.24625 10.733333333333333 0.5600000000000003
1.0 0.15653040877367896 11.24625 10.466666666666667 0.5700000000000003
1.0 0.1535393818544367 11.24625 10.266666666666667 0.5800000000000003
1.0 0.1485543369890329 11.24625 9.933333333333334 0.5900000000000003
1.0 0.14755732801595214 11.24625 9.866666666666667 0.6000000000000003
1.0 0.14556331006979062 11.24625 9.733333333333333 0.6100000000000003
1.0 0.14356929212362912 11.24625 9.6 0.6200000000000003
1.0 0.14356929212362912 11.24625 9.6 0.6300000000000003
1.0 0.14257228315054835 11.24625 9.533333333333333 0.6400000000000003
1.0 0.14257228315054835 11.24625 9.533333333333333 0.6500000000000004
1.0 0.1415752741774676 11.24625 9.466666666666667 0.6600000000000004
1.0 0.13758723828514458 11.24625 9.2 0.6700000000000004
1.0 0.13758723828514458 11.24625 9.2 0.6800000000000004
1.0 0.1345962113659023 11.24625 9.0 0.6900000000000004
1.0 0.12861415752741776 11.24625 8.6 0.7000000000000004
1.0 0.12462612163509472 11.24625 8.333333333333334 0.7100000000000004
1.0 0.11665004985044865 11.24625 7.8 0.7200000000000004
1.0 0.11166500498504486 11.24625 7.466666666666667 0.7300000000000004
1.0 0.10468594217347957 11.24625 7.0 0.7400000000000004
1.0 0.09870388833499502 11.24625 6.6 0.7500000000000004
1.0 0.09571286141575275 11.24625 6.4 0.7600000000000005
1.0 0.08873379860418744 11.24625 5.933333333333334 0.7700000000000005
1.0 0.08773678963110668 11.24625 5.866666666666666 0.7800000000000005
1.0 0.08574277168494517 11.24625 5.733333333333333 0.7900000000000005
1.0 0.08075772681954138 11.24625 5.4 0.8000000000000005
1.0 0.07876370887337986 11.24625 5.266666666666667 0.8100000000000005
1.0 0.07776669990029911 11.24625 5.2 0.8200000000000005
1.0 0.07278165503489531 11.24625 4.866666666666666 0.8300000000000005
1.0 0.06979062811565304 11.24625 4.666666666666667 0.8400000000000005
0.999888851839502 0.06779661016949153 11.245 4.533333333333333 0.8500000000000005
0.9996665555185061 0.06580259222333001 11.2425 4.4 0.8600000000000005
0.9992219628765144 0.06480558325024925 11.2375 4.333333333333333 0.8700000000000006
0.9986662220740247 0.06281156530408774 11.23125 4.2 0.8800000000000006
0.9983327775925308 0.05982053838484546 11.2275 4.0 0.8900000000000006
0.9982216294320329 0.05284147557328016 11.22625 3.533333333333333 0.9000000000000006
0.9978881849505391 0.04885343968095713 11.2225 3.2666666666666666 0.9100000000000006
0.9973324441480493 0.04187437686939183 11.21625 2.8 0.9200000000000006
0.9971101478270534 0.03589232303090728 11.21375 2.4 0.9300000000000006
0.9965544070245638 0.027916251246261216 11.2075 1.8666666666666667 0.9400000000000006
0.995887518061576 0.024925224327018942 11.2 1.6666666666666667 0.9500000000000006
0.9956652217405801 0.019940179461615155 11.1975 1.3333333333333333 0.9600000000000006
0.9946648882960987 0.01694915254237288 11.18625 1.1333333333333333 0.9700000000000006
0.9927753695676337 0.011964107676969093 11.165 0.8 0.9800000000000006
0.9882182949872179 0.007976071784646061 11.11375 0.5333333333333333 0.9900000000000007
0.0 0.0 0.0 0.0
