1.0 1.0 29.99 20.06 0.0
1.0 0.963110667996012 29.99 19.32 0.01
1.0 0.9182452642073778 29.99 18.42 0.02
1.0 0.8943170488534397 29.99 17.94 0.03
1.0 0.8634097706879362 29.99 17.32 0.04
1.0 0.8464606181455633 29.99 16.98 0.05
1.0 0.810568295114656 29.99 16.26 0.060000000000000005
1.0 0.810568295114656 29.99 16.26 0.07
1.0 0.7996011964107677 29.99 16.04 0.08
1.0 0.7906281156530409 29.99 15.86 0.09
1.0 0.7786640079760718 29.99 15.62 0.09999999999999999
1.0 0.769690927218345 29.99 15.44 0.10999999999999999
1.0 0.7617148554336989 29.99 15.28 0.11999999999999998
1.0 0.7547357926221336 29.99 15.14 0.12999999999999998
1.0 0.7507477567298105 29.99 15.06 0.13999999999999999
1.0 0.7457627118644068 29.99 14.96 0.15
1.0 0.7347956131605184 29.99 14.74 0.16
1.0 0.7228315054835494 29.99 14.5 0.17
1.0 0.6949152542372882 29.99 13.94 0.18000000000000002
1.0 0.6849451645064806 29.99 13.74 0.19000000000000003
1.0 0.6699900299102692 29.99 13.44 0.20000000000000004
1.0 0.6610169491525424 29.99 13.26 0.21000000000000005
1.0 0.6550348953140578 29.99 13.14 0.22000000000000006
1.0 0.6470588235294118 29.99 12.98 0.23000000000000007
1.0 0.6390827517447657 29.99 12.82 0.24000000000000007
1.0 0.6311066799601196 29.99 12.66 0.25000000000000006
1.0 0.6311066799601196 29.99 12.66 0.26000000000000006
1.0 0.6271186440677966 29.99 12.58 0.2700000000000001
1.0 0.6251246261216351 29.99 12.54 0.2800000000000001
1.0 0.6221335992023929 29.99 12.48 0.2900000000000001
1.0 0.6221335992023929 29.99 12.48 0.3000000000000001
1.0 0.6201395812562313 29.99 12.44 0.3100000000000001
1.0 0.6181455633100698 29.99 12.4 0.3200000000000001
1.0 0.613160518444666 29.99 12.3 0.3300000000000001
1.0 0.6101694915254238 29.99 12.24 0.34000000000000014
1.0 0.609172482552343 29.99 12.22 0.35000000000000014
1.0 0.6021934197407777 29.99 12.08 0.36000000000000015
1.0 0.5932203389830508 29.99 11.9 0.37000000000000016
1.0 0.5872382851445663 29.99 11.78 0.38000000000000017
1.0 0.5812562313060817 29.99 11.66 0.3900000000000002
1.0 0.5752741774675972 29.99 11.54 0.4000000000000002
1.0 0.5633100697906281 29.99 11.3 0.4100000000000002
1.0 0.5463609172482552 29.99 10.96 0.4200000000000002
1.0 0.5333998005982054 29.99 10.7 0.4300000000000002
1.0 0.5204386839481555 29.99 10.44 0.4400000000000002
1.0 0.5044865403788634 29.99 10.12 0.45000000000000023
1.0 0.4945164506480558 29.99 9.92 0.46000000000000024
1.0 0.48554336989032904 29.99 9.74 0.47000000000000025
1.0 0.4795613160518445 29.99 9.62 0.48000000000000026
1.0 0.47058823529411764 29.99 9.44 0.49000000000000027
1.0 0.46360917248255235 29.99 9.3 0.5000000000000002
1.0 0.4626121635094716 29.99 9.28 0.5100000000000002
1.0 0.45862412761714855 29.99 9.2 0.5200000000000002
1.0 0.45363908275174475 29.99 9.1 0.5300000000000002
1.0 0.4476570289132602 29.99 8.98 0.5400000000000003
1.0 0.44466600199401796 29.99 8.92 0.5500000000000003
1.0 0.4436689930209372 29.99 8.9 0.5600000000000003
1.0 0.4426719840478564 29.99 8.88 0.5700000000000003
1.0 0.43968095712861416 29.99 8.82 0.5800000000000003
1.0 0.43668993020937186 29.99 8.76 0.5900000000000003
1.0 0.4336989032901296 29.99 8.7 0.6000000000000003
1.0 0.4307078763708873 29.99 8.64 0.6100000000000003
1.0 0.42771684945164506 29.99 8.58 0.6200000000000003
1.0 0.423728813559322 29.99 8.5 0.6300000000000003
1.0 0.42273180458624127 29.99 8.48 0.6400000000000003
1.0 0.419740777666999 29.99 8.42 0.6500000000000004
1.0 0.4087736789631107 29.99 8.2 0.6600000000000004
1.0 0.40079760717846463 29.99 8.04 0.6700000000000004
1.0 0.38783649052841473 29.99 7.78 0.6800000000000004
1.0 0.3748753738783649 29.99 7.52 0.6900000000000004
1.0 0.35992023928215355 29.99 7.22 0.7000000000000004
1.0 0.3469591226321037 29.99 6.96 0.7100000000000004
1.0 0.3240279162512463 29.99 6.5 0.7200000000000004
1.0 0.31106679960119643 29.99 6.24 0.7300000000000004
1.0 0.29112662013958124 29.99 5.84 0.7400000000000004
1.0 0.2761714855433699 29.99 5.54 0.7500000000000004
1.0 0.26719840478564305 29.99 5.36 0.7600000000000005
1.0 0.25822532402791626 29.99 5.18 0.7700000000000005
1.0 0.25124626121635096 29.99 5.04 0.7800000000000005
1.0 0.24626121635094717 29.99 4.94 0.7900000000000005
0.999888851839502 0.24027916251246262 29.986666666666668 4.82 0.8000000000000005
0.9994442591975102 0.23429710867397807 29.973333333333333 4.7 0.8100000000000005
0.9988885183950206 0.23030907278165502 29.956666666666667 4.62 0.8200000000000005
0.9985550739135267 0.22831505483549352 29.946666666666665 4.58 0.8300000000000005
0.9969989996665555 0.22532402791625125 29.9 4.52 0.8400000000000005
0.9956652217405801 0.2213359920239282 29.86 4.44 0.8500000000000005
0.9923307769256419 0.20837487537387836 29.76 4.18 0.8600000000000005
0.9869956652217405 0.19940179461615154 29.6 4.0 0.8700000000000006
0.9825497388018228 0.18245264207377868 29.466666666666665 3.66 0.8800000000000006
0.9755474046904524 0.15952143569292124 29.256666666666668 3.2 0.8900000000000006
0.9675447371346004 0.1365902293120638 29.016666666666666 2.74 0.9000000000000006
0.9593197732577526 0.11365902293120637 28.77 2.28 0.9100000000000006
0.9507613648994109 0.09371884346959122 28.513333333333332 1.88 0.9200000000000006
0.9447593642325219 0.07676969092721835 28.333333333333332 1.54 0.9300000000000006
0.9392019562076248 0.06580259222333001 28.166666666666668 1.32 0.9400000000000006
0.9342002889852173 0.053838484546360914 28.016666666666666 1.08 0.9500000000000006
0.9298655107257975 0.049850448654037885 27.886666666666667 1.0 0.9600000000000006
0.9228631766144271 0.049850448654037885 27.676666666666666 1.0 0.9700000000000006
0.9045237301322663 0.049850448654037885 27.126666666666665 1.0 0.9800000000000006
0.8530621318217183 0.04885343968095713 25.583333333333332 0.98 0.9900000000000007
0.0 0.0 0.0 0.0
