1.0 1.0 89.97 20.06 0.0
1.0 0.9970089730807578 89.97 20.0 0.01
1.0 0.9930209371884346 89.97 19.92 0.02
1.0 0.9880358923230309 89.97 19.82 0.03
1.0 0.9870388833499502 89.97 19.8 0.04
1.0 0.9870388833499502 89.97 19.8 0.05
1.0 0.9810568295114656 89.97 19.68 0.060000000000000005
1.0 0.9810568295114656 89.97 19.68 0.07
1.0 0.9780658025922233 89.97 19.62 0.08
1.0 0.9730807577268196 89.97 19.52 0.09
1.0 0.9720837487537388 89.97 19.5 0.09999999999999999
1.0 0.9680957128614157 89.97 19.42 0.10999999999999999
1.0 0.967098703888335 89.97 19.4 0.11999999999999998
1.0 0.967098703888335 89.97 19.4 0.12999999999999998
1.0 0.9661016949152542 89.97 19.38 0.13999999999999999
1.0 0.9641076769690927 89.97 19.34 0.15
1.0 0.9611166500498505 89.97 19.28 0.16
1.0 0.9601196410767697 89.97 19.26 0.17
1.0 0.9531405782652044 89.97 19.12 0.18000000000000002
1.0 0.9511465603190429 89.97 19.08 0.19000000000000003
1.0 0.9461615154536391 89.97 18.98 0.20000000000000004
1.0 0.9431704885343968 89.97 18.92 0.21000000000000005
1.0 0.9401794616151545 89.97 18.86 0.22000000000000006
1.0 0.938185443668993 89.97 18.82 0.23000000000000007
1.0 0.9371884346959123 89.97 18.8 0.24000000000000007
1.0 0.9371884346959123 89.97 18.8 0.25000000000000006
1.0 0.9361914257228315 89.97 18.78 0.26000000000000006
1.0 0.9361914257228315 89.97 18.78 0.2700000000000001
1.0 0.9361914257228315 89.97 18.78 0.2800000000000001
1.0 0.9361914257228315 89.97 18.78 0.2900000000000001
1.0 0.9361914257228315 89.97 18.78 0.3000000000000001
1.0 0.9361914257228315 89.97 18.78 0.3100000000000001
1.0 0.9361914257228315 89.97 18.78 0.3200000000000001
1.0 0.9361914257228315 89.97 18.78 0.3300000000000001
1.0 0.93419740777667 89.97 18.74 0.34000000000000014
1.0 0.9322033898305084 89.97 18.7 0.35000000000000014
1.0 0.9302093718843469 89.97 18.66 0.36000000000000015
1.0 0.9302093718843469 89.97 18.66 0.37000000000000016
1.0 0.9262213359920239 89.97 18.58 0.38000000000000017
1.0 0.9262213359920239 89.97 18.58 0.3900000000000002
1.0 0.9212362911266201 89.97 18.48 0.4000000000000002
1.0 0.9202392821535393 89.97 18.46 0.4100000000000002
1.0 0.9172482552342971 89.97 18.4 0.4200000000000002
1.0 0.9152542372881356 89.97 18.36 0.4300000000000002
1.0 0.9142572283150548 89.97 18.34 0.4400000000000002
1.0 0.9112662013958126 89.97 18.28 0.45000000000000023
1.0 0.9072781655034895 89.97 18.2 0.46000000000000024
1.0 0.9022931206380858 89.97 18.1 0.47000000000000025
1.0 0.8993020937188435 89.97 18.04 0.48000000000000026
1.0 0.8983050847457628 89.97 18.02 0.49000000000000027
1.0 0.8953140578265204 89.97 17.96 0.5000000000000002
1.0 0.8953140578265204 89.97 17.96 0.5100000000000002
1.0 0.8953140578265204 89.97 17.96 0.5200000000000002
1.0 0.8953140578265204 89.97 17.96 0.5300000000000002
1.0 0.8953140578265204 89.97 17.96 0.5400000000000003
1.0 0.8943170488534397 89.97 17.94 0.5500000000000003
1.0 0.8943170488534397 89.97 17.94 0.5600000000000003
1.0 0.8943170488534397 89.97 17.94 0.5700000000000003
1.0 0.8943170488534397 89.97 17.94 0.5800000000000003
1.0 0.8943170488534397 89.97 17.94 0.5900000000000003
1.0 0.8933200398803589 89.97 17.92 0.6000000000000003
1.0 0.8903290129611167 89.97 17.86 0.6100000000000003
1.0 0.8903290129611167 89.97 17.86 0.6200000000000003
1.0 0.8853439680957128 89.97 17.76 0.6300000000000003
1.0 0.8813559322033898 89.97 17.68 0.6400000000000003
1.0 0.8783649052841476 89.97 17.62 0.6500000000000004
1.0 0.86839481555334 89.97 17.42 0.6600000000000004
1.0 0.8604187437686939 89.97 17.26 0.6700000000000004
1.0 0.8504486540378864 89.97 17.06 0.6800000000000004
1.0 0.8325024925224327 89.97 16.7 0.6900000000000004
1.0 0.8175473579262214 89.97 16.4 0.7000000000000004
1.0 0.80259222333001 89.97 16.1 0.7100000000000004
1.0 0.7806580259222333 89.97 15.66 0.7200000000000004
1.0 0.7627118644067796 89.97 15.3 0.7300000000000004
1.0 0.7387836490528414 89.97 14.82 0.7400000000000004
1.0 0.7198404785643071 89.97 14.44 0.7500000000000004
1.0 0.6959122632103689 89.97 13.96 0.7600000000000005
1.0 0.6769690927218345 89.97 13.58 0.7700000000000005
0.999888851839502 0.6630109670987039 89.96 13.3 0.7800000000000005
0.9995554073580082 0.6530408773678963 89.93 13.1 0.7900000000000005
0.9989996665555185 0.6440677966101694 89.88 12.92 0.8000000000000005
0.9973324441480493 0.6331006979062812 89.73 12.7 0.8100000000000005
0.9948871846170946 0.6281156530408774 89.51 12.6 0.8200000000000005
0.9896632210736912 0.6141575274177468 89.04 12.32 0.8300000000000005
0.9806602200733577 0.6021934197407777 88.23 12.08 0.8400000000000005
0.9653217739246416 0.5902293120638086 86.85 11.84 0.8500000000000005
0.942869845504057 0.5473579262213359 84.83 10.98 0.8600000000000005
0.9071912859842169 0.5094715852442672 81.62 10.22 0.8700000000000006
0.8610647993775703 0.4646061814556331 77.47 9.32 0.8800000000000006
0.8049349783261087 0.4107676969092722 72.42 8.24 0.8900000000000006
0.7396910081138157 0.3300099700897308 66.55 6.62 0.9000000000000006
0.6746693342225186 0.25124626121635096 60.7 5.04 0.9100000000000006
0.6197621429365344 0.193419740777667 55.76 3.88 0.9200000000000006
0.5785261753917973 0.13260219341974078 52.05 2.66 0.9300000000000006
0.543514504834945 0.10468594217347957 48.9 2.1 0.9400000000000006
0.5211737245748583 0.08773678963110668 46.89 1.76 0.9500000000000006
0.5045015005001667 0.07876370887337986 45.39 1.58 0.9600000000000006
0.4858286095365122 0.07676969092721835 43.71 1.54 0.9700000000000006
0.4498166055351784 0.07676969092721835 40.47 1.54 0.9800000000000006
0.3558964099144159 0.07676969092721835 32.02 1.54 0.9900000000000007
0.0 0.0 0.0 0.0
