1.0 1.0 29.99 100.3 0.0
1.0 0.9730807577268196 29.99 97.6 0.01
1.0 0.9112662013958126 29.99 91.4 0.02
1.0 0.8913260219341974 29.99 89.4 0.03
1.0 0.8743768693918246 29.99 87.7 0.04
1.0 0.8554336989032901 29.99 85.8 0.05
1.0 0.8245264207377866 29.99 82.7 0.060000000000000005
1.0 0.8245264207377866 29.99 82.7 0.07
1.0 0.810568295114656 29.99 81.3 0.08
1.0 0.7946161515453639 29.99 79.7 0.09
1.0 0.7836490528414756 29.99 78.6 0.09999999999999999
1.0 0.7806580259222333 29.99 78.3 0.10999999999999999
1.0 0.7756729810568295 29.99 77.8 0.11999999999999998
1.0 0.7676969092721835 29.99 77.0 0.12999999999999998
1.0 0.7637088733798604 29.99 76.6 0.13999999999999999
1.0 0.7577268195413759 29.99 76.0 0.15
1.0 0.7507477567298105 29.99 75.3 0.16
1.0 0.7457627118644068 29.99 74.8 0.17
1.0 0.7268195413758723 29.99 72.9 0.18000000000000002
1.0 0.7188434695912264 29.99 72.1 0.19000000000000003
1.0 0.7068793619142573 29.99 70.9 0.20000000000000004
1.0 0.6909272183449651 29.99 69.3 0.21000000000000005
1.0 0.6819541375872383 29.99 68.4 0.22000000000000006
1.0 0.6729810568295115 29.99 67.5 0.23000000000000007
1.0 0.6719840478564307 29.99 67.4 0.24000000000000007
1.0 0.6669990029910269 29.99 66.9 0.25000000000000006
1.0 0.6640079760717846 29.99 66.6 0.26000000000000006
1.0 0.6610169491525424 29.99 66.3 0.2700000000000001
1.0 0.6580259222333001 29.99 66.0 0.2800000000000001
1.0 0.6550348953140578 29.99 65.7 0.2900000000000001
1.0 0.654037886340977 29.99 65.6 0.3000000000000001
1.0 0.650049850448654 29.99 65.2 0.3100000000000001
1.0 0.6470588235294118 29.99 64.9 0.3200000000000001
1.0 0.6450648055832503 29.99 64.7 0.3300000000000001
1.0 0.6430707876370887 29.99 64.5 0.34000000000000014
1.0 0.6410767696909272 29.99 64.3 0.35000000000000014
1.0 0.6360917248255235 29.99 63.8 0.36000000000000015
1.0 0.6281156530408774 29.99 63.0 0.37000000000000016
1.0 0.6231306081754736 29.99 62.5 0.38000000000000017
1.0 0.6161515453639083 29.99 61.8 0.3900000000000002
1.0 0.6081754735792622 29.99 61.0 0.4000000000000002
1.0 0.5932203389830508 29.99 59.5 0.4100000000000002
1.0 0.5862412761714856 29.99 58.8 0.4200000000000002
1.0 0.5792622133599202 29.99 58.1 0.4300000000000002
1.0 0.5692921236291126 29.99 57.1 0.4400000000000002
1.0 0.5623130608175474 29.99 56.4 0.45000000000000023
1.0 0.555333998005982 29.99 55.7 0.46000000000000024
1.0 0.5483549351944168 29.99 55.0 0.47000000000000025
1.0 0.5423728813559322 29.99 54.4 0.48000000000000026
1.0 0.5403788634097707 29.99 54.2 0.49000000000000027
1.0 0.5324027916251246 29.99 53.4 0.5000000000000002
1.0 0.5264207377866401 29.99 52.8 0.5100000000000002
1.0 0.5244267198404786 29.99 52.6 0.5200000000000002
1.0 0.5194416749750748 29.99 52.1 0.5300000000000002
1.0 0.5164506480558325 29.99 51.8 0.5400000000000003
1.0 0.514456630109671 29.99 51.6 0.5500000000000003
1.0 0.5134596211365903 29.99 51.5 0.5600000000000003
1.0 0.5134596211365903 29.99 51.5 0.5700000000000003
1.0 0.5124626121635095 29.99 51.4 0.5800000000000003
1.0 0.5104685942173479 29.99 51.2 0.5900000000000003
1.0 0.5104685942173479 29.99 51.2 0.6000000000000003
1.0 0.5084745762711864 29.99 51.0 0.6100000000000003
1.0 0.5054835493519442 29.99 50.7 0.6200000000000003
1.0 0.5014955134596212 29.99 50.3 0.6300000000000003
1.0 0.4965104685942173 29.99 49.8 0.6400000000000003
1.0 0.4935194416749751 29.99 49.5 0.6500000000000004
1.0 0.481555333998006 29.99 48.3 0.6600000000000004
1.0 0.47258225324027914 29.99 47.4 0.6700000000000004
1.0 0.4556331006979063 29.99 45.7 0.6800000000000004
1.0 0.4426719840478564 29.99 44.4 0.6900000000000004
1.0 0.4287138584247258 29.99 43.0 0.7000000000000004
1.0 0.4127617148554337 29.99 41.4 0.7100000000000004
1.0 0.3778664007976072 29.99 37.9 0.7200000000000004
1.0 0.3559322033898305 29.99 35.7 0.7300000000000004
1.0 0.3349950149551346 29.99 33.6 0.7400000000000004
1.0 0.30807577268195413 29.99 30.9 0.7500000000000004
1.0 0.2931206380857428 29.99 29.4 0.7600000000000005
1.0 0.27018943170488535 29.99 27.1 0.7700000000000005
1.0 0.2542372881355932 29.99 25.5 0.7800000000000005
1.0 0.24426719840478564 29.99 24.5 0.7900000000000005
0.999888851839502 0.2382851445663011 29.986666666666668 23.9 0.8000000000000005
0.9996665555185061 0.23529411764705882 29.98 23.6 0.8100000000000005
0.9985550739135267 0.2333000997008973 29.946666666666665 23.4 0.8200000000000005
0.9975547404690452 0.226321036889332 29.916666666666668 22.7 0.8300000000000005
0.9957763699010781 0.22333000997008973 29.863333333333333 22.4 0.8400000000000005
0.9916638879626543 0.21535393818544366 29.74 21.6 0.8500000000000005
0.9877737023452262 0.19940179461615154 29.623333333333335 20.0 0.8600000000000005
0.9783261087029009 0.18245264207377868 29.34 18.3 0.8700000000000006
0.966433255529621 0.16350947158524426 28.983333333333334 16.4 0.8800000000000006
0.9503167722574192 0.14257228315054835 28.5 14.3 0.8900000000000006
0.9325330665777481 0.11365902293120637 27.966666666666665 11.4 0.9000000000000006
0.9171946204290319 0.08374875373878365 27.506666666666668 8.4 0.9100000000000006
0.9027453595642992 0.049850448654037885 27.073333333333334 5.0 0.9200000000000006
0.8910748027120151 0.028913260219341975 26.723333333333333 2.9 0.9300000000000006
0.8817383572301878 0.010967098703888335 26.44333333333333 1.1 0.9400000000000006
0.8761809492052907 0.003988035892323031 26.276666666666667 0.4 0.9500000000000006
0.8699566522174058 9.970089730807576E-4 26.09 0.1 0.9600000000000006
0.8620651328220518 9.970089730807576E-4 25.85333333333333 0.1 0.9700000000000006
0.8396132044014671 0.0 25.18 0.0 0.9800000000000006
0.7641436034233633 0.0 22.916666666666668 0.0 0.9900000000000007
0.0 0.0 0.0 0.0
