1.0 1.0 22.4925 200.6 0.0
1.0 0.9272183449651047 22.4925 186.0 0.01
1.0 0.8544366899302094 22.4925 171.4 0.02
1.0 0.8225324027916251 22.4925 165.0 0.03
1.0 0.8045862412761715 22.4925 161.4 0.04
1.0 0.7866400797607178 22.4925 157.8 0.05
1.0 0.7577268195413759 22.4925 152.0 0.060000000000000005
1.0 0.7577268195413759 22.4925 152.0 0.07
1.0 0.744765702891326 22.4925 149.4 0.08
1.0 0.7357926221335992 22.4925 147.6 0.09
1.0 0.732801595214357 22.4925 147.0 0.09999999999999999
1.0 0.7258225324027916 22.4925 145.6 0.10999999999999999
1.0 0.7208374875373879 22.4925 144.6 0.11999999999999998
1.0 0.7178464606181456 22.4925 144.0 0.12999999999999998
1.0 0.7108673978065803 22.4925 142.6 0.13999999999999999
1.0 0.6989032901296112 22.4925 140.2 0.15
1.0 0.6889332003988036 22.4925 138.2 0.16
1.0 0.6769690927218345 22.4925 135.8 0.17
1.0 0.6620139581256231 22.4925 132.8 0.18000000000000002
1.0 0.6490528414755733 22.4925 130.2 0.19000000000000003
1.0 0.6400797607178464 22.4925 128.4 0.20000000000000004
1.0 0.6331006979062812 22.4925 127.0 0.21000000000000005
1.0 0.6311066799601196 22.4925 126.6 0.22000000000000006
1.0 0.6231306081754736 22.4925 125.0 0.23000000000000007
1.0 0.6161515453639083 22.4925 123.6 0.24000000000000007
1.0 0.6121635094715853 22.4925 122.8 0.25000000000000006
1.0 0.6061814556331007 22.4925 121.6 0.26000000000000006
1.0 0.6031904287138584 22.4925 121.0 0.2700000000000001
1.0 0.6011964107676969 22.4925 120.6 0.2800000000000001
1.0 0.6001994017946162 22.4925 120.4 0.2900000000000001
1.0 0.5962113659022931 22.4925 119.6 0.3000000000000001
1.0 0.5952143569292123 22.4925 119.4 0.3100000000000001
1.0 0.5912263210368893 22.4925 118.6 0.3200000000000001
1.0 0.5882352941176471 22.4925 118.0 0.3300000000000001
1.0 0.5822532402791625 22.4925 116.8 0.34000000000000014
1.0 0.5782652043868395 22.4925 116.0 0.35000000000000014
1.0 0.5732801595214357 22.4925 115.0 0.36000000000000015
1.0 0.5702891326021934 22.4925 114.4 0.37000000000000016
1.0 0.559322033898305 22.4925 112.2 0.38000000000000017
1.0 0.5533399800598205 22.4925 111.0 0.3900000000000002
1.0 0.5483549351944168 22.4925 110.0 0.4000000000000002
1.0 0.53938185443669 22.4925 108.2 0.4100000000000002
1.0 0.5343968095712861 22.4925 107.2 0.4200000000000002
1.0 0.5194416749750748 22.4925 104.2 0.4300000000000002
1.0 0.5124626121635095 22.4925 102.8 0.4400000000000002
1.0 0.5054835493519442 22.4925 101.4 0.45000000000000023
1.0 0.4945164506480558 22.4925 99.2 0.46000000000000024
1.0 0.4865403788634098 22.4925 97.6 0.47000000000000025
1.0 0.481555333998006 22.4925 96.6 0.48000000000000026
1.0 0.47756729810568294 22.4925 95.8 0.49000000000000027
1.0 0.4715852442671984 22.4925 94.6 0.5000000000000002
1.0 0.4695912263210369 22.4925 94.2 0.5100000000000002
1.0 0.4675972083748754 22.4925 93.8 0.5200000000000002
1.0 0.46560319042871384 22.4925 93.4 0.5300000000000002
1.0 0.4626121635094716 22.4925 92.8 0.5400000000000003
1.0 0.4596211365902293 22.4925 92.2 0.5500000000000003
1.0 0.45862412761714855 22.4925 92.0 0.5600000000000003
1.0 0.45862412761714855 22.4925 92.0 0.5700000000000003
1.0 0.45663010967098705 22.4925 91.6 0.5800000000000003
1.0 0.45363908275174475 22.4925 91.0 0.5900000000000003
1.0 0.45164506480558325 22.4925 90.6 0.6000000000000003
1.0 0.44865403788634095 22.4925 90.0 0.6100000000000003
1.0 0.44666001994017945 22.4925 89.6 0.6200000000000003
1.0 0.4436689930209372 22.4925 89.0 0.6300000000000003
1.0 0.4406779661016949 22.4925 88.4 0.6400000000000003
1.0 0.43768693918245266 22.4925 87.8 0.6500000000000004
1.0 0.4267198404785643 22.4925 85.6 0.6600000000000004
1.0 0.4147557328015952 22.4925 83.2 0.6700000000000004
1.0 0.40279162512462613 22.4925 80.8 0.6800000000000004
1.0 0.39082751744765704 22.4925 78.4 0.6900000000000004
1.0 0.37387836490528414 22.4925 75.0 0.7000000000000004
1.0 0.3589232303090728 22.4925 72.0 0.7100000000000004
1.0 0.3349950149551346 22.4925 67.2 0.7200000000000004
1.0 0.3150548354935194 22.4925 63.2 0.7300000000000004
1.0 0.2971086739780658 22.4925 59.6 0.7400000000000004
1.0 0.2851445663010967 22.4925 57.2 0.7500000000000004
1.0 0.27018943170488535 22.4925 54.2 0.7600000000000005
1.0 0.2642073778664008 22.4925 53.0 0.7700000000000005
1.0 0.25822532402791626 22.4925 51.8 0.7800000000000005
0.999888851839502 0.2502492522432702 22.49 50.2 0.7900000000000005
0.999888851839502 0.24426719840478564 22.49 49.0 0.8000000000000005
0.999888851839502 0.23728813559322035 22.49 47.6 0.8100000000000005
0.9993331110370124 0.23728813559322035 22.4775 47.6 0.8200000000000005
0.9986662220740247 0.2333000997008973 22.4625 46.8 0.8300000000000005
0.9975547404690452 0.23030907278165502 22.4375 46.2 0.8400000000000005
0.9952206290985884 0.22033898305084745 22.385 44.2 0.8500000000000005
0.9924419250861398 0.21136590229312063 22.3225 42.4 0.8600000000000005
0.9894409247526953 0.20039880358923232 22.255 40.2 0.8700000000000006
0.9835500722463043 0.1814556331006979 22.1225 36.4 0.8800000000000006
0.9796598866288763 0.16849451645064806 22.035 33.8 0.8900000000000006
0.97243525619651 0.14755732801595214 21.8725 29.6 0.9000000000000006
0.9660998110481271 0.13260219341974078 21.73 26.6 0.9100000000000006
0.9603201067022341 0.11665004985044865 21.6 23.4 0.9200000000000006
0.9547626986773369 0.10069790628115653 21.475 20.2 0.9300000000000006
0.9504279204179171 0.09471585244267199 21.3775 19.0 0.9400000000000006
0.946648882960987 0.08873379860418744 21.2925 17.8 0.9500000000000006
0.9422029565410692 0.07976071784646062 21.1925 16.0 0.9600000000000006
0.9343114371457152 0.07976071784646062 21.015 16.0 0.9700000000000006
0.9197510281204846 0.07976071784646062 20.6875 16.0 0.9800000000000006
0.8686228742914305 0.07976071784646062 19.5375 16.0 0.9900000000000007
0.0 0.0 0.0 0.0
