0.0 0.7976071784646062 0.0 20.0 0.0
0.0 0.7966101694915254 0.0 19.975 0.01
0.0 0.7856430707876371 0.0 19.7 0.02
0.0 0.7796610169491526 0.0 19.55 0.03
0.0 0.7756729810568295 0.0 19.45 0.04
0.0 0.7726819541375872 0.0 19.375 0.05
0.0 0.7686939182452642 0.0 19.275 0.060000000000000005
0.0 0.7686939182452642 0.0 19.275 0.07
0.0 0.7676969092721835 0.0 19.25 0.08
0.0 0.7647058823529411 0.0 19.175 0.09
0.0 0.7627118644067796 0.0 19.125 0.09999999999999999
0.0 0.7607178464606181 0.0 19.075 0.10999999999999999
0.0 0.7587238285144566 0.0 19.025 0.11999999999999998
0.0 0.7577268195413759 0.0 19.0 0.12999999999999998
0.0 0.7577268195413759 0.0 19.0 0.13999999999999999
0.0 0.7577268195413759 0.0 19.0 0.15
0.0 0.7577268195413759 0.0 19.0 0.16
0.0 0.7567298105682951 0.0 18.975 0.17
0.0 0.7567298105682951 0.0 18.975 0.18000000000000002
0.0 0.7557328015952144 0.0 18.95 0.19000000000000003
0.0 0.7557328015952144 0.0 18.95 0.20000000000000004
0.0 0.7537387836490529 0.0 18.9 0.21000000000000005
0.0 0.752741774675972 0.0 18.875 0.22000000000000006
0.0 0.752741774675972 0.0 18.875 0.23000000000000007
0.0 0.7507477567298105 0.0 18.825 0.24000000000000007
0.0 0.748753738783649 0.0 18.775 0.25000000000000006
0.0 0.7477567298105683 0.0 18.75 0.26000000000000006
0.0 0.7457627118644068 0.0 18.7 0.2700000000000001
0.0 0.744765702891326 0.0 18.675 0.2800000000000001
0.0 0.744765702891326 0.0 18.675 0.2900000000000001
0.0 0.7427716849451645 0.0 18.625 0.3000000000000001
0.0 0.7417746759720838 0.0 18.6 0.3100000000000001
0.0 0.7407776669990029 0.0 18.575 0.3200000000000001
0.0 0.7387836490528414 0.0 18.525 0.3300000000000001
0.0 0.7387836490528414 0.0 18.525 0.34000000000000014
0.0 0.7357926221335992 0.0 18.45 0.35000000000000014
0.0 0.7357926221335992 0.0 18.45 0.36000000000000015
0.0 0.7357926221335992 0.0 18.45 0.37000000000000016
0.0 0.7337986041874377 0.0 18.4 0.38000000000000017
0.0 0.7318045862412762 0.0 18.35 0.3900000000000002
0.0 0.7318045862412762 0.0 18.35 0.4000000000000002
0.0 0.7308075772681955 0.0 18.325 0.4100000000000002
0.0 0.7298105682951147 0.0 18.3 0.4200000000000002
0.0 0.7268195413758723 0.0 18.225 0.4300000000000002
0.0 0.7268195413758723 0.0 18.225 0.4400000000000002
0.0 0.7258225324027916 0.0 18.2 0.45000000000000023
0.0 0.7248255234297108 0.0 18.175 0.46000000000000024
0.0 0.7238285144566301 0.0 18.15 0.47000000000000025
0.0 0.7228315054835494 0.0 18.125 0.48000000000000026
0.0 0.7228315054835494 0.0 18.125 0.49000000000000027
0.0 0.7208374875373879 0.0 18.075 0.5000000000000002
0.0 0.7198404785643071 0.0 18.05 0.5100000000000002
0.0 0.7168494516450648 0.0 17.975 0.5200000000000002
0.0 0.715852442671984 0.0 17.95 0.5300000000000002
0.0 0.7088733798604188 0.0 17.775 0.5400000000000003
0.0 0.707876370887338 0.0 17.75 0.5500000000000003
0.0 0.7048853439680958 0.0 17.675 0.5600000000000003
0.0 0.7048853439680958 0.0 17.675 0.5700000000000003
0.0 0.7048853439680958 0.0 17.675 0.5800000000000003
0.0 0.7008973080757727 0.0 17.575 0.5900000000000003
0.0 0.7008973080757727 0.0 17.575 0.6000000000000003
0.0 0.6989032901296112 0.0 17.525 0.6100000000000003
0.0 0.6969092721834497 0.0 17.475 0.6200000000000003
0.0 0.6949152542372882 0.0 17.425 0.6300000000000003
0.0 0.6929212362911267 0.0 17.375 0.6400000000000003
0.0 0.6899302093718843 0.0 17.3 0.6500000000000004
0.0 0.6899302093718843 0.0 17.3 0.6600000000000004
0.0 0.6899302093718843 0.0 17.3 0.6700000000000004
0.0 0.6879361914257228 0.0 17.25 0.6800000000000004
0.0 0.6869391824526421 0.0 17.225 0.6900000000000004
0.0 0.6849451645064806 0.0 17.175 0.7000000000000004
0.0 0.6849451645064806 0.0 17.175 0.7100000000000004
0.0 0.6849451645064806 0.0 17.175 0.7200000000000004
0.0 0.6849451645064806 0.0 17.175 0.7300000000000004
0.0 0.6849451645064806 0.0 17.175 0.7400000000000004
0.0 0.6829511465603191 0.0 17.125 0.7500000000000004
0.0 0.6819541375872383 0.0 17.1 0.7600000000000005
0.0 0.678963110667996 0.0 17.025 0.7700000000000005
0.0 0.674975074775673 0.0 16.925 0.7800000000000005
0.0 0.6739780658025922 0.0 16.9 0.7900000000000005
0.0 0.67098703888335 0.0 16.825 0.8000000000000005
0.0 0.6699900299102692 0.0 16.8 0.8100000000000005
0.0 0.6689930209371885 0.0 16.775 0.8200000000000005
0.0 0.6669990029910269 0.0 16.725 0.8300000000000005
0.0 0.6660019940179461 0.0 16.7 0.8400000000000005
0.0 0.6600199401794616 0.0 16.55 0.8500000000000005
0.0 0.6550348953140578 0.0 16.425 0.8600000000000005
0.0 0.6520438683948155 0.0 16.35 0.8700000000000006
0.0 0.6490528414755733 0.0 16.275 0.8800000000000006
0.0 0.646061814556331 0.0 16.2 0.8900000000000006
0.0 0.6390827517447657 0.0 16.025 0.9000000000000006
0.0 0.634097706879362 0.0 15.9 0.9100000000000006
0.0 0.6241276171485544 0.0 15.65 0.9200000000000006
0.0 0.6121635094715853 0.0 15.35 0.9300000000000006
0.0 0.5972083748753739 0.0 14.975 0.9400000000000006
0.0 0.5722831505483549 0.0 14.35 0.9500000000000006
0.0 0.5383848454636092 0.0 13.5 0.9600000000000006
0.0 0.4935194416749751 0.0 12.375 0.9700000000000006
0.0 0.4506480558325025 0.0 11.3 0.9800000000000006
0.0 0.3659022931206381 0.0 9.175 0.9900000000000007
0.0 0.0 0.0 0.0
