1.0 1.0 12.852857142857143 40.12 0.0
0.9984439257530288 0.7666999002991027 12.832857142857144 30.76 0.01
0.9984439257530288 0.6331006979062812 12.832857142857144 25.4 0.02
0.9984439257530288 0.5792622133599202 12.832857142857144 23.24 0.03
0.9984439257530288 0.53938185443669 12.832857142857144 21.64 0.04
0.9984439257530288 0.5154536390827518 12.832857142857144 20.68 0.05
0.9984439257530288 0.47557328015952144 12.832857142857144 19.08 0.060000000000000005
0.9984439257530288 0.47557328015952144 12.832857142857144 19.08 0.07
0.9984439257530288 0.452642073778664 12.832857142857144 18.16 0.08
0.9984439257530288 0.4267198404785643 12.832857142857144 17.12 0.09
0.9984439257530288 0.4097706879361914 12.832857142857144 16.44 0.09999999999999999
0.9984439257530288 0.3988035892323031 12.832857142857144 16.0 0.10999999999999999
0.9984439257530288 0.38883349950149554 12.832857142857144 15.6 0.11999999999999998
0.9984439257530288 0.38085742771684944 12.832857142857144 15.28 0.12999999999999998
0.9984439257530288 0.3728813559322034 12.832857142857144 14.96 0.13999999999999999
0.9984439257530288 0.36390827517447655 12.832857142857144 14.6 0.15
0.9984439257530288 0.3489531405782652 12.832857142857144 14.0 0.16
0.9984439257530288 0.3389830508474576 12.832857142857144 13.6 0.17
0.9984439257530288 0.31306081754735793 12.832857142857144 12.56 0.18000000000000002
0.9984439257530288 0.2971086739780658 12.832857142857144 11.92 0.19000000000000003
0.9984439257530288 0.2781655034895314 12.832857142857144 11.16 0.20000000000000004
0.9984439257530288 0.26520438683948155 12.832857142857144 10.64 0.21000000000000005
0.9984439257530288 0.25324027916251246 12.832857142857144 10.16 0.22000000000000006
0.9984439257530288 0.24426719840478564 12.832857142857144 9.8 0.23000000000000007
0.9984439257530288 0.23629112662013957 12.832857142857144 9.48 0.24000000000000007
0.9984439257530288 0.23030907278165502 12.832857142857144 9.24 0.25000000000000006
0.9984439257530288 0.22931206380857427 12.832857142857144 9.2 0.26000000000000006
0.9984439257530288 0.226321036889332 12.832857142857144 9.08 0.2700000000000001
0.9984439257530288 0.22532402791625125 12.832857142857144 9.04 0.2800000000000001
0.9984439257530288 0.2213359920239282 12.832857142857144 8.88 0.2900000000000001
0.9984439257530288 0.22033898305084745 12.832857142857144 8.84 0.3000000000000001
0.9984439257530288 0.21834496510468593 12.832857142857144 8.76 0.3100000000000001
0.9984439257530288 0.21635094715852443 12.832857142857144 8.68 0.3200000000000001
0.9984439257530288 0.2143569292123629 12.832857142857144 8.6 0.3300000000000001
0.9984439257530288 0.21036889332003988 12.832857142857144 8.44 0.34000000000000014
0.9984439257530288 0.20837487537387836 12.832857142857144 8.36 0.35000000000000014
0.9984439257530288 0.20039880358923232 12.832857142857144 8.04 0.36000000000000015
0.9984439257530288 0.19242273180458624 12.832857142857144 7.72 0.37000000000000016
0.9984439257530288 0.1864406779661017 12.832857142857144 7.48 0.38000000000000017
0.9984439257530288 0.18245264207377868 12.832857142857144 7.32 0.3900000000000002
0.9984439257530288 0.17746759720837488 12.832857142857144 7.12 0.4000000000000002
0.9984439257530288 0.16849451645064806 12.832857142857144 6.76 0.4100000000000002
0.9984439257530288 0.15254237288135594 12.832857142857144 6.12 0.4200000000000002
0.9984439257530288 0.1465603190428714 12.832857142857144 5.88 0.4300000000000002
0.9984439257530288 0.14356929212362912 12.832857142857144 5.76 0.4400000000000002
0.9984439257530288 0.1365902293120638 12.832857142857144 5.48 0.45000000000000023
0.9984439257530288 0.12462612163509472 12.832857142857144 5.0 0.46000000000000024
0.9984439257530288 0.11465603190428714 12.832857142857144 4.6 0.47000000000000025
0.9984439257530288 0.10967098703888335 12.832857142857144 4.4 0.48000000000000026
0.9984439257530288 0.1036889332003988 12.832857142857144 4.16 0.49000000000000027
0.9984439257530288 0.09471585244267199 12.832857142857144 3.8 0.5000000000000002
0.9984439257530288 0.09072781655034895 12.832857142857144 3.64 0.5100000000000002
0.9984439257530288 0.08873379860418744 12.832857142857144 3.56 0.5200000000000002
0.9984439257530288 0.0847457627118644 12.832857142857144 3.4 0.5300000000000002
0.9984439257530288 0.0847457627118644 12.832857142857144 3.4 0.5400000000000003
0.9984439257530288 0.08374875373878365 12.832857142857144 3.36 0.5500000000000003
0.9984439257530288 0.08374875373878365 12.832857142857144 3.36 0.5600000000000003
0.9984439257530288 0.08275174476570289 12.832857142857144 3.32 0.5700000000000003
0.9984439257530288 0.08175473579262213 12.832857142857144 3.28 0.5800000000000003
0.9984439257530288 0.07976071784646062 12.832857142857144 3.2 0.5900000000000003
0.9984439257530288 0.07876370887337986 12.832857142857144 3.16 0.6000000000000003
0.9984439257530288 0.07477567298105683 12.832857142857144 3.0 0.6100000000000003
0.9984439257530288 0.07278165503489531 12.832857142857144 2.92 0.6200000000000003
0.9984439257530288 0.06779661016949153 12.832857142857144 2.72 0.6300000000000003
0.9984439257530288 0.06480558325024925 12.832857142857144 2.6 0.6400000000000003
0.9984439257530288 0.06380857427716849 12.832857142857144 2.56 0.6500000000000004
0.9984439257530288 0.058823529411764705 12.832857142857144 2.36 0.6600000000000004
0.9984439257530288 0.05583250249252243 12.832857142857144 2.24 0.6700000000000004
0.9984439257530288 0.0518444666001994 12.832857142857144 2.08 0.6800000000000004
0.9984439257530288 0.04386839481555334 12.832857142857144 1.76 0.6900000000000004
0.9984439257530288 0.04287138584247258 12.832857142857144 1.72 0.7000000000000004
0.9984439257530288 0.03788634097706879 12.832857142857144 1.52 0.7100000000000004
0.9984439257530288 0.03489531405782652 12.832857142857144 1.4 0.7200000000000004
0.9984439257530288 0.03090727816550349 12.832857142857144 1.24 0.7300000000000004
0.9984439257530288 0.027916251246261216 12.832857142857144 1.12 0.7400000000000004
0.9984439257530288 0.023928215353938187 12.832857142857144 0.96 0.7500000000000004
0.9984439257530288 0.020937188434695914 12.832857142857144 0.84 0.7600000000000005
0.9984439257530288 0.01694915254237288 12.832857142857144 0.68 0.7700000000000005
0.9984439257530288 0.01694915254237288 12.832857142857144 0.68 0.7800000000000005
0.9984439257530288 0.015952143569292122 12.832857142857144 0.64 0.7900000000000005
0.9984439257530288 0.013958125623130608 12.832857142857144 0.56 0.8000000000000005
0.9984439257530288 0.011964107676969093 12.832857142857144 0.48 0.8100000000000005
0.9983327775925308 0.011964107676969093 12.831428571428571 0.48 0.8200000000000005
0.9982216294320329 0.010967098703888335 12.83 0.44 0.8300000000000005
0.998110481271535 0.00897308075772682 12.82857142857143 0.36 0.8400000000000005
0.998110481271535 0.00897308075772682 12.82857142857143 0.36 0.8500000000000005
0.9978881849505391 0.006979062811565304 12.825714285714286 0.28 0.8600000000000005
0.9978881849505391 0.006979062811565304 12.825714285714286 0.28 0.8700000000000006
0.9976658886295432 0.006979062811565304 12.822857142857142 0.28 0.8800000000000006
0.9975547404690452 0.006979062811565304 12.821428571428571 0.28 0.8900000000000006
0.9972212959875514 0.004985044865403789 12.817142857142857 0.2 0.9000000000000006
0.9971101478270534 0.003988035892323031 12.815714285714286 0.16 0.9100000000000006
0.9971101478270534 0.0019940179461615153 12.815714285714286 0.08 0.9200000000000006
0.9971101478270534 0.0 12.815714285714286 0.0 0.9300000000000006
0.9969989996665555 0.0 12.814285714285715 0.0 0.9400000000000006
0.9967767033455597 0.0 12.811428571428571 0.0 0.9500000000000006
0.9967767033455597 0.0 12.811428571428571 0.0 0.9600000000000006
0.9962209625430699 0.0 12.804285714285715 0.0 0.9700000000000006
0.9946648882960987 0.0 12.784285714285714 0.0 0.9800000000000006
0.9897743692341892 0.0 12.721428571428572 0.0 0.9900000000000007
0.0 0.0 0.0 0.0
