1.0 1.0 89.97 4.360869565217391 0.0
1.0 0.9980059820538385 89.97 4.352173913043479 0.01
1.0 0.9850448654037887 89.97 4.2956521739130435 0.02
1.0 0.9740777666999003 89.97 4.247826086956522 0.03
1.0 0.9641076769690927 89.97 4.2043478260869565 0.04
1.0 0.963110667996012 89.97 4.2 0.05
1.0 0.9491525423728814 89.97 4.139130434782609 0.060000000000000005
1.0 0.9491525423728814 89.97 4.139130434782609 0.07
1.0 0.9441674975074775 89.97 4.1173913043478265 0.08
1.0 0.9411764705882353 89.97 4.104347826086957 0.09
1.0 0.9391824526420738 89.97 4.095652173913043 0.09999999999999999
1.0 0.9351944167497508 89.97 4.078260869565217 0.10999999999999999
1.0 0.9282153539381854 89.97 4.047826086956522 0.11999999999999998
1.0 0.9272183449651047 89.97 4.043478260869565 0.12999999999999998
1.0 0.9262213359920239 89.97 4.039130434782609 0.13999999999999999
1.0 0.9252243270189432 89.97 4.034782608695652 0.15
1.0 0.922233300099701 89.97 4.021739130434782 0.16
1.0 0.9162512462612163 89.97 3.9956521739130433 0.17
1.0 0.9102691924227319 89.97 3.9695652173913043 0.18000000000000002
1.0 0.909272183449651 89.97 3.965217391304348 0.19000000000000003
1.0 0.9042871385842473 89.97 3.9434782608695653 0.20000000000000004
1.0 0.901296111665005 89.97 3.9304347826086956 0.21000000000000005
1.0 0.8983050847457628 89.97 3.917391304347826 0.22000000000000006
1.0 0.8963110667996012 89.97 3.908695652173913 0.23000000000000007
1.0 0.8953140578265204 89.97 3.9043478260869566 0.24000000000000007
1.0 0.8933200398803589 89.97 3.8956521739130436 0.25000000000000006
1.0 0.8923230309072782 89.97 3.891304347826087 0.26000000000000006
1.0 0.8913260219341974 89.97 3.8869565217391306 0.2700000000000001
1.0 0.8883349950149552 89.97 3.873913043478261 0.2800000000000001
1.0 0.8853439680957128 89.97 3.860869565217391 0.2900000000000001
1.0 0.8853439680957128 89.97 3.860869565217391 0.3000000000000001
1.0 0.8843469591226321 89.97 3.856521739130435 0.3100000000000001
1.0 0.8833499501495513 89.97 3.8521739130434782 0.3200000000000001
1.0 0.8823529411764706 89.97 3.847826086956522 0.3300000000000001
1.0 0.8803589232303091 89.97 3.8391304347826085 0.34000000000000014
1.0 0.8773678963110668 89.97 3.8260869565217392 0.35000000000000014
1.0 0.8753738783649053 89.97 3.8173913043478263 0.36000000000000015
1.0 0.8733798604187437 89.97 3.8086956521739133 0.37000000000000016
1.0 0.8713858424725822 89.97 3.8 0.38000000000000017
1.0 0.8693918245264207 89.97 3.791304347826087 0.3900000000000002
1.0 0.8654037886340977 89.97 3.773913043478261 0.4000000000000002
1.0 0.8634097706879362 89.97 3.765217391304348 0.4100000000000002
1.0 0.8604187437686939 89.97 3.752173913043478 0.4200000000000002
1.0 0.8594217347956131 89.97 3.747826086956522 0.4300000000000002
1.0 0.8534396809571286 89.97 3.7217391304347824 0.4400000000000002
1.0 0.8494516450648056 89.97 3.7043478260869565 0.45000000000000023
1.0 0.8444666001994018 89.97 3.6826086956521737 0.46000000000000024
1.0 0.8404785643070788 89.97 3.6652173913043478 0.47000000000000025
1.0 0.8364905284147557 89.97 3.6478260869565218 0.48000000000000026
1.0 0.8334995014955134 89.97 3.634782608695652 0.49000000000000027
1.0 0.8305084745762712 89.97 3.621739130434783 0.5000000000000002
1.0 0.8295114656031904 89.97 3.617391304347826 0.5100000000000002
1.0 0.8295114656031904 89.97 3.617391304347826 0.5200000000000002
1.0 0.8295114656031904 89.97 3.617391304347826 0.5300000000000002
1.0 0.8295114656031904 89.97 3.617391304347826 0.5400000000000003
1.0 0.8295114656031904 89.97 3.617391304347826 0.5500000000000003
1.0 0.8295114656031904 89.97 3.617391304347826 0.5600000000000003
1.0 0.8295114656031904 89.97 3.617391304347826 0.5700000000000003
1.0 0.8295114656031904 89.97 3.617391304347826 0.5800000000000003
1.0 0.8295114656031904 89.97 3.617391304347826 0.5900000000000003
1.0 0.8265204386839482 89.97 3.6043478260869564 0.6000000000000003
1.0 0.8255234297108675 89.97 3.6 0.6100000000000003
1.0 0.8245264207377866 89.97 3.5956521739130434 0.6200000000000003
1.0 0.8225324027916251 89.97 3.5869565217391304 0.6300000000000003
1.0 0.8165503489531406 89.97 3.5608695652173914 0.6400000000000003
1.0 0.8155533399800599 89.97 3.5565217391304347 0.6500000000000004
1.0 0.8115653040877367 89.97 3.5391304347826087 0.6600000000000004
1.0 0.8045862412761715 89.97 3.508695652173913 0.6700000000000004
1.0 0.7986041874376869 89.97 3.482608695652174 0.6800000000000004
1.0 0.7846460618145563 89.97 3.4217391304347826 0.6900000000000004
1.0 0.769690927218345 89.97 3.356521739130435 0.7000000000000004
1.0 0.7587238285144566 89.97 3.3086956521739133 0.7100000000000004
1.0 0.7397806580259222 89.97 3.226086956521739 0.7200000000000004
1.0 0.7248255234297108 89.97 3.1608695652173915 0.7300000000000004
1.0 0.7098703888334995 89.97 3.0956521739130434 0.7400000000000004
1.0 0.6959122632103689 89.97 3.034782608695652 0.7500000000000004
1.0 0.6809571286141576 89.97 2.9695652173913043 0.7600000000000005
1.0 0.674975074775673 89.97 2.9434782608695653 0.7700000000000005
0.9997777036790041 0.6689930209371885 89.95 2.917391304347826 0.7800000000000005
0.9996665555185061 0.6620139581256231 89.94 2.8869565217391306 0.7900000000000005
0.9993331110370124 0.6560319042871385 89.91 2.860869565217391 0.8000000000000005
0.9978881849505391 0.6530408773678963 89.78 2.847826086956522 0.8100000000000005
0.9952206290985884 0.6510468594217348 89.54 2.8391304347826085 0.8200000000000005
0.9899966655551851 0.6450648055832503 89.07 2.8130434782608695 0.8300000000000005
0.9825497388018228 0.6321036889332003 88.4 2.756521739130435 0.8400000000000005
0.9685450705790819 0.6201395812562313 87.14 2.7043478260869565 0.8500000000000005
0.9469823274424808 0.5822532402791625 85.2 2.5391304347826087 0.8600000000000005
0.9120818050461265 0.5353938185443669 82.06 2.3347826086956522 0.8700000000000006
0.8672890963654551 0.4785643070787637 78.03 2.0869565217391304 0.8800000000000006
0.8142714238079359 0.4167497507477567 73.26 1.817391304347826 0.8900000000000006
0.7544737134600422 0.32801595214356927 67.88 1.4304347826086956 0.9000000000000006
0.6951205957541403 0.24825523429710866 62.54 1.0826086956521739 0.9100000000000006
0.6434367011225964 0.17347956131605186 57.89 0.7565217391304347 0.9200000000000006
0.6052017339113037 0.11166500498504486 54.45 0.48695652173913045 0.9300000000000006
0.5735245081693898 0.07976071784646062 51.6 0.34782608695652173 0.9400000000000006
0.555296209847727 0.06580259222333001 49.96 0.28695652173913044 0.9500000000000006
0.54540402356341 0.05284147557328016 49.07 0.23043478260869565 0.9600000000000006
0.5341780593531177 0.0518444666001994 48.06 0.22608695652173913 0.9700000000000006
0.5032788707346894 0.0518444666001994 45.28 0.22608695652173913 0.9800000000000006
0.4128042680893631 0.05084745762711865 37.14 0.2217391304347826 0.9900000000000007
0.0 0.0 0.0 0.0
