1.0 1.0 12.852857142857143 200.6 0.0
1.0 0.7347956131605184 12.852857142857143 147.4 0.01
1.0 0.6081754735792622 12.852857142857143 122.0 0.02
1.0 0.5563310069790628 12.852857142857143 111.6 0.03
1.0 0.5274177467597209 12.852857142857143 105.8 0.04
1.0 0.5014955134596212 12.852857142857143 100.6 0.05
1.0 0.46859421734795614 12.852857142857143 94.0 0.060000000000000005
1.0 0.46859421734795614 12.852857142857143 94.0 0.07
1.0 0.45663010967098705 12.852857142857143 91.6 0.08
1.0 0.4436689930209372 12.852857142857143 89.0 0.09
1.0 0.4336989032901296 12.852857142857143 87.0 0.09999999999999999
1.0 0.4267198404785643 12.852857142857143 85.6 0.10999999999999999
1.0 0.419740777666999 12.852857142857143 84.2 0.11999999999999998
1.0 0.4117647058823529 12.852857142857143 82.6 0.12999999999999998
1.0 0.4067796610169492 12.852857142857143 81.6 0.13999999999999999
1.0 0.3988035892323031 12.852857142857143 80.0 0.15
1.0 0.3918245264207378 12.852857142857143 78.6 0.16
1.0 0.38384845463609174 12.852857142857143 77.0 0.17
1.0 0.3629112662013958 12.852857142857143 72.8 0.18000000000000002
1.0 0.3469591226321037 12.852857142857143 69.6 0.19000000000000003
1.0 0.33798604187437686 12.852857142857143 67.8 0.20000000000000004
1.0 0.3270189431704885 12.852857142857143 65.6 0.21000000000000005
1.0 0.3180458624127617 12.852857142857143 63.8 0.22000000000000006
1.0 0.3160518444666002 12.852857142857143 63.4 0.23000000000000007
1.0 0.3120638085742772 12.852857142857143 62.6 0.24000000000000007
1.0 0.3090727816550349 12.852857142857143 62.0 0.25000000000000006
1.0 0.30608175473579263 12.852857142857143 61.4 0.26000000000000006
1.0 0.3000997008973081 12.852857142857143 60.2 0.2700000000000001
1.0 0.29611166500498504 12.852857142857143 59.4 0.2800000000000001
1.0 0.2931206380857428 12.852857142857143 58.8 0.2900000000000001
1.0 0.292123629112662 12.852857142857143 58.6 0.3000000000000001
1.0 0.2901296111665005 12.852857142857143 58.2 0.3100000000000001
1.0 0.28913260219341974 12.852857142857143 58.0 0.3200000000000001
1.0 0.2851445663010967 12.852857142857143 57.2 0.3300000000000001
1.0 0.28015952143569295 12.852857142857143 56.2 0.34000000000000014
1.0 0.2761714855433699 12.852857142857143 55.4 0.35000000000000014
1.0 0.2731804586241276 12.852857142857143 54.8 0.36000000000000015
1.0 0.26819541375872386 12.852857142857143 53.8 0.37000000000000016
1.0 0.26520438683948155 12.852857142857143 53.2 0.38000000000000017
1.0 0.2612163509471585 12.852857142857143 52.4 0.3900000000000002
1.0 0.26021934197407776 12.852857142857143 52.2 0.4000000000000002
1.0 0.2542372881355932 12.852857142857143 51.0 0.4100000000000002
1.0 0.24626121635094717 12.852857142857143 49.4 0.4200000000000002
1.0 0.23629112662013957 12.852857142857143 47.4 0.4300000000000002
1.0 0.23230309072781655 12.852857142857143 46.6 0.4400000000000002
1.0 0.226321036889332 12.852857142857143 45.4 0.45000000000000023
1.0 0.2213359920239282 12.852857142857143 44.4 0.46000000000000024
1.0 0.21535393818544366 12.852857142857143 43.2 0.47000000000000025
1.0 0.20638085742771686 12.852857142857143 41.4 0.48000000000000026
1.0 0.2033898305084746 12.852857142857143 40.8 0.49000000000000027
1.0 0.19641076769690927 12.852857142857143 39.4 0.5000000000000002
1.0 0.193419740777667 12.852857142857143 38.8 0.5100000000000002
1.0 0.18843469591226322 12.852857142857143 37.8 0.5200000000000002
1.0 0.1864406779661017 12.852857142857143 37.4 0.5300000000000002
1.0 0.1864406779661017 12.852857142857143 37.4 0.5400000000000003
1.0 0.18544366899302095 12.852857142857143 37.2 0.5500000000000003
1.0 0.18444666001994017 12.852857142857143 37.0 0.5600000000000003
1.0 0.18344965104685942 12.852857142857143 36.8 0.5700000000000003
1.0 0.1814556331006979 12.852857142857143 36.4 0.5800000000000003
1.0 0.17846460618145563 12.852857142857143 35.8 0.5900000000000003
1.0 0.17647058823529413 12.852857142857143 35.4 0.6000000000000003
1.0 0.17547357926221335 12.852857142857143 35.2 0.6100000000000003
1.0 0.17547357926221335 12.852857142857143 35.2 0.6200000000000003
1.0 0.1744765702891326 12.852857142857143 35.0 0.6300000000000003
1.0 0.1744765702891326 12.852857142857143 35.0 0.6400000000000003
1.0 0.17347956131605186 12.852857142857143 34.8 0.6500000000000004
1.0 0.1694915254237288 12.852857142857143 34.0 0.6600000000000004
1.0 0.16650049850448653 12.852857142857143 33.4 0.6700000000000004
1.0 0.16350947158524426 12.852857142857143 32.8 0.6800000000000004
1.0 0.15653040877367896 12.852857142857143 31.4 0.6900000000000004
1.0 0.15453639082751744 12.852857142857143 31.0 0.7000000000000004
1.0 0.15154536390827517 12.852857142857143 30.4 0.7100000000000004
1.0 0.14257228315054835 12.852857142857143 28.6 0.7200000000000004
1.0 0.13758723828514458 12.852857142857143 27.6 0.7300000000000004
1.0 0.1296111665004985 12.852857142857143 26.0 0.7400000000000004
1.0 0.12163509471585245 12.852857142857143 24.4 0.7500000000000004
1.0 0.11764705882352941 12.852857142857143 23.6 0.7600000000000005
1.0 0.11465603190428714 12.852857142857143 23.0 0.7700000000000005
1.0 0.11166500498504486 12.852857142857143 22.4 0.7800000000000005
1.0 0.1106679960119641 12.852857142857143 22.2 0.7900000000000005
1.0 0.1106679960119641 12.852857142857143 22.2 0.8000000000000005
1.0 0.10867397806580259 12.852857142857143 21.8 0.8100000000000005
1.0 0.10867397806580259 12.852857142857143 21.8 0.8200000000000005
1.0 0.10468594217347957 12.852857142857143 21.0 0.8300000000000005
0.999888851839502 0.10468594217347957 12.851428571428572 21.0 0.8400000000000005
0.999888851839502 0.10468594217347957 12.851428571428572 21.0 0.8500000000000005
0.9997777036790041 0.10069790628115653 12.85 20.2 0.8600000000000005
0.9997777036790041 0.09970089730807577 12.85 20.0 0.8700000000000006
0.9995554073580082 0.0967098703888335 12.847142857142858 19.4 0.8800000000000006
0.9993331110370124 0.09371884346959122 12.844285714285714 18.8 0.8900000000000006
0.9991108147160165 0.09172482552342971 12.84142857142857 18.4 0.9000000000000006
0.9986662220740247 0.08773678963110668 12.835714285714285 17.6 0.9100000000000006
0.9985550739135267 0.08574277168494517 12.834285714285715 17.2 0.9200000000000006
0.9984439257530288 0.08275174476570289 12.832857142857144 16.6 0.9300000000000006
0.9984439257530288 0.08275174476570289 12.832857142857144 16.6 0.9400000000000006
0.9978881849505391 0.08275174476570289 12.825714285714286 16.6 0.9500000000000006
0.9978881849505391 0.08175473579262213 12.825714285714286 16.4 0.9600000000000006
0.9973324441480493 0.08075772681954138 12.81857142857143 16.2 0.9700000000000006
0.996109814382572 0.07976071784646062 12.802857142857142 16.0 0.9800000000000006
0.9896632210736912 0.07477567298105683 12.72 15.0 0.9900000000000007
0.0 0.0 0.0 0.0
