1.0 1.0 89.97 2.446341463414634 0.0
1.0 0.9970089730807578 89.97 2.4390243902439024 0.01
1.0 0.9880358923230309 89.97 2.4170731707317072 0.02
1.0 0.9850448654037887 89.97 2.4097560975609755 0.03
1.0 0.9800598205383848 89.97 2.397560975609756 0.04
1.0 0.9740777666999003 89.97 2.3829268292682926 0.05
1.0 0.9611166500498505 89.97 2.351219512195122 0.060000000000000005
1.0 0.9611166500498505 89.97 2.351219512195122 0.07
1.0 0.9571286141575274 89.97 2.341463414634146 0.08
1.0 0.9531405782652044 89.97 2.3317073170731706 0.09
1.0 0.9481555333998006 89.97 2.319512195121951 0.09999999999999999
1.0 0.9451645064805583 89.97 2.3121951219512193 0.10999999999999999
1.0 0.9441674975074775 89.97 2.3097560975609754 0.11999999999999998
1.0 0.942173479561316 89.97 2.3048780487804876 0.12999999999999998
1.0 0.9401794616151545 89.97 2.3 0.13999999999999999
1.0 0.938185443668993 89.97 2.295121951219512 0.15
1.0 0.938185443668993 89.97 2.295121951219512 0.16
1.0 0.9371884346959123 89.97 2.292682926829268 0.17
1.0 0.9282153539381854 89.97 2.270731707317073 0.18000000000000002
1.0 0.9232303090727817 89.97 2.2585365853658534 0.19000000000000003
1.0 0.9212362911266201 89.97 2.2536585365853656 0.20000000000000004
1.0 0.9162512462612163 89.97 2.2414634146341466 0.21000000000000005
1.0 0.9132602193419741 89.97 2.234146341463415 0.22000000000000006
1.0 0.9132602193419741 89.97 2.234146341463415 0.23000000000000007
1.0 0.9102691924227319 89.97 2.226829268292683 0.24000000000000007
1.0 0.9082751744765702 89.97 2.2219512195121953 0.25000000000000006
1.0 0.9062811565304087 89.97 2.2170731707317075 0.26000000000000006
1.0 0.905284147557328 89.97 2.2146341463414636 0.2700000000000001
1.0 0.9042871385842473 89.97 2.2121951219512197 0.2800000000000001
1.0 0.9042871385842473 89.97 2.2121951219512197 0.2900000000000001
1.0 0.9032901296111665 89.97 2.209756097560976 0.3000000000000001
1.0 0.9032901296111665 89.97 2.209756097560976 0.3100000000000001
1.0 0.9032901296111665 89.97 2.209756097560976 0.3200000000000001
1.0 0.9022931206380858 89.97 2.207317073170732 0.3300000000000001
1.0 0.9002991026919243 89.97 2.202439024390244 0.34000000000000014
1.0 0.8983050847457628 89.97 2.1975609756097563 0.35000000000000014
1.0 0.8973080757726819 89.97 2.1951219512195124 0.36000000000000015
1.0 0.8953140578265204 89.97 2.1902439024390246 0.37000000000000016
1.0 0.8923230309072782 89.97 2.182926829268293 0.38000000000000017
1.0 0.8903290129611167 89.97 2.178048780487805 0.3900000000000002
1.0 0.8883349950149552 89.97 2.1731707317073172 0.4000000000000002
1.0 0.8883349950149552 89.97 2.1731707317073172 0.4100000000000002
1.0 0.8853439680957128 89.97 2.1658536585365855 0.4200000000000002
1.0 0.8823529411764706 89.97 2.158536585365854 0.4300000000000002
1.0 0.8803589232303091 89.97 2.153658536585366 0.4400000000000002
1.0 0.8783649052841476 89.97 2.148780487804878 0.45000000000000023
1.0 0.8743768693918246 89.97 2.1390243902439026 0.46000000000000024
1.0 0.8703888334995015 89.97 2.129268292682927 0.47000000000000025
1.0 0.8693918245264207 89.97 2.126829268292683 0.48000000000000026
1.0 0.8693918245264207 89.97 2.126829268292683 0.49000000000000027
1.0 0.8664007976071785 89.97 2.1195121951219513 0.5000000000000002
1.0 0.864406779661017 89.97 2.1146341463414635 0.5100000000000002
1.0 0.864406779661017 89.97 2.1146341463414635 0.5200000000000002
1.0 0.8634097706879362 89.97 2.1121951219512196 0.5300000000000002
1.0 0.8634097706879362 89.97 2.1121951219512196 0.5400000000000003
1.0 0.8624127617148555 89.97 2.1097560975609757 0.5500000000000003
1.0 0.8624127617148555 89.97 2.1097560975609757 0.5600000000000003
1.0 0.8624127617148555 89.97 2.1097560975609757 0.5700000000000003
1.0 0.8614157527417746 89.97 2.107317073170732 0.5800000000000003
1.0 0.8584247258225324 89.97 2.1 0.5900000000000003
1.0 0.8554336989032901 89.97 2.0926829268292684 0.6000000000000003
1.0 0.8554336989032901 89.97 2.0926829268292684 0.6100000000000003
1.0 0.8554336989032901 89.97 2.0926829268292684 0.6200000000000003
1.0 0.8534396809571286 89.97 2.0878048780487806 0.6300000000000003
1.0 0.8534396809571286 89.97 2.0878048780487806 0.6400000000000003
1.0 0.8484546360917248 89.97 2.075609756097561 0.6500000000000004
1.0 0.8404785643070788 89.97 2.05609756097561 0.6600000000000004
1.0 0.8334995014955134 89.97 2.0390243902439025 0.6700000000000004
1.0 0.8235294117647058 89.97 2.0146341463414634 0.6800000000000004
1.0 0.8075772681954138 89.97 1.975609756097561 0.6900000000000004
1.0 0.7966101694915254 89.97 1.948780487804878 0.7000000000000004
1.0 0.7806580259222333 89.97 1.9097560975609755 0.7100000000000004
1.0 0.7587238285144566 89.97 1.8560975609756099 0.7200000000000004
1.0 0.7377866400797607 89.97 1.8048780487804879 0.7300000000000004
1.0 0.715852442671984 89.97 1.751219512195122 0.7400000000000004
1.0 0.6979062811565304 89.97 1.7073170731707317 0.7500000000000004
1.0 0.6849451645064806 89.97 1.675609756097561 0.7600000000000005
1.0 0.6739780658025922 89.97 1.648780487804878 0.7700000000000005
0.999888851839502 0.6610169491525424 89.96 1.6170731707317074 0.7800000000000005
0.9995554073580082 0.650049850448654 89.93 1.5902439024390245 0.7900000000000005
0.9987773702345226 0.6440677966101694 89.86 1.575609756097561 0.8000000000000005
0.9971101478270534 0.6370887337986042 89.71 1.5585365853658537 0.8100000000000005
0.9948871846170946 0.6370887337986042 89.51 1.5585365853658537 0.8200000000000005
0.9906635545181727 0.6301096709870389 89.13 1.5414634146341464 0.8300000000000005
0.9837723685673002 0.617148554336989 88.51 1.5097560975609756 0.8400000000000005
0.9707680337890408 0.6031904287138584 87.34 1.475609756097561 0.8500000000000005
0.9480938090474602 0.5633100697906281 85.3 1.3780487804878048 0.8600000000000005
0.9161942869845504 0.5214356929212363 82.43 1.275609756097561 0.8700000000000006
0.8727353562298544 0.46560319042871384 78.52 1.1390243902439023 0.8800000000000006
0.8172724241413805 0.4117647058823529 73.53 1.0073170731707317 0.8900000000000006
0.7555851950650216 0.3349950149551346 67.98 0.8195121951219512 0.9000000000000006
0.6945648549516505 0.2452642073778664 62.49 0.6 0.9100000000000006
0.6439924419250861 0.17048853439680958 57.94 0.4170731707317073 0.9200000000000006
0.6052017339113037 0.11166500498504486 54.45 0.2731707317073171 0.9300000000000006
0.5758586195398466 0.07776669990029911 51.81 0.1902439024390244 0.9400000000000006
0.5586306546626654 0.06480558325024925 50.26 0.15853658536585366 0.9500000000000006
0.5462932088473936 0.05583250249252243 49.15 0.13658536585365855 0.9600000000000006
0.5310659108591753 0.05284147557328016 47.78 0.12926829268292683 0.9700000000000006
0.49416472157385793 0.0518444666001994 44.46 0.12682926829268293 0.9800000000000006
0.39702122929865513 0.05084745762711865 35.72 0.12439024390243902 0.9900000000000007
0.0 0.0 0.0 0.0
