1.0 1.0 44.985 12.5375 0.0
1.0 0.9850448654037887 44.985 12.35 0.01
1.0 0.9561316051844466 44.985 11.9875 0.02
1.0 0.9491525423728814 44.985 11.9 0.03
1.0 0.9391824526420738 44.985 11.775 0.04
1.0 0.93419740777667 44.985 11.7125 0.05
1.0 0.922233300099701 44.985 11.5625 0.060000000000000005
1.0 0.922233300099701 44.985 11.5625 0.07
1.0 0.9132602193419741 44.985 11.45 0.08
1.0 0.9032901296111665 44.985 11.325 0.09
1.0 0.8963110667996012 44.985 11.2375 0.09999999999999999
1.0 0.8953140578265204 44.985 11.225 0.10999999999999999
1.0 0.8933200398803589 44.985 11.2 0.11999999999999998
1.0 0.8893320039880359 44.985 11.15 0.12999999999999998
1.0 0.8853439680957128 44.985 11.1 0.13999999999999999
1.0 0.8813559322033898 44.985 11.05 0.15
1.0 0.8803589232303091 44.985 11.0375 0.16
1.0 0.8733798604187437 44.985 10.95 0.17
1.0 0.8584247258225324 44.985 10.7625 0.18000000000000002
1.0 0.8504486540378864 44.985 10.6625 0.19000000000000003
1.0 0.8444666001994018 44.985 10.5875 0.20000000000000004
1.0 0.839481555333998 44.985 10.525 0.21000000000000005
1.0 0.8334995014955134 44.985 10.45 0.22000000000000006
1.0 0.8315054835493519 44.985 10.425 0.23000000000000007
1.0 0.8265204386839482 44.985 10.3625 0.24000000000000007
1.0 0.8255234297108675 44.985 10.35 0.25000000000000006
1.0 0.8225324027916251 44.985 10.3125 0.26000000000000006
1.0 0.8215353938185443 44.985 10.3 0.2700000000000001
1.0 0.8195413758723828 44.985 10.275 0.2800000000000001
1.0 0.8155533399800599 44.985 10.225 0.2900000000000001
1.0 0.810568295114656 44.985 10.1625 0.3000000000000001
1.0 0.8075772681954138 44.985 10.125 0.3100000000000001
1.0 0.8005982053838484 44.985 10.0375 0.3200000000000001
1.0 0.7976071784646062 44.985 10.0 0.3300000000000001
1.0 0.7946161515453639 44.985 9.9625 0.34000000000000014
1.0 0.7906281156530409 44.985 9.9125 0.35000000000000014
1.0 0.7846460618145563 44.985 9.8375 0.36000000000000015
1.0 0.7806580259222333 44.985 9.7875 0.37000000000000016
1.0 0.773678963110668 44.985 9.7 0.38000000000000017
1.0 0.7666999002991027 44.985 9.6125 0.3900000000000002
1.0 0.7597208374875374 44.985 9.525 0.4000000000000002
1.0 0.748753738783649 44.985 9.3875 0.4100000000000002
1.0 0.7397806580259222 44.985 9.275 0.4200000000000002
1.0 0.7318045862412762 44.985 9.175 0.4300000000000002
1.0 0.7218344965104686 44.985 9.05 0.4400000000000002
1.0 0.7138584247258225 44.985 8.95 0.45000000000000023
1.0 0.7048853439680958 44.985 8.8375 0.46000000000000024
1.0 0.7008973080757727 44.985 8.7875 0.47000000000000025
1.0 0.6949152542372882 44.985 8.7125 0.48000000000000026
1.0 0.6909272183449651 44.985 8.6625 0.49000000000000027
1.0 0.6859421734795613 44.985 8.6 0.5000000000000002
1.0 0.6829511465603191 44.985 8.5625 0.5100000000000002
1.0 0.678963110667996 44.985 8.5125 0.5200000000000002
1.0 0.6759720837487537 44.985 8.475 0.5300000000000002
1.0 0.6729810568295115 44.985 8.4375 0.5400000000000003
1.0 0.6719840478564307 44.985 8.425 0.5500000000000003
1.0 0.67098703888335 44.985 8.4125 0.5600000000000003
1.0 0.6689930209371885 44.985 8.3875 0.5700000000000003
1.0 0.6679960119641076 44.985 8.375 0.5800000000000003
1.0 0.6679960119641076 44.985 8.375 0.5900000000000003
1.0 0.6660019940179461 44.985 8.35 0.6000000000000003
1.0 0.6640079760717846 44.985 8.325 0.6100000000000003
1.0 0.6600199401794616 44.985 8.275 0.6200000000000003
1.0 0.6550348953140578 44.985 8.2125 0.6300000000000003
1.0 0.6520438683948155 44.985 8.175 0.6400000000000003
1.0 0.6510468594217348 44.985 8.1625 0.6500000000000004
1.0 0.6440677966101694 44.985 8.075 0.6600000000000004
1.0 0.6311066799601196 44.985 7.9125 0.6700000000000004
1.0 0.6141575274177468 44.985 7.7 0.6800000000000004
1.0 0.5982053838484547 44.985 7.5 0.6900000000000004
1.0 0.5812562313060817 44.985 7.2875 0.7000000000000004
1.0 0.5613160518444666 44.985 7.0375 0.7100000000000004
1.0 0.5294117647058824 44.985 6.6375 0.7200000000000004
1.0 0.5164506480558325 44.985 6.475 0.7300000000000004
1.0 0.49750747756729813 44.985 6.2375 0.7400000000000004
1.0 0.47357926221335994 44.985 5.9375 0.7500000000000004
1.0 0.45164506480558325 44.985 5.6625 0.7600000000000005
1.0 0.4356929212362911 44.985 5.4625 0.7700000000000005
1.0 0.4217347956131605 44.985 5.2875 0.7800000000000005
0.999888851839502 0.4127617148554337 44.98 5.175 0.7900000000000005
0.9992219628765144 0.4117647058823529 44.95 5.1625 0.8000000000000005
0.9986662220740247 0.4077766699900299 44.925 5.1125 0.8100000000000005
0.9971101478270534 0.4017946161515454 44.855 5.0375 0.8200000000000005
0.9945537401356007 0.3948155533399801 44.74 4.95 0.8300000000000005
0.9898855173946871 0.38384845463609174 44.53 4.8125 0.8400000000000005
0.9839946648882961 0.37587238285144564 44.265 4.7125 0.8500000000000005
0.9741024786039791 0.34496510468594216 43.82 4.325 0.8600000000000005
0.9587640324552629 0.32103688933200397 43.13 4.025 0.8700000000000006
0.9365344003556741 0.2951146560319043 42.13 3.7 0.8800000000000006
0.9141936200955875 0.2761714855433699 41.125 3.4625 0.8900000000000006
0.8839613204401467 0.22831505483549352 39.765 2.8625 0.9000000000000006
0.8552850950316773 0.18843469591226322 38.475 2.3625 0.9100000000000006
0.8299433144381461 0.1535393818544367 37.335 1.925 0.9200000000000006
0.8120484605979771 0.11764705882352941 36.53 1.475 0.9300000000000006
0.7950427920417917 0.10069790628115653 35.765 1.2625 0.9400000000000006
0.7842614204734911 0.0967098703888335 35.28 1.2125 0.9500000000000006
0.7734800489051906 0.09272183449651047 34.795 1.1625 0.9600000000000006
0.7614760475714127 0.09172482552342971 34.255 1.15 0.9700000000000006
0.7304657107924863 0.09172482552342971 32.86 1.15 0.9800000000000006
0.6401022563076582 0.09172482552342971 28.795 1.15 0.9900000000000007
0.0 0.0 0.0 0.0
