1.0 1.0 89.97 5.572222222222222 0.0
1.0 0.9980059820538385 89.97 5.561111111111111 0.01
1.0 0.9930209371884346 89.97 5.533333333333333 0.02
1.0 0.9920239282153539 89.97 5.527777777777778 0.03
1.0 0.9870388833499502 89.97 5.5 0.04
1.0 0.9820538384845464 89.97 5.472222222222222 0.05
1.0 0.9790628115653041 89.97 5.455555555555556 0.060000000000000005
1.0 0.9790628115653041 89.97 5.455555555555556 0.07
1.0 0.9750747756729811 89.97 5.433333333333334 0.08
1.0 0.9730807577268196 89.97 5.4222222222222225 0.09
1.0 0.9710867397806581 89.97 5.411111111111111 0.09999999999999999
1.0 0.9680957128614157 89.97 5.394444444444445 0.10999999999999999
1.0 0.9641076769690927 89.97 5.372222222222222 0.11999999999999998
1.0 0.963110667996012 89.97 5.366666666666666 0.12999999999999998
1.0 0.9621136590229312 89.97 5.361111111111111 0.13999999999999999
1.0 0.9621136590229312 89.97 5.361111111111111 0.15
1.0 0.9601196410767697 89.97 5.35 0.16
1.0 0.959122632103689 89.97 5.344444444444444 0.17
1.0 0.9551345962113659 89.97 5.322222222222222 0.18000000000000002
1.0 0.9531405782652044 89.97 5.311111111111111 0.19000000000000003
1.0 0.9501495513459621 89.97 5.294444444444444 0.20000000000000004
1.0 0.9481555333998006 89.97 5.283333333333333 0.21000000000000005
1.0 0.9461615154536391 89.97 5.272222222222222 0.22000000000000006
1.0 0.9441674975074775 89.97 5.261111111111111 0.23000000000000007
1.0 0.9441674975074775 89.97 5.261111111111111 0.24000000000000007
1.0 0.9431704885343968 89.97 5.2555555555555555 0.25000000000000006
1.0 0.942173479561316 89.97 5.25 0.26000000000000006
1.0 0.9411764705882353 89.97 5.2444444444444445 0.2700000000000001
1.0 0.9411764705882353 89.97 5.2444444444444445 0.2800000000000001
1.0 0.9411764705882353 89.97 5.2444444444444445 0.2900000000000001
1.0 0.9401794616151545 89.97 5.238888888888889 0.3000000000000001
1.0 0.938185443668993 89.97 5.227777777777778 0.3100000000000001
1.0 0.9371884346959123 89.97 5.222222222222222 0.3200000000000001
1.0 0.9371884346959123 89.97 5.222222222222222 0.3300000000000001
1.0 0.9351944167497508 89.97 5.211111111111111 0.34000000000000014
1.0 0.9312063808574277 89.97 5.188888888888889 0.35000000000000014
1.0 0.9282153539381854 89.97 5.1722222222222225 0.36000000000000015
1.0 0.9262213359920239 89.97 5.161111111111111 0.37000000000000016
1.0 0.9232303090727817 89.97 5.144444444444445 0.38000000000000017
1.0 0.9192422731804586 89.97 5.122222222222222 0.3900000000000002
1.0 0.9142572283150548 89.97 5.094444444444444 0.4000000000000002
1.0 0.909272183449651 89.97 5.066666666666666 0.4100000000000002
1.0 0.9062811565304087 89.97 5.05 0.4200000000000002
1.0 0.9022931206380858 89.97 5.027777777777778 0.4300000000000002
1.0 0.8933200398803589 89.97 4.977777777777778 0.4400000000000002
1.0 0.8893320039880359 89.97 4.955555555555556 0.45000000000000023
1.0 0.8873379860418744 89.97 4.944444444444445 0.46000000000000024
1.0 0.8873379860418744 89.97 4.944444444444445 0.47000000000000025
1.0 0.8853439680957128 89.97 4.933333333333334 0.48000000000000026
1.0 0.8813559322033898 89.97 4.911111111111111 0.49000000000000027
1.0 0.8803589232303091 89.97 4.905555555555556 0.5000000000000002
1.0 0.8773678963110668 89.97 4.888888888888889 0.5100000000000002
1.0 0.8743768693918246 89.97 4.872222222222222 0.5200000000000002
1.0 0.8733798604187437 89.97 4.866666666666666 0.5300000000000002
1.0 0.872382851445663 89.97 4.861111111111111 0.5400000000000003
1.0 0.8713858424725822 89.97 4.855555555555555 0.5500000000000003
1.0 0.8693918245264207 89.97 4.844444444444444 0.5600000000000003
1.0 0.8693918245264207 89.97 4.844444444444444 0.5700000000000003
1.0 0.8673978065802592 89.97 4.833333333333333 0.5800000000000003
1.0 0.8664007976071785 89.97 4.8277777777777775 0.5900000000000003
1.0 0.8654037886340977 89.97 4.822222222222222 0.6000000000000003
1.0 0.8634097706879362 89.97 4.811111111111111 0.6100000000000003
1.0 0.8634097706879362 89.97 4.811111111111111 0.6200000000000003
1.0 0.8614157527417746 89.97 4.8 0.6300000000000003
1.0 0.8594217347956131 89.97 4.788888888888889 0.6400000000000003
1.0 0.8524426719840479 89.97 4.75 0.6500000000000004
1.0 0.8444666001994018 89.97 4.705555555555556 0.6600000000000004
1.0 0.8374875373878365 89.97 4.666666666666667 0.6700000000000004
1.0 0.8285144566301097 89.97 4.616666666666666 0.6800000000000004
1.0 0.8115653040877367 89.97 4.522222222222222 0.6900000000000004
1.0 0.8005982053838484 89.97 4.461111111111111 0.7000000000000004
1.0 0.7876370887337986 89.97 4.388888888888889 0.7100000000000004
1.0 0.7567298105682951 89.97 4.216666666666667 0.7200000000000004
1.0 0.7367896311066799 89.97 4.105555555555555 0.7300000000000004
1.0 0.7278165503489531 89.97 4.055555555555555 0.7400000000000004
1.0 0.7048853439680958 89.97 3.9277777777777776 0.7500000000000004
1.0 0.6879361914257228 89.97 3.8333333333333335 0.7600000000000005
1.0 0.6729810568295115 89.97 3.75 0.7700000000000005
0.9997777036790041 0.6590229312063809 89.95 3.672222222222222 0.7800000000000005
0.9995554073580082 0.6520438683948155 89.93 3.6333333333333333 0.7900000000000005
0.9992219628765144 0.6430707876370887 89.9 3.5833333333333335 0.8000000000000005
0.9975547404690452 0.638085742771685 89.75 3.5555555555555554 0.8100000000000005
0.9955540735800823 0.6350947158524427 89.57 3.5388888888888888 0.8200000000000005
0.9907747026786706 0.6271186440677966 89.14 3.4944444444444445 0.8300000000000005
0.9826608869623208 0.6161515453639083 88.41 3.433333333333333 0.8400000000000005
0.9674335889741025 0.6001994017946162 87.04 3.3444444444444446 0.8500000000000005
0.9454262531955097 0.5523429710867398 85.06 3.077777777777778 0.8600000000000005
0.9119706568856285 0.5094715852442672 82.05 2.838888888888889 0.8700000000000006
0.8700678003779038 0.452642073778664 78.28 2.522222222222222 0.8800000000000006
0.8139379793264422 0.3918245264207378 73.23 2.183333333333333 0.8900000000000006
0.7540291208180505 0.31106679960119643 67.84 1.7333333333333334 0.9000000000000006
0.6945648549516505 0.22831505483549352 62.49 1.2722222222222221 0.9100000000000006
0.6444370345670779 0.16151545363908276 57.98 0.9 0.9200000000000006
0.606757808158275 0.10667996011964108 54.59 0.5944444444444444 0.9300000000000006
0.5767478048238301 0.08374875373878365 51.89 0.4666666666666667 0.9400000000000006
0.5559630988107147 0.06380857427716849 50.02 0.35555555555555557 0.9500000000000006
0.5376236523285539 0.0518444666001994 48.37 0.28888888888888886 0.9600000000000006
0.5221740580193398 0.049850448654037885 46.98 0.2777777777777778 0.9700000000000006
0.4871623874624875 0.049850448654037885 43.83 0.2777777777777778 0.9800000000000006
0.38635100589085253 0.049850448654037885 34.76 0.2777777777777778 0.9900000000000007
0.0 0.0 0.0 0.0
