1.0 1.0 29.99 200.6 0.0
1.0 0.9651046859421735 29.99 193.6 0.01
1.0 0.9072781655034895 29.99 182.0 0.02
1.0 0.8813559322033898 29.99 176.8 0.03
1.0 0.8703888334995015 29.99 174.6 0.04
1.0 0.8564307078763709 29.99 171.8 0.05
1.0 0.827517447657029 29.99 166.0 0.060000000000000005
1.0 0.827517447657029 29.99 166.0 0.07
1.0 0.8175473579262214 29.99 164.0 0.08
1.0 0.7986041874376869 29.99 160.2 0.09
1.0 0.7906281156530409 29.99 158.6 0.09999999999999999
1.0 0.7866400797607178 29.99 157.8 0.10999999999999999
1.0 0.7786640079760718 29.99 156.2 0.11999999999999998
1.0 0.7766699900299102 29.99 155.8 0.12999999999999998
1.0 0.7686939182452642 29.99 154.2 0.13999999999999999
1.0 0.7627118644067796 29.99 153.0 0.15
1.0 0.7587238285144566 29.99 152.2 0.16
1.0 0.7537387836490529 29.99 151.2 0.17
1.0 0.7387836490528414 29.99 148.2 0.18000000000000002
1.0 0.732801595214357 29.99 147.0 0.19000000000000003
1.0 0.7278165503489531 29.99 146.0 0.20000000000000004
1.0 0.7178464606181456 29.99 144.0 0.21000000000000005
1.0 0.7108673978065803 29.99 142.6 0.22000000000000006
1.0 0.7068793619142573 29.99 141.8 0.23000000000000007
1.0 0.6999002991026919 29.99 140.4 0.24000000000000007
1.0 0.6959122632103689 29.99 139.6 0.25000000000000006
1.0 0.6939182452642074 29.99 139.2 0.26000000000000006
1.0 0.6929212362911267 29.99 139.0 0.2700000000000001
1.0 0.6879361914257228 29.99 138.0 0.2800000000000001
1.0 0.6859421734795613 29.99 137.6 0.2900000000000001
1.0 0.6829511465603191 29.99 137.0 0.3000000000000001
1.0 0.678963110667996 29.99 136.2 0.3100000000000001
1.0 0.6759720837487537 29.99 135.6 0.3200000000000001
1.0 0.674975074775673 29.99 135.4 0.3300000000000001
1.0 0.67098703888335 29.99 134.6 0.34000000000000014
1.0 0.6679960119641076 29.99 134.0 0.35000000000000014
1.0 0.6610169491525424 29.99 132.6 0.36000000000000015
1.0 0.6520438683948155 29.99 130.8 0.37000000000000016
1.0 0.6470588235294118 29.99 129.8 0.38000000000000017
1.0 0.6410767696909272 29.99 128.6 0.3900000000000002
1.0 0.6311066799601196 29.99 126.6 0.4000000000000002
1.0 0.6231306081754736 29.99 125.0 0.4100000000000002
1.0 0.6161515453639083 29.99 123.6 0.4200000000000002
1.0 0.6011964107676969 29.99 120.6 0.4300000000000002
1.0 0.5902293120638086 29.99 118.4 0.4400000000000002
1.0 0.5812562313060817 29.99 116.6 0.45000000000000023
1.0 0.5682951146560319 29.99 114.0 0.46000000000000024
1.0 0.5613160518444666 29.99 112.6 0.47000000000000025
1.0 0.555333998005982 29.99 111.4 0.48000000000000026
1.0 0.5533399800598205 29.99 111.0 0.49000000000000027
1.0 0.5483549351944168 29.99 110.0 0.5000000000000002
1.0 0.5423728813559322 29.99 108.8 0.5100000000000002
1.0 0.5373878364905285 29.99 107.8 0.5200000000000002
1.0 0.5333998005982054 29.99 107.0 0.5300000000000002
1.0 0.5314057826520439 29.99 106.6 0.5400000000000003
1.0 0.5264207377866401 29.99 105.6 0.5500000000000003
1.0 0.5244267198404786 29.99 105.2 0.5600000000000003
1.0 0.5234297108673978 29.99 105.0 0.5700000000000003
1.0 0.5204386839481555 29.99 104.4 0.5800000000000003
1.0 0.5194416749750748 29.99 104.2 0.5900000000000003
1.0 0.5174476570289133 29.99 103.8 0.6000000000000003
1.0 0.5154536390827518 29.99 103.4 0.6100000000000003
1.0 0.5154536390827518 29.99 103.4 0.6200000000000003
1.0 0.5094715852442672 29.99 102.2 0.6300000000000003
1.0 0.5074775672981057 29.99 101.8 0.6400000000000003
1.0 0.5014955134596212 29.99 100.6 0.6500000000000004
1.0 0.4985044865403789 29.99 100.0 0.6600000000000004
1.0 0.4905284147557328 29.99 98.4 0.6700000000000004
1.0 0.4765702891326022 29.99 95.6 0.6800000000000004
1.0 0.46560319042871384 29.99 93.4 0.6900000000000004
1.0 0.4546360917248255 29.99 91.2 0.7000000000000004
1.0 0.44167497507477566 29.99 88.6 0.7100000000000004
1.0 0.4127617148554337 29.99 82.8 0.7200000000000004
1.0 0.3918245264207378 29.99 78.6 0.7300000000000004
1.0 0.3748753738783649 29.99 75.2 0.7400000000000004
1.0 0.36191425722831505 29.99 72.6 0.7500000000000004
1.0 0.34496510468594216 29.99 69.2 0.7600000000000005
1.0 0.33100697906281157 29.99 66.4 0.7700000000000005
1.0 0.3220338983050847 29.99 64.6 0.7800000000000005
0.999888851839502 0.31306081754735793 29.986666666666668 62.8 0.7900000000000005
0.999888851839502 0.30309072781655033 29.986666666666668 60.8 0.8000000000000005
0.9997777036790041 0.29611166500498504 29.983333333333334 59.4 0.8100000000000005
0.9992219628765144 0.2931206380857428 29.966666666666665 58.8 0.8200000000000005
0.9987773702345226 0.28913260219341974 29.953333333333333 58.0 0.8300000000000005
0.9975547404690452 0.2811565304087737 29.916666666666668 56.4 0.8400000000000005
0.9948871846170946 0.2741774675972084 29.836666666666666 55.0 0.8500000000000005
0.9895520729131932 0.2662013958125623 29.676666666666666 53.4 0.8600000000000005
0.9815494053573414 0.24426719840478564 29.436666666666667 49.0 0.8700000000000006
0.970545737468045 0.22233300099700898 29.106666666666666 44.6 0.8800000000000006
0.9594309214182505 0.20438683948155534 28.773333333333333 41.0 0.8900000000000006
0.946648882960987 0.17347956131605186 28.39 34.8 0.9000000000000006
0.9330888073802378 0.14456630109670987 27.983333333333334 29.0 0.9100000000000006
0.9206402134044681 0.12462612163509472 27.61 25.0 0.9200000000000006
0.9108591752806491 0.10867397806580259 27.316666666666666 21.8 0.9300000000000006
0.9016338779593198 0.10468594217347957 27.04 21.0 0.9400000000000006
0.8948538401689452 0.09970089730807577 26.836666666666666 20.0 0.9500000000000006
0.8880738023785706 0.09571286141575275 26.633333333333333 19.2 0.9600000000000006
0.877625875291764 0.09571286141575275 26.32 19.2 0.9700000000000006
0.8551739468711793 0.09571286141575275 25.64666666666667 19.2 0.9800000000000006
0.7887073468934089 0.09471585244267199 23.653333333333332 19.0 0.9900000000000007
0.0 0.0 0.0 0.0
