1.0 1.0 9.996666666666666 28.65714285714286 0.0
1.0 0.5942173479561316 9.996666666666666 17.02857142857143 0.01
1.0 0.4596211365902293 9.996666666666666 13.17142857142857 0.02
1.0 0.40279162512462613 9.996666666666666 11.542857142857143 0.03
1.0 0.37686939182452645 9.996666666666666 10.8 0.04
1.0 0.3389830508474576 9.996666666666666 9.714285714285714 0.05
1.0 0.30109670987038883 9.996666666666666 8.628571428571428 0.060000000000000005
1.0 0.30109670987038883 9.996666666666666 8.628571428571428 0.07
1.0 0.2901296111665005 9.996666666666666 8.314285714285715 0.08
1.0 0.2781655034895314 9.996666666666666 7.9714285714285715 0.09
1.0 0.26719840478564305 9.996666666666666 7.6571428571428575 0.09999999999999999
1.0 0.2622133599202393 9.996666666666666 7.514285714285714 0.10999999999999999
1.0 0.2572283150548355 9.996666666666666 7.371428571428571 0.11999999999999998
1.0 0.25324027916251246 9.996666666666666 7.257142857142857 0.12999999999999998
1.0 0.25124626121635096 9.996666666666666 7.2 0.13999999999999999
1.0 0.2472582253240279 9.996666666666666 7.085714285714285 0.15
1.0 0.23928215353938184 9.996666666666666 6.857142857142857 0.16
1.0 0.2333000997008973 9.996666666666666 6.685714285714286 0.17
1.0 0.22333000997008973 9.996666666666666 6.4 0.18000000000000002
1.0 0.21635094715852443 9.996666666666666 6.2 0.19000000000000003
1.0 0.21136590229312063 9.996666666666666 6.057142857142857 0.20000000000000004
1.0 0.20638085742771686 9.996666666666666 5.914285714285715 0.21000000000000005
1.0 0.19641076769690927 9.996666666666666 5.628571428571429 0.22000000000000006
1.0 0.19042871385842472 9.996666666666666 5.457142857142857 0.23000000000000007
1.0 0.18843469591226322 9.996666666666666 5.4 0.24000000000000007
1.0 0.18743768693918245 9.996666666666666 5.371428571428571 0.25000000000000006
1.0 0.18444666001994017 9.996666666666666 5.285714285714286 0.26000000000000006
1.0 0.18344965104685942 9.996666666666666 5.257142857142857 0.2700000000000001
1.0 0.18344965104685942 9.996666666666666 5.257142857142857 0.2800000000000001
1.0 0.18245264207377868 9.996666666666666 5.228571428571429 0.2900000000000001
1.0 0.18245264207377868 9.996666666666666 5.228571428571429 0.3000000000000001
1.0 0.1814556331006979 9.996666666666666 5.2 0.3100000000000001
1.0 0.1814556331006979 9.996666666666666 5.2 0.3200000000000001
1.0 0.1794616151545364 9.996666666666666 5.142857142857143 0.3300000000000001
1.0 0.17746759720837488 9.996666666666666 5.085714285714285 0.34000000000000014
1.0 0.17547357926221335 9.996666666666666 5.0285714285714285 0.35000000000000014
1.0 0.1744765702891326 9.996666666666666 5.0 0.36000000000000015
1.0 0.1744765702891326 9.996666666666666 5.0 0.37000000000000016
1.0 0.17248255234297108 9.996666666666666 4.942857142857143 0.38000000000000017
1.0 0.1694915254237288 9.996666666666666 4.857142857142857 0.3900000000000002
1.0 0.16550348953140578 9.996666666666666 4.742857142857143 0.4000000000000002
1.0 0.1625124626121635 9.996666666666666 4.6571428571428575 0.4100000000000002
1.0 0.1625124626121635 9.996666666666666 4.6571428571428575 0.4200000000000002
1.0 0.15952143569292124 9.996666666666666 4.571428571428571 0.4300000000000002
1.0 0.15653040877367896 9.996666666666666 4.485714285714286 0.4400000000000002
1.0 0.14955134596211367 9.996666666666666 4.285714285714286 0.45000000000000023
1.0 0.1465603190428714 9.996666666666666 4.2 0.46000000000000024
1.0 0.14456630109670987 9.996666666666666 4.142857142857143 0.47000000000000025
1.0 0.14456630109670987 9.996666666666666 4.142857142857143 0.48000000000000026
1.0 0.14356929212362912 9.996666666666666 4.114285714285714 0.49000000000000027
1.0 0.1415752741774676 9.996666666666666 4.057142857142857 0.5000000000000002
1.0 0.1415752741774676 9.996666666666666 4.057142857142857 0.5100000000000002
1.0 0.13958125623130607 9.996666666666666 4.0 0.5200000000000002
1.0 0.13958125623130607 9.996666666666666 4.0 0.5300000000000002
1.0 0.13958125623130607 9.996666666666666 4.0 0.5400000000000003
1.0 0.13958125623130607 9.996666666666666 4.0 0.5500000000000003
1.0 0.13958125623130607 9.996666666666666 4.0 0.5600000000000003
1.0 0.13958125623130607 9.996666666666666 4.0 0.5700000000000003
1.0 0.13958125623130607 9.996666666666666 4.0 0.5800000000000003
1.0 0.13958125623130607 9.996666666666666 4.0 0.5900000000000003
1.0 0.13958125623130607 9.996666666666666 4.0 0.6000000000000003
1.0 0.13958125623130607 9.996666666666666 4.0 0.6100000000000003
1.0 0.13958125623130607 9.996666666666666 4.0 0.6200000000000003
1.0 0.13958125623130607 9.996666666666666 4.0 0.6300000000000003
1.0 0.13758723828514458 9.996666666666666 3.942857142857143 0.6400000000000003
1.0 0.1365902293120638 9.996666666666666 3.914285714285714 0.6500000000000004
1.0 0.1345962113659023 9.996666666666666 3.857142857142857 0.6600000000000004
1.0 0.1296111665004985 9.996666666666666 3.7142857142857144 0.6700000000000004
1.0 0.12761714855433698 9.996666666666666 3.657142857142857 0.6800000000000004
1.0 0.12562313060817548 9.996666666666666 3.6 0.6900000000000004
1.0 0.12462612163509472 9.996666666666666 3.5714285714285716 0.7000000000000004
1.0 0.12063808574277168 9.996666666666666 3.4571428571428573 0.7100000000000004
1.0 0.11764705882352941 9.996666666666666 3.3714285714285714 0.7200000000000004
1.0 0.11764705882352941 9.996666666666666 3.3714285714285714 0.7300000000000004
1.0 0.1156530408773679 9.996666666666666 3.3142857142857145 0.7400000000000004
1.0 0.11266201395812563 9.996666666666666 3.2285714285714286 0.7500000000000004
1.0 0.10867397806580259 9.996666666666666 3.1142857142857143 0.7600000000000005
1.0 0.10667996011964108 9.996666666666666 3.057142857142857 0.7700000000000005
1.0 0.10667996011964108 9.996666666666666 3.057142857142857 0.7800000000000005
1.0 0.10667996011964108 9.996666666666666 3.057142857142857 0.7900000000000005
1.0 0.10568295114656032 9.996666666666666 3.0285714285714285 0.8000000000000005
0.999888851839502 0.10568295114656032 9.995555555555555 3.0285714285714285 0.8100000000000005
0.999888851839502 0.10568295114656032 9.995555555555555 3.0285714285714285 0.8200000000000005
0.999888851839502 0.10568295114656032 9.995555555555555 3.0285714285714285 0.8300000000000005
0.999888851839502 0.10568295114656032 9.995555555555555 3.0285714285714285 0.8400000000000005
0.999888851839502 0.10568295114656032 9.995555555555555 3.0285714285714285 0.8500000000000005
0.999888851839502 0.10568295114656032 9.995555555555555 3.0285714285714285 0.8600000000000005
0.9994442591975102 0.1036889332003988 9.991111111111111 2.9714285714285715 0.8700000000000006
0.9993331110370124 0.10269192422731804 9.99 2.942857142857143 0.8800000000000006
0.9989996665555185 0.10269192422731804 9.986666666666666 2.942857142857143 0.8900000000000006
0.9988885183950206 0.10069790628115653 9.985555555555555 2.8857142857142857 0.9000000000000006
0.9986662220740247 0.09870388833499502 9.983333333333333 2.8285714285714287 0.9100000000000006
0.9984439257530288 0.0967098703888335 9.981111111111112 2.7714285714285714 0.9200000000000006
0.998110481271535 0.09571286141575275 9.977777777777778 2.742857142857143 0.9300000000000006
0.9977770367900411 0.09371884346959122 9.974444444444444 2.6857142857142855 0.9400000000000006
0.9976658886295432 0.09371884346959122 9.973333333333333 2.6857142857142855 0.9500000000000006
0.9973324441480493 0.09272183449651047 9.97 2.657142857142857 0.9600000000000006
0.9967767033455597 0.09272183449651047 9.964444444444444 2.657142857142857 0.9700000000000006
0.9957763699010781 0.09272183449651047 9.954444444444444 2.657142857142857 0.9800000000000006
0.9914415916416583 0.09272183449651047 9.911111111111111 2.657142857142857 0.9900000000000007
0.0 0.0 0.0 0.0
