1.0 1.0 44.985 20.06 0.0
1.0 0.9770687936191426 44.985 19.6 0.01
1.0 0.9561316051844466 44.985 19.18 0.02
1.0 0.9411764705882353 44.985 18.88 0.03
1.0 0.9312063808574277 44.985 18.68 0.04
1.0 0.9172482552342971 44.985 18.4 0.05
1.0 0.8973080757726819 44.985 18.0 0.060000000000000005
1.0 0.8973080757726819 44.985 18.0 0.07
1.0 0.8923230309072782 44.985 17.9 0.08
1.0 0.8893320039880359 44.985 17.84 0.09
1.0 0.8863409770687937 44.985 17.78 0.09999999999999999
1.0 0.8843469591226321 44.985 17.74 0.10999999999999999
1.0 0.8843469591226321 44.985 17.74 0.11999999999999998
1.0 0.8793619142572283 44.985 17.64 0.12999999999999998
1.0 0.8733798604187437 44.985 17.52 0.13999999999999999
1.0 0.8693918245264207 44.985 17.44 0.15
1.0 0.864406779661017 44.985 17.34 0.16
1.0 0.8564307078763709 44.985 17.18 0.17
1.0 0.843469591226321 44.985 16.92 0.18000000000000002
1.0 0.8315054835493519 44.985 16.68 0.19000000000000003
1.0 0.8145563310069791 44.985 16.34 0.20000000000000004
1.0 0.8115653040877367 44.985 16.28 0.21000000000000005
1.0 0.8085742771684945 44.985 16.22 0.22000000000000006
1.0 0.80259222333001 44.985 16.1 0.23000000000000007
1.0 0.8005982053838484 44.985 16.06 0.24000000000000007
1.0 0.8005982053838484 44.985 16.06 0.25000000000000006
1.0 0.8005982053838484 44.985 16.06 0.26000000000000006
1.0 0.7986041874376869 44.985 16.02 0.2700000000000001
1.0 0.7966101694915254 44.985 15.98 0.2800000000000001
1.0 0.7946161515453639 44.985 15.94 0.2900000000000001
1.0 0.7946161515453639 44.985 15.94 0.3000000000000001
1.0 0.7936191425722832 44.985 15.92 0.3100000000000001
1.0 0.7906281156530409 44.985 15.86 0.3200000000000001
1.0 0.7896311066799602 44.985 15.84 0.3300000000000001
1.0 0.7866400797607178 44.985 15.78 0.34000000000000014
1.0 0.7806580259222333 44.985 15.66 0.35000000000000014
1.0 0.7786640079760718 44.985 15.62 0.36000000000000015
1.0 0.7746759720837487 44.985 15.54 0.37000000000000016
1.0 0.7706879361914257 44.985 15.46 0.38000000000000017
1.0 0.7627118644067796 44.985 15.3 0.3900000000000002
1.0 0.752741774675972 44.985 15.1 0.4000000000000002
1.0 0.7437686939182453 44.985 14.92 0.4100000000000002
1.0 0.7308075772681955 44.985 14.66 0.4200000000000002
1.0 0.7248255234297108 44.985 14.54 0.4300000000000002
1.0 0.7138584247258225 44.985 14.32 0.4400000000000002
1.0 0.6979062811565304 44.985 14.0 0.45000000000000023
1.0 0.6919242273180458 44.985 13.88 0.46000000000000024
1.0 0.6889332003988036 44.985 13.82 0.47000000000000025
1.0 0.6799601196410767 44.985 13.64 0.48000000000000026
1.0 0.6699900299102692 44.985 13.44 0.49000000000000027
1.0 0.6620139581256231 44.985 13.28 0.5000000000000002
1.0 0.6560319042871385 44.985 13.16 0.5100000000000002
1.0 0.6530408773678963 44.985 13.1 0.5200000000000002
1.0 0.646061814556331 44.985 12.96 0.5300000000000002
1.0 0.6420737786640079 44.985 12.88 0.5400000000000003
1.0 0.6410767696909272 44.985 12.86 0.5500000000000003
1.0 0.638085742771685 44.985 12.8 0.5600000000000003
1.0 0.6370887337986042 44.985 12.78 0.5700000000000003
1.0 0.6360917248255235 44.985 12.76 0.5800000000000003
1.0 0.6331006979062812 44.985 12.7 0.5900000000000003
1.0 0.6291126620139581 44.985 12.62 0.6000000000000003
1.0 0.6251246261216351 44.985 12.54 0.6100000000000003
1.0 0.6251246261216351 44.985 12.54 0.6200000000000003
1.0 0.6241276171485544 44.985 12.52 0.6300000000000003
1.0 0.6181455633100698 44.985 12.4 0.6400000000000003
1.0 0.6081754735792622 44.985 12.2 0.6500000000000004
1.0 0.6011964107676969 44.985 12.06 0.6600000000000004
1.0 0.5952143569292123 44.985 11.94 0.6700000000000004
1.0 0.5772681954137587 44.985 11.58 0.6800000000000004
1.0 0.5613160518444666 44.985 11.26 0.6900000000000004
1.0 0.5473579262213359 44.985 10.98 0.7000000000000004
1.0 0.5274177467597209 44.985 10.58 0.7100000000000004
1.0 0.5004985044865404 44.985 10.04 0.7200000000000004
1.0 0.47557328015952144 44.985 9.54 0.7300000000000004
1.0 0.45663010967098705 44.985 9.16 0.7400000000000004
1.0 0.43768693918245266 44.985 8.78 0.7500000000000004
1.0 0.419740777666999 44.985 8.42 0.7600000000000005
1.0 0.4017946161515454 44.985 8.06 0.7700000000000005
1.0 0.38883349950149554 44.985 7.8 0.7800000000000005
1.0 0.37686939182452645 44.985 7.56 0.7900000000000005
1.0 0.3678963110667996 44.985 7.38 0.8000000000000005
0.9994442591975102 0.36191425722831505 44.96 7.26 0.8100000000000005
0.9988885183950206 0.357926221335992 44.935 7.18 0.8200000000000005
0.9971101478270534 0.3459621136590229 44.855 6.94 0.8300000000000005
0.9948871846170946 0.33798604187437686 44.755 6.78 0.8400000000000005
0.9896632210736912 0.33100697906281157 44.52 6.64 0.8500000000000005
0.9817717016783373 0.3040877367896311 44.165 6.1 0.8600000000000005
0.9696565521840613 0.27218344965104685 43.62 5.46 0.8700000000000006
0.9562076247638102 0.24227318045862412 43.015 4.86 0.8800000000000006
0.9352006224296988 0.20638085742771686 42.07 4.14 0.8900000000000006
0.9158608425030565 0.15653040877367896 41.2 3.14 0.9000000000000006
0.8924085806379904 0.10468594217347957 40.145 2.1 0.9100000000000006
0.8726242080693565 0.06380857427716849 39.255 1.28 0.9200000000000006
0.85784150272313 0.03389830508474576 38.59 0.68 0.9300000000000006
0.8441702789818829 0.01694915254237288 37.975 0.34 0.9400000000000006
0.8339446482160721 0.007976071784646061 37.515 0.16 0.9500000000000006
0.8242747582527509 0.0029910269192422734 37.08 0.06 0.9600000000000006
0.8088251639435368 9.970089730807576E-4 36.385 0.02 0.9700000000000006
0.7735911970656886 0.0 34.8 0.0 0.9800000000000006
0.685784150272313 0.0 30.85 0.0 0.9900000000000007
0.0 0.0 0.0 0.0
