1.0 1.0 89.97 20.06 0.0
1.0 0.9950149551345963 89.97 19.96 0.01
1.0 0.9870388833499502 89.97 19.8 0.02
1.0 0.9810568295114656 89.97 19.68 0.03
1.0 0.9740777666999003 89.97 19.54 0.04
1.0 0.9680957128614157 89.97 19.42 0.05
1.0 0.9621136590229312 89.97 19.3 0.060000000000000005
1.0 0.9621136590229312 89.97 19.3 0.07
1.0 0.9541375872382851 89.97 19.14 0.08
1.0 0.9481555333998006 89.97 19.02 0.09
1.0 0.9431704885343968 89.97 18.92 0.09999999999999999
1.0 0.9411764705882353 89.97 18.88 0.10999999999999999
1.0 0.9371884346959123 89.97 18.8 0.11999999999999998
1.0 0.9332003988035892 89.97 18.72 0.12999999999999998
1.0 0.9322033898305084 89.97 18.7 0.13999999999999999
1.0 0.9272183449651047 89.97 18.6 0.15
1.0 0.9232303090727817 89.97 18.52 0.16
1.0 0.9182452642073778 89.97 18.42 0.17
1.0 0.9072781655034895 89.97 18.2 0.18000000000000002
1.0 0.8983050847457628 89.97 18.02 0.19000000000000003
1.0 0.8933200398803589 89.97 17.92 0.20000000000000004
1.0 0.8873379860418744 89.97 17.8 0.21000000000000005
1.0 0.8813559322033898 89.97 17.68 0.22000000000000006
1.0 0.8803589232303091 89.97 17.66 0.23000000000000007
1.0 0.8793619142572283 89.97 17.64 0.24000000000000007
1.0 0.8793619142572283 89.97 17.64 0.25000000000000006
1.0 0.8793619142572283 89.97 17.64 0.26000000000000006
1.0 0.8793619142572283 89.97 17.64 0.2700000000000001
1.0 0.8793619142572283 89.97 17.64 0.2800000000000001
1.0 0.8793619142572283 89.97 17.64 0.2900000000000001
1.0 0.8793619142572283 89.97 17.64 0.3000000000000001
1.0 0.8793619142572283 89.97 17.64 0.3100000000000001
1.0 0.8793619142572283 89.97 17.64 0.3200000000000001
1.0 0.8793619142572283 89.97 17.64 0.3300000000000001
1.0 0.8783649052841476 89.97 17.62 0.34000000000000014
1.0 0.8773678963110668 89.97 17.6 0.35000000000000014
1.0 0.8733798604187437 89.97 17.52 0.36000000000000015
1.0 0.8733798604187437 89.97 17.52 0.37000000000000016
1.0 0.872382851445663 89.97 17.5 0.38000000000000017
1.0 0.8703888334995015 89.97 17.46 0.3900000000000002
1.0 0.8703888334995015 89.97 17.46 0.4000000000000002
1.0 0.8664007976071785 89.97 17.38 0.4100000000000002
1.0 0.8624127617148555 89.97 17.3 0.4200000000000002
1.0 0.8564307078763709 89.97 17.18 0.4300000000000002
1.0 0.8544366899302094 89.97 17.14 0.4400000000000002
1.0 0.8484546360917248 89.97 17.02 0.45000000000000023
1.0 0.8424725822532403 89.97 16.9 0.46000000000000024
1.0 0.8414755732801595 89.97 16.88 0.47000000000000025
1.0 0.8384845463609173 89.97 16.82 0.48000000000000026
1.0 0.8354935194416749 89.97 16.76 0.49000000000000027
1.0 0.8334995014955134 89.97 16.72 0.5000000000000002
1.0 0.8325024925224327 89.97 16.7 0.5100000000000002
1.0 0.8325024925224327 89.97 16.7 0.5200000000000002
1.0 0.8325024925224327 89.97 16.7 0.5300000000000002
1.0 0.8315054835493519 89.97 16.68 0.5400000000000003
1.0 0.8295114656031904 89.97 16.64 0.5500000000000003
1.0 0.8285144566301097 89.97 16.62 0.5600000000000003
1.0 0.8285144566301097 89.97 16.62 0.5700000000000003
1.0 0.827517447657029 89.97 16.6 0.5800000000000003
1.0 0.827517447657029 89.97 16.6 0.5900000000000003
1.0 0.8245264207377866 89.97 16.54 0.6000000000000003
1.0 0.8225324027916251 89.97 16.5 0.6100000000000003
1.0 0.8205383848454636 89.97 16.46 0.6200000000000003
1.0 0.8165503489531406 89.97 16.38 0.6300000000000003
1.0 0.8145563310069791 89.97 16.34 0.6400000000000003
1.0 0.8115653040877367 89.97 16.28 0.6500000000000004
1.0 0.8075772681954138 89.97 16.2 0.6600000000000004
1.0 0.7976071784646062 89.97 16.0 0.6700000000000004
1.0 0.7836490528414756 89.97 15.72 0.6800000000000004
1.0 0.7676969092721835 89.97 15.4 0.6900000000000004
1.0 0.7537387836490529 89.97 15.12 0.7000000000000004
1.0 0.7357926221335992 89.97 14.76 0.7100000000000004
1.0 0.7188434695912264 89.97 14.42 0.7200000000000004
1.0 0.7058823529411765 89.97 14.16 0.7300000000000004
1.0 0.6969092721834497 89.97 13.98 0.7400000000000004
1.0 0.67098703888335 89.97 13.46 0.7500000000000004
1.0 0.6570289132602194 89.97 13.18 0.7600000000000005
1.0 0.6490528414755733 89.97 13.02 0.7700000000000005
0.9997777036790041 0.6420737786640079 89.95 12.88 0.7800000000000005
0.9995554073580082 0.6311066799601196 89.93 12.66 0.7900000000000005
0.9992219628765144 0.6251246261216351 89.9 12.54 0.8000000000000005
0.9982216294320329 0.6181455633100698 89.81 12.4 0.8100000000000005
0.996109814382572 0.6151545363908275 89.62 12.34 0.8200000000000005
0.9926642214071357 0.6041874376869392 89.31 12.12 0.8300000000000005
0.9851061464932755 0.5922233300099701 88.63 11.88 0.8400000000000005
0.9742136267644771 0.5772681954137587 87.65 11.58 0.8500000000000005
0.9553184394798266 0.5443668993020937 85.95 10.92 0.8600000000000005
0.9273091030343448 0.5124626121635095 83.43 10.28 0.8700000000000006
0.8891852839835501 0.4675972083748754 80.0 9.38 0.8800000000000006
0.8392797599199733 0.4097706879361914 75.51 8.22 0.8900000000000006
0.7871512726464377 0.3320039880358923 70.82 6.66 0.9000000000000006
0.7340224519284206 0.25623130608175476 66.04 5.14 0.9100000000000006
0.6904523730132266 0.19242273180458624 62.12 3.86 0.9200000000000006
0.652217405801934 0.14755732801595214 58.68 2.96 0.9300000000000006
0.6267644770479048 0.11764705882352941 56.39 2.36 0.9400000000000006
0.6092030676892297 0.10667996011964108 54.81 2.14 0.9500000000000006
0.5985328442814272 0.0967098703888335 53.85 1.94 0.9600000000000006
0.583083249972213 0.09571286141575275 52.46 1.92 0.9700000000000006
0.5480715794153607 0.09471585244267199 49.31 1.9 0.9800000000000006
0.44670445704123596 0.09371884346959122 40.19 1.88 0.9900000000000007
0.0 0.0 0.0 0.0
