1.0 1.0 89.97 Infinity 0.0
1.0 1.0 89.97 Infinity 0.01
1.0 0.9940179461615155 89.97 Infinity 0.02
1.0 0.9840478564307079 89.97 Infinity 0.03
1.0 0.9790628115653041 89.97 Infinity 0.04
1.0 0.9750747756729811 89.97 Infinity 0.05
1.0 0.967098703888335 89.97 Infinity 0.060000000000000005
1.0 0.967098703888335 89.97 Infinity 0.07
1.0 0.9651046859421735 89.97 Infinity 0.08
1.0 0.9621136590229312 89.97 Infinity 0.09
1.0 0.9621136590229312 89.97 Infinity 0.09999999999999999
1.0 0.9601196410767697 89.97 Infinity 0.10999999999999999
1.0 0.9601196410767697 89.97 Infinity 0.11999999999999998
1.0 0.9601196410767697 89.97 Infinity 0.12999999999999998
1.0 0.959122632103689 89.97 Infinity 0.13999999999999999
1.0 0.9561316051844466 89.97 Infinity 0.15
1.0 0.9531405782652044 89.97 Infinity 0.16
1.0 0.9481555333998006 89.97 Infinity 0.17
1.0 0.9431704885343968 89.97 Infinity 0.18000000000000002
1.0 0.9401794616151545 89.97 Infinity 0.19000000000000003
1.0 0.9371884346959123 89.97 Infinity 0.20000000000000004
1.0 0.9351944167497508 89.97 Infinity 0.21000000000000005
1.0 0.9322033898305084 89.97 Infinity 0.22000000000000006
1.0 0.9292123629112662 89.97 Infinity 0.23000000000000007
1.0 0.9262213359920239 89.97 Infinity 0.24000000000000007
1.0 0.9262213359920239 89.97 Infinity 0.25000000000000006
1.0 0.9262213359920239 89.97 Infinity 0.26000000000000006
1.0 0.9252243270189432 89.97 Infinity 0.2700000000000001
1.0 0.9252243270189432 89.97 Infinity 0.2800000000000001
1.0 0.9242273180458624 89.97 Infinity 0.2900000000000001
1.0 0.9242273180458624 89.97 Infinity 0.3000000000000001
1.0 0.9242273180458624 89.97 Infinity 0.3100000000000001
1.0 0.9242273180458624 89.97 Infinity 0.3200000000000001
1.0 0.9232303090727817 89.97 Infinity 0.3300000000000001
1.0 0.9232303090727817 89.97 Infinity 0.34000000000000014
1.0 0.922233300099701 89.97 Infinity 0.35000000000000014
1.0 0.9212362911266201 89.97 Infinity 0.36000000000000015
1.0 0.9202392821535393 89.97 Infinity 0.37000000000000016
1.0 0.9182452642073778 89.97 Infinity 0.38000000000000017
1.0 0.9152542372881356 89.97 Infinity 0.3900000000000002
1.0 0.9132602193419741 89.97 Infinity 0.4000000000000002
1.0 0.9102691924227319 89.97 Infinity 0.4100000000000002
1.0 0.909272183449651 89.97 Infinity 0.4200000000000002
1.0 0.9062811565304087 89.97 Infinity 0.4300000000000002
1.0 0.9032901296111665 89.97 Infinity 0.4400000000000002
1.0 0.8983050847457628 89.97 Infinity 0.45000000000000023
1.0 0.8943170488534397 89.97 Infinity 0.46000000000000024
1.0 0.8863409770687937 89.97 Infinity 0.47000000000000025
1.0 0.8803589232303091 89.97 Infinity 0.48000000000000026
1.0 0.8773678963110668 89.97 Infinity 0.49000000000000027
1.0 0.8753738783649053 89.97 Infinity 0.5000000000000002
1.0 0.8743768693918246 89.97 Infinity 0.5100000000000002
1.0 0.8713858424725822 89.97 Infinity 0.5200000000000002
1.0 0.8703888334995015 89.97 Infinity 0.5300000000000002
1.0 0.8703888334995015 89.97 Infinity 0.5400000000000003
1.0 0.86839481555334 89.97 Infinity 0.5500000000000003
1.0 0.8673978065802592 89.97 Infinity 0.5600000000000003
1.0 0.8673978065802592 89.97 Infinity 0.5700000000000003
1.0 0.8664007976071785 89.97 Infinity 0.5800000000000003
1.0 0.8664007976071785 89.97 Infinity 0.5900000000000003
1.0 0.864406779661017 89.97 Infinity 0.6000000000000003
1.0 0.864406779661017 89.97 Infinity 0.6100000000000003
1.0 0.8624127617148555 89.97 Infinity 0.6200000000000003
1.0 0.8594217347956131 89.97 Infinity 0.6300000000000003
1.0 0.8554336989032901 89.97 Infinity 0.6400000000000003
1.0 0.8494516450648056 89.97 Infinity 0.6500000000000004
1.0 0.839481555333998 89.97 Infinity 0.6600000000000004
1.0 0.8295114656031904 89.97 Infinity 0.6700000000000004
1.0 0.8175473579262214 89.97 Infinity 0.6800000000000004
1.0 0.8055832502492523 89.97 Infinity 0.6900000000000004
1.0 0.8005982053838484 89.97 Infinity 0.7000000000000004
1.0 0.7866400797607178 89.97 Infinity 0.7100000000000004
1.0 0.7577268195413759 89.97 Infinity 0.7200000000000004
1.0 0.732801595214357 89.97 Infinity 0.7300000000000004
1.0 0.7148554336989033 89.97 Infinity 0.7400000000000004
1.0 0.6959122632103689 89.97 Infinity 0.7500000000000004
1.0 0.6839481555333998 89.97 Infinity 0.7600000000000005
1.0 0.6689930209371885 89.97 Infinity 0.7700000000000005
0.999888851839502 0.6520438683948155 89.96 Infinity 0.7800000000000005
0.9996665555185061 0.6450648055832503 89.94 Infinity 0.7900000000000005
0.9989996665555185 0.634097706879362 89.88 Infinity 0.8000000000000005
0.9976658886295432 0.6251246261216351 89.76 Infinity 0.8100000000000005
0.9956652217405801 0.6221335992023929 89.58 Infinity 0.8200000000000005
0.9913304434811604 0.613160518444666 89.19 Infinity 0.8300000000000005
0.9847727020117817 0.6031904287138584 88.6 Infinity 0.8400000000000005
0.9713237745915305 0.5832502492522432 87.39 Infinity 0.8500000000000005
0.9506502167389129 0.5383848454636092 85.53 Infinity 0.8600000000000005
0.9170834722685339 0.4885343968095713 82.51 Infinity 0.8700000000000006
0.8745137267978215 0.4267198404785643 78.68 Infinity 0.8800000000000006
0.8199399799933311 0.36889332003988035 73.77 Infinity 0.8900000000000006
0.7644770479048572 0.2761714855433699 68.78 Infinity 0.9000000000000006
0.7043458930754696 0.18843469591226322 63.37 Infinity 0.9100000000000006
0.652328553962432 0.11864406779661017 58.69 Infinity 0.9200000000000006
0.6127598088251639 0.06181455633100698 55.13 Infinity 0.9300000000000006
0.579081916194287 0.02991026919242273 52.1 Infinity 0.9400000000000006
0.5567411359342003 0.014955134596211365 50.09 Infinity 0.9500000000000006
0.5361787262420807 0.0029910269192422734 48.24 Infinity 0.9600000000000006
0.5172835389574303 9.970089730807576E-4 46.54 Infinity 0.9700000000000006
0.4808269423141047 9.970089730807576E-4 43.26 Infinity 0.9800000000000006
0.3876847838168278 0.0 34.88 NaN 0.9900000000000007
0.0 0.0 0.0 0.0
