0 12.72 10000 9329.539999999684
0 13.860000000000001 10000 9339.859999999664
10 20.0 10000 9299.849999999651
0 14.419999999999996 10000 9306.229999999687
10 20.0 10000 9352.079999999693
20 20.0 10000 9337.929999999642
30 20.0 10000 9348.899999999685
0 14.009999999999998 10000 9341.769999999686
10 20.0 10000 9339.109999999662
20 20.0 10000 9314.809999999658
30 20.0 10000 9301.509999999682
40 20.0 10000 9318.39999999966
50 20.0 10000 9317.58999999969
0 16.4 10000 9264.429999999684
5 20.0 10000 9349.339999999662
10 20.0 10000 9304.739999999661
15 20.0 10000 9348.45999999972
20 20.0 10000 9317.339999999691
25 20.0 10000 9380.229999999636
30 20.0 10000 9291.97999999967
35 20.0 10000 9349.349999999673
40 20.0 10000 9339.559999999645
45 20.0 10000 9321.079999999673
50 20.0 10000 9299.519999999677
0 39.22000000000002 10000 9328.469999999652
5 50.0 10000 9319.009999999687
10 50.0 10000 9357.809999999643
15 50.0 10000 9357.939999999662
20 50.0 10000 9364.179999999638
25 50.0 10000 9318.189999999684
30 50.0 10000 9398.199999999686
35 50.0 10000 9375.589999999682
40 50.0 10000 9328.039999999668
45 50.0 10000 9352.539999999637
50 50.0 10000 9334.869999999672
0 39.92000000000001 10000 9336.779999999651
5 50.0 10000 9306.539999999637
10 50.0 10000 9346.69999999964
15 50.0 10000 9359.849999999666
20 50.0 10000 9336.139999999692
25 50.0 10000 9369.859999999702
30 50.0 10000 9335.829999999689
35 50.0 10000 9317.059999999658
40 50.0 10000 9342.279999999713
45 50.0 10000 9322.879999999688
50 50.0 10000 9332.649999999658
55 50.0 10000 9339.529999999682
60 50.0 10000 9360.449999999713
65 50.0 10000 9345.109999999635
70 50.0 10000 9352.009999999704
75 50.0 10000 9338.90999999969
80 50.0 10000 9358.479999999723
85 50.0 10000 9335.269999999698
90 50.0 10000 9329.43999999966
95 50.0 10000 9305.049999999654
100 50.0 10000 9329.67999999965
105 50.0 10000 9320.079999999707
110 50.0 10000 9315.32999999968
115 50.0 10000 9333.359999999653
120 50.0 10000 9257.209999999694
125 50.0 10000 9390.46999999967
130 50.0 10000 9363.019999999722
135 50.0 10000 9378.779999999684
140 50.0 10000 9330.90999999969
145 50.0 10000 9341.679999999655
150 50.0 10000 9353.829999999654
155 50.0 10000 9360.819999999698
160 50.0 10000 9299.449999999673
165 50.0 10000 9390.219999999656
170 50.0 10000 9327.91999999962
175 50.0 10000 9345.679999999698
180 50.0 10000 9354.749999999678
185 50.0 10000 9328.20999999962
190 50.0 10000 9365.339999999669
195 50.0 10000 9349.879999999708
200 50.0 10000 9347.97999999968
205 50.0 10000 9318.849999999667
210 50.0 10000 9292.239999999669
215 50.0 10000 9300.159999999658
220 50.0 10000 9370.549999999683
225 50.0 10000 9351.969999999668
230 50.0 10000 9332.69999999969
235 50.0 10000 9318.979999999658
240 50.0 10000 9269.729999999683
245 50.0 10000 9350.63999999968
250 50.0 10000 9308.679999999678
255 50.0 10000 9367.259999999687
260 50.0 10000 9340.08999999967
265 50.0 10000 9375.42999999966
270 50.0 10000 9361.519999999655
275 50.0 10000 9326.659999999676
280 50.0 10000 9321.299999999703
285 50.0 10000 9294.809999999692
290 50.0 10000 9362.80999999964
295 50.0 10000 9336.759999999682
300 50.0 10000 9335.05999999968
305 50.0 10000 9316.41999999967
310 50.0 10000 9305.639999999636
315 50.0 10000 9317.369999999697
320 50.0 10000 9316.069999999669
325 50.0 10000 9336.459999999706
330 50.0 10000 9372.939999999679
335 50.0 10000 9299.619999999688
340 50.0 10000 9312.789999999657
345 50.0 10000 9309.549999999674
350 50.0 10000 9344.10999999969
355 50.0 10000 9330.649999999669
360 50.0 10000 9348.709999999686
365 50.0 10000 9333.859999999671
370 50.0 10000 9313.209999999668
375 50.0 10000 9398.509999999716
380 50.0 10000 9330.919999999667
385 50.0 10000 9358.649999999703
390 50.0 10000 9333.75999999974
395 50.0 10000 9380.429999999686
400 50.0 10000 9328.759999999686
405 50.0 10000 9282.94999999969
410 50.0 10000 9346.88999999967
415 50.0 10000 9344.129999999699
420 50.0 10000 9348.999999999642
425 50.0 10000 9287.879999999663
430 50.0 10000 9310.229999999705
435 50.0 10000 9347.409999999696
440 50.0 10000 9328.559999999718
445 50.0 10000 9324.889999999667
450 50.0 10000 9278.489999999705
455 50.0 10000 9361.309999999683
460 50.0 10000 9318.349999999631
465 50.0 10000 9354.699999999713
470 50.0 10000 9352.989999999661
475 50.0 10000 9340.459999999684
480 50.0 10000 9279.609999999644
485 50.0 10000 9366.119999999693
490 50.0 10000 9325.629999999657
495 50.0 10000 9320.629999999672
0 50.76999999999999 10000 9314.299999999697
5 70.0 10000 9291.609999999688
10 70.0 10000 9282.399999999672
15 70.0 10000 9389.249999999702
20 70.0 10000 9401.86999999968
25 70.0 10000 9339.579999999649
30 70.0 10000 9362.05999999967
35 70.0 10000 9360.00999999964
40 70.0 10000 9294.839999999684
45 70.0 10000 9331.489999999636
50 70.0 10000 9361.029999999671
55 70.0 10000 9364.659999999658
60 70.0 10000 9379.379999999665
65 70.0 10000 9301.449999999715
70 70.0 10000 9340.11999999968
75 70.0 10000 9394.479999999676
80 70.0 10000 9360.90999999966
85 70.0 10000 9364.549999999688
90 70.0 10000 9307.549999999694
95 70.0 10000 9369.549999999665
100 70.0 10000 9348.919999999689
0 69.18999999999997 10000 9342.019999999695
5 90.0 10000 9352.709999999694
10 90.0 10000 9348.229999999694
15 90.0 10000 9355.23999999967
20 90.0 10000 9339.269999999664
25 90.0 10000 9367.769999999684
30 90.0 10000 9429.909999999676
35 90.0 10000 9378.689999999695
40 90.0 10000 9332.259999999671
45 90.0 10000 9345.64999999966
50 90.0 10000 9330.429999999651
55 90.0 10000 9341.569999999665
60 90.0 10000 9342.899999999701
65 90.0 10000 9399.779999999677
70 90.0 10000 9365.419999999696
75 90.0 10000 9381.779999999633
80 90.0 10000 9328.499999999698
85 90.0 10000 9333.38999999968
90 90.0 10000 9322.999999999676
95 90.0 10000 9320.03999999967
100 90.0 10000 9380.979999999663
0 15.050000000000002 10000 9348.36999999966
5 20.0 10000 9340.119999999672
10 20.0 10000 9260.489999999703
15 20.0 10000 9328.569999999681
20 20.0 10000 9300.599999999671
25 20.0 10000 9320.239999999698
30 20.0 10000 9317.629999999683
35 20.0 10000 9297.80999999967
40 20.0 10000 9299.269999999668
45 20.0 10000 9276.599999999655
50 20.0 10000 9364.839999999673
