1.0 1.0 9.996666666666666 20.06 0.0
1.0 0.5643070787637089 9.996666666666666 11.32 0.01
1.0 0.43968095712861416 9.996666666666666 8.82 0.02
1.0 0.37686939182452645 9.996666666666666 7.56 0.03
1.0 0.35692921236291125 9.996666666666666 7.16 0.04
1.0 0.3320039880358923 9.996666666666666 6.66 0.05
1.0 0.27716849451645065 9.996666666666666 5.56 0.060000000000000005
1.0 0.27716849451645065 9.996666666666666 5.56 0.07
1.0 0.26321036889332006 9.996666666666666 5.28 0.08
1.0 0.2472582253240279 9.996666666666666 4.96 0.09
1.0 0.2333000997008973 9.996666666666666 4.68 0.09999999999999999
1.0 0.21535393818544366 9.996666666666666 4.32 0.10999999999999999
1.0 0.20837487537387836 9.996666666666666 4.18 0.11999999999999998
1.0 0.20139581256231306 9.996666666666666 4.04 0.12999999999999998
1.0 0.19541375872382852 9.996666666666666 3.92 0.13999999999999999
1.0 0.18843469591226322 9.996666666666666 3.78 0.15
1.0 0.1794616151545364 9.996666666666666 3.6 0.16
1.0 0.1744765702891326 9.996666666666666 3.5 0.17
1.0 0.1625124626121635 9.996666666666666 3.26 0.18000000000000002
1.0 0.1585244267198405 9.996666666666666 3.18 0.19000000000000003
1.0 0.1535393818544367 9.996666666666666 3.08 0.20000000000000004
1.0 0.14456630109670987 9.996666666666666 2.9 0.21000000000000005
1.0 0.1415752741774676 9.996666666666666 2.84 0.22000000000000006
1.0 0.13958125623130607 9.996666666666666 2.8 0.23000000000000007
1.0 0.1345962113659023 9.996666666666666 2.7 0.24000000000000007
1.0 0.13060817547357925 9.996666666666666 2.62 0.25000000000000006
1.0 0.12861415752741776 9.996666666666666 2.58 0.26000000000000006
1.0 0.12662013958125623 9.996666666666666 2.54 0.2700000000000001
1.0 0.12163509471585245 9.996666666666666 2.44 0.2800000000000001
1.0 0.11964107676969092 9.996666666666666 2.4 0.2900000000000001
1.0 0.11964107676969092 9.996666666666666 2.4 0.3000000000000001
1.0 0.11864406779661017 9.996666666666666 2.38 0.3100000000000001
1.0 0.11665004985044865 9.996666666666666 2.34 0.3200000000000001
1.0 0.11465603190428714 9.996666666666666 2.3 0.3300000000000001
1.0 0.11166500498504486 9.996666666666666 2.24 0.34000000000000014
1.0 0.10867397806580259 9.996666666666666 2.18 0.35000000000000014
1.0 0.10767696909272183 9.996666666666666 2.16 0.36000000000000015
1.0 0.10468594217347957 9.996666666666666 2.1 0.37000000000000016
1.0 0.1016949152542373 9.996666666666666 2.04 0.38000000000000017
1.0 0.0967098703888335 9.996666666666666 1.94 0.3900000000000002
1.0 0.09571286141575275 9.996666666666666 1.92 0.4000000000000002
1.0 0.09072781655034895 9.996666666666666 1.82 0.4100000000000002
1.0 0.08773678963110668 9.996666666666666 1.76 0.4200000000000002
1.0 0.08374875373878365 9.996666666666666 1.68 0.4300000000000002
1.0 0.07676969092721835 9.996666666666666 1.54 0.4400000000000002
1.0 0.07377866400797607 9.996666666666666 1.48 0.45000000000000023
1.0 0.06879361914257229 9.996666666666666 1.38 0.46000000000000024
1.0 0.06679960119641076 9.996666666666666 1.34 0.47000000000000025
1.0 0.06181455633100698 9.996666666666666 1.24 0.48000000000000026
1.0 0.06081754735792622 9.996666666666666 1.22 0.49000000000000027
1.0 0.05982053838484546 9.996666666666666 1.2 0.5000000000000002
1.0 0.05782652043868395 9.996666666666666 1.16 0.5100000000000002
1.0 0.05682951146560319 9.996666666666666 1.14 0.5200000000000002
1.0 0.05583250249252243 9.996666666666666 1.12 0.5300000000000002
1.0 0.054835493519441676 9.996666666666666 1.1 0.5400000000000003
1.0 0.053838484546360914 9.996666666666666 1.08 0.5500000000000003
1.0 0.053838484546360914 9.996666666666666 1.08 0.5600000000000003
1.0 0.053838484546360914 9.996666666666666 1.08 0.5700000000000003
1.0 0.053838484546360914 9.996666666666666 1.08 0.5800000000000003
1.0 0.053838484546360914 9.996666666666666 1.08 0.5900000000000003
1.0 0.05284147557328016 9.996666666666666 1.06 0.6000000000000003
1.0 0.05084745762711865 9.996666666666666 1.02 0.6100000000000003
1.0 0.05084745762711865 9.996666666666666 1.02 0.6200000000000003
1.0 0.05084745762711865 9.996666666666666 1.02 0.6300000000000003
1.0 0.05084745762711865 9.996666666666666 1.02 0.6400000000000003
1.0 0.05084745762711865 9.996666666666666 1.02 0.6500000000000004
1.0 0.049850448654037885 9.996666666666666 1.0 0.6600000000000004
1.0 0.04885343968095713 9.996666666666666 0.98 0.6700000000000004
1.0 0.04885343968095713 9.996666666666666 0.98 0.6800000000000004
1.0 0.047856430707876374 9.996666666666666 0.96 0.6900000000000004
1.0 0.045862412761714856 9.996666666666666 0.92 0.7000000000000004
1.0 0.04287138584247258 9.996666666666666 0.86 0.7100000000000004
1.0 0.040877367896311065 9.996666666666666 0.82 0.7200000000000004
1.0 0.038883349950149554 9.996666666666666 0.78 0.7300000000000004
1.0 0.03589232303090728 9.996666666666666 0.72 0.7400000000000004
1.0 0.03489531405782652 9.996666666666666 0.7 0.7500000000000004
1.0 0.03489531405782652 9.996666666666666 0.7 0.7600000000000005
1.0 0.02991026919242273 9.996666666666666 0.6 0.7700000000000005
1.0 0.027916251246261216 9.996666666666666 0.56 0.7800000000000005
1.0 0.026919242273180457 9.996666666666666 0.54 0.7900000000000005
1.0 0.026919242273180457 9.996666666666666 0.54 0.8000000000000005
1.0 0.0259222333000997 9.996666666666666 0.52 0.8100000000000005
1.0 0.0259222333000997 9.996666666666666 0.52 0.8200000000000005
1.0 0.023928215353938187 9.996666666666666 0.48 0.8300000000000005
1.0 0.023928215353938187 9.996666666666666 0.48 0.8400000000000005
1.0 0.023928215353938187 9.996666666666666 0.48 0.8500000000000005
1.0 0.023928215353938187 9.996666666666666 0.48 0.8600000000000005
1.0 0.023928215353938187 9.996666666666666 0.48 0.8700000000000006
1.0 0.022931206380857428 9.996666666666666 0.46 0.8800000000000006
1.0 0.022931206380857428 9.996666666666666 0.46 0.8900000000000006
1.0 0.02193419740777667 9.996666666666666 0.44 0.9000000000000006
0.999888851839502 0.02193419740777667 9.995555555555555 0.44 0.9100000000000006
0.999888851839502 0.020937188434695914 9.995555555555555 0.42 0.9200000000000006
0.999888851839502 0.019940179461615155 9.995555555555555 0.4 0.9300000000000006
0.999888851839502 0.019940179461615155 9.995555555555555 0.4 0.9400000000000006
0.999888851839502 0.019940179461615155 9.995555555555555 0.4 0.9500000000000006
0.999888851839502 0.019940179461615155 9.995555555555555 0.4 0.9600000000000006
0.999888851839502 0.019940179461615155 9.995555555555555 0.4 0.9700000000000006
0.9996665555185061 0.019940179461615155 9.993333333333334 0.4 0.9800000000000006
0.9988885183950206 0.019940179461615155 9.985555555555555 0.4 0.9900000000000007
0.0 0.0 0.0 0.0
