0.0 0.29910269192422734 0.0 20.0 0.0
0.0 0.29910269192422734 0.0 20.0 0.01
0.0 0.2931206380857428 0.0 19.6 0.02
0.0 0.288135593220339 0.0 19.266666666666666 0.03
0.0 0.28614157527417744 0.0 19.133333333333333 0.04
0.0 0.28414755732801594 0.0 19.0 0.05
0.0 0.27716849451645065 0.0 18.533333333333335 0.060000000000000005
0.0 0.27716849451645065 0.0 18.533333333333335 0.07
0.0 0.27517447657028915 0.0 18.4 0.08
0.0 0.2731804586241276 0.0 18.266666666666666 0.09
0.0 0.27018943170488535 0.0 18.066666666666666 0.09999999999999999
0.0 0.26819541375872386 0.0 17.933333333333334 0.10999999999999999
0.0 0.2662013958125623 0.0 17.8 0.11999999999999998
0.0 0.2622133599202393 0.0 17.533333333333335 0.12999999999999998
0.0 0.2612163509471585 0.0 17.466666666666665 0.13999999999999999
0.0 0.25822532402791626 0.0 17.266666666666666 0.15
0.0 0.25822532402791626 0.0 17.266666666666666 0.16
0.0 0.25324027916251246 0.0 16.933333333333334 0.17
0.0 0.24925224327018944 0.0 16.666666666666668 0.18000000000000002
0.0 0.2472582253240279 0.0 16.533333333333335 0.19000000000000003
0.0 0.2472582253240279 0.0 16.533333333333335 0.20000000000000004
0.0 0.24626121635094717 0.0 16.466666666666665 0.21000000000000005
0.0 0.2452642073778664 0.0 16.4 0.22000000000000006
0.0 0.24426719840478564 0.0 16.333333333333332 0.23000000000000007
0.0 0.24127617148554337 0.0 16.133333333333333 0.24000000000000007
0.0 0.23928215353938184 0.0 16.0 0.25000000000000006
0.0 0.23728813559322035 0.0 15.866666666666667 0.26000000000000006
0.0 0.23529411764705882 0.0 15.733333333333333 0.2700000000000001
0.0 0.2313060817547358 0.0 15.466666666666667 0.2800000000000001
0.0 0.22931206380857427 0.0 15.333333333333334 0.2900000000000001
0.0 0.22931206380857427 0.0 15.333333333333334 0.3000000000000001
0.0 0.22731804586241275 0.0 15.2 0.3100000000000001
0.0 0.226321036889332 0.0 15.133333333333333 0.3200000000000001
0.0 0.226321036889332 0.0 15.133333333333333 0.3300000000000001
0.0 0.226321036889332 0.0 15.133333333333333 0.34000000000000014
0.0 0.22432701894317048 0.0 15.0 0.35000000000000014
0.0 0.22432701894317048 0.0 15.0 0.36000000000000015
0.0 0.22432701894317048 0.0 15.0 0.37000000000000016
0.0 0.22432701894317048 0.0 15.0 0.38000000000000017
0.0 0.22432701894317048 0.0 15.0 0.3900000000000002
0.0 0.22432701894317048 0.0 15.0 0.4000000000000002
0.0 0.22432701894317048 0.0 15.0 0.4100000000000002
0.0 0.22432701894317048 0.0 15.0 0.4200000000000002
0.0 0.22432701894317048 0.0 15.0 0.4300000000000002
0.0 0.22333000997008973 0.0 14.933333333333334 0.4400000000000002
0.0 0.22333000997008973 0.0 14.933333333333334 0.45000000000000023
0.0 0.22333000997008973 0.0 14.933333333333334 0.46000000000000024
0.0 0.2213359920239282 0.0 14.8 0.47000000000000025
0.0 0.22033898305084745 0.0 14.733333333333333 0.48000000000000026
0.0 0.2193419740777667 0.0 14.666666666666666 0.49000000000000027
0.0 0.21834496510468593 0.0 14.6 0.5000000000000002
0.0 0.21834496510468593 0.0 14.6 0.5100000000000002
0.0 0.21834496510468593 0.0 14.6 0.5200000000000002
0.0 0.21535393818544366 0.0 14.4 0.5300000000000002
0.0 0.2123629112662014 0.0 14.2 0.5400000000000003
0.0 0.21036889332003988 0.0 14.066666666666666 0.5500000000000003
0.0 0.21036889332003988 0.0 14.066666666666666 0.5600000000000003
0.0 0.20937188434695914 0.0 14.0 0.5700000000000003
0.0 0.20837487537387836 0.0 13.933333333333334 0.5800000000000003
0.0 0.2073778664007976 0.0 13.866666666666667 0.5900000000000003
0.0 0.2053838484546361 0.0 13.733333333333333 0.6000000000000003
0.0 0.2033898305084746 0.0 13.6 0.6100000000000003
0.0 0.2033898305084746 0.0 13.6 0.6200000000000003
0.0 0.20139581256231306 0.0 13.466666666666667 0.6300000000000003
0.0 0.20039880358923232 0.0 13.4 0.6400000000000003
0.0 0.20039880358923232 0.0 13.4 0.6500000000000004
0.0 0.20039880358923232 0.0 13.4 0.6600000000000004
0.0 0.1984047856430708 0.0 13.266666666666667 0.6700000000000004
0.0 0.19740777666999004 0.0 13.2 0.6800000000000004
0.0 0.19740777666999004 0.0 13.2 0.6900000000000004
0.0 0.19740777666999004 0.0 13.2 0.7000000000000004
0.0 0.19641076769690927 0.0 13.133333333333333 0.7100000000000004
0.0 0.19541375872382852 0.0 13.066666666666666 0.7200000000000004
0.0 0.19441674975074777 0.0 13.0 0.7300000000000004
0.0 0.193419740777667 0.0 12.933333333333334 0.7400000000000004
0.0 0.19042871385842472 0.0 12.733333333333333 0.7500000000000004
0.0 0.19042871385842472 0.0 12.733333333333333 0.7600000000000005
0.0 0.18843469591226322 0.0 12.6 0.7700000000000005
0.0 0.18843469591226322 0.0 12.6 0.7800000000000005
0.0 0.18344965104685942 0.0 12.266666666666667 0.7900000000000005
0.0 0.18045862412761715 0.0 12.066666666666666 0.8000000000000005
0.0 0.1794616151545364 0.0 12.0 0.8100000000000005
0.0 0.17647058823529413 0.0 11.8 0.8200000000000005
0.0 0.17347956131605186 0.0 11.6 0.8300000000000005
0.0 0.17048853439680958 0.0 11.4 0.8400000000000005
0.0 0.16650049850448653 0.0 11.133333333333333 0.8500000000000005
0.0 0.16650049850448653 0.0 11.133333333333333 0.8600000000000005
0.0 0.16650049850448653 0.0 11.133333333333333 0.8700000000000006
0.0 0.16450648055832504 0.0 11.0 0.8800000000000006
0.0 0.16350947158524426 0.0 10.933333333333334 0.8900000000000006
0.0 0.16051844466600199 0.0 10.733333333333333 0.9000000000000006
0.0 0.1575274177467597 0.0 10.533333333333333 0.9100000000000006
0.0 0.15154536390827517 0.0 10.133333333333333 0.9200000000000006
0.0 0.14456630109670987 0.0 9.666666666666666 0.9300000000000006
0.0 0.13559322033898305 0.0 9.066666666666666 0.9400000000000006
0.0 0.12861415752741776 0.0 8.6 0.9500000000000006
0.0 0.12163509471585245 0.0 8.133333333333333 0.9600000000000006
0.0 0.10667996011964108 0.0 7.133333333333334 0.9700000000000006
0.0 0.0897308075772682 0.0 6.0 0.9800000000000006
0.0 0.06380857427716849 0.0 4.266666666666667 0.9900000000000007
0.0 0.0 0.0 0.0
