1.0 1.0 11.24625 25.075 0.0
1.0 0.6809571286141576 11.24625 17.075 0.01
1.0 0.5343968095712861 11.24625 13.4 0.02
1.0 0.47756729810568294 11.24625 11.975 0.03
1.0 0.4436689930209372 11.24625 11.125 0.04
1.0 0.419740777666999 11.24625 10.525 0.05
1.0 0.382851445663011 11.24625 9.6 0.060000000000000005
1.0 0.382851445663011 11.24625 9.6 0.07
1.0 0.3698903290129611 11.24625 9.275 0.08
1.0 0.34496510468594216 11.24625 8.65 0.09
1.0 0.32602193419740777 11.24625 8.175 0.09999999999999999
1.0 0.3150548354935194 11.24625 7.9 0.10999999999999999
1.0 0.31106679960119643 11.24625 7.8 0.11999999999999998
1.0 0.29810568295114653 11.24625 7.475 0.12999999999999998
1.0 0.288135593220339 11.24625 7.225 0.13999999999999999
1.0 0.27916251246261214 11.24625 7.0 0.15
1.0 0.26520438683948155 11.24625 6.65 0.16
1.0 0.25523429710867396 11.24625 6.4 0.17
1.0 0.226321036889332 11.24625 5.675 0.18000000000000002
1.0 0.21535393818544366 11.24625 5.4 0.19000000000000003
1.0 0.20438683948155534 11.24625 5.125 0.20000000000000004
1.0 0.1914257228315055 11.24625 4.8 0.21000000000000005
1.0 0.1864406779661017 11.24625 4.675 0.22000000000000006
1.0 0.1794616151545364 11.24625 4.5 0.23000000000000007
1.0 0.17647058823529413 11.24625 4.425 0.24000000000000007
1.0 0.17048853439680958 11.24625 4.275 0.25000000000000006
1.0 0.1674975074775673 11.24625 4.2 0.26000000000000006
1.0 0.16450648055832504 11.24625 4.125 0.2700000000000001
1.0 0.16151545363908276 11.24625 4.05 0.2800000000000001
1.0 0.16151545363908276 11.24625 4.05 0.2900000000000001
1.0 0.15952143569292124 11.24625 4.0 0.3000000000000001
1.0 0.1575274177467597 11.24625 3.95 0.3100000000000001
1.0 0.1575274177467597 11.24625 3.95 0.3200000000000001
1.0 0.1575274177467597 11.24625 3.95 0.3300000000000001
1.0 0.1535393818544367 11.24625 3.85 0.34000000000000014
1.0 0.15254237288135594 11.24625 3.825 0.35000000000000014
1.0 0.14955134596211367 11.24625 3.75 0.36000000000000015
1.0 0.14755732801595214 11.24625 3.7 0.37000000000000016
1.0 0.1415752741774676 11.24625 3.55 0.38000000000000017
1.0 0.13858424725822532 11.24625 3.475 0.3900000000000002
1.0 0.13359920239282153 11.24625 3.35 0.4000000000000002
1.0 0.1296111665004985 11.24625 3.25 0.4100000000000002
1.0 0.12462612163509472 11.24625 3.125 0.4200000000000002
1.0 0.11864406779661017 11.24625 2.975 0.4300000000000002
1.0 0.11465603190428714 11.24625 2.875 0.4400000000000002
1.0 0.10767696909272183 11.24625 2.7 0.45000000000000023
1.0 0.1016949152542373 11.24625 2.55 0.46000000000000024
1.0 0.09471585244267199 11.24625 2.375 0.47000000000000025
1.0 0.0897308075772682 11.24625 2.25 0.48000000000000026
1.0 0.08673978065802593 11.24625 2.175 0.49000000000000027
1.0 0.08574277168494517 11.24625 2.15 0.5000000000000002
1.0 0.0847457627118644 11.24625 2.125 0.5100000000000002
1.0 0.08175473579262213 11.24625 2.05 0.5200000000000002
1.0 0.08075772681954138 11.24625 2.025 0.5300000000000002
1.0 0.08075772681954138 11.24625 2.025 0.5400000000000003
1.0 0.07676969092721835 11.24625 1.925 0.5500000000000003
1.0 0.07676969092721835 11.24625 1.925 0.5600000000000003
1.0 0.07676969092721835 11.24625 1.925 0.5700000000000003
1.0 0.07477567298105683 11.24625 1.875 0.5800000000000003
1.0 0.07477567298105683 11.24625 1.875 0.5900000000000003
1.0 0.07477567298105683 11.24625 1.875 0.6000000000000003
1.0 0.07178464606181456 11.24625 1.8 0.6100000000000003
1.0 0.07178464606181456 11.24625 1.8 0.6200000000000003
1.0 0.0707876370887338 11.24625 1.775 0.6300000000000003
1.0 0.0707876370887338 11.24625 1.775 0.6400000000000003
1.0 0.0707876370887338 11.24625 1.775 0.6500000000000004
1.0 0.0707876370887338 11.24625 1.775 0.6600000000000004
1.0 0.0707876370887338 11.24625 1.775 0.6700000000000004
1.0 0.06879361914257229 11.24625 1.725 0.6800000000000004
1.0 0.06480558325024925 11.24625 1.625 0.6900000000000004
1.0 0.06281156530408774 11.24625 1.575 0.7000000000000004
1.0 0.05682951146560319 11.24625 1.425 0.7100000000000004
1.0 0.053838484546360914 11.24625 1.35 0.7200000000000004
1.0 0.05284147557328016 11.24625 1.325 0.7300000000000004
1.0 0.049850448654037885 11.24625 1.25 0.7400000000000004
1.0 0.04685942173479561 11.24625 1.175 0.7500000000000004
1.0 0.04386839481555334 11.24625 1.1 0.7600000000000005
1.0 0.04287138584247258 11.24625 1.075 0.7700000000000005
1.0 0.03988035892323031 11.24625 1.0 0.7800000000000005
1.0 0.03988035892323031 11.24625 1.0 0.7900000000000005
1.0 0.038883349950149554 11.24625 0.975 0.8000000000000005
1.0 0.03788634097706879 11.24625 0.95 0.8100000000000005
1.0 0.03788634097706879 11.24625 0.95 0.8200000000000005
0.999888851839502 0.036889332003988036 11.245 0.925 0.8300000000000005
0.999888851839502 0.036889332003988036 11.245 0.925 0.8400000000000005
0.999888851839502 0.036889332003988036 11.245 0.925 0.8500000000000005
0.9997777036790041 0.036889332003988036 11.24375 0.925 0.8600000000000005
0.9995554073580082 0.03589232303090728 11.24125 0.9 0.8700000000000006
0.9989996665555185 0.03290129611166501 11.235 0.825 0.8800000000000006
0.9985550739135267 0.031904287138584245 11.23 0.8 0.8900000000000006
0.9982216294320329 0.03090727816550349 11.22625 0.775 0.9000000000000006
0.9975547404690452 0.026919242273180457 11.21875 0.675 0.9100000000000006
0.9973324441480493 0.0259222333000997 11.21625 0.65 0.9200000000000006
0.9968878515060575 0.022931206380857428 11.21125 0.575 0.9300000000000006
0.9964432588640658 0.020937188434695914 11.20625 0.525 0.9400000000000006
0.996109814382572 0.020937188434695914 11.2025 0.525 0.9500000000000006
0.995998666222074 0.019940179461615155 11.20125 0.5 0.9600000000000006
0.9957763699010781 0.019940179461615155 11.19875 0.5 0.9700000000000006
0.9945537401356007 0.019940179461615155 11.185 0.5 0.9800000000000006
0.990218961876181 0.019940179461615155 11.13625 0.5 0.9900000000000007
0.0 0.0 0.0 0.0
