1.0 1.0 12.852857142857143 25.075 0.0
1.0 0.8185443668993021 12.852857142857143 20.525 0.01
1.0 0.6839481555333998 12.852857142857143 17.15 0.02
1.0 0.6291126620139581 12.852857142857143 15.775 0.03
1.0 0.5962113659022931 12.852857142857143 14.95 0.04
1.0 0.5702891326021934 12.852857142857143 14.3 0.05
1.0 0.5373878364905285 12.852857142857143 13.475 0.060000000000000005
1.0 0.5373878364905285 12.852857142857143 13.475 0.07
1.0 0.5204386839481555 12.852857142857143 13.05 0.08
1.0 0.5044865403788634 12.852857142857143 12.65 0.09
1.0 0.4935194416749751 12.852857142857143 12.375 0.09999999999999999
1.0 0.4885343968095713 12.852857142857143 12.25 0.10999999999999999
1.0 0.47756729810568294 12.852857142857143 11.975 0.11999999999999998
1.0 0.4675972083748754 12.852857142857143 11.725 0.12999999999999998
1.0 0.4596211365902293 12.852857142857143 11.525 0.13999999999999999
1.0 0.4506480558325025 12.852857142857143 11.3 0.15
1.0 0.4436689930209372 12.852857142857143 11.125 0.16
1.0 0.4317048853439681 12.852857142857143 10.825 0.17
1.0 0.41774675972083747 12.852857142857143 10.475 0.18000000000000002
1.0 0.4097706879361914 12.852857142857143 10.275 0.19000000000000003
1.0 0.4057826520438684 12.852857142857143 10.175 0.20000000000000004
1.0 0.39980059820538383 12.852857142857143 10.025 0.21000000000000005
1.0 0.3918245264207378 12.852857142857143 9.825 0.22000000000000006
1.0 0.38783649052841473 12.852857142857143 9.725 0.23000000000000007
1.0 0.38384845463609174 12.852857142857143 9.625 0.24000000000000007
1.0 0.38085742771684944 12.852857142857143 9.55 0.25000000000000006
1.0 0.37188434695912265 12.852857142857143 9.325 0.26000000000000006
1.0 0.36689930209371885 12.852857142857143 9.2 0.2700000000000001
1.0 0.3629112662013958 12.852857142857143 9.1 0.2800000000000001
1.0 0.35692921236291125 12.852857142857143 8.95 0.2900000000000001
1.0 0.34795613160518446 12.852857142857143 8.725 0.3000000000000001
1.0 0.3439680957128614 12.852857142857143 8.625 0.3100000000000001
1.0 0.3419740777666999 12.852857142857143 8.575 0.3200000000000001
1.0 0.33798604187437686 12.852857142857143 8.475 0.3300000000000001
1.0 0.3349950149551346 12.852857142857143 8.4 0.34000000000000014
1.0 0.3320039880358923 12.852857142857143 8.325 0.35000000000000014
1.0 0.3300099700897308 12.852857142857143 8.275 0.36000000000000015
1.0 0.3270189431704885 12.852857142857143 8.2 0.37000000000000016
1.0 0.3240279162512463 12.852857142857143 8.125 0.38000000000000017
1.0 0.3200398803589232 12.852857142857143 8.025 0.3900000000000002
1.0 0.3180458624127617 12.852857142857143 7.975 0.4000000000000002
1.0 0.3160518444666002 12.852857142857143 7.925 0.4100000000000002
1.0 0.31306081754735793 12.852857142857143 7.85 0.4200000000000002
1.0 0.3120638085742772 12.852857142857143 7.825 0.4300000000000002
1.0 0.30807577268195413 12.852857142857143 7.725 0.4400000000000002
1.0 0.30309072781655033 12.852857142857143 7.6 0.45000000000000023
1.0 0.29910269192422734 12.852857142857143 7.5 0.46000000000000024
1.0 0.2951146560319043 12.852857142857143 7.4 0.47000000000000025
1.0 0.292123629112662 12.852857142857143 7.325 0.48000000000000026
1.0 0.28913260219341974 12.852857142857143 7.25 0.49000000000000027
1.0 0.28414755732801594 12.852857142857143 7.125 0.5000000000000002
1.0 0.28215353938185445 12.852857142857143 7.075 0.5100000000000002
1.0 0.2761714855433699 12.852857142857143 6.925 0.5200000000000002
1.0 0.2731804586241276 12.852857142857143 6.85 0.5300000000000002
1.0 0.2711864406779661 12.852857142857143 6.8 0.5400000000000003
1.0 0.26819541375872386 12.852857142857143 6.725 0.5500000000000003
1.0 0.26520438683948155 12.852857142857143 6.65 0.5600000000000003
1.0 0.2622133599202393 12.852857142857143 6.575 0.5700000000000003
1.0 0.25623130608175476 12.852857142857143 6.425 0.5800000000000003
1.0 0.25324027916251246 12.852857142857143 6.35 0.5900000000000003
1.0 0.24925224327018944 12.852857142857143 6.25 0.6000000000000003
1.0 0.24825523429710866 12.852857142857143 6.225 0.6100000000000003
1.0 0.24426719840478564 12.852857142857143 6.125 0.6200000000000003
1.0 0.24127617148554337 12.852857142857143 6.05 0.6300000000000003
1.0 0.24027916251246262 12.852857142857143 6.025 0.6400000000000003
1.0 0.2333000997008973 12.852857142857143 5.85 0.6500000000000004
1.0 0.22831505483549352 12.852857142857143 5.725 0.6600000000000004
1.0 0.22432701894317048 12.852857142857143 5.625 0.6700000000000004
1.0 0.22233300099700898 12.852857142857143 5.575 0.6800000000000004
1.0 0.2193419740777667 12.852857142857143 5.5 0.6900000000000004
1.0 0.21734795613160518 12.852857142857143 5.45 0.7000000000000004
1.0 0.2143569292123629 12.852857142857143 5.375 0.7100000000000004
1.0 0.20837487537387836 12.852857142857143 5.225 0.7200000000000004
1.0 0.20438683948155534 12.852857142857143 5.125 0.7300000000000004
1.0 0.2033898305084746 12.852857142857143 5.1 0.7400000000000004
1.0 0.20139581256231306 12.852857142857143 5.05 0.7500000000000004
1.0 0.193419740777667 12.852857142857143 4.85 0.7600000000000005
1.0 0.19242273180458624 12.852857142857143 4.825 0.7700000000000005
0.999888851839502 0.18843469591226322 12.851428571428572 4.725 0.7800000000000005
0.999888851839502 0.1864406779661017 12.851428571428572 4.675 0.7900000000000005
0.999888851839502 0.17846460618145563 12.851428571428572 4.475 0.8000000000000005
0.999888851839502 0.17347956131605186 12.851428571428572 4.35 0.8100000000000005
0.999888851839502 0.1694915254237288 12.851428571428572 4.25 0.8200000000000005
0.999888851839502 0.16051844466600199 12.851428571428572 4.025 0.8300000000000005
0.999888851839502 0.15653040877367896 12.851428571428572 3.925 0.8400000000000005
0.999888851839502 0.15154536390827517 12.851428571428572 3.8 0.8500000000000005
0.9997777036790041 0.14755732801595214 12.85 3.7 0.8600000000000005
0.9995554073580082 0.14257228315054835 12.847142857142858 3.575 0.8700000000000006
0.9995554073580082 0.1345962113659023 12.847142857142858 3.375 0.8800000000000006
0.9994442591975102 0.13359920239282153 12.845714285714285 3.35 0.8900000000000006
0.9992219628765144 0.12761714855433698 12.842857142857143 3.2 0.9000000000000006
0.9992219628765144 0.12063808574277168 12.842857142857143 3.025 0.9100000000000006
0.9989996665555185 0.11665004985044865 12.84 2.925 0.9200000000000006
0.9986662220740247 0.10967098703888335 12.835714285714285 2.75 0.9300000000000006
0.9983327775925308 0.10269192422731804 12.831428571428571 2.575 0.9400000000000006
0.9983327775925308 0.09272183449651047 12.831428571428571 2.325 0.9500000000000006
0.998110481271535 0.08374875373878365 12.82857142857143 2.1 0.9600000000000006
0.9977770367900411 0.0707876370887338 12.824285714285715 1.775 0.9700000000000006
0.9971101478270534 0.05982053838484546 12.815714285714286 1.5 0.9800000000000006
0.9923307769256419 0.038883349950149554 12.754285714285714 0.975 0.9900000000000007
0.0 0.0 0.0 0.0
