1.0 1.0 44.985 9.118181818181819 0.0
1.0 0.9880358923230309 44.985 9.00909090909091 0.01
1.0 0.9541375872382851 44.985 8.7 0.02
1.0 0.9322033898305084 44.985 8.5 0.03
1.0 0.9172482552342971 44.985 8.363636363636363 0.04
1.0 0.9082751744765702 44.985 8.281818181818181 0.05
1.0 0.8873379860418744 44.985 8.090909090909092 0.060000000000000005
1.0 0.8873379860418744 44.985 8.090909090909092 0.07
1.0 0.8813559322033898 44.985 8.036363636363637 0.08
1.0 0.8753738783649053 44.985 7.9818181818181815 0.09
1.0 0.8664007976071785 44.985 7.9 0.09999999999999999
1.0 0.8634097706879362 44.985 7.872727272727273 0.10999999999999999
1.0 0.8624127617148555 44.985 7.863636363636363 0.11999999999999998
1.0 0.8594217347956131 44.985 7.836363636363636 0.12999999999999998
1.0 0.8574277168494516 44.985 7.818181818181818 0.13999999999999999
1.0 0.8514456630109671 44.985 7.763636363636364 0.15
1.0 0.843469591226321 44.985 7.6909090909090905 0.16
1.0 0.8404785643070788 44.985 7.663636363636364 0.17
1.0 0.8305084745762712 44.985 7.572727272727272 0.18000000000000002
1.0 0.8235294117647058 44.985 7.509090909090909 0.19000000000000003
1.0 0.8135593220338984 44.985 7.418181818181818 0.20000000000000004
1.0 0.8085742771684945 44.985 7.372727272727273 0.21000000000000005
1.0 0.8055832502492523 44.985 7.345454545454546 0.22000000000000006
1.0 0.8015952143569293 44.985 7.3090909090909095 0.23000000000000007
1.0 0.8005982053838484 44.985 7.3 0.24000000000000007
1.0 0.7996011964107677 44.985 7.290909090909091 0.25000000000000006
1.0 0.7996011964107677 44.985 7.290909090909091 0.26000000000000006
1.0 0.7996011964107677 44.985 7.290909090909091 0.2700000000000001
1.0 0.7986041874376869 44.985 7.281818181818182 0.2800000000000001
1.0 0.7986041874376869 44.985 7.281818181818182 0.2900000000000001
1.0 0.7986041874376869 44.985 7.281818181818182 0.3000000000000001
1.0 0.7976071784646062 44.985 7.2727272727272725 0.3100000000000001
1.0 0.7976071784646062 44.985 7.2727272727272725 0.3200000000000001
1.0 0.7966101694915254 44.985 7.263636363636364 0.3300000000000001
1.0 0.7956131605184447 44.985 7.254545454545455 0.34000000000000014
1.0 0.7926221335992024 44.985 7.2272727272727275 0.35000000000000014
1.0 0.7876370887337986 44.985 7.181818181818182 0.36000000000000015
1.0 0.7866400797607178 44.985 7.172727272727273 0.37000000000000016
1.0 0.7826520438683948 44.985 7.136363636363637 0.38000000000000017
1.0 0.7796610169491526 44.985 7.109090909090909 0.3900000000000002
1.0 0.7776669990029911 44.985 7.090909090909091 0.4000000000000002
1.0 0.7686939182452642 44.985 7.009090909090909 0.4100000000000002
1.0 0.7637088733798604 44.985 6.963636363636364 0.4200000000000002
1.0 0.7567298105682951 44.985 6.9 0.4300000000000002
1.0 0.7537387836490529 44.985 6.872727272727273 0.4400000000000002
1.0 0.7427716849451645 44.985 6.7727272727272725 0.45000000000000023
1.0 0.7417746759720838 44.985 6.763636363636364 0.46000000000000024
1.0 0.7367896311066799 44.985 6.718181818181818 0.47000000000000025
1.0 0.7318045862412762 44.985 6.672727272727273 0.48000000000000026
1.0 0.7258225324027916 44.985 6.618181818181818 0.49000000000000027
1.0 0.7198404785643071 44.985 6.5636363636363635 0.5000000000000002
1.0 0.7138584247258225 44.985 6.509090909090909 0.5100000000000002
1.0 0.7138584247258225 44.985 6.509090909090909 0.5200000000000002
1.0 0.7088733798604188 44.985 6.463636363636364 0.5300000000000002
1.0 0.7068793619142573 44.985 6.445454545454545 0.5400000000000003
1.0 0.7038883349950149 44.985 6.418181818181818 0.5500000000000003
1.0 0.7028913260219342 44.985 6.409090909090909 0.5600000000000003
1.0 0.7018943170488534 44.985 6.4 0.5700000000000003
1.0 0.6989032901296112 44.985 6.372727272727273 0.5800000000000003
1.0 0.6959122632103689 44.985 6.345454545454546 0.5900000000000003
1.0 0.6949152542372882 44.985 6.336363636363636 0.6000000000000003
1.0 0.6929212362911267 44.985 6.318181818181818 0.6100000000000003
1.0 0.6919242273180458 44.985 6.3090909090909095 0.6200000000000003
1.0 0.6869391824526421 44.985 6.263636363636364 0.6300000000000003
1.0 0.6819541375872383 44.985 6.218181818181818 0.6400000000000003
1.0 0.6739780658025922 44.985 6.1454545454545455 0.6500000000000004
1.0 0.6630109670987039 44.985 6.045454545454546 0.6600000000000004
1.0 0.6530408773678963 44.985 5.954545454545454 0.6700000000000004
1.0 0.6410767696909272 44.985 5.845454545454546 0.6800000000000004
1.0 0.6251246261216351 44.985 5.7 0.6900000000000004
1.0 0.6101694915254238 44.985 5.5636363636363635 0.7000000000000004
1.0 0.5932203389830508 44.985 5.409090909090909 0.7100000000000004
1.0 0.5653040877367896 44.985 5.154545454545454 0.7200000000000004
1.0 0.543369890329013 44.985 4.954545454545454 0.7300000000000004
1.0 0.5164506480558325 44.985 4.709090909090909 0.7400000000000004
1.0 0.4985044865403789 44.985 4.545454545454546 0.7500000000000004
1.0 0.48255234297108673 44.985 4.4 0.7600000000000005
1.0 0.46859421734795614 44.985 4.2727272727272725 0.7700000000000005
1.0 0.4576271186440678 44.985 4.172727272727273 0.7800000000000005
0.9997777036790041 0.4476570289132602 44.975 4.081818181818182 0.7900000000000005
0.9993331110370124 0.4386839481555334 44.955 4.0 0.8000000000000005
0.9986662220740247 0.43270189431704886 44.925 3.9454545454545453 0.8100000000000005
0.9972212959875514 0.4317048853439681 44.86 3.9363636363636365 0.8200000000000005
0.9955540735800823 0.42572283150548357 44.785 3.881818181818182 0.8300000000000005
0.99188618428365 0.4187437686939183 44.62 3.8181818181818183 0.8400000000000005
0.9855507391352674 0.4117647058823529 44.335 3.7545454545454544 0.8500000000000005
0.9759919973324441 0.3848454636091725 43.905 3.5090909090909093 0.8600000000000005
0.9593197732577526 0.36191425722831505 43.155 3.3 0.8700000000000006
0.9399799933311104 0.3339980059820538 42.285 3.0454545454545454 0.8800000000000006
0.9164165833055463 0.29810568295114653 41.225 2.7181818181818183 0.8900000000000006
0.8886295431810604 0.25523429710867396 39.975 2.327272727272727 0.9000000000000006
0.8565077247971546 0.2073778664007976 38.53 1.8909090909090909 0.9100000000000006
0.8307213515616316 0.16550348953140578 37.37 1.509090909090909 0.9200000000000006
0.8094920529065244 0.13160518444666003 36.415 1.2 0.9300000000000006
0.7920417917083472 0.11166500498504486 35.63 1.018181818181818 0.9400000000000006
0.7808158274980549 0.10468594217347957 35.125 0.9545454545454546 0.9500000000000006
0.7729243081027009 0.09970089730807577 34.77 0.9090909090909091 0.9600000000000006
0.7601422696454374 0.09870388833499502 34.195 0.9 0.9700000000000006
0.7267978214960542 0.09770687936191426 32.695 0.8909090909090909 0.9800000000000006
0.628431699455374 0.09770687936191426 28.27 0.8909090909090909 0.9900000000000007
0.0 0.0 0.0 0.0
