1.0 1.0 9.996666666666666 27.86111111111111 0.0
1.0 0.6729810568295115 9.996666666666666 18.75 0.01
1.0 0.5443668993020937 9.996666666666666 15.166666666666666 0.02
1.0 0.4965104685942173 9.996666666666666 13.833333333333334 0.03
1.0 0.4675972083748754 9.996666666666666 13.027777777777779 0.04
1.0 0.4356929212362911 9.996666666666666 12.13888888888889 0.05
1.0 0.3848454636091725 9.996666666666666 10.722222222222221 0.060000000000000005
1.0 0.3848454636091725 9.996666666666666 10.722222222222221 0.07
1.0 0.36191425722831505 9.996666666666666 10.083333333333334 0.08
1.0 0.3469591226321037 9.996666666666666 9.666666666666666 0.09
1.0 0.3320039880358923 9.996666666666666 9.25 0.09999999999999999
1.0 0.325024925224327 9.996666666666666 9.055555555555555 0.10999999999999999
1.0 0.32103688933200397 9.996666666666666 8.944444444444445 0.11999999999999998
1.0 0.317048853439681 9.996666666666666 8.833333333333334 0.12999999999999998
1.0 0.3120638085742772 9.996666666666666 8.694444444444445 0.13999999999999999
1.0 0.30608175473579263 9.996666666666666 8.527777777777779 0.15
1.0 0.29810568295114653 9.996666666666666 8.305555555555555 0.16
1.0 0.2851445663010967 9.996666666666666 7.944444444444445 0.17
1.0 0.2662013958125623 9.996666666666666 7.416666666666667 0.18000000000000002
1.0 0.2622133599202393 9.996666666666666 7.305555555555555 0.19000000000000003
1.0 0.25623130608175476 9.996666666666666 7.138888888888889 0.20000000000000004
1.0 0.2502492522432702 9.996666666666666 6.972222222222222 0.21000000000000005
1.0 0.2502492522432702 9.996666666666666 6.972222222222222 0.22000000000000006
1.0 0.2472582253240279 9.996666666666666 6.888888888888889 0.23000000000000007
1.0 0.24127617148554337 9.996666666666666 6.722222222222222 0.24000000000000007
1.0 0.2382851445663011 9.996666666666666 6.638888888888889 0.25000000000000006
1.0 0.23629112662013957 9.996666666666666 6.583333333333333 0.26000000000000006
1.0 0.23529411764705882 9.996666666666666 6.555555555555555 0.2700000000000001
1.0 0.2333000997008973 9.996666666666666 6.5 0.2800000000000001
1.0 0.23230309072781655 9.996666666666666 6.472222222222222 0.2900000000000001
1.0 0.2313060817547358 9.996666666666666 6.444444444444445 0.3000000000000001
1.0 0.23030907278165502 9.996666666666666 6.416666666666667 0.3100000000000001
1.0 0.22931206380857427 9.996666666666666 6.388888888888889 0.3200000000000001
1.0 0.22731804586241275 9.996666666666666 6.333333333333333 0.3300000000000001
1.0 0.22731804586241275 9.996666666666666 6.333333333333333 0.34000000000000014
1.0 0.226321036889332 9.996666666666666 6.305555555555555 0.35000000000000014
1.0 0.22233300099700898 9.996666666666666 6.194444444444445 0.36000000000000015
1.0 0.21834496510468593 9.996666666666666 6.083333333333333 0.37000000000000016
1.0 0.21635094715852443 9.996666666666666 6.027777777777778 0.38000000000000017
1.0 0.21136590229312063 9.996666666666666 5.888888888888889 0.3900000000000002
1.0 0.2073778664007976 9.996666666666666 5.777777777777778 0.4000000000000002
1.0 0.2053838484546361 9.996666666666666 5.722222222222222 0.4100000000000002
1.0 0.20039880358923232 9.996666666666666 5.583333333333333 0.4200000000000002
1.0 0.193419740777667 9.996666666666666 5.388888888888889 0.4300000000000002
1.0 0.19042871385842472 9.996666666666666 5.305555555555555 0.4400000000000002
1.0 0.1864406779661017 9.996666666666666 5.194444444444445 0.45000000000000023
1.0 0.18245264207377868 9.996666666666666 5.083333333333333 0.46000000000000024
1.0 0.17746759720837488 9.996666666666666 4.944444444444445 0.47000000000000025
1.0 0.17746759720837488 9.996666666666666 4.944444444444445 0.48000000000000026
1.0 0.17647058823529413 9.996666666666666 4.916666666666667 0.49000000000000027
1.0 0.17248255234297108 9.996666666666666 4.805555555555555 0.5000000000000002
1.0 0.17048853439680958 9.996666666666666 4.75 0.5100000000000002
1.0 0.16849451645064806 9.996666666666666 4.694444444444445 0.5200000000000002
1.0 0.1674975074775673 9.996666666666666 4.666666666666667 0.5300000000000002
1.0 0.16550348953140578 9.996666666666666 4.611111111111111 0.5400000000000003
1.0 0.16550348953140578 9.996666666666666 4.611111111111111 0.5500000000000003
1.0 0.16151545363908276 9.996666666666666 4.5 0.5600000000000003
1.0 0.16151545363908276 9.996666666666666 4.5 0.5700000000000003
1.0 0.16151545363908276 9.996666666666666 4.5 0.5800000000000003
1.0 0.16051844466600199 9.996666666666666 4.472222222222222 0.5900000000000003
1.0 0.1585244267198405 9.996666666666666 4.416666666666667 0.6000000000000003
1.0 0.1575274177467597 9.996666666666666 4.388888888888889 0.6100000000000003
1.0 0.1575274177467597 9.996666666666666 4.388888888888889 0.6200000000000003
1.0 0.1575274177467597 9.996666666666666 4.388888888888889 0.6300000000000003
1.0 0.15553339980059822 9.996666666666666 4.333333333333333 0.6400000000000003
1.0 0.15453639082751744 9.996666666666666 4.305555555555555 0.6500000000000004
1.0 0.1535393818544367 9.996666666666666 4.277777777777778 0.6600000000000004
1.0 0.15054835493519442 9.996666666666666 4.194444444444445 0.6700000000000004
1.0 0.15054835493519442 9.996666666666666 4.194444444444445 0.6800000000000004
1.0 0.1465603190428714 9.996666666666666 4.083333333333333 0.6900000000000004
1.0 0.14456630109670987 9.996666666666666 4.027777777777778 0.7000000000000004
1.0 0.14257228315054835 9.996666666666666 3.9722222222222223 0.7100000000000004
1.0 0.13858424725822532 9.996666666666666 3.861111111111111 0.7200000000000004
1.0 0.13260219341974078 9.996666666666666 3.6944444444444446 0.7300000000000004
1.0 0.12462612163509472 9.996666666666666 3.4722222222222223 0.7400000000000004
1.0 0.12163509471585245 9.996666666666666 3.388888888888889 0.7500000000000004
1.0 0.11465603190428714 9.996666666666666 3.1944444444444446 0.7600000000000005
1.0 0.11266201395812563 9.996666666666666 3.138888888888889 0.7700000000000005
1.0 0.10967098703888335 9.996666666666666 3.0555555555555554 0.7800000000000005
1.0 0.10967098703888335 9.996666666666666 3.0555555555555554 0.7900000000000005
1.0 0.10867397806580259 9.996666666666666 3.0277777777777777 0.8000000000000005
1.0 0.10767696909272183 9.996666666666666 3.0 0.8100000000000005
1.0 0.10767696909272183 9.996666666666666 3.0 0.8200000000000005
1.0 0.10767696909272183 9.996666666666666 3.0 0.8300000000000005
1.0 0.10568295114656032 9.996666666666666 2.9444444444444446 0.8400000000000005
1.0 0.10568295114656032 9.996666666666666 2.9444444444444446 0.8500000000000005
1.0 0.10468594217347957 9.996666666666666 2.9166666666666665 0.8600000000000005
0.999888851839502 0.1036889332003988 9.995555555555555 2.888888888888889 0.8700000000000006
0.999888851839502 0.10269192422731804 9.995555555555555 2.861111111111111 0.8800000000000006
0.999888851839502 0.1016949152542373 9.995555555555555 2.8333333333333335 0.8900000000000006
0.9995554073580082 0.09970089730807577 9.992222222222223 2.7777777777777777 0.9000000000000006
0.9995554073580082 0.09870388833499502 9.992222222222223 2.75 0.9100000000000006
0.9995554073580082 0.09770687936191426 9.992222222222223 2.7222222222222223 0.9200000000000006
0.9995554073580082 0.09571286141575275 9.992222222222223 2.6666666666666665 0.9300000000000006
0.9994442591975102 0.09571286141575275 9.991111111111111 2.6666666666666665 0.9400000000000006
0.9994442591975102 0.09471585244267199 9.991111111111111 2.638888888888889 0.9500000000000006
0.9994442591975102 0.09471585244267199 9.991111111111111 2.638888888888889 0.9600000000000006
0.9988885183950206 0.09471585244267199 9.985555555555555 2.638888888888889 0.9700000000000006
0.9978881849505391 0.09471585244267199 9.975555555555555 2.638888888888889 0.9800000000000006
0.9951094809380905 0.09471585244267199 9.947777777777778 2.638888888888889 0.9900000000000007
0.0 0.0 0.0 0.0
