1.0 1.0 29.99 7.42962962962963 0.0
1.0 0.9531405782652044 29.99 7.0814814814814815 0.01
1.0 0.9072781655034895 29.99 6.7407407407407405 0.02
1.0 0.8793619142572283 29.99 6.533333333333333 0.03
1.0 0.8554336989032901 29.99 6.355555555555555 0.04
1.0 0.8404785643070788 29.99 6.2444444444444445 0.05
1.0 0.80259222333001 29.99 5.962962962962963 0.060000000000000005
1.0 0.80259222333001 29.99 5.962962962962963 0.07
1.0 0.7856430707876371 29.99 5.837037037037037 0.08
1.0 0.7776669990029911 29.99 5.777777777777778 0.09
1.0 0.7617148554336989 29.99 5.659259259259259 0.09999999999999999
1.0 0.7557328015952144 29.99 5.614814814814815 0.10999999999999999
1.0 0.7517447657028913 29.99 5.5851851851851855 0.11999999999999998
1.0 0.7477567298105683 29.99 5.555555555555555 0.12999999999999998
1.0 0.7427716849451645 29.99 5.518518518518518 0.13999999999999999
1.0 0.7377866400797607 29.99 5.481481481481482 0.15
1.0 0.7288135593220338 29.99 5.4148148148148145 0.16
1.0 0.7208374875373879 29.99 5.355555555555555 0.17
1.0 0.7008973080757727 29.99 5.207407407407407 0.18000000000000002
1.0 0.6919242273180458 29.99 5.140740740740741 0.19000000000000003
1.0 0.6869391824526421 29.99 5.103703703703704 0.20000000000000004
1.0 0.6809571286141576 29.99 5.059259259259259 0.21000000000000005
1.0 0.6719840478564307 29.99 4.992592592592593 0.22000000000000006
1.0 0.6689930209371885 29.99 4.970370370370371 0.23000000000000007
1.0 0.6640079760717846 29.99 4.933333333333334 0.24000000000000007
1.0 0.6600199401794616 29.99 4.9037037037037035 0.25000000000000006
1.0 0.6580259222333001 29.99 4.888888888888889 0.26000000000000006
1.0 0.6580259222333001 29.99 4.888888888888889 0.2700000000000001
1.0 0.6570289132602194 29.99 4.881481481481481 0.2800000000000001
1.0 0.654037886340977 29.99 4.859259259259259 0.2900000000000001
1.0 0.6530408773678963 29.99 4.851851851851852 0.3000000000000001
1.0 0.6510468594217348 29.99 4.837037037037037 0.3100000000000001
1.0 0.6510468594217348 29.99 4.837037037037037 0.3200000000000001
1.0 0.6490528414755733 29.99 4.822222222222222 0.3300000000000001
1.0 0.6470588235294118 29.99 4.807407407407408 0.34000000000000014
1.0 0.6440677966101694 29.99 4.785185185185185 0.35000000000000014
1.0 0.6321036889332003 29.99 4.696296296296296 0.36000000000000015
1.0 0.6291126620139581 29.99 4.674074074074074 0.37000000000000016
1.0 0.6251246261216351 29.99 4.644444444444445 0.38000000000000017
1.0 0.6201395812562313 29.99 4.607407407407408 0.3900000000000002
1.0 0.6111665004985045 29.99 4.54074074074074 0.4000000000000002
1.0 0.6021934197407777 29.99 4.474074074074074 0.4100000000000002
1.0 0.5972083748753739 29.99 4.437037037037037 0.4200000000000002
1.0 0.5852442671984048 29.99 4.348148148148148 0.4300000000000002
1.0 0.5782652043868395 29.99 4.296296296296297 0.4400000000000002
1.0 0.5633100697906281 29.99 4.185185185185185 0.45000000000000023
1.0 0.551345962113659 29.99 4.0962962962962965 0.46000000000000024
1.0 0.5443668993020937 29.99 4.044444444444444 0.47000000000000025
1.0 0.5363908275174477 29.99 3.9851851851851854 0.48000000000000026
1.0 0.5314057826520439 29.99 3.948148148148148 0.49000000000000027
1.0 0.5284147557328016 29.99 3.925925925925926 0.5000000000000002
1.0 0.5244267198404786 29.99 3.8962962962962964 0.5100000000000002
1.0 0.5234297108673978 29.99 3.888888888888889 0.5200000000000002
1.0 0.5204386839481555 29.99 3.8666666666666667 0.5300000000000002
1.0 0.5194416749750748 29.99 3.859259259259259 0.5400000000000003
1.0 0.5174476570289133 29.99 3.8444444444444446 0.5500000000000003
1.0 0.5174476570289133 29.99 3.8444444444444446 0.5600000000000003
1.0 0.5174476570289133 29.99 3.8444444444444446 0.5700000000000003
1.0 0.5134596211365903 29.99 3.814814814814815 0.5800000000000003
1.0 0.5124626121635095 29.99 3.8074074074074074 0.5900000000000003
1.0 0.5104685942173479 29.99 3.7925925925925927 0.6000000000000003
1.0 0.5094715852442672 29.99 3.785185185185185 0.6100000000000003
1.0 0.5074775672981057 29.99 3.77037037037037 0.6200000000000003
1.0 0.5034895314057827 29.99 3.740740740740741 0.6300000000000003
1.0 0.5014955134596212 29.99 3.725925925925926 0.6400000000000003
1.0 0.4935194416749751 29.99 3.6666666666666665 0.6500000000000004
1.0 0.48454636091724823 29.99 3.6 0.6600000000000004
1.0 0.4785643070787637 29.99 3.5555555555555554 0.6700000000000004
1.0 0.4695912263210369 29.99 3.488888888888889 0.6800000000000004
1.0 0.44865403788634095 29.99 3.3333333333333335 0.6900000000000004
1.0 0.43768693918245266 29.99 3.251851851851852 0.7000000000000004
1.0 0.423728813559322 29.99 3.1481481481481484 0.7100000000000004
1.0 0.40079760717846463 29.99 2.977777777777778 0.7200000000000004
1.0 0.37686939182452645 29.99 2.8 0.7300000000000004
1.0 0.35992023928215355 29.99 2.674074074074074 0.7400000000000004
1.0 0.3459621136590229 29.99 2.5703703703703704 0.7500000000000004
1.0 0.3339980059820538 29.99 2.4814814814814814 0.7600000000000005
1.0 0.3160518444666002 29.99 2.348148148148148 0.7700000000000005
0.999888851839502 0.3020937188434696 29.986666666666668 2.2444444444444445 0.7800000000000005
0.999888851839502 0.29112662013958124 29.986666666666668 2.162962962962963 0.7900000000000005
0.999888851839502 0.28713858424725824 29.986666666666668 2.1333333333333333 0.8000000000000005
0.9994442591975102 0.2811565304087737 29.973333333333333 2.088888888888889 0.8100000000000005
0.9993331110370124 0.28015952143569295 29.97 2.0814814814814815 0.8200000000000005
0.9985550739135267 0.2761714855433699 29.946666666666665 2.051851851851852 0.8300000000000005
0.9976658886295432 0.27218344965104685 29.92 2.022222222222222 0.8400000000000005
0.9951094809380905 0.26321036889332006 29.843333333333334 1.9555555555555555 0.8500000000000005
0.9912192953206624 0.2502492522432702 29.726666666666667 1.8592592592592592 0.8600000000000005
0.9857730354562632 0.2432701894317049 29.563333333333333 1.8074074074074074 0.8700000000000006
0.9789929976658887 0.2313060817547358 29.36 1.7185185185185186 0.8800000000000006
0.9699899966655552 0.20837487537387836 29.09 1.548148148148148 0.8900000000000006
0.9607646993442258 0.17746759720837488 28.813333333333333 1.3185185185185184 0.9000000000000006
0.9506502167389129 0.15154536390827517 28.51 1.125925925925926 0.9100000000000006
0.9418695120595754 0.13359920239282153 28.246666666666666 0.9925925925925926 0.9200000000000006
0.934867177948205 0.11166500498504486 28.036666666666665 0.8296296296296296 0.9300000000000006
0.9296432144048016 0.10269192422731804 27.88 0.762962962962963 0.9400000000000006
0.9246415471823941 0.09870388833499502 27.73 0.7333333333333333 0.9500000000000006
0.9199733244414805 0.09571286141575275 27.59 0.7111111111111111 0.9600000000000006
0.9119706568856285 0.09471585244267199 27.35 0.7037037037037037 0.9700000000000006
0.8922974324774925 0.09471585244267199 26.76 0.7037037037037037 0.9800000000000006
0.8290541291541625 0.09471585244267199 24.863333333333333 0.7037037037037037 0.9900000000000007
0.0 0.0 0.0 0.0
