1.0 1.0 44.985 33.43333333333333 0.0
1.0 0.9870388833499502 44.985 33.0 0.01
1.0 0.9641076769690927 44.985 32.233333333333334 0.02
1.0 0.9491525423728814 44.985 31.733333333333334 0.03
1.0 0.9361914257228315 44.985 31.3 0.04
1.0 0.9282153539381854 44.985 31.033333333333335 0.05
1.0 0.905284147557328 44.985 30.266666666666666 0.060000000000000005
1.0 0.905284147557328 44.985 30.266666666666666 0.07
1.0 0.9022931206380858 44.985 30.166666666666668 0.08
1.0 0.8993020937188435 44.985 30.066666666666666 0.09
1.0 0.8953140578265204 44.985 29.933333333333334 0.09999999999999999
1.0 0.8883349950149552 44.985 29.7 0.10999999999999999
1.0 0.8823529411764706 44.985 29.5 0.11999999999999998
1.0 0.8783649052841476 44.985 29.366666666666667 0.12999999999999998
1.0 0.8783649052841476 44.985 29.366666666666667 0.13999999999999999
1.0 0.8753738783649053 44.985 29.266666666666666 0.15
1.0 0.8673978065802592 44.985 29.0 0.16
1.0 0.8584247258225324 44.985 28.7 0.17
1.0 0.8444666001994018 44.985 28.233333333333334 0.18000000000000002
1.0 0.8334995014955134 44.985 27.866666666666667 0.19000000000000003
1.0 0.8285144566301097 44.985 27.7 0.20000000000000004
1.0 0.8265204386839482 44.985 27.633333333333333 0.21000000000000005
1.0 0.8225324027916251 44.985 27.5 0.22000000000000006
1.0 0.8185443668993021 44.985 27.366666666666667 0.23000000000000007
1.0 0.8175473579262214 44.985 27.333333333333332 0.24000000000000007
1.0 0.8145563310069791 44.985 27.233333333333334 0.25000000000000006
1.0 0.8125623130608175 44.985 27.166666666666668 0.26000000000000006
1.0 0.8115653040877367 44.985 27.133333333333333 0.2700000000000001
1.0 0.8115653040877367 44.985 27.133333333333333 0.2800000000000001
1.0 0.8115653040877367 44.985 27.133333333333333 0.2900000000000001
1.0 0.8115653040877367 44.985 27.133333333333333 0.3000000000000001
1.0 0.8115653040877367 44.985 27.133333333333333 0.3100000000000001
1.0 0.8115653040877367 44.985 27.133333333333333 0.3200000000000001
1.0 0.810568295114656 44.985 27.1 0.3300000000000001
1.0 0.8075772681954138 44.985 27.0 0.34000000000000014
1.0 0.806580259222333 44.985 26.966666666666665 0.35000000000000014
1.0 0.8035892323030908 44.985 26.866666666666667 0.36000000000000015
1.0 0.8015952143569293 44.985 26.8 0.37000000000000016
1.0 0.7966101694915254 44.985 26.633333333333333 0.38000000000000017
1.0 0.7906281156530409 44.985 26.433333333333334 0.3900000000000002
1.0 0.7816550348953141 44.985 26.133333333333333 0.4000000000000002
1.0 0.773678963110668 44.985 25.866666666666667 0.4100000000000002
1.0 0.7666999002991027 44.985 25.633333333333333 0.4200000000000002
1.0 0.7577268195413759 44.985 25.333333333333332 0.4300000000000002
1.0 0.7477567298105683 44.985 25.0 0.4400000000000002
1.0 0.7367896311066799 44.985 24.633333333333333 0.45000000000000023
1.0 0.7298105682951147 44.985 24.4 0.46000000000000024
1.0 0.7218344965104686 44.985 24.133333333333333 0.47000000000000025
1.0 0.7128614157527418 44.985 23.833333333333332 0.48000000000000026
1.0 0.7058823529411765 44.985 23.6 0.49000000000000027
1.0 0.7018943170488534 44.985 23.466666666666665 0.5000000000000002
1.0 0.6989032901296112 44.985 23.366666666666667 0.5100000000000002
1.0 0.6959122632103689 44.985 23.266666666666666 0.5200000000000002
1.0 0.6919242273180458 44.985 23.133333333333333 0.5300000000000002
1.0 0.6909272183449651 44.985 23.1 0.5400000000000003
1.0 0.6889332003988036 44.985 23.033333333333335 0.5500000000000003
1.0 0.6849451645064806 44.985 22.9 0.5600000000000003
1.0 0.6839481555333998 44.985 22.866666666666667 0.5700000000000003
1.0 0.6839481555333998 44.985 22.866666666666667 0.5800000000000003
1.0 0.6819541375872383 44.985 22.8 0.5900000000000003
1.0 0.6769690927218345 44.985 22.633333333333333 0.6000000000000003
1.0 0.6739780658025922 44.985 22.533333333333335 0.6100000000000003
1.0 0.6689930209371885 44.985 22.366666666666667 0.6200000000000003
1.0 0.6620139581256231 44.985 22.133333333333333 0.6300000000000003
1.0 0.6570289132602194 44.985 21.966666666666665 0.6400000000000003
1.0 0.6510468594217348 44.985 21.766666666666666 0.6500000000000004
1.0 0.6331006979062812 44.985 21.166666666666668 0.6600000000000004
1.0 0.6201395812562313 44.985 20.733333333333334 0.6700000000000004
1.0 0.6061814556331007 44.985 20.266666666666666 0.6800000000000004
1.0 0.5832502492522432 44.985 19.5 0.6900000000000004
1.0 0.5672981056829511 44.985 18.966666666666665 0.7000000000000004
1.0 0.5423728813559322 44.985 18.133333333333333 0.7100000000000004
1.0 0.5044865403788634 44.985 16.866666666666667 0.7200000000000004
1.0 0.4785643070787637 44.985 16.0 0.7300000000000004
1.0 0.4506480558325025 44.985 15.066666666666666 0.7400000000000004
1.0 0.42572283150548357 44.985 14.233333333333333 0.7500000000000004
1.0 0.40079760717846463 44.985 13.4 0.7600000000000005
1.0 0.3798604187437687 44.985 12.7 0.7700000000000005
0.999888851839502 0.36390827517447655 44.98 12.166666666666666 0.7800000000000005
0.9997777036790041 0.3509471585244267 44.975 11.733333333333333 0.7900000000000005
0.9997777036790041 0.3469591226321037 44.975 11.6 0.8000000000000005
0.9992219628765144 0.33599202392821537 44.95 11.233333333333333 0.8100000000000005
0.9986662220740247 0.33300099700897307 44.925 11.133333333333333 0.8200000000000005
0.9963321107035679 0.3220338983050847 44.82 10.766666666666667 0.8300000000000005
0.9931088140491275 0.31106679960119643 44.675 10.4 0.8400000000000005
0.9867733689007447 0.29910269192422734 44.39 10.0 0.8500000000000005
0.9789929976658887 0.27716849451645065 44.04 9.266666666666667 0.8600000000000005
0.9677670334555963 0.2572283150548355 43.535 8.6 0.8700000000000006
0.9499833277759253 0.2313060817547358 42.735 7.733333333333333 0.8800000000000006
0.9271979548738468 0.2033898305084746 41.71 6.8 0.8900000000000006
0.9033011003667889 0.16450648055832504 40.635 5.5 0.9000000000000006
0.8795153940202289 0.1106679960119641 39.565 3.7 0.9100000000000006
0.8613982438590642 0.06779661016949153 38.75 2.2666666666666666 0.9200000000000006
0.8441702789818829 0.03788634097706879 37.975 1.2666666666666666 0.9300000000000006
0.8298321662776481 0.01694915254237288 37.33 0.5666666666666667 0.9400000000000006
0.8197176836723352 0.006979062811565304 36.875 0.23333333333333334 0.9500000000000006
0.8101589418695121 9.970089730807576E-4 36.445 0.03333333333333333 0.9600000000000006
0.7962654218072691 0.0 35.82 0.0 0.9700000000000006
0.7620317883739024 0.0 34.28 0.0 0.9800000000000006
0.6665555185061687 0.0 29.985 0.0 0.9900000000000007
0.0 0.0 0.0 0.0
