1.0 1.0 14.995 40.12 0.0
1.0 0.7776669990029911 14.995 31.2 0.01
1.0 0.6799601196410767 14.995 27.28 0.02
1.0 0.638085742771685 14.995 25.6 0.03
1.0 0.6011964107676969 14.995 24.12 0.04
1.0 0.5712861415752741 14.995 22.92 0.05
1.0 0.5304087736789631 14.995 21.28 0.060000000000000005
1.0 0.5304087736789631 14.995 21.28 0.07
1.0 0.5154536390827518 14.995 20.68 0.08
1.0 0.4965104685942173 14.995 19.92 0.09
1.0 0.4795613160518445 14.995 19.24 0.09999999999999999
1.0 0.46061814556331004 14.995 18.48 0.10999999999999999
1.0 0.4546360917248255 14.995 18.24 0.11999999999999998
1.0 0.45164506480558325 14.995 18.12 0.12999999999999998
1.0 0.43768693918245266 14.995 17.56 0.13999999999999999
1.0 0.4247258225324028 14.995 17.04 0.15
1.0 0.42073778664007977 14.995 16.88 0.16
1.0 0.4057826520438684 14.995 16.28 0.17
1.0 0.382851445663011 14.995 15.36 0.18000000000000002
1.0 0.3698903290129611 14.995 14.84 0.19000000000000003
1.0 0.36191425722831505 14.995 14.52 0.20000000000000004
1.0 0.353938185443669 14.995 14.2 0.21000000000000005
1.0 0.34795613160518446 14.995 13.96 0.22000000000000006
1.0 0.34496510468594216 14.995 13.84 0.23000000000000007
1.0 0.33998005982053836 14.995 13.64 0.24000000000000007
1.0 0.3369890329012961 14.995 13.52 0.25000000000000006
1.0 0.3339980059820538 14.995 13.4 0.26000000000000006
1.0 0.33300099700897307 14.995 13.36 0.2700000000000001
1.0 0.32901296111665007 14.995 13.2 0.2800000000000001
1.0 0.3270189431704885 14.995 13.12 0.2900000000000001
1.0 0.3180458624127617 14.995 12.76 0.3000000000000001
1.0 0.3160518444666002 14.995 12.68 0.3100000000000001
1.0 0.3120638085742772 14.995 12.52 0.3200000000000001
1.0 0.30807577268195413 14.995 12.36 0.3300000000000001
1.0 0.30309072781655033 14.995 12.16 0.34000000000000014
1.0 0.3000997008973081 14.995 12.04 0.35000000000000014
1.0 0.29810568295114653 14.995 11.96 0.36000000000000015
1.0 0.292123629112662 14.995 11.72 0.37000000000000016
1.0 0.2851445663010967 14.995 11.44 0.38000000000000017
1.0 0.27716849451645065 14.995 11.12 0.3900000000000002
1.0 0.27218344965104685 14.995 10.92 0.4000000000000002
1.0 0.26321036889332006 14.995 10.56 0.4100000000000002
1.0 0.2572283150548355 14.995 10.32 0.4200000000000002
1.0 0.2502492522432702 14.995 10.04 0.4300000000000002
1.0 0.2432701894317049 14.995 9.76 0.4400000000000002
1.0 0.23728813559322035 14.995 9.52 0.45000000000000023
1.0 0.22931206380857427 14.995 9.2 0.46000000000000024
1.0 0.21635094715852443 14.995 8.68 0.47000000000000025
1.0 0.20937188434695914 14.995 8.4 0.48000000000000026
1.0 0.20139581256231306 14.995 8.08 0.49000000000000027
1.0 0.19740777666999004 14.995 7.92 0.5000000000000002
1.0 0.19242273180458624 14.995 7.72 0.5100000000000002
1.0 0.1914257228315055 14.995 7.68 0.5200000000000002
1.0 0.18743768693918245 14.995 7.52 0.5300000000000002
1.0 0.1864406779661017 14.995 7.48 0.5400000000000003
1.0 0.18444666001994017 14.995 7.4 0.5500000000000003
1.0 0.1814556331006979 14.995 7.28 0.5600000000000003
1.0 0.1794616151545364 14.995 7.2 0.5700000000000003
1.0 0.17547357926221335 14.995 7.04 0.5800000000000003
1.0 0.17347956131605186 14.995 6.96 0.5900000000000003
1.0 0.17148554336989033 14.995 6.88 0.6000000000000003
1.0 0.1694915254237288 14.995 6.8 0.6100000000000003
1.0 0.16450648055832504 14.995 6.6 0.6200000000000003
1.0 0.1625124626121635 14.995 6.52 0.6300000000000003
1.0 0.1585244267198405 14.995 6.36 0.6400000000000003
1.0 0.1575274177467597 14.995 6.32 0.6500000000000004
1.0 0.15054835493519442 14.995 6.04 0.6600000000000004
1.0 0.1415752741774676 14.995 5.68 0.6700000000000004
1.0 0.13758723828514458 14.995 5.52 0.6800000000000004
1.0 0.13260219341974078 14.995 5.32 0.6900000000000004
1.0 0.13160518444666003 14.995 5.28 0.7000000000000004
1.0 0.13060817547357925 14.995 5.24 0.7100000000000004
1.0 0.12163509471585245 14.995 4.88 0.7200000000000004
1.0 0.10867397806580259 14.995 4.36 0.7300000000000004
1.0 0.10269192422731804 14.995 4.12 0.7400000000000004
1.0 0.09471585244267199 14.995 3.8 0.7500000000000004
1.0 0.08673978065802593 14.995 3.48 0.7600000000000005
1.0 0.07776669990029911 14.995 3.12 0.7700000000000005
1.0 0.07278165503489531 14.995 2.92 0.7800000000000005
1.0 0.06979062811565304 14.995 2.8 0.7900000000000005
1.0 0.06679960119641076 14.995 2.68 0.8000000000000005
1.0 0.06679960119641076 14.995 2.68 0.8100000000000005
1.0 0.06380857427716849 14.995 2.56 0.8200000000000005
1.0 0.06380857427716849 14.995 2.56 0.8300000000000005
1.0 0.06181455633100698 14.995 2.48 0.8400000000000005
1.0 0.06181455633100698 14.995 2.48 0.8500000000000005
0.9994442591975102 0.0518444666001994 14.986666666666666 2.08 0.8600000000000005
0.9991108147160165 0.04386839481555334 14.981666666666667 1.76 0.8700000000000006
0.9985550739135267 0.03988035892323031 14.973333333333333 1.6 0.8800000000000006
0.9979993331110371 0.03788634097706879 14.965 1.52 0.8900000000000006
0.9973324441480493 0.02991026919242273 14.955 1.2 0.9000000000000006
0.9962209625430699 0.026919242273180457 14.938333333333333 1.08 0.9100000000000006
0.9954429254195843 0.023928215353938187 14.926666666666666 0.96 0.9200000000000006
0.9946648882960987 0.02193419740777667 14.915 0.88 0.9300000000000006
0.9943314438146049 0.020937188434695914 14.91 0.84 0.9400000000000006
0.9934422585306213 0.019940179461615155 14.896666666666667 0.8 0.9500000000000006
0.9924419250861398 0.019940179461615155 14.881666666666666 0.8 0.9600000000000006
0.9904412581971769 0.019940179461615155 14.851666666666667 0.8 0.9700000000000006
0.9866622207402468 0.019940179461615155 14.795 0.8 0.9800000000000006
0.9736578859619873 0.019940179461615155 14.6 0.8 0.9900000000000007
0.0 0.0 0.0 0.0
