1.0 1.0 12.852857142857143 33.43333333333333 0.0
0.9989996665555185 0.7248255234297108 12.84 24.233333333333334 0.01
0.9989996665555185 0.6011964107676969 12.84 20.1 0.02
0.9989996665555185 0.543369890329013 12.84 18.166666666666668 0.03
0.9988885183950206 0.5094715852442672 12.838571428571429 17.033333333333335 0.04
0.9987773702345226 0.4765702891326022 12.837142857142856 15.933333333333334 0.05
0.9987773702345226 0.4247258225324028 12.837142857142856 14.2 0.060000000000000005
0.9987773702345226 0.4247258225324028 12.837142857142856 14.2 0.07
0.9987773702345226 0.4067796610169492 12.837142857142856 13.6 0.08
0.9986662220740247 0.3918245264207378 12.835714285714285 13.1 0.09
0.9985550739135267 0.3798604187437687 12.834285714285715 12.7 0.09999999999999999
0.9985550739135267 0.3728813559322034 12.834285714285715 12.466666666666667 0.10999999999999999
0.9985550739135267 0.36490528414755735 12.834285714285715 12.2 0.11999999999999998
0.9985550739135267 0.3609172482552343 12.834285714285715 12.066666666666666 0.12999999999999998
0.9985550739135267 0.3489531405782652 12.834285714285715 11.666666666666666 0.13999999999999999
0.9985550739135267 0.33998005982053836 12.834285714285715 11.366666666666667 0.15
0.9985550739135267 0.3339980059820538 12.834285714285715 11.166666666666666 0.16
0.9985550739135267 0.3270189431704885 12.834285714285715 10.933333333333334 0.17
0.9985550739135267 0.31106679960119643 12.834285714285715 10.4 0.18000000000000002
0.9985550739135267 0.30109670987038883 12.834285714285715 10.066666666666666 0.19000000000000003
0.9985550739135267 0.28614157527417744 12.834285714285715 9.566666666666666 0.20000000000000004
0.9985550739135267 0.2731804586241276 12.834285714285715 9.133333333333333 0.21000000000000005
0.9985550739135267 0.26321036889332006 12.834285714285715 8.8 0.22000000000000006
0.9985550739135267 0.2612163509471585 12.834285714285715 8.733333333333333 0.23000000000000007
0.9985550739135267 0.25623130608175476 12.834285714285715 8.566666666666666 0.24000000000000007
0.9985550739135267 0.25324027916251246 12.834285714285715 8.466666666666667 0.25000000000000006
0.9985550739135267 0.25124626121635096 12.834285714285715 8.4 0.26000000000000006
0.9985550739135267 0.24925224327018944 12.834285714285715 8.333333333333334 0.2700000000000001
0.9985550739135267 0.24925224327018944 12.834285714285715 8.333333333333334 0.2800000000000001
0.9985550739135267 0.2472582253240279 12.834285714285715 8.266666666666667 0.2900000000000001
0.9985550739135267 0.24426719840478564 12.834285714285715 8.166666666666666 0.3000000000000001
0.9985550739135267 0.2432701894317049 12.834285714285715 8.133333333333333 0.3100000000000001
0.9985550739135267 0.2432701894317049 12.834285714285715 8.133333333333333 0.3200000000000001
0.9985550739135267 0.2382851445663011 12.834285714285715 7.966666666666667 0.3300000000000001
0.9985550739135267 0.23728813559322035 12.834285714285715 7.933333333333334 0.34000000000000014
0.9985550739135267 0.23529411764705882 12.834285714285715 7.866666666666666 0.35000000000000014
0.9985550739135267 0.23230309072781655 12.834285714285715 7.766666666666667 0.36000000000000015
0.9985550739135267 0.22831505483549352 12.834285714285715 7.633333333333334 0.37000000000000016
0.9985550739135267 0.22432701894317048 12.834285714285715 7.5 0.38000000000000017
0.9985550739135267 0.21734795613160518 12.834285714285715 7.266666666666667 0.3900000000000002
0.9985550739135267 0.20937188434695914 12.834285714285715 7.0 0.4000000000000002
0.9985550739135267 0.19441674975074777 12.834285714285715 6.5 0.4100000000000002
0.9985550739135267 0.18743768693918245 12.834285714285715 6.266666666666667 0.4200000000000002
0.9985550739135267 0.18045862412761715 12.834285714285715 6.033333333333333 0.4300000000000002
0.9985550739135267 0.17846460618145563 12.834285714285715 5.966666666666667 0.4400000000000002
0.9985550739135267 0.1674975074775673 12.834285714285715 5.6 0.45000000000000023
0.9985550739135267 0.15553339980059822 12.834285714285715 5.2 0.46000000000000024
0.9985550739135267 0.15154536390827517 12.834285714285715 5.066666666666666 0.47000000000000025
0.9985550739135267 0.14356929212362912 12.834285714285715 4.8 0.48000000000000026
0.9985550739135267 0.1415752741774676 12.834285714285715 4.733333333333333 0.49000000000000027
0.9985550739135267 0.13559322033898305 12.834285714285715 4.533333333333333 0.5000000000000002
0.9985550739135267 0.13359920239282153 12.834285714285715 4.466666666666667 0.5100000000000002
0.9985550739135267 0.12861415752741776 12.834285714285715 4.3 0.5200000000000002
0.9985550739135267 0.12861415752741776 12.834285714285715 4.3 0.5300000000000002
0.9985550739135267 0.12562313060817548 12.834285714285715 4.2 0.5400000000000003
0.9985550739135267 0.12163509471585245 12.834285714285715 4.066666666666666 0.5500000000000003
0.9985550739135267 0.12063808574277168 12.834285714285715 4.033333333333333 0.5600000000000003
0.9985550739135267 0.11964107676969092 12.834285714285715 4.0 0.5700000000000003
0.9985550739135267 0.11864406779661017 12.834285714285715 3.966666666666667 0.5800000000000003
0.9985550739135267 0.11665004985044865 12.834285714285715 3.9 0.5900000000000003
0.9985550739135267 0.1156530408773679 12.834285714285715 3.8666666666666667 0.6000000000000003
0.9985550739135267 0.11465603190428714 12.834285714285715 3.8333333333333335 0.6100000000000003
0.9984439257530288 0.11365902293120637 12.832857142857144 3.8 0.6200000000000003
0.9984439257530288 0.11166500498504486 12.832857142857144 3.7333333333333334 0.6300000000000003
0.9984439257530288 0.1106679960119641 12.832857142857144 3.7 0.6400000000000003
0.9984439257530288 0.10767696909272183 12.832857142857144 3.6 0.6500000000000004
0.9984439257530288 0.10269192422731804 12.832857142857144 3.433333333333333 0.6600000000000004
0.9984439257530288 0.09970089730807577 12.832857142857144 3.3333333333333335 0.6700000000000004
0.9984439257530288 0.0967098703888335 12.832857142857144 3.2333333333333334 0.6800000000000004
0.9984439257530288 0.09272183449651047 12.832857142857144 3.1 0.6900000000000004
0.9984439257530288 0.08075772681954138 12.832857142857144 2.7 0.7000000000000004
0.9984439257530288 0.07676969092721835 12.832857142857144 2.566666666666667 0.7100000000000004
0.9984439257530288 0.06580259222333001 12.832857142857144 2.2 0.7200000000000004
0.9984439257530288 0.058823529411764705 12.832857142857144 1.9666666666666666 0.7300000000000004
0.9984439257530288 0.054835493519441676 12.832857142857144 1.8333333333333333 0.7400000000000004
0.9984439257530288 0.047856430707876374 12.832857142857144 1.6 0.7500000000000004
0.9984439257530288 0.04187437686939183 12.832857142857144 1.4 0.7600000000000005
0.9984439257530288 0.03788634097706879 12.832857142857144 1.2666666666666666 0.7700000000000005
0.9984439257530288 0.03290129611166501 12.832857142857144 1.1 0.7800000000000005
0.9984439257530288 0.03090727816550349 12.832857142857144 1.0333333333333334 0.7900000000000005
0.9984439257530288 0.02991026919242273 12.832857142857144 1.0 0.8000000000000005
0.9984439257530288 0.028913260219341975 12.832857142857144 0.9666666666666667 0.8100000000000005
0.9984439257530288 0.028913260219341975 12.832857142857144 0.9666666666666667 0.8200000000000005
0.9984439257530288 0.0259222333000997 12.832857142857144 0.8666666666666667 0.8300000000000005
0.9983327775925308 0.023928215353938187 12.831428571428571 0.8 0.8400000000000005
0.9983327775925308 0.023928215353938187 12.831428571428571 0.8 0.8500000000000005
0.998110481271535 0.02193419740777667 12.82857142857143 0.7333333333333333 0.8600000000000005
0.9979993331110371 0.019940179461615155 12.827142857142857 0.6666666666666666 0.8700000000000006
0.9977770367900411 0.01794616151545364 12.824285714285715 0.6 0.8800000000000006
0.9973324441480493 0.015952143569292122 12.81857142857143 0.5333333333333333 0.8900000000000006
0.9972212959875514 0.013958125623130608 12.817142857142857 0.4666666666666667 0.9000000000000006
0.9967767033455597 0.00897308075772682 12.811428571428571 0.3 0.9100000000000006
0.9963321107035679 0.004985044865403789 12.805714285714286 0.16666666666666666 0.9200000000000006
0.995998666222074 0.0019940179461615153 12.801428571428572 0.06666666666666667 0.9300000000000006
0.9956652217405801 0.0019940179461615153 12.797142857142857 0.06666666666666667 0.9400000000000006
0.9955540735800823 9.970089730807576E-4 12.795714285714286 0.03333333333333333 0.9500000000000006
0.9951094809380905 0.0 12.79 0.0 0.9600000000000006
0.9945537401356007 0.0 12.782857142857143 0.0 0.9700000000000006
0.9932199622096254 0.0 12.765714285714285 0.0 0.9800000000000006
0.9859953317772591 0.0 12.672857142857143 0.0 0.9900000000000007
0.0 0.0 0.0 0.0
