1.0 1.0 17.994 31.34375 0.0
1.0 0.8873379860418744 17.994 27.8125 0.01
1.0 0.8085742771684945 17.994 25.34375 0.02
1.0 0.7666999002991027 17.994 24.03125 0.03
1.0 0.7347956131605184 17.994 23.03125 0.04
1.0 0.7128614157527418 17.994 22.34375 0.05
1.0 0.6689930209371885 17.994 20.96875 0.060000000000000005
1.0 0.6689930209371885 17.994 20.96875 0.07
1.0 0.650049850448654 17.994 20.375 0.08
1.0 0.6291126620139581 17.994 19.71875 0.09
1.0 0.6211365902293121 17.994 19.46875 0.09999999999999999
1.0 0.6141575274177468 17.994 19.25 0.10999999999999999
1.0 0.6051844466600199 17.994 18.96875 0.11999999999999998
1.0 0.6001994017946162 17.994 18.8125 0.12999999999999998
1.0 0.5882352941176471 17.994 18.4375 0.13999999999999999
1.0 0.5782652043868395 17.994 18.125 0.15
1.0 0.5682951146560319 17.994 17.8125 0.16
1.0 0.5543369890329013 17.994 17.375 0.17
1.0 0.5274177467597209 17.994 16.53125 0.18000000000000002
1.0 0.514456630109671 17.994 16.125 0.19000000000000003
1.0 0.5054835493519442 17.994 15.84375 0.20000000000000004
1.0 0.4965104685942173 17.994 15.5625 0.21000000000000005
1.0 0.48454636091724823 17.994 15.1875 0.22000000000000006
1.0 0.47258225324027914 17.994 14.8125 0.23000000000000007
1.0 0.4646061814556331 17.994 14.5625 0.24000000000000007
1.0 0.46061814556331004 17.994 14.4375 0.25000000000000006
1.0 0.4556331006979063 17.994 14.28125 0.26000000000000006
1.0 0.44666001994017945 17.994 14.0 0.2700000000000001
1.0 0.4456630109670987 17.994 13.96875 0.2800000000000001
1.0 0.4406779661016949 17.994 13.8125 0.2900000000000001
1.0 0.43768693918245266 17.994 13.71875 0.3000000000000001
1.0 0.43768693918245266 17.994 13.71875 0.3100000000000001
1.0 0.4336989032901296 17.994 13.59375 0.3200000000000001
1.0 0.4317048853439681 17.994 13.53125 0.3300000000000001
1.0 0.4247258225324028 17.994 13.3125 0.34000000000000014
1.0 0.42073778664007977 17.994 13.1875 0.35000000000000014
1.0 0.4167497507477567 17.994 13.0625 0.36000000000000015
1.0 0.4097706879361914 17.994 12.84375 0.37000000000000016
1.0 0.4017946161515454 17.994 12.59375 0.38000000000000017
1.0 0.39581256231306083 17.994 12.40625 0.3900000000000002
1.0 0.38584247258225324 17.994 12.09375 0.4000000000000002
1.0 0.3728813559322034 17.994 11.6875 0.4100000000000002
1.0 0.357926221335992 17.994 11.21875 0.4200000000000002
1.0 0.34995014955134596 17.994 10.96875 0.4300000000000002
1.0 0.3419740777666999 17.994 10.71875 0.4400000000000002
1.0 0.3270189431704885 17.994 10.25 0.45000000000000023
1.0 0.3140578265204387 17.994 9.84375 0.46000000000000024
1.0 0.3050847457627119 17.994 9.5625 0.47000000000000025
1.0 0.2951146560319043 17.994 9.25 0.48000000000000026
1.0 0.288135593220339 17.994 9.03125 0.49000000000000027
1.0 0.2851445663010967 17.994 8.9375 0.5000000000000002
1.0 0.28015952143569295 17.994 8.78125 0.5100000000000002
1.0 0.2761714855433699 17.994 8.65625 0.5200000000000002
1.0 0.27218344965104685 17.994 8.53125 0.5300000000000002
1.0 0.2691924227318046 17.994 8.4375 0.5400000000000003
1.0 0.2622133599202393 17.994 8.21875 0.5500000000000003
1.0 0.26021934197407776 17.994 8.15625 0.5600000000000003
1.0 0.25822532402791626 17.994 8.09375 0.5700000000000003
1.0 0.2542372881355932 17.994 7.96875 0.5800000000000003
1.0 0.25324027916251246 17.994 7.9375 0.5900000000000003
1.0 0.2502492522432702 17.994 7.84375 0.6000000000000003
1.0 0.2472582253240279 17.994 7.75 0.6100000000000003
1.0 0.2452642073778664 17.994 7.6875 0.6200000000000003
1.0 0.24227318045862412 17.994 7.59375 0.6300000000000003
1.0 0.2382851445663011 17.994 7.46875 0.6400000000000003
1.0 0.23529411764705882 17.994 7.375 0.6500000000000004
1.0 0.22731804586241275 17.994 7.125 0.6600000000000004
1.0 0.21834496510468593 17.994 6.84375 0.6700000000000004
1.0 0.21036889332003988 17.994 6.59375 0.6800000000000004
1.0 0.20139581256231306 17.994 6.3125 0.6900000000000004
1.0 0.19242273180458624 17.994 6.03125 0.7000000000000004
1.0 0.17647058823529413 17.994 5.53125 0.7100000000000004
1.0 0.15553339980059822 17.994 4.875 0.7200000000000004
1.0 0.13958125623130607 17.994 4.375 0.7300000000000004
1.0 0.12761714855433698 17.994 4.0 0.7400000000000004
1.0 0.11665004985044865 17.994 3.65625 0.7500000000000004
1.0 0.10767696909272183 17.994 3.375 0.7600000000000005
1.0 0.10468594217347957 17.994 3.28125 0.7700000000000005
1.0 0.09172482552342971 17.994 2.875 0.7800000000000005
1.0 0.08374875373878365 17.994 2.625 0.7900000000000005
1.0 0.07976071784646062 17.994 2.5 0.8000000000000005
1.0 0.07876370887337986 17.994 2.46875 0.8100000000000005
0.999888851839502 0.07876370887337986 17.992 2.46875 0.8200000000000005
0.9994442591975102 0.07676969092721835 17.984 2.40625 0.8300000000000005
0.9992219628765144 0.07477567298105683 17.98 2.34375 0.8400000000000005
0.9987773702345226 0.06879361914257229 17.972 2.15625 0.8500000000000005
0.9982216294320329 0.06081754735792622 17.962 1.90625 0.8600000000000005
0.9972212959875514 0.05284147557328016 17.944 1.65625 0.8700000000000006
0.9955540735800823 0.04885343968095713 17.914 1.53125 0.8800000000000006
0.9938868511726131 0.040877367896311065 17.884 1.28125 0.8900000000000006
0.9911081471601645 0.03489531405782652 17.834 1.09375 0.9000000000000006
0.9891074802712015 0.023928215353938187 17.798 0.75 0.9100000000000006
0.9872179615427364 0.010967098703888335 17.764 0.34375 0.9200000000000006
0.9859953317772591 0.007976071784646061 17.742 0.25 0.9300000000000006
0.9844392575302878 0.003988035892323031 17.714 0.125 0.9400000000000006
0.9831054796043125 0.0019940179461615153 17.69 0.0625 0.9500000000000006
0.9807713682338557 9.970089730807576E-4 17.648 0.03125 0.9600000000000006
0.9765477381349339 9.970089730807576E-4 17.572 0.03125 0.9700000000000006
0.9692119595420696 9.970089730807576E-4 17.44 0.03125 0.9800000000000006
0.9412026230965878 9.970089730807576E-4 16.936 0.03125 0.9900000000000007
0.0 0.0 0.0 0.0
