1.0 1.0 22.4925 35.82142857142857 0.0
1.0 0.9312063808574277 22.4925 33.357142857142854 0.01
1.0 0.8554336989032901 22.4925 30.642857142857142 0.02
1.0 0.8115653040877367 22.4925 29.071428571428573 0.03
1.0 0.7886340977068793 22.4925 28.25 0.04
1.0 0.769690927218345 22.4925 27.571428571428573 0.05
1.0 0.7357926221335992 22.4925 26.357142857142858 0.060000000000000005
1.0 0.7357926221335992 22.4925 26.357142857142858 0.07
1.0 0.7198404785643071 22.4925 25.785714285714285 0.08
1.0 0.7068793619142573 22.4925 25.321428571428573 0.09
1.0 0.6969092721834497 22.4925 24.964285714285715 0.09999999999999999
1.0 0.6909272183449651 22.4925 24.75 0.10999999999999999
1.0 0.6869391824526421 22.4925 24.607142857142858 0.11999999999999998
1.0 0.6829511465603191 22.4925 24.464285714285715 0.12999999999999998
1.0 0.6759720837487537 22.4925 24.214285714285715 0.13999999999999999
1.0 0.6699900299102692 22.4925 24.0 0.15
1.0 0.6630109670987039 22.4925 23.75 0.16
1.0 0.6570289132602194 22.4925 23.535714285714285 0.17
1.0 0.638085742771685 22.4925 22.857142857142858 0.18000000000000002
1.0 0.6261216350947159 22.4925 22.428571428571427 0.19000000000000003
1.0 0.6141575274177468 22.4925 22.0 0.20000000000000004
1.0 0.609172482552343 22.4925 21.821428571428573 0.21000000000000005
1.0 0.6031904287138584 22.4925 21.607142857142858 0.22000000000000006
1.0 0.5952143569292123 22.4925 21.321428571428573 0.23000000000000007
1.0 0.5902293120638086 22.4925 21.142857142857142 0.24000000000000007
1.0 0.5882352941176471 22.4925 21.071428571428573 0.25000000000000006
1.0 0.5872382851445663 22.4925 21.035714285714285 0.26000000000000006
1.0 0.5852442671984048 22.4925 20.964285714285715 0.2700000000000001
1.0 0.584247258225324 22.4925 20.928571428571427 0.2800000000000001
1.0 0.5812562313060817 22.4925 20.821428571428573 0.2900000000000001
1.0 0.580259222333001 22.4925 20.785714285714285 0.3000000000000001
1.0 0.580259222333001 22.4925 20.785714285714285 0.3100000000000001
1.0 0.5792622133599202 22.4925 20.75 0.3200000000000001
1.0 0.576271186440678 22.4925 20.642857142857142 0.3300000000000001
1.0 0.5712861415752741 22.4925 20.464285714285715 0.34000000000000014
1.0 0.5682951146560319 22.4925 20.357142857142858 0.35000000000000014
1.0 0.5623130608175474 22.4925 20.142857142857142 0.36000000000000015
1.0 0.5603190428713859 22.4925 20.071428571428573 0.37000000000000016
1.0 0.5523429710867398 22.4925 19.785714285714285 0.38000000000000017
1.0 0.5453639082751744 22.4925 19.535714285714285 0.3900000000000002
1.0 0.5373878364905285 22.4925 19.25 0.4000000000000002
1.0 0.5284147557328016 22.4925 18.928571428571427 0.4100000000000002
1.0 0.5174476570289133 22.4925 18.535714285714285 0.4200000000000002
1.0 0.4965104685942173 22.4925 17.785714285714285 0.4300000000000002
1.0 0.48454636091724823 22.4925 17.357142857142858 0.4400000000000002
1.0 0.47357926221335994 22.4925 16.964285714285715 0.45000000000000023
1.0 0.46061814556331004 22.4925 16.5 0.46000000000000024
1.0 0.45663010967098705 22.4925 16.357142857142858 0.47000000000000025
1.0 0.4506480558325025 22.4925 16.142857142857142 0.48000000000000026
1.0 0.4426719840478564 22.4925 15.857142857142858 0.49000000000000027
1.0 0.44167497507477566 22.4925 15.821428571428571 0.5000000000000002
1.0 0.43768693918245266 22.4925 15.678571428571429 0.5100000000000002
1.0 0.43270189431704886 22.4925 15.5 0.5200000000000002
1.0 0.4307078763708873 22.4925 15.428571428571429 0.5300000000000002
1.0 0.42572283150548357 22.4925 15.25 0.5400000000000003
1.0 0.42273180458624127 22.4925 15.142857142857142 0.5500000000000003
1.0 0.419740777666999 22.4925 15.035714285714286 0.5600000000000003
1.0 0.419740777666999 22.4925 15.035714285714286 0.5700000000000003
1.0 0.4167497507477567 22.4925 14.928571428571429 0.5800000000000003
1.0 0.4167497507477567 22.4925 14.928571428571429 0.5900000000000003
1.0 0.41575274177467597 22.4925 14.892857142857142 0.6000000000000003
1.0 0.4137587238285145 22.4925 14.821428571428571 0.6100000000000003
1.0 0.4127617148554337 22.4925 14.785714285714286 0.6200000000000003
1.0 0.4107676969092722 22.4925 14.714285714285714 0.6300000000000003
1.0 0.4097706879361914 22.4925 14.678571428571429 0.6400000000000003
1.0 0.4087736789631107 22.4925 14.642857142857142 0.6500000000000004
1.0 0.4017946161515454 22.4925 14.392857142857142 0.6600000000000004
1.0 0.39581256231306083 22.4925 14.178571428571429 0.6700000000000004
1.0 0.3848454636091725 22.4925 13.785714285714286 0.6800000000000004
1.0 0.37686939182452645 22.4925 13.5 0.6900000000000004
1.0 0.36689930209371885 22.4925 13.142857142857142 0.7000000000000004
1.0 0.34795613160518446 22.4925 12.464285714285714 0.7100000000000004
1.0 0.32901296111665007 22.4925 11.785714285714286 0.7200000000000004
1.0 0.3160518444666002 22.4925 11.321428571428571 0.7300000000000004
1.0 0.30109670987038883 22.4925 10.785714285714286 0.7400000000000004
1.0 0.28713858424725824 22.4925 10.285714285714286 0.7500000000000004
1.0 0.27716849451645065 22.4925 9.928571428571429 0.7600000000000005
1.0 0.25822532402791626 22.4925 9.25 0.7700000000000005
0.9997777036790041 0.24925224327018944 22.4875 8.928571428571429 0.7800000000000005
0.9996665555185061 0.24127617148554337 22.485 8.642857142857142 0.7900000000000005
0.9996665555185061 0.23728813559322035 22.485 8.5 0.8000000000000005
0.9994442591975102 0.23030907278165502 22.48 8.25 0.8100000000000005
0.9991108147160165 0.22831505483549352 22.4725 8.178571428571429 0.8200000000000005
0.9988885183950206 0.22532402791625125 22.4675 8.071428571428571 0.8300000000000005
0.9978881849505391 0.22033898305084745 22.445 7.892857142857143 0.8400000000000005
0.9967767033455597 0.21734795613160518 22.42 7.785714285714286 0.8500000000000005
0.9945537401356007 0.2033898305084746 22.37 7.285714285714286 0.8600000000000005
0.9913304434811604 0.19242273180458624 22.2975 6.892857142857143 0.8700000000000006
0.9879959986662221 0.18344965104685942 22.2225 6.571428571428571 0.8800000000000006
0.9828831832833167 0.16650049850448653 22.1075 5.964285714285714 0.8900000000000006
0.9769923307769256 0.15254237288135594 21.975 5.464285714285714 0.9000000000000006
0.9715460709125264 0.1296111665004985 21.8525 4.642857142857143 0.9100000000000006
0.9653217739246416 0.11665004985044865 21.7125 4.178571428571429 0.9200000000000006
0.9610981438257197 0.10767696909272183 21.6175 3.857142857142857 0.9300000000000006
0.9578748471712794 0.10269192422731804 21.545 3.6785714285714284 0.9400000000000006
0.9547626986773369 0.09970089730807577 21.475 3.5714285714285716 0.9500000000000006
0.9508725130599088 0.09571286141575275 21.3875 3.4285714285714284 0.9600000000000006
0.9458708458375014 0.09571286141575275 21.275 3.4285714285714284 0.9700000000000006
0.9352006224296988 0.09471585244267199 21.035 3.392857142857143 0.9800000000000006
0.8967433588974103 0.09471585244267199 20.17 3.392857142857143 0.9900000000000007
0.0 0.0 0.0 0.0
