1.0 1.0 9.996666666666666 33.43333333333333 0.0
1.0 0.5643070787637089 9.996666666666666 18.866666666666667 0.01
1.0 0.4596211365902293 9.996666666666666 15.366666666666667 0.02
1.0 0.42073778664007977 9.996666666666666 14.066666666666666 0.03
1.0 0.39581256231306083 9.996666666666666 13.233333333333333 0.04
1.0 0.3728813559322034 9.996666666666666 12.466666666666667 0.05
1.0 0.3459621136590229 9.996666666666666 11.566666666666666 0.060000000000000005
1.0 0.3459621136590229 9.996666666666666 11.566666666666666 0.07
1.0 0.32901296111665007 9.996666666666666 11.0 0.08
1.0 0.3180458624127617 9.996666666666666 10.633333333333333 0.09
1.0 0.3120638085742772 9.996666666666666 10.433333333333334 0.09999999999999999
1.0 0.3050847457627119 9.996666666666666 10.2 0.10999999999999999
1.0 0.30109670987038883 9.996666666666666 10.066666666666666 0.11999999999999998
1.0 0.29910269192422734 9.996666666666666 10.0 0.12999999999999998
1.0 0.2971086739780658 9.996666666666666 9.933333333333334 0.13999999999999999
1.0 0.29411764705882354 9.996666666666666 9.833333333333334 0.15
1.0 0.28913260219341974 9.996666666666666 9.666666666666666 0.16
1.0 0.2851445663010967 9.996666666666666 9.533333333333333 0.17
1.0 0.27218344965104685 9.996666666666666 9.1 0.18000000000000002
1.0 0.26719840478564305 9.996666666666666 8.933333333333334 0.19000000000000003
1.0 0.259222333000997 9.996666666666666 8.666666666666666 0.20000000000000004
1.0 0.2502492522432702 9.996666666666666 8.366666666666667 0.21000000000000005
1.0 0.2432701894317049 9.996666666666666 8.133333333333333 0.22000000000000006
1.0 0.2382851445663011 9.996666666666666 7.966666666666667 0.23000000000000007
1.0 0.23529411764705882 9.996666666666666 7.866666666666666 0.24000000000000007
1.0 0.2333000997008973 9.996666666666666 7.8 0.25000000000000006
1.0 0.2313060817547358 9.996666666666666 7.733333333333333 0.26000000000000006
1.0 0.22731804586241275 9.996666666666666 7.6 0.2700000000000001
1.0 0.22432701894317048 9.996666666666666 7.5 0.2800000000000001
1.0 0.22233300099700898 9.996666666666666 7.433333333333334 0.2900000000000001
1.0 0.2213359920239282 9.996666666666666 7.4 0.3000000000000001
1.0 0.2213359920239282 9.996666666666666 7.4 0.3100000000000001
1.0 0.22033898305084745 9.996666666666666 7.366666666666666 0.3200000000000001
1.0 0.21535393818544366 9.996666666666666 7.2 0.3300000000000001
1.0 0.2143569292123629 9.996666666666666 7.166666666666667 0.34000000000000014
1.0 0.21136590229312063 9.996666666666666 7.066666666666666 0.35000000000000014
1.0 0.20937188434695914 9.996666666666666 7.0 0.36000000000000015
1.0 0.2073778664007976 9.996666666666666 6.933333333333334 0.37000000000000016
1.0 0.20638085742771686 9.996666666666666 6.9 0.38000000000000017
1.0 0.2033898305084746 9.996666666666666 6.8 0.3900000000000002
1.0 0.1984047856430708 9.996666666666666 6.633333333333334 0.4000000000000002
1.0 0.19441674975074777 9.996666666666666 6.5 0.4100000000000002
1.0 0.19242273180458624 9.996666666666666 6.433333333333334 0.4200000000000002
1.0 0.18943170488534397 9.996666666666666 6.333333333333333 0.4300000000000002
1.0 0.18444666001994017 9.996666666666666 6.166666666666667 0.4400000000000002
1.0 0.17746759720837488 9.996666666666666 5.933333333333334 0.45000000000000023
1.0 0.17148554336989033 9.996666666666666 5.733333333333333 0.46000000000000024
1.0 0.17048853439680958 9.996666666666666 5.7 0.47000000000000025
1.0 0.16650049850448653 9.996666666666666 5.566666666666666 0.48000000000000026
1.0 0.16350947158524426 9.996666666666666 5.466666666666667 0.49000000000000027
1.0 0.16151545363908276 9.996666666666666 5.4 0.5000000000000002
1.0 0.15952143569292124 9.996666666666666 5.333333333333333 0.5100000000000002
1.0 0.1575274177467597 9.996666666666666 5.266666666666667 0.5200000000000002
1.0 0.1575274177467597 9.996666666666666 5.266666666666667 0.5300000000000002
1.0 0.15653040877367896 9.996666666666666 5.233333333333333 0.5400000000000003
1.0 0.15453639082751744 9.996666666666666 5.166666666666667 0.5500000000000003
1.0 0.1535393818544367 9.996666666666666 5.133333333333334 0.5600000000000003
1.0 0.15254237288135594 9.996666666666666 5.1 0.5700000000000003
1.0 0.15254237288135594 9.996666666666666 5.1 0.5800000000000003
1.0 0.15154536390827517 9.996666666666666 5.066666666666666 0.5900000000000003
1.0 0.14955134596211367 9.996666666666666 5.0 0.6000000000000003
1.0 0.1465603190428714 9.996666666666666 4.9 0.6100000000000003
1.0 0.14556331006979062 9.996666666666666 4.866666666666666 0.6200000000000003
1.0 0.14356929212362912 9.996666666666666 4.8 0.6300000000000003
1.0 0.14356929212362912 9.996666666666666 4.8 0.6400000000000003
1.0 0.14257228315054835 9.996666666666666 4.766666666666667 0.6500000000000004
1.0 0.13958125623130607 9.996666666666666 4.666666666666667 0.6600000000000004
1.0 0.13758723828514458 9.996666666666666 4.6 0.6700000000000004
1.0 0.13559322033898305 9.996666666666666 4.533333333333333 0.6800000000000004
1.0 0.1345962113659023 9.996666666666666 4.5 0.6900000000000004
1.0 0.13260219341974078 9.996666666666666 4.433333333333334 0.7000000000000004
1.0 0.12562313060817548 9.996666666666666 4.2 0.7100000000000004
1.0 0.1226321036889332 9.996666666666666 4.1 0.7200000000000004
1.0 0.11964107676969092 9.996666666666666 4.0 0.7300000000000004
1.0 0.1156530408773679 9.996666666666666 3.8666666666666667 0.7400000000000004
1.0 0.11465603190428714 9.996666666666666 3.8333333333333335 0.7500000000000004
1.0 0.11465603190428714 9.996666666666666 3.8333333333333335 0.7600000000000005
1.0 0.11465603190428714 9.996666666666666 3.8333333333333335 0.7700000000000005
1.0 0.11266201395812563 9.996666666666666 3.7666666666666666 0.7800000000000005
1.0 0.11166500498504486 9.996666666666666 3.7333333333333334 0.7900000000000005
1.0 0.10967098703888335 9.996666666666666 3.6666666666666665 0.8000000000000005
1.0 0.10867397806580259 9.996666666666666 3.6333333333333333 0.8100000000000005
1.0 0.10568295114656032 9.996666666666666 3.533333333333333 0.8200000000000005
1.0 0.10468594217347957 9.996666666666666 3.5 0.8300000000000005
1.0 0.1036889332003988 9.996666666666666 3.466666666666667 0.8400000000000005
1.0 0.1036889332003988 9.996666666666666 3.466666666666667 0.8500000000000005
1.0 0.10269192422731804 9.996666666666666 3.433333333333333 0.8600000000000005
0.999888851839502 0.10069790628115653 9.995555555555555 3.3666666666666667 0.8700000000000006
0.9997777036790041 0.10069790628115653 9.994444444444444 3.3666666666666667 0.8800000000000006
0.9996665555185061 0.10069790628115653 9.993333333333334 3.3666666666666667 0.8900000000000006
0.9995554073580082 0.09870388833499502 9.992222222222223 3.3 0.9000000000000006
0.9995554073580082 0.09770687936191426 9.992222222222223 3.2666666666666666 0.9100000000000006
0.9994442591975102 0.09770687936191426 9.991111111111111 3.2666666666666666 0.9200000000000006
0.9994442591975102 0.09770687936191426 9.991111111111111 3.2666666666666666 0.9300000000000006
0.9994442591975102 0.09770687936191426 9.991111111111111 3.2666666666666666 0.9400000000000006
0.9992219628765144 0.09770687936191426 9.988888888888889 3.2666666666666666 0.9500000000000006
0.9992219628765144 0.09770687936191426 9.988888888888889 3.2666666666666666 0.9600000000000006
0.9991108147160165 0.09770687936191426 9.987777777777778 3.2666666666666666 0.9700000000000006
0.9983327775925308 0.09770687936191426 9.98 3.2666666666666666 0.9800000000000006
0.995887518061576 0.09770687936191426 9.955555555555556 3.2666666666666666 0.9900000000000007
0.0 0.0 0.0 0.0
