1.0 1.0 11.24625 22.288888888888888 0.0
1.0 0.6550348953140578 11.24625 14.6 0.01
1.0 0.5333998005982054 11.24625 11.88888888888889 0.02
1.0 0.4835493519441675 11.24625 10.777777777777779 0.03
1.0 0.44466600199401796 11.24625 9.911111111111111 0.04
1.0 0.4267198404785643 11.24625 9.511111111111111 0.05
1.0 0.38783649052841473 11.24625 8.644444444444444 0.060000000000000005
1.0 0.38783649052841473 11.24625 8.644444444444444 0.07
1.0 0.3778664007976072 11.24625 8.422222222222222 0.08
1.0 0.3708873379860419 11.24625 8.266666666666667 0.09
1.0 0.36390827517447655 11.24625 8.11111111111111 0.09999999999999999
1.0 0.35493519441674976 11.24625 7.911111111111111 0.10999999999999999
1.0 0.3509471585244267 11.24625 7.822222222222222 0.11999999999999998
1.0 0.34795613160518446 11.24625 7.7555555555555555 0.12999999999999998
1.0 0.3439680957128614 11.24625 7.666666666666667 0.13999999999999999
1.0 0.3339980059820538 11.24625 7.444444444444445 0.15
1.0 0.3300099700897308 11.24625 7.355555555555555 0.16
1.0 0.3220338983050847 11.24625 7.177777777777778 0.17
1.0 0.3050847457627119 11.24625 6.8 0.18000000000000002
1.0 0.2971086739780658 11.24625 6.622222222222222 0.19000000000000003
1.0 0.2901296111665005 11.24625 6.466666666666667 0.20000000000000004
1.0 0.2831505483549352 11.24625 6.311111111111111 0.21000000000000005
1.0 0.27517447657028915 11.24625 6.133333333333334 0.22000000000000006
1.0 0.2691924227318046 11.24625 6.0 0.23000000000000007
1.0 0.26719840478564305 11.24625 5.955555555555556 0.24000000000000007
1.0 0.2662013958125623 11.24625 5.933333333333334 0.25000000000000006
1.0 0.26321036889332006 11.24625 5.866666666666666 0.26000000000000006
1.0 0.259222333000997 11.24625 5.777777777777778 0.2700000000000001
1.0 0.25822532402791626 11.24625 5.7555555555555555 0.2800000000000001
1.0 0.2572283150548355 11.24625 5.733333333333333 0.2900000000000001
1.0 0.25523429710867396 11.24625 5.688888888888889 0.3000000000000001
1.0 0.25124626121635096 11.24625 5.6 0.3100000000000001
1.0 0.24925224327018944 11.24625 5.555555555555555 0.3200000000000001
1.0 0.2472582253240279 11.24625 5.511111111111111 0.3300000000000001
1.0 0.2452642073778664 11.24625 5.466666666666667 0.34000000000000014
1.0 0.24426719840478564 11.24625 5.444444444444445 0.35000000000000014
1.0 0.2432701894317049 11.24625 5.4222222222222225 0.36000000000000015
1.0 0.23928215353938184 11.24625 5.333333333333333 0.37000000000000016
1.0 0.2382851445663011 11.24625 5.311111111111111 0.38000000000000017
1.0 0.2333000997008973 11.24625 5.2 0.3900000000000002
1.0 0.22831505483549352 11.24625 5.088888888888889 0.4000000000000002
1.0 0.22033898305084745 11.24625 4.911111111111111 0.4100000000000002
1.0 0.2143569292123629 11.24625 4.777777777777778 0.4200000000000002
1.0 0.21136590229312063 11.24625 4.711111111111111 0.4300000000000002
1.0 0.20438683948155534 11.24625 4.555555555555555 0.4400000000000002
1.0 0.19740777666999004 11.24625 4.4 0.45000000000000023
1.0 0.19242273180458624 11.24625 4.288888888888889 0.46000000000000024
1.0 0.18843469591226322 11.24625 4.2 0.47000000000000025
1.0 0.18444666001994017 11.24625 4.111111111111111 0.48000000000000026
1.0 0.18344965104685942 11.24625 4.088888888888889 0.49000000000000027
1.0 0.17846460618145563 11.24625 3.977777777777778 0.5000000000000002
1.0 0.17547357926221335 11.24625 3.911111111111111 0.5100000000000002
1.0 0.17347956131605186 11.24625 3.8666666666666667 0.5200000000000002
1.0 0.17148554336989033 11.24625 3.8222222222222224 0.5300000000000002
1.0 0.17048853439680958 11.24625 3.8 0.5400000000000003
1.0 0.1694915254237288 11.24625 3.7777777777777777 0.5500000000000003
1.0 0.1694915254237288 11.24625 3.7777777777777777 0.5600000000000003
1.0 0.16849451645064806 11.24625 3.7555555555555555 0.5700000000000003
1.0 0.1674975074775673 11.24625 3.7333333333333334 0.5800000000000003
1.0 0.16650049850448653 11.24625 3.7111111111111112 0.5900000000000003
1.0 0.16450648055832504 11.24625 3.6666666666666665 0.6000000000000003
1.0 0.16450648055832504 11.24625 3.6666666666666665 0.6100000000000003
1.0 0.16450648055832504 11.24625 3.6666666666666665 0.6200000000000003
1.0 0.16350947158524426 11.24625 3.6444444444444444 0.6300000000000003
1.0 0.16350947158524426 11.24625 3.6444444444444444 0.6400000000000003
1.0 0.1625124626121635 11.24625 3.6222222222222222 0.6500000000000004
1.0 0.15952143569292124 11.24625 3.5555555555555554 0.6600000000000004
1.0 0.15553339980059822 11.24625 3.466666666666667 0.6700000000000004
1.0 0.15254237288135594 11.24625 3.4 0.6800000000000004
1.0 0.14755732801595214 11.24625 3.2888888888888888 0.6900000000000004
1.0 0.14257228315054835 11.24625 3.1777777777777776 0.7000000000000004
1.0 0.13858424725822532 11.24625 3.088888888888889 0.7100000000000004
1.0 0.1345962113659023 11.24625 3.0 0.7200000000000004
1.0 0.12662013958125623 11.24625 2.8222222222222224 0.7300000000000004
1.0 0.12462612163509472 11.24625 2.7777777777777777 0.7400000000000004
1.0 0.11864406779661017 11.24625 2.6444444444444444 0.7500000000000004
1.0 0.11365902293120637 11.24625 2.533333333333333 0.7600000000000005
1.0 0.1106679960119641 11.24625 2.466666666666667 0.7700000000000005
1.0 0.10767696909272183 11.24625 2.4 0.7800000000000005
1.0 0.10767696909272183 11.24625 2.4 0.7900000000000005
1.0 0.10568295114656032 11.24625 2.3555555555555556 0.8000000000000005
1.0 0.10269192422731804 11.24625 2.2888888888888888 0.8100000000000005
1.0 0.10269192422731804 11.24625 2.2888888888888888 0.8200000000000005
1.0 0.10069790628115653 11.24625 2.2444444444444445 0.8300000000000005
1.0 0.09970089730807577 11.24625 2.2222222222222223 0.8400000000000005
1.0 0.09970089730807577 11.24625 2.2222222222222223 0.8500000000000005
0.999888851839502 0.09970089730807577 11.245 2.2222222222222223 0.8600000000000005
0.999888851839502 0.09970089730807577 11.245 2.2222222222222223 0.8700000000000006
0.999888851839502 0.09970089730807577 11.245 2.2222222222222223 0.8800000000000006
0.9996665555185061 0.0967098703888335 11.2425 2.1555555555555554 0.8900000000000006
0.9996665555185061 0.0967098703888335 11.2425 2.1555555555555554 0.9000000000000006
0.9996665555185061 0.09571286141575275 11.2425 2.1333333333333333 0.9100000000000006
0.9996665555185061 0.09571286141575275 11.2425 2.1333333333333333 0.9200000000000006
0.9996665555185061 0.09571286141575275 11.2425 2.1333333333333333 0.9300000000000006
0.9996665555185061 0.09471585244267199 11.2425 2.111111111111111 0.9400000000000006
0.9995554073580082 0.09471585244267199 11.24125 2.111111111111111 0.9500000000000006
0.9995554073580082 0.09371884346959122 11.24125 2.088888888888889 0.9600000000000006
0.9993331110370124 0.09371884346959122 11.23875 2.088888888888889 0.9700000000000006
0.9986662220740247 0.09371884346959122 11.23125 2.088888888888889 0.9800000000000006
0.9948871846170946 0.09371884346959122 11.18875 2.088888888888889 0.9900000000000007
0.0 0.0 0.0 0.0
