1.0 1.0 89.97 13.373333333333333 0.0
1.0 0.9980059820538385 89.97 13.346666666666666 0.01
1.0 0.9920239282153539 89.97 13.266666666666667 0.02
1.0 0.9860418743768694 89.97 13.186666666666667 0.03
1.0 0.9790628115653041 89.97 13.093333333333334 0.04
1.0 0.9730807577268196 89.97 13.013333333333334 0.05
1.0 0.9690927218344965 89.97 12.96 0.060000000000000005
1.0 0.9690927218344965 89.97 12.96 0.07
1.0 0.967098703888335 89.97 12.933333333333334 0.08
1.0 0.9651046859421735 89.97 12.906666666666666 0.09
1.0 0.9611166500498505 89.97 12.853333333333333 0.09999999999999999
1.0 0.9581256231306082 89.97 12.813333333333333 0.10999999999999999
1.0 0.9571286141575274 89.97 12.8 0.11999999999999998
1.0 0.9531405782652044 89.97 12.746666666666666 0.12999999999999998
1.0 0.9471585244267199 89.97 12.666666666666666 0.13999999999999999
1.0 0.9451645064805583 89.97 12.64 0.15
1.0 0.9401794616151545 89.97 12.573333333333334 0.16
1.0 0.9371884346959123 89.97 12.533333333333333 0.17
1.0 0.9312063808574277 89.97 12.453333333333333 0.18000000000000002
1.0 0.9242273180458624 89.97 12.36 0.19000000000000003
1.0 0.9202392821535393 89.97 12.306666666666667 0.20000000000000004
1.0 0.9162512462612163 89.97 12.253333333333334 0.21000000000000005
1.0 0.9142572283150548 89.97 12.226666666666667 0.22000000000000006
1.0 0.9102691924227319 89.97 12.173333333333334 0.23000000000000007
1.0 0.9102691924227319 89.97 12.173333333333334 0.24000000000000007
1.0 0.9072781655034895 89.97 12.133333333333333 0.25000000000000006
1.0 0.9042871385842473 89.97 12.093333333333334 0.26000000000000006
1.0 0.9032901296111665 89.97 12.08 0.2700000000000001
1.0 0.9032901296111665 89.97 12.08 0.2800000000000001
1.0 0.9022931206380858 89.97 12.066666666666666 0.2900000000000001
1.0 0.9022931206380858 89.97 12.066666666666666 0.3000000000000001
1.0 0.9022931206380858 89.97 12.066666666666666 0.3100000000000001
1.0 0.9002991026919243 89.97 12.04 0.3200000000000001
1.0 0.9002991026919243 89.97 12.04 0.3300000000000001
1.0 0.8993020937188435 89.97 12.026666666666667 0.34000000000000014
1.0 0.8993020937188435 89.97 12.026666666666667 0.35000000000000014
1.0 0.8993020937188435 89.97 12.026666666666667 0.36000000000000015
1.0 0.8963110667996012 89.97 11.986666666666666 0.37000000000000016
1.0 0.8923230309072782 89.97 11.933333333333334 0.38000000000000017
1.0 0.8923230309072782 89.97 11.933333333333334 0.3900000000000002
1.0 0.8893320039880359 89.97 11.893333333333333 0.4000000000000002
1.0 0.8883349950149552 89.97 11.88 0.4100000000000002
1.0 0.8833499501495513 89.97 11.813333333333333 0.4200000000000002
1.0 0.8733798604187437 89.97 11.68 0.4300000000000002
1.0 0.8713858424725822 89.97 11.653333333333334 0.4400000000000002
1.0 0.8673978065802592 89.97 11.6 0.45000000000000023
1.0 0.8654037886340977 89.97 11.573333333333334 0.46000000000000024
1.0 0.8624127617148555 89.97 11.533333333333333 0.47000000000000025
1.0 0.8584247258225324 89.97 11.48 0.48000000000000026
1.0 0.8574277168494516 89.97 11.466666666666667 0.49000000000000027
1.0 0.8564307078763709 89.97 11.453333333333333 0.5000000000000002
1.0 0.8544366899302094 89.97 11.426666666666666 0.5100000000000002
1.0 0.8544366899302094 89.97 11.426666666666666 0.5200000000000002
1.0 0.8534396809571286 89.97 11.413333333333334 0.5300000000000002
1.0 0.8534396809571286 89.97 11.413333333333334 0.5400000000000003
1.0 0.8524426719840479 89.97 11.4 0.5500000000000003
1.0 0.8504486540378864 89.97 11.373333333333333 0.5600000000000003
1.0 0.8504486540378864 89.97 11.373333333333333 0.5700000000000003
1.0 0.8494516450648056 89.97 11.36 0.5800000000000003
1.0 0.8494516450648056 89.97 11.36 0.5900000000000003
1.0 0.847457627118644 89.97 11.333333333333334 0.6000000000000003
1.0 0.8464606181455633 89.97 11.32 0.6100000000000003
1.0 0.8444666001994018 89.97 11.293333333333333 0.6200000000000003
1.0 0.8384845463609173 89.97 11.213333333333333 0.6300000000000003
1.0 0.8364905284147557 89.97 11.186666666666667 0.6400000000000003
1.0 0.8334995014955134 89.97 11.146666666666667 0.6500000000000004
1.0 0.8265204386839482 89.97 11.053333333333333 0.6600000000000004
1.0 0.8195413758723828 89.97 10.96 0.6700000000000004
1.0 0.8075772681954138 89.97 10.8 0.6800000000000004
1.0 0.7966101694915254 89.97 10.653333333333334 0.6900000000000004
1.0 0.7826520438683948 89.97 10.466666666666667 0.7000000000000004
1.0 0.769690927218345 89.97 10.293333333333333 0.7100000000000004
1.0 0.752741774675972 89.97 10.066666666666666 0.7200000000000004
1.0 0.7337986041874377 89.97 9.813333333333333 0.7300000000000004
1.0 0.7108673978065803 89.97 9.506666666666666 0.7400000000000004
1.0 0.6879361914257228 89.97 9.2 0.7500000000000004
1.0 0.6689930209371885 89.97 8.946666666666667 0.7600000000000005
1.0 0.654037886340977 89.97 8.746666666666666 0.7700000000000005
0.9997777036790041 0.6420737786640079 89.95 8.586666666666666 0.7800000000000005
0.9996665555185061 0.6331006979062812 89.94 8.466666666666667 0.7900000000000005
0.9987773702345226 0.6241276171485544 89.86 8.346666666666666 0.8000000000000005
0.9975547404690452 0.6221335992023929 89.75 8.32 0.8100000000000005
0.9957763699010781 0.6181455633100698 89.59 8.266666666666667 0.8200000000000005
0.9914415916416583 0.6111665004985045 89.2 8.173333333333334 0.8300000000000005
0.9849949983327776 0.5972083748753739 88.62 7.986666666666666 0.8400000000000005
0.9737690341224853 0.5852442671984048 87.61 7.826666666666667 0.8500000000000005
0.9522062909858842 0.5473579262213359 85.67 7.32 0.8600000000000005
0.9231966210959208 0.4965104685942173 83.06 6.64 0.8700000000000006
0.8862954318106036 0.45663010967098705 79.74 6.1066666666666665 0.8800000000000006
0.8387240191174836 0.4107676969092722 75.46 5.493333333333333 0.8900000000000006
0.7835945315105035 0.3320039880358923 70.5 4.44 0.9000000000000006
0.7303545626319884 0.25324027916251246 65.71 3.3866666666666667 0.9100000000000006
0.6808936312104035 0.1864406779661017 61.26 2.493333333333333 0.9200000000000006
0.6476603312215183 0.13858424725822532 58.27 1.8533333333333333 0.9300000000000006
0.6199844392575303 0.1156530408773679 55.78 1.5466666666666666 0.9400000000000006
0.5994220295654107 0.1016949152542373 53.93 1.36 0.9500000000000006
0.584972768700678 0.09471585244267199 52.63 1.2666666666666666 0.9600000000000006
0.5668556185395132 0.09172482552342971 51.0 1.2266666666666666 0.9700000000000006
0.5277314660442369 0.09172482552342971 47.48 1.2266666666666666 0.9800000000000006
0.4195843058797377 0.09072781655034895 37.75 1.2133333333333334 0.9900000000000007
0.0 0.0 0.0 0.0
