0.0 0.6979062811565304 0.0 20.0 0.0
0.0 0.67098703888335 0.0 19.228571428571428 0.01
0.0 0.5982053838484547 0.0 17.142857142857142 0.02
0.0 0.5682951146560319 0.0 16.285714285714285 0.03
0.0 0.5493519441674976 0.0 15.742857142857142 0.04
0.0 0.543369890329013 0.0 15.571428571428571 0.05
0.0 0.5264207377866401 0.0 15.085714285714285 0.060000000000000005
0.0 0.5264207377866401 0.0 15.085714285714285 0.07
0.0 0.5194416749750748 0.0 14.885714285714286 0.08
0.0 0.5154536390827518 0.0 14.771428571428572 0.09
0.0 0.5114656031904287 0.0 14.657142857142857 0.09999999999999999
0.0 0.5094715852442672 0.0 14.6 0.10999999999999999
0.0 0.5034895314057827 0.0 14.428571428571429 0.11999999999999998
0.0 0.4995014955134596 0.0 14.314285714285715 0.12999999999999998
0.0 0.4965104685942173 0.0 14.228571428571428 0.13999999999999999
0.0 0.4945164506480558 0.0 14.17142857142857 0.15
0.0 0.48953140578265203 0.0 14.028571428571428 0.16
0.0 0.4885343968095713 0.0 14.0 0.17
0.0 0.4835493519441675 0.0 13.857142857142858 0.18000000000000002
0.0 0.48055832502492524 0.0 13.771428571428572 0.19000000000000003
0.0 0.4765702891326022 0.0 13.657142857142857 0.20000000000000004
0.0 0.47058823529411764 0.0 13.485714285714286 0.21000000000000005
0.0 0.4675972083748754 0.0 13.4 0.22000000000000006
0.0 0.46161515453639085 0.0 13.228571428571428 0.23000000000000007
0.0 0.45862412761714855 0.0 13.142857142857142 0.24000000000000007
0.0 0.4556331006979063 0.0 13.057142857142857 0.25000000000000006
0.0 0.452642073778664 0.0 12.971428571428572 0.26000000000000006
0.0 0.45164506480558325 0.0 12.942857142857143 0.2700000000000001
0.0 0.4506480558325025 0.0 12.914285714285715 0.2800000000000001
0.0 0.4456630109670987 0.0 12.771428571428572 0.2900000000000001
0.0 0.4436689930209372 0.0 12.714285714285714 0.3000000000000001
0.0 0.4386839481555334 0.0 12.571428571428571 0.3100000000000001
0.0 0.43768693918245266 0.0 12.542857142857143 0.3200000000000001
0.0 0.43768693918245266 0.0 12.542857142857143 0.3300000000000001
0.0 0.43768693918245266 0.0 12.542857142857143 0.34000000000000014
0.0 0.43768693918245266 0.0 12.542857142857143 0.35000000000000014
0.0 0.4356929212362911 0.0 12.485714285714286 0.36000000000000015
0.0 0.43270189431704886 0.0 12.4 0.37000000000000016
0.0 0.43270189431704886 0.0 12.4 0.38000000000000017
0.0 0.4317048853439681 0.0 12.371428571428572 0.3900000000000002
0.0 0.4317048853439681 0.0 12.371428571428572 0.4000000000000002
0.0 0.4287138584247258 0.0 12.285714285714286 0.4100000000000002
0.0 0.4247258225324028 0.0 12.17142857142857 0.4200000000000002
0.0 0.4247258225324028 0.0 12.17142857142857 0.4300000000000002
0.0 0.42273180458624127 0.0 12.114285714285714 0.4400000000000002
0.0 0.4187437686939183 0.0 12.0 0.45000000000000023
0.0 0.41575274177467597 0.0 11.914285714285715 0.46000000000000024
0.0 0.41575274177467597 0.0 11.914285714285715 0.47000000000000025
0.0 0.4107676969092722 0.0 11.771428571428572 0.48000000000000026
0.0 0.4087736789631107 0.0 11.714285714285714 0.49000000000000027
0.0 0.4057826520438684 0.0 11.628571428571428 0.5000000000000002
0.0 0.4017946161515454 0.0 11.514285714285714 0.5100000000000002
0.0 0.39980059820538383 0.0 11.457142857142857 0.5200000000000002
0.0 0.3948155533399801 0.0 11.314285714285715 0.5300000000000002
0.0 0.38883349950149554 0.0 11.142857142857142 0.5400000000000003
0.0 0.38584247258225324 0.0 11.057142857142857 0.5500000000000003
0.0 0.3848454636091725 0.0 11.028571428571428 0.5600000000000003
0.0 0.382851445663011 0.0 10.971428571428572 0.5700000000000003
0.0 0.3798604187437687 0.0 10.885714285714286 0.5800000000000003
0.0 0.37387836490528414 0.0 10.714285714285714 0.5900000000000003
0.0 0.36889332003988035 0.0 10.571428571428571 0.6000000000000003
0.0 0.36390827517447655 0.0 10.428571428571429 0.6100000000000003
0.0 0.3609172482552343 0.0 10.342857142857143 0.6200000000000003
0.0 0.357926221335992 0.0 10.257142857142858 0.6300000000000003
0.0 0.357926221335992 0.0 10.257142857142858 0.6400000000000003
0.0 0.353938185443669 0.0 10.142857142857142 0.6500000000000004
0.0 0.35294117647058826 0.0 10.114285714285714 0.6600000000000004
0.0 0.3509471585244267 0.0 10.057142857142857 0.6700000000000004
0.0 0.34795613160518446 0.0 9.971428571428572 0.6800000000000004
0.0 0.3469591226321037 0.0 9.942857142857143 0.6900000000000004
0.0 0.3439680957128614 0.0 9.857142857142858 0.7000000000000004
0.0 0.34297108673978066 0.0 9.82857142857143 0.7100000000000004
0.0 0.3389830508474576 0.0 9.714285714285714 0.7200000000000004
0.0 0.33599202392821537 0.0 9.628571428571428 0.7300000000000004
0.0 0.3339980059820538 0.0 9.571428571428571 0.7400000000000004
0.0 0.3240279162512463 0.0 9.285714285714286 0.7500000000000004
0.0 0.3200398803589232 0.0 9.17142857142857 0.7600000000000005
0.0 0.31306081754735793 0.0 8.971428571428572 0.7700000000000005
0.0 0.31106679960119643 0.0 8.914285714285715 0.7800000000000005
0.0 0.3090727816550349 0.0 8.857142857142858 0.7900000000000005
0.0 0.3050847457627119 0.0 8.742857142857142 0.8000000000000005
0.0 0.30309072781655033 0.0 8.685714285714285 0.8100000000000005
0.0 0.2901296111665005 0.0 8.314285714285715 0.8200000000000005
0.0 0.2811565304087737 0.0 8.057142857142857 0.8300000000000005
0.0 0.27916251246261214 0.0 8.0 0.8400000000000005
0.0 0.2741774675972084 0.0 7.857142857142857 0.8500000000000005
0.0 0.26520438683948155 0.0 7.6 0.8600000000000005
0.0 0.259222333000997 0.0 7.428571428571429 0.8700000000000006
0.0 0.25523429710867396 0.0 7.314285714285714 0.8800000000000006
0.0 0.2472582253240279 0.0 7.085714285714285 0.8900000000000006
0.0 0.24127617148554337 0.0 6.914285714285715 0.9000000000000006
0.0 0.23529411764705882 0.0 6.742857142857143 0.9100000000000006
0.0 0.226321036889332 0.0 6.485714285714286 0.9200000000000006
0.0 0.2193419740777667 0.0 6.285714285714286 0.9300000000000006
0.0 0.20139581256231306 0.0 5.771428571428571 0.9400000000000006
0.0 0.18843469591226322 0.0 5.4 0.9500000000000006
0.0 0.17846460618145563 0.0 5.114285714285714 0.9600000000000006
0.0 0.16450648055832504 0.0 4.714285714285714 0.9700000000000006
0.0 0.1296111665004985 0.0 3.7142857142857144 0.9800000000000006
0.0 0.10269192422731804 0.0 2.942857142857143 0.9900000000000007
0.0 0.0 0.0 0.0
