1.0 1.0 89.97 33.43333333333333 0.0
1.0 1.0 89.97 33.43333333333333 0.01
1.0 0.9940179461615155 89.97 33.233333333333334 0.02
1.0 0.9880358923230309 89.97 33.03333333333333 0.03
1.0 0.9850448654037887 89.97 32.93333333333333 0.04
1.0 0.9840478564307079 89.97 32.9 0.05
1.0 0.9790628115653041 89.97 32.733333333333334 0.060000000000000005
1.0 0.9790628115653041 89.97 32.733333333333334 0.07
1.0 0.9780658025922233 89.97 32.7 0.08
1.0 0.9740777666999003 89.97 32.56666666666667 0.09
1.0 0.967098703888335 89.97 32.333333333333336 0.09999999999999999
1.0 0.9661016949152542 89.97 32.3 0.10999999999999999
1.0 0.9641076769690927 89.97 32.233333333333334 0.11999999999999998
1.0 0.9601196410767697 89.97 32.1 0.12999999999999998
1.0 0.9571286141575274 89.97 32.0 0.13999999999999999
1.0 0.9571286141575274 89.97 32.0 0.15
1.0 0.9561316051844466 89.97 31.966666666666665 0.16
1.0 0.9541375872382851 89.97 31.9 0.17
1.0 0.9481555333998006 89.97 31.7 0.18000000000000002
1.0 0.9461615154536391 89.97 31.633333333333333 0.19000000000000003
1.0 0.9431704885343968 89.97 31.533333333333335 0.20000000000000004
1.0 0.942173479561316 89.97 31.5 0.21000000000000005
1.0 0.9401794616151545 89.97 31.433333333333334 0.22000000000000006
1.0 0.938185443668993 89.97 31.366666666666667 0.23000000000000007
1.0 0.9351944167497508 89.97 31.266666666666666 0.24000000000000007
1.0 0.9332003988035892 89.97 31.2 0.25000000000000006
1.0 0.9312063808574277 89.97 31.133333333333333 0.26000000000000006
1.0 0.9312063808574277 89.97 31.133333333333333 0.2700000000000001
1.0 0.9312063808574277 89.97 31.133333333333333 0.2800000000000001
1.0 0.9312063808574277 89.97 31.133333333333333 0.2900000000000001
1.0 0.9312063808574277 89.97 31.133333333333333 0.3000000000000001
1.0 0.9312063808574277 89.97 31.133333333333333 0.3100000000000001
1.0 0.9312063808574277 89.97 31.133333333333333 0.3200000000000001
1.0 0.9312063808574277 89.97 31.133333333333333 0.3300000000000001
1.0 0.9312063808574277 89.97 31.133333333333333 0.34000000000000014
1.0 0.9292123629112662 89.97 31.066666666666666 0.35000000000000014
1.0 0.9282153539381854 89.97 31.033333333333335 0.36000000000000015
1.0 0.9262213359920239 89.97 30.966666666666665 0.37000000000000016
1.0 0.9242273180458624 89.97 30.9 0.38000000000000017
1.0 0.9212362911266201 89.97 30.8 0.3900000000000002
1.0 0.9172482552342971 89.97 30.666666666666668 0.4000000000000002
1.0 0.9152542372881356 89.97 30.6 0.4100000000000002
1.0 0.9122632103688934 89.97 30.5 0.4200000000000002
1.0 0.9102691924227319 89.97 30.433333333333334 0.4300000000000002
1.0 0.9082751744765702 89.97 30.366666666666667 0.4400000000000002
1.0 0.9032901296111665 89.97 30.2 0.45000000000000023
1.0 0.8973080757726819 89.97 30.0 0.46000000000000024
1.0 0.8943170488534397 89.97 29.9 0.47000000000000025
1.0 0.8923230309072782 89.97 29.833333333333332 0.48000000000000026
1.0 0.8923230309072782 89.97 29.833333333333332 0.49000000000000027
1.0 0.8913260219341974 89.97 29.8 0.5000000000000002
1.0 0.8893320039880359 89.97 29.733333333333334 0.5100000000000002
1.0 0.8893320039880359 89.97 29.733333333333334 0.5200000000000002
1.0 0.8883349950149552 89.97 29.7 0.5300000000000002
1.0 0.8843469591226321 89.97 29.566666666666666 0.5400000000000003
1.0 0.8823529411764706 89.97 29.5 0.5500000000000003
1.0 0.8813559322033898 89.97 29.466666666666665 0.5600000000000003
1.0 0.8803589232303091 89.97 29.433333333333334 0.5700000000000003
1.0 0.8803589232303091 89.97 29.433333333333334 0.5800000000000003
1.0 0.8783649052841476 89.97 29.366666666666667 0.5900000000000003
1.0 0.8773678963110668 89.97 29.333333333333332 0.6000000000000003
1.0 0.8743768693918246 89.97 29.233333333333334 0.6100000000000003
1.0 0.8743768693918246 89.97 29.233333333333334 0.6200000000000003
1.0 0.8713858424725822 89.97 29.133333333333333 0.6300000000000003
1.0 0.8713858424725822 89.97 29.133333333333333 0.6400000000000003
1.0 0.8703888334995015 89.97 29.1 0.6500000000000004
1.0 0.8654037886340977 89.97 28.933333333333334 0.6600000000000004
1.0 0.8614157527417746 89.97 28.8 0.6700000000000004
1.0 0.8564307078763709 89.97 28.633333333333333 0.6800000000000004
1.0 0.8484546360917248 89.97 28.366666666666667 0.6900000000000004
1.0 0.839481555333998 89.97 28.066666666666666 0.7000000000000004
1.0 0.8315054835493519 89.97 27.8 0.7100000000000004
1.0 0.8185443668993021 89.97 27.366666666666667 0.7200000000000004
1.0 0.8075772681954138 89.97 27.0 0.7300000000000004
1.0 0.7946161515453639 89.97 26.566666666666666 0.7400000000000004
1.0 0.7796610169491526 89.97 26.066666666666666 0.7500000000000004
1.0 0.7706879361914257 89.97 25.766666666666666 0.7600000000000005
0.999888851839502 0.7587238285144566 89.96 25.366666666666667 0.7700000000000005
0.999888851839502 0.7507477567298105 89.96 25.1 0.7800000000000005
0.9996665555185061 0.7467597208374875 89.94 24.966666666666665 0.7900000000000005
0.9991108147160165 0.7417746759720838 89.89 24.8 0.8000000000000005
0.9983327775925308 0.7387836490528414 89.82 24.7 0.8100000000000005
0.9963321107035679 0.7357926221335992 89.64 24.6 0.8200000000000005
0.9931088140491275 0.7238285144566301 89.35 24.2 0.8300000000000005
0.9857730354562632 0.7108673978065803 88.69 23.766666666666666 0.8400000000000005
0.976325441813938 0.707876370887338 87.84 23.666666666666668 0.8500000000000005
0.956652217405802 0.6819541375872383 86.07 22.8 0.8600000000000005
0.9279759919973325 0.654037886340977 83.49 21.866666666666667 0.8700000000000006
0.8870734689340891 0.6301096709870389 79.81 21.066666666666666 0.8800000000000006
0.835834166944537 0.5952143569292123 75.2 19.9 0.8900000000000006
0.7813715683005447 0.5453639082751744 70.3 18.233333333333334 0.9000000000000006
0.7252417472490831 0.48753738783649053 65.25 16.3 0.9100000000000006
0.6781149271979549 0.45164506480558325 61.01 15.1 0.9200000000000006
0.6425475158386129 0.42572283150548357 57.81 14.233333333333333 0.9300000000000006
0.6134266977881516 0.4077766699900299 55.19 13.633333333333333 0.9400000000000006
0.5939757697010114 0.3938185443668993 53.44 13.166666666666666 0.9500000000000006
0.5766366566633322 0.37886340977068794 51.88 12.666666666666666 0.9600000000000006
0.559297543625653 0.35294117647058826 50.32 11.8 0.9700000000000006
0.5192842058463932 0.3100697906281156 46.72 10.366666666666667 0.9800000000000006
0.42614204734911637 0.22532402791625125 38.34 7.533333333333333 0.9900000000000007
0.0 0.0 0.0 0.0
