1.0 1.0 11.24625 40.12 0.0
1.0 0.769690927218345 11.24625 30.88 0.01
1.0 0.6590229312063809 11.24625 26.44 0.02
1.0 0.6161515453639083 11.24625 24.72 0.03
1.0 0.6011964107676969 11.24625 24.12 0.04
1.0 0.580259222333001 11.24625 23.28 0.05
1.0 0.5523429710867398 11.24625 22.16 0.060000000000000005
1.0 0.5523429710867398 11.24625 22.16 0.07
1.0 0.5363908275174477 11.24625 21.52 0.08
1.0 0.5244267198404786 11.24625 21.04 0.09
1.0 0.5094715852442672 11.24625 20.44 0.09999999999999999
1.0 0.4955134596211366 11.24625 19.88 0.10999999999999999
1.0 0.48554336989032904 11.24625 19.48 0.11999999999999998
1.0 0.4795613160518445 11.24625 19.24 0.12999999999999998
1.0 0.47557328015952144 11.24625 19.08 0.13999999999999999
1.0 0.47058823529411764 11.24625 18.88 0.15
1.0 0.4596211365902293 11.24625 18.44 0.16
1.0 0.44666001994017945 11.24625 17.92 0.17
1.0 0.43469591226321036 11.24625 17.44 0.18000000000000002
1.0 0.42771684945164506 11.24625 17.16 0.19000000000000003
1.0 0.4187437686939183 11.24625 16.8 0.20000000000000004
1.0 0.4147557328015952 11.24625 16.64 0.21000000000000005
1.0 0.4067796610169492 11.24625 16.32 0.22000000000000006
1.0 0.3988035892323031 11.24625 16.0 0.23000000000000007
1.0 0.39082751744765704 11.24625 15.68 0.24000000000000007
1.0 0.386839481555334 11.24625 15.52 0.25000000000000006
1.0 0.382851445663011 11.24625 15.36 0.26000000000000006
1.0 0.37886340977068794 11.24625 15.2 0.2700000000000001
1.0 0.3748753738783649 11.24625 15.04 0.2800000000000001
1.0 0.37188434695912265 11.24625 14.92 0.2900000000000001
1.0 0.36889332003988035 11.24625 14.8 0.3000000000000001
1.0 0.36490528414755735 11.24625 14.64 0.3100000000000001
1.0 0.3609172482552343 11.24625 14.48 0.3200000000000001
1.0 0.35692921236291125 11.24625 14.32 0.3300000000000001
1.0 0.35493519441674976 11.24625 14.24 0.34000000000000014
1.0 0.34795613160518446 11.24625 13.96 0.35000000000000014
1.0 0.3469591226321037 11.24625 13.92 0.36000000000000015
1.0 0.3439680957128614 11.24625 13.8 0.37000000000000016
1.0 0.34097706879361916 11.24625 13.68 0.38000000000000017
1.0 0.3349950149551346 11.24625 13.44 0.3900000000000002
1.0 0.3300099700897308 11.24625 13.24 0.4000000000000002
1.0 0.3220338983050847 11.24625 12.92 0.4100000000000002
1.0 0.3140578265204387 11.24625 12.6 0.4200000000000002
1.0 0.30309072781655033 11.24625 12.16 0.4300000000000002
1.0 0.3000997008973081 11.24625 12.04 0.4400000000000002
1.0 0.29611166500498504 11.24625 11.88 0.45000000000000023
1.0 0.292123629112662 11.24625 11.72 0.46000000000000024
1.0 0.288135593220339 11.24625 11.56 0.47000000000000025
1.0 0.28614157527417744 11.24625 11.48 0.48000000000000026
1.0 0.28614157527417744 11.24625 11.48 0.49000000000000027
1.0 0.2811565304087737 11.24625 11.28 0.5000000000000002
1.0 0.27517447657028915 11.24625 11.04 0.5100000000000002
1.0 0.26819541375872386 11.24625 10.76 0.5200000000000002
1.0 0.26719840478564305 11.24625 10.72 0.5300000000000002
1.0 0.2612163509471585 11.24625 10.48 0.5400000000000003
1.0 0.259222333000997 11.24625 10.4 0.5500000000000003
1.0 0.25324027916251246 11.24625 10.16 0.5600000000000003
1.0 0.2522432701894317 11.24625 10.12 0.5700000000000003
1.0 0.2502492522432702 11.24625 10.04 0.5800000000000003
1.0 0.24426719840478564 11.24625 9.8 0.5900000000000003
1.0 0.24426719840478564 11.24625 9.8 0.6000000000000003
1.0 0.24227318045862412 11.24625 9.72 0.6100000000000003
1.0 0.23928215353938184 11.24625 9.6 0.6200000000000003
1.0 0.23728813559322035 11.24625 9.52 0.6300000000000003
1.0 0.23629112662013957 11.24625 9.48 0.6400000000000003
1.0 0.23529411764705882 11.24625 9.44 0.6500000000000004
1.0 0.2333000997008973 11.24625 9.36 0.6600000000000004
1.0 0.22831505483549352 11.24625 9.16 0.6700000000000004
1.0 0.22233300099700898 11.24625 8.92 0.6800000000000004
1.0 0.21834496510468593 11.24625 8.76 0.6900000000000004
1.0 0.21335992023928216 11.24625 8.56 0.7000000000000004
1.0 0.20837487537387836 11.24625 8.36 0.7100000000000004
1.0 0.19940179461615154 11.24625 8.0 0.7200000000000004
1.0 0.1914257228315055 11.24625 7.68 0.7300000000000004
1.0 0.18544366899302095 11.24625 7.44 0.7400000000000004
1.0 0.17846460618145563 11.24625 7.16 0.7500000000000004
1.0 0.17148554336989033 11.24625 6.88 0.7600000000000005
1.0 0.16450648055832504 11.24625 6.6 0.7700000000000005
1.0 0.1585244267198405 11.24625 6.36 0.7800000000000005
1.0 0.1535393818544367 11.24625 6.16 0.7900000000000005
1.0 0.15154536390827517 11.24625 6.08 0.8000000000000005
1.0 0.14955134596211367 11.24625 6.0 0.8100000000000005
1.0 0.14356929212362912 11.24625 5.76 0.8200000000000005
1.0 0.14257228315054835 11.24625 5.72 0.8300000000000005
0.999888851839502 0.1365902293120638 11.245 5.48 0.8400000000000005
0.999888851839502 0.13559322033898305 11.245 5.44 0.8500000000000005
0.999888851839502 0.13359920239282153 11.245 5.36 0.8600000000000005
0.9997777036790041 0.13060817547357925 11.24375 5.24 0.8700000000000006
0.9993331110370124 0.12662013958125623 11.23875 5.08 0.8800000000000006
0.9991108147160165 0.11864406779661017 11.23625 4.76 0.8900000000000006
0.9983327775925308 0.11266201395812563 11.2275 4.52 0.9000000000000006
0.998110481271535 0.10568295114656032 11.225 4.24 0.9100000000000006
0.9978881849505391 0.09870388833499502 11.2225 3.96 0.9200000000000006
0.9976658886295432 0.0897308075772682 11.22 3.6 0.9300000000000006
0.9975547404690452 0.07876370887337986 11.21875 3.16 0.9400000000000006
0.9975547404690452 0.06979062811565304 11.21875 2.8 0.9500000000000006
0.9969989996665555 0.05982053838484546 11.2125 2.4 0.9600000000000006
0.995887518061576 0.053838484546360914 11.2 2.16 0.9700000000000006
0.9932199622096254 0.04187437686939183 11.17 1.68 0.9800000000000006
0.9866622207402468 0.02991026919242273 11.09625 1.2 0.9900000000000007
0.0 0.0 0.0 0.0
