1.0 1.0 44.985 25.075 0.0
1.0 0.9820538384845464 44.985 24.625 0.01
1.0 0.9601196410767697 44.985 24.075 0.02
1.0 0.9461615154536391 44.985 23.725 0.03
1.0 0.9332003988035892 44.985 23.4 0.04
1.0 0.9192422731804586 44.985 23.05 0.05
1.0 0.901296111665005 44.985 22.6 0.060000000000000005
1.0 0.901296111665005 44.985 22.6 0.07
1.0 0.8913260219341974 44.985 22.35 0.08
1.0 0.8873379860418744 44.985 22.25 0.09
1.0 0.8813559322033898 44.985 22.1 0.09999999999999999
1.0 0.8783649052841476 44.985 22.025 0.10999999999999999
1.0 0.8713858424725822 44.985 21.85 0.11999999999999998
1.0 0.8664007976071785 44.985 21.725 0.12999999999999998
1.0 0.8624127617148555 44.985 21.625 0.13999999999999999
1.0 0.8574277168494516 44.985 21.5 0.15
1.0 0.8514456630109671 44.985 21.35 0.16
1.0 0.847457627118644 44.985 21.25 0.17
1.0 0.8364905284147557 44.985 20.975 0.18000000000000002
1.0 0.8255234297108675 44.985 20.7 0.19000000000000003
1.0 0.8175473579262214 44.985 20.5 0.20000000000000004
1.0 0.8115653040877367 44.985 20.35 0.21000000000000005
1.0 0.8035892323030908 44.985 20.15 0.22000000000000006
1.0 0.8035892323030908 44.985 20.15 0.23000000000000007
1.0 0.7966101694915254 44.985 19.975 0.24000000000000007
1.0 0.7956131605184447 44.985 19.95 0.25000000000000006
1.0 0.7946161515453639 44.985 19.925 0.26000000000000006
1.0 0.7926221335992024 44.985 19.875 0.2700000000000001
1.0 0.7916251246261217 44.985 19.85 0.2800000000000001
1.0 0.7896311066799602 44.985 19.8 0.2900000000000001
1.0 0.7896311066799602 44.985 19.8 0.3000000000000001
1.0 0.7886340977068793 44.985 19.775 0.3100000000000001
1.0 0.7876370887337986 44.985 19.75 0.3200000000000001
1.0 0.7866400797607178 44.985 19.725 0.3300000000000001
1.0 0.7846460618145563 44.985 19.675 0.34000000000000014
1.0 0.7806580259222333 44.985 19.575 0.35000000000000014
1.0 0.7776669990029911 44.985 19.5 0.36000000000000015
1.0 0.7746759720837487 44.985 19.425 0.37000000000000016
1.0 0.7726819541375872 44.985 19.375 0.38000000000000017
1.0 0.765702891326022 44.985 19.2 0.3900000000000002
1.0 0.7577268195413759 44.985 19.0 0.4000000000000002
1.0 0.744765702891326 44.985 18.675 0.4100000000000002
1.0 0.7397806580259222 44.985 18.55 0.4200000000000002
1.0 0.7318045862412762 44.985 18.35 0.4300000000000002
1.0 0.7258225324027916 44.985 18.2 0.4400000000000002
1.0 0.7198404785643071 44.985 18.05 0.45000000000000023
1.0 0.7128614157527418 44.985 17.875 0.46000000000000024
1.0 0.707876370887338 44.985 17.75 0.47000000000000025
1.0 0.6989032901296112 44.985 17.525 0.48000000000000026
1.0 0.6969092721834497 44.985 17.475 0.49000000000000027
1.0 0.6959122632103689 44.985 17.45 0.5000000000000002
1.0 0.6909272183449651 44.985 17.325 0.5100000000000002
1.0 0.6889332003988036 44.985 17.275 0.5200000000000002
1.0 0.6869391824526421 44.985 17.225 0.5300000000000002
1.0 0.6859421734795613 44.985 17.2 0.5400000000000003
1.0 0.6849451645064806 44.985 17.175 0.5500000000000003
1.0 0.6839481555333998 44.985 17.15 0.5600000000000003
1.0 0.6829511465603191 44.985 17.125 0.5700000000000003
1.0 0.6799601196410767 44.985 17.05 0.5800000000000003
1.0 0.6799601196410767 44.985 17.05 0.5900000000000003
1.0 0.6779661016949152 44.985 17.0 0.6000000000000003
1.0 0.6759720837487537 44.985 16.95 0.6100000000000003
1.0 0.6739780658025922 44.985 16.9 0.6200000000000003
1.0 0.6689930209371885 44.985 16.775 0.6300000000000003
1.0 0.6650049850448654 44.985 16.675 0.6400000000000003
1.0 0.6580259222333001 44.985 16.5 0.6500000000000004
1.0 0.6490528414755733 44.985 16.275 0.6600000000000004
1.0 0.6410767696909272 44.985 16.075 0.6700000000000004
1.0 0.6271186440677966 44.985 15.725 0.6800000000000004
1.0 0.6101694915254238 44.985 15.3 0.6900000000000004
1.0 0.5962113659022931 44.985 14.95 0.7000000000000004
1.0 0.5712861415752741 44.985 14.325 0.7100000000000004
1.0 0.5363908275174477 44.985 13.45 0.7200000000000004
1.0 0.514456630109671 44.985 12.9 0.7300000000000004
1.0 0.4935194416749751 44.985 12.375 0.7400000000000004
0.999888851839502 0.47357926221335994 44.98 11.875 0.7500000000000004
0.999888851839502 0.4406779661016949 44.98 11.05 0.7600000000000005
0.9997777036790041 0.42073778664007977 44.975 10.55 0.7700000000000005
0.9995554073580082 0.4017946161515454 44.965 10.075 0.7800000000000005
0.9994442591975102 0.39082751744765704 44.96 9.8 0.7900000000000005
0.9992219628765144 0.38085742771684944 44.95 9.55 0.8000000000000005
0.9987773702345226 0.37387836490528414 44.93 9.375 0.8100000000000005
0.9979993331110371 0.36889332003988035 44.895 9.25 0.8200000000000005
0.995887518061576 0.36191425722831505 44.8 9.075 0.8300000000000005
0.9928865177281316 0.3489531405782652 44.665 8.75 0.8400000000000005
0.986217628098255 0.33798604187437686 44.365 8.475 0.8500000000000005
0.9779926642214072 0.3150548354935194 43.995 7.9 0.8600000000000005
0.962431921751695 0.29411764705882354 43.295 7.375 0.8700000000000006
0.9444259197510281 0.26021934197407776 42.485 6.525 0.8800000000000006
0.9251972879848839 0.226321036889332 41.62 5.675 0.8900000000000006
0.8984105813048794 0.17048853439680958 40.415 4.275 0.9000000000000006
0.873624541513838 0.12063808574277168 39.3 3.025 0.9100000000000006
0.8523952428587307 0.07577268195413758 38.345 1.9 0.9200000000000006
0.836056463265533 0.038883349950149554 37.61 0.975 0.9300000000000006
0.8206068689563187 0.018943170488534396 36.915 0.475 0.9400000000000006
0.8100477937090141 0.006979062811565304 36.44 0.175 0.9500000000000006
0.8002667555851951 0.0 36.0 0.0 0.9600000000000006
0.7855951983994665 0.0 35.34 0.0 0.9700000000000006
0.7504723796821162 0.0 33.76 0.0 0.9800000000000006
0.6545515171723908 0.0 29.445 0.0 0.9900000000000007
0.0 0.0 0.0 0.0
