1.0 1.0 89.97 2.786111111111111 0.0
1.0 0.9980059820538385 89.97 2.7805555555555554 0.01
1.0 0.9880358923230309 89.97 2.7527777777777778 0.02
1.0 0.9850448654037887 89.97 2.7444444444444445 0.03
1.0 0.9780658025922233 89.97 2.725 0.04
1.0 0.9740777666999003 89.97 2.713888888888889 0.05
1.0 0.9661016949152542 89.97 2.691666666666667 0.060000000000000005
1.0 0.9661016949152542 89.97 2.691666666666667 0.07
1.0 0.9611166500498505 89.97 2.6777777777777776 0.08
1.0 0.9531405782652044 89.97 2.6555555555555554 0.09
1.0 0.9511465603190429 89.97 2.65 0.09999999999999999
1.0 0.9481555333998006 89.97 2.6416666666666666 0.10999999999999999
1.0 0.9461615154536391 89.97 2.636111111111111 0.11999999999999998
1.0 0.9461615154536391 89.97 2.636111111111111 0.12999999999999998
1.0 0.9441674975074775 89.97 2.6305555555555555 0.13999999999999999
1.0 0.9431704885343968 89.97 2.6277777777777778 0.15
1.0 0.938185443668993 89.97 2.613888888888889 0.16
1.0 0.938185443668993 89.97 2.613888888888889 0.17
1.0 0.9302093718843469 89.97 2.591666666666667 0.18000000000000002
1.0 0.9292123629112662 89.97 2.588888888888889 0.19000000000000003
1.0 0.9242273180458624 89.97 2.575 0.20000000000000004
1.0 0.9202392821535393 89.97 2.563888888888889 0.21000000000000005
1.0 0.9182452642073778 89.97 2.558333333333333 0.22000000000000006
1.0 0.9152542372881356 89.97 2.55 0.23000000000000007
1.0 0.9152542372881356 89.97 2.55 0.24000000000000007
1.0 0.9152542372881356 89.97 2.55 0.25000000000000006
1.0 0.9132602193419741 89.97 2.5444444444444443 0.26000000000000006
1.0 0.9132602193419741 89.97 2.5444444444444443 0.2700000000000001
1.0 0.9132602193419741 89.97 2.5444444444444443 0.2800000000000001
1.0 0.9122632103688934 89.97 2.5416666666666665 0.2900000000000001
1.0 0.9122632103688934 89.97 2.5416666666666665 0.3000000000000001
1.0 0.9122632103688934 89.97 2.5416666666666665 0.3100000000000001
1.0 0.9122632103688934 89.97 2.5416666666666665 0.3200000000000001
1.0 0.9102691924227319 89.97 2.536111111111111 0.3300000000000001
1.0 0.9102691924227319 89.97 2.536111111111111 0.34000000000000014
1.0 0.909272183449651 89.97 2.533333333333333 0.35000000000000014
1.0 0.909272183449651 89.97 2.533333333333333 0.36000000000000015
1.0 0.909272183449651 89.97 2.533333333333333 0.37000000000000016
1.0 0.9072781655034895 89.97 2.5277777777777777 0.38000000000000017
1.0 0.9042871385842473 89.97 2.5194444444444444 0.3900000000000002
1.0 0.9022931206380858 89.97 2.513888888888889 0.4000000000000002
1.0 0.8983050847457628 89.97 2.5027777777777778 0.4100000000000002
1.0 0.8953140578265204 89.97 2.4944444444444445 0.4200000000000002
1.0 0.8923230309072782 89.97 2.486111111111111 0.4300000000000002
1.0 0.8893320039880359 89.97 2.477777777777778 0.4400000000000002
1.0 0.8853439680957128 89.97 2.466666666666667 0.45000000000000023
1.0 0.8833499501495513 89.97 2.4611111111111112 0.46000000000000024
1.0 0.8753738783649053 89.97 2.438888888888889 0.47000000000000025
1.0 0.8654037886340977 89.97 2.411111111111111 0.48000000000000026
1.0 0.8624127617148555 89.97 2.4027777777777777 0.49000000000000027
1.0 0.8594217347956131 89.97 2.3944444444444444 0.5000000000000002
1.0 0.8574277168494516 89.97 2.388888888888889 0.5100000000000002
1.0 0.8574277168494516 89.97 2.388888888888889 0.5200000000000002
1.0 0.8574277168494516 89.97 2.388888888888889 0.5300000000000002
1.0 0.8574277168494516 89.97 2.388888888888889 0.5400000000000003
1.0 0.8574277168494516 89.97 2.388888888888889 0.5500000000000003
1.0 0.8564307078763709 89.97 2.386111111111111 0.5600000000000003
1.0 0.8564307078763709 89.97 2.386111111111111 0.5700000000000003
1.0 0.8554336989032901 89.97 2.3833333333333333 0.5800000000000003
1.0 0.8554336989032901 89.97 2.3833333333333333 0.5900000000000003
1.0 0.8544366899302094 89.97 2.3805555555555555 0.6000000000000003
1.0 0.8524426719840479 89.97 2.375 0.6100000000000003
1.0 0.8494516450648056 89.97 2.3666666666666667 0.6200000000000003
1.0 0.8464606181455633 89.97 2.3583333333333334 0.6300000000000003
1.0 0.8444666001994018 89.97 2.352777777777778 0.6400000000000003
1.0 0.8414755732801595 89.97 2.3444444444444446 0.6500000000000004
1.0 0.8354935194416749 89.97 2.327777777777778 0.6600000000000004
1.0 0.8285144566301097 89.97 2.308333333333333 0.6700000000000004
1.0 0.8205383848454636 89.97 2.286111111111111 0.6800000000000004
1.0 0.8075772681954138 89.97 2.25 0.6900000000000004
1.0 0.7946161515453639 89.97 2.213888888888889 0.7000000000000004
1.0 0.7786640079760718 89.97 2.1694444444444443 0.7100000000000004
1.0 0.7577268195413759 89.97 2.111111111111111 0.7200000000000004
1.0 0.7417746759720838 89.97 2.066666666666667 0.7300000000000004
1.0 0.7238285144566301 89.97 2.0166666666666666 0.7400000000000004
1.0 0.7088733798604188 89.97 1.975 0.7500000000000004
1.0 0.6939182452642074 89.97 1.9333333333333333 0.7600000000000005
1.0 0.6839481555333998 89.97 1.9055555555555554 0.7700000000000005
0.9996665555185061 0.6689930209371885 89.94 1.863888888888889 0.7800000000000005
0.9995554073580082 0.6590229312063809 89.93 1.836111111111111 0.7900000000000005
0.9991108147160165 0.6520438683948155 89.89 1.8166666666666667 0.8000000000000005
0.9977770367900411 0.6430707876370887 89.77 1.7916666666666667 0.8100000000000005
0.9957763699010781 0.6410767696909272 89.59 1.7861111111111112 0.8200000000000005
0.9916638879626543 0.6271186440677966 89.22 1.7472222222222222 0.8300000000000005
0.9837723685673002 0.613160518444666 88.51 1.7083333333333333 0.8400000000000005
0.9702122929865511 0.5972083748753739 87.29 1.663888888888889 0.8500000000000005
0.9495387351339335 0.5523429710867398 85.43 1.538888888888889 0.8600000000000005
0.9167500277870402 0.5094715852442672 82.48 1.4194444444444445 0.8700000000000006
0.8711792819828832 0.45164506480558325 78.38 1.2583333333333333 0.8800000000000006
0.8166055351783928 0.3988035892323031 73.47 1.1111111111111112 0.8900000000000006
0.7611426030899189 0.3190428713858425 68.48 0.8888888888888888 0.9000000000000006
0.703679004112482 0.23429710867397807 63.31 0.6527777777777778 0.9100000000000006
0.6558852950983661 0.17347956131605186 59.01 0.48333333333333334 0.9200000000000006
0.6156496609981105 0.11266201395812563 55.39 0.3138888888888889 0.9300000000000006
0.5826386573302211 0.08374875373878365 52.42 0.23333333333333334 0.9400000000000006
0.5581860620206736 0.06281156530408774 50.22 0.175 0.9500000000000006
0.5375125041680561 0.053838484546360914 48.36 0.15 0.9600000000000006
0.5161720573524509 0.0518444666001994 46.44 0.14444444444444443 0.9700000000000006
0.4790485717461376 0.05084745762711865 43.1 0.14166666666666666 0.9800000000000006
0.39324219184172504 0.049850448654037885 35.38 0.1388888888888889 0.9900000000000007
0.0 0.0 0.0 0.0
