0 0.0  0 NaN 10000 9366.599999999902 0.9366599999999902
5 99.31999999999998  100 0.9931999999999997 10000 9352.519999999902 0.9352519999999902
10 198.95000000000002  200 0.9947500000000001 10000 9316.129999999932 0.9316129999999931
15 298.63000000000005  300 0.9954333333333335 10000 9333.07999999991 0.933307999999991
20 396.9300000000001  400 0.9923250000000003 10000 9336.269999999917 0.9336269999999917
25 496.3400000000002  500 0.9926800000000005 10000 9364.799999999897 0.9364799999999898
30 595.5600000000004  600 0.9926000000000007 10000 9356.179999999897 0.9356179999999896
35 695.4300000000004  700 0.9934714285714291 10000 9360.319999999863 0.9360319999999863
40 790.3500000000006  800 0.9879375000000007 10000 9404.449999999812 0.9404449999999811
45 896.2800000000008  900 0.9958666666666676 10000 9373.739999999902 0.9373739999999902
50 994.7100000000008  1000 0.9947100000000009 10000 9358.77999999989 0.935877999999989
