1.0 1.0 44.985 Infinity 0.0
1.0 0.9910269192422732 44.985 Infinity 0.01
1.0 0.9700897308075773 44.985 Infinity 0.02
1.0 0.9581256231306082 44.985 Infinity 0.03
1.0 0.9431704885343968 44.985 Infinity 0.04
1.0 0.9371884346959123 44.985 Infinity 0.05
1.0 0.9242273180458624 44.985 Infinity 0.060000000000000005
1.0 0.9242273180458624 44.985 Infinity 0.07
1.0 0.9132602193419741 44.985 Infinity 0.08
1.0 0.909272183449651 44.985 Infinity 0.09
1.0 0.9032901296111665 44.985 Infinity 0.09999999999999999
1.0 0.8983050847457628 44.985 Infinity 0.10999999999999999
1.0 0.8943170488534397 44.985 Infinity 0.11999999999999998
1.0 0.8893320039880359 44.985 Infinity 0.12999999999999998
1.0 0.8833499501495513 44.985 Infinity 0.13999999999999999
1.0 0.8783649052841476 44.985 Infinity 0.15
1.0 0.8713858424725822 44.985 Infinity 0.16
1.0 0.8634097706879362 44.985 Infinity 0.17
1.0 0.8414755732801595 44.985 Infinity 0.18000000000000002
1.0 0.8325024925224327 44.985 Infinity 0.19000000000000003
1.0 0.8245264207377866 44.985 Infinity 0.20000000000000004
1.0 0.8175473579262214 44.985 Infinity 0.21000000000000005
1.0 0.8095712861415753 44.985 Infinity 0.22000000000000006
1.0 0.8055832502492523 44.985 Infinity 0.23000000000000007
1.0 0.7996011964107677 44.985 Infinity 0.24000000000000007
1.0 0.7996011964107677 44.985 Infinity 0.25000000000000006
1.0 0.7976071784646062 44.985 Infinity 0.26000000000000006
1.0 0.7976071784646062 44.985 Infinity 0.2700000000000001
1.0 0.7966101694915254 44.985 Infinity 0.2800000000000001
1.0 0.7966101694915254 44.985 Infinity 0.2900000000000001
1.0 0.7936191425722832 44.985 Infinity 0.3000000000000001
1.0 0.7926221335992024 44.985 Infinity 0.3100000000000001
1.0 0.7896311066799602 44.985 Infinity 0.3200000000000001
1.0 0.7856430707876371 44.985 Infinity 0.3300000000000001
1.0 0.7816550348953141 44.985 Infinity 0.34000000000000014
1.0 0.7756729810568295 44.985 Infinity 0.35000000000000014
1.0 0.7647058823529411 44.985 Infinity 0.36000000000000015
1.0 0.7647058823529411 44.985 Infinity 0.37000000000000016
1.0 0.7597208374875374 44.985 Infinity 0.38000000000000017
1.0 0.7547357926221336 44.985 Infinity 0.3900000000000002
1.0 0.748753738783649 44.985 Infinity 0.4000000000000002
1.0 0.7347956131605184 44.985 Infinity 0.4100000000000002
1.0 0.7258225324027916 44.985 Infinity 0.4200000000000002
1.0 0.7198404785643071 44.985 Infinity 0.4300000000000002
1.0 0.7068793619142573 44.985 Infinity 0.4400000000000002
1.0 0.6989032901296112 44.985 Infinity 0.45000000000000023
1.0 0.6889332003988036 44.985 Infinity 0.46000000000000024
1.0 0.6829511465603191 44.985 Infinity 0.47000000000000025
1.0 0.674975074775673 44.985 Infinity 0.48000000000000026
1.0 0.6689930209371885 44.985 Infinity 0.49000000000000027
1.0 0.6660019940179461 44.985 Infinity 0.5000000000000002
1.0 0.6580259222333001 44.985 Infinity 0.5100000000000002
1.0 0.654037886340977 44.985 Infinity 0.5200000000000002
1.0 0.6510468594217348 44.985 Infinity 0.5300000000000002
1.0 0.650049850448654 44.985 Infinity 0.5400000000000003
1.0 0.6450648055832503 44.985 Infinity 0.5500000000000003
1.0 0.6450648055832503 44.985 Infinity 0.5600000000000003
1.0 0.6420737786640079 44.985 Infinity 0.5700000000000003
1.0 0.6400797607178464 44.985 Infinity 0.5800000000000003
1.0 0.638085742771685 44.985 Infinity 0.5900000000000003
1.0 0.638085742771685 44.985 Infinity 0.6000000000000003
1.0 0.6360917248255235 44.985 Infinity 0.6100000000000003
1.0 0.634097706879362 44.985 Infinity 0.6200000000000003
1.0 0.6291126620139581 44.985 Infinity 0.6300000000000003
1.0 0.6241276171485544 44.985 Infinity 0.6400000000000003
1.0 0.6211365902293121 44.985 Infinity 0.6500000000000004
1.0 0.6151545363908275 44.985 Infinity 0.6600000000000004
1.0 0.6061814556331007 44.985 Infinity 0.6700000000000004
1.0 0.5972083748753739 44.985 Infinity 0.6800000000000004
1.0 0.5832502492522432 44.985 Infinity 0.6900000000000004
1.0 0.5742771684945165 44.985 Infinity 0.7000000000000004
1.0 0.559322033898305 44.985 Infinity 0.7100000000000004
1.0 0.5383848454636092 44.985 Infinity 0.7200000000000004
1.0 0.5244267198404786 44.985 Infinity 0.7300000000000004
1.0 0.5114656031904287 44.985 Infinity 0.7400000000000004
1.0 0.4945164506480558 44.985 Infinity 0.7500000000000004
1.0 0.4785643070787637 44.985 Infinity 0.7600000000000005
1.0 0.4675972083748754 44.985 Infinity 0.7700000000000005
1.0 0.45663010967098705 44.985 Infinity 0.7800000000000005
0.999888851839502 0.4476570289132602 44.98 Infinity 0.7900000000000005
0.9996665555185061 0.4426719840478564 44.97 Infinity 0.8000000000000005
0.9987773702345226 0.4386839481555334 44.93 Infinity 0.8100000000000005
0.9972212959875514 0.43469591226321036 44.86 Infinity 0.8200000000000005
0.9954429254195843 0.4267198404785643 44.78 Infinity 0.8300000000000005
0.9911081471601645 0.419740777666999 44.585 Infinity 0.8400000000000005
0.984216961209292 0.4037886340977069 44.275 Infinity 0.8500000000000005
0.9758808491719462 0.3728813559322034 43.9 Infinity 0.8600000000000005
0.9613204401467156 0.3459621136590229 43.245 Infinity 0.8700000000000006
0.9449816605535178 0.3070787637088734 42.51 Infinity 0.8800000000000006
0.9205290652439702 0.26321036889332006 41.41 Infinity 0.8900000000000006
0.8957430254529287 0.19042871385842472 40.295 Infinity 0.9000000000000006
0.8711792819828832 0.13758723828514458 39.19 Infinity 0.9100000000000006
0.851728353895743 0.0897308075772682 38.315 Infinity 0.9200000000000006
0.8353895743025453 0.049850448654037885 37.58 Infinity 0.9300000000000006
0.8199399799933311 0.028913260219341975 36.885 Infinity 0.9400000000000006
0.808158274980549 0.01296111665004985 36.355 Infinity 0.9500000000000006
0.7962654218072691 0.0029910269192422734 35.82 Infinity 0.9600000000000006
0.7810381238190508 0.0019940179461615153 35.135 Infinity 0.9700000000000006
0.7526953428920752 9.970089730807576E-4 33.86 Infinity 0.9800000000000006
0.6674447037901523 0.0 30.025 NaN 0.9900000000000007
0.0 0.0 0.0 0.0
