1.0 1.0 89.97 9.64423076923077 0.0
1.0 0.9970089730807578 89.97 9.615384615384615 0.01
1.0 0.9790628115653041 89.97 9.442307692307692 0.02
1.0 0.9651046859421735 89.97 9.307692307692308 0.03
1.0 0.9551345962113659 89.97 9.211538461538462 0.04
1.0 0.9441674975074775 89.97 9.10576923076923 0.05
1.0 0.9361914257228315 89.97 9.028846153846153 0.060000000000000005
1.0 0.9361914257228315 89.97 9.028846153846153 0.07
1.0 0.93419740777667 89.97 9.009615384615385 0.08
1.0 0.9302093718843469 89.97 8.971153846153847 0.09
1.0 0.9272183449651047 89.97 8.942307692307692 0.09999999999999999
1.0 0.9242273180458624 89.97 8.913461538461538 0.10999999999999999
1.0 0.9212362911266201 89.97 8.884615384615385 0.11999999999999998
1.0 0.9172482552342971 89.97 8.846153846153847 0.12999999999999998
1.0 0.9162512462612163 89.97 8.836538461538462 0.13999999999999999
1.0 0.9152542372881356 89.97 8.826923076923077 0.15
1.0 0.9082751744765702 89.97 8.759615384615385 0.16
1.0 0.9042871385842473 89.97 8.721153846153847 0.17
1.0 0.8933200398803589 89.97 8.615384615384615 0.18000000000000002
1.0 0.8913260219341974 89.97 8.596153846153847 0.19000000000000003
1.0 0.8843469591226321 89.97 8.528846153846153 0.20000000000000004
1.0 0.8783649052841476 89.97 8.471153846153847 0.21000000000000005
1.0 0.8733798604187437 89.97 8.423076923076923 0.22000000000000006
1.0 0.872382851445663 89.97 8.413461538461538 0.23000000000000007
1.0 0.8703888334995015 89.97 8.39423076923077 0.24000000000000007
1.0 0.8703888334995015 89.97 8.39423076923077 0.25000000000000006
1.0 0.86839481555334 89.97 8.375 0.26000000000000006
1.0 0.86839481555334 89.97 8.375 0.2700000000000001
1.0 0.8664007976071785 89.97 8.35576923076923 0.2800000000000001
1.0 0.8664007976071785 89.97 8.35576923076923 0.2900000000000001
1.0 0.8664007976071785 89.97 8.35576923076923 0.3000000000000001
1.0 0.8664007976071785 89.97 8.35576923076923 0.3100000000000001
1.0 0.8654037886340977 89.97 8.346153846153847 0.3200000000000001
1.0 0.864406779661017 89.97 8.336538461538462 0.3300000000000001
1.0 0.8634097706879362 89.97 8.326923076923077 0.34000000000000014
1.0 0.8624127617148555 89.97 8.317307692307692 0.35000000000000014
1.0 0.8604187437686939 89.97 8.298076923076923 0.36000000000000015
1.0 0.8584247258225324 89.97 8.278846153846153 0.37000000000000016
1.0 0.8554336989032901 89.97 8.25 0.38000000000000017
1.0 0.8534396809571286 89.97 8.23076923076923 0.3900000000000002
1.0 0.8504486540378864 89.97 8.201923076923077 0.4000000000000002
1.0 0.8454636091724825 89.97 8.153846153846153 0.4100000000000002
1.0 0.8404785643070788 89.97 8.10576923076923 0.4200000000000002
1.0 0.8344965104685942 89.97 8.048076923076923 0.4300000000000002
1.0 0.8315054835493519 89.97 8.01923076923077 0.4400000000000002
1.0 0.8265204386839482 89.97 7.971153846153846 0.45000000000000023
1.0 0.8195413758723828 89.97 7.903846153846154 0.46000000000000024
1.0 0.8165503489531406 89.97 7.875 0.47000000000000025
1.0 0.8125623130608175 89.97 7.836538461538462 0.48000000000000026
1.0 0.8125623130608175 89.97 7.836538461538462 0.49000000000000027
1.0 0.8115653040877367 89.97 7.826923076923077 0.5000000000000002
1.0 0.810568295114656 89.97 7.8173076923076925 0.5100000000000002
1.0 0.8095712861415753 89.97 7.8076923076923075 0.5200000000000002
1.0 0.8085742771684945 89.97 7.798076923076923 0.5300000000000002
1.0 0.8085742771684945 89.97 7.798076923076923 0.5400000000000003
1.0 0.8085742771684945 89.97 7.798076923076923 0.5500000000000003
1.0 0.8085742771684945 89.97 7.798076923076923 0.5600000000000003
1.0 0.8085742771684945 89.97 7.798076923076923 0.5700000000000003
1.0 0.8085742771684945 89.97 7.798076923076923 0.5800000000000003
1.0 0.8085742771684945 89.97 7.798076923076923 0.5900000000000003
1.0 0.8085742771684945 89.97 7.798076923076923 0.6000000000000003
1.0 0.806580259222333 89.97 7.778846153846154 0.6100000000000003
1.0 0.8055832502492523 89.97 7.769230769230769 0.6200000000000003
1.0 0.8035892323030908 89.97 7.75 0.6300000000000003
1.0 0.7966101694915254 89.97 7.6826923076923075 0.6400000000000003
1.0 0.7916251246261217 89.97 7.634615384615385 0.6500000000000004
1.0 0.7856430707876371 89.97 7.576923076923077 0.6600000000000004
1.0 0.7726819541375872 89.97 7.451923076923077 0.6700000000000004
1.0 0.7587238285144566 89.97 7.3173076923076925 0.6800000000000004
1.0 0.7367896311066799 89.97 7.105769230769231 0.6900000000000004
1.0 0.7228315054835494 89.97 6.971153846153846 0.7000000000000004
1.0 0.7028913260219342 89.97 6.778846153846154 0.7100000000000004
1.0 0.6779661016949152 89.97 6.538461538461538 0.7200000000000004
1.0 0.6620139581256231 89.97 6.384615384615385 0.7300000000000004
1.0 0.6331006979062812 89.97 6.105769230769231 0.7400000000000004
1.0 0.6101694915254238 89.97 5.884615384615385 0.7500000000000004
1.0 0.5942173479561316 89.97 5.730769230769231 0.7600000000000005
1.0 0.5862412761714856 89.97 5.653846153846154 0.7700000000000005
0.999888851839502 0.5742771684945165 89.96 5.538461538461538 0.7800000000000005
0.9995554073580082 0.5672981056829511 89.93 5.471153846153846 0.7900000000000005
0.9989996665555185 0.5603190428713859 89.88 5.403846153846154 0.8000000000000005
0.9976658886295432 0.5563310069790628 89.76 5.365384615384615 0.8100000000000005
0.9953317772590864 0.5533399800598205 89.55 5.336538461538462 0.8200000000000005
0.9916638879626543 0.5423728813559322 89.22 5.230769230769231 0.8300000000000005
0.9848838501722796 0.5363908275174477 88.61 5.173076923076923 0.8400000000000005
0.9731021451594976 0.5244267198404786 87.55 5.0576923076923075 0.8500000000000005
0.9562076247638102 0.4905284147557328 86.03 4.730769230769231 0.8600000000000005
0.9294209180838057 0.44965104685942175 83.62 4.336538461538462 0.8700000000000006
0.893186617761476 0.39980059820538383 80.36 3.855769230769231 0.8800000000000006
0.8449483161053685 0.3439680957128614 76.02 3.3173076923076925 0.8900000000000006
0.7952650883627876 0.2691924227318046 71.55 2.5961538461538463 0.9000000000000006
0.7455818606202067 0.1984047856430708 67.08 1.9134615384615385 0.9100000000000006
0.703679004112482 0.15254237288135594 63.31 1.4711538461538463 0.9200000000000006
0.6692230743581193 0.09770687936191426 60.21 0.9423076923076923 0.9300000000000006
0.6436589974435923 0.07377866400797607 57.91 0.7115384615384616 0.9400000000000006
0.6247638101589419 0.06281156530408774 56.21 0.6057692307692307 0.9500000000000006
0.610536845615205 0.054835493519441676 54.93 0.5288461538461539 0.9600000000000006
0.5963098810714683 0.0518444666001994 53.65 0.5 0.9700000000000006
0.5589640991441591 0.0518444666001994 50.29 0.5 0.9800000000000006
0.4693786817828165 0.05084745762711865 42.23 0.49038461538461536 0.9900000000000007
0.0 0.0 0.0 0.0
