1.0 1.0 44.985 22.288888888888888 0.0
1.0 0.9940179461615155 44.985 22.155555555555555 0.01
1.0 0.9810568295114656 44.985 21.866666666666667 0.02
0.9997777036790041 0.9680957128614157 44.975 21.57777777777778 0.03
0.9997777036790041 0.963110667996012 44.975 21.466666666666665 0.04
0.9996665555185061 0.959122632103689 44.97 21.377777777777776 0.05
0.9996665555185061 0.9511465603190429 44.97 21.2 0.060000000000000005
0.9996665555185061 0.9511465603190429 44.97 21.2 0.07
0.9996665555185061 0.9461615154536391 44.97 21.08888888888889 0.08
0.9996665555185061 0.9431704885343968 44.97 21.022222222222222 0.09
0.9996665555185061 0.938185443668993 44.97 20.91111111111111 0.09999999999999999
0.9996665555185061 0.93419740777667 44.97 20.822222222222223 0.10999999999999999
0.9996665555185061 0.9312063808574277 44.97 20.755555555555556 0.11999999999999998
0.9996665555185061 0.9272183449651047 44.97 20.666666666666668 0.12999999999999998
0.9996665555185061 0.922233300099701 44.97 20.555555555555557 0.13999999999999999
0.9996665555185061 0.9192422731804586 44.97 20.488888888888887 0.15
0.9996665555185061 0.9142572283150548 44.97 20.377777777777776 0.16
0.9996665555185061 0.9062811565304087 44.97 20.2 0.17
0.9996665555185061 0.8923230309072782 44.97 19.88888888888889 0.18000000000000002
0.9996665555185061 0.8843469591226321 44.97 19.711111111111112 0.19000000000000003
0.9995554073580082 0.8763708873379861 44.965 19.533333333333335 0.20000000000000004
0.9995554073580082 0.8703888334995015 44.965 19.4 0.21000000000000005
0.9995554073580082 0.8654037886340977 44.965 19.288888888888888 0.22000000000000006
0.9993331110370124 0.8614157527417746 44.955 19.2 0.23000000000000007
0.9993331110370124 0.8564307078763709 44.955 19.08888888888889 0.24000000000000007
0.9993331110370124 0.8524426719840479 44.955 19.0 0.25000000000000006
0.9992219628765144 0.8484546360917248 44.95 18.91111111111111 0.26000000000000006
0.9992219628765144 0.847457627118644 44.95 18.88888888888889 0.2700000000000001
0.9991108147160165 0.8454636091724825 44.945 18.844444444444445 0.2800000000000001
0.9991108147160165 0.843469591226321 44.945 18.8 0.2900000000000001
0.9991108147160165 0.8424725822532403 44.945 18.77777777777778 0.3000000000000001
0.9991108147160165 0.8414755732801595 44.945 18.755555555555556 0.3100000000000001
0.9991108147160165 0.8414755732801595 44.945 18.755555555555556 0.3200000000000001
0.9991108147160165 0.8404785643070788 44.945 18.733333333333334 0.3300000000000001
0.9991108147160165 0.8384845463609173 44.945 18.68888888888889 0.34000000000000014
0.9991108147160165 0.8364905284147557 44.945 18.644444444444446 0.35000000000000014
0.9991108147160165 0.8315054835493519 44.945 18.533333333333335 0.36000000000000015
0.9991108147160165 0.8295114656031904 44.945 18.488888888888887 0.37000000000000016
0.9991108147160165 0.8265204386839482 44.945 18.42222222222222 0.38000000000000017
0.9991108147160165 0.8235294117647058 44.945 18.355555555555554 0.3900000000000002
0.9991108147160165 0.8145563310069791 44.945 18.155555555555555 0.4000000000000002
0.9991108147160165 0.8045862412761715 44.945 17.933333333333334 0.4100000000000002
0.9991108147160165 0.7906281156530409 44.945 17.622222222222224 0.4200000000000002
0.9989996665555185 0.7786640079760718 44.94 17.355555555555554 0.4300000000000002
0.9989996665555185 0.765702891326022 44.94 17.066666666666666 0.4400000000000002
0.9989996665555185 0.7577268195413759 44.94 16.88888888888889 0.45000000000000023
0.9989996665555185 0.7507477567298105 44.94 16.733333333333334 0.46000000000000024
0.9989996665555185 0.7347956131605184 44.94 16.377777777777776 0.47000000000000025
0.9989996665555185 0.7268195413758723 44.94 16.2 0.48000000000000026
0.9989996665555185 0.7238285144566301 44.94 16.133333333333333 0.49000000000000027
0.9989996665555185 0.7198404785643071 44.94 16.044444444444444 0.5000000000000002
0.9989996665555185 0.7168494516450648 44.94 15.977777777777778 0.5100000000000002
0.9989996665555185 0.7128614157527418 44.94 15.88888888888889 0.5200000000000002
0.9989996665555185 0.7108673978065803 44.94 15.844444444444445 0.5300000000000002
0.9989996665555185 0.7088733798604188 44.94 15.8 0.5400000000000003
0.9989996665555185 0.7038883349950149 44.94 15.688888888888888 0.5500000000000003
0.9989996665555185 0.7018943170488534 44.94 15.644444444444444 0.5600000000000003
0.9989996665555185 0.7018943170488534 44.94 15.644444444444444 0.5700000000000003
0.9989996665555185 0.7008973080757727 44.94 15.622222222222222 0.5800000000000003
0.9989996665555185 0.7008973080757727 44.94 15.622222222222222 0.5900000000000003
0.9989996665555185 0.6989032901296112 44.94 15.577777777777778 0.6000000000000003
0.9989996665555185 0.6969092721834497 44.94 15.533333333333333 0.6100000000000003
0.9989996665555185 0.6949152542372882 44.94 15.488888888888889 0.6200000000000003
0.9989996665555185 0.6909272183449651 44.94 15.4 0.6300000000000003
0.9989996665555185 0.6869391824526421 44.94 15.311111111111112 0.6400000000000003
0.9989996665555185 0.6809571286141576 44.94 15.177777777777777 0.6500000000000004
0.9989996665555185 0.6689930209371885 44.94 14.911111111111111 0.6600000000000004
0.9989996665555185 0.6550348953140578 44.94 14.6 0.6700000000000004
0.9989996665555185 0.646061814556331 44.94 14.4 0.6800000000000004
0.9989996665555185 0.6201395812562313 44.94 13.822222222222223 0.6900000000000004
0.9989996665555185 0.6001994017946162 44.94 13.377777777777778 0.7000000000000004
0.9989996665555185 0.5752741774675972 44.94 12.822222222222223 0.7100000000000004
0.9989996665555185 0.5463609172482552 44.94 12.177777777777777 0.7200000000000004
0.9989996665555185 0.5204386839481555 44.94 11.6 0.7300000000000004
0.9989996665555185 0.4945164506480558 44.94 11.022222222222222 0.7400000000000004
0.9989996665555185 0.46560319042871384 44.94 10.377777777777778 0.7500000000000004
0.9989996665555185 0.4386839481555334 44.94 9.777777777777779 0.7600000000000005
0.9989996665555185 0.4217347956131605 44.94 9.4 0.7700000000000005
0.9988885183950206 0.4077766699900299 44.935 9.088888888888889 0.7800000000000005
0.9985550739135267 0.39282153539381853 44.92 8.755555555555556 0.7900000000000005
0.9979993331110371 0.3848454636091725 44.895 8.577777777777778 0.8000000000000005
0.9976658886295432 0.3748753738783649 44.88 8.355555555555556 0.8100000000000005
0.9967767033455597 0.3678963110667996 44.84 8.2 0.8200000000000005
0.9946648882960987 0.35992023928215355 44.745 8.022222222222222 0.8300000000000005
0.99188618428365 0.3489531405782652 44.62 7.777777777777778 0.8400000000000005
0.9849949983327776 0.33798604187437686 44.31 7.533333333333333 0.8500000000000005
0.9749916638879627 0.3160518444666002 43.86 7.044444444444444 0.8600000000000005
0.9620984772702011 0.2851445663010967 43.28 6.355555555555555 0.8700000000000006
0.9415360675780816 0.25124626121635096 42.355 5.6 0.8800000000000006
0.9194175836389907 0.21136590229312063 41.36 4.711111111111111 0.8900000000000006
0.8924085806379904 0.16350947158524426 40.145 3.6444444444444444 0.9000000000000006
0.8659553184394798 0.11465603190428714 38.955 2.5555555555555554 0.9100000000000006
0.8415027231299322 0.07178464606181456 37.855 1.6 0.9200000000000006
0.8246082027342447 0.0259222333000997 37.095 0.5777777777777777 0.9300000000000006
0.8073802378570635 0.011964107676969093 36.32 0.26666666666666666 0.9400000000000006
0.7952650883627876 0.00897308075772682 35.775 0.2 0.9500000000000006
0.7823719017450261 0.0019940179461615153 35.195 0.044444444444444446 0.9600000000000006
0.7633655662998777 0.0019940179461615153 34.34 0.044444444444444446 0.9700000000000006
0.7256863398910748 0.0019940179461615153 32.645 0.044444444444444446 0.9800000000000006
0.6348782927642548 9.970089730807576E-4 28.56 0.022222222222222223 0.9900000000000007
0.0 0.0 0.0 0.0
