1.0 1.0 14.995 200.6 0.0
1.0 0.8155533399800599 14.995 163.6 0.01
1.0 0.6859421734795613 14.995 137.6 0.02
1.0 0.613160518444666 14.995 123.0 0.03
1.0 0.5812562313060817 14.995 116.6 0.04
1.0 0.5493519441674976 14.995 110.2 0.05
1.0 0.5094715852442672 14.995 102.2 0.060000000000000005
1.0 0.5094715852442672 14.995 102.2 0.07
1.0 0.4915254237288136 14.995 98.6 0.08
1.0 0.47357926221335994 14.995 95.0 0.09
1.0 0.46061814556331004 14.995 92.4 0.09999999999999999
1.0 0.44965104685942175 14.995 90.2 0.10999999999999999
1.0 0.4476570289132602 14.995 89.8 0.11999999999999998
1.0 0.4406779661016949 14.995 88.4 0.12999999999999998
1.0 0.43469591226321036 14.995 87.2 0.13999999999999999
1.0 0.42971086739780656 14.995 86.2 0.15
1.0 0.4187437686939183 14.995 84.0 0.16
1.0 0.4117647058823529 14.995 82.6 0.17
1.0 0.3818544366899302 14.995 76.6 0.18000000000000002
1.0 0.3708873379860419 14.995 74.4 0.19000000000000003
1.0 0.36191425722831505 14.995 72.6 0.20000000000000004
1.0 0.3509471585244267 14.995 70.4 0.21000000000000005
1.0 0.33998005982053836 14.995 68.2 0.22000000000000006
1.0 0.3320039880358923 14.995 66.6 0.23000000000000007
1.0 0.325024925224327 14.995 65.2 0.24000000000000007
1.0 0.3190428713858425 14.995 64.0 0.25000000000000006
1.0 0.3160518444666002 14.995 63.4 0.26000000000000006
1.0 0.3140578265204387 14.995 63.0 0.2700000000000001
1.0 0.31106679960119643 14.995 62.4 0.2800000000000001
1.0 0.3090727816550349 14.995 62.0 0.2900000000000001
1.0 0.3070787637088734 14.995 61.6 0.3000000000000001
1.0 0.30608175473579263 14.995 61.4 0.3100000000000001
1.0 0.3050847457627119 14.995 61.2 0.3200000000000001
1.0 0.30309072781655033 14.995 60.8 0.3300000000000001
1.0 0.29910269192422734 14.995 60.0 0.34000000000000014
1.0 0.29611166500498504 14.995 59.4 0.35000000000000014
1.0 0.292123629112662 14.995 58.6 0.36000000000000015
1.0 0.2901296111665005 14.995 58.2 0.37000000000000016
1.0 0.28414755732801594 14.995 57.0 0.38000000000000017
1.0 0.2811565304087737 14.995 56.4 0.3900000000000002
1.0 0.27018943170488535 14.995 54.2 0.4000000000000002
1.0 0.2612163509471585 14.995 52.4 0.4100000000000002
1.0 0.24825523429710866 14.995 49.8 0.4200000000000002
1.0 0.24027916251246262 14.995 48.2 0.4300000000000002
1.0 0.2313060817547358 14.995 46.4 0.4400000000000002
1.0 0.2213359920239282 14.995 44.4 0.45000000000000023
1.0 0.20638085742771686 14.995 41.4 0.46000000000000024
1.0 0.2033898305084746 14.995 40.8 0.47000000000000025
1.0 0.19740777666999004 14.995 39.6 0.48000000000000026
1.0 0.193419740777667 14.995 38.8 0.49000000000000027
1.0 0.1914257228315055 14.995 38.4 0.5000000000000002
1.0 0.18843469591226322 14.995 37.8 0.5100000000000002
1.0 0.18444666001994017 14.995 37.0 0.5200000000000002
1.0 0.1794616151545364 14.995 36.0 0.5300000000000002
1.0 0.17846460618145563 14.995 35.8 0.5400000000000003
1.0 0.17547357926221335 14.995 35.2 0.5500000000000003
1.0 0.17248255234297108 14.995 34.6 0.5600000000000003
1.0 0.17148554336989033 14.995 34.4 0.5700000000000003
1.0 0.17048853439680958 14.995 34.2 0.5800000000000003
1.0 0.1694915254237288 14.995 34.0 0.5900000000000003
1.0 0.1694915254237288 14.995 34.0 0.6000000000000003
1.0 0.16849451645064806 14.995 33.8 0.6100000000000003
1.0 0.16849451645064806 14.995 33.8 0.6200000000000003
1.0 0.1674975074775673 14.995 33.6 0.6300000000000003
1.0 0.16650049850448653 14.995 33.4 0.6400000000000003
1.0 0.16151545363908276 14.995 32.4 0.6500000000000004
1.0 0.1585244267198405 14.995 31.8 0.6600000000000004
1.0 0.15553339980059822 14.995 31.2 0.6700000000000004
1.0 0.14955134596211367 14.995 30.0 0.6800000000000004
1.0 0.13958125623130607 14.995 28.0 0.6900000000000004
1.0 0.13359920239282153 14.995 26.8 0.7000000000000004
1.0 0.12462612163509472 14.995 25.0 0.7100000000000004
1.0 0.11266201395812563 14.995 22.6 0.7200000000000004
1.0 0.10767696909272183 14.995 21.6 0.7300000000000004
1.0 0.10269192422731804 14.995 20.6 0.7400000000000004
1.0 0.09770687936191426 14.995 19.6 0.7500000000000004
1.0 0.0897308075772682 14.995 18.0 0.7600000000000005
1.0 0.08175473579262213 14.995 16.4 0.7700000000000005
1.0 0.07278165503489531 14.995 14.6 0.7800000000000005
1.0 0.06679960119641076 14.995 13.4 0.7900000000000005
1.0 0.06480558325024925 14.995 13.0 0.8000000000000005
1.0 0.06281156530408774 14.995 12.6 0.8100000000000005
1.0 0.06281156530408774 14.995 12.6 0.8200000000000005
0.9997777036790041 0.05982053838484546 14.991666666666667 12.0 0.8300000000000005
0.9992219628765144 0.05782652043868395 14.983333333333333 11.6 0.8400000000000005
0.9987773702345226 0.05583250249252243 14.976666666666667 11.2 0.8500000000000005
0.9983327775925308 0.054835493519441676 14.97 11.0 0.8600000000000005
0.9974435923085473 0.05284147557328016 14.956666666666667 10.6 0.8700000000000006
0.9965544070245638 0.04885343968095713 14.943333333333333 9.8 0.8800000000000006
0.9949983327775925 0.04386839481555334 14.92 8.8 0.8900000000000006
0.9936645548516172 0.03788634097706879 14.9 7.6 0.9000000000000006
0.9923307769256419 0.03090727816550349 14.88 6.2 0.9100000000000006
0.9915527398021563 0.02991026919242273 14.868333333333334 6.0 0.9200000000000006
0.9904412581971769 0.026919242273180457 14.851666666666667 5.4 0.9300000000000006
0.9896632210736912 0.023928215353938187 14.84 4.8 0.9400000000000006
0.9885517394687118 0.02193419740777667 14.823333333333334 4.4 0.9500000000000006
0.9878848505057242 0.020937188434695914 14.813333333333333 4.2 0.9600000000000006
0.9872179615427364 0.019940179461615155 14.803333333333333 4.0 0.9700000000000006
0.9823274424808269 0.019940179461615155 14.73 4.0 0.9800000000000006
0.9636545515171724 0.018943170488534396 14.45 3.8 0.9900000000000007
0.0 0.0 0.0 0.0
