1.0 1.0 14.995 25.075 0.0
0.9983327775925308 0.8364905284147557 14.97 20.975 0.01
0.9983327775925308 0.7427716849451645 14.97 18.625 0.02
0.9983327775925308 0.7068793619142573 14.97 17.725 0.03
0.9983327775925308 0.6889332003988036 14.97 17.275 0.04
0.9983327775925308 0.6620139581256231 14.97 16.6 0.05
0.998110481271535 0.6191425722831505 14.966666666666667 15.525 0.060000000000000005
0.998110481271535 0.6191425722831505 14.966666666666667 15.525 0.07
0.998110481271535 0.6021934197407777 14.966666666666667 15.1 0.08
0.998110481271535 0.5832502492522432 14.966666666666667 14.625 0.09
0.998110481271535 0.5732801595214357 14.966666666666667 14.375 0.09999999999999999
0.998110481271535 0.5663010967098704 14.966666666666667 14.2 0.10999999999999999
0.998110481271535 0.555333998005982 14.966666666666667 13.925 0.11999999999999998
0.998110481271535 0.5493519441674976 14.966666666666667 13.775 0.12999999999999998
0.9979993331110371 0.5383848454636092 14.965 13.5 0.13999999999999999
0.9979993331110371 0.5274177467597209 14.965 13.225 0.15
0.9979993331110371 0.514456630109671 14.965 12.9 0.16
0.9979993331110371 0.5044865403788634 14.965 12.65 0.17
0.9979993331110371 0.4795613160518445 14.965 12.025 0.18000000000000002
0.9979993331110371 0.46360917248255235 14.965 11.625 0.19000000000000003
0.9979993331110371 0.44865403788634095 14.965 11.25 0.20000000000000004
0.9979993331110371 0.4307078763708873 14.965 10.8 0.21000000000000005
0.9979993331110371 0.423728813559322 14.965 10.625 0.22000000000000006
0.9979993331110371 0.419740777666999 14.965 10.525 0.23000000000000007
0.9979993331110371 0.4087736789631107 14.965 10.25 0.24000000000000007
0.9979993331110371 0.4057826520438684 14.965 10.175 0.25000000000000006
0.9979993331110371 0.4037886340977069 14.965 10.125 0.26000000000000006
0.9979993331110371 0.39980059820538383 14.965 10.025 0.2700000000000001
0.9979993331110371 0.39581256231306083 14.965 9.925 0.2800000000000001
0.9979993331110371 0.3918245264207378 14.965 9.825 0.2900000000000001
0.9979993331110371 0.38883349950149554 14.965 9.75 0.3000000000000001
0.9979993331110371 0.386839481555334 14.965 9.7 0.3100000000000001
0.9979993331110371 0.3848454636091725 14.965 9.65 0.3200000000000001
0.9979993331110371 0.3798604187437687 14.965 9.525 0.3300000000000001
0.9979993331110371 0.3748753738783649 14.965 9.4 0.34000000000000014
0.9979993331110371 0.37188434695912265 14.965 9.325 0.35000000000000014
0.9979993331110371 0.36490528414755735 14.965 9.15 0.36000000000000015
0.9979993331110371 0.3589232303090728 14.965 9.0 0.37000000000000016
0.9979993331110371 0.34995014955134596 14.965 8.775 0.38000000000000017
0.9979993331110371 0.3419740777666999 14.965 8.575 0.3900000000000002
0.9979993331110371 0.3349950149551346 14.965 8.4 0.4000000000000002
0.9979993331110371 0.32103688933200397 14.965 8.05 0.4100000000000002
0.9979993331110371 0.3050847457627119 14.965 7.65 0.4200000000000002
0.9979993331110371 0.28913260219341974 14.965 7.25 0.4300000000000002
0.9979993331110371 0.2761714855433699 14.965 6.925 0.4400000000000002
0.9979993331110371 0.26719840478564305 14.965 6.7 0.45000000000000023
0.9979993331110371 0.25523429710867396 14.965 6.4 0.46000000000000024
0.9979993331110371 0.24626121635094717 14.965 6.175 0.47000000000000025
0.9979993331110371 0.23629112662013957 14.965 5.925 0.48000000000000026
0.9979993331110371 0.2313060817547358 14.965 5.8 0.49000000000000027
0.9979993331110371 0.22532402791625125 14.965 5.65 0.5000000000000002
0.9979993331110371 0.2213359920239282 14.965 5.55 0.5100000000000002
0.9979993331110371 0.2193419740777667 14.965 5.5 0.5200000000000002
0.9979993331110371 0.2143569292123629 14.965 5.375 0.5300000000000002
0.9979993331110371 0.21136590229312063 14.965 5.3 0.5400000000000003
0.9979993331110371 0.20837487537387836 14.965 5.225 0.5500000000000003
0.9979993331110371 0.20638085742771686 14.965 5.175 0.5600000000000003
0.9979993331110371 0.20438683948155534 14.965 5.125 0.5700000000000003
0.9979993331110371 0.20039880358923232 14.965 5.025 0.5800000000000003
0.9979993331110371 0.1984047856430708 14.965 4.975 0.5900000000000003
0.9979993331110371 0.1984047856430708 14.965 4.975 0.6000000000000003
0.9979993331110371 0.19441674975074777 14.965 4.875 0.6100000000000003
0.9979993331110371 0.193419740777667 14.965 4.85 0.6200000000000003
0.9979993331110371 0.193419740777667 14.965 4.85 0.6300000000000003
0.9979993331110371 0.1914257228315055 14.965 4.8 0.6400000000000003
0.9979993331110371 0.1914257228315055 14.965 4.8 0.6500000000000004
0.9978881849505391 0.18843469591226322 14.963333333333333 4.725 0.6600000000000004
0.9978881849505391 0.1794616151545364 14.963333333333333 4.5 0.6700000000000004
0.9978881849505391 0.17647058823529413 14.963333333333333 4.425 0.6800000000000004
0.9978881849505391 0.16849451645064806 14.963333333333333 4.225 0.6900000000000004
0.9978881849505391 0.16051844466600199 14.963333333333333 4.025 0.7000000000000004
0.9978881849505391 0.14955134596211367 14.963333333333333 3.75 0.7100000000000004
0.9978881849505391 0.1345962113659023 14.963333333333333 3.375 0.7200000000000004
0.9978881849505391 0.12761714855433698 14.963333333333333 3.2 0.7300000000000004
0.9978881849505391 0.11266201395812563 14.963333333333333 2.825 0.7400000000000004
0.9978881849505391 0.1016949152542373 14.963333333333333 2.55 0.7500000000000004
0.9978881849505391 0.09571286141575275 14.963333333333333 2.4 0.7600000000000005
0.9978881849505391 0.08873379860418744 14.963333333333333 2.225 0.7700000000000005
0.9978881849505391 0.08574277168494517 14.963333333333333 2.15 0.7800000000000005
0.9977770367900411 0.07577268195413758 14.961666666666666 1.9 0.7900000000000005
0.9977770367900411 0.07178464606181456 14.961666666666666 1.8 0.8000000000000005
0.9977770367900411 0.0707876370887338 14.961666666666666 1.775 0.8100000000000005
0.9976658886295432 0.06979062811565304 14.96 1.75 0.8200000000000005
0.9976658886295432 0.06779661016949153 14.96 1.7 0.8300000000000005
0.9975547404690452 0.06281156530408774 14.958333333333334 1.575 0.8400000000000005
0.9973324441480493 0.06181455633100698 14.955 1.55 0.8500000000000005
0.9964432588640658 0.054835493519441676 14.941666666666666 1.375 0.8600000000000005
0.9952206290985884 0.049850448654037885 14.923333333333334 1.25 0.8700000000000006
0.9937757030121152 0.040877367896311065 14.901666666666667 1.025 0.8800000000000006
0.991997332444148 0.036889332003988036 14.875 0.925 0.8900000000000006
0.9905524063576748 0.02991026919242273 14.853333333333333 0.75 0.9000000000000006
0.9883294431477159 0.01694915254237288 14.82 0.425 0.9100000000000006
0.9868845170612426 0.01296111665004985 14.798333333333334 0.325 0.9200000000000006
0.9853284428142715 0.00897308075772682 14.775 0.225 0.9300000000000006
0.9844392575302878 0.003988035892323031 14.761666666666667 0.1 0.9400000000000006
0.9838835167277982 0.0 14.753333333333334 0.0 0.9500000000000006
0.9825497388018228 0.0 14.733333333333333 0.0 0.9600000000000006
0.9806602200733577 0.0 14.705 0.0 0.9700000000000006
0.9736578859619873 0.0 14.6 0.0 0.9800000000000006
0.9496498832944315 0.0 14.24 0.0 0.9900000000000007
0.0 0.0 0.0 0.0
