1.0 1.0 89.97 20.06 0.0
1.0 0.9990029910269193 89.97 20.04 0.01
1.0 0.9940179461615155 89.97 19.94 0.02
1.0 0.9920239282153539 89.97 19.9 0.03
1.0 0.9890329012961117 89.97 19.84 0.04
1.0 0.9850448654037887 89.97 19.76 0.05
1.0 0.9740777666999003 89.97 19.54 0.060000000000000005
1.0 0.9740777666999003 89.97 19.54 0.07
1.0 0.9700897308075773 89.97 19.46 0.08
1.0 0.9641076769690927 89.97 19.34 0.09
1.0 0.9641076769690927 89.97 19.34 0.09999999999999999
1.0 0.963110667996012 89.97 19.32 0.10999999999999999
1.0 0.963110667996012 89.97 19.32 0.11999999999999998
1.0 0.9621136590229312 89.97 19.3 0.12999999999999998
1.0 0.959122632103689 89.97 19.24 0.13999999999999999
1.0 0.959122632103689 89.97 19.24 0.15
1.0 0.9571286141575274 89.97 19.2 0.16
1.0 0.9571286141575274 89.97 19.2 0.17
1.0 0.9551345962113659 89.97 19.16 0.18000000000000002
1.0 0.9541375872382851 89.97 19.14 0.19000000000000003
1.0 0.9501495513459621 89.97 19.06 0.20000000000000004
1.0 0.9481555333998006 89.97 19.02 0.21000000000000005
1.0 0.9451645064805583 89.97 18.96 0.22000000000000006
1.0 0.9451645064805583 89.97 18.96 0.23000000000000007
1.0 0.9431704885343968 89.97 18.92 0.24000000000000007
1.0 0.9401794616151545 89.97 18.86 0.25000000000000006
1.0 0.9401794616151545 89.97 18.86 0.26000000000000006
1.0 0.9401794616151545 89.97 18.86 0.2700000000000001
1.0 0.9391824526420738 89.97 18.84 0.2800000000000001
1.0 0.9391824526420738 89.97 18.84 0.2900000000000001
1.0 0.938185443668993 89.97 18.82 0.3000000000000001
1.0 0.938185443668993 89.97 18.82 0.3100000000000001
1.0 0.938185443668993 89.97 18.82 0.3200000000000001
1.0 0.938185443668993 89.97 18.82 0.3300000000000001
1.0 0.938185443668993 89.97 18.82 0.34000000000000014
1.0 0.938185443668993 89.97 18.82 0.35000000000000014
1.0 0.9371884346959123 89.97 18.8 0.36000000000000015
1.0 0.9371884346959123 89.97 18.8 0.37000000000000016
1.0 0.93419740777667 89.97 18.74 0.38000000000000017
1.0 0.9322033898305084 89.97 18.7 0.3900000000000002
1.0 0.9302093718843469 89.97 18.66 0.4000000000000002
1.0 0.9262213359920239 89.97 18.58 0.4100000000000002
1.0 0.9232303090727817 89.97 18.52 0.4200000000000002
1.0 0.9232303090727817 89.97 18.52 0.4300000000000002
1.0 0.922233300099701 89.97 18.5 0.4400000000000002
1.0 0.9202392821535393 89.97 18.46 0.45000000000000023
1.0 0.9182452642073778 89.97 18.42 0.46000000000000024
1.0 0.9172482552342971 89.97 18.4 0.47000000000000025
1.0 0.9152542372881356 89.97 18.36 0.48000000000000026
1.0 0.9142572283150548 89.97 18.34 0.49000000000000027
1.0 0.9142572283150548 89.97 18.34 0.5000000000000002
1.0 0.9122632103688934 89.97 18.3 0.5100000000000002
1.0 0.9082751744765702 89.97 18.22 0.5200000000000002
1.0 0.9072781655034895 89.97 18.2 0.5300000000000002
1.0 0.9062811565304087 89.97 18.18 0.5400000000000003
1.0 0.905284147557328 89.97 18.16 0.5500000000000003
1.0 0.905284147557328 89.97 18.16 0.5600000000000003
1.0 0.9032901296111665 89.97 18.12 0.5700000000000003
1.0 0.9032901296111665 89.97 18.12 0.5800000000000003
1.0 0.9032901296111665 89.97 18.12 0.5900000000000003
1.0 0.9032901296111665 89.97 18.12 0.6000000000000003
1.0 0.9032901296111665 89.97 18.12 0.6100000000000003
1.0 0.9022931206380858 89.97 18.1 0.6200000000000003
1.0 0.901296111665005 89.97 18.08 0.6300000000000003
1.0 0.9002991026919243 89.97 18.06 0.6400000000000003
1.0 0.8983050847457628 89.97 18.02 0.6500000000000004
1.0 0.8953140578265204 89.97 17.96 0.6600000000000004
1.0 0.8903290129611167 89.97 17.86 0.6700000000000004
1.0 0.8853439680957128 89.97 17.76 0.6800000000000004
1.0 0.8803589232303091 89.97 17.66 0.6900000000000004
1.0 0.8753738783649053 89.97 17.56 0.7000000000000004
1.0 0.8713858424725822 89.97 17.48 0.7100000000000004
1.0 0.8654037886340977 89.97 17.36 0.7200000000000004
1.0 0.8604187437686939 89.97 17.26 0.7300000000000004
1.0 0.8574277168494516 89.97 17.2 0.7400000000000004
1.0 0.8504486540378864 89.97 17.06 0.7500000000000004
1.0 0.843469591226321 89.97 16.92 0.7600000000000005
1.0 0.8354935194416749 89.97 16.76 0.7700000000000005
0.999888851839502 0.8285144566301097 89.96 16.62 0.7800000000000005
0.9997777036790041 0.8225324027916251 89.95 16.5 0.7900000000000005
0.9992219628765144 0.8185443668993021 89.9 16.42 0.8000000000000005
0.9984439257530288 0.8135593220338984 89.83 16.32 0.8100000000000005
0.9957763699010781 0.8095712861415753 89.59 16.24 0.8200000000000005
0.992108480604646 0.8055832502492523 89.26 16.16 0.8300000000000005
0.9851061464932755 0.8015952143569293 88.63 16.08 0.8400000000000005
0.9731021451594976 0.7956131605184447 87.55 15.96 0.8500000000000005
0.9518728465043903 0.7776669990029911 85.64 15.6 0.8600000000000005
0.9234189174169167 0.7567298105682951 83.08 15.18 0.8700000000000006
0.8842947649216405 0.7288135593220338 79.56 14.62 0.8800000000000006
0.8345003890185617 0.7088733798604188 75.08 14.22 0.8900000000000006
0.7809269756585528 0.6689930209371885 70.26 13.42 0.9000000000000006
0.7263532288540625 0.6370887337986042 65.35 12.78 0.9100000000000006
0.6804490385684117 0.6071784646061814 61.22 12.18 0.9200000000000006
0.6409914415916417 0.5742771684945165 57.67 11.52 0.9300000000000006
0.6109814382571969 0.5583250249252243 54.97 11.2 0.9400000000000006
0.5944203623430032 0.543369890329013 53.48 10.9 0.9500000000000006
0.5784150272312993 0.5294117647058824 52.04 10.62 0.9600000000000006
0.5619650994776036 0.5084745762711864 50.56 10.2 0.9700000000000006
0.5260642436367678 0.4626121635094716 47.33 9.28 0.9800000000000006
0.42380793597865957 0.37587238285144564 38.13 7.54 0.9900000000000007
0.0 0.0 0.0 0.0
