1.0 1.0 29.99 6.470967741935484 0.0
1.0 0.93419740777667 29.99 6.04516129032258 0.01
1.0 0.8524426719840479 29.99 5.516129032258065 0.02
1.0 0.8255234297108675 29.99 5.341935483870968 0.03
1.0 0.7976071784646062 29.99 5.161290322580645 0.04
1.0 0.7806580259222333 29.99 5.051612903225807 0.05
1.0 0.7567298105682951 29.99 4.896774193548387 0.060000000000000005
1.0 0.7567298105682951 29.99 4.896774193548387 0.07
1.0 0.7457627118644068 29.99 4.825806451612904 0.08
1.0 0.7357926221335992 29.99 4.7612903225806456 0.09
1.0 0.7238285144566301 29.99 4.683870967741935 0.09999999999999999
1.0 0.715852442671984 29.99 4.632258064516129 0.10999999999999999
1.0 0.7108673978065803 29.99 4.6 0.11999999999999998
1.0 0.7048853439680958 29.99 4.561290322580645 0.12999999999999998
1.0 0.7008973080757727 29.99 4.535483870967742 0.13999999999999999
1.0 0.6979062811565304 29.99 4.516129032258065 0.15
1.0 0.6879361914257228 29.99 4.451612903225806 0.16
1.0 0.6799601196410767 29.99 4.4 0.17
1.0 0.6650049850448654 29.99 4.303225806451613 0.18000000000000002
1.0 0.654037886340977 29.99 4.232258064516129 0.19000000000000003
1.0 0.6400797607178464 29.99 4.141935483870967 0.20000000000000004
1.0 0.634097706879362 29.99 4.103225806451613 0.21000000000000005
1.0 0.6271186440677966 29.99 4.058064516129032 0.22000000000000006
1.0 0.6221335992023929 29.99 4.025806451612903 0.23000000000000007
1.0 0.6181455633100698 29.99 4.0 0.24000000000000007
1.0 0.6151545363908275 29.99 3.9806451612903224 0.25000000000000006
1.0 0.6121635094715853 29.99 3.9612903225806453 0.26000000000000006
1.0 0.609172482552343 29.99 3.9419354838709677 0.2700000000000001
1.0 0.6081754735792622 29.99 3.935483870967742 0.2800000000000001
1.0 0.6051844466600199 29.99 3.9161290322580644 0.2900000000000001
1.0 0.6011964107676969 29.99 3.890322580645161 0.3000000000000001
1.0 0.6011964107676969 29.99 3.890322580645161 0.3100000000000001
1.0 0.6001994017946162 29.99 3.8838709677419354 0.3200000000000001
1.0 0.5992023928215354 29.99 3.8774193548387097 0.3300000000000001
1.0 0.5952143569292123 29.99 3.8516129032258064 0.34000000000000014
1.0 0.5922233300099701 29.99 3.832258064516129 0.35000000000000014
1.0 0.5862412761714856 29.99 3.793548387096774 0.36000000000000015
1.0 0.5822532402791625 29.99 3.767741935483871 0.37000000000000016
1.0 0.576271186440678 29.99 3.729032258064516 0.38000000000000017
1.0 0.5722831505483549 29.99 3.703225806451613 0.3900000000000002
1.0 0.5663010967098704 29.99 3.664516129032258 0.4000000000000002
1.0 0.5583250249252243 29.99 3.6129032258064515 0.4100000000000002
1.0 0.5493519441674976 29.99 3.554838709677419 0.4200000000000002
1.0 0.5423728813559322 29.99 3.509677419354839 0.4300000000000002
1.0 0.5324027916251246 29.99 3.445161290322581 0.4400000000000002
1.0 0.5284147557328016 29.99 3.4193548387096775 0.45000000000000023
1.0 0.5214356929212363 29.99 3.3741935483870966 0.46000000000000024
1.0 0.5164506480558325 29.99 3.3419354838709676 0.47000000000000025
1.0 0.5114656031904287 29.99 3.3096774193548386 0.48000000000000026
1.0 0.5104685942173479 29.99 3.303225806451613 0.49000000000000027
1.0 0.5064805583250249 29.99 3.2774193548387096 0.5000000000000002
1.0 0.5014955134596212 29.99 3.2451612903225806 0.5100000000000002
1.0 0.4955134596211366 29.99 3.206451612903226 0.5200000000000002
1.0 0.4915254237288136 29.99 3.1806451612903226 0.5300000000000002
1.0 0.4905284147557328 29.99 3.174193548387097 0.5400000000000003
1.0 0.4905284147557328 29.99 3.174193548387097 0.5500000000000003
1.0 0.48953140578265203 29.99 3.167741935483871 0.5600000000000003
1.0 0.4885343968095713 29.99 3.161290322580645 0.5700000000000003
1.0 0.48554336989032904 29.99 3.141935483870968 0.5800000000000003
1.0 0.4835493519441675 29.99 3.129032258064516 0.5900000000000003
1.0 0.4785643070787637 29.99 3.096774193548387 0.6000000000000003
1.0 0.4765702891326022 29.99 3.0838709677419356 0.6100000000000003
1.0 0.47357926221335994 29.99 3.064516129032258 0.6200000000000003
1.0 0.47258225324027914 29.99 3.0580645161290323 0.6300000000000003
1.0 0.4675972083748754 29.99 3.0258064516129033 0.6400000000000003
1.0 0.46161515453639085 29.99 2.9870967741935486 0.6500000000000004
1.0 0.4546360917248255 29.99 2.9419354838709677 0.6600000000000004
1.0 0.44865403788634095 29.99 2.903225806451613 0.6700000000000004
1.0 0.4386839481555334 29.99 2.838709677419355 0.6800000000000004
1.0 0.42273180458624127 29.99 2.735483870967742 0.6900000000000004
1.0 0.4107676969092722 29.99 2.6580645161290324 0.7000000000000004
1.0 0.3968095712861416 29.99 2.567741935483871 0.7100000000000004
1.0 0.3818544366899302 29.99 2.470967741935484 0.7200000000000004
1.0 0.36689930209371885 29.99 2.3741935483870966 0.7300000000000004
1.0 0.3459621136590229 29.99 2.238709677419355 0.7400000000000004
1.0 0.33599202392821537 29.99 2.174193548387097 0.7500000000000004
1.0 0.3240279162512463 29.99 2.096774193548387 0.7600000000000005
1.0 0.3140578265204387 29.99 2.032258064516129 0.7700000000000005
1.0 0.30309072781655033 29.99 1.961290322580645 0.7800000000000005
1.0 0.29810568295114653 29.99 1.929032258064516 0.7900000000000005
1.0 0.29411764705882354 29.99 1.903225806451613 0.8000000000000005
0.9996665555185061 0.288135593220339 29.98 1.864516129032258 0.8100000000000005
0.9989996665555185 0.28614157527417744 29.96 1.8516129032258064 0.8200000000000005
0.9977770367900411 0.2851445663010967 29.923333333333332 1.8451612903225807 0.8300000000000005
0.9962209625430699 0.2781655034895314 29.876666666666665 1.8 0.8400000000000005
0.9939979993331111 0.27218344965104685 29.81 1.761290322580645 0.8500000000000005
0.9906635545181727 0.26021934197407776 29.71 1.6838709677419355 0.8600000000000005
0.9857730354562632 0.24426719840478564 29.563333333333333 1.5806451612903225 0.8700000000000006
0.9792152939868846 0.22532402791625125 29.366666666666667 1.4580645161290322 0.8800000000000006
0.9706568856285428 0.2053838484546361 29.11 1.3290322580645162 0.8900000000000006
0.962543069912193 0.17647058823529413 28.866666666666667 1.1419354838709677 0.9000000000000006
0.9520951428253862 0.15254237288135594 28.553333333333335 0.9870967741935484 0.9100000000000006
0.9453151050350117 0.12761714855433698 28.35 0.8258064516129032 0.9200000000000006
0.9380904746026453 0.11665004985044865 28.133333333333333 0.7548387096774194 0.9300000000000006
0.9323107702567522 0.10468594217347957 27.96 0.6774193548387096 0.9400000000000006
0.9290874736023119 0.09970089730807577 27.863333333333333 0.6451612903225806 0.9500000000000006
0.9253084361453818 0.0967098703888335 27.75 0.6258064516129033 0.9600000000000006
0.9199733244414805 0.09571286141575275 27.59 0.6193548387096774 0.9700000000000006
0.9045237301322663 0.09571286141575275 27.126666666666665 0.6193548387096774 0.9800000000000006
0.8532844281427142 0.09571286141575275 25.59 0.6193548387096774 0.9900000000000007
0.0 0.0 0.0 0.0
