1.0 1.0 29.99 5.9 0.0
1.0 0.9601196410767697 29.99 5.6647058823529415 0.01
1.0 0.9082751744765702 29.99 5.358823529411764 0.02
1.0 0.8793619142572283 29.99 5.188235294117647 0.03
1.0 0.8624127617148555 29.99 5.088235294117647 0.04
1.0 0.847457627118644 29.99 5.0 0.05
1.0 0.8295114656031904 29.99 4.894117647058824 0.060000000000000005
1.0 0.8295114656031904 29.99 4.894117647058824 0.07
1.0 0.8195413758723828 29.99 4.8352941176470585 0.08
1.0 0.8115653040877367 29.99 4.788235294117647 0.09
1.0 0.8015952143569293 29.99 4.729411764705882 0.09999999999999999
1.0 0.7966101694915254 29.99 4.7 0.10999999999999999
1.0 0.7946161515453639 29.99 4.688235294117647 0.11999999999999998
1.0 0.7886340977068793 29.99 4.652941176470589 0.12999999999999998
1.0 0.7856430707876371 29.99 4.635294117647059 0.13999999999999999
1.0 0.7796610169491526 29.99 4.6 0.15
1.0 0.7706879361914257 29.99 4.547058823529412 0.16
1.0 0.7637088733798604 29.99 4.5058823529411764 0.17
1.0 0.748753738783649 29.99 4.41764705882353 0.18000000000000002
1.0 0.7437686939182453 29.99 4.3882352941176475 0.19000000000000003
1.0 0.7367896311066799 29.99 4.347058823529411 0.20000000000000004
1.0 0.7298105682951147 29.99 4.305882352941176 0.21000000000000005
1.0 0.7268195413758723 29.99 4.288235294117647 0.22000000000000006
1.0 0.7188434695912264 29.99 4.241176470588235 0.23000000000000007
1.0 0.7168494516450648 29.99 4.229411764705882 0.24000000000000007
1.0 0.715852442671984 29.99 4.223529411764706 0.25000000000000006
1.0 0.711864406779661 29.99 4.2 0.26000000000000006
1.0 0.7098703888334995 29.99 4.188235294117647 0.2700000000000001
1.0 0.7098703888334995 29.99 4.188235294117647 0.2800000000000001
1.0 0.7068793619142573 29.99 4.170588235294118 0.2900000000000001
1.0 0.7058823529411765 29.99 4.1647058823529415 0.3000000000000001
1.0 0.7058823529411765 29.99 4.1647058823529415 0.3100000000000001
1.0 0.7028913260219342 29.99 4.147058823529412 0.3200000000000001
1.0 0.6989032901296112 29.99 4.123529411764705 0.3300000000000001
1.0 0.6929212362911267 29.99 4.088235294117647 0.34000000000000014
1.0 0.6899302093718843 29.99 4.070588235294117 0.35000000000000014
1.0 0.6829511465603191 29.99 4.029411764705882 0.36000000000000015
1.0 0.6799601196410767 29.99 4.011764705882353 0.37000000000000016
1.0 0.6799601196410767 29.99 4.011764705882353 0.38000000000000017
1.0 0.6699900299102692 29.99 3.9529411764705884 0.3900000000000002
1.0 0.6650049850448654 29.99 3.9235294117647057 0.4000000000000002
1.0 0.6470588235294118 29.99 3.8176470588235296 0.4100000000000002
1.0 0.6400797607178464 29.99 3.776470588235294 0.4200000000000002
1.0 0.6301096709870389 29.99 3.7176470588235295 0.4300000000000002
1.0 0.6181455633100698 29.99 3.6470588235294117 0.4400000000000002
1.0 0.6111665004985045 29.99 3.6058823529411765 0.45000000000000023
1.0 0.6021934197407777 29.99 3.552941176470588 0.46000000000000024
1.0 0.5952143569292123 29.99 3.511764705882353 0.47000000000000025
1.0 0.5862412761714856 29.99 3.458823529411765 0.48000000000000026
1.0 0.580259222333001 29.99 3.4235294117647057 0.49000000000000027
1.0 0.5742771684945165 29.99 3.388235294117647 0.5000000000000002
1.0 0.5682951146560319 29.99 3.3529411764705883 0.5100000000000002
1.0 0.5663010967098704 29.99 3.3411764705882354 0.5200000000000002
1.0 0.5623130608175474 29.99 3.3176470588235296 0.5300000000000002
1.0 0.559322033898305 29.99 3.3 0.5400000000000003
1.0 0.5563310069790628 29.99 3.2823529411764705 0.5500000000000003
1.0 0.555333998005982 29.99 3.276470588235294 0.5600000000000003
1.0 0.555333998005982 29.99 3.276470588235294 0.5700000000000003
1.0 0.551345962113659 29.99 3.2529411764705882 0.5800000000000003
1.0 0.5493519441674976 29.99 3.2411764705882353 0.5900000000000003
1.0 0.5483549351944168 29.99 3.235294117647059 0.6000000000000003
1.0 0.5453639082751744 29.99 3.2176470588235295 0.6100000000000003
1.0 0.5413758723828515 29.99 3.1941176470588237 0.6200000000000003
1.0 0.5383848454636092 29.99 3.176470588235294 0.6300000000000003
1.0 0.5363908275174477 29.99 3.164705882352941 0.6400000000000003
1.0 0.5324027916251246 29.99 3.1411764705882352 0.6500000000000004
1.0 0.522432701894317 29.99 3.0823529411764707 0.6600000000000004
1.0 0.5174476570289133 29.99 3.052941176470588 0.6700000000000004
1.0 0.5074775672981057 29.99 2.9941176470588236 0.6800000000000004
1.0 0.4885343968095713 29.99 2.8823529411764706 0.6900000000000004
1.0 0.4745762711864407 29.99 2.8 0.7000000000000004
1.0 0.4626121635094716 29.99 2.7294117647058824 0.7100000000000004
1.0 0.4406779661016949 29.99 2.6 0.7200000000000004
1.0 0.4267198404785643 29.99 2.5176470588235293 0.7300000000000004
1.0 0.4127617148554337 29.99 2.4352941176470586 0.7400000000000004
1.0 0.39780658025922233 29.99 2.347058823529412 0.7500000000000004
1.0 0.38883349950149554 29.99 2.2941176470588234 0.7600000000000005
1.0 0.3778664007976072 29.99 2.2294117647058824 0.7700000000000005
0.9997777036790041 0.3678963110667996 29.983333333333334 2.1705882352941175 0.7800000000000005
0.9996665555185061 0.3589232303090728 29.98 2.1176470588235294 0.7900000000000005
0.9995554073580082 0.35493519441674976 29.976666666666667 2.0941176470588236 0.8000000000000005
0.9992219628765144 0.34995014955134596 29.966666666666665 2.0647058823529414 0.8100000000000005
0.9987773702345226 0.34297108673978066 29.953333333333333 2.023529411764706 0.8200000000000005
0.9978881849505391 0.3349950149551346 29.926666666666666 1.9764705882352942 0.8300000000000005
0.995887518061576 0.3270189431704885 29.866666666666667 1.9294117647058824 0.8400000000000005
0.992108480604646 0.325024925224327 29.753333333333334 1.9176470588235295 0.8500000000000005
0.9874402578637324 0.29810568295114653 29.613333333333333 1.7588235294117647 0.8600000000000005
0.980215627431366 0.2831505483549352 29.39666666666667 1.6705882352941177 0.8700000000000006
0.970434589307547 0.25623130608175476 29.10333333333333 1.511764705882353 0.8800000000000006
0.9590974769367567 0.2333000997008973 28.763333333333332 1.3764705882352941 0.8900000000000006
0.9437590307880405 0.19740777666999004 28.303333333333335 1.1647058823529413 0.9000000000000006
0.9293097699233077 0.15553339980059822 27.87 0.9176470588235294 0.9100000000000006
0.9166388796265422 0.12362911266201396 27.49 0.7294117647058823 0.9200000000000006
0.9073024341447149 0.10867397806580259 27.21 0.6411764705882353 0.9300000000000006
0.8979659886628877 0.1016949152542373 26.93 0.6 0.9400000000000006
0.8904079137490275 0.09770687936191426 26.703333333333333 0.5764705882352941 0.9500000000000006
0.8808491719462043 0.09371884346959122 26.416666666666668 0.5529411764705883 0.9600000000000006
0.8685117261309325 0.09371884346959122 26.046666666666667 0.5529411764705883 0.9700000000000006
0.8445037234633767 0.09371884346959122 25.326666666666668 0.5529411764705883 0.9800000000000006
0.7781482716461042 0.09371884346959122 23.336666666666666 0.5529411764705883 0.9900000000000007
0.0 0.0 0.0 0.0
