1.0 1.0 14.995 35.82142857142857 0.0
1.0 0.8943170488534397 14.995 32.035714285714285 0.01
1.0 0.7976071784646062 14.995 28.571428571428573 0.02
1.0 0.7407776669990029 14.995 26.535714285714285 0.03
1.0 0.7108673978065803 14.995 25.464285714285715 0.04
1.0 0.6929212362911267 14.995 24.821428571428573 0.05
1.0 0.6610169491525424 14.995 23.678571428571427 0.060000000000000005
1.0 0.6610169491525424 14.995 23.678571428571427 0.07
1.0 0.6450648055832503 14.995 23.107142857142858 0.08
1.0 0.6311066799601196 14.995 22.607142857142858 0.09
1.0 0.6181455633100698 14.995 22.142857142857142 0.09999999999999999
1.0 0.609172482552343 14.995 21.821428571428573 0.10999999999999999
1.0 0.5982053838484547 14.995 21.428571428571427 0.11999999999999998
1.0 0.5932203389830508 14.995 21.25 0.12999999999999998
1.0 0.5872382851445663 14.995 21.035714285714285 0.13999999999999999
1.0 0.5752741774675972 14.995 20.607142857142858 0.15
1.0 0.5692921236291126 14.995 20.392857142857142 0.16
1.0 0.5623130608175474 14.995 20.142857142857142 0.17
1.0 0.551345962113659 14.995 19.75 0.18000000000000002
1.0 0.5453639082751744 14.995 19.535714285714285 0.19000000000000003
1.0 0.5353938185443669 14.995 19.178571428571427 0.20000000000000004
1.0 0.5284147557328016 14.995 18.928571428571427 0.21000000000000005
1.0 0.522432701894317 14.995 18.714285714285715 0.22000000000000006
1.0 0.5134596211365903 14.995 18.392857142857142 0.23000000000000007
1.0 0.5114656031904287 14.995 18.321428571428573 0.24000000000000007
1.0 0.5044865403788634 14.995 18.071428571428573 0.25000000000000006
1.0 0.5004985044865404 14.995 17.928571428571427 0.26000000000000006
1.0 0.4945164506480558 14.995 17.714285714285715 0.2700000000000001
1.0 0.4915254237288136 14.995 17.607142857142858 0.2800000000000001
1.0 0.48953140578265203 14.995 17.535714285714285 0.2900000000000001
1.0 0.48454636091724823 14.995 17.357142857142858 0.3000000000000001
1.0 0.4785643070787637 14.995 17.142857142857142 0.3100000000000001
1.0 0.4785643070787637 14.995 17.142857142857142 0.3200000000000001
1.0 0.4745762711864407 14.995 17.0 0.3300000000000001
1.0 0.47058823529411764 14.995 16.857142857142858 0.34000000000000014
1.0 0.4695912263210369 14.995 16.821428571428573 0.35000000000000014
1.0 0.4666001994017946 14.995 16.714285714285715 0.36000000000000015
1.0 0.46560319042871384 14.995 16.678571428571427 0.37000000000000016
1.0 0.46560319042871384 14.995 16.678571428571427 0.38000000000000017
1.0 0.46560319042871384 14.995 16.678571428571427 0.3900000000000002
1.0 0.46161515453639085 14.995 16.535714285714285 0.4000000000000002
1.0 0.45363908275174475 14.995 16.25 0.4100000000000002
1.0 0.45164506480558325 14.995 16.178571428571427 0.4200000000000002
1.0 0.4476570289132602 14.995 16.035714285714285 0.4300000000000002
1.0 0.4436689930209372 14.995 15.892857142857142 0.4400000000000002
1.0 0.43768693918245266 14.995 15.678571428571429 0.45000000000000023
1.0 0.42971086739780656 14.995 15.392857142857142 0.46000000000000024
1.0 0.42572283150548357 14.995 15.25 0.47000000000000025
1.0 0.4147557328015952 14.995 14.857142857142858 0.48000000000000026
1.0 0.4097706879361914 14.995 14.678571428571429 0.49000000000000027
1.0 0.4067796610169492 14.995 14.571428571428571 0.5000000000000002
1.0 0.4017946161515454 14.995 14.392857142857142 0.5100000000000002
1.0 0.39780658025922233 14.995 14.25 0.5200000000000002
1.0 0.38783649052841473 14.995 13.892857142857142 0.5300000000000002
1.0 0.3818544366899302 14.995 13.678571428571429 0.5400000000000003
1.0 0.3778664007976072 14.995 13.535714285714286 0.5500000000000003
1.0 0.37686939182452645 14.995 13.5 0.5600000000000003
1.0 0.37188434695912265 14.995 13.321428571428571 0.5700000000000003
1.0 0.3708873379860419 14.995 13.285714285714286 0.5800000000000003
1.0 0.36889332003988035 14.995 13.214285714285714 0.5900000000000003
1.0 0.3678963110667996 14.995 13.178571428571429 0.6000000000000003
1.0 0.36390827517447655 14.995 13.035714285714286 0.6100000000000003
1.0 0.357926221335992 14.995 12.821428571428571 0.6200000000000003
1.0 0.35194416749750745 14.995 12.607142857142858 0.6300000000000003
1.0 0.3489531405782652 14.995 12.5 0.6400000000000003
1.0 0.3469591226321037 14.995 12.428571428571429 0.6500000000000004
1.0 0.34297108673978066 14.995 12.285714285714286 0.6600000000000004
1.0 0.33599202392821537 14.995 12.035714285714286 0.6700000000000004
1.0 0.3320039880358923 14.995 11.892857142857142 0.6800000000000004
1.0 0.32801595214356927 14.995 11.75 0.6900000000000004
1.0 0.3200398803589232 14.995 11.464285714285714 0.7000000000000004
1.0 0.3150548354935194 14.995 11.285714285714286 0.7100000000000004
1.0 0.3090727816550349 14.995 11.071428571428571 0.7200000000000004
1.0 0.29910269192422734 14.995 10.714285714285714 0.7300000000000004
1.0 0.29112662013958124 14.995 10.428571428571429 0.7400000000000004
1.0 0.2781655034895314 14.995 9.964285714285714 0.7500000000000004
1.0 0.2711864406779661 14.995 9.714285714285714 0.7600000000000005
1.0 0.2622133599202393 14.995 9.392857142857142 0.7700000000000005
1.0 0.25324027916251246 14.995 9.071428571428571 0.7800000000000005
1.0 0.2472582253240279 14.995 8.857142857142858 0.7900000000000005
1.0 0.2472582253240279 14.995 8.857142857142858 0.8000000000000005
1.0 0.24426719840478564 14.995 8.75 0.8100000000000005
0.999888851839502 0.2432701894317049 14.993333333333334 8.714285714285714 0.8200000000000005
0.999888851839502 0.23928215353938184 14.993333333333334 8.571428571428571 0.8300000000000005
0.999888851839502 0.23629112662013957 14.993333333333334 8.464285714285714 0.8400000000000005
0.9995554073580082 0.23230309072781655 14.988333333333333 8.321428571428571 0.8500000000000005
0.9993331110370124 0.226321036889332 14.985 8.107142857142858 0.8600000000000005
0.9989996665555185 0.22033898305084745 14.98 7.892857142857143 0.8700000000000006
0.9979993331110371 0.21734795613160518 14.965 7.785714285714286 0.8800000000000006
0.9967767033455597 0.21136590229312063 14.946666666666667 7.571428571428571 0.8900000000000006
0.9954429254195843 0.19740777666999004 14.926666666666666 7.071428571428571 0.9000000000000006
0.9938868511726131 0.19042871385842472 14.903333333333334 6.821428571428571 0.9100000000000006
0.9934422585306213 0.18045862412761715 14.896666666666667 6.464285714285714 0.9200000000000006
0.9924419250861398 0.16849451645064806 14.881666666666666 6.035714285714286 0.9300000000000006
0.9914415916416583 0.1575274177467597 14.866666666666667 5.642857142857143 0.9400000000000006
0.9907747026786706 0.14556331006979062 14.856666666666667 5.214285714285714 0.9500000000000006
0.9898855173946871 0.13260219341974078 14.843333333333334 4.75 0.9600000000000006
0.9886628876292097 0.11365902293120637 14.825 4.071428571428571 0.9700000000000006
0.9835500722463043 0.09172482552342971 14.748333333333333 3.2857142857142856 0.9800000000000006
0.9695454040235634 0.06679960119641076 14.538333333333334 2.392857142857143 0.9900000000000007
0.0 0.0 0.0 0.0
