1.0 1.0 29.99 200.6 0.0
1.0 0.9571286141575274 29.99 192.0 0.01
1.0 0.9162512462612163 29.99 183.8 0.02
1.0 0.8893320039880359 29.99 178.4 0.03
1.0 0.872382851445663 29.99 175.0 0.04
1.0 0.8604187437686939 29.99 172.6 0.05
1.0 0.8384845463609173 29.99 168.2 0.060000000000000005
1.0 0.8384845463609173 29.99 168.2 0.07
1.0 0.8285144566301097 29.99 166.2 0.08
1.0 0.8185443668993021 29.99 164.2 0.09
1.0 0.8115653040877367 29.99 162.8 0.09999999999999999
1.0 0.8075772681954138 29.99 162.0 0.10999999999999999
1.0 0.8015952143569293 29.99 160.8 0.11999999999999998
1.0 0.7956131605184447 29.99 159.6 0.12999999999999998
1.0 0.7936191425722832 29.99 159.2 0.13999999999999999
1.0 0.7836490528414756 29.99 157.2 0.15
1.0 0.7746759720837487 29.99 155.4 0.16
1.0 0.7676969092721835 29.99 154.0 0.17
1.0 0.748753738783649 29.99 150.2 0.18000000000000002
1.0 0.7377866400797607 29.99 148.0 0.19000000000000003
1.0 0.7298105682951147 29.99 146.4 0.20000000000000004
1.0 0.711864406779661 29.99 142.8 0.21000000000000005
1.0 0.7068793619142573 29.99 141.8 0.22000000000000006
1.0 0.7028913260219342 29.99 141.0 0.23000000000000007
1.0 0.6979062811565304 29.99 140.0 0.24000000000000007
1.0 0.6949152542372882 29.99 139.4 0.25000000000000006
1.0 0.6919242273180458 29.99 138.8 0.26000000000000006
1.0 0.6909272183449651 29.99 138.6 0.2700000000000001
1.0 0.6889332003988036 29.99 138.2 0.2800000000000001
1.0 0.6879361914257228 29.99 138.0 0.2900000000000001
1.0 0.6869391824526421 29.99 137.8 0.3000000000000001
1.0 0.6849451645064806 29.99 137.4 0.3100000000000001
1.0 0.6819541375872383 29.99 136.8 0.3200000000000001
1.0 0.6799601196410767 29.99 136.4 0.3300000000000001
1.0 0.6769690927218345 29.99 135.8 0.34000000000000014
1.0 0.6729810568295115 29.99 135.0 0.35000000000000014
1.0 0.6669990029910269 29.99 133.8 0.36000000000000015
1.0 0.6570289132602194 29.99 131.8 0.37000000000000016
1.0 0.6480558325024925 29.99 130.0 0.38000000000000017
1.0 0.6410767696909272 29.99 128.6 0.3900000000000002
1.0 0.6311066799601196 29.99 126.6 0.4000000000000002
1.0 0.6201395812562313 29.99 124.4 0.4100000000000002
1.0 0.609172482552343 29.99 122.2 0.4200000000000002
1.0 0.6021934197407777 29.99 120.8 0.4300000000000002
1.0 0.5882352941176471 29.99 118.0 0.4400000000000002
1.0 0.5752741774675972 29.99 115.4 0.45000000000000023
1.0 0.5623130608175474 29.99 112.8 0.46000000000000024
1.0 0.5463609172482552 29.99 109.6 0.47000000000000025
1.0 0.5363908275174477 29.99 107.6 0.48000000000000026
1.0 0.5284147557328016 29.99 106.0 0.49000000000000027
1.0 0.5264207377866401 29.99 105.6 0.5000000000000002
1.0 0.5234297108673978 29.99 105.0 0.5100000000000002
1.0 0.518444666001994 29.99 104.0 0.5200000000000002
1.0 0.514456630109671 29.99 103.2 0.5300000000000002
1.0 0.5114656031904287 29.99 102.6 0.5400000000000003
1.0 0.5054835493519442 29.99 101.4 0.5500000000000003
1.0 0.5004985044865404 29.99 100.4 0.5600000000000003
1.0 0.4955134596211366 29.99 99.4 0.5700000000000003
1.0 0.4935194416749751 29.99 99.0 0.5800000000000003
1.0 0.4915254237288136 29.99 98.6 0.5900000000000003
1.0 0.4905284147557328 29.99 98.4 0.6000000000000003
1.0 0.4865403788634098 29.99 97.6 0.6100000000000003
1.0 0.4835493519441675 29.99 97.0 0.6200000000000003
1.0 0.4795613160518445 29.99 96.2 0.6300000000000003
1.0 0.4765702891326022 29.99 95.6 0.6400000000000003
1.0 0.4715852442671984 29.99 94.6 0.6500000000000004
1.0 0.4596211365902293 29.99 92.2 0.6600000000000004
1.0 0.4436689930209372 29.99 89.0 0.6700000000000004
1.0 0.43270189431704886 29.99 86.8 0.6800000000000004
1.0 0.41575274177467597 29.99 83.4 0.6900000000000004
1.0 0.40279162512462613 29.99 80.8 0.7000000000000004
1.0 0.3818544366899302 29.99 76.6 0.7100000000000004
1.0 0.3469591226321037 29.99 69.6 0.7200000000000004
1.0 0.3300099700897308 29.99 66.2 0.7300000000000004
1.0 0.3100697906281156 29.99 62.2 0.7400000000000004
1.0 0.28913260219341974 29.99 58.0 0.7500000000000004
0.999888851839502 0.26719840478564305 29.986666666666668 53.6 0.7600000000000005
0.999888851839502 0.2502492522432702 29.986666666666668 50.2 0.7700000000000005
0.999888851839502 0.2333000997008973 29.986666666666668 46.8 0.7800000000000005
0.999888851839502 0.22532402791625125 29.986666666666668 45.2 0.7900000000000005
0.999888851839502 0.2143569292123629 29.986666666666668 43.0 0.8000000000000005
0.9997777036790041 0.2023928215353938 29.983333333333334 40.6 0.8100000000000005
0.9988885183950206 0.19641076769690927 29.956666666666667 39.4 0.8200000000000005
0.9979993331110371 0.18843469591226322 29.93 37.8 0.8300000000000005
0.9963321107035679 0.18444666001994017 29.88 37.0 0.8400000000000005
0.9943314438146049 0.1794616151545364 29.82 36.0 0.8500000000000005
0.9905524063576748 0.1585244267198405 29.706666666666667 31.8 0.8600000000000005
0.9825497388018228 0.14556331006979062 29.466666666666665 29.2 0.8700000000000006
0.9742136267644771 0.12662013958125623 29.216666666666665 25.4 0.8800000000000006
0.9659886628876292 0.10468594217347957 28.97 21.0 0.8900000000000006
0.954429254195843 0.07577268195413758 28.623333333333335 15.2 0.9000000000000006
0.9452039568745138 0.0518444666001994 28.346666666666668 10.4 0.9100000000000006
0.9356452150716905 0.03589232303090728 28.06 7.2 0.9200000000000006
0.9276425475158386 0.010967098703888335 27.82 2.2 0.9300000000000006
0.9203067689229744 0.004985044865403789 27.6 1.0 0.9400000000000006
0.9147493608980771 0.0029910269192422734 27.433333333333334 0.6 0.9500000000000006
0.9096365455151717 0.0 27.28 0.0 0.9600000000000006
0.8990774702678671 0.0 26.963333333333335 0.0 0.9700000000000006
0.8785150605757475 0.0 26.346666666666668 0.0 0.9800000000000006
0.8159386462154051 0.0 24.47 0.0 0.9900000000000007
0.0 0.0 0.0 0.0
