1.0 1.0 12.852857142857143 22.288888888888888 0.0
1.0 0.8693918245264207 12.852857142857143 19.377777777777776 0.01
1.0 0.7367896311066799 12.852857142857143 16.42222222222222 0.02
1.0 0.6959122632103689 12.852857142857143 15.511111111111111 0.03
1.0 0.6660019940179461 12.852857142857143 14.844444444444445 0.04
1.0 0.6420737786640079 12.852857142857143 14.311111111111112 0.05
1.0 0.613160518444666 12.852857142857143 13.666666666666666 0.060000000000000005
1.0 0.613160518444666 12.852857142857143 13.666666666666666 0.07
1.0 0.5982053838484547 12.852857142857143 13.333333333333334 0.08
1.0 0.5882352941176471 12.852857142857143 13.11111111111111 0.09
1.0 0.5732801595214357 12.852857142857143 12.777777777777779 0.09999999999999999
1.0 0.5643070787637089 12.852857142857143 12.577777777777778 0.10999999999999999
1.0 0.559322033898305 12.852857142857143 12.466666666666667 0.11999999999999998
1.0 0.5493519441674976 12.852857142857143 12.244444444444444 0.12999999999999998
1.0 0.5423728813559322 12.852857142857143 12.088888888888889 0.13999999999999999
1.0 0.5304087736789631 12.852857142857143 11.822222222222223 0.15
1.0 0.5274177467597209 12.852857142857143 11.755555555555556 0.16
1.0 0.5194416749750748 12.852857142857143 11.577777777777778 0.17
1.0 0.5094715852442672 12.852857142857143 11.355555555555556 0.18000000000000002
1.0 0.5044865403788634 12.852857142857143 11.244444444444444 0.19000000000000003
1.0 0.4985044865403789 12.852857142857143 11.11111111111111 0.20000000000000004
1.0 0.4945164506480558 12.852857142857143 11.022222222222222 0.21000000000000005
1.0 0.4835493519441675 12.852857142857143 10.777777777777779 0.22000000000000006
1.0 0.4765702891326022 12.852857142857143 10.622222222222222 0.23000000000000007
1.0 0.4675972083748754 12.852857142857143 10.422222222222222 0.24000000000000007
1.0 0.4626121635094716 12.852857142857143 10.311111111111112 0.25000000000000006
1.0 0.46061814556331004 12.852857142857143 10.266666666666667 0.26000000000000006
1.0 0.45663010967098705 12.852857142857143 10.177777777777777 0.2700000000000001
1.0 0.4546360917248255 12.852857142857143 10.133333333333333 0.2800000000000001
1.0 0.4546360917248255 12.852857142857143 10.133333333333333 0.2900000000000001
1.0 0.4546360917248255 12.852857142857143 10.133333333333333 0.3000000000000001
1.0 0.44466600199401796 12.852857142857143 9.911111111111111 0.3100000000000001
1.0 0.4386839481555334 12.852857142857143 9.777777777777779 0.3200000000000001
1.0 0.43668993020937186 12.852857142857143 9.733333333333333 0.3300000000000001
1.0 0.43270189431704886 12.852857142857143 9.644444444444444 0.34000000000000014
1.0 0.42971086739780656 12.852857142857143 9.577777777777778 0.35000000000000014
1.0 0.42572283150548357 12.852857142857143 9.488888888888889 0.36000000000000015
1.0 0.4247258225324028 12.852857142857143 9.466666666666667 0.37000000000000016
1.0 0.4217347956131605 12.852857142857143 9.4 0.38000000000000017
1.0 0.4167497507477567 12.852857142857143 9.28888888888889 0.3900000000000002
1.0 0.4127617148554337 12.852857142857143 9.2 0.4000000000000002
1.0 0.39980059820538383 12.852857142857143 8.911111111111111 0.4100000000000002
1.0 0.39780658025922233 12.852857142857143 8.866666666666667 0.4200000000000002
1.0 0.3948155533399801 12.852857142857143 8.8 0.4300000000000002
1.0 0.39082751744765704 12.852857142857143 8.71111111111111 0.4400000000000002
1.0 0.38584247258225324 12.852857142857143 8.6 0.45000000000000023
1.0 0.3798604187437687 12.852857142857143 8.466666666666667 0.46000000000000024
1.0 0.3728813559322034 12.852857142857143 8.311111111111112 0.47000000000000025
1.0 0.3708873379860419 12.852857142857143 8.266666666666667 0.48000000000000026
1.0 0.3659022931206381 12.852857142857143 8.155555555555555 0.49000000000000027
1.0 0.3629112662013958 12.852857142857143 8.088888888888889 0.5000000000000002
1.0 0.353938185443669 12.852857142857143 7.888888888888889 0.5100000000000002
1.0 0.35294117647058826 12.852857142857143 7.866666666666666 0.5200000000000002
1.0 0.35194416749750745 12.852857142857143 7.844444444444444 0.5300000000000002
1.0 0.3489531405782652 12.852857142857143 7.777777777777778 0.5400000000000003
1.0 0.3469591226321037 12.852857142857143 7.733333333333333 0.5500000000000003
1.0 0.34496510468594216 12.852857142857143 7.688888888888889 0.5600000000000003
1.0 0.33798604187437686 12.852857142857143 7.533333333333333 0.5700000000000003
1.0 0.33599202392821537 12.852857142857143 7.488888888888889 0.5800000000000003
1.0 0.33300099700897307 12.852857142857143 7.4222222222222225 0.5900000000000003
1.0 0.33100697906281157 12.852857142857143 7.377777777777778 0.6000000000000003
1.0 0.32901296111665007 12.852857142857143 7.333333333333333 0.6100000000000003
1.0 0.325024925224327 12.852857142857143 7.2444444444444445 0.6200000000000003
1.0 0.3240279162512463 12.852857142857143 7.222222222222222 0.6300000000000003
1.0 0.3230309072781655 12.852857142857143 7.2 0.6400000000000003
1.0 0.3220338983050847 12.852857142857143 7.177777777777778 0.6500000000000004
1.0 0.317048853439681 12.852857142857143 7.066666666666666 0.6600000000000004
1.0 0.31306081754735793 12.852857142857143 6.977777777777778 0.6700000000000004
1.0 0.3090727816550349 12.852857142857143 6.888888888888889 0.6800000000000004
1.0 0.3040877367896311 12.852857142857143 6.777777777777778 0.6900000000000004
1.0 0.30109670987038883 12.852857142857143 6.711111111111111 0.7000000000000004
1.0 0.3000997008973081 12.852857142857143 6.688888888888889 0.7100000000000004
1.0 0.292123629112662 12.852857142857143 6.511111111111111 0.7200000000000004
1.0 0.28913260219341974 12.852857142857143 6.444444444444445 0.7300000000000004
1.0 0.28713858424725824 12.852857142857143 6.4 0.7400000000000004
1.0 0.28414755732801594 12.852857142857143 6.333333333333333 0.7500000000000004
1.0 0.27716849451645065 12.852857142857143 6.177777777777778 0.7600000000000005
1.0 0.26819541375872386 12.852857142857143 5.977777777777778 0.7700000000000005
1.0 0.2642073778664008 12.852857142857143 5.888888888888889 0.7800000000000005
1.0 0.25523429710867396 12.852857142857143 5.688888888888889 0.7900000000000005
1.0 0.2522432701894317 12.852857142857143 5.622222222222222 0.8000000000000005
1.0 0.2502492522432702 12.852857142857143 5.5777777777777775 0.8100000000000005
1.0 0.24825523429710866 12.852857142857143 5.533333333333333 0.8200000000000005
1.0 0.24227318045862412 12.852857142857143 5.4 0.8300000000000005
1.0 0.23529411764705882 12.852857142857143 5.2444444444444445 0.8400000000000005
0.999888851839502 0.23030907278165502 12.851428571428572 5.133333333333334 0.8500000000000005
0.999888851839502 0.226321036889332 12.851428571428572 5.044444444444444 0.8600000000000005
0.999888851839502 0.2193419740777667 12.851428571428572 4.888888888888889 0.8700000000000006
0.9997777036790041 0.2123629112662014 12.85 4.733333333333333 0.8800000000000006
0.9994442591975102 0.2053838484546361 12.845714285714285 4.5777777777777775 0.8900000000000006
0.9994442591975102 0.19940179461615154 12.845714285714285 4.444444444444445 0.9000000000000006
0.9991108147160165 0.1864406779661017 12.84142857142857 4.155555555555556 0.9100000000000006
0.9988885183950206 0.17746759720837488 12.838571428571429 3.9555555555555557 0.9200000000000006
0.9986662220740247 0.16650049850448653 12.835714285714285 3.7111111111111112 0.9300000000000006
0.9982216294320329 0.15553339980059822 12.83 3.466666666666667 0.9400000000000006
0.998110481271535 0.14556331006979062 12.82857142857143 3.2444444444444445 0.9500000000000006
0.9976658886295432 0.1296111665004985 12.822857142857142 2.888888888888889 0.9600000000000006
0.9971101478270534 0.11365902293120637 12.815714285714286 2.533333333333333 0.9700000000000006
0.9953317772590864 0.09870388833499502 12.792857142857143 2.2 0.9800000000000006
0.9885517394687118 0.07278165503489531 12.705714285714286 1.6222222222222222 0.9900000000000007
0.0 0.0 0.0 0.0
