1.0 1.0 89.97 2.539240506329114 0.0
1.0 0.996011964107677 89.97 2.529113924050633 0.01
1.0 0.9850448654037887 89.97 2.50126582278481 0.02
1.0 0.9810568295114656 89.97 2.491139240506329 0.03
1.0 0.9750747756729811 89.97 2.4759493670886075 0.04
1.0 0.9730807577268196 89.97 2.470886075949367 0.05
1.0 0.9621136590229312 89.97 2.4430379746835444 0.060000000000000005
1.0 0.9621136590229312 89.97 2.4430379746835444 0.07
1.0 0.9621136590229312 89.97 2.4430379746835444 0.08
1.0 0.9611166500498505 89.97 2.440506329113924 0.09
1.0 0.9571286141575274 89.97 2.430379746835443 0.09999999999999999
1.0 0.9571286141575274 89.97 2.430379746835443 0.10999999999999999
1.0 0.9561316051844466 89.97 2.427848101265823 0.11999999999999998
1.0 0.9551345962113659 89.97 2.4253164556962026 0.12999999999999998
1.0 0.9551345962113659 89.97 2.4253164556962026 0.13999999999999999
1.0 0.9531405782652044 89.97 2.420253164556962 0.15
1.0 0.9521435692921236 89.97 2.4177215189873418 0.16
1.0 0.9481555333998006 89.97 2.4075949367088607 0.17
1.0 0.942173479561316 89.97 2.392405063291139 0.18000000000000002
1.0 0.9401794616151545 89.97 2.3873417721518986 0.19000000000000003
1.0 0.938185443668993 89.97 2.382278481012658 0.20000000000000004
1.0 0.9361914257228315 89.97 2.3772151898734175 0.21000000000000005
1.0 0.9361914257228315 89.97 2.3772151898734175 0.22000000000000006
1.0 0.93419740777667 89.97 2.3721518987341774 0.23000000000000007
1.0 0.9312063808574277 89.97 2.3645569620253166 0.24000000000000007
1.0 0.9312063808574277 89.97 2.3645569620253166 0.25000000000000006
1.0 0.9312063808574277 89.97 2.3645569620253166 0.26000000000000006
1.0 0.9302093718843469 89.97 2.3620253164556964 0.2700000000000001
1.0 0.9302093718843469 89.97 2.3620253164556964 0.2800000000000001
1.0 0.9302093718843469 89.97 2.3620253164556964 0.2900000000000001
1.0 0.9292123629112662 89.97 2.359493670886076 0.3000000000000001
1.0 0.9292123629112662 89.97 2.359493670886076 0.3100000000000001
1.0 0.9292123629112662 89.97 2.359493670886076 0.3200000000000001
1.0 0.9292123629112662 89.97 2.359493670886076 0.3300000000000001
1.0 0.9292123629112662 89.97 2.359493670886076 0.34000000000000014
1.0 0.9282153539381854 89.97 2.356962025316456 0.35000000000000014
1.0 0.9272183449651047 89.97 2.3544303797468356 0.36000000000000015
1.0 0.9262213359920239 89.97 2.3518987341772153 0.37000000000000016
1.0 0.922233300099701 89.97 2.3417721518987342 0.38000000000000017
1.0 0.9192422731804586 89.97 2.3341772151898734 0.3900000000000002
1.0 0.9122632103688934 89.97 2.3164556962025316 0.4000000000000002
1.0 0.9072781655034895 89.97 2.3037974683544302 0.4100000000000002
1.0 0.9022931206380858 89.97 2.2911392405063293 0.4200000000000002
1.0 0.8993020937188435 89.97 2.2835443037974685 0.4300000000000002
1.0 0.8943170488534397 89.97 2.270886075949367 0.4400000000000002
1.0 0.8873379860418744 89.97 2.2531645569620253 0.45000000000000023
1.0 0.8813559322033898 89.97 2.2379746835443037 0.46000000000000024
1.0 0.8763708873379861 89.97 2.2253164556962024 0.47000000000000025
1.0 0.8713858424725822 89.97 2.212658227848101 0.48000000000000026
1.0 0.8713858424725822 89.97 2.212658227848101 0.49000000000000027
1.0 0.86839481555334 89.97 2.2050632911392407 0.5000000000000002
1.0 0.8673978065802592 89.97 2.2025316455696204 0.5100000000000002
1.0 0.8654037886340977 89.97 2.19746835443038 0.5200000000000002
1.0 0.8624127617148555 89.97 2.189873417721519 0.5300000000000002
1.0 0.8624127617148555 89.97 2.189873417721519 0.5400000000000003
1.0 0.8604187437686939 89.97 2.1848101265822786 0.5500000000000003
1.0 0.8594217347956131 89.97 2.1822784810126583 0.5600000000000003
1.0 0.8594217347956131 89.97 2.1822784810126583 0.5700000000000003
1.0 0.8594217347956131 89.97 2.1822784810126583 0.5800000000000003
1.0 0.8574277168494516 89.97 2.1772151898734178 0.5900000000000003
1.0 0.8564307078763709 89.97 2.1746835443037975 0.6000000000000003
1.0 0.8554336989032901 89.97 2.1721518987341772 0.6100000000000003
1.0 0.8544366899302094 89.97 2.169620253164557 0.6200000000000003
1.0 0.8524426719840479 89.97 2.1645569620253164 0.6300000000000003
1.0 0.8464606181455633 89.97 2.149367088607595 0.6400000000000003
1.0 0.843469591226321 89.97 2.141772151898734 0.6500000000000004
1.0 0.8334995014955134 89.97 2.116455696202532 0.6600000000000004
1.0 0.8215353938185443 89.97 2.0860759493670886 0.6700000000000004
1.0 0.8095712861415753 89.97 2.0556962025316454 0.6800000000000004
1.0 0.7986041874376869 89.97 2.027848101265823 0.6900000000000004
1.0 0.7896311066799602 89.97 2.0050632911392405 0.7000000000000004
1.0 0.7726819541375872 89.97 1.9620253164556962 0.7100000000000004
1.0 0.752741774675972 89.97 1.9113924050632911 0.7200000000000004
1.0 0.7288135593220338 89.97 1.8506329113924052 0.7300000000000004
1.0 0.7058823529411765 89.97 1.7924050632911392 0.7400000000000004
1.0 0.6899302093718843 89.97 1.7518987341772152 0.7500000000000004
1.0 0.6630109670987039 89.97 1.6835443037974684 0.7600000000000005
1.0 0.6450648055832503 89.97 1.6379746835443039 0.7700000000000005
0.9997777036790041 0.6291126620139581 89.95 1.5974683544303798 0.7800000000000005
0.9994442591975102 0.617148554336989 89.92 1.5670886075949366 0.7900000000000005
0.9991108147160165 0.6071784646061814 89.89 1.5417721518987342 0.8000000000000005
0.9979993331110371 0.6021934197407777 89.79 1.5291139240506328 0.8100000000000005
0.9957763699010781 0.6001994017946162 89.59 1.5240506329113923 0.8200000000000005
0.9925530732466378 0.5872382851445663 89.3 1.491139240506329 0.8300000000000005
0.9851061464932755 0.5722831505483549 88.63 1.4531645569620253 0.8400000000000005
0.9717683672335223 0.5623130608175474 87.43 1.4278481012658228 0.8500000000000005
0.9514282538623986 0.5174476570289133 85.6 1.3139240506329113 0.8600000000000005
0.9223074358119373 0.4715852442671984 82.98 1.1974683544303797 0.8700000000000006
0.8829609869956653 0.42273180458624127 79.44 1.0734177215189873 0.8800000000000006
0.8331666110925864 0.3728813559322034 74.96 0.9468354430379747 0.8900000000000006
0.782594198066022 0.2971086739780658 70.41 0.7544303797468355 0.9000000000000006
0.7280204512615316 0.2213359920239282 65.5 0.5620253164556962 0.9100000000000006
0.6831165944203623 0.1575274177467597 61.46 0.4 0.9200000000000006
0.6493275536289874 0.09970089730807577 58.42 0.25316455696202533 0.9300000000000006
0.6163165499610982 0.07876370887337986 55.45 0.2 0.9400000000000006
0.5954206957874847 0.06181455633100698 53.57 0.1569620253164557 0.9500000000000006
0.577192397465822 0.05284147557328016 51.93 0.1341772151898734 0.9600000000000006
0.5586306546626654 0.049850448654037885 50.26 0.12658227848101267 0.9700000000000006
0.5203956874513727 0.049850448654037885 46.82 0.12658227848101267 0.9800000000000006
0.4185839724352562 0.049850448654037885 37.66 0.12658227848101267 0.9900000000000007
0.0 0.0 0.0 0.0
