1.0 1.0 14.995 22.288888888888888 0.0
1.0 0.810568295114656 14.995 18.066666666666666 0.01
1.0 0.6909272183449651 14.995 15.4 0.02
1.0 0.6510468594217348 14.995 14.511111111111111 0.03
1.0 0.613160518444666 14.995 13.666666666666666 0.04
1.0 0.5782652043868395 14.995 12.88888888888889 0.05
1.0 0.5324027916251246 14.995 11.866666666666667 0.060000000000000005
1.0 0.5324027916251246 14.995 11.866666666666667 0.07
1.0 0.5124626121635095 14.995 11.422222222222222 0.08
0.999888851839502 0.4965104685942173 14.993333333333334 11.066666666666666 0.09
0.999888851839502 0.48454636091724823 14.993333333333334 10.8 0.09999999999999999
0.999888851839502 0.47258225324027914 14.993333333333334 10.533333333333333 0.10999999999999999
0.999888851839502 0.4646061814556331 14.993333333333334 10.355555555555556 0.11999999999999998
0.9997777036790041 0.4556331006979063 14.991666666666667 10.155555555555555 0.12999999999999998
0.9997777036790041 0.4456630109670987 14.991666666666667 9.933333333333334 0.13999999999999999
0.9997777036790041 0.4336989032901296 14.991666666666667 9.666666666666666 0.15
0.9997777036790041 0.4287138584247258 14.991666666666667 9.555555555555555 0.16
0.9997777036790041 0.4127617148554337 14.991666666666667 9.2 0.17
0.9997777036790041 0.38085742771684944 14.991666666666667 8.488888888888889 0.18000000000000002
0.9997777036790041 0.35992023928215355 14.991666666666667 8.022222222222222 0.19000000000000003
0.9997777036790041 0.34496510468594216 14.991666666666667 7.688888888888889 0.20000000000000004
0.9997777036790041 0.33300099700897307 14.991666666666667 7.4222222222222225 0.21000000000000005
0.9997777036790041 0.3180458624127617 14.991666666666667 7.088888888888889 0.22000000000000006
0.9997777036790041 0.3090727816550349 14.991666666666667 6.888888888888889 0.23000000000000007
0.9997777036790041 0.3040877367896311 14.991666666666667 6.777777777777778 0.24000000000000007
0.9997777036790041 0.29810568295114653 14.991666666666667 6.644444444444445 0.25000000000000006
0.9997777036790041 0.29411764705882354 14.991666666666667 6.555555555555555 0.26000000000000006
0.9997777036790041 0.28614157527417744 14.991666666666667 6.377777777777778 0.2700000000000001
0.9997777036790041 0.28414755732801594 14.991666666666667 6.333333333333333 0.2800000000000001
0.9997777036790041 0.2811565304087737 14.991666666666667 6.266666666666667 0.2900000000000001
0.9997777036790041 0.2781655034895314 14.991666666666667 6.2 0.3000000000000001
0.9997777036790041 0.2761714855433699 14.991666666666667 6.155555555555556 0.3100000000000001
0.9997777036790041 0.27517447657028915 14.991666666666667 6.133333333333334 0.3200000000000001
0.9997777036790041 0.2731804586241276 14.991666666666667 6.088888888888889 0.3300000000000001
0.9997777036790041 0.2662013958125623 14.991666666666667 5.933333333333334 0.34000000000000014
0.9997777036790041 0.26321036889332006 14.991666666666667 5.866666666666666 0.35000000000000014
0.9997777036790041 0.2572283150548355 14.991666666666667 5.733333333333333 0.36000000000000015
0.9997777036790041 0.2572283150548355 14.991666666666667 5.733333333333333 0.37000000000000016
0.9997777036790041 0.24626121635094717 14.991666666666667 5.488888888888889 0.38000000000000017
0.9997777036790041 0.23529411764705882 14.991666666666667 5.2444444444444445 0.3900000000000002
0.9996665555185061 0.22532402791625125 14.99 5.022222222222222 0.4000000000000002
0.9996665555185061 0.2143569292123629 14.99 4.777777777777778 0.4100000000000002
0.9996665555185061 0.2053838484546361 14.99 4.5777777777777775 0.4200000000000002
0.9996665555185061 0.1914257228315055 14.99 4.266666666666667 0.4300000000000002
0.9996665555185061 0.1814556331006979 14.99 4.044444444444444 0.4400000000000002
0.9996665555185061 0.17547357926221335 14.99 3.911111111111111 0.45000000000000023
0.9996665555185061 0.16350947158524426 14.99 3.6444444444444444 0.46000000000000024
0.9996665555185061 0.15154536390827517 14.99 3.3777777777777778 0.47000000000000025
0.9996665555185061 0.1485543369890329 14.99 3.311111111111111 0.48000000000000026
0.9996665555185061 0.1415752741774676 14.99 3.1555555555555554 0.49000000000000027
0.9996665555185061 0.13958125623130607 14.99 3.111111111111111 0.5000000000000002
0.9996665555185061 0.1365902293120638 14.99 3.0444444444444443 0.5100000000000002
0.9996665555185061 0.13060817547357925 14.99 2.911111111111111 0.5200000000000002
0.9996665555185061 0.12861415752741776 14.99 2.8666666666666667 0.5300000000000002
0.9996665555185061 0.12761714855433698 14.99 2.8444444444444446 0.5400000000000003
0.9996665555185061 0.12462612163509472 14.99 2.7777777777777777 0.5500000000000003
0.9996665555185061 0.1226321036889332 14.99 2.7333333333333334 0.5600000000000003
0.9996665555185061 0.12163509471585245 14.99 2.7111111111111112 0.5700000000000003
0.9996665555185061 0.11764705882352941 14.99 2.6222222222222222 0.5800000000000003
0.9996665555185061 0.11665004985044865 14.99 2.6 0.5900000000000003
0.9996665555185061 0.1156530408773679 14.99 2.577777777777778 0.6000000000000003
0.9996665555185061 0.11465603190428714 14.99 2.5555555555555554 0.6100000000000003
0.9996665555185061 0.11365902293120637 14.99 2.533333333333333 0.6200000000000003
0.9996665555185061 0.11166500498504486 14.99 2.488888888888889 0.6300000000000003
0.9996665555185061 0.11166500498504486 14.99 2.488888888888889 0.6400000000000003
0.9996665555185061 0.1106679960119641 14.99 2.466666666666667 0.6500000000000004
0.9996665555185061 0.10967098703888335 14.99 2.4444444444444446 0.6600000000000004
0.9996665555185061 0.10767696909272183 14.99 2.4 0.6700000000000004
0.9996665555185061 0.1016949152542373 14.99 2.2666666666666666 0.6800000000000004
0.9996665555185061 0.09870388833499502 14.99 2.2 0.6900000000000004
0.9996665555185061 0.09272183449651047 14.99 2.066666666666667 0.7000000000000004
0.9996665555185061 0.08374875373878365 14.99 1.8666666666666667 0.7100000000000004
0.9996665555185061 0.07377866400797607 14.99 1.6444444444444444 0.7200000000000004
0.9996665555185061 0.06580259222333001 14.99 1.4666666666666666 0.7300000000000004
0.9995554073580082 0.05982053838484546 14.988333333333333 1.3333333333333333 0.7400000000000004
0.9995554073580082 0.0518444666001994 14.988333333333333 1.1555555555555554 0.7500000000000004
0.9995554073580082 0.045862412761714856 14.988333333333333 1.0222222222222221 0.7600000000000005
0.9995554073580082 0.038883349950149554 14.988333333333333 0.8666666666666667 0.7700000000000005
0.9994442591975102 0.03489531405782652 14.986666666666666 0.7777777777777778 0.7800000000000005
0.9994442591975102 0.03290129611166501 14.986666666666666 0.7333333333333333 0.7900000000000005
0.9994442591975102 0.03090727816550349 14.986666666666666 0.6888888888888889 0.8000000000000005
0.9994442591975102 0.02991026919242273 14.986666666666666 0.6666666666666666 0.8100000000000005
0.9994442591975102 0.02991026919242273 14.986666666666666 0.6666666666666666 0.8200000000000005
0.9994442591975102 0.028913260219341975 14.986666666666666 0.6444444444444445 0.8300000000000005
0.9994442591975102 0.027916251246261216 14.986666666666666 0.6222222222222222 0.8400000000000005
0.9994442591975102 0.027916251246261216 14.986666666666666 0.6222222222222222 0.8500000000000005
0.9992219628765144 0.026919242273180457 14.983333333333333 0.6 0.8600000000000005
0.9992219628765144 0.024925224327018942 14.983333333333333 0.5555555555555556 0.8700000000000006
0.9992219628765144 0.022931206380857428 14.983333333333333 0.5111111111111111 0.8800000000000006
0.9989996665555185 0.019940179461615155 14.98 0.4444444444444444 0.8900000000000006
0.9983327775925308 0.01296111665004985 14.97 0.28888888888888886 0.9000000000000006
0.9977770367900411 0.00897308075772682 14.961666666666666 0.2 0.9100000000000006
0.9974435923085473 0.005982053838484547 14.956666666666667 0.13333333333333333 0.9200000000000006
0.9969989996665555 0.003988035892323031 14.95 0.08888888888888889 0.9300000000000006
0.9967767033455597 0.0029910269192422734 14.946666666666667 0.06666666666666667 0.9400000000000006
0.9966655551850617 9.970089730807576E-4 14.945 0.022222222222222223 0.9500000000000006
0.995887518061576 9.970089730807576E-4 14.933333333333334 0.022222222222222223 0.9600000000000006
0.9947760364565966 9.970089730807576E-4 14.916666666666666 0.022222222222222223 0.9700000000000006
0.9933311103701233 0.0 14.895 0.0 0.9800000000000006
0.9852172946537735 0.0 14.773333333333333 0.0 0.9900000000000007
0.0 0.0 0.0 0.0
