1.0 1.0 89.97 4.457777777777777 0.0
1.0 0.9980059820538385 89.97 4.448888888888889 0.01
1.0 0.9870388833499502 89.97 4.4 0.02
1.0 0.9790628115653041 89.97 4.364444444444445 0.03
1.0 0.9710867397806581 89.97 4.328888888888889 0.04
1.0 0.9651046859421735 89.97 4.302222222222222 0.05
1.0 0.9541375872382851 89.97 4.253333333333333 0.060000000000000005
1.0 0.9541375872382851 89.97 4.253333333333333 0.07
1.0 0.9521435692921236 89.97 4.2444444444444445 0.08
1.0 0.942173479561316 89.97 4.2 0.09
1.0 0.938185443668993 89.97 4.182222222222222 0.09999999999999999
1.0 0.9351944167497508 89.97 4.168888888888889 0.10999999999999999
1.0 0.9312063808574277 89.97 4.151111111111111 0.11999999999999998
1.0 0.9272183449651047 89.97 4.133333333333334 0.12999999999999998
1.0 0.9272183449651047 89.97 4.133333333333334 0.13999999999999999
1.0 0.9232303090727817 89.97 4.115555555555556 0.15
1.0 0.9202392821535393 89.97 4.102222222222222 0.16
1.0 0.9182452642073778 89.97 4.093333333333334 0.17
1.0 0.909272183449651 89.97 4.053333333333334 0.18000000000000002
1.0 0.9042871385842473 89.97 4.0311111111111115 0.19000000000000003
1.0 0.8993020937188435 89.97 4.0088888888888885 0.20000000000000004
1.0 0.8943170488534397 89.97 3.986666666666667 0.21000000000000005
1.0 0.8913260219341974 89.97 3.973333333333333 0.22000000000000006
1.0 0.8883349950149552 89.97 3.96 0.23000000000000007
1.0 0.8863409770687937 89.97 3.951111111111111 0.24000000000000007
1.0 0.8823529411764706 89.97 3.933333333333333 0.25000000000000006
1.0 0.8803589232303091 89.97 3.9244444444444446 0.26000000000000006
1.0 0.8793619142572283 89.97 3.92 0.2700000000000001
1.0 0.8793619142572283 89.97 3.92 0.2800000000000001
1.0 0.8773678963110668 89.97 3.911111111111111 0.2900000000000001
1.0 0.8763708873379861 89.97 3.9066666666666667 0.3000000000000001
1.0 0.8753738783649053 89.97 3.902222222222222 0.3100000000000001
1.0 0.8743768693918246 89.97 3.897777777777778 0.3200000000000001
1.0 0.8733798604187437 89.97 3.8933333333333335 0.3300000000000001
1.0 0.8693918245264207 89.97 3.8755555555555556 0.34000000000000014
1.0 0.8693918245264207 89.97 3.8755555555555556 0.35000000000000014
1.0 0.8673978065802592 89.97 3.8666666666666667 0.36000000000000015
1.0 0.8673978065802592 89.97 3.8666666666666667 0.37000000000000016
1.0 0.8654037886340977 89.97 3.8577777777777778 0.38000000000000017
1.0 0.8634097706879362 89.97 3.848888888888889 0.3900000000000002
1.0 0.8574277168494516 89.97 3.8222222222222224 0.4000000000000002
1.0 0.8504486540378864 89.97 3.7911111111111113 0.4100000000000002
1.0 0.8484546360917248 89.97 3.7822222222222224 0.4200000000000002
1.0 0.8464606181455633 89.97 3.7733333333333334 0.4300000000000002
1.0 0.8414755732801595 89.97 3.7511111111111113 0.4400000000000002
1.0 0.839481555333998 89.97 3.7422222222222223 0.45000000000000023
1.0 0.8325024925224327 89.97 3.7111111111111112 0.46000000000000024
1.0 0.8285144566301097 89.97 3.6933333333333334 0.47000000000000025
1.0 0.8255234297108675 89.97 3.68 0.48000000000000026
1.0 0.8235294117647058 89.97 3.671111111111111 0.49000000000000027
1.0 0.8235294117647058 89.97 3.671111111111111 0.5000000000000002
1.0 0.8205383848454636 89.97 3.6577777777777776 0.5100000000000002
1.0 0.8175473579262214 89.97 3.6444444444444444 0.5200000000000002
1.0 0.8175473579262214 89.97 3.6444444444444444 0.5300000000000002
1.0 0.8165503489531406 89.97 3.64 0.5400000000000003
1.0 0.8165503489531406 89.97 3.64 0.5500000000000003
1.0 0.8165503489531406 89.97 3.64 0.5600000000000003
1.0 0.8145563310069791 89.97 3.631111111111111 0.5700000000000003
1.0 0.8125623130608175 89.97 3.6222222222222222 0.5800000000000003
1.0 0.810568295114656 89.97 3.6133333333333333 0.5900000000000003
1.0 0.806580259222333 89.97 3.5955555555555554 0.6000000000000003
1.0 0.8035892323030908 89.97 3.582222222222222 0.6100000000000003
1.0 0.80259222333001 89.97 3.577777777777778 0.6200000000000003
1.0 0.7986041874376869 89.97 3.56 0.6300000000000003
1.0 0.7956131605184447 89.97 3.546666666666667 0.6400000000000003
1.0 0.7886340977068793 89.97 3.5155555555555558 0.6500000000000004
1.0 0.7786640079760718 89.97 3.471111111111111 0.6600000000000004
1.0 0.7716849451645065 89.97 3.44 0.6700000000000004
1.0 0.7666999002991027 89.97 3.417777777777778 0.6800000000000004
1.0 0.7537387836490529 89.97 3.36 0.6900000000000004
1.0 0.7397806580259222 89.97 3.2977777777777777 0.7000000000000004
1.0 0.7168494516450648 89.97 3.1955555555555555 0.7100000000000004
1.0 0.6969092721834497 89.97 3.1066666666666665 0.7200000000000004
1.0 0.6809571286141576 89.97 3.0355555555555553 0.7300000000000004
1.0 0.6640079760717846 89.97 2.96 0.7400000000000004
1.0 0.6510468594217348 89.97 2.902222222222222 0.7500000000000004
1.0 0.6350947158524427 89.97 2.831111111111111 0.7600000000000005
1.0 0.6241276171485544 89.97 2.7822222222222224 0.7700000000000005
0.9996665555185061 0.6141575274177468 89.94 2.7377777777777776 0.7800000000000005
0.9994442591975102 0.6081754735792622 89.92 2.7111111111111112 0.7900000000000005
0.9989996665555185 0.6051844466600199 89.88 2.6977777777777776 0.8000000000000005
0.9973324441480493 0.6021934197407777 89.73 2.6844444444444444 0.8100000000000005
0.9948871846170946 0.6011964107676969 89.51 2.68 0.8200000000000005
0.9906635545181727 0.5952143569292123 89.13 2.6533333333333333 0.8300000000000005
0.9835500722463043 0.5852442671984048 88.49 2.608888888888889 0.8400000000000005
0.970545737468045 0.5732801595214357 87.32 2.5555555555555554 0.8500000000000005
0.9498721796154274 0.5363908275174477 85.46 2.391111111111111 0.8600000000000005
0.9200844726019785 0.49252243270189433 82.78 2.1955555555555555 0.8700000000000006
0.8802934311437146 0.43469591226321036 79.2 1.9377777777777778 0.8800000000000006
0.8331666110925864 0.39082751744765704 74.96 1.7422222222222221 0.8900000000000006
0.7795931977325775 0.3000997008973081 70.14 1.3377777777777777 0.9000000000000006
0.7254640435700789 0.2193419740777667 65.27 0.9777777777777777 0.9100000000000006
0.6784483716794487 0.15653040877367896 61.04 0.6977777777777778 0.9200000000000006
0.6448816272090697 0.1036889332003988 58.02 0.4622222222222222 0.9300000000000006
0.6170945870845838 0.07477567298105683 55.52 0.3333333333333333 0.9400000000000006
0.6002000666888962 0.05982053838484546 54.0 0.26666666666666666 0.9500000000000006
0.5871957319106369 0.05284147557328016 52.83 0.23555555555555555 0.9600000000000006
0.5728576192064021 0.0518444666001994 51.54 0.2311111111111111 0.9700000000000006
0.5357341336000889 0.05084745762711865 48.2 0.22666666666666666 0.9800000000000006
0.434811603867956 0.049850448654037885 39.12 0.2222222222222222 0.9900000000000007
0.0 0.0 0.0 0.0
