0 90.38000000000001 10000 9004.299999999801
5 100.0 10000 9013.02999999981
10 100.0 10000 9013.839999999804
15 100.0 10000 9013.149999999805
20 100.0 10000 9013.819999999801
25 100.0 10000 9013.889999999807
30 100.0 10000 9012.999999999807
35 100.0 10000 9014.379999999806
40 100.0 10000 9013.959999999806
45 100.0 10000 9014.379999999805
50 100.0 10000 9013.999999999802
0 90.08999999999999 10000 9004.299999999801
5 100.0 10000 9013.979999999803
10 100.0 10000 9013.869999999803
15 100.0 10000 9013.689999999802
20 100.0 10000 9013.719999999808
25 100.0 10000 9012.799999999806
30 100.0 10000 9013.259999999804
35 100.0 10000 9013.819999999805
40 100.0 10000 9013.519999999804
45 100.0 10000 9013.699999999802
50 100.0 10000 9012.929999999804
55 100.0 10000 9013.779999999802
60 100.0 10000 9013.639999999803
65 100.0 10000 9013.579999999798
70 100.0 10000 9013.429999999804
75 100.0 10000 9013.639999999805
80 100.0 10000 9014.109999999811
85 100.0 10000 9014.6999999998
90 100.0 10000 9013.6399999998
95 100.0 10000 9013.719999999801
100 100.0 10000 9013.00999999981
105 100.0 10000 9013.909999999802
110 100.0 10000 9013.479999999803
115 100.0 10000 9013.499999999805
120 100.0 10000 9013.689999999806
125 100.0 10000 9013.659999999802
130 100.0 10000 9014.0699999998
135 100.0 10000 9013.839999999807
140 100.0 10000 9014.269999999806
145 100.0 10000 9013.849999999806
150 100.0 10000 9013.729999999803
155 100.0 10000 9013.789999999806
160 100.0 10000 9013.809999999805
165 100.0 10000 9013.279999999804
170 100.0 10000 9013.929999999802
175 100.0 10000 9013.439999999806
180 100.0 10000 9013.289999999806
185 100.0 10000 9013.759999999806
190 100.0 10000 9013.799999999805
195 100.0 10000 9014.129999999805
200 100.0 10000 9013.519999999802
50 0.0 10000 9004.299999999801
50 10.0 10000 9005.279999999804
50 20.0 10000 9006.3599999998
50 30.0 10000 9007.229999999801
50 40.0 10000 9008.189999999802
50 50.0 10000 9009.2099999998
50 60.0 10000 9010.229999999807
50 70.0 10000 9011.109999999802
50 80.0 10000 9011.549999999805
50 90.0 10000 9012.929999999806
50 100.0 10000 9013.489999999807
