1.0 1.0 89.97 4.268085106382979 0.0
1.0 0.9990029910269193 89.97 4.263829787234043 0.01
1.0 0.9940179461615155 89.97 4.242553191489361 0.02
1.0 0.9920239282153539 89.97 4.23404255319149 0.03
1.0 0.9900299102691924 89.97 4.225531914893617 0.04
1.0 0.9890329012961117 89.97 4.221276595744681 0.05
1.0 0.9820538384845464 89.97 4.191489361702128 0.060000000000000005
1.0 0.9820538384845464 89.97 4.191489361702128 0.07
1.0 0.9790628115653041 89.97 4.178723404255319 0.08
1.0 0.9770687936191426 89.97 4.170212765957447 0.09
1.0 0.9770687936191426 89.97 4.170212765957447 0.09999999999999999
1.0 0.9760717846460618 89.97 4.165957446808511 0.10999999999999999
1.0 0.9740777666999003 89.97 4.157446808510638 0.11999999999999998
1.0 0.9740777666999003 89.97 4.157446808510638 0.12999999999999998
1.0 0.9730807577268196 89.97 4.153191489361702 0.13999999999999999
1.0 0.9730807577268196 89.97 4.153191489361702 0.15
1.0 0.9680957128614157 89.97 4.131914893617021 0.16
1.0 0.963110667996012 89.97 4.110638297872341 0.17
1.0 0.9551345962113659 89.97 4.076595744680851 0.18000000000000002
1.0 0.9511465603190429 89.97 4.059574468085106 0.19000000000000003
1.0 0.9461615154536391 89.97 4.038297872340426 0.20000000000000004
1.0 0.942173479561316 89.97 4.0212765957446805 0.21000000000000005
1.0 0.9391824526420738 89.97 4.008510638297873 0.22000000000000006
1.0 0.9391824526420738 89.97 4.008510638297873 0.23000000000000007
1.0 0.9391824526420738 89.97 4.008510638297873 0.24000000000000007
1.0 0.9371884346959123 89.97 4.0 0.25000000000000006
1.0 0.9371884346959123 89.97 4.0 0.26000000000000006
1.0 0.9371884346959123 89.97 4.0 0.2700000000000001
1.0 0.9371884346959123 89.97 4.0 0.2800000000000001
1.0 0.9371884346959123 89.97 4.0 0.2900000000000001
1.0 0.9361914257228315 89.97 3.9957446808510637 0.3000000000000001
1.0 0.9361914257228315 89.97 3.9957446808510637 0.3100000000000001
1.0 0.9351944167497508 89.97 3.991489361702128 0.3200000000000001
1.0 0.93419740777667 89.97 3.9872340425531916 0.3300000000000001
1.0 0.9322033898305084 89.97 3.978723404255319 0.34000000000000014
1.0 0.9312063808574277 89.97 3.974468085106383 0.35000000000000014
1.0 0.9302093718843469 89.97 3.970212765957447 0.36000000000000015
1.0 0.9282153539381854 89.97 3.9617021276595743 0.37000000000000016
1.0 0.9272183449651047 89.97 3.9574468085106385 0.38000000000000017
1.0 0.9232303090727817 89.97 3.9404255319148938 0.3900000000000002
1.0 0.9212362911266201 89.97 3.931914893617021 0.4000000000000002
1.0 0.9192422731804586 89.97 3.923404255319149 0.4100000000000002
1.0 0.9152542372881356 89.97 3.9063829787234043 0.4200000000000002
1.0 0.9132602193419741 89.97 3.8978723404255318 0.4300000000000002
1.0 0.9122632103688934 89.97 3.893617021276596 0.4400000000000002
1.0 0.9102691924227319 89.97 3.8851063829787233 0.45000000000000023
1.0 0.9072781655034895 89.97 3.872340425531915 0.46000000000000024
1.0 0.9072781655034895 89.97 3.872340425531915 0.47000000000000025
1.0 0.9042871385842473 89.97 3.8595744680851065 0.48000000000000026
1.0 0.9032901296111665 89.97 3.8553191489361702 0.49000000000000027
1.0 0.9032901296111665 89.97 3.8553191489361702 0.5000000000000002
1.0 0.901296111665005 89.97 3.8468085106382977 0.5100000000000002
1.0 0.9002991026919243 89.97 3.842553191489362 0.5200000000000002
1.0 0.9002991026919243 89.97 3.842553191489362 0.5300000000000002
1.0 0.9002991026919243 89.97 3.842553191489362 0.5400000000000003
1.0 0.9002991026919243 89.97 3.842553191489362 0.5500000000000003
1.0 0.9002991026919243 89.97 3.842553191489362 0.5600000000000003
1.0 0.9002991026919243 89.97 3.842553191489362 0.5700000000000003
1.0 0.9002991026919243 89.97 3.842553191489362 0.5800000000000003
1.0 0.9002991026919243 89.97 3.842553191489362 0.5900000000000003
1.0 0.9002991026919243 89.97 3.842553191489362 0.6000000000000003
1.0 0.9002991026919243 89.97 3.842553191489362 0.6100000000000003
1.0 0.8993020937188435 89.97 3.8382978723404255 0.6200000000000003
1.0 0.8993020937188435 89.97 3.8382978723404255 0.6300000000000003
1.0 0.8963110667996012 89.97 3.825531914893617 0.6400000000000003
1.0 0.8903290129611167 89.97 3.8 0.6500000000000004
1.0 0.8853439680957128 89.97 3.7787234042553193 0.6600000000000004
1.0 0.8713858424725822 89.97 3.7191489361702126 0.6700000000000004
1.0 0.8564307078763709 89.97 3.65531914893617 0.6800000000000004
1.0 0.8404785643070788 89.97 3.5872340425531917 0.6900000000000004
1.0 0.8285144566301097 89.97 3.5361702127659576 0.7000000000000004
1.0 0.8095712861415753 89.97 3.4553191489361703 0.7100000000000004
1.0 0.7886340977068793 89.97 3.3659574468085105 0.7200000000000004
1.0 0.7706879361914257 89.97 3.2893617021276595 0.7300000000000004
1.0 0.7507477567298105 89.97 3.204255319148936 0.7400000000000004
1.0 0.7278165503489531 89.97 3.106382978723404 0.7500000000000004
1.0 0.7108673978065803 89.97 3.0340425531914894 0.7600000000000005
0.999888851839502 0.6949152542372882 89.96 2.9659574468085106 0.7700000000000005
0.9997777036790041 0.6799601196410767 89.95 2.902127659574468 0.7800000000000005
0.9993331110370124 0.6729810568295115 89.91 2.872340425531915 0.7900000000000005
0.9988885183950206 0.6679960119641076 89.87 2.851063829787234 0.8000000000000005
0.9974435923085473 0.6620139581256231 89.74 2.825531914893617 0.8100000000000005
0.9944425919751028 0.6590229312063809 89.47 2.8127659574468087 0.8200000000000005
0.9888851839502056 0.650049850448654 88.97 2.774468085106383 0.8300000000000005
0.9799933311103701 0.6350947158524427 88.17 2.7106382978723405 0.8400000000000005
0.9647660331221518 0.6201395812562313 86.8 2.646808510638298 0.8500000000000005
0.9394242525286206 0.5832502492522432 84.52 2.4893617021276597 0.8600000000000005
0.9004112481938424 0.5343968095712861 81.01 2.2808510638297874 0.8700000000000006
0.8532844281427142 0.48055832502492524 76.77 2.051063829787234 0.8800000000000006
0.7893742358563965 0.41774675972083747 71.02 1.7829787234042553 0.8900000000000006
0.7230187840391241 0.3339980059820538 65.05 1.425531914893617 0.9000000000000006
0.6556629987773702 0.2522432701894317 58.99 1.0765957446808512 0.9100000000000006
0.5983105479604313 0.18245264207377868 53.83 0.7787234042553192 0.9200000000000006
0.55351783927976 0.12362911266201396 49.8 0.5276595744680851 0.9300000000000006
0.5201733911303767 0.08075772681954138 46.8 0.3446808510638298 0.9400000000000006
0.4997221295987551 0.06480558325024925 44.96 0.2765957446808511 0.9500000000000006
0.4849394242525286 0.05284147557328016 43.63 0.225531914893617 0.9600000000000006
0.4724908302767589 0.0518444666001994 42.51 0.22127659574468084 0.9700000000000006
0.4389240858063799 0.05084745762711865 39.49 0.2170212765957447 0.9800000000000006
0.33144381460486827 0.05084745762711865 29.82 0.2170212765957447 0.9900000000000007
0.0 0.0 0.0 0.0
