0.0 0.3988035892323031 0.0 20.0 0.0
0.0 0.37188434695912265 0.0 18.65 0.01
0.0 0.3090727816550349 0.0 15.5 0.02
0.0 0.2931206380857428 0.0 14.7 0.03
0.0 0.28015952143569295 0.0 14.05 0.04
0.0 0.2731804586241276 0.0 13.7 0.05
0.0 0.2662013958125623 0.0 13.35 0.060000000000000005
0.0 0.2662013958125623 0.0 13.35 0.07
0.0 0.2622133599202393 0.0 13.15 0.08
0.0 0.26021934197407776 0.0 13.05 0.09
0.0 0.25324027916251246 0.0 12.7 0.09999999999999999
0.0 0.24925224327018944 0.0 12.5 0.10999999999999999
0.0 0.2472582253240279 0.0 12.4 0.11999999999999998
0.0 0.2452642073778664 0.0 12.3 0.12999999999999998
0.0 0.24027916251246262 0.0 12.05 0.13999999999999999
0.0 0.23629112662013957 0.0 11.85 0.15
0.0 0.23529411764705882 0.0 11.8 0.16
0.0 0.23429710867397807 0.0 11.75 0.17
0.0 0.23230309072781655 0.0 11.65 0.18000000000000002
0.0 0.22931206380857427 0.0 11.5 0.19000000000000003
0.0 0.22731804586241275 0.0 11.4 0.20000000000000004
0.0 0.22731804586241275 0.0 11.4 0.21000000000000005
0.0 0.22532402791625125 0.0 11.3 0.22000000000000006
0.0 0.22233300099700898 0.0 11.15 0.23000000000000007
0.0 0.22033898305084745 0.0 11.05 0.24000000000000007
0.0 0.2193419740777667 0.0 11.0 0.25000000000000006
0.0 0.21535393818544366 0.0 10.8 0.26000000000000006
0.0 0.21535393818544366 0.0 10.8 0.2700000000000001
0.0 0.21136590229312063 0.0 10.6 0.2800000000000001
0.0 0.2073778664007976 0.0 10.4 0.2900000000000001
0.0 0.20438683948155534 0.0 10.25 0.3000000000000001
0.0 0.2033898305084746 0.0 10.2 0.3100000000000001
0.0 0.2023928215353938 0.0 10.15 0.3200000000000001
0.0 0.2023928215353938 0.0 10.15 0.3300000000000001
0.0 0.20139581256231306 0.0 10.1 0.34000000000000014
0.0 0.20039880358923232 0.0 10.05 0.35000000000000014
0.0 0.19940179461615154 0.0 10.0 0.36000000000000015
0.0 0.19641076769690927 0.0 9.85 0.37000000000000016
0.0 0.19641076769690927 0.0 9.85 0.38000000000000017
0.0 0.19441674975074777 0.0 9.75 0.3900000000000002
0.0 0.18943170488534397 0.0 9.5 0.4000000000000002
0.0 0.18843469591226322 0.0 9.45 0.4100000000000002
0.0 0.1864406779661017 0.0 9.35 0.4200000000000002
0.0 0.1864406779661017 0.0 9.35 0.4300000000000002
0.0 0.1864406779661017 0.0 9.35 0.4400000000000002
0.0 0.1864406779661017 0.0 9.35 0.45000000000000023
0.0 0.1864406779661017 0.0 9.35 0.46000000000000024
0.0 0.1864406779661017 0.0 9.35 0.47000000000000025
0.0 0.1864406779661017 0.0 9.35 0.48000000000000026
0.0 0.18544366899302095 0.0 9.3 0.49000000000000027
0.0 0.18544366899302095 0.0 9.3 0.5000000000000002
0.0 0.18344965104685942 0.0 9.2 0.5100000000000002
0.0 0.18344965104685942 0.0 9.2 0.5200000000000002
0.0 0.18245264207377868 0.0 9.15 0.5300000000000002
0.0 0.17846460618145563 0.0 8.95 0.5400000000000003
0.0 0.17846460618145563 0.0 8.95 0.5500000000000003
0.0 0.17746759720837488 0.0 8.9 0.5600000000000003
0.0 0.17746759720837488 0.0 8.9 0.5700000000000003
0.0 0.17647058823529413 0.0 8.85 0.5800000000000003
0.0 0.17647058823529413 0.0 8.85 0.5900000000000003
0.0 0.17647058823529413 0.0 8.85 0.6000000000000003
0.0 0.17647058823529413 0.0 8.85 0.6100000000000003
0.0 0.17647058823529413 0.0 8.85 0.6200000000000003
0.0 0.17647058823529413 0.0 8.85 0.6300000000000003
0.0 0.17148554336989033 0.0 8.6 0.6400000000000003
0.0 0.17048853439680958 0.0 8.55 0.6500000000000004
0.0 0.16849451645064806 0.0 8.45 0.6600000000000004
0.0 0.16650049850448653 0.0 8.35 0.6700000000000004
0.0 0.16650049850448653 0.0 8.35 0.6800000000000004
0.0 0.16650049850448653 0.0 8.35 0.6900000000000004
0.0 0.16650049850448653 0.0 8.35 0.7000000000000004
0.0 0.16550348953140578 0.0 8.3 0.7100000000000004
0.0 0.16350947158524426 0.0 8.2 0.7200000000000004
0.0 0.1625124626121635 0.0 8.15 0.7300000000000004
0.0 0.1625124626121635 0.0 8.15 0.7400000000000004
0.0 0.1625124626121635 0.0 8.15 0.7500000000000004
0.0 0.15952143569292124 0.0 8.0 0.7600000000000005
0.0 0.1575274177467597 0.0 7.9 0.7700000000000005
0.0 0.15553339980059822 0.0 7.8 0.7800000000000005
0.0 0.1535393818544367 0.0 7.7 0.7900000000000005
0.0 0.15254237288135594 0.0 7.65 0.8000000000000005
0.0 0.1465603190428714 0.0 7.35 0.8100000000000005
0.0 0.14057826520438685 0.0 7.05 0.8200000000000005
0.0 0.13559322033898305 0.0 6.8 0.8300000000000005
0.0 0.1296111665004985 0.0 6.5 0.8400000000000005
0.0 0.12662013958125623 0.0 6.35 0.8500000000000005
0.0 0.12462612163509472 0.0 6.25 0.8600000000000005
0.0 0.12462612163509472 0.0 6.25 0.8700000000000006
0.0 0.11964107676969092 0.0 6.0 0.8800000000000006
0.0 0.11764705882352941 0.0 5.9 0.8900000000000006
0.0 0.11365902293120637 0.0 5.7 0.9000000000000006
0.0 0.10967098703888335 0.0 5.5 0.9100000000000006
0.0 0.10568295114656032 0.0 5.3 0.9200000000000006
0.0 0.09770687936191426 0.0 4.9 0.9300000000000006
0.0 0.09272183449651047 0.0 4.65 0.9400000000000006
0.0 0.08275174476570289 0.0 4.15 0.9500000000000006
0.0 0.07676969092721835 0.0 3.85 0.9600000000000006
0.0 0.07178464606181456 0.0 3.6 0.9700000000000006
0.0 0.054835493519441676 0.0 2.75 0.9800000000000006
0.0 0.04187437686939183 0.0 2.1 0.9900000000000007
0.0 0.0 0.0 0.0
