0 8.049999999999999 10000 9366.73999999985
0 9.43 10000 9327.979999999874
10 20.0 10000 9400.8499999999
0 6.299999999999999 10000 9307.319999999947
10 19.990000000000002 10000 9319.41999999991
20 20.0 10000 9393.859999999913
30 20.0 10000 9319.399999999978
0 8.120000000000001 10000 9336.27999999988
10 20.0 10000 9358.54999999989
20 20.0 10000 9366.779999999853
30 20.0 10000 9319.529999999952
40 20.0 10000 9352.359999999948
50 20.0 10000 9370.979999999903
0 8.84 10000 9327.929999999891
5 19.990000000000002 10000 9368.749999999902
10 19.259999999999998 10000 9336.809999999934
15 20.0 10000 9378.379999999881
20 20.0 10000 9360.179999999897
25 20.0 10000 9337.269999999924
30 20.0 10000 9347.609999999915
35 20.0 10000 9379.699999999873
40 20.0 10000 9358.219999999892
45 20.0 10000 9366.629999999905
50 20.0 10000 9364.419999999907
