1.0 1.0 29.99 12.5375 0.0
1.0 0.9531405782652044 29.99 11.95 0.01
1.0 0.9072781655034895 29.99 11.375 0.02
1.0 0.8813559322033898 29.99 11.05 0.03
1.0 0.8604187437686939 29.99 10.7875 0.04
1.0 0.847457627118644 29.99 10.625 0.05
1.0 0.8175473579262214 29.99 10.25 0.060000000000000005
1.0 0.8175473579262214 29.99 10.25 0.07
1.0 0.8045862412761715 29.99 10.0875 0.08
1.0 0.7936191425722832 29.99 9.95 0.09
1.0 0.7846460618145563 29.99 9.8375 0.09999999999999999
1.0 0.7796610169491526 29.99 9.775 0.10999999999999999
1.0 0.7716849451645065 29.99 9.675 0.11999999999999998
1.0 0.7666999002991027 29.99 9.6125 0.12999999999999998
1.0 0.7617148554336989 29.99 9.55 0.13999999999999999
1.0 0.7587238285144566 29.99 9.5125 0.15
1.0 0.7547357926221336 29.99 9.4625 0.16
1.0 0.744765702891326 29.99 9.3375 0.17
1.0 0.7318045862412762 29.99 9.175 0.18000000000000002
1.0 0.7288135593220338 29.99 9.1375 0.19000000000000003
1.0 0.7208374875373879 29.99 9.0375 0.20000000000000004
1.0 0.7168494516450648 29.99 8.9875 0.21000000000000005
1.0 0.7108673978065803 29.99 8.9125 0.22000000000000006
1.0 0.7098703888334995 29.99 8.9 0.23000000000000007
1.0 0.7068793619142573 29.99 8.8625 0.24000000000000007
1.0 0.7038883349950149 29.99 8.825 0.25000000000000006
1.0 0.7028913260219342 29.99 8.8125 0.26000000000000006
1.0 0.7018943170488534 29.99 8.8 0.2700000000000001
1.0 0.7008973080757727 29.99 8.7875 0.2800000000000001
1.0 0.6989032901296112 29.99 8.7625 0.2900000000000001
1.0 0.6989032901296112 29.99 8.7625 0.3000000000000001
1.0 0.6969092721834497 29.99 8.7375 0.3100000000000001
1.0 0.6969092721834497 29.99 8.7375 0.3200000000000001
1.0 0.6939182452642074 29.99 8.7 0.3300000000000001
1.0 0.6919242273180458 29.99 8.675 0.34000000000000014
1.0 0.6909272183449651 29.99 8.6625 0.35000000000000014
1.0 0.6839481555333998 29.99 8.575 0.36000000000000015
1.0 0.6769690927218345 29.99 8.4875 0.37000000000000016
1.0 0.6719840478564307 29.99 8.425 0.38000000000000017
1.0 0.6699900299102692 29.99 8.4 0.3900000000000002
1.0 0.6669990029910269 29.99 8.3625 0.4000000000000002
1.0 0.6580259222333001 29.99 8.25 0.4100000000000002
1.0 0.6520438683948155 29.99 8.175 0.4200000000000002
1.0 0.6440677966101694 29.99 8.075 0.4300000000000002
1.0 0.6311066799601196 29.99 7.9125 0.4400000000000002
1.0 0.6261216350947159 29.99 7.85 0.45000000000000023
1.0 0.6201395812562313 29.99 7.775 0.46000000000000024
1.0 0.6121635094715853 29.99 7.675 0.47000000000000025
1.0 0.6071784646061814 29.99 7.6125 0.48000000000000026
1.0 0.6021934197407777 29.99 7.55 0.49000000000000027
1.0 0.5942173479561316 29.99 7.45 0.5000000000000002
1.0 0.5892323030907278 29.99 7.3875 0.5100000000000002
1.0 0.584247258225324 29.99 7.325 0.5200000000000002
1.0 0.5822532402791625 29.99 7.3 0.5300000000000002
1.0 0.580259222333001 29.99 7.275 0.5400000000000003
1.0 0.5782652043868395 29.99 7.25 0.5500000000000003
1.0 0.5772681954137587 29.99 7.2375 0.5600000000000003
1.0 0.576271186440678 29.99 7.225 0.5700000000000003
1.0 0.5732801595214357 29.99 7.1875 0.5800000000000003
1.0 0.5722831505483549 29.99 7.175 0.5900000000000003
1.0 0.5682951146560319 29.99 7.125 0.6000000000000003
1.0 0.5633100697906281 29.99 7.0625 0.6100000000000003
1.0 0.559322033898305 29.99 7.0125 0.6200000000000003
1.0 0.5543369890329013 29.99 6.95 0.6300000000000003
1.0 0.5493519441674976 29.99 6.8875 0.6400000000000003
1.0 0.543369890329013 29.99 6.8125 0.6500000000000004
1.0 0.5353938185443669 29.99 6.7125 0.6600000000000004
1.0 0.5264207377866401 29.99 6.6 0.6700000000000004
1.0 0.5164506480558325 29.99 6.475 0.6800000000000004
1.0 0.49750747756729813 29.99 6.2375 0.6900000000000004
1.0 0.48554336989032904 29.99 6.0875 0.7000000000000004
1.0 0.4666001994017946 29.99 5.85 0.7100000000000004
1.0 0.4426719840478564 29.99 5.55 0.7200000000000004
1.0 0.42771684945164506 29.99 5.3625 0.7300000000000004
1.0 0.40079760717846463 29.99 5.025 0.7400000000000004
1.0 0.38384845463609174 29.99 4.8125 0.7500000000000004
1.0 0.3659022931206381 29.99 4.5875 0.7600000000000005
1.0 0.35294117647058826 29.99 4.425 0.7700000000000005
0.999888851839502 0.3459621136590229 29.986666666666668 4.3375 0.7800000000000005
0.9997777036790041 0.3349950149551346 29.983333333333334 4.2 0.7900000000000005
0.9996665555185061 0.32901296111665007 29.98 4.125 0.8000000000000005
0.9995554073580082 0.3190428713858425 29.976666666666667 4.0 0.8100000000000005
0.9992219628765144 0.3140578265204387 29.966666666666665 3.9375 0.8200000000000005
0.998110481271535 0.30807577268195413 29.933333333333334 3.8625 0.8300000000000005
0.9965544070245638 0.3050847457627119 29.886666666666667 3.825 0.8400000000000005
0.9939979993331111 0.29810568295114653 29.81 3.7375 0.8500000000000005
0.990107813715683 0.28913260219341974 29.69333333333333 3.625 0.8600000000000005
0.984216961209292 0.2711864406779661 29.516666666666666 3.4 0.8700000000000006
0.9756585528509503 0.25324027916251246 29.26 3.175 0.8800000000000006
0.9648771812826498 0.22731804586241275 28.936666666666667 2.85 0.8900000000000006
0.954540402356341 0.19441674975074777 28.626666666666665 2.4375 0.9000000000000006
0.9429809936645549 0.16450648055832504 28.28 2.0625 0.9100000000000006
0.934756029787707 0.1415752741774676 28.033333333333335 1.775 0.9200000000000006
0.9277536956763366 0.11764705882352941 27.823333333333334 1.475 0.9300000000000006
0.9210848060464599 0.10568295114656032 27.623333333333335 1.325 0.9400000000000006
0.9143047682560853 0.10069790628115653 27.42 1.2625 0.9500000000000006
0.9084139157496943 0.09770687936191426 27.243333333333332 1.225 0.9600000000000006
0.8991886184283651 0.09770687936191426 26.966666666666665 1.225 0.9700000000000006
0.8782927642547516 0.09770687936191426 26.34 1.225 0.9800000000000006
0.8130487940424586 0.09770687936191426 24.383333333333333 1.225 0.9900000000000007
0.0 0.0 0.0 0.0
