1.0 1.0 9.996666666666666 50.15 0.0
1.0 0.5812562313060817 9.996666666666666 29.15 0.01
1.0 0.43768693918245266 9.996666666666666 21.95 0.02
1.0 0.3818544366899302 9.996666666666666 19.15 0.03
1.0 0.34496510468594216 9.996666666666666 17.3 0.04
1.0 0.31306081754735793 9.996666666666666 15.7 0.05
1.0 0.2851445663010967 9.996666666666666 14.3 0.060000000000000005
1.0 0.2851445663010967 9.996666666666666 14.3 0.07
1.0 0.27018943170488535 9.996666666666666 13.55 0.08
1.0 0.2502492522432702 9.996666666666666 12.55 0.09
1.0 0.23629112662013957 9.996666666666666 11.85 0.09999999999999999
1.0 0.2313060817547358 9.996666666666666 11.6 0.10999999999999999
1.0 0.22532402791625125 9.996666666666666 11.3 0.11999999999999998
1.0 0.22033898305084745 9.996666666666666 11.05 0.12999999999999998
1.0 0.21535393818544366 9.996666666666666 10.8 0.13999999999999999
1.0 0.20837487537387836 9.996666666666666 10.45 0.15
1.0 0.19940179461615154 9.996666666666666 10.0 0.16
1.0 0.19042871385842472 9.996666666666666 9.55 0.17
1.0 0.1694915254237288 9.996666666666666 8.5 0.18000000000000002
1.0 0.16450648055832504 9.996666666666666 8.25 0.19000000000000003
1.0 0.1535393818544367 9.996666666666666 7.7 0.20000000000000004
1.0 0.14356929212362912 9.996666666666666 7.2 0.21000000000000005
1.0 0.13758723828514458 9.996666666666666 6.9 0.22000000000000006
1.0 0.13060817547357925 9.996666666666666 6.55 0.23000000000000007
1.0 0.12861415752741776 9.996666666666666 6.45 0.24000000000000007
1.0 0.12761714855433698 9.996666666666666 6.4 0.25000000000000006
1.0 0.12761714855433698 9.996666666666666 6.4 0.26000000000000006
1.0 0.12462612163509472 9.996666666666666 6.25 0.2700000000000001
1.0 0.12063808574277168 9.996666666666666 6.05 0.2800000000000001
1.0 0.11964107676969092 9.996666666666666 6.0 0.2900000000000001
1.0 0.11665004985044865 9.996666666666666 5.85 0.3000000000000001
1.0 0.1156530408773679 9.996666666666666 5.8 0.3100000000000001
1.0 0.11365902293120637 9.996666666666666 5.7 0.3200000000000001
1.0 0.11266201395812563 9.996666666666666 5.65 0.3300000000000001
1.0 0.11266201395812563 9.996666666666666 5.65 0.34000000000000014
1.0 0.1106679960119641 9.996666666666666 5.55 0.35000000000000014
1.0 0.10468594217347957 9.996666666666666 5.25 0.36000000000000015
1.0 0.1036889332003988 9.996666666666666 5.2 0.37000000000000016
1.0 0.1016949152542373 9.996666666666666 5.1 0.38000000000000017
1.0 0.10069790628115653 9.996666666666666 5.05 0.3900000000000002
1.0 0.09970089730807577 9.996666666666666 5.0 0.4000000000000002
1.0 0.09471585244267199 9.996666666666666 4.75 0.4100000000000002
1.0 0.09072781655034895 9.996666666666666 4.55 0.4200000000000002
1.0 0.08673978065802593 9.996666666666666 4.35 0.4300000000000002
1.0 0.08075772681954138 9.996666666666666 4.05 0.4400000000000002
1.0 0.07577268195413758 9.996666666666666 3.8 0.45000000000000023
1.0 0.0707876370887338 9.996666666666666 3.55 0.46000000000000024
1.0 0.06679960119641076 9.996666666666666 3.35 0.47000000000000025
1.0 0.06580259222333001 9.996666666666666 3.3 0.48000000000000026
1.0 0.06380857427716849 9.996666666666666 3.2 0.49000000000000027
1.0 0.06380857427716849 9.996666666666666 3.2 0.5000000000000002
1.0 0.06081754735792622 9.996666666666666 3.05 0.5100000000000002
1.0 0.058823529411764705 9.996666666666666 2.95 0.5200000000000002
1.0 0.05782652043868395 9.996666666666666 2.9 0.5300000000000002
1.0 0.05682951146560319 9.996666666666666 2.85 0.5400000000000003
1.0 0.05682951146560319 9.996666666666666 2.85 0.5500000000000003
1.0 0.05583250249252243 9.996666666666666 2.8 0.5600000000000003
1.0 0.05583250249252243 9.996666666666666 2.8 0.5700000000000003
1.0 0.054835493519441676 9.996666666666666 2.75 0.5800000000000003
1.0 0.054835493519441676 9.996666666666666 2.75 0.5900000000000003
1.0 0.054835493519441676 9.996666666666666 2.75 0.6000000000000003
1.0 0.053838484546360914 9.996666666666666 2.7 0.6100000000000003
1.0 0.053838484546360914 9.996666666666666 2.7 0.6200000000000003
1.0 0.0518444666001994 9.996666666666666 2.6 0.6300000000000003
1.0 0.0518444666001994 9.996666666666666 2.6 0.6400000000000003
1.0 0.05084745762711865 9.996666666666666 2.55 0.6500000000000004
1.0 0.04685942173479561 9.996666666666666 2.35 0.6600000000000004
1.0 0.045862412761714856 9.996666666666666 2.3 0.6700000000000004
1.0 0.04386839481555334 9.996666666666666 2.2 0.6800000000000004
1.0 0.04187437686939183 9.996666666666666 2.1 0.6900000000000004
1.0 0.04187437686939183 9.996666666666666 2.1 0.7000000000000004
1.0 0.03589232303090728 9.996666666666666 1.8 0.7100000000000004
1.0 0.03489531405782652 9.996666666666666 1.75 0.7200000000000004
1.0 0.03290129611166501 9.996666666666666 1.65 0.7300000000000004
1.0 0.03090727816550349 9.996666666666666 1.55 0.7400000000000004
1.0 0.027916251246261216 9.996666666666666 1.4 0.7500000000000004
1.0 0.024925224327018942 9.996666666666666 1.25 0.7600000000000005
1.0 0.019940179461615155 9.996666666666666 1.0 0.7700000000000005
1.0 0.01794616151545364 9.996666666666666 0.9 0.7800000000000005
1.0 0.01794616151545364 9.996666666666666 0.9 0.7900000000000005
1.0 0.01694915254237288 9.996666666666666 0.85 0.8000000000000005
1.0 0.01694915254237288 9.996666666666666 0.85 0.8100000000000005
1.0 0.01694915254237288 9.996666666666666 0.85 0.8200000000000005
1.0 0.01694915254237288 9.996666666666666 0.85 0.8300000000000005
1.0 0.01694915254237288 9.996666666666666 0.85 0.8400000000000005
1.0 0.01694915254237288 9.996666666666666 0.85 0.8500000000000005
0.999888851839502 0.015952143569292122 9.995555555555555 0.8 0.8600000000000005
0.999888851839502 0.013958125623130608 9.995555555555555 0.7 0.8700000000000006
0.999888851839502 0.013958125623130608 9.995555555555555 0.7 0.8800000000000006
0.999888851839502 0.013958125623130608 9.995555555555555 0.7 0.8900000000000006
0.9996665555185061 0.010967098703888335 9.993333333333334 0.55 0.9000000000000006
0.9996665555185061 0.006979062811565304 9.993333333333334 0.35 0.9100000000000006
0.9996665555185061 0.004985044865403789 9.993333333333334 0.25 0.9200000000000006
0.9996665555185061 0.0019940179461615153 9.993333333333334 0.1 0.9300000000000006
0.9995554073580082 0.0 9.992222222222223 0.0 0.9400000000000006
0.9995554073580082 0.0 9.992222222222223 0.0 0.9500000000000006
0.9995554073580082 0.0 9.992222222222223 0.0 0.9600000000000006
0.9994442591975102 0.0 9.991111111111111 0.0 0.9700000000000006
0.9993331110370124 0.0 9.99 0.0 0.9800000000000006
0.9965544070245638 0.0 9.962222222222222 0.0 0.9900000000000007
0.0 0.0 0.0 0.0
