1.0 1.0 29.99 40.12 0.0
1.0 0.9641076769690927 29.99 38.68 0.01
1.0 0.9242273180458624 29.99 37.08 0.02
1.0 0.8923230309072782 29.99 35.8 0.03
1.0 0.8743768693918246 29.99 35.08 0.04
1.0 0.8594217347956131 29.99 34.48 0.05
1.0 0.8245264207377866 29.99 33.08 0.060000000000000005
1.0 0.8245264207377866 29.99 33.08 0.07
1.0 0.8135593220338984 29.99 32.64 0.08
1.0 0.8055832502492523 29.99 32.32 0.09
1.0 0.8005982053838484 29.99 32.12 0.09999999999999999
1.0 0.7956131605184447 29.99 31.92 0.10999999999999999
1.0 0.7876370887337986 29.99 31.6 0.11999999999999998
1.0 0.7826520438683948 29.99 31.4 0.12999999999999998
1.0 0.7786640079760718 29.99 31.24 0.13999999999999999
1.0 0.7686939182452642 29.99 30.84 0.15
1.0 0.7637088733798604 29.99 30.64 0.16
1.0 0.7597208374875374 29.99 30.48 0.17
1.0 0.7407776669990029 29.99 29.72 0.18000000000000002
1.0 0.7318045862412762 29.99 29.36 0.19000000000000003
1.0 0.7188434695912264 29.99 28.84 0.20000000000000004
1.0 0.7098703888334995 29.99 28.48 0.21000000000000005
1.0 0.7028913260219342 29.99 28.2 0.22000000000000006
1.0 0.6969092721834497 29.99 27.96 0.23000000000000007
1.0 0.6919242273180458 29.99 27.76 0.24000000000000007
1.0 0.6899302093718843 29.99 27.68 0.25000000000000006
1.0 0.6889332003988036 29.99 27.64 0.26000000000000006
1.0 0.6889332003988036 29.99 27.64 0.2700000000000001
1.0 0.6859421734795613 29.99 27.52 0.2800000000000001
1.0 0.6839481555333998 29.99 27.44 0.2900000000000001
1.0 0.6839481555333998 29.99 27.44 0.3000000000000001
1.0 0.6829511465603191 29.99 27.4 0.3100000000000001
1.0 0.6819541375872383 29.99 27.36 0.3200000000000001
1.0 0.6779661016949152 29.99 27.2 0.3300000000000001
1.0 0.674975074775673 29.99 27.08 0.34000000000000014
1.0 0.6689930209371885 29.99 26.84 0.35000000000000014
1.0 0.6620139581256231 29.99 26.56 0.36000000000000015
1.0 0.6570289132602194 29.99 26.36 0.37000000000000016
1.0 0.6480558325024925 29.99 26.0 0.38000000000000017
1.0 0.6360917248255235 29.99 25.52 0.3900000000000002
1.0 0.6191425722831505 29.99 24.84 0.4000000000000002
1.0 0.6111665004985045 29.99 24.52 0.4100000000000002
1.0 0.6051844466600199 29.99 24.28 0.4200000000000002
1.0 0.5952143569292123 29.99 23.88 0.4300000000000002
1.0 0.5812562313060817 29.99 23.32 0.4400000000000002
1.0 0.5742771684945165 29.99 23.04 0.45000000000000023
1.0 0.5603190428713859 29.99 22.48 0.46000000000000024
1.0 0.5533399800598205 29.99 22.2 0.47000000000000025
1.0 0.5403788634097707 29.99 21.68 0.48000000000000026
1.0 0.5314057826520439 29.99 21.32 0.49000000000000027
1.0 0.5234297108673978 29.99 21.0 0.5000000000000002
1.0 0.514456630109671 29.99 20.64 0.5100000000000002
1.0 0.5094715852442672 29.99 20.44 0.5200000000000002
1.0 0.5044865403788634 29.99 20.24 0.5300000000000002
1.0 0.4985044865403789 29.99 20.0 0.5400000000000003
1.0 0.4955134596211366 29.99 19.88 0.5500000000000003
1.0 0.4935194416749751 29.99 19.8 0.5600000000000003
1.0 0.4915254237288136 29.99 19.72 0.5700000000000003
1.0 0.48753738783649053 29.99 19.56 0.5800000000000003
1.0 0.48554336989032904 29.99 19.48 0.5900000000000003
1.0 0.481555333998006 29.99 19.32 0.6000000000000003
1.0 0.4795613160518445 29.99 19.24 0.6100000000000003
1.0 0.47756729810568294 29.99 19.16 0.6200000000000003
1.0 0.4745762711864407 29.99 19.04 0.6300000000000003
1.0 0.46859421734795614 29.99 18.8 0.6400000000000003
1.0 0.4626121635094716 29.99 18.56 0.6500000000000004
1.0 0.4556331006979063 29.99 18.28 0.6600000000000004
1.0 0.44865403788634095 29.99 18.0 0.6700000000000004
1.0 0.43469591226321036 29.99 17.44 0.6800000000000004
1.0 0.42073778664007977 29.99 16.88 0.6900000000000004
1.0 0.4077766699900299 29.99 16.36 0.7000000000000004
1.0 0.39082751744765704 29.99 15.68 0.7100000000000004
1.0 0.3708873379860419 29.99 14.88 0.7200000000000004
1.0 0.3559322033898305 29.99 14.28 0.7300000000000004
1.0 0.3389830508474576 29.99 13.6 0.7400000000000004
1.0 0.3230309072781655 29.99 12.96 0.7500000000000004
0.999888851839502 0.29810568295114653 29.986666666666668 11.96 0.7600000000000005
0.999888851839502 0.28713858424725824 29.986666666666668 11.52 0.7700000000000005
0.9996665555185061 0.2761714855433699 29.98 11.08 0.7800000000000005
0.9995554073580082 0.2662013958125623 29.976666666666667 10.68 0.7900000000000005
0.9993331110370124 0.25822532402791626 29.97 10.36 0.8000000000000005
0.9989996665555185 0.25822532402791626 29.96 10.36 0.8100000000000005
0.9984439257530288 0.2542372881355932 29.94333333333333 10.2 0.8200000000000005
0.9974435923085473 0.25124626121635096 29.913333333333334 10.08 0.8300000000000005
0.9962209625430699 0.2452642073778664 29.876666666666665 9.84 0.8400000000000005
0.9932199622096254 0.23429710867397807 29.786666666666665 9.4 0.8500000000000005
0.990218961876181 0.21335992023928216 29.696666666666665 8.56 0.8600000000000005
0.9851061464932755 0.19242273180458624 29.543333333333333 7.72 0.8700000000000006
0.9774369234189174 0.16550348953140578 29.313333333333333 6.64 0.8800000000000006
0.968433922418584 0.1465603190428714 29.043333333333333 5.88 0.8900000000000006
0.9589863287762588 0.11166500498504486 28.76 4.48 0.9000000000000006
0.9489829943314438 0.07976071784646062 28.46 3.2 0.9100000000000006
0.9419806602200733 0.045862412761714856 28.25 1.84 0.9200000000000006
0.9343114371457152 0.013958125623130608 28.02 0.56 0.9300000000000006
0.9275313993553407 0.003988035892323031 27.816666666666666 0.16 0.9400000000000006
0.9220851394909414 9.970089730807576E-4 27.653333333333332 0.04 0.9500000000000006
0.9140824719350895 0.0 27.413333333333334 0.0 0.9600000000000006
0.9033011003667889 0.0 27.09 0.0 0.9700000000000006
0.879404245859731 0.0 26.373333333333335 0.0 0.9800000000000006
0.8160497943759031 0.0 24.473333333333333 0.0 0.9900000000000007
0.0 0.0 0.0 0.0
