1.0 1.0 8.997 40.12 0.0
1.0 0.5084745762711864 8.997 20.4 0.01
1.0 0.35992023928215355 8.997 14.44 0.02
1.0 0.3020937188434696 8.997 12.12 0.03
1.0 0.2761714855433699 8.997 11.08 0.04
1.0 0.2622133599202393 8.997 10.52 0.05
1.0 0.22931206380857427 8.997 9.2 0.060000000000000005
1.0 0.22931206380857427 8.997 9.2 0.07
1.0 0.22432701894317048 8.997 9.0 0.08
1.0 0.21834496510468593 8.997 8.76 0.09
1.0 0.2053838484546361 8.997 8.24 0.09999999999999999
1.0 0.20039880358923232 8.997 8.04 0.10999999999999999
1.0 0.19940179461615154 8.997 8.0 0.11999999999999998
1.0 0.19541375872382852 8.997 7.84 0.12999999999999998
1.0 0.19242273180458624 8.997 7.72 0.13999999999999999
1.0 0.1914257228315055 8.997 7.68 0.15
1.0 0.18344965104685942 8.997 7.36 0.16
1.0 0.17248255234297108 8.997 6.92 0.17
1.0 0.16350947158524426 8.997 6.56 0.18000000000000002
1.0 0.1575274177467597 8.997 6.32 0.19000000000000003
1.0 0.1535393818544367 8.997 6.16 0.20000000000000004
1.0 0.15154536390827517 8.997 6.08 0.21000000000000005
1.0 0.14755732801595214 8.997 5.92 0.22000000000000006
1.0 0.14356929212362912 8.997 5.76 0.23000000000000007
1.0 0.1415752741774676 8.997 5.68 0.24000000000000007
1.0 0.1415752741774676 8.997 5.68 0.25000000000000006
1.0 0.13958125623130607 8.997 5.6 0.26000000000000006
1.0 0.13559322033898305 8.997 5.44 0.2700000000000001
1.0 0.1345962113659023 8.997 5.4 0.2800000000000001
1.0 0.13359920239282153 8.997 5.36 0.2900000000000001
1.0 0.13260219341974078 8.997 5.32 0.3000000000000001
1.0 0.13160518444666003 8.997 5.28 0.3100000000000001
1.0 0.13060817547357925 8.997 5.24 0.3200000000000001
1.0 0.12761714855433698 8.997 5.12 0.3300000000000001
1.0 0.12662013958125623 8.997 5.08 0.34000000000000014
1.0 0.12462612163509472 8.997 5.0 0.35000000000000014
1.0 0.12362911266201396 8.997 4.96 0.36000000000000015
1.0 0.11964107676969092 8.997 4.8 0.37000000000000016
1.0 0.11764705882352941 8.997 4.72 0.38000000000000017
1.0 0.1156530408773679 8.997 4.64 0.3900000000000002
1.0 0.11365902293120637 8.997 4.56 0.4000000000000002
1.0 0.11166500498504486 8.997 4.48 0.4100000000000002
1.0 0.10867397806580259 8.997 4.36 0.4200000000000002
1.0 0.10468594217347957 8.997 4.2 0.4300000000000002
1.0 0.1016949152542373 8.997 4.08 0.4400000000000002
1.0 0.09571286141575275 8.997 3.84 0.45000000000000023
1.0 0.08873379860418744 8.997 3.56 0.46000000000000024
1.0 0.08374875373878365 8.997 3.36 0.47000000000000025
1.0 0.07876370887337986 8.997 3.16 0.48000000000000026
1.0 0.07776669990029911 8.997 3.12 0.49000000000000027
1.0 0.07377866400797607 8.997 2.96 0.5000000000000002
1.0 0.07377866400797607 8.997 2.96 0.5100000000000002
1.0 0.07178464606181456 8.997 2.88 0.5200000000000002
1.0 0.06879361914257229 8.997 2.76 0.5300000000000002
1.0 0.06779661016949153 8.997 2.72 0.5400000000000003
1.0 0.06679960119641076 8.997 2.68 0.5500000000000003
1.0 0.06580259222333001 8.997 2.64 0.5600000000000003
1.0 0.06580259222333001 8.997 2.64 0.5700000000000003
1.0 0.06580259222333001 8.997 2.64 0.5800000000000003
1.0 0.06480558325024925 8.997 2.6 0.5900000000000003
1.0 0.06380857427716849 8.997 2.56 0.6000000000000003
1.0 0.06380857427716849 8.997 2.56 0.6100000000000003
1.0 0.06380857427716849 8.997 2.56 0.6200000000000003
1.0 0.06181455633100698 8.997 2.48 0.6300000000000003
1.0 0.06181455633100698 8.997 2.48 0.6400000000000003
1.0 0.06181455633100698 8.997 2.48 0.6500000000000004
1.0 0.06081754735792622 8.997 2.44 0.6600000000000004
1.0 0.054835493519441676 8.997 2.2 0.6700000000000004
1.0 0.05284147557328016 8.997 2.12 0.6800000000000004
1.0 0.05084745762711865 8.997 2.04 0.6900000000000004
1.0 0.04885343968095713 8.997 1.96 0.7000000000000004
1.0 0.045862412761714856 8.997 1.84 0.7100000000000004
1.0 0.04187437686939183 8.997 1.68 0.7200000000000004
1.0 0.03988035892323031 8.997 1.6 0.7300000000000004
1.0 0.038883349950149554 8.997 1.56 0.7400000000000004
1.0 0.03589232303090728 8.997 1.44 0.7500000000000004
1.0 0.031904287138584245 8.997 1.28 0.7600000000000005
1.0 0.031904287138584245 8.997 1.28 0.7700000000000005
1.0 0.02991026919242273 8.997 1.2 0.7800000000000005
1.0 0.028913260219341975 8.997 1.16 0.7900000000000005
1.0 0.028913260219341975 8.997 1.16 0.8000000000000005
1.0 0.026919242273180457 8.997 1.08 0.8100000000000005
0.999888851839502 0.026919242273180457 8.996 1.08 0.8200000000000005
0.999888851839502 0.0259222333000997 8.996 1.04 0.8300000000000005
0.999888851839502 0.0259222333000997 8.996 1.04 0.8400000000000005
0.999888851839502 0.0259222333000997 8.996 1.04 0.8500000000000005
0.999888851839502 0.024925224327018942 8.996 1.0 0.8600000000000005
0.999888851839502 0.024925224327018942 8.996 1.0 0.8700000000000006
0.999888851839502 0.023928215353938187 8.996 0.96 0.8800000000000006
0.999888851839502 0.023928215353938187 8.996 0.96 0.8900000000000006
0.999888851839502 0.023928215353938187 8.996 0.96 0.9000000000000006
0.999888851839502 0.022931206380857428 8.996 0.92 0.9100000000000006
0.9997777036790041 0.02193419740777667 8.995 0.88 0.9200000000000006
0.9997777036790041 0.02193419740777667 8.995 0.88 0.9300000000000006
0.9996665555185061 0.020937188434695914 8.994 0.84 0.9400000000000006
0.9996665555185061 0.019940179461615155 8.994 0.8 0.9500000000000006
0.9996665555185061 0.019940179461615155 8.994 0.8 0.9600000000000006
0.9996665555185061 0.019940179461615155 8.994 0.8 0.9700000000000006
0.9993331110370124 0.019940179461615155 8.991 0.8 0.9800000000000006
0.9979993331110371 0.019940179461615155 8.979 0.8 0.9900000000000007
0.0 0.0 0.0 0.0
