1.0 1.0 9.996666666666666 100.3 0.0
1.0 0.5633100697906281 9.996666666666666 56.5 0.01
1.0 0.42273180458624127 9.996666666666666 42.4 0.02
1.0 0.3728813559322034 9.996666666666666 37.4 0.03
1.0 0.35194416749750745 9.996666666666666 35.3 0.04
1.0 0.32602193419740777 9.996666666666666 32.7 0.05
1.0 0.3040877367896311 9.996666666666666 30.5 0.060000000000000005
1.0 0.3040877367896311 9.996666666666666 30.5 0.07
1.0 0.29112662013958124 9.996666666666666 29.2 0.08
1.0 0.2761714855433699 9.996666666666666 27.7 0.09
1.0 0.26719840478564305 9.996666666666666 26.8 0.09999999999999999
1.0 0.259222333000997 9.996666666666666 26.0 0.10999999999999999
1.0 0.25324027916251246 9.996666666666666 25.4 0.11999999999999998
1.0 0.24925224327018944 9.996666666666666 25.0 0.12999999999999998
1.0 0.24626121635094717 9.996666666666666 24.7 0.13999999999999999
1.0 0.23928215353938184 9.996666666666666 24.0 0.15
1.0 0.23629112662013957 9.996666666666666 23.7 0.16
1.0 0.22432701894317048 9.996666666666666 22.5 0.17
1.0 0.21734795613160518 9.996666666666666 21.8 0.18000000000000002
1.0 0.20837487537387836 9.996666666666666 20.9 0.19000000000000003
1.0 0.2033898305084746 9.996666666666666 20.4 0.20000000000000004
1.0 0.19641076769690927 9.996666666666666 19.7 0.21000000000000005
1.0 0.19242273180458624 9.996666666666666 19.3 0.22000000000000006
1.0 0.1914257228315055 9.996666666666666 19.2 0.23000000000000007
1.0 0.18544366899302095 9.996666666666666 18.6 0.24000000000000007
1.0 0.18544366899302095 9.996666666666666 18.6 0.25000000000000006
1.0 0.1814556331006979 9.996666666666666 18.2 0.26000000000000006
1.0 0.1794616151545364 9.996666666666666 18.0 0.2700000000000001
1.0 0.17846460618145563 9.996666666666666 17.9 0.2800000000000001
1.0 0.17647058823529413 9.996666666666666 17.7 0.2900000000000001
1.0 0.17647058823529413 9.996666666666666 17.7 0.3000000000000001
1.0 0.17647058823529413 9.996666666666666 17.7 0.3100000000000001
1.0 0.17647058823529413 9.996666666666666 17.7 0.3200000000000001
1.0 0.17347956131605186 9.996666666666666 17.4 0.3300000000000001
1.0 0.17248255234297108 9.996666666666666 17.3 0.34000000000000014
1.0 0.17248255234297108 9.996666666666666 17.3 0.35000000000000014
1.0 0.17048853439680958 9.996666666666666 17.1 0.36000000000000015
1.0 0.1694915254237288 9.996666666666666 17.0 0.37000000000000016
1.0 0.16650049850448653 9.996666666666666 16.7 0.38000000000000017
1.0 0.16650049850448653 9.996666666666666 16.7 0.3900000000000002
1.0 0.16650049850448653 9.996666666666666 16.7 0.4000000000000002
1.0 0.16051844466600199 9.996666666666666 16.1 0.4100000000000002
1.0 0.15653040877367896 9.996666666666666 15.7 0.4200000000000002
1.0 0.15154536390827517 9.996666666666666 15.2 0.4300000000000002
1.0 0.1485543369890329 9.996666666666666 14.9 0.4400000000000002
1.0 0.1465603190428714 9.996666666666666 14.7 0.45000000000000023
1.0 0.13958125623130607 9.996666666666666 14.0 0.46000000000000024
1.0 0.13858424725822532 9.996666666666666 13.9 0.47000000000000025
1.0 0.1345962113659023 9.996666666666666 13.5 0.48000000000000026
1.0 0.13160518444666003 9.996666666666666 13.2 0.49000000000000027
1.0 0.13060817547357925 9.996666666666666 13.1 0.5000000000000002
1.0 0.1296111665004985 9.996666666666666 13.0 0.5100000000000002
1.0 0.12662013958125623 9.996666666666666 12.7 0.5200000000000002
1.0 0.12662013958125623 9.996666666666666 12.7 0.5300000000000002
1.0 0.12462612163509472 9.996666666666666 12.5 0.5400000000000003
1.0 0.12362911266201396 9.996666666666666 12.4 0.5500000000000003
1.0 0.12362911266201396 9.996666666666666 12.4 0.5600000000000003
1.0 0.12362911266201396 9.996666666666666 12.4 0.5700000000000003
1.0 0.12362911266201396 9.996666666666666 12.4 0.5800000000000003
1.0 0.12362911266201396 9.996666666666666 12.4 0.5900000000000003
1.0 0.1226321036889332 9.996666666666666 12.3 0.6000000000000003
1.0 0.1226321036889332 9.996666666666666 12.3 0.6100000000000003
1.0 0.12063808574277168 9.996666666666666 12.1 0.6200000000000003
1.0 0.12063808574277168 9.996666666666666 12.1 0.6300000000000003
1.0 0.11964107676969092 9.996666666666666 12.0 0.6400000000000003
1.0 0.11964107676969092 9.996666666666666 12.0 0.6500000000000004
1.0 0.11665004985044865 9.996666666666666 11.7 0.6600000000000004
1.0 0.11665004985044865 9.996666666666666 11.7 0.6700000000000004
1.0 0.1156530408773679 9.996666666666666 11.6 0.6800000000000004
1.0 0.1156530408773679 9.996666666666666 11.6 0.6900000000000004
1.0 0.11465603190428714 9.996666666666666 11.5 0.7000000000000004
1.0 0.10967098703888335 9.996666666666666 11.0 0.7100000000000004
1.0 0.10767696909272183 9.996666666666666 10.8 0.7200000000000004
1.0 0.10767696909272183 9.996666666666666 10.8 0.7300000000000004
1.0 0.10568295114656032 9.996666666666666 10.6 0.7400000000000004
1.0 0.10468594217347957 9.996666666666666 10.5 0.7500000000000004
1.0 0.1036889332003988 9.996666666666666 10.4 0.7600000000000005
1.0 0.1016949152542373 9.996666666666666 10.2 0.7700000000000005
1.0 0.1016949152542373 9.996666666666666 10.2 0.7800000000000005
1.0 0.1016949152542373 9.996666666666666 10.2 0.7900000000000005
1.0 0.1016949152542373 9.996666666666666 10.2 0.8000000000000005
1.0 0.10069790628115653 9.996666666666666 10.1 0.8100000000000005
1.0 0.10069790628115653 9.996666666666666 10.1 0.8200000000000005
1.0 0.10069790628115653 9.996666666666666 10.1 0.8300000000000005
1.0 0.10069790628115653 9.996666666666666 10.1 0.8400000000000005
1.0 0.10069790628115653 9.996666666666666 10.1 0.8500000000000005
1.0 0.10069790628115653 9.996666666666666 10.1 0.8600000000000005
1.0 0.10069790628115653 9.996666666666666 10.1 0.8700000000000006
0.999888851839502 0.10069790628115653 9.995555555555555 10.1 0.8800000000000006
0.9996665555185061 0.09970089730807577 9.993333333333334 10.0 0.8900000000000006
0.9995554073580082 0.09770687936191426 9.992222222222223 9.8 0.9000000000000006
0.9995554073580082 0.09770687936191426 9.992222222222223 9.8 0.9100000000000006
0.9995554073580082 0.09571286141575275 9.992222222222223 9.6 0.9200000000000006
0.9995554073580082 0.09471585244267199 9.992222222222223 9.5 0.9300000000000006
0.9994442591975102 0.09471585244267199 9.991111111111111 9.5 0.9400000000000006
0.9994442591975102 0.09471585244267199 9.991111111111111 9.5 0.9500000000000006
0.9994442591975102 0.09471585244267199 9.991111111111111 9.5 0.9600000000000006
0.9994442591975102 0.09471585244267199 9.991111111111111 9.5 0.9700000000000006
0.9994442591975102 0.09471585244267199 9.991111111111111 9.5 0.9800000000000006
0.998110481271535 0.09471585244267199 9.977777777777778 9.5 0.9900000000000007
0.0 0.0 0.0 0.0
