1.0 1.0 17.994 28.65714285714286 0.0
1.0 0.8753738783649053 17.994 25.085714285714285 0.01
1.0 0.7726819541375872 17.994 22.142857142857142 0.02
1.0 0.7198404785643071 17.994 20.62857142857143 0.03
1.0 0.6919242273180458 17.994 19.82857142857143 0.04
1.0 0.6640079760717846 17.994 19.02857142857143 0.05
1.0 0.6251246261216351 17.994 17.914285714285715 0.060000000000000005
1.0 0.6251246261216351 17.994 17.914285714285715 0.07
1.0 0.6101694915254238 17.994 17.485714285714284 0.08
1.0 0.5942173479561316 17.994 17.02857142857143 0.09
1.0 0.5822532402791625 17.994 16.685714285714287 0.09999999999999999
1.0 0.5752741774675972 17.994 16.485714285714284 0.10999999999999999
1.0 0.5712861415752741 17.994 16.37142857142857 0.11999999999999998
1.0 0.5623130608175474 17.994 16.114285714285714 0.12999999999999998
1.0 0.5573280159521435 17.994 15.971428571428572 0.13999999999999999
1.0 0.5493519441674976 17.994 15.742857142857142 0.15
1.0 0.5383848454636092 17.994 15.428571428571429 0.16
1.0 0.5254237288135594 17.994 15.057142857142857 0.17
1.0 0.5054835493519442 17.994 14.485714285714286 0.18000000000000002
1.0 0.4905284147557328 17.994 14.057142857142857 0.19000000000000003
1.0 0.4835493519441675 17.994 13.857142857142858 0.20000000000000004
1.0 0.47557328015952144 17.994 13.628571428571428 0.21000000000000005
1.0 0.4666001994017946 17.994 13.371428571428572 0.22000000000000006
1.0 0.46061814556331004 17.994 13.2 0.23000000000000007
1.0 0.45862412761714855 17.994 13.142857142857142 0.24000000000000007
1.0 0.4556331006979063 17.994 13.057142857142857 0.25000000000000006
1.0 0.4546360917248255 17.994 13.028571428571428 0.26000000000000006
1.0 0.4546360917248255 17.994 13.028571428571428 0.2700000000000001
1.0 0.4546360917248255 17.994 13.028571428571428 0.2800000000000001
1.0 0.4546360917248255 17.994 13.028571428571428 0.2900000000000001
1.0 0.45363908275174475 17.994 13.0 0.3000000000000001
1.0 0.452642073778664 17.994 12.971428571428572 0.3100000000000001
1.0 0.44965104685942175 17.994 12.885714285714286 0.3200000000000001
1.0 0.44965104685942175 17.994 12.885714285714286 0.3300000000000001
1.0 0.44965104685942175 17.994 12.885714285714286 0.34000000000000014
1.0 0.44466600199401796 17.994 12.742857142857142 0.35000000000000014
1.0 0.43968095712861416 17.994 12.6 0.36000000000000015
1.0 0.4356929212362911 17.994 12.485714285714286 0.37000000000000016
1.0 0.4287138584247258 17.994 12.285714285714286 0.38000000000000017
1.0 0.4187437686939183 17.994 12.0 0.3900000000000002
1.0 0.4077766699900299 17.994 11.685714285714285 0.4000000000000002
1.0 0.39780658025922233 17.994 11.4 0.4100000000000002
1.0 0.382851445663011 17.994 10.971428571428572 0.4200000000000002
1.0 0.36390827517447655 17.994 10.428571428571429 0.4300000000000002
1.0 0.3509471585244267 17.994 10.057142857142857 0.4400000000000002
1.0 0.34097706879361916 17.994 9.771428571428572 0.45000000000000023
1.0 0.33300099700897307 17.994 9.542857142857143 0.46000000000000024
1.0 0.325024925224327 17.994 9.314285714285715 0.47000000000000025
1.0 0.3150548354935194 17.994 9.028571428571428 0.48000000000000026
1.0 0.3090727816550349 17.994 8.857142857142858 0.49000000000000027
1.0 0.3040877367896311 17.994 8.714285714285714 0.5000000000000002
1.0 0.3000997008973081 17.994 8.6 0.5100000000000002
1.0 0.29411764705882354 17.994 8.428571428571429 0.5200000000000002
1.0 0.28913260219341974 17.994 8.285714285714286 0.5300000000000002
1.0 0.28414755732801594 17.994 8.142857142857142 0.5400000000000003
1.0 0.2811565304087737 17.994 8.057142857142857 0.5500000000000003
1.0 0.28015952143569295 17.994 8.028571428571428 0.5600000000000003
1.0 0.2731804586241276 17.994 7.828571428571428 0.5700000000000003
1.0 0.27218344965104685 17.994 7.8 0.5800000000000003
1.0 0.2711864406779661 17.994 7.771428571428571 0.5900000000000003
1.0 0.2691924227318046 17.994 7.714285714285714 0.6000000000000003
1.0 0.2662013958125623 17.994 7.628571428571429 0.6100000000000003
1.0 0.2622133599202393 17.994 7.514285714285714 0.6200000000000003
1.0 0.259222333000997 17.994 7.428571428571429 0.6300000000000003
1.0 0.25523429710867396 17.994 7.314285714285714 0.6400000000000003
1.0 0.24925224327018944 17.994 7.142857142857143 0.6500000000000004
1.0 0.24626121635094717 17.994 7.057142857142857 0.6600000000000004
1.0 0.2432701894317049 17.994 6.9714285714285715 0.6700000000000004
1.0 0.2382851445663011 17.994 6.828571428571428 0.6800000000000004
1.0 0.22731804586241275 17.994 6.514285714285714 0.6900000000000004
0.999888851839502 0.21834496510468593 17.992 6.257142857142857 0.7000000000000004
0.999888851839502 0.20837487537387836 17.992 5.9714285714285715 0.7100000000000004
0.999888851839502 0.19042871385842472 17.992 5.457142857142857 0.7200000000000004
0.9997777036790041 0.17746759720837488 17.99 5.085714285714285 0.7300000000000004
0.9997777036790041 0.15553339980059822 17.99 4.457142857142857 0.7400000000000004
0.9997777036790041 0.14556331006979062 17.99 4.171428571428572 0.7500000000000004
0.9997777036790041 0.13758723828514458 17.99 3.942857142857143 0.7600000000000005
0.9997777036790041 0.12861415752741776 17.99 3.6857142857142855 0.7700000000000005
0.9997777036790041 0.11365902293120637 17.99 3.257142857142857 0.7800000000000005
0.9997777036790041 0.10667996011964108 17.99 3.057142857142857 0.7900000000000005
0.9996665555185061 0.10269192422731804 17.988 2.942857142857143 0.8000000000000005
0.9994442591975102 0.10069790628115653 17.984 2.8857142857142857 0.8100000000000005
0.9993331110370124 0.09970089730807577 17.982 2.857142857142857 0.8200000000000005
0.9988885183950206 0.09471585244267199 17.974 2.7142857142857144 0.8300000000000005
0.9984439257530288 0.09172482552342971 17.966 2.6285714285714286 0.8400000000000005
0.9978881849505391 0.08873379860418744 17.956 2.5428571428571427 0.8500000000000005
0.9966655551850617 0.08374875373878365 17.934 2.4 0.8600000000000005
0.9946648882960987 0.07876370887337986 17.898 2.257142857142857 0.8700000000000006
0.9929976658886296 0.06979062811565304 17.868 2.0 0.8800000000000006
0.9911081471601645 0.05583250249252243 17.834 1.6 0.8900000000000006
0.9874402578637324 0.045862412761714856 17.768 1.3142857142857143 0.9000000000000006
0.9846615538512837 0.031904287138584245 17.718 0.9142857142857143 0.9100000000000006
0.9823274424808269 0.018943170488534396 17.676 0.5428571428571428 0.9200000000000006
0.9796598866288763 0.011964107676969093 17.628 0.34285714285714286 0.9300000000000006
0.9776592197399133 0.006979062811565304 17.592 0.2 0.9400000000000006
0.9756585528509503 0.005982053838484547 17.556 0.17142857142857143 0.9500000000000006
0.9733244414804935 9.970089730807576E-4 17.514 0.02857142857142857 0.9600000000000006
0.9688785150605758 9.970089730807576E-4 17.434 0.02857142857142857 0.9700000000000006
0.9589863287762588 0.0 17.256 0.0 0.9800000000000006
0.9283094364788262 0.0 16.704 0.0 0.9900000000000007
0.0 0.0 0.0 0.0
