1.0 1.0 22.4925 33.43333333333333 0.0
1.0 0.9102691924227319 22.4925 30.433333333333334 0.01
1.0 0.8424725822532403 22.4925 28.166666666666668 0.02
1.0 0.8045862412761715 22.4925 26.9 0.03
1.0 0.7846460618145563 22.4925 26.233333333333334 0.04
1.0 0.765702891326022 22.4925 25.6 0.05
1.0 0.7377866400797607 22.4925 24.666666666666668 0.060000000000000005
1.0 0.7377866400797607 22.4925 24.666666666666668 0.07
1.0 0.7168494516450648 22.4925 23.966666666666665 0.08
1.0 0.7068793619142573 22.4925 23.633333333333333 0.09
1.0 0.6949152542372882 22.4925 23.233333333333334 0.09999999999999999
1.0 0.6859421734795613 22.4925 22.933333333333334 0.10999999999999999
1.0 0.6839481555333998 22.4925 22.866666666666667 0.11999999999999998
1.0 0.6779661016949152 22.4925 22.666666666666668 0.12999999999999998
1.0 0.6729810568295115 22.4925 22.5 0.13999999999999999
1.0 0.6650049850448654 22.4925 22.233333333333334 0.15
1.0 0.6520438683948155 22.4925 21.8 0.16
1.0 0.6410767696909272 22.4925 21.433333333333334 0.17
1.0 0.6231306081754736 22.4925 20.833333333333332 0.18000000000000002
1.0 0.6121635094715853 22.4925 20.466666666666665 0.19000000000000003
1.0 0.6011964107676969 22.4925 20.1 0.20000000000000004
1.0 0.5852442671984048 22.4925 19.566666666666666 0.21000000000000005
1.0 0.576271186440678 22.4925 19.266666666666666 0.22000000000000006
1.0 0.5722831505483549 22.4925 19.133333333333333 0.23000000000000007
1.0 0.5712861415752741 22.4925 19.1 0.24000000000000007
1.0 0.5682951146560319 22.4925 19.0 0.25000000000000006
1.0 0.5653040877367896 22.4925 18.9 0.26000000000000006
1.0 0.5643070787637089 22.4925 18.866666666666667 0.2700000000000001
1.0 0.559322033898305 22.4925 18.7 0.2800000000000001
1.0 0.5573280159521435 22.4925 18.633333333333333 0.2900000000000001
1.0 0.5563310069790628 22.4925 18.6 0.3000000000000001
1.0 0.5523429710867398 22.4925 18.466666666666665 0.3100000000000001
1.0 0.551345962113659 22.4925 18.433333333333334 0.3200000000000001
1.0 0.551345962113659 22.4925 18.433333333333334 0.3300000000000001
1.0 0.5473579262213359 22.4925 18.3 0.34000000000000014
1.0 0.5463609172482552 22.4925 18.266666666666666 0.35000000000000014
1.0 0.543369890329013 22.4925 18.166666666666668 0.36000000000000015
1.0 0.5353938185443669 22.4925 17.9 0.37000000000000016
1.0 0.5204386839481555 22.4925 17.4 0.38000000000000017
1.0 0.5174476570289133 22.4925 17.3 0.3900000000000002
1.0 0.5054835493519442 22.4925 16.9 0.4000000000000002
1.0 0.4955134596211366 22.4925 16.566666666666666 0.4100000000000002
1.0 0.4835493519441675 22.4925 16.166666666666668 0.4200000000000002
1.0 0.47258225324027914 22.4925 15.8 0.4300000000000002
1.0 0.4576271186440678 22.4925 15.3 0.4400000000000002
1.0 0.4426719840478564 22.4925 14.8 0.45000000000000023
1.0 0.4317048853439681 22.4925 14.433333333333334 0.46000000000000024
1.0 0.419740777666999 22.4925 14.033333333333333 0.47000000000000025
1.0 0.4097706879361914 22.4925 13.7 0.48000000000000026
1.0 0.4047856430707876 22.4925 13.533333333333333 0.49000000000000027
1.0 0.39780658025922233 22.4925 13.3 0.5000000000000002
1.0 0.39082751744765704 22.4925 13.066666666666666 0.5100000000000002
1.0 0.3848454636091725 22.4925 12.866666666666667 0.5200000000000002
1.0 0.3818544366899302 22.4925 12.766666666666667 0.5300000000000002
1.0 0.37886340977068794 22.4925 12.666666666666666 0.5400000000000003
1.0 0.37886340977068794 22.4925 12.666666666666666 0.5500000000000003
1.0 0.37587238285144564 22.4925 12.566666666666666 0.5600000000000003
1.0 0.3748753738783649 22.4925 12.533333333333333 0.5700000000000003
1.0 0.3708873379860419 22.4925 12.4 0.5800000000000003
1.0 0.3698903290129611 22.4925 12.366666666666667 0.5900000000000003
1.0 0.36889332003988035 22.4925 12.333333333333334 0.6000000000000003
1.0 0.3659022931206381 22.4925 12.233333333333333 0.6100000000000003
1.0 0.36390827517447655 22.4925 12.166666666666666 0.6200000000000003
1.0 0.36191425722831505 22.4925 12.1 0.6300000000000003
0.9997777036790041 0.35692921236291125 22.4875 11.933333333333334 0.6400000000000003
0.9997777036790041 0.35294117647058826 22.4875 11.8 0.6500000000000004
0.9997777036790041 0.3489531405782652 22.4875 11.666666666666666 0.6600000000000004
0.9997777036790041 0.3419740777666999 22.4875 11.433333333333334 0.6700000000000004
0.9997777036790041 0.3300099700897308 22.4875 11.033333333333333 0.6800000000000004
0.9997777036790041 0.3150548354935194 22.4875 10.533333333333333 0.6900000000000004
0.9997777036790041 0.30608175473579263 22.4875 10.233333333333333 0.7000000000000004
0.9997777036790041 0.28913260219341974 22.4875 9.666666666666666 0.7100000000000004
0.9997777036790041 0.2622133599202393 22.4875 8.766666666666667 0.7200000000000004
0.9997777036790041 0.2452642073778664 22.4875 8.2 0.7300000000000004
0.9997777036790041 0.22532402791625125 22.4875 7.533333333333333 0.7400000000000004
0.9997777036790041 0.20937188434695914 22.4875 7.0 0.7500000000000004
0.9996665555185061 0.19541375872382852 22.485 6.533333333333333 0.7600000000000005
0.9996665555185061 0.1864406779661017 22.485 6.233333333333333 0.7700000000000005
0.9995554073580082 0.18045862412761715 22.4825 6.033333333333333 0.7800000000000005
0.9995554073580082 0.17048853439680958 22.4825 5.7 0.7900000000000005
0.9994442591975102 0.16550348953140578 22.48 5.533333333333333 0.8000000000000005
0.9993331110370124 0.1625124626121635 22.4775 5.433333333333334 0.8100000000000005
0.9991108147160165 0.1625124626121635 22.4725 5.433333333333334 0.8200000000000005
0.9982216294320329 0.15553339980059822 22.4525 5.2 0.8300000000000005
0.9971101478270534 0.15054835493519442 22.4275 5.033333333333333 0.8400000000000005
0.996109814382572 0.1465603190428714 22.405 4.9 0.8500000000000005
0.9935534066911192 0.13559322033898305 22.3475 4.533333333333333 0.8600000000000005
0.990218961876181 0.12562313060817548 22.2725 4.2 0.8700000000000006
0.9856618872957652 0.11365902293120637 22.17 3.8 0.8800000000000006
0.9795487384683783 0.09970089730807577 22.0325 3.3333333333333335 0.8900000000000006
0.9733244414804935 0.0707876370887338 21.8925 2.3666666666666667 0.9000000000000006
0.9681004779370901 0.0518444666001994 21.775 1.7333333333333334 0.9100000000000006
0.9628765143936868 0.028913260219341975 21.6575 0.9666666666666667 0.9200000000000006
0.9596532177392464 0.014955134596211365 21.585 0.5 0.9300000000000006
0.9560964766033122 0.005982053838484547 21.505 0.2 0.9400000000000006
0.9520951428253862 0.003988035892323031 21.415 0.13333333333333333 0.9500000000000006
0.9494275869734355 9.970089730807576E-4 21.355 0.03333333333333333 0.9600000000000006
0.942869845504057 9.970089730807576E-4 21.2075 0.03333333333333333 0.9700000000000006
0.9270868067133489 9.970089730807576E-4 20.8525 0.03333333333333333 0.9800000000000006
0.883405579637657 9.970089730807576E-4 19.87 0.03333333333333333 0.9900000000000007
0.0 0.0 0.0 0.0
