0.0 0.8973080757726819 0.0 20.0 0.0
0.0 0.810568295114656 0.0 18.066666666666666 0.01
0.0 0.6799601196410767 0.0 15.155555555555555 0.02
0.0 0.654037886340977 0.0 14.577777777777778 0.03
0.0 0.6261216350947159 0.0 13.955555555555556 0.04
0.0 0.6111665004985045 0.0 13.622222222222222 0.05
0.0 0.5812562313060817 0.0 12.955555555555556 0.060000000000000005
0.0 0.5812562313060817 0.0 12.955555555555556 0.07
0.0 0.576271186440678 0.0 12.844444444444445 0.08
0.0 0.5692921236291126 0.0 12.688888888888888 0.09
0.0 0.5633100697906281 0.0 12.555555555555555 0.09999999999999999
0.0 0.5563310069790628 0.0 12.4 0.10999999999999999
0.0 0.5483549351944168 0.0 12.222222222222221 0.11999999999999998
0.0 0.5403788634097707 0.0 12.044444444444444 0.12999999999999998
0.0 0.53938185443669 0.0 12.022222222222222 0.13999999999999999
0.0 0.5353938185443669 0.0 11.933333333333334 0.15
0.0 0.5324027916251246 0.0 11.866666666666667 0.16
0.0 0.5284147557328016 0.0 11.777777777777779 0.17
0.0 0.522432701894317 0.0 11.644444444444444 0.18000000000000002
0.0 0.5164506480558325 0.0 11.511111111111111 0.19000000000000003
0.0 0.5114656031904287 0.0 11.4 0.20000000000000004
0.0 0.5104685942173479 0.0 11.377777777777778 0.21000000000000005
0.0 0.5034895314057827 0.0 11.222222222222221 0.22000000000000006
0.0 0.4955134596211366 0.0 11.044444444444444 0.23000000000000007
0.0 0.49252243270189433 0.0 10.977777777777778 0.24000000000000007
0.0 0.48953140578265203 0.0 10.911111111111111 0.25000000000000006
0.0 0.48753738783649053 0.0 10.866666666666667 0.26000000000000006
0.0 0.48554336989032904 0.0 10.822222222222223 0.2700000000000001
0.0 0.4835493519441675 0.0 10.777777777777779 0.2800000000000001
0.0 0.48055832502492524 0.0 10.71111111111111 0.2900000000000001
0.0 0.47756729810568294 0.0 10.644444444444444 0.3000000000000001
0.0 0.4715852442671984 0.0 10.511111111111111 0.3100000000000001
0.0 0.4675972083748754 0.0 10.422222222222222 0.3200000000000001
0.0 0.4646061814556331 0.0 10.355555555555556 0.3300000000000001
0.0 0.45663010967098705 0.0 10.177777777777777 0.34000000000000014
0.0 0.45164506480558325 0.0 10.066666666666666 0.35000000000000014
0.0 0.44865403788634095 0.0 10.0 0.36000000000000015
0.0 0.4406779661016949 0.0 9.822222222222223 0.37000000000000016
0.0 0.4356929212362911 0.0 9.71111111111111 0.38000000000000017
0.0 0.4307078763708873 0.0 9.6 0.3900000000000002
0.0 0.4307078763708873 0.0 9.6 0.4000000000000002
0.0 0.4307078763708873 0.0 9.6 0.4100000000000002
0.0 0.4307078763708873 0.0 9.6 0.4200000000000002
0.0 0.42971086739780656 0.0 9.577777777777778 0.4300000000000002
0.0 0.42971086739780656 0.0 9.577777777777778 0.4400000000000002
0.0 0.4267198404785643 0.0 9.511111111111111 0.45000000000000023
0.0 0.4267198404785643 0.0 9.511111111111111 0.46000000000000024
0.0 0.4267198404785643 0.0 9.511111111111111 0.47000000000000025
0.0 0.42273180458624127 0.0 9.422222222222222 0.48000000000000026
0.0 0.4217347956131605 0.0 9.4 0.49000000000000027
0.0 0.42073778664007977 0.0 9.377777777777778 0.5000000000000002
0.0 0.419740777666999 0.0 9.355555555555556 0.5100000000000002
0.0 0.4137587238285145 0.0 9.222222222222221 0.5200000000000002
0.0 0.4127617148554337 0.0 9.2 0.5300000000000002
0.0 0.4037886340977069 0.0 9.0 0.5400000000000003
0.0 0.39980059820538383 0.0 8.911111111111111 0.5500000000000003
0.0 0.3988035892323031 0.0 8.88888888888889 0.5600000000000003
0.0 0.3948155533399801 0.0 8.8 0.5700000000000003
0.0 0.3898305084745763 0.0 8.688888888888888 0.5800000000000003
0.0 0.386839481555334 0.0 8.622222222222222 0.5900000000000003
0.0 0.38584247258225324 0.0 8.6 0.6000000000000003
0.0 0.3818544366899302 0.0 8.511111111111111 0.6100000000000003
0.0 0.38085742771684944 0.0 8.488888888888889 0.6200000000000003
0.0 0.37587238285144564 0.0 8.377777777777778 0.6300000000000003
0.0 0.37387836490528414 0.0 8.333333333333334 0.6400000000000003
0.0 0.36889332003988035 0.0 8.222222222222221 0.6500000000000004
0.0 0.3659022931206381 0.0 8.155555555555555 0.6600000000000004
0.0 0.36390827517447655 0.0 8.11111111111111 0.6700000000000004
0.0 0.35692921236291125 0.0 7.955555555555556 0.6800000000000004
0.0 0.35692921236291125 0.0 7.955555555555556 0.6900000000000004
0.0 0.35294117647058826 0.0 7.866666666666666 0.7000000000000004
0.0 0.35294117647058826 0.0 7.866666666666666 0.7100000000000004
0.0 0.3459621136590229 0.0 7.711111111111111 0.7200000000000004
0.0 0.3459621136590229 0.0 7.711111111111111 0.7300000000000004
0.0 0.3439680957128614 0.0 7.666666666666667 0.7400000000000004
0.0 0.34097706879361916 0.0 7.6 0.7500000000000004
0.0 0.33998005982053836 0.0 7.5777777777777775 0.7600000000000005
0.0 0.33599202392821537 0.0 7.488888888888889 0.7700000000000005
0.0 0.32901296111665007 0.0 7.333333333333333 0.7800000000000005
0.0 0.325024925224327 0.0 7.2444444444444445 0.7900000000000005
0.0 0.3180458624127617 0.0 7.088888888888889 0.8000000000000005
0.0 0.31306081754735793 0.0 6.977777777777778 0.8100000000000005
0.0 0.3100697906281156 0.0 6.911111111111111 0.8200000000000005
0.0 0.29411764705882354 0.0 6.555555555555555 0.8300000000000005
0.0 0.292123629112662 0.0 6.511111111111111 0.8400000000000005
0.0 0.28015952143569295 0.0 6.2444444444444445 0.8500000000000005
0.0 0.2731804586241276 0.0 6.088888888888889 0.8600000000000005
0.0 0.26321036889332006 0.0 5.866666666666666 0.8700000000000006
0.0 0.25822532402791626 0.0 5.7555555555555555 0.8800000000000006
0.0 0.25623130608175476 0.0 5.711111111111111 0.8900000000000006
0.0 0.24426719840478564 0.0 5.444444444444445 0.9000000000000006
0.0 0.2382851445663011 0.0 5.311111111111111 0.9100000000000006
0.0 0.23030907278165502 0.0 5.133333333333334 0.9200000000000006
0.0 0.21535393818544366 0.0 4.8 0.9300000000000006
0.0 0.20937188434695914 0.0 4.666666666666667 0.9400000000000006
0.0 0.20039880358923232 0.0 4.466666666666667 0.9500000000000006
0.0 0.1794616151545364 0.0 4.0 0.9600000000000006
0.0 0.16550348953140578 0.0 3.688888888888889 0.9700000000000006
0.0 0.1465603190428714 0.0 3.2666666666666666 0.9800000000000006
0.0 0.10767696909272183 0.0 2.4 0.9900000000000007
0.0 0.0 0.0 0.0
