1.0 1.0 12.852857142857143 33.43333333333333 0.0
1.0 0.773678963110668 12.852857142857143 25.866666666666667 0.01
1.0 0.6630109670987039 12.852857142857143 22.166666666666668 0.02
1.0 0.6051844466600199 12.852857142857143 20.233333333333334 0.03
1.0 0.5742771684945165 12.852857142857143 19.2 0.04
1.0 0.5483549351944168 12.852857142857143 18.333333333333332 0.05
1.0 0.5064805583250249 12.852857142857143 16.933333333333334 0.060000000000000005
1.0 0.5064805583250249 12.852857142857143 16.933333333333334 0.07
1.0 0.481555333998006 12.852857142857143 16.1 0.08
1.0 0.4666001994017946 12.852857142857143 15.6 0.09
1.0 0.44865403788634095 12.852857142857143 15.0 0.09999999999999999
1.0 0.4386839481555334 12.852857142857143 14.666666666666666 0.10999999999999999
1.0 0.42971086739780656 12.852857142857143 14.366666666666667 0.11999999999999998
1.0 0.42572283150548357 12.852857142857143 14.233333333333333 0.12999999999999998
1.0 0.4217347956131605 12.852857142857143 14.1 0.13999999999999999
1.0 0.4097706879361914 12.852857142857143 13.7 0.15
1.0 0.3988035892323031 12.852857142857143 13.333333333333334 0.16
1.0 0.38584247258225324 12.852857142857143 12.9 0.17
1.0 0.36689930209371885 12.852857142857143 12.266666666666667 0.18000000000000002
1.0 0.357926221335992 12.852857142857143 11.966666666666667 0.19000000000000003
1.0 0.3459621136590229 12.852857142857143 11.566666666666666 0.20000000000000004
1.0 0.3369890329012961 12.852857142857143 11.266666666666667 0.21000000000000005
1.0 0.3320039880358923 12.852857142857143 11.1 0.22000000000000006
1.0 0.32801595214356927 12.852857142857143 10.966666666666667 0.23000000000000007
1.0 0.3270189431704885 12.852857142857143 10.933333333333334 0.24000000000000007
1.0 0.3220338983050847 12.852857142857143 10.766666666666667 0.25000000000000006
1.0 0.32103688933200397 12.852857142857143 10.733333333333333 0.26000000000000006
1.0 0.3200398803589232 12.852857142857143 10.7 0.2700000000000001
1.0 0.317048853439681 12.852857142857143 10.6 0.2800000000000001
1.0 0.3160518444666002 12.852857142857143 10.566666666666666 0.2900000000000001
1.0 0.3160518444666002 12.852857142857143 10.566666666666666 0.3000000000000001
1.0 0.3140578265204387 12.852857142857143 10.5 0.3100000000000001
1.0 0.3120638085742772 12.852857142857143 10.433333333333334 0.3200000000000001
1.0 0.3070787637088734 12.852857142857143 10.266666666666667 0.3300000000000001
1.0 0.3040877367896311 12.852857142857143 10.166666666666666 0.34000000000000014
1.0 0.3020937188434696 12.852857142857143 10.1 0.35000000000000014
1.0 0.30109670987038883 12.852857142857143 10.066666666666666 0.36000000000000015
1.0 0.2971086739780658 12.852857142857143 9.933333333333334 0.37000000000000016
1.0 0.29112662013958124 12.852857142857143 9.733333333333333 0.38000000000000017
1.0 0.2851445663010967 12.852857142857143 9.533333333333333 0.3900000000000002
1.0 0.27916251246261214 12.852857142857143 9.333333333333334 0.4000000000000002
1.0 0.2741774675972084 12.852857142857143 9.166666666666666 0.4100000000000002
1.0 0.26819541375872386 12.852857142857143 8.966666666666667 0.4200000000000002
1.0 0.259222333000997 12.852857142857143 8.666666666666666 0.4300000000000002
1.0 0.24925224327018944 12.852857142857143 8.333333333333334 0.4400000000000002
1.0 0.24227318045862412 12.852857142857143 8.1 0.45000000000000023
1.0 0.23230309072781655 12.852857142857143 7.766666666666667 0.46000000000000024
1.0 0.22831505483549352 12.852857142857143 7.633333333333334 0.47000000000000025
1.0 0.22432701894317048 12.852857142857143 7.5 0.48000000000000026
1.0 0.2213359920239282 12.852857142857143 7.4 0.49000000000000027
1.0 0.21535393818544366 12.852857142857143 7.2 0.5000000000000002
1.0 0.21036889332003988 12.852857142857143 7.033333333333333 0.5100000000000002
1.0 0.20638085742771686 12.852857142857143 6.9 0.5200000000000002
1.0 0.2023928215353938 12.852857142857143 6.766666666666667 0.5300000000000002
1.0 0.20139581256231306 12.852857142857143 6.733333333333333 0.5400000000000003
1.0 0.19740777666999004 12.852857142857143 6.6 0.5500000000000003
1.0 0.19441674975074777 12.852857142857143 6.5 0.5600000000000003
1.0 0.19441674975074777 12.852857142857143 6.5 0.5700000000000003
1.0 0.19242273180458624 12.852857142857143 6.433333333333334 0.5800000000000003
1.0 0.19042871385842472 12.852857142857143 6.366666666666666 0.5900000000000003
1.0 0.18943170488534397 12.852857142857143 6.333333333333333 0.6000000000000003
1.0 0.1864406779661017 12.852857142857143 6.233333333333333 0.6100000000000003
1.0 0.1864406779661017 12.852857142857143 6.233333333333333 0.6200000000000003
1.0 0.18544366899302095 12.852857142857143 6.2 0.6300000000000003
1.0 0.18344965104685942 12.852857142857143 6.133333333333334 0.6400000000000003
1.0 0.18245264207377868 12.852857142857143 6.1 0.6500000000000004
1.0 0.18045862412761715 12.852857142857143 6.033333333333333 0.6600000000000004
1.0 0.1794616151545364 12.852857142857143 6.0 0.6700000000000004
1.0 0.1744765702891326 12.852857142857143 5.833333333333333 0.6800000000000004
1.0 0.17048853439680958 12.852857142857143 5.7 0.6900000000000004
1.0 0.16650049850448653 12.852857142857143 5.566666666666666 0.7000000000000004
1.0 0.15952143569292124 12.852857142857143 5.333333333333333 0.7100000000000004
1.0 0.14955134596211367 12.852857142857143 5.0 0.7200000000000004
1.0 0.1465603190428714 12.852857142857143 4.9 0.7300000000000004
1.0 0.14257228315054835 12.852857142857143 4.766666666666667 0.7400000000000004
1.0 0.1365902293120638 12.852857142857143 4.566666666666666 0.7500000000000004
1.0 0.1365902293120638 12.852857142857143 4.566666666666666 0.7600000000000005
1.0 0.13060817547357925 12.852857142857143 4.366666666666666 0.7700000000000005
1.0 0.12562313060817548 12.852857142857143 4.2 0.7800000000000005
1.0 0.12163509471585245 12.852857142857143 4.066666666666666 0.7900000000000005
1.0 0.11864406779661017 12.852857142857143 3.966666666666667 0.8000000000000005
1.0 0.11764705882352941 12.852857142857143 3.933333333333333 0.8100000000000005
1.0 0.11764705882352941 12.852857142857143 3.933333333333333 0.8200000000000005
1.0 0.11665004985044865 12.852857142857143 3.9 0.8300000000000005
1.0 0.1156530408773679 12.852857142857143 3.8666666666666667 0.8400000000000005
0.999888851839502 0.11465603190428714 12.851428571428572 3.8333333333333335 0.8500000000000005
0.9997777036790041 0.11365902293120637 12.85 3.8 0.8600000000000005
0.9996665555185061 0.11266201395812563 12.848571428571429 3.7666666666666666 0.8700000000000006
0.9995554073580082 0.11266201395812563 12.847142857142858 3.7666666666666666 0.8800000000000006
0.9992219628765144 0.1106679960119641 12.842857142857143 3.7 0.8900000000000006
0.9986662220740247 0.10468594217347957 12.835714285714285 3.5 0.9000000000000006
0.9985550739135267 0.10269192422731804 12.834285714285715 3.433333333333333 0.9100000000000006
0.9979993331110371 0.09870388833499502 12.827142857142857 3.3 0.9200000000000006
0.9979993331110371 0.09571286141575275 12.827142857142857 3.2 0.9300000000000006
0.9979993331110371 0.09571286141575275 12.827142857142857 3.2 0.9400000000000006
0.9977770367900411 0.09571286141575275 12.824285714285715 3.2 0.9500000000000006
0.9973324441480493 0.09571286141575275 12.81857142857143 3.2 0.9600000000000006
0.9968878515060575 0.09571286141575275 12.812857142857142 3.2 0.9700000000000006
0.9956652217405801 0.09571286141575275 12.797142857142857 3.2 0.9800000000000006
0.9878848505057242 0.09571286141575275 12.697142857142858 3.2 0.9900000000000007
0.0 0.0 0.0 0.0
