1.0 1.0 11.24625 66.86666666666666 0.0
1.0 0.6560319042871385 11.24625 43.86666666666667 0.01
1.0 0.5084745762711864 11.24625 34.0 0.02
1.0 0.47058823529411764 11.24625 31.466666666666665 0.03
1.0 0.4336989032901296 11.24625 29.0 0.04
1.0 0.4047856430707876 11.24625 27.066666666666666 0.05
1.0 0.3698903290129611 11.24625 24.733333333333334 0.060000000000000005
1.0 0.3698903290129611 11.24625 24.733333333333334 0.07
1.0 0.3459621136590229 11.24625 23.133333333333333 0.08
1.0 0.3369890329012961 11.24625 22.533333333333335 0.09
1.0 0.3230309072781655 11.24625 21.6 0.09999999999999999
1.0 0.3100697906281156 11.24625 20.733333333333334 0.10999999999999999
1.0 0.3050847457627119 11.24625 20.4 0.11999999999999998
1.0 0.29910269192422734 11.24625 20.0 0.12999999999999998
1.0 0.2931206380857428 11.24625 19.6 0.13999999999999999
1.0 0.28713858424725824 11.24625 19.2 0.15
1.0 0.28614157527417744 11.24625 19.133333333333333 0.16
1.0 0.27716849451645065 11.24625 18.533333333333335 0.17
1.0 0.259222333000997 11.24625 17.333333333333332 0.18000000000000002
1.0 0.2522432701894317 11.24625 16.866666666666667 0.19000000000000003
1.0 0.24925224327018944 11.24625 16.666666666666668 0.20000000000000004
1.0 0.24227318045862412 11.24625 16.2 0.21000000000000005
1.0 0.23429710867397807 11.24625 15.666666666666666 0.22000000000000006
1.0 0.22532402791625125 11.24625 15.066666666666666 0.23000000000000007
1.0 0.22233300099700898 11.24625 14.866666666666667 0.24000000000000007
1.0 0.21635094715852443 11.24625 14.466666666666667 0.25000000000000006
1.0 0.21136590229312063 11.24625 14.133333333333333 0.26000000000000006
1.0 0.20837487537387836 11.24625 13.933333333333334 0.2700000000000001
1.0 0.2053838484546361 11.24625 13.733333333333333 0.2800000000000001
1.0 0.2033898305084746 11.24625 13.6 0.2900000000000001
1.0 0.20139581256231306 11.24625 13.466666666666667 0.3000000000000001
1.0 0.20139581256231306 11.24625 13.466666666666667 0.3100000000000001
1.0 0.19940179461615154 11.24625 13.333333333333334 0.3200000000000001
1.0 0.19541375872382852 11.24625 13.066666666666666 0.3300000000000001
1.0 0.19441674975074777 11.24625 13.0 0.34000000000000014
1.0 0.193419740777667 11.24625 12.933333333333334 0.35000000000000014
1.0 0.19042871385842472 11.24625 12.733333333333333 0.36000000000000015
1.0 0.18544366899302095 11.24625 12.4 0.37000000000000016
1.0 0.1794616151545364 11.24625 12.0 0.38000000000000017
1.0 0.17647058823529413 11.24625 11.8 0.3900000000000002
1.0 0.1744765702891326 11.24625 11.666666666666666 0.4000000000000002
1.0 0.1674975074775673 11.24625 11.2 0.4100000000000002
1.0 0.16350947158524426 11.24625 10.933333333333334 0.4200000000000002
1.0 0.15653040877367896 11.24625 10.466666666666667 0.4300000000000002
1.0 0.14755732801595214 11.24625 9.866666666666667 0.4400000000000002
1.0 0.1415752741774676 11.24625 9.466666666666667 0.45000000000000023
1.0 0.13160518444666003 11.24625 8.8 0.46000000000000024
1.0 0.1226321036889332 11.24625 8.2 0.47000000000000025
1.0 0.11864406779661017 11.24625 7.933333333333334 0.48000000000000026
1.0 0.1156530408773679 11.24625 7.733333333333333 0.49000000000000027
1.0 0.11166500498504486 11.24625 7.466666666666667 0.5000000000000002
1.0 0.1106679960119641 11.24625 7.4 0.5100000000000002
1.0 0.10568295114656032 11.24625 7.066666666666666 0.5200000000000002
1.0 0.09970089730807577 11.24625 6.666666666666667 0.5300000000000002
1.0 0.09770687936191426 11.24625 6.533333333333333 0.5400000000000003
1.0 0.0967098703888335 11.24625 6.466666666666667 0.5500000000000003
1.0 0.09371884346959122 11.24625 6.266666666666667 0.5600000000000003
1.0 0.09371884346959122 11.24625 6.266666666666667 0.5700000000000003
1.0 0.09072781655034895 11.24625 6.066666666666666 0.5800000000000003
1.0 0.08873379860418744 11.24625 5.933333333333334 0.5900000000000003
1.0 0.08773678963110668 11.24625 5.866666666666666 0.6000000000000003
1.0 0.08773678963110668 11.24625 5.866666666666666 0.6100000000000003
1.0 0.08574277168494517 11.24625 5.733333333333333 0.6200000000000003
1.0 0.0847457627118644 11.24625 5.666666666666667 0.6300000000000003
1.0 0.08275174476570289 11.24625 5.533333333333333 0.6400000000000003
1.0 0.08175473579262213 11.24625 5.466666666666667 0.6500000000000004
1.0 0.07876370887337986 11.24625 5.266666666666667 0.6600000000000004
1.0 0.07676969092721835 11.24625 5.133333333333334 0.6700000000000004
1.0 0.07377866400797607 11.24625 4.933333333333334 0.6800000000000004
1.0 0.0707876370887338 11.24625 4.733333333333333 0.6900000000000004
1.0 0.06979062811565304 11.24625 4.666666666666667 0.7000000000000004
1.0 0.06679960119641076 11.24625 4.466666666666667 0.7100000000000004
1.0 0.05982053838484546 11.24625 4.0 0.7200000000000004
1.0 0.05583250249252243 11.24625 3.7333333333333334 0.7300000000000004
1.0 0.053838484546360914 11.24625 3.6 0.7400000000000004
1.0 0.053838484546360914 11.24625 3.6 0.7500000000000004
1.0 0.049850448654037885 11.24625 3.3333333333333335 0.7600000000000005
1.0 0.04685942173479561 11.24625 3.1333333333333333 0.7700000000000005
1.0 0.0448654037886341 11.24625 3.0 0.7800000000000005
1.0 0.04287138584247258 11.24625 2.8666666666666667 0.7900000000000005
1.0 0.038883349950149554 11.24625 2.6 0.8000000000000005
0.999888851839502 0.036889332003988036 11.245 2.466666666666667 0.8100000000000005
0.999888851839502 0.03389830508474576 11.245 2.2666666666666666 0.8200000000000005
0.999888851839502 0.03389830508474576 11.245 2.2666666666666666 0.8300000000000005
0.9997777036790041 0.03389830508474576 11.24375 2.2666666666666666 0.8400000000000005
0.9996665555185061 0.03389830508474576 11.2425 2.2666666666666666 0.8500000000000005
0.9996665555185061 0.03290129611166501 11.2425 2.2 0.8600000000000005
0.9996665555185061 0.031904287138584245 11.2425 2.1333333333333333 0.8700000000000006
0.9995554073580082 0.03090727816550349 11.24125 2.066666666666667 0.8800000000000006
0.9995554073580082 0.02991026919242273 11.24125 2.0 0.8900000000000006
0.9995554073580082 0.026919242273180457 11.24125 1.8 0.9000000000000006
0.9989996665555185 0.0259222333000997 11.235 1.7333333333333334 0.9100000000000006
0.9988885183950206 0.023928215353938187 11.23375 1.6 0.9200000000000006
0.9987773702345226 0.02193419740777667 11.2325 1.4666666666666666 0.9300000000000006
0.9985550739135267 0.02193419740777667 11.23 1.4666666666666666 0.9400000000000006
0.9983327775925308 0.020937188434695914 11.2275 1.4 0.9500000000000006
0.9982216294320329 0.019940179461615155 11.22625 1.3333333333333333 0.9600000000000006
0.9977770367900411 0.019940179461615155 11.22125 1.3333333333333333 0.9700000000000006
0.9966655551850617 0.019940179461615155 11.20875 1.3333333333333333 0.9800000000000006
0.9924419250861398 0.019940179461615155 11.16125 1.3333333333333333 0.9900000000000007
0.0 0.0 0.0 0.0
