1.0 1.0 8.997 28.65714285714286 0.0
1.0 0.5254237288135594 8.997 15.057142857142857 0.01
1.0 0.3748753738783649 8.997 10.742857142857142 0.02
1.0 0.325024925224327 8.997 9.314285714285715 0.03
1.0 0.29411764705882354 8.997 8.428571428571429 0.04
1.0 0.2731804586241276 8.997 7.828571428571428 0.05
1.0 0.2472582253240279 8.997 7.085714285714285 0.060000000000000005
1.0 0.2472582253240279 8.997 7.085714285714285 0.07
1.0 0.23230309072781655 8.997 6.6571428571428575 0.08
1.0 0.22033898305084745 8.997 6.314285714285714 0.09
1.0 0.21036889332003988 8.997 6.0285714285714285 0.09999999999999999
1.0 0.20438683948155534 8.997 5.857142857142857 0.10999999999999999
1.0 0.19541375872382852 8.997 5.6 0.11999999999999998
1.0 0.18943170488534397 8.997 5.428571428571429 0.12999999999999998
1.0 0.18544366899302095 8.997 5.314285714285714 0.13999999999999999
1.0 0.18045862412761715 8.997 5.171428571428572 0.15
1.0 0.17547357926221335 8.997 5.0285714285714285 0.16
1.0 0.1674975074775673 8.997 4.8 0.17
1.0 0.1485543369890329 8.997 4.257142857142857 0.18000000000000002
1.0 0.14356929212362912 8.997 4.114285714285714 0.19000000000000003
1.0 0.13559322033898305 8.997 3.8857142857142857 0.20000000000000004
1.0 0.12562313060817548 8.997 3.6 0.21000000000000005
1.0 0.12063808574277168 8.997 3.4571428571428573 0.22000000000000006
1.0 0.1156530408773679 8.997 3.3142857142857145 0.23000000000000007
1.0 0.11465603190428714 8.997 3.2857142857142856 0.24000000000000007
1.0 0.11365902293120637 8.997 3.257142857142857 0.25000000000000006
1.0 0.10967098703888335 8.997 3.142857142857143 0.26000000000000006
1.0 0.10867397806580259 8.997 3.1142857142857143 0.2700000000000001
1.0 0.10568295114656032 8.997 3.0285714285714285 0.2800000000000001
1.0 0.10468594217347957 8.997 3.0 0.2900000000000001
1.0 0.1036889332003988 8.997 2.9714285714285715 0.3000000000000001
1.0 0.10069790628115653 8.997 2.8857142857142857 0.3100000000000001
1.0 0.10069790628115653 8.997 2.8857142857142857 0.3200000000000001
1.0 0.09770687936191426 8.997 2.8 0.3300000000000001
1.0 0.0967098703888335 8.997 2.7714285714285714 0.34000000000000014
1.0 0.09571286141575275 8.997 2.742857142857143 0.35000000000000014
1.0 0.09172482552342971 8.997 2.6285714285714286 0.36000000000000015
1.0 0.08773678963110668 8.997 2.5142857142857142 0.37000000000000016
1.0 0.08574277168494517 8.997 2.4571428571428573 0.38000000000000017
1.0 0.08574277168494517 8.997 2.4571428571428573 0.3900000000000002
1.0 0.08175473579262213 8.997 2.342857142857143 0.4000000000000002
1.0 0.07976071784646062 8.997 2.2857142857142856 0.4100000000000002
1.0 0.07278165503489531 8.997 2.085714285714286 0.4200000000000002
1.0 0.06879361914257229 8.997 1.9714285714285715 0.4300000000000002
1.0 0.06580259222333001 8.997 1.8857142857142857 0.4400000000000002
1.0 0.06580259222333001 8.997 1.8857142857142857 0.45000000000000023
1.0 0.06181455633100698 8.997 1.7714285714285714 0.46000000000000024
1.0 0.05782652043868395 8.997 1.6571428571428573 0.47000000000000025
1.0 0.05583250249252243 8.997 1.6 0.48000000000000026
1.0 0.05284147557328016 8.997 1.5142857142857142 0.49000000000000027
1.0 0.05084745762711865 8.997 1.457142857142857 0.5000000000000002
1.0 0.04885343968095713 8.997 1.4 0.5100000000000002
1.0 0.047856430707876374 8.997 1.3714285714285714 0.5200000000000002
1.0 0.04685942173479561 8.997 1.3428571428571427 0.5300000000000002
1.0 0.04685942173479561 8.997 1.3428571428571427 0.5400000000000003
1.0 0.045862412761714856 8.997 1.3142857142857143 0.5500000000000003
1.0 0.045862412761714856 8.997 1.3142857142857143 0.5600000000000003
1.0 0.045862412761714856 8.997 1.3142857142857143 0.5700000000000003
1.0 0.045862412761714856 8.997 1.3142857142857143 0.5800000000000003
1.0 0.045862412761714856 8.997 1.3142857142857143 0.5900000000000003
1.0 0.045862412761714856 8.997 1.3142857142857143 0.6000000000000003
1.0 0.04386839481555334 8.997 1.2571428571428571 0.6100000000000003
1.0 0.04287138584247258 8.997 1.2285714285714286 0.6200000000000003
1.0 0.04287138584247258 8.997 1.2285714285714286 0.6300000000000003
1.0 0.04287138584247258 8.997 1.2285714285714286 0.6400000000000003
1.0 0.04287138584247258 8.997 1.2285714285714286 0.6500000000000004
1.0 0.04187437686939183 8.997 1.2 0.6600000000000004
1.0 0.040877367896311065 8.997 1.1714285714285715 0.6700000000000004
1.0 0.038883349950149554 8.997 1.1142857142857143 0.6800000000000004
1.0 0.03489531405782652 8.997 1.0 0.6900000000000004
1.0 0.03290129611166501 8.997 0.9428571428571428 0.7000000000000004
1.0 0.03090727816550349 8.997 0.8857142857142857 0.7100000000000004
1.0 0.02991026919242273 8.997 0.8571428571428571 0.7200000000000004
1.0 0.028913260219341975 8.997 0.8285714285714286 0.7300000000000004
1.0 0.026919242273180457 8.997 0.7714285714285715 0.7400000000000004
1.0 0.024925224327018942 8.997 0.7142857142857143 0.7500000000000004
1.0 0.024925224327018942 8.997 0.7142857142857143 0.7600000000000005
1.0 0.023928215353938187 8.997 0.6857142857142857 0.7700000000000005
1.0 0.022931206380857428 8.997 0.6571428571428571 0.7800000000000005
1.0 0.02193419740777667 8.997 0.6285714285714286 0.7900000000000005
1.0 0.02193419740777667 8.997 0.6285714285714286 0.8000000000000005
1.0 0.02193419740777667 8.997 0.6285714285714286 0.8100000000000005
1.0 0.02193419740777667 8.997 0.6285714285714286 0.8200000000000005
1.0 0.02193419740777667 8.997 0.6285714285714286 0.8300000000000005
1.0 0.020937188434695914 8.997 0.6 0.8400000000000005
1.0 0.020937188434695914 8.997 0.6 0.8500000000000005
1.0 0.020937188434695914 8.997 0.6 0.8600000000000005
1.0 0.020937188434695914 8.997 0.6 0.8700000000000006
1.0 0.020937188434695914 8.997 0.6 0.8800000000000006
1.0 0.020937188434695914 8.997 0.6 0.8900000000000006
0.999888851839502 0.019940179461615155 8.996 0.5714285714285714 0.9000000000000006
0.999888851839502 0.019940179461615155 8.996 0.5714285714285714 0.9100000000000006
0.999888851839502 0.019940179461615155 8.996 0.5714285714285714 0.9200000000000006
0.999888851839502 0.019940179461615155 8.996 0.5714285714285714 0.9300000000000006
0.999888851839502 0.019940179461615155 8.996 0.5714285714285714 0.9400000000000006
0.999888851839502 0.019940179461615155 8.996 0.5714285714285714 0.9500000000000006
0.999888851839502 0.019940179461615155 8.996 0.5714285714285714 0.9600000000000006
0.999888851839502 0.019940179461615155 8.996 0.5714285714285714 0.9700000000000006
0.9996665555185061 0.019940179461615155 8.994 0.5714285714285714 0.9800000000000006
0.9993331110370124 0.019940179461615155 8.991 0.5714285714285714 0.9900000000000007
0.0 0.0 0.0 0.0
