0.0 0.6979062811565304 0.0 25.0 0.0
0.0 0.613160518444666 0.0 21.964285714285715 0.01
0.0 0.4965104685942173 0.0 17.785714285714285 0.02
0.0 0.46061814556331004 0.0 16.5 0.03
0.0 0.44167497507477566 0.0 15.821428571428571 0.04
0.0 0.419740777666999 0.0 15.035714285714286 0.05
0.0 0.39780658025922233 0.0 14.25 0.060000000000000005
0.0 0.39780658025922233 0.0 14.25 0.07
0.0 0.3848454636091725 0.0 13.785714285714286 0.08
0.0 0.3798604187437687 0.0 13.607142857142858 0.09
0.0 0.3698903290129611 0.0 13.25 0.09999999999999999
0.0 0.3589232303090728 0.0 12.857142857142858 0.10999999999999999
0.0 0.35692921236291125 0.0 12.785714285714286 0.11999999999999998
0.0 0.3509471585244267 0.0 12.571428571428571 0.12999999999999998
0.0 0.3459621136590229 0.0 12.392857142857142 0.13999999999999999
0.0 0.34097706879361916 0.0 12.214285714285714 0.15
0.0 0.33300099700897307 0.0 11.928571428571429 0.16
0.0 0.3300099700897308 0.0 11.821428571428571 0.17
0.0 0.317048853439681 0.0 11.357142857142858 0.18000000000000002
0.0 0.31306081754735793 0.0 11.214285714285714 0.19000000000000003
0.0 0.3100697906281156 0.0 11.107142857142858 0.20000000000000004
0.0 0.3100697906281156 0.0 11.107142857142858 0.21000000000000005
0.0 0.30109670987038883 0.0 10.785714285714286 0.22000000000000006
0.0 0.29910269192422734 0.0 10.714285714285714 0.23000000000000007
0.0 0.29810568295114653 0.0 10.678571428571429 0.24000000000000007
0.0 0.2951146560319043 0.0 10.571428571428571 0.25000000000000006
0.0 0.2931206380857428 0.0 10.5 0.26000000000000006
0.0 0.29112662013958124 0.0 10.428571428571429 0.2700000000000001
0.0 0.28713858424725824 0.0 10.285714285714286 0.2800000000000001
0.0 0.28414755732801594 0.0 10.178571428571429 0.2900000000000001
0.0 0.28015952143569295 0.0 10.035714285714286 0.3000000000000001
0.0 0.27517447657028915 0.0 9.857142857142858 0.3100000000000001
0.0 0.27517447657028915 0.0 9.857142857142858 0.3200000000000001
0.0 0.2741774675972084 0.0 9.821428571428571 0.3300000000000001
0.0 0.26719840478564305 0.0 9.571428571428571 0.34000000000000014
0.0 0.2662013958125623 0.0 9.535714285714286 0.35000000000000014
0.0 0.26520438683948155 0.0 9.5 0.36000000000000015
0.0 0.26520438683948155 0.0 9.5 0.37000000000000016
0.0 0.26321036889332006 0.0 9.428571428571429 0.38000000000000017
0.0 0.259222333000997 0.0 9.285714285714286 0.3900000000000002
0.0 0.25523429710867396 0.0 9.142857142857142 0.4000000000000002
0.0 0.2522432701894317 0.0 9.035714285714286 0.4100000000000002
0.0 0.2522432701894317 0.0 9.035714285714286 0.4200000000000002
0.0 0.25124626121635096 0.0 9.0 0.4300000000000002
0.0 0.24925224327018944 0.0 8.928571428571429 0.4400000000000002
0.0 0.24825523429710866 0.0 8.892857142857142 0.45000000000000023
0.0 0.24426719840478564 0.0 8.75 0.46000000000000024
0.0 0.2432701894317049 0.0 8.714285714285714 0.47000000000000025
0.0 0.23928215353938184 0.0 8.571428571428571 0.48000000000000026
0.0 0.23230309072781655 0.0 8.321428571428571 0.49000000000000027
0.0 0.23030907278165502 0.0 8.25 0.5000000000000002
0.0 0.22831505483549352 0.0 8.178571428571429 0.5100000000000002
0.0 0.226321036889332 0.0 8.107142857142858 0.5200000000000002
0.0 0.22333000997008973 0.0 8.0 0.5300000000000002
0.0 0.22233300099700898 0.0 7.964285714285714 0.5400000000000003
0.0 0.22233300099700898 0.0 7.964285714285714 0.5500000000000003
0.0 0.22033898305084745 0.0 7.892857142857143 0.5600000000000003
0.0 0.21535393818544366 0.0 7.714285714285714 0.5700000000000003
0.0 0.21335992023928216 0.0 7.642857142857143 0.5800000000000003
0.0 0.2073778664007976 0.0 7.428571428571429 0.5900000000000003
0.0 0.2033898305084746 0.0 7.285714285714286 0.6000000000000003
0.0 0.2023928215353938 0.0 7.25 0.6100000000000003
0.0 0.1984047856430708 0.0 7.107142857142857 0.6200000000000003
0.0 0.1984047856430708 0.0 7.107142857142857 0.6300000000000003
0.0 0.19641076769690927 0.0 7.035714285714286 0.6400000000000003
0.0 0.19641076769690927 0.0 7.035714285714286 0.6500000000000004
0.0 0.19641076769690927 0.0 7.035714285714286 0.6600000000000004
0.0 0.19541375872382852 0.0 7.0 0.6700000000000004
0.0 0.19441674975074777 0.0 6.964285714285714 0.6800000000000004
0.0 0.19441674975074777 0.0 6.964285714285714 0.6900000000000004
0.0 0.193419740777667 0.0 6.928571428571429 0.7000000000000004
0.0 0.18843469591226322 0.0 6.75 0.7100000000000004
0.0 0.18743768693918245 0.0 6.714285714285714 0.7200000000000004
0.0 0.1864406779661017 0.0 6.678571428571429 0.7300000000000004
0.0 0.18544366899302095 0.0 6.642857142857143 0.7400000000000004
0.0 0.18245264207377868 0.0 6.535714285714286 0.7500000000000004
0.0 0.18045862412761715 0.0 6.464285714285714 0.7600000000000005
0.0 0.17746759720837488 0.0 6.357142857142857 0.7700000000000005
0.0 0.17547357926221335 0.0 6.285714285714286 0.7800000000000005
0.0 0.17347956131605186 0.0 6.214285714285714 0.7900000000000005
0.0 0.17148554336989033 0.0 6.142857142857143 0.8000000000000005
0.0 0.1694915254237288 0.0 6.071428571428571 0.8100000000000005
0.0 0.1674975074775673 0.0 6.0 0.8200000000000005
0.0 0.16650049850448653 0.0 5.964285714285714 0.8300000000000005
0.0 0.1625124626121635 0.0 5.821428571428571 0.8400000000000005
0.0 0.1585244267198405 0.0 5.678571428571429 0.8500000000000005
0.0 0.1585244267198405 0.0 5.678571428571429 0.8600000000000005
0.0 0.15154536390827517 0.0 5.428571428571429 0.8700000000000006
0.0 0.15054835493519442 0.0 5.392857142857143 0.8800000000000006
0.0 0.1465603190428714 0.0 5.25 0.8900000000000006
0.0 0.14057826520438685 0.0 5.035714285714286 0.9000000000000006
0.0 0.13758723828514458 0.0 4.928571428571429 0.9100000000000006
0.0 0.12861415752741776 0.0 4.607142857142857 0.9200000000000006
0.0 0.12462612163509472 0.0 4.464285714285714 0.9300000000000006
0.0 0.11864406779661017 0.0 4.25 0.9400000000000006
0.0 0.1106679960119641 0.0 3.9642857142857144 0.9500000000000006
0.0 0.10069790628115653 0.0 3.607142857142857 0.9600000000000006
0.0 0.08873379860418744 0.0 3.1785714285714284 0.9700000000000006
0.0 0.08175473579262213 0.0 2.9285714285714284 0.9800000000000006
0.0 0.06081754735792622 0.0 2.1785714285714284 0.9900000000000007
0.0 0.0 0.0 0.0
