1.0 1.0 11.24625 Infinity 0.0
1.0 0.6759720837487537 11.24625 Infinity 0.01
1.0 0.5383848454636092 11.24625 Infinity 0.02
1.0 0.4865403788634098 11.24625 Infinity 0.03
1.0 0.45363908275174475 11.24625 Infinity 0.04
1.0 0.419740777666999 11.24625 Infinity 0.05
1.0 0.37686939182452645 11.24625 Infinity 0.060000000000000005
1.0 0.37686939182452645 11.24625 Infinity 0.07
1.0 0.35992023928215355 11.24625 Infinity 0.08
1.0 0.3389830508474576 11.24625 Infinity 0.09
1.0 0.3230309072781655 11.24625 Infinity 0.09999999999999999
1.0 0.3100697906281156 11.24625 Infinity 0.10999999999999999
1.0 0.29810568295114653 11.24625 Infinity 0.11999999999999998
1.0 0.29112662013958124 11.24625 Infinity 0.12999999999999998
1.0 0.28713858424725824 11.24625 Infinity 0.13999999999999999
1.0 0.28215353938185445 11.24625 Infinity 0.15
1.0 0.27517447657028915 11.24625 Infinity 0.16
1.0 0.2642073778664008 11.24625 Infinity 0.17
1.0 0.2432701894317049 11.24625 Infinity 0.18000000000000002
1.0 0.23629112662013957 11.24625 Infinity 0.19000000000000003
1.0 0.22432701894317048 11.24625 Infinity 0.20000000000000004
1.0 0.21136590229312063 11.24625 Infinity 0.21000000000000005
1.0 0.2073778664007976 11.24625 Infinity 0.22000000000000006
1.0 0.20139581256231306 11.24625 Infinity 0.23000000000000007
1.0 0.19441674975074777 11.24625 Infinity 0.24000000000000007
1.0 0.193419740777667 11.24625 Infinity 0.25000000000000006
1.0 0.18943170488534397 11.24625 Infinity 0.26000000000000006
1.0 0.18444666001994017 11.24625 Infinity 0.2700000000000001
1.0 0.18344965104685942 11.24625 Infinity 0.2800000000000001
1.0 0.1814556331006979 11.24625 Infinity 0.2900000000000001
1.0 0.1794616151545364 11.24625 Infinity 0.3000000000000001
1.0 0.1794616151545364 11.24625 Infinity 0.3100000000000001
1.0 0.17846460618145563 11.24625 Infinity 0.3200000000000001
1.0 0.17746759720837488 11.24625 Infinity 0.3300000000000001
1.0 0.17547357926221335 11.24625 Infinity 0.34000000000000014
1.0 0.1744765702891326 11.24625 Infinity 0.35000000000000014
1.0 0.17048853439680958 11.24625 Infinity 0.36000000000000015
1.0 0.1694915254237288 11.24625 Infinity 0.37000000000000016
1.0 0.16550348953140578 11.24625 Infinity 0.38000000000000017
1.0 0.16151545363908276 11.24625 Infinity 0.3900000000000002
1.0 0.15653040877367896 11.24625 Infinity 0.4000000000000002
1.0 0.15254237288135594 11.24625 Infinity 0.4100000000000002
1.0 0.14955134596211367 11.24625 Infinity 0.4200000000000002
1.0 0.14257228315054835 11.24625 Infinity 0.4300000000000002
1.0 0.1365902293120638 11.24625 Infinity 0.4400000000000002
1.0 0.13160518444666003 11.24625 Infinity 0.45000000000000023
1.0 0.12861415752741776 11.24625 Infinity 0.46000000000000024
1.0 0.12063808574277168 11.24625 Infinity 0.47000000000000025
1.0 0.1156530408773679 11.24625 Infinity 0.48000000000000026
1.0 0.11266201395812563 11.24625 Infinity 0.49000000000000027
1.0 0.10867397806580259 11.24625 Infinity 0.5000000000000002
1.0 0.10568295114656032 11.24625 Infinity 0.5100000000000002
1.0 0.1036889332003988 11.24625 Infinity 0.5200000000000002
1.0 0.10269192422731804 11.24625 Infinity 0.5300000000000002
1.0 0.1016949152542373 11.24625 Infinity 0.5400000000000003
1.0 0.09870388833499502 11.24625 Infinity 0.5500000000000003
1.0 0.09770687936191426 11.24625 Infinity 0.5600000000000003
1.0 0.09471585244267199 11.24625 Infinity 0.5700000000000003
1.0 0.09172482552342971 11.24625 Infinity 0.5800000000000003
1.0 0.09172482552342971 11.24625 Infinity 0.5900000000000003
1.0 0.0897308075772682 11.24625 Infinity 0.6000000000000003
1.0 0.08673978065802593 11.24625 Infinity 0.6100000000000003
1.0 0.08673978065802593 11.24625 Infinity 0.6200000000000003
1.0 0.0847457627118644 11.24625 Infinity 0.6300000000000003
1.0 0.08374875373878365 11.24625 Infinity 0.6400000000000003
1.0 0.08374875373878365 11.24625 Infinity 0.6500000000000004
1.0 0.08175473579262213 11.24625 Infinity 0.6600000000000004
1.0 0.08075772681954138 11.24625 Infinity 0.6700000000000004
1.0 0.07876370887337986 11.24625 Infinity 0.6800000000000004
1.0 0.07278165503489531 11.24625 Infinity 0.6900000000000004
1.0 0.06779661016949153 11.24625 Infinity 0.7000000000000004
1.0 0.06181455633100698 11.24625 Infinity 0.7100000000000004
1.0 0.053838484546360914 11.24625 Infinity 0.7200000000000004
1.0 0.05284147557328016 11.24625 Infinity 0.7300000000000004
1.0 0.047856430707876374 11.24625 Infinity 0.7400000000000004
1.0 0.04187437686939183 11.24625 Infinity 0.7500000000000004
1.0 0.036889332003988036 11.24625 Infinity 0.7600000000000005
1.0 0.03290129611166501 11.24625 Infinity 0.7700000000000005
1.0 0.02991026919242273 11.24625 Infinity 0.7800000000000005
1.0 0.027916251246261216 11.24625 Infinity 0.7900000000000005
1.0 0.0259222333000997 11.24625 Infinity 0.8000000000000005
1.0 0.023928215353938187 11.24625 Infinity 0.8100000000000005
1.0 0.020937188434695914 11.24625 Infinity 0.8200000000000005
1.0 0.01694915254237288 11.24625 Infinity 0.8300000000000005
0.999888851839502 0.01694915254237288 11.245 Infinity 0.8400000000000005
0.999888851839502 0.015952143569292122 11.245 Infinity 0.8500000000000005
0.999888851839502 0.013958125623130608 11.245 Infinity 0.8600000000000005
0.9996665555185061 0.01296111665004985 11.2425 Infinity 0.8700000000000006
0.9996665555185061 0.009970089730807577 11.2425 Infinity 0.8800000000000006
0.9995554073580082 0.006979062811565304 11.24125 Infinity 0.8900000000000006
0.9994442591975102 0.006979062811565304 11.24 Infinity 0.9000000000000006
0.9994442591975102 0.003988035892323031 11.24 Infinity 0.9100000000000006
0.9993331110370124 0.003988035892323031 11.23875 Infinity 0.9200000000000006
0.9989996665555185 0.0029910269192422734 11.235 Infinity 0.9300000000000006
0.9988885183950206 0.0019940179461615153 11.23375 Infinity 0.9400000000000006
0.9987773702345226 9.970089730807576E-4 11.2325 Infinity 0.9500000000000006
0.9986662220740247 0.0 11.23125 NaN 0.9600000000000006
0.9983327775925308 0.0 11.2275 NaN 0.9700000000000006
0.9977770367900411 0.0 11.22125 NaN 0.9800000000000006
0.9934422585306213 0.0 11.1725 NaN 0.9900000000000007
0.0 0.0 0.0 0.0
