1.0 1.0 22.4925 20.06 0.0
1.0 0.9351944167497508 22.4925 18.76 0.01
1.0 0.864406779661017 22.4925 17.34 0.02
1.0 0.8354935194416749 22.4925 16.76 0.03
1.0 0.8145563310069791 22.4925 16.34 0.04
1.0 0.7936191425722832 22.4925 15.92 0.05
1.0 0.7706879361914257 22.4925 15.46 0.060000000000000005
1.0 0.7706879361914257 22.4925 15.46 0.07
1.0 0.7517447657028913 22.4925 15.08 0.08
1.0 0.732801595214357 22.4925 14.7 0.09
1.0 0.7178464606181456 22.4925 14.4 0.09999999999999999
1.0 0.7028913260219342 22.4925 14.1 0.10999999999999999
1.0 0.6959122632103689 22.4925 13.96 0.11999999999999998
1.0 0.6909272183449651 22.4925 13.86 0.12999999999999998
1.0 0.6809571286141576 22.4925 13.66 0.13999999999999999
1.0 0.6719840478564307 22.4925 13.48 0.15
1.0 0.6640079760717846 22.4925 13.32 0.16
1.0 0.6560319042871385 22.4925 13.16 0.17
1.0 0.6390827517447657 22.4925 12.82 0.18000000000000002
1.0 0.6301096709870389 22.4925 12.64 0.19000000000000003
1.0 0.6191425722831505 22.4925 12.42 0.20000000000000004
1.0 0.613160518444666 22.4925 12.3 0.21000000000000005
1.0 0.6041874376869392 22.4925 12.12 0.22000000000000006
1.0 0.6001994017946162 22.4925 12.04 0.23000000000000007
1.0 0.5922233300099701 22.4925 11.88 0.24000000000000007
1.0 0.5882352941176471 22.4925 11.8 0.25000000000000006
1.0 0.5862412761714856 22.4925 11.76 0.26000000000000006
1.0 0.5832502492522432 22.4925 11.7 0.2700000000000001
1.0 0.580259222333001 22.4925 11.64 0.2800000000000001
1.0 0.5792622133599202 22.4925 11.62 0.2900000000000001
1.0 0.5752741774675972 22.4925 11.54 0.3000000000000001
1.0 0.5732801595214357 22.4925 11.5 0.3100000000000001
1.0 0.5722831505483549 22.4925 11.48 0.3200000000000001
1.0 0.5692921236291126 22.4925 11.42 0.3300000000000001
1.0 0.5682951146560319 22.4925 11.4 0.34000000000000014
1.0 0.5633100697906281 22.4925 11.3 0.35000000000000014
1.0 0.5563310069790628 22.4925 11.16 0.36000000000000015
1.0 0.5483549351944168 22.4925 11.0 0.37000000000000016
1.0 0.5423728813559322 22.4925 10.88 0.38000000000000017
1.0 0.5363908275174477 22.4925 10.76 0.3900000000000002
1.0 0.5254237288135594 22.4925 10.54 0.4000000000000002
1.0 0.5164506480558325 22.4925 10.36 0.4100000000000002
1.0 0.5064805583250249 22.4925 10.16 0.4200000000000002
1.0 0.4915254237288136 22.4925 9.86 0.4300000000000002
1.0 0.4785643070787637 22.4925 9.6 0.4400000000000002
1.0 0.4666001994017946 22.4925 9.36 0.45000000000000023
1.0 0.45363908275174475 22.4925 9.1 0.46000000000000024
1.0 0.4456630109670987 22.4925 8.94 0.47000000000000025
1.0 0.43768693918245266 22.4925 8.78 0.48000000000000026
1.0 0.4247258225324028 22.4925 8.52 0.49000000000000027
1.0 0.4187437686939183 22.4925 8.4 0.5000000000000002
1.0 0.4167497507477567 22.4925 8.36 0.5100000000000002
1.0 0.4167497507477567 22.4925 8.36 0.5200000000000002
1.0 0.4137587238285145 22.4925 8.3 0.5300000000000002
1.0 0.4127617148554337 22.4925 8.28 0.5400000000000003
1.0 0.4097706879361914 22.4925 8.22 0.5500000000000003
1.0 0.4097706879361914 22.4925 8.22 0.5600000000000003
1.0 0.4087736789631107 22.4925 8.2 0.5700000000000003
1.0 0.4087736789631107 22.4925 8.2 0.5800000000000003
1.0 0.4087736789631107 22.4925 8.2 0.5900000000000003
1.0 0.4087736789631107 22.4925 8.2 0.6000000000000003
1.0 0.4077766699900299 22.4925 8.18 0.6100000000000003
1.0 0.4077766699900299 22.4925 8.18 0.6200000000000003
1.0 0.40079760717846463 22.4925 8.04 0.6300000000000003
1.0 0.39780658025922233 22.4925 7.98 0.6400000000000003
1.0 0.3918245264207378 22.4925 7.86 0.6500000000000004
1.0 0.38384845463609174 22.4925 7.7 0.6600000000000004
1.0 0.37686939182452645 22.4925 7.56 0.6700000000000004
1.0 0.36689930209371885 22.4925 7.36 0.6800000000000004
1.0 0.3559322033898305 22.4925 7.14 0.6900000000000004
1.0 0.3439680957128614 22.4925 6.9 0.7000000000000004
1.0 0.33100697906281157 22.4925 6.64 0.7100000000000004
1.0 0.3090727816550349 22.4925 6.2 0.7200000000000004
1.0 0.2951146560319043 22.4925 5.92 0.7300000000000004
1.0 0.2761714855433699 22.4925 5.54 0.7400000000000004
1.0 0.2612163509471585 22.4925 5.24 0.7500000000000004
1.0 0.24626121635094717 22.4925 4.94 0.7600000000000005
1.0 0.23928215353938184 22.4925 4.8 0.7700000000000005
1.0 0.22931206380857427 22.4925 4.6 0.7800000000000005
1.0 0.22333000997008973 22.4925 4.48 0.7900000000000005
0.999888851839502 0.2193419740777667 22.49 4.4 0.8000000000000005
0.999888851839502 0.21535393818544366 22.49 4.32 0.8100000000000005
0.9995554073580082 0.21335992023928216 22.4825 4.28 0.8200000000000005
0.9993331110370124 0.20937188434695914 22.4775 4.2 0.8300000000000005
0.9984439257530288 0.20438683948155534 22.4575 4.1 0.8400000000000005
0.9971101478270534 0.1984047856430708 22.4275 3.98 0.8500000000000005
0.9932199622096254 0.18444666001994017 22.34 3.7 0.8600000000000005
0.9888851839502056 0.17248255234297108 22.2425 3.46 0.8700000000000006
0.9833277759253084 0.16051844466600199 22.1175 3.22 0.8800000000000006
0.978214960542403 0.14755732801595214 22.0025 2.96 0.8900000000000006
0.9697677003445593 0.12362911266201396 21.8125 2.48 0.9000000000000006
0.962320773591197 0.09471585244267199 21.645 1.9 0.9100000000000006
0.9557630321218183 0.06979062811565304 21.4975 1.4 0.9200000000000006
0.9498721796154274 0.0518444666001994 21.365 1.04 0.9300000000000006
0.9444259197510281 0.04685942173479561 21.2425 0.94 0.9400000000000006
0.9424252528620651 0.03489531405782652 21.1975 0.7 0.9500000000000006
0.9395354006891186 0.03090727816550349 21.1325 0.62 0.9600000000000006
0.9345337334667111 0.02991026919242273 21.02 0.6 0.9700000000000006
0.9173057685895298 0.02991026919242273 20.6325 0.6 0.9800000000000006
0.869623207735912 0.02991026919242273 19.56 0.6 0.9900000000000007
0.0 0.0 0.0 0.0
