1.0 1.0 89.97 50.15 0.0
1.0 0.9980059820538385 89.97 50.05 0.01
1.0 0.9890329012961117 89.97 49.6 0.02
1.0 0.9790628115653041 89.97 49.1 0.03
1.0 0.9740777666999003 89.97 48.85 0.04
1.0 0.9720837487537388 89.97 48.75 0.05
1.0 0.9621136590229312 89.97 48.25 0.060000000000000005
1.0 0.9621136590229312 89.97 48.25 0.07
1.0 0.9601196410767697 89.97 48.15 0.08
1.0 0.9551345962113659 89.97 47.9 0.09
1.0 0.9511465603190429 89.97 47.7 0.09999999999999999
1.0 0.9471585244267199 89.97 47.5 0.10999999999999999
1.0 0.9471585244267199 89.97 47.5 0.11999999999999998
1.0 0.9431704885343968 89.97 47.3 0.12999999999999998
1.0 0.942173479561316 89.97 47.25 0.13999999999999999
1.0 0.938185443668993 89.97 47.05 0.15
1.0 0.9332003988035892 89.97 46.8 0.16
1.0 0.9292123629112662 89.97 46.6 0.17
1.0 0.9232303090727817 89.97 46.3 0.18000000000000002
1.0 0.9192422731804586 89.97 46.1 0.19000000000000003
1.0 0.9132602193419741 89.97 45.8 0.20000000000000004
1.0 0.9042871385842473 89.97 45.35 0.21000000000000005
1.0 0.9002991026919243 89.97 45.15 0.22000000000000006
1.0 0.8983050847457628 89.97 45.05 0.23000000000000007
1.0 0.8953140578265204 89.97 44.9 0.24000000000000007
1.0 0.8943170488534397 89.97 44.85 0.25000000000000006
1.0 0.8913260219341974 89.97 44.7 0.26000000000000006
1.0 0.8893320039880359 89.97 44.6 0.2700000000000001
1.0 0.8843469591226321 89.97 44.35 0.2800000000000001
1.0 0.8833499501495513 89.97 44.3 0.2900000000000001
1.0 0.8803589232303091 89.97 44.15 0.3000000000000001
1.0 0.8793619142572283 89.97 44.1 0.3100000000000001
1.0 0.8783649052841476 89.97 44.05 0.3200000000000001
1.0 0.8773678963110668 89.97 44.0 0.3300000000000001
1.0 0.872382851445663 89.97 43.75 0.34000000000000014
1.0 0.8713858424725822 89.97 43.7 0.35000000000000014
1.0 0.8703888334995015 89.97 43.65 0.36000000000000015
1.0 0.86839481555334 89.97 43.55 0.37000000000000016
1.0 0.8664007976071785 89.97 43.45 0.38000000000000017
1.0 0.8654037886340977 89.97 43.4 0.3900000000000002
1.0 0.8594217347956131 89.97 43.1 0.4000000000000002
1.0 0.8544366899302094 89.97 42.85 0.4100000000000002
1.0 0.8464606181455633 89.97 42.45 0.4200000000000002
1.0 0.8414755732801595 89.97 42.2 0.4300000000000002
1.0 0.8374875373878365 89.97 42.0 0.4400000000000002
1.0 0.8315054835493519 89.97 41.7 0.45000000000000023
1.0 0.8265204386839482 89.97 41.45 0.46000000000000024
1.0 0.8245264207377866 89.97 41.35 0.47000000000000025
1.0 0.8195413758723828 89.97 41.1 0.48000000000000026
1.0 0.8165503489531406 89.97 40.95 0.49000000000000027
1.0 0.8145563310069791 89.97 40.85 0.5000000000000002
1.0 0.8095712861415753 89.97 40.6 0.5100000000000002
1.0 0.8085742771684945 89.97 40.55 0.5200000000000002
1.0 0.8085742771684945 89.97 40.55 0.5300000000000002
1.0 0.8075772681954138 89.97 40.5 0.5400000000000003
1.0 0.8055832502492523 89.97 40.4 0.5500000000000003
1.0 0.8045862412761715 89.97 40.35 0.5600000000000003
1.0 0.8045862412761715 89.97 40.35 0.5700000000000003
1.0 0.8045862412761715 89.97 40.35 0.5800000000000003
1.0 0.8045862412761715 89.97 40.35 0.5900000000000003
1.0 0.8035892323030908 89.97 40.3 0.6000000000000003
1.0 0.80259222333001 89.97 40.25 0.6100000000000003
1.0 0.8015952143569293 89.97 40.2 0.6200000000000003
1.0 0.7996011964107677 89.97 40.1 0.6300000000000003
1.0 0.7976071784646062 89.97 40.0 0.6400000000000003
1.0 0.7926221335992024 89.97 39.75 0.6500000000000004
1.0 0.7826520438683948 89.97 39.25 0.6600000000000004
1.0 0.7786640079760718 89.97 39.05 0.6700000000000004
1.0 0.7706879361914257 89.97 38.65 0.6800000000000004
1.0 0.7557328015952144 89.97 37.9 0.6900000000000004
1.0 0.7467597208374875 89.97 37.45 0.7000000000000004
1.0 0.7288135593220338 89.97 36.55 0.7100000000000004
1.0 0.707876370887338 89.97 35.5 0.7200000000000004
1.0 0.6869391824526421 89.97 34.45 0.7300000000000004
1.0 0.6699900299102692 89.97 33.6 0.7400000000000004
1.0 0.646061814556331 89.97 32.4 0.7500000000000004
1.0 0.6370887337986042 89.97 31.95 0.7600000000000005
1.0 0.6251246261216351 89.97 31.35 0.7700000000000005
0.999888851839502 0.6121635094715853 89.96 30.7 0.7800000000000005
0.9996665555185061 0.6041874376869392 89.94 30.3 0.7900000000000005
0.9995554073580082 0.5982053838484547 89.93 30.0 0.8000000000000005
0.9987773702345226 0.5892323030907278 89.86 29.55 0.8100000000000005
0.9965544070245638 0.5882352941176471 89.66 29.5 0.8200000000000005
0.9915527398021563 0.584247258225324 89.21 29.3 0.8300000000000005
0.984216961209292 0.5742771684945165 88.55 28.8 0.8400000000000005
0.9716572190730244 0.5613160518444666 87.42 28.15 0.8500000000000005
0.9530954762698677 0.5234297108673978 85.75 26.25 0.8600000000000005
0.9225297321329332 0.4865403788634098 83.0 24.4 0.8700000000000006
0.8806268756252084 0.43469591226321036 79.23 21.8 0.8800000000000006
0.836056463265533 0.37686939182452645 75.22 18.9 0.8900000000000006
0.7858174947204624 0.3100697906281156 70.7 15.55 0.9000000000000006
0.73135489607647 0.24626121635094717 65.8 12.35 0.9100000000000006
0.6850061131488274 0.19042871385842472 61.63 9.55 0.9200000000000006
0.64810492386351 0.14556331006979062 58.31 7.3 0.9300000000000006
0.620429031899522 0.11365902293120637 55.82 5.7 0.9400000000000006
0.6005335111703901 0.10468594217347957 54.03 5.25 0.9500000000000006
0.5861953984661554 0.09371884346959122 52.74 4.7 0.9600000000000006
0.5678559519839946 0.09272183449651047 51.09 4.65 0.9700000000000006
0.5344003556741136 0.09172482552342971 48.08 4.6 0.9800000000000006
0.4395909747693676 0.09172482552342971 39.55 4.6 0.9900000000000007
0.0 0.0 0.0 0.0
