1.0 1.0 11.24625 25.075 0.0
1.0 0.6610169491525424 11.24625 16.575 0.01
1.0 0.518444666001994 11.24625 13.0 0.02
1.0 0.4695912263210369 11.24625 11.775 0.03
1.0 0.4336989032901296 11.24625 10.875 0.04
1.0 0.4017946161515454 11.24625 10.075 0.05
1.0 0.36889332003988035 11.24625 9.25 0.060000000000000005
1.0 0.36889332003988035 11.24625 9.25 0.07
1.0 0.34795613160518446 11.24625 8.725 0.08
1.0 0.3339980059820538 11.24625 8.375 0.09
1.0 0.32103688933200397 11.24625 8.05 0.09999999999999999
1.0 0.3050847457627119 11.24625 7.65 0.10999999999999999
1.0 0.2971086739780658 11.24625 7.45 0.11999999999999998
1.0 0.2931206380857428 11.24625 7.35 0.12999999999999998
1.0 0.28713858424725824 11.24625 7.2 0.13999999999999999
1.0 0.27916251246261214 11.24625 7.0 0.15
1.0 0.2731804586241276 11.24625 6.85 0.16
1.0 0.2612163509471585 11.24625 6.55 0.17
1.0 0.24426719840478564 11.24625 6.125 0.18000000000000002
1.0 0.23728813559322035 11.24625 5.95 0.19000000000000003
1.0 0.23030907278165502 11.24625 5.775 0.20000000000000004
1.0 0.22033898305084745 11.24625 5.525 0.21000000000000005
1.0 0.2143569292123629 11.24625 5.375 0.22000000000000006
1.0 0.20638085742771686 11.24625 5.175 0.23000000000000007
1.0 0.19940179461615154 11.24625 5.0 0.24000000000000007
1.0 0.1984047856430708 11.24625 4.975 0.25000000000000006
1.0 0.19541375872382852 11.24625 4.9 0.26000000000000006
1.0 0.19242273180458624 11.24625 4.825 0.2700000000000001
1.0 0.19242273180458624 11.24625 4.825 0.2800000000000001
1.0 0.18843469591226322 11.24625 4.725 0.2900000000000001
1.0 0.18344965104685942 11.24625 4.6 0.3000000000000001
1.0 0.1814556331006979 11.24625 4.55 0.3100000000000001
1.0 0.1794616151545364 11.24625 4.5 0.3200000000000001
1.0 0.17647058823529413 11.24625 4.425 0.3300000000000001
1.0 0.17547357926221335 11.24625 4.4 0.34000000000000014
1.0 0.17148554336989033 11.24625 4.3 0.35000000000000014
1.0 0.16849451645064806 11.24625 4.225 0.36000000000000015
1.0 0.16350947158524426 11.24625 4.1 0.37000000000000016
1.0 0.16051844466600199 11.24625 4.025 0.38000000000000017
1.0 0.15553339980059822 11.24625 3.9 0.3900000000000002
1.0 0.15254237288135594 11.24625 3.825 0.4000000000000002
1.0 0.14556331006979062 11.24625 3.65 0.4100000000000002
1.0 0.13958125623130607 11.24625 3.5 0.4200000000000002
1.0 0.13260219341974078 11.24625 3.325 0.4300000000000002
1.0 0.12861415752741776 11.24625 3.225 0.4400000000000002
1.0 0.12462612163509472 11.24625 3.125 0.45000000000000023
1.0 0.1226321036889332 11.24625 3.075 0.46000000000000024
1.0 0.11764705882352941 11.24625 2.95 0.47000000000000025
1.0 0.11465603190428714 11.24625 2.875 0.48000000000000026
1.0 0.10667996011964108 11.24625 2.675 0.49000000000000027
1.0 0.10667996011964108 11.24625 2.675 0.5000000000000002
1.0 0.10667996011964108 11.24625 2.675 0.5100000000000002
1.0 0.10568295114656032 11.24625 2.65 0.5200000000000002
1.0 0.1036889332003988 11.24625 2.6 0.5300000000000002
1.0 0.10269192422731804 11.24625 2.575 0.5400000000000003
1.0 0.09970089730807577 11.24625 2.5 0.5500000000000003
1.0 0.0967098703888335 11.24625 2.425 0.5600000000000003
1.0 0.09571286141575275 11.24625 2.4 0.5700000000000003
1.0 0.09371884346959122 11.24625 2.35 0.5800000000000003
1.0 0.09272183449651047 11.24625 2.325 0.5900000000000003
1.0 0.09172482552342971 11.24625 2.3 0.6000000000000003
1.0 0.09072781655034895 11.24625 2.275 0.6100000000000003
1.0 0.0897308075772682 11.24625 2.25 0.6200000000000003
1.0 0.08773678963110668 11.24625 2.2 0.6300000000000003
1.0 0.0847457627118644 11.24625 2.125 0.6400000000000003
1.0 0.08275174476570289 11.24625 2.075 0.6500000000000004
1.0 0.07676969092721835 11.24625 1.925 0.6600000000000004
1.0 0.07577268195413758 11.24625 1.9 0.6700000000000004
1.0 0.07278165503489531 11.24625 1.825 0.6800000000000004
1.0 0.06679960119641076 11.24625 1.675 0.6900000000000004
1.0 0.06380857427716849 11.24625 1.6 0.7000000000000004
1.0 0.06181455633100698 11.24625 1.55 0.7100000000000004
1.0 0.05583250249252243 11.24625 1.4 0.7200000000000004
1.0 0.04885343968095713 11.24625 1.225 0.7300000000000004
1.0 0.0448654037886341 11.24625 1.125 0.7400000000000004
1.0 0.038883349950149554 11.24625 0.975 0.7500000000000004
1.0 0.03389830508474576 11.24625 0.85 0.7600000000000005
1.0 0.031904287138584245 11.24625 0.8 0.7700000000000005
1.0 0.026919242273180457 11.24625 0.675 0.7800000000000005
1.0 0.023928215353938187 11.24625 0.6 0.7900000000000005
1.0 0.02193419740777667 11.24625 0.55 0.8000000000000005
0.999888851839502 0.019940179461615155 11.245 0.5 0.8100000000000005
0.999888851839502 0.01794616151545364 11.245 0.45 0.8200000000000005
0.9997777036790041 0.01694915254237288 11.24375 0.425 0.8300000000000005
0.9997777036790041 0.014955134596211365 11.24375 0.375 0.8400000000000005
0.9997777036790041 0.014955134596211365 11.24375 0.375 0.8500000000000005
0.9997777036790041 0.01296111665004985 11.24375 0.325 0.8600000000000005
0.9997777036790041 0.01296111665004985 11.24375 0.325 0.8700000000000006
0.9995554073580082 0.00897308075772682 11.24125 0.225 0.8800000000000006
0.9992219628765144 0.007976071784646061 11.2375 0.2 0.8900000000000006
0.9991108147160165 0.005982053838484547 11.23625 0.15 0.9000000000000006
0.9988885183950206 0.004985044865403789 11.23375 0.125 0.9100000000000006
0.9987773702345226 0.0019940179461615153 11.2325 0.05 0.9200000000000006
0.9985550739135267 0.0019940179461615153 11.23 0.05 0.9300000000000006
0.9984439257530288 0.0 11.22875 0.0 0.9400000000000006
0.9984439257530288 0.0 11.22875 0.0 0.9500000000000006
0.9984439257530288 0.0 11.22875 0.0 0.9600000000000006
0.9976658886295432 0.0 11.22 0.0 0.9700000000000006
0.9969989996665555 0.0 11.2125 0.0 0.9800000000000006
0.9937757030121152 0.0 11.17625 0.0 0.9900000000000007
0.0 0.0 0.0 0.0
