1.0 1.0 22.4925 20.06 0.0
1.0 0.9122632103688934 22.4925 18.3 0.01
1.0 0.8374875373878365 22.4925 16.8 0.02
1.0 0.7866400797607178 22.4925 15.78 0.03
1.0 0.7607178464606181 22.4925 15.26 0.04
1.0 0.7357926221335992 22.4925 14.76 0.05
1.0 0.6859421734795613 22.4925 13.76 0.060000000000000005
1.0 0.6859421734795613 22.4925 13.76 0.07
1.0 0.6679960119641076 22.4925 13.4 0.08
1.0 0.6490528414755733 22.4925 13.02 0.09
1.0 0.6301096709870389 22.4925 12.64 0.09999999999999999
1.0 0.6191425722831505 22.4925 12.42 0.10999999999999999
1.0 0.6121635094715853 22.4925 12.28 0.11999999999999998
1.0 0.609172482552343 22.4925 12.22 0.12999999999999998
1.0 0.6041874376869392 22.4925 12.12 0.13999999999999999
1.0 0.5982053838484547 22.4925 12.0 0.15
1.0 0.5902293120638086 22.4925 11.84 0.16
1.0 0.576271186440678 22.4925 11.56 0.17
1.0 0.5463609172482552 22.4925 10.96 0.18000000000000002
1.0 0.5324027916251246 22.4925 10.68 0.19000000000000003
1.0 0.5204386839481555 22.4925 10.44 0.20000000000000004
1.0 0.5104685942173479 22.4925 10.24 0.21000000000000005
1.0 0.4985044865403789 22.4925 10.0 0.22000000000000006
1.0 0.4955134596211366 22.4925 9.94 0.23000000000000007
1.0 0.4885343968095713 22.4925 9.8 0.24000000000000007
1.0 0.48255234297108673 22.4925 9.68 0.25000000000000006
1.0 0.48055832502492524 22.4925 9.64 0.26000000000000006
1.0 0.4785643070787637 22.4925 9.6 0.2700000000000001
1.0 0.47756729810568294 22.4925 9.58 0.2800000000000001
1.0 0.47557328015952144 22.4925 9.54 0.2900000000000001
1.0 0.47058823529411764 22.4925 9.44 0.3000000000000001
1.0 0.4675972083748754 22.4925 9.38 0.3100000000000001
1.0 0.46360917248255235 22.4925 9.3 0.3200000000000001
1.0 0.45862412761714855 22.4925 9.2 0.3300000000000001
1.0 0.45663010967098705 22.4925 9.16 0.34000000000000014
1.0 0.45663010967098705 22.4925 9.16 0.35000000000000014
1.0 0.44865403788634095 22.4925 9.0 0.36000000000000015
1.0 0.4436689930209372 22.4925 8.9 0.37000000000000016
1.0 0.4406779661016949 22.4925 8.84 0.38000000000000017
1.0 0.4356929212362911 22.4925 8.74 0.3900000000000002
1.0 0.42771684945164506 22.4925 8.58 0.4000000000000002
1.0 0.41774675972083747 22.4925 8.38 0.4100000000000002
1.0 0.4017946161515454 22.4925 8.06 0.4200000000000002
1.0 0.3918245264207378 22.4925 7.86 0.4300000000000002
1.0 0.382851445663011 22.4925 7.68 0.4400000000000002
1.0 0.37387836490528414 22.4925 7.5 0.45000000000000023
1.0 0.3659022931206381 22.4925 7.34 0.46000000000000024
1.0 0.3589232303090728 22.4925 7.2 0.47000000000000025
1.0 0.35194416749750745 22.4925 7.06 0.48000000000000026
1.0 0.3459621136590229 22.4925 6.94 0.49000000000000027
1.0 0.34097706879361916 22.4925 6.84 0.5000000000000002
1.0 0.3339980059820538 22.4925 6.7 0.5100000000000002
1.0 0.32801595214356927 22.4925 6.58 0.5200000000000002
1.0 0.32602193419740777 22.4925 6.54 0.5300000000000002
1.0 0.3240279162512463 22.4925 6.5 0.5400000000000003
1.0 0.3220338983050847 22.4925 6.46 0.5500000000000003
1.0 0.3190428713858425 22.4925 6.4 0.5600000000000003
1.0 0.3190428713858425 22.4925 6.4 0.5700000000000003
1.0 0.3190428713858425 22.4925 6.4 0.5800000000000003
1.0 0.3180458624127617 22.4925 6.38 0.5900000000000003
1.0 0.3160518444666002 22.4925 6.34 0.6000000000000003
1.0 0.3120638085742772 22.4925 6.26 0.6100000000000003
1.0 0.3120638085742772 22.4925 6.26 0.6200000000000003
1.0 0.3120638085742772 22.4925 6.26 0.6300000000000003
1.0 0.3070787637088734 22.4925 6.16 0.6400000000000003
1.0 0.30608175473579263 22.4925 6.14 0.6500000000000004
1.0 0.30109670987038883 22.4925 6.04 0.6600000000000004
1.0 0.29411764705882354 22.4925 5.9 0.6700000000000004
1.0 0.288135593220339 22.4925 5.78 0.6800000000000004
1.0 0.27517447657028915 22.4925 5.52 0.6900000000000004
1.0 0.26819541375872386 22.4925 5.38 0.7000000000000004
1.0 0.2522432701894317 22.4925 5.06 0.7100000000000004
1.0 0.23728813559322035 22.4925 4.76 0.7200000000000004
1.0 0.22532402791625125 22.4925 4.52 0.7300000000000004
1.0 0.21335992023928216 22.4925 4.28 0.7400000000000004
1.0 0.19541375872382852 22.4925 3.92 0.7500000000000004
1.0 0.18245264207377868 22.4925 3.66 0.7600000000000005
1.0 0.17846460618145563 22.4925 3.58 0.7700000000000005
1.0 0.16550348953140578 22.4925 3.32 0.7800000000000005
1.0 0.1625124626121635 22.4925 3.26 0.7900000000000005
0.999888851839502 0.15952143569292124 22.49 3.2 0.8000000000000005
0.9997777036790041 0.1585244267198405 22.4875 3.18 0.8100000000000005
0.9995554073580082 0.15653040877367896 22.4825 3.14 0.8200000000000005
0.9985550739135267 0.15453639082751744 22.46 3.1 0.8300000000000005
0.9978881849505391 0.15054835493519442 22.445 3.02 0.8400000000000005
0.9966655551850617 0.1485543369890329 22.4175 2.98 0.8500000000000005
0.9945537401356007 0.14057826520438685 22.37 2.82 0.8600000000000005
0.99188618428365 0.12662013958125623 22.31 2.54 0.8700000000000006
0.9882182949872179 0.1106679960119641 22.2275 2.22 0.8800000000000006
0.984216961209292 0.10269192422731804 22.1375 2.06 0.8900000000000006
0.9796598866288763 0.08275174476570289 22.035 1.66 0.9000000000000006
0.9751028120484606 0.06580259222333001 21.9325 1.32 0.9100000000000006
0.9709903301100367 0.045862412761714856 21.84 0.92 0.9200000000000006
0.968211626097588 0.03489531405782652 21.7775 0.7 0.9300000000000006
0.9648771812826498 0.026919242273180457 21.7025 0.54 0.9400000000000006
0.9609869956652217 0.022931206380857428 21.615 0.46 0.9500000000000006
0.956541069245304 0.019940179461615155 21.515 0.4 0.9600000000000006
0.9514282538623986 0.019940179461615155 21.4 0.4 0.9700000000000006
0.9400911414916083 0.019940179461615155 21.145 0.4 0.9800000000000006
0.9020784706013115 0.019940179461615155 20.29 0.4 0.9900000000000007
0.0 0.0 0.0 0.0
