1.0 1.0 89.97 200.6 0.0
1.0 0.996011964107677 89.97 199.8 0.01
1.0 0.9840478564307079 89.97 197.4 0.02
1.0 0.9760717846460618 89.97 195.8 0.03
1.0 0.9700897308075773 89.97 194.6 0.04
1.0 0.9651046859421735 89.97 193.6 0.05
1.0 0.9611166500498505 89.97 192.8 0.060000000000000005
1.0 0.9611166500498505 89.97 192.8 0.07
1.0 0.959122632103689 89.97 192.4 0.08
1.0 0.9561316051844466 89.97 191.8 0.09
1.0 0.9531405782652044 89.97 191.2 0.09999999999999999
1.0 0.9501495513459621 89.97 190.6 0.10999999999999999
1.0 0.9481555333998006 89.97 190.2 0.11999999999999998
1.0 0.9461615154536391 89.97 189.8 0.12999999999999998
1.0 0.9461615154536391 89.97 189.8 0.13999999999999999
1.0 0.9451645064805583 89.97 189.6 0.15
1.0 0.9431704885343968 89.97 189.2 0.16
1.0 0.9401794616151545 89.97 188.6 0.17
1.0 0.9351944167497508 89.97 187.6 0.18000000000000002
1.0 0.9312063808574277 89.97 186.8 0.19000000000000003
1.0 0.9302093718843469 89.97 186.6 0.20000000000000004
1.0 0.9292123629112662 89.97 186.4 0.21000000000000005
1.0 0.9272183449651047 89.97 186.0 0.22000000000000006
1.0 0.9272183449651047 89.97 186.0 0.23000000000000007
1.0 0.9262213359920239 89.97 185.8 0.24000000000000007
1.0 0.9252243270189432 89.97 185.6 0.25000000000000006
1.0 0.9252243270189432 89.97 185.6 0.26000000000000006
1.0 0.9252243270189432 89.97 185.6 0.2700000000000001
1.0 0.9252243270189432 89.97 185.6 0.2800000000000001
1.0 0.9252243270189432 89.97 185.6 0.2900000000000001
1.0 0.9252243270189432 89.97 185.6 0.3000000000000001
1.0 0.9252243270189432 89.97 185.6 0.3100000000000001
1.0 0.9252243270189432 89.97 185.6 0.3200000000000001
1.0 0.9252243270189432 89.97 185.6 0.3300000000000001
1.0 0.9252243270189432 89.97 185.6 0.34000000000000014
1.0 0.9252243270189432 89.97 185.6 0.35000000000000014
1.0 0.9232303090727817 89.97 185.2 0.36000000000000015
1.0 0.9212362911266201 89.97 184.8 0.37000000000000016
1.0 0.9212362911266201 89.97 184.8 0.38000000000000017
1.0 0.9172482552342971 89.97 184.0 0.3900000000000002
1.0 0.9172482552342971 89.97 184.0 0.4000000000000002
1.0 0.9142572283150548 89.97 183.4 0.4100000000000002
1.0 0.9112662013958126 89.97 182.8 0.4200000000000002
1.0 0.909272183449651 89.97 182.4 0.4300000000000002
1.0 0.9062811565304087 89.97 181.8 0.4400000000000002
1.0 0.905284147557328 89.97 181.6 0.45000000000000023
1.0 0.905284147557328 89.97 181.6 0.46000000000000024
1.0 0.901296111665005 89.97 180.8 0.47000000000000025
1.0 0.8993020937188435 89.97 180.4 0.48000000000000026
1.0 0.8983050847457628 89.97 180.2 0.49000000000000027
1.0 0.8973080757726819 89.97 180.0 0.5000000000000002
1.0 0.8963110667996012 89.97 179.8 0.5100000000000002
1.0 0.8963110667996012 89.97 179.8 0.5200000000000002
1.0 0.8953140578265204 89.97 179.6 0.5300000000000002
1.0 0.8953140578265204 89.97 179.6 0.5400000000000003
1.0 0.8943170488534397 89.97 179.4 0.5500000000000003
1.0 0.8943170488534397 89.97 179.4 0.5600000000000003
1.0 0.8943170488534397 89.97 179.4 0.5700000000000003
1.0 0.8943170488534397 89.97 179.4 0.5800000000000003
1.0 0.8933200398803589 89.97 179.2 0.5900000000000003
1.0 0.8913260219341974 89.97 178.8 0.6000000000000003
1.0 0.8903290129611167 89.97 178.6 0.6100000000000003
1.0 0.8893320039880359 89.97 178.4 0.6200000000000003
1.0 0.8863409770687937 89.97 177.8 0.6300000000000003
1.0 0.8813559322033898 89.97 176.8 0.6400000000000003
1.0 0.8793619142572283 89.97 176.4 0.6500000000000004
1.0 0.872382851445663 89.97 175.0 0.6600000000000004
1.0 0.8654037886340977 89.97 173.6 0.6700000000000004
1.0 0.8584247258225324 89.97 172.2 0.6800000000000004
1.0 0.843469591226321 89.97 169.2 0.6900000000000004
1.0 0.8265204386839482 89.97 165.8 0.7000000000000004
1.0 0.8165503489531406 89.97 163.8 0.7100000000000004
1.0 0.7906281156530409 89.97 158.6 0.7200000000000004
1.0 0.7706879361914257 89.97 154.6 0.7300000000000004
1.0 0.7517447657028913 89.97 150.8 0.7400000000000004
1.0 0.7318045862412762 89.97 146.8 0.7500000000000004
1.0 0.7168494516450648 89.97 143.8 0.7600000000000005
1.0 0.7038883349950149 89.97 141.2 0.7700000000000005
0.999888851839502 0.6899302093718843 89.96 138.4 0.7800000000000005
0.999888851839502 0.6779661016949152 89.96 136.0 0.7900000000000005
0.9993331110370124 0.67098703888335 89.91 134.6 0.8000000000000005
0.9977770367900411 0.6630109670987039 89.77 133.0 0.8100000000000005
0.9945537401356007 0.6560319042871385 89.48 131.6 0.8200000000000005
0.9894409247526953 0.6450648055832503 89.02 129.4 0.8300000000000005
0.9812159608758475 0.6291126620139581 88.28 126.2 0.8400000000000005
0.9672112926531066 0.6181455633100698 87.02 124.0 0.8500000000000005
0.9458708458375014 0.5682951146560319 85.1 114.0 0.8600000000000005
0.9103034344781594 0.5114656031904287 81.9 102.6 0.8700000000000006
0.8640657997110148 0.4546360917248255 77.74 91.2 0.8800000000000006
0.808158274980549 0.386839481555334 72.71 77.6 0.8900000000000006
0.7420251194842725 0.2931206380857428 66.76 58.8 0.9000000000000006
0.6790041124819384 0.2033898305084746 61.09 40.8 0.9100000000000006
0.6235411803934645 0.13260219341974078 56.1 26.6 0.9200000000000006
0.582860953651217 0.07377866400797607 52.44 14.8 0.9300000000000006
0.5459597643658998 0.04187437686939183 49.12 8.4 0.9400000000000006
0.5222852061798378 0.019940179461615155 46.99 4.0 0.9500000000000006
0.5007224630432366 0.004985044865403789 45.05 1.0 0.9600000000000006
0.4808269423141047 0.0029910269192422734 43.26 0.6 0.9700000000000006
0.4448149383127709 0.0019940179461615153 40.02 0.4 0.9800000000000006
0.35578526175391795 9.970089730807576E-4 32.01 0.2 0.9900000000000007
0.0 0.0 0.0 0.0
