1.0 1.0 Infinity 50.15 0.0
1.0 1.0 Infinity 50.15 0.01
1.0 1.0 Infinity 50.15 0.02
1.0 1.0 Infinity 50.15 0.03
1.0 1.0 Infinity 50.15 0.04
1.0 1.0 Infinity 50.15 0.05
1.0 1.0 Infinity 50.15 0.060000000000000005
1.0 1.0 Infinity 50.15 0.07
1.0 1.0 Infinity 50.15 0.08
1.0 1.0 Infinity 50.15 0.09
1.0 1.0 Infinity 50.15 0.09999999999999999
1.0 1.0 Infinity 50.15 0.10999999999999999
1.0 1.0 Infinity 50.15 0.11999999999999998
1.0 1.0 Infinity 50.15 0.12999999999999998
1.0 1.0 Infinity 50.15 0.13999999999999999
1.0 1.0 Infinity 50.15 0.15
1.0 1.0 Infinity 50.15 0.16
1.0 1.0 Infinity 50.15 0.17
1.0 1.0 Infinity 50.15 0.18000000000000002
1.0 1.0 Infinity 50.15 0.19000000000000003
1.0 1.0 Infinity 50.15 0.20000000000000004
1.0 1.0 Infinity 50.15 0.21000000000000005
1.0 1.0 Infinity 50.15 0.22000000000000006
1.0 1.0 Infinity 50.15 0.23000000000000007
1.0 1.0 Infinity 50.15 0.24000000000000007
1.0 1.0 Infinity 50.15 0.25000000000000006
1.0 1.0 Infinity 50.15 0.26000000000000006
1.0 1.0 Infinity 50.15 0.2700000000000001
1.0 1.0 Infinity 50.15 0.2800000000000001
1.0 1.0 Infinity 50.15 0.2900000000000001
1.0 1.0 Infinity 50.15 0.3000000000000001
1.0 1.0 Infinity 50.15 0.3100000000000001
1.0 1.0 Infinity 50.15 0.3200000000000001
1.0 1.0 Infinity 50.15 0.3300000000000001
1.0 1.0 Infinity 50.15 0.34000000000000014
1.0 1.0 Infinity 50.15 0.35000000000000014
1.0 1.0 Infinity 50.15 0.36000000000000015
1.0 1.0 Infinity 50.15 0.37000000000000016
1.0 1.0 Infinity 50.15 0.38000000000000017
1.0 1.0 Infinity 50.15 0.3900000000000002
1.0 1.0 Infinity 50.15 0.4000000000000002
1.0 1.0 Infinity 50.15 0.4100000000000002
1.0 1.0 Infinity 50.15 0.4200000000000002
1.0 1.0 Infinity 50.15 0.4300000000000002
1.0 1.0 Infinity 50.15 0.4400000000000002
1.0 1.0 Infinity 50.15 0.45000000000000023
1.0 1.0 Infinity 50.15 0.46000000000000024
1.0 1.0 Infinity 50.15 0.47000000000000025
1.0 1.0 Infinity 50.15 0.48000000000000026
1.0 1.0 Infinity 50.15 0.49000000000000027
1.0 1.0 Infinity 50.15 0.5000000000000002
1.0 1.0 Infinity 50.15 0.5100000000000002
1.0 1.0 Infinity 50.15 0.5200000000000002
1.0 1.0 Infinity 50.15 0.5300000000000002
1.0 1.0 Infinity 50.15 0.5400000000000003
1.0 1.0 Infinity 50.15 0.5500000000000003
1.0 1.0 Infinity 50.15 0.5600000000000003
1.0 1.0 Infinity 50.15 0.5700000000000003
1.0 1.0 Infinity 50.15 0.5800000000000003
1.0 1.0 Infinity 50.15 0.5900000000000003
1.0 1.0 Infinity 50.15 0.6000000000000003
1.0 1.0 Infinity 50.15 0.6100000000000003
1.0 1.0 Infinity 50.15 0.6200000000000003
1.0 1.0 Infinity 50.15 0.6300000000000003
1.0 1.0 Infinity 50.15 0.6400000000000003
1.0 1.0 Infinity 50.15 0.6500000000000004
1.0 1.0 Infinity 50.15 0.6600000000000004
1.0 1.0 Infinity 50.15 0.6700000000000004
1.0 1.0 Infinity 50.15 0.6800000000000004
1.0 1.0 Infinity 50.15 0.6900000000000004
1.0 1.0 Infinity 50.15 0.7000000000000004
1.0 1.0 Infinity 50.15 0.7100000000000004
1.0 1.0 Infinity 50.15 0.7200000000000004
1.0 1.0 Infinity 50.15 0.7300000000000004
1.0 1.0 Infinity 50.15 0.7400000000000004
1.0 1.0 Infinity 50.15 0.7500000000000004
1.0 1.0 Infinity 50.15 0.7600000000000005
0.999888851839502 1.0 Infinity 50.15 0.7700000000000005
0.9995554073580082 1.0 Infinity 50.15 0.7800000000000005
0.9988885183950206 1.0 Infinity 50.15 0.7900000000000005
0.9974435923085473 1.0 Infinity 50.15 0.8000000000000005
0.9936645548516172 0.9970089730807578 Infinity 50.0 0.8100000000000005
0.9878848505057242 0.996011964107677 Infinity 49.95 0.8200000000000005
0.9767700344559298 0.9860418743768694 Infinity 49.45 0.8300000000000005
0.958541736134267 0.9700897308075773 Infinity 48.65 0.8400000000000005
0.9263087695898633 0.9501495513459621 Infinity 47.65 0.8500000000000005
0.8759586528842948 0.8803589232303091 Infinity 44.15 0.8600000000000005
0.8001556074246972 0.8035892323030908 Infinity 40.3 0.8700000000000006
0.7037901522729799 0.711864406779661 Infinity 35.7 0.8800000000000006
0.5817494720462376 0.609172482552343 Infinity 30.55 0.8900000000000006
0.4509280871401578 0.46560319042871384 Infinity 23.35 0.9000000000000006
0.31710570190063353 0.32103688933200397 Infinity 16.1 0.9100000000000006
0.20328998555073913 0.2023928215353938 Infinity 10.15 0.9200000000000006
0.1203734578192731 0.10667996011964108 Infinity 5.35 0.9300000000000006
0.0569078581749472 0.053838484546360914 Infinity 2.7 0.9400000000000006
0.022563076581082583 0.024925224327018942 Infinity 1.25 0.9500000000000006
0.006113148827386907 0.005982053838484547 Infinity 0.3 0.9600000000000006
0.0020006668889629878 0.0029910269192422734 Infinity 0.15 0.9700000000000006
3.3344448149383126E-4 0.0019940179461615153 Infinity 0.1 0.9800000000000006
0.0 9.970089730807576E-4 NaN 0.05 0.9900000000000007
0.0 0.0 0.0 0.0
