0 0.0  0 NaN 10000 9071.680000000033 0.9071680000000033
5 99.99000000000001  100 0.9999000000000001 10000 9080.850000000039 0.9080850000000038
10 199.97  200 0.99985 10000 9110.420000000018 0.9110420000000018
15 300.0  300 1.0 10000 9075.77000000003 0.907577000000003
20 399.08000000000004  400 0.9977000000000001 10000 9116.020000000028 0.9116020000000028
25 500.0  500 1.0 10000 9098.070000000034 0.9098070000000035
30 599.74  600 0.9995666666666667 10000 9091.940000000028 0.9091940000000028
35 699.95  700 0.9999285714285715 10000 9130.870000000028 0.9130870000000028
40 799.96  800 0.99995 10000 9088.180000000026 0.9088180000000026
45 899.3400000000001  900 0.9992666666666669 10000 9096.320000000023 0.9096320000000023
50 999.8300000000002  1000 0.9998300000000001 10000 9111.10000000003 0.911110000000003
