1.0 1.0 17.994 100.3 0.0
1.0 0.8803589232303091 17.994 88.3 0.01
1.0 0.7796610169491526 17.994 78.2 0.02
1.0 0.7367896311066799 17.994 73.9 0.03
1.0 0.7068793619142573 17.994 70.9 0.04
1.0 0.6739780658025922 17.994 67.6 0.05
1.0 0.6360917248255235 17.994 63.8 0.060000000000000005
1.0 0.6360917248255235 17.994 63.8 0.07
1.0 0.613160518444666 17.994 61.5 0.08
1.0 0.6021934197407777 17.994 60.4 0.09
1.0 0.5922233300099701 17.994 59.4 0.09999999999999999
1.0 0.5812562313060817 17.994 58.3 0.10999999999999999
1.0 0.5742771684945165 17.994 57.6 0.11999999999999998
1.0 0.5672981056829511 17.994 56.9 0.12999999999999998
1.0 0.5603190428713859 17.994 56.2 0.13999999999999999
1.0 0.5543369890329013 17.994 55.6 0.15
1.0 0.5453639082751744 17.994 54.7 0.16
1.0 0.5373878364905285 17.994 53.9 0.17
1.0 0.5124626121635095 17.994 51.4 0.18000000000000002
1.0 0.5004985044865404 17.994 50.2 0.19000000000000003
1.0 0.4935194416749751 17.994 49.5 0.20000000000000004
1.0 0.48055832502492524 17.994 48.2 0.21000000000000005
1.0 0.46859421734795614 17.994 47.0 0.22000000000000006
1.0 0.45663010967098705 17.994 45.8 0.23000000000000007
1.0 0.4556331006979063 17.994 45.7 0.24000000000000007
1.0 0.45164506480558325 17.994 45.3 0.25000000000000006
1.0 0.4476570289132602 17.994 44.9 0.26000000000000006
1.0 0.44466600199401796 17.994 44.6 0.2700000000000001
1.0 0.4426719840478564 17.994 44.4 0.2800000000000001
1.0 0.4426719840478564 17.994 44.4 0.2900000000000001
1.0 0.4426719840478564 17.994 44.4 0.3000000000000001
1.0 0.4406779661016949 17.994 44.2 0.3100000000000001
1.0 0.4386839481555334 17.994 44.0 0.3200000000000001
1.0 0.43768693918245266 17.994 43.9 0.3300000000000001
1.0 0.4336989032901296 17.994 43.5 0.34000000000000014
1.0 0.4287138584247258 17.994 43.0 0.35000000000000014
1.0 0.4287138584247258 17.994 43.0 0.36000000000000015
1.0 0.4247258225324028 17.994 42.6 0.37000000000000016
1.0 0.41575274177467597 17.994 41.7 0.38000000000000017
1.0 0.4117647058823529 17.994 41.3 0.3900000000000002
1.0 0.4057826520438684 17.994 40.7 0.4000000000000002
1.0 0.3968095712861416 17.994 39.8 0.4100000000000002
1.0 0.38883349950149554 17.994 39.0 0.4200000000000002
1.0 0.37886340977068794 17.994 38.0 0.4300000000000002
1.0 0.36889332003988035 17.994 37.0 0.4400000000000002
1.0 0.3589232303090728 17.994 36.0 0.45000000000000023
1.0 0.34795613160518446 17.994 34.9 0.46000000000000024
1.0 0.33798604187437686 17.994 33.9 0.47000000000000025
1.0 0.3320039880358923 17.994 33.3 0.48000000000000026
1.0 0.32901296111665007 17.994 33.0 0.49000000000000027
1.0 0.32602193419740777 17.994 32.7 0.5000000000000002
1.0 0.32103688933200397 17.994 32.2 0.5100000000000002
1.0 0.3180458624127617 17.994 31.9 0.5200000000000002
1.0 0.3120638085742772 17.994 31.3 0.5300000000000002
1.0 0.3120638085742772 17.994 31.3 0.5400000000000003
1.0 0.30807577268195413 17.994 30.9 0.5500000000000003
1.0 0.30608175473579263 17.994 30.7 0.5600000000000003
1.0 0.3050847457627119 17.994 30.6 0.5700000000000003
1.0 0.3020937188434696 17.994 30.3 0.5800000000000003
1.0 0.3000997008973081 17.994 30.1 0.5900000000000003
1.0 0.29611166500498504 17.994 29.7 0.6000000000000003
1.0 0.2931206380857428 17.994 29.4 0.6100000000000003
1.0 0.292123629112662 17.994 29.3 0.6200000000000003
1.0 0.288135593220339 17.994 28.9 0.6300000000000003
1.0 0.2851445663010967 17.994 28.6 0.6400000000000003
1.0 0.28215353938185445 17.994 28.3 0.6500000000000004
1.0 0.27716849451645065 17.994 27.8 0.6600000000000004
1.0 0.26819541375872386 17.994 26.9 0.6700000000000004
1.0 0.2612163509471585 17.994 26.2 0.6800000000000004
1.0 0.2522432701894317 17.994 25.3 0.6900000000000004
1.0 0.24626121635094717 17.994 24.7 0.7000000000000004
1.0 0.23529411764705882 17.994 23.6 0.7100000000000004
1.0 0.2193419740777667 17.994 22.0 0.7200000000000004
1.0 0.2073778664007976 17.994 20.8 0.7300000000000004
1.0 0.19740777666999004 17.994 19.8 0.7400000000000004
1.0 0.18943170488534397 17.994 19.0 0.7500000000000004
1.0 0.18344965104685942 17.994 18.4 0.7600000000000005
1.0 0.17647058823529413 17.994 17.7 0.7700000000000005
1.0 0.17048853439680958 17.994 17.1 0.7800000000000005
1.0 0.1674975074775673 17.994 16.8 0.7900000000000005
1.0 0.16650049850448653 17.994 16.7 0.8000000000000005
1.0 0.16350947158524426 17.994 16.4 0.8100000000000005
0.999888851839502 0.1625124626121635 17.992 16.3 0.8200000000000005
0.9997777036790041 0.1585244267198405 17.99 15.9 0.8300000000000005
0.9994442591975102 0.15553339980059822 17.984 15.6 0.8400000000000005
0.9987773702345226 0.15553339980059822 17.972 15.6 0.8500000000000005
0.9975547404690452 0.15254237288135594 17.95 15.3 0.8600000000000005
0.9964432588640658 0.14755732801595214 17.93 14.8 0.8700000000000006
0.9944425919751028 0.14257228315054835 17.894 14.3 0.8800000000000006
0.992108480604646 0.13858424725822532 17.852 13.9 0.8900000000000006
0.9899966655551851 0.13060817547357925 17.814 13.1 0.9000000000000006
0.9876625541847283 0.12063808574277168 17.772 12.1 0.9100000000000006
0.9849949983327776 0.1106679960119641 17.724 11.1 0.9200000000000006
0.9827720351228187 0.10269192422731804 17.684 10.3 0.9300000000000006
0.9808825163943536 0.09770687936191426 17.65 9.8 0.9400000000000006
0.9794375903078804 0.09571286141575275 17.624 9.6 0.9500000000000006
0.9774369234189174 0.09172482552342971 17.588 9.2 0.9600000000000006
0.9745470712459708 0.09072781655034895 17.536 9.1 0.9700000000000006
0.9673224408136045 0.09072781655034895 17.406 9.1 0.9800000000000006
0.9416472157385796 0.09072781655034895 16.944 9.1 0.9900000000000007
0.0 0.0 0.0 0.0
