1.0 1.0 14.995 66.86666666666666 0.0
1.0 0.8125623130608175 14.995 54.333333333333336 0.01
1.0 0.6839481555333998 14.995 45.733333333333334 0.02
1.0 0.6231306081754736 14.995 41.666666666666664 0.03
1.0 0.5902293120638086 14.995 39.46666666666667 0.04
1.0 0.5583250249252243 14.995 37.333333333333336 0.05
1.0 0.522432701894317 14.995 34.93333333333333 0.060000000000000005
1.0 0.522432701894317 14.995 34.93333333333333 0.07
1.0 0.5114656031904287 14.995 34.2 0.08
1.0 0.4965104685942173 14.995 33.2 0.09
1.0 0.4865403788634098 14.995 32.53333333333333 0.09999999999999999
1.0 0.4765702891326022 14.995 31.866666666666667 0.10999999999999999
1.0 0.46560319042871384 14.995 31.133333333333333 0.11999999999999998
1.0 0.45862412761714855 14.995 30.666666666666668 0.12999999999999998
1.0 0.45164506480558325 14.995 30.2 0.13999999999999999
1.0 0.4406779661016949 14.995 29.466666666666665 0.15
1.0 0.4287138584247258 14.995 28.666666666666668 0.16
1.0 0.4187437686939183 14.995 28.0 0.17
1.0 0.39780658025922233 14.995 26.6 0.18000000000000002
1.0 0.382851445663011 14.995 25.6 0.19000000000000003
1.0 0.3698903290129611 14.995 24.733333333333334 0.20000000000000004
1.0 0.357926221335992 14.995 23.933333333333334 0.21000000000000005
1.0 0.35294117647058826 14.995 23.6 0.22000000000000006
1.0 0.3469591226321037 14.995 23.2 0.23000000000000007
1.0 0.3369890329012961 14.995 22.533333333333335 0.24000000000000007
1.0 0.33300099700897307 14.995 22.266666666666666 0.25000000000000006
1.0 0.3270189431704885 14.995 21.866666666666667 0.26000000000000006
1.0 0.3240279162512463 14.995 21.666666666666668 0.2700000000000001
1.0 0.3220338983050847 14.995 21.533333333333335 0.2800000000000001
1.0 0.3200398803589232 14.995 21.4 0.2900000000000001
1.0 0.3180458624127617 14.995 21.266666666666666 0.3000000000000001
1.0 0.3180458624127617 14.995 21.266666666666666 0.3100000000000001
1.0 0.3140578265204387 14.995 21.0 0.3200000000000001
1.0 0.31106679960119643 14.995 20.8 0.3300000000000001
1.0 0.3070787637088734 14.995 20.533333333333335 0.34000000000000014
1.0 0.3020937188434696 14.995 20.2 0.35000000000000014
1.0 0.3000997008973081 14.995 20.066666666666666 0.36000000000000015
1.0 0.29411764705882354 14.995 19.666666666666668 0.37000000000000016
1.0 0.2851445663010967 14.995 19.066666666666666 0.38000000000000017
1.0 0.28215353938185445 14.995 18.866666666666667 0.3900000000000002
1.0 0.2741774675972084 14.995 18.333333333333332 0.4000000000000002
1.0 0.2662013958125623 14.995 17.8 0.4100000000000002
1.0 0.2522432701894317 14.995 16.866666666666667 0.4200000000000002
1.0 0.24426719840478564 14.995 16.333333333333332 0.4300000000000002
1.0 0.23230309072781655 14.995 15.533333333333333 0.4400000000000002
1.0 0.2213359920239282 14.995 14.8 0.45000000000000023
1.0 0.21036889332003988 14.995 14.066666666666666 0.46000000000000024
1.0 0.19740777666999004 14.995 13.2 0.47000000000000025
1.0 0.19042871385842472 14.995 12.733333333333333 0.48000000000000026
1.0 0.18444666001994017 14.995 12.333333333333334 0.49000000000000027
1.0 0.18245264207377868 14.995 12.2 0.5000000000000002
1.0 0.17746759720837488 14.995 11.866666666666667 0.5100000000000002
1.0 0.17347956131605186 14.995 11.6 0.5200000000000002
1.0 0.16550348953140578 14.995 11.066666666666666 0.5300000000000002
1.0 0.1625124626121635 14.995 10.866666666666667 0.5400000000000003
1.0 0.15952143569292124 14.995 10.666666666666666 0.5500000000000003
1.0 0.1575274177467597 14.995 10.533333333333333 0.5600000000000003
1.0 0.1535393818544367 14.995 10.266666666666667 0.5700000000000003
1.0 0.15254237288135594 14.995 10.2 0.5800000000000003
1.0 0.14755732801595214 14.995 9.866666666666667 0.5900000000000003
1.0 0.14556331006979062 14.995 9.733333333333333 0.6000000000000003
1.0 0.14257228315054835 14.995 9.533333333333333 0.6100000000000003
1.0 0.13858424725822532 14.995 9.266666666666667 0.6200000000000003
1.0 0.1365902293120638 14.995 9.133333333333333 0.6300000000000003
1.0 0.13260219341974078 14.995 8.866666666666667 0.6400000000000003
1.0 0.13160518444666003 14.995 8.8 0.6500000000000004
1.0 0.13060817547357925 14.995 8.733333333333333 0.6600000000000004
1.0 0.12662013958125623 14.995 8.466666666666667 0.6700000000000004
1.0 0.11964107676969092 14.995 8.0 0.6800000000000004
1.0 0.11365902293120637 14.995 7.6 0.6900000000000004
0.999888851839502 0.10967098703888335 14.993333333333334 7.333333333333333 0.7000000000000004
0.999888851839502 0.10269192422731804 14.993333333333334 6.866666666666666 0.7100000000000004
0.999888851839502 0.09471585244267199 14.993333333333334 6.333333333333333 0.7200000000000004
0.999888851839502 0.08574277168494517 14.993333333333334 5.733333333333333 0.7300000000000004
0.999888851839502 0.07178464606181456 14.993333333333334 4.8 0.7400000000000004
0.999888851839502 0.06580259222333001 14.993333333333334 4.4 0.7500000000000004
0.999888851839502 0.05682951146560319 14.993333333333334 3.8 0.7600000000000005
0.999888851839502 0.049850448654037885 14.993333333333334 3.3333333333333335 0.7700000000000005
0.999888851839502 0.04187437686939183 14.993333333333334 2.8 0.7800000000000005
0.999888851839502 0.036889332003988036 14.993333333333334 2.466666666666667 0.7900000000000005
0.999888851839502 0.03090727816550349 14.993333333333334 2.066666666666667 0.8000000000000005
0.999888851839502 0.02991026919242273 14.993333333333334 2.0 0.8100000000000005
0.9997777036790041 0.027916251246261216 14.991666666666667 1.8666666666666667 0.8200000000000005
0.9996665555185061 0.026919242273180457 14.99 1.8 0.8300000000000005
0.9996665555185061 0.0259222333000997 14.99 1.7333333333333334 0.8400000000000005
0.9996665555185061 0.0259222333000997 14.99 1.7333333333333334 0.8500000000000005
0.9994442591975102 0.024925224327018942 14.986666666666666 1.6666666666666667 0.8600000000000005
0.9992219628765144 0.020937188434695914 14.983333333333333 1.4 0.8700000000000006
0.9987773702345226 0.01694915254237288 14.976666666666667 1.1333333333333333 0.8800000000000006
0.9978881849505391 0.014955134596211365 14.963333333333333 1.0 0.8900000000000006
0.9974435923085473 0.010967098703888335 14.956666666666667 0.7333333333333333 0.9000000000000006
0.9971101478270534 0.007976071784646061 14.951666666666666 0.5333333333333333 0.9100000000000006
0.9967767033455597 0.006979062811565304 14.946666666666667 0.4666666666666667 0.9200000000000006
0.9965544070245638 0.003988035892323031 14.943333333333333 0.26666666666666666 0.9300000000000006
0.995998666222074 0.0019940179461615153 14.935 0.13333333333333333 0.9400000000000006
0.9956652217405801 9.970089730807576E-4 14.93 0.06666666666666667 0.9500000000000006
0.9949983327775925 0.0 14.92 0.0 0.9600000000000006
0.9946648882960987 0.0 14.915 0.0 0.9700000000000006
0.9916638879626543 0.0 14.87 0.0 0.9800000000000006
0.9796598866288763 0.0 14.69 0.0 0.9900000000000007
0.0 0.0 0.0 0.0
