0.0 0.4985044865403789 0.0 20.0 0.0
0.0 0.4167497507477567 0.0 16.72 0.01
0.0 0.3240279162512463 0.0 13.0 0.02
0.0 0.29611166500498504 0.0 11.88 0.03
0.0 0.27916251246261214 0.0 11.2 0.04
0.0 0.2691924227318046 0.0 10.8 0.05
0.0 0.2522432701894317 0.0 10.12 0.060000000000000005
0.0 0.2522432701894317 0.0 10.12 0.07
0.0 0.2452642073778664 0.0 9.84 0.08
0.0 0.24027916251246262 0.0 9.64 0.09
0.0 0.2313060817547358 0.0 9.28 0.09999999999999999
0.0 0.22831505483549352 0.0 9.16 0.10999999999999999
0.0 0.226321036889332 0.0 9.08 0.11999999999999998
0.0 0.22532402791625125 0.0 9.04 0.12999999999999998
0.0 0.22432701894317048 0.0 9.0 0.13999999999999999
0.0 0.22233300099700898 0.0 8.92 0.15
0.0 0.22233300099700898 0.0 8.92 0.16
0.0 0.2193419740777667 0.0 8.8 0.17
0.0 0.2123629112662014 0.0 8.52 0.18000000000000002
0.0 0.2123629112662014 0.0 8.52 0.19000000000000003
0.0 0.21036889332003988 0.0 8.44 0.20000000000000004
0.0 0.20438683948155534 0.0 8.2 0.21000000000000005
0.0 0.2023928215353938 0.0 8.12 0.22000000000000006
0.0 0.19940179461615154 0.0 8.0 0.23000000000000007
0.0 0.1984047856430708 0.0 7.96 0.24000000000000007
0.0 0.1984047856430708 0.0 7.96 0.25000000000000006
0.0 0.19641076769690927 0.0 7.88 0.26000000000000006
0.0 0.18843469591226322 0.0 7.56 0.2700000000000001
0.0 0.18843469591226322 0.0 7.56 0.2800000000000001
0.0 0.18544366899302095 0.0 7.44 0.2900000000000001
0.0 0.18544366899302095 0.0 7.44 0.3000000000000001
0.0 0.18344965104685942 0.0 7.36 0.3100000000000001
0.0 0.18045862412761715 0.0 7.24 0.3200000000000001
0.0 0.1794616151545364 0.0 7.2 0.3300000000000001
0.0 0.1794616151545364 0.0 7.2 0.34000000000000014
0.0 0.17647058823529413 0.0 7.08 0.35000000000000014
0.0 0.17347956131605186 0.0 6.96 0.36000000000000015
0.0 0.17347956131605186 0.0 6.96 0.37000000000000016
0.0 0.17048853439680958 0.0 6.84 0.38000000000000017
0.0 0.17048853439680958 0.0 6.84 0.3900000000000002
0.0 0.17048853439680958 0.0 6.84 0.4000000000000002
0.0 0.17048853439680958 0.0 6.84 0.4100000000000002
0.0 0.16849451645064806 0.0 6.76 0.4200000000000002
0.0 0.16849451645064806 0.0 6.76 0.4300000000000002
0.0 0.1674975074775673 0.0 6.72 0.4400000000000002
0.0 0.1674975074775673 0.0 6.72 0.45000000000000023
0.0 0.16650049850448653 0.0 6.68 0.46000000000000024
0.0 0.16650049850448653 0.0 6.68 0.47000000000000025
0.0 0.1625124626121635 0.0 6.52 0.48000000000000026
0.0 0.1575274177467597 0.0 6.32 0.49000000000000027
0.0 0.15653040877367896 0.0 6.28 0.5000000000000002
0.0 0.15453639082751744 0.0 6.2 0.5100000000000002
0.0 0.15453639082751744 0.0 6.2 0.5200000000000002
0.0 0.1535393818544367 0.0 6.16 0.5300000000000002
0.0 0.1535393818544367 0.0 6.16 0.5400000000000003
0.0 0.15154536390827517 0.0 6.08 0.5500000000000003
0.0 0.1485543369890329 0.0 5.96 0.5600000000000003
0.0 0.14356929212362912 0.0 5.76 0.5700000000000003
0.0 0.14356929212362912 0.0 5.76 0.5800000000000003
0.0 0.1415752741774676 0.0 5.68 0.5900000000000003
0.0 0.1345962113659023 0.0 5.4 0.6000000000000003
0.0 0.1345962113659023 0.0 5.4 0.6100000000000003
0.0 0.13260219341974078 0.0 5.32 0.6200000000000003
0.0 0.13160518444666003 0.0 5.28 0.6300000000000003
0.0 0.13060817547357925 0.0 5.24 0.6400000000000003
0.0 0.12861415752741776 0.0 5.16 0.6500000000000004
0.0 0.12662013958125623 0.0 5.08 0.6600000000000004
0.0 0.12362911266201396 0.0 4.96 0.6700000000000004
0.0 0.1226321036889332 0.0 4.92 0.6800000000000004
0.0 0.1226321036889332 0.0 4.92 0.6900000000000004
0.0 0.12063808574277168 0.0 4.84 0.7000000000000004
0.0 0.11964107676969092 0.0 4.8 0.7100000000000004
0.0 0.11864406779661017 0.0 4.76 0.7200000000000004
0.0 0.1156530408773679 0.0 4.64 0.7300000000000004
0.0 0.11465603190428714 0.0 4.6 0.7400000000000004
0.0 0.10967098703888335 0.0 4.4 0.7500000000000004
0.0 0.10967098703888335 0.0 4.4 0.7600000000000005
0.0 0.10967098703888335 0.0 4.4 0.7700000000000005
0.0 0.10568295114656032 0.0 4.24 0.7800000000000005
0.0 0.10468594217347957 0.0 4.2 0.7900000000000005
0.0 0.1036889332003988 0.0 4.16 0.8000000000000005
0.0 0.1036889332003988 0.0 4.16 0.8100000000000005
0.0 0.09770687936191426 0.0 3.92 0.8200000000000005
0.0 0.09770687936191426 0.0 3.92 0.8300000000000005
0.0 0.0967098703888335 0.0 3.88 0.8400000000000005
0.0 0.09471585244267199 0.0 3.8 0.8500000000000005
0.0 0.09172482552342971 0.0 3.68 0.8600000000000005
0.0 0.09072781655034895 0.0 3.64 0.8700000000000006
0.0 0.08574277168494517 0.0 3.44 0.8800000000000006
0.0 0.0847457627118644 0.0 3.4 0.8900000000000006
0.0 0.07477567298105683 0.0 3.0 0.9000000000000006
0.0 0.07377866400797607 0.0 2.96 0.9100000000000006
0.0 0.07178464606181456 0.0 2.88 0.9200000000000006
0.0 0.06580259222333001 0.0 2.64 0.9300000000000006
0.0 0.058823529411764705 0.0 2.36 0.9400000000000006
0.0 0.05284147557328016 0.0 2.12 0.9500000000000006
0.0 0.0448654037886341 0.0 1.8 0.9600000000000006
0.0 0.03788634097706879 0.0 1.52 0.9700000000000006
0.0 0.02991026919242273 0.0 1.2 0.9800000000000006
0.0 0.018943170488534396 0.0 0.76 0.9900000000000007
0.0 0.0 0.0 0.0
