1.0 1.0 22.4925 20.06 0.0
1.0 0.9122632103688934 22.4925 18.3 0.01
1.0 0.8354935194416749 22.4925 16.76 0.02
1.0 0.7956131605184447 22.4925 15.96 0.03
1.0 0.7726819541375872 22.4925 15.5 0.04
1.0 0.7507477567298105 22.4925 15.06 0.05
1.0 0.7188434695912264 22.4925 14.42 0.060000000000000005
1.0 0.7188434695912264 22.4925 14.42 0.07
1.0 0.7038883349950149 22.4925 14.12 0.08
1.0 0.6849451645064806 22.4925 13.74 0.09
1.0 0.6779661016949152 22.4925 13.6 0.09999999999999999
1.0 0.67098703888335 22.4925 13.46 0.10999999999999999
1.0 0.6660019940179461 22.4925 13.36 0.11999999999999998
1.0 0.6610169491525424 22.4925 13.26 0.12999999999999998
1.0 0.6560319042871385 22.4925 13.16 0.13999999999999999
1.0 0.6490528414755733 22.4925 13.02 0.15
1.0 0.6410767696909272 22.4925 12.86 0.16
1.0 0.6331006979062812 22.4925 12.7 0.17
1.0 0.6081754735792622 22.4925 12.2 0.18000000000000002
1.0 0.6001994017946162 22.4925 12.04 0.19000000000000003
1.0 0.5872382851445663 22.4925 11.78 0.20000000000000004
1.0 0.5782652043868395 22.4925 11.6 0.21000000000000005
1.0 0.5692921236291126 22.4925 11.42 0.22000000000000006
1.0 0.5643070787637089 22.4925 11.32 0.23000000000000007
1.0 0.5583250249252243 22.4925 11.2 0.24000000000000007
1.0 0.5573280159521435 22.4925 11.18 0.25000000000000006
1.0 0.5503489531405783 22.4925 11.04 0.26000000000000006
1.0 0.5483549351944168 22.4925 11.0 0.2700000000000001
1.0 0.5473579262213359 22.4925 10.98 0.2800000000000001
1.0 0.5443668993020937 22.4925 10.92 0.2900000000000001
1.0 0.5413758723828515 22.4925 10.86 0.3000000000000001
1.0 0.5403788634097707 22.4925 10.84 0.3100000000000001
1.0 0.5353938185443669 22.4925 10.74 0.3200000000000001
1.0 0.5304087736789631 22.4925 10.64 0.3300000000000001
1.0 0.5244267198404786 22.4925 10.52 0.34000000000000014
1.0 0.522432701894317 22.4925 10.48 0.35000000000000014
1.0 0.5164506480558325 22.4925 10.36 0.36000000000000015
1.0 0.5124626121635095 22.4925 10.28 0.37000000000000016
1.0 0.5044865403788634 22.4925 10.12 0.38000000000000017
1.0 0.49750747756729813 22.4925 9.98 0.3900000000000002
1.0 0.4865403788634098 22.4925 9.76 0.4000000000000002
1.0 0.4765702891326022 22.4925 9.56 0.4100000000000002
1.0 0.46560319042871384 22.4925 9.34 0.4200000000000002
1.0 0.45862412761714855 22.4925 9.2 0.4300000000000002
1.0 0.44965104685942175 22.4925 9.02 0.4400000000000002
1.0 0.4406779661016949 22.4925 8.84 0.45000000000000023
1.0 0.43270189431704886 22.4925 8.68 0.46000000000000024
1.0 0.419740777666999 22.4925 8.42 0.47000000000000025
1.0 0.4097706879361914 22.4925 8.22 0.48000000000000026
1.0 0.4057826520438684 22.4925 8.14 0.49000000000000027
1.0 0.3968095712861416 22.4925 7.96 0.5000000000000002
1.0 0.3948155533399801 22.4925 7.92 0.5100000000000002
1.0 0.38883349950149554 22.4925 7.8 0.5200000000000002
1.0 0.38883349950149554 22.4925 7.8 0.5300000000000002
1.0 0.386839481555334 22.4925 7.76 0.5400000000000003
1.0 0.3848454636091725 22.4925 7.72 0.5500000000000003
1.0 0.38384845463609174 22.4925 7.7 0.5600000000000003
1.0 0.38384845463609174 22.4925 7.7 0.5700000000000003
1.0 0.382851445663011 22.4925 7.68 0.5800000000000003
1.0 0.38085742771684944 22.4925 7.64 0.5900000000000003
1.0 0.37886340977068794 22.4925 7.6 0.6000000000000003
1.0 0.37686939182452645 22.4925 7.56 0.6100000000000003
1.0 0.37587238285144564 22.4925 7.54 0.6200000000000003
1.0 0.37188434695912265 22.4925 7.46 0.6300000000000003
1.0 0.36889332003988035 22.4925 7.4 0.6400000000000003
1.0 0.36191425722831505 22.4925 7.26 0.6500000000000004
1.0 0.35294117647058826 22.4925 7.08 0.6600000000000004
1.0 0.3459621136590229 22.4925 6.94 0.6700000000000004
1.0 0.3349950149551346 22.4925 6.72 0.6800000000000004
1.0 0.317048853439681 22.4925 6.36 0.6900000000000004
1.0 0.3050847457627119 22.4925 6.12 0.7000000000000004
1.0 0.28215353938185445 22.4925 5.66 0.7100000000000004
1.0 0.2572283150548355 22.4925 5.16 0.7200000000000004
1.0 0.24227318045862412 22.4925 4.86 0.7300000000000004
1.0 0.22333000997008973 22.4925 4.48 0.7400000000000004
1.0 0.20937188434695914 22.4925 4.2 0.7500000000000004
1.0 0.19441674975074777 22.4925 3.9 0.7600000000000005
1.0 0.19042871385842472 22.4925 3.82 0.7700000000000005
1.0 0.18245264207377868 22.4925 3.66 0.7800000000000005
1.0 0.1744765702891326 22.4925 3.5 0.7900000000000005
1.0 0.1625124626121635 22.4925 3.26 0.8000000000000005
1.0 0.1585244267198405 22.4925 3.18 0.8100000000000005
0.9997777036790041 0.1585244267198405 22.4875 3.18 0.8200000000000005
0.9989996665555185 0.15653040877367896 22.47 3.14 0.8300000000000005
0.9986662220740247 0.15553339980059822 22.4625 3.12 0.8400000000000005
0.9968878515060575 0.15254237288135594 22.4225 3.06 0.8500000000000005
0.9952206290985884 0.14257228315054835 22.385 2.86 0.8600000000000005
0.9931088140491275 0.1345962113659023 22.3375 2.7 0.8700000000000006
0.9895520729131932 0.12861415752741776 22.2575 2.58 0.8800000000000006
0.9853284428142715 0.1156530408773679 22.1625 2.32 0.8900000000000006
0.9796598866288763 0.09571286141575275 22.035 1.92 0.9000000000000006
0.9747693675669667 0.07676969092721835 21.925 1.54 0.9100000000000006
0.9708791819495387 0.06181455633100698 21.8375 1.24 0.9200000000000006
0.9676558852950984 0.049850448654037885 21.765 1.0 0.9300000000000006
0.9637656996776703 0.0448654037886341 21.6775 0.9 0.9400000000000006
0.9612092919862176 0.04187437686939183 21.62 0.84 0.9500000000000006
0.9587640324552629 0.038883349950149554 21.565 0.78 0.9600000000000006
0.9542069578748472 0.038883349950149554 21.4625 0.78 0.9700000000000006
0.940646882294098 0.038883349950149554 21.1575 0.78 0.9800000000000006
0.8948538401689452 0.038883349950149554 20.1275 0.78 0.9900000000000007
0.0 0.0 0.0 0.0
