1.0 1.0 9.996666666666666 20.06 0.0
1.0 0.7886340977068793 9.996666666666666 15.82 0.01
1.0 0.6370887337986042 9.996666666666666 12.78 0.02
1.0 0.5862412761714856 9.996666666666666 11.76 0.03
1.0 0.559322033898305 9.996666666666666 11.22 0.04
1.0 0.5383848454636092 9.996666666666666 10.8 0.05
1.0 0.5044865403788634 9.996666666666666 10.12 0.060000000000000005
1.0 0.5044865403788634 9.996666666666666 10.12 0.07
1.0 0.49252243270189433 9.996666666666666 9.88 0.08
1.0 0.4745762711864407 9.996666666666666 9.52 0.09
1.0 0.46061814556331004 9.996666666666666 9.24 0.09999999999999999
1.0 0.44466600199401796 9.996666666666666 8.92 0.10999999999999999
1.0 0.43469591226321036 9.996666666666666 8.72 0.11999999999999998
1.0 0.4217347956131605 9.996666666666666 8.46 0.12999999999999998
1.0 0.4137587238285145 9.996666666666666 8.3 0.13999999999999999
1.0 0.4067796610169492 9.996666666666666 8.16 0.15
1.0 0.40279162512462613 9.996666666666666 8.08 0.16
1.0 0.3988035892323031 9.996666666666666 8.0 0.17
1.0 0.3898305084745763 9.996666666666666 7.82 0.18000000000000002
1.0 0.382851445663011 9.996666666666666 7.68 0.19000000000000003
1.0 0.3778664007976072 9.996666666666666 7.58 0.20000000000000004
1.0 0.3728813559322034 9.996666666666666 7.48 0.21000000000000005
1.0 0.3698903290129611 9.996666666666666 7.42 0.22000000000000006
1.0 0.3609172482552343 9.996666666666666 7.24 0.23000000000000007
1.0 0.35493519441674976 9.996666666666666 7.12 0.24000000000000007
1.0 0.3489531405782652 9.996666666666666 7.0 0.25000000000000006
1.0 0.3439680957128614 9.996666666666666 6.9 0.26000000000000006
1.0 0.3419740777666999 9.996666666666666 6.86 0.2700000000000001
1.0 0.34097706879361916 9.996666666666666 6.84 0.2800000000000001
1.0 0.33599202392821537 9.996666666666666 6.74 0.2900000000000001
1.0 0.3320039880358923 9.996666666666666 6.66 0.3000000000000001
1.0 0.32801595214356927 9.996666666666666 6.58 0.3100000000000001
1.0 0.325024925224327 9.996666666666666 6.52 0.3200000000000001
1.0 0.3230309072781655 9.996666666666666 6.48 0.3300000000000001
1.0 0.3150548354935194 9.996666666666666 6.32 0.34000000000000014
1.0 0.3100697906281156 9.996666666666666 6.22 0.35000000000000014
1.0 0.3050847457627119 9.996666666666666 6.12 0.36000000000000015
1.0 0.30109670987038883 9.996666666666666 6.04 0.37000000000000016
1.0 0.29810568295114653 9.996666666666666 5.98 0.38000000000000017
1.0 0.2931206380857428 9.996666666666666 5.88 0.3900000000000002
1.0 0.292123629112662 9.996666666666666 5.86 0.4000000000000002
1.0 0.29112662013958124 9.996666666666666 5.84 0.4100000000000002
1.0 0.28713858424725824 9.996666666666666 5.76 0.4200000000000002
1.0 0.2851445663010967 9.996666666666666 5.72 0.4300000000000002
1.0 0.2811565304087737 9.996666666666666 5.64 0.4400000000000002
1.0 0.27916251246261214 9.996666666666666 5.6 0.45000000000000023
1.0 0.2711864406779661 9.996666666666666 5.44 0.46000000000000024
1.0 0.26719840478564305 9.996666666666666 5.36 0.47000000000000025
1.0 0.2642073778664008 9.996666666666666 5.3 0.48000000000000026
1.0 0.2572283150548355 9.996666666666666 5.16 0.49000000000000027
1.0 0.2542372881355932 9.996666666666666 5.1 0.5000000000000002
1.0 0.2502492522432702 9.996666666666666 5.02 0.5100000000000002
1.0 0.2472582253240279 9.996666666666666 4.96 0.5200000000000002
1.0 0.24626121635094717 9.996666666666666 4.94 0.5300000000000002
1.0 0.2432701894317049 9.996666666666666 4.88 0.5400000000000003
1.0 0.24127617148554337 9.996666666666666 4.84 0.5500000000000003
1.0 0.24027916251246262 9.996666666666666 4.82 0.5600000000000003
1.0 0.23728813559322035 9.996666666666666 4.76 0.5700000000000003
1.0 0.23728813559322035 9.996666666666666 4.76 0.5800000000000003
1.0 0.2333000997008973 9.996666666666666 4.68 0.5900000000000003
1.0 0.2313060817547358 9.996666666666666 4.64 0.6000000000000003
1.0 0.23030907278165502 9.996666666666666 4.62 0.6100000000000003
1.0 0.22731804586241275 9.996666666666666 4.56 0.6200000000000003
1.0 0.22432701894317048 9.996666666666666 4.5 0.6300000000000003
1.0 0.2213359920239282 9.996666666666666 4.44 0.6400000000000003
1.0 0.21834496510468593 9.996666666666666 4.38 0.6500000000000004
1.0 0.21335992023928216 9.996666666666666 4.28 0.6600000000000004
1.0 0.20937188434695914 9.996666666666666 4.2 0.6700000000000004
1.0 0.2073778664007976 9.996666666666666 4.16 0.6800000000000004
1.0 0.2053838484546361 9.996666666666666 4.12 0.6900000000000004
1.0 0.2023928215353938 9.996666666666666 4.06 0.7000000000000004
1.0 0.1984047856430708 9.996666666666666 3.98 0.7100000000000004
1.0 0.1984047856430708 9.996666666666666 3.98 0.7200000000000004
1.0 0.19641076769690927 9.996666666666666 3.94 0.7300000000000004
1.0 0.19541375872382852 9.996666666666666 3.92 0.7400000000000004
1.0 0.19242273180458624 9.996666666666666 3.86 0.7500000000000004
1.0 0.18943170488534397 9.996666666666666 3.8 0.7600000000000005
1.0 0.18743768693918245 9.996666666666666 3.76 0.7700000000000005
1.0 0.18344965104685942 9.996666666666666 3.68 0.7800000000000005
1.0 0.18245264207377868 9.996666666666666 3.66 0.7900000000000005
1.0 0.17647058823529413 9.996666666666666 3.54 0.8000000000000005
1.0 0.17547357926221335 9.996666666666666 3.52 0.8100000000000005
1.0 0.17148554336989033 9.996666666666666 3.44 0.8200000000000005
1.0 0.16151545363908276 9.996666666666666 3.24 0.8300000000000005
1.0 0.1575274177467597 9.996666666666666 3.16 0.8400000000000005
1.0 0.15254237288135594 9.996666666666666 3.06 0.8500000000000005
1.0 0.15054835493519442 9.996666666666666 3.02 0.8600000000000005
1.0 0.14456630109670987 9.996666666666666 2.9 0.8700000000000006
1.0 0.1415752741774676 9.996666666666666 2.84 0.8800000000000006
1.0 0.13359920239282153 9.996666666666666 2.68 0.8900000000000006
0.999888851839502 0.12861415752741776 9.995555555555555 2.58 0.9000000000000006
0.999888851839502 0.1226321036889332 9.995555555555555 2.46 0.9100000000000006
0.999888851839502 0.11665004985044865 9.995555555555555 2.34 0.9200000000000006
0.999888851839502 0.1106679960119641 9.995555555555555 2.22 0.9300000000000006
0.999888851839502 0.1016949152542373 9.995555555555555 2.04 0.9400000000000006
0.9997777036790041 0.0897308075772682 9.994444444444444 1.8 0.9500000000000006
0.9997777036790041 0.08075772681954138 9.994444444444444 1.62 0.9600000000000006
0.9996665555185061 0.07477567298105683 9.993333333333334 1.5 0.9700000000000006
0.9994442591975102 0.06181455633100698 9.991111111111111 1.24 0.9800000000000006
0.9982216294320329 0.0448654037886341 9.97888888888889 0.9 0.9900000000000007
0.0 0.0 0.0 0.0
