1.0 1.0 29.99 16.716666666666665 0.0
1.0 0.9541375872382851 29.99 15.95 0.01
1.0 0.8983050847457628 29.99 15.016666666666667 0.02
1.0 0.8584247258225324 29.99 14.35 0.03
1.0 0.8285144566301097 29.99 13.85 0.04
1.0 0.8145563310069791 29.99 13.616666666666667 0.05
1.0 0.7996011964107677 29.99 13.366666666666667 0.060000000000000005
1.0 0.7996011964107677 29.99 13.366666666666667 0.07
1.0 0.7926221335992024 29.99 13.25 0.08
1.0 0.7826520438683948 29.99 13.083333333333334 0.09
1.0 0.7746759720837487 29.99 12.95 0.09999999999999999
1.0 0.7676969092721835 29.99 12.833333333333334 0.10999999999999999
1.0 0.7607178464606181 29.99 12.716666666666667 0.11999999999999998
1.0 0.7587238285144566 29.99 12.683333333333334 0.12999999999999998
1.0 0.7507477567298105 29.99 12.55 0.13999999999999999
1.0 0.748753738783649 29.99 12.516666666666667 0.15
1.0 0.7437686939182453 29.99 12.433333333333334 0.16
1.0 0.7367896311066799 29.99 12.316666666666666 0.17
1.0 0.7228315054835494 29.99 12.083333333333334 0.18000000000000002
1.0 0.7178464606181456 29.99 12.0 0.19000000000000003
1.0 0.711864406779661 29.99 11.9 0.20000000000000004
1.0 0.7048853439680958 29.99 11.783333333333333 0.21000000000000005
1.0 0.6979062811565304 29.99 11.666666666666666 0.22000000000000006
1.0 0.6949152542372882 29.99 11.616666666666667 0.23000000000000007
1.0 0.6889332003988036 29.99 11.516666666666667 0.24000000000000007
1.0 0.6849451645064806 29.99 11.45 0.25000000000000006
1.0 0.6829511465603191 29.99 11.416666666666666 0.26000000000000006
1.0 0.6809571286141576 29.99 11.383333333333333 0.2700000000000001
1.0 0.6799601196410767 29.99 11.366666666666667 0.2800000000000001
1.0 0.6799601196410767 29.99 11.366666666666667 0.2900000000000001
1.0 0.678963110667996 29.99 11.35 0.3000000000000001
1.0 0.6779661016949152 29.99 11.333333333333334 0.3100000000000001
1.0 0.6779661016949152 29.99 11.333333333333334 0.3200000000000001
1.0 0.6779661016949152 29.99 11.333333333333334 0.3300000000000001
1.0 0.6759720837487537 29.99 11.3 0.34000000000000014
1.0 0.6739780658025922 29.99 11.266666666666667 0.35000000000000014
1.0 0.6699900299102692 29.99 11.2 0.36000000000000015
1.0 0.6640079760717846 29.99 11.1 0.37000000000000016
1.0 0.6570289132602194 29.99 10.983333333333333 0.38000000000000017
1.0 0.6510468594217348 29.99 10.883333333333333 0.3900000000000002
1.0 0.6410767696909272 29.99 10.716666666666667 0.4000000000000002
1.0 0.6350947158524427 29.99 10.616666666666667 0.4100000000000002
1.0 0.6251246261216351 29.99 10.45 0.4200000000000002
1.0 0.6191425722831505 29.99 10.35 0.4300000000000002
1.0 0.6141575274177468 29.99 10.266666666666667 0.4400000000000002
1.0 0.6011964107676969 29.99 10.05 0.45000000000000023
1.0 0.5972083748753739 29.99 9.983333333333333 0.46000000000000024
1.0 0.5892323030907278 29.99 9.85 0.47000000000000025
1.0 0.5862412761714856 29.99 9.8 0.48000000000000026
1.0 0.584247258225324 29.99 9.766666666666667 0.49000000000000027
1.0 0.5792622133599202 29.99 9.683333333333334 0.5000000000000002
1.0 0.5792622133599202 29.99 9.683333333333334 0.5100000000000002
1.0 0.5732801595214357 29.99 9.583333333333334 0.5200000000000002
1.0 0.5702891326021934 29.99 9.533333333333333 0.5300000000000002
1.0 0.5682951146560319 29.99 9.5 0.5400000000000003
1.0 0.5663010967098704 29.99 9.466666666666667 0.5500000000000003
1.0 0.5653040877367896 29.99 9.45 0.5600000000000003
1.0 0.5653040877367896 29.99 9.45 0.5700000000000003
1.0 0.5653040877367896 29.99 9.45 0.5800000000000003
1.0 0.5653040877367896 29.99 9.45 0.5900000000000003
1.0 0.5643070787637089 29.99 9.433333333333334 0.6000000000000003
1.0 0.5623130608175474 29.99 9.4 0.6100000000000003
1.0 0.5623130608175474 29.99 9.4 0.6200000000000003
1.0 0.559322033898305 29.99 9.35 0.6300000000000003
1.0 0.5543369890329013 29.99 9.266666666666667 0.6400000000000003
1.0 0.5503489531405783 29.99 9.2 0.6500000000000004
1.0 0.5423728813559322 29.99 9.066666666666666 0.6600000000000004
1.0 0.5304087736789631 29.99 8.866666666666667 0.6700000000000004
1.0 0.5154536390827518 29.99 8.616666666666667 0.6800000000000004
1.0 0.4965104685942173 29.99 8.3 0.6900000000000004
1.0 0.481555333998006 29.99 8.05 0.7000000000000004
1.0 0.4626121635094716 29.99 7.733333333333333 0.7100000000000004
1.0 0.43469591226321036 29.99 7.266666666666667 0.7200000000000004
1.0 0.4137587238285145 29.99 6.916666666666667 0.7300000000000004
1.0 0.39581256231306083 29.99 6.616666666666666 0.7400000000000004
1.0 0.36390827517447655 29.99 6.083333333333333 0.7500000000000004
1.0 0.3389830508474576 29.99 5.666666666666667 0.7600000000000005
1.0 0.3230309072781655 29.99 5.4 0.7700000000000005
1.0 0.3100697906281156 29.99 5.183333333333334 0.7800000000000005
1.0 0.30109670987038883 29.99 5.033333333333333 0.7900000000000005
0.9997777036790041 0.2931206380857428 29.983333333333334 4.9 0.8000000000000005
0.9991108147160165 0.2901296111665005 29.963333333333335 4.85 0.8100000000000005
0.9986662220740247 0.28913260219341974 29.95 4.833333333333333 0.8200000000000005
0.9972212959875514 0.2851445663010967 29.906666666666666 4.766666666666667 0.8300000000000005
0.995887518061576 0.2781655034895314 29.866666666666667 4.65 0.8400000000000005
0.9926642214071357 0.26819541375872386 29.77 4.483333333333333 0.8500000000000005
0.986106479937757 0.259222333000997 29.573333333333334 4.333333333333333 0.8600000000000005
0.9766588862954318 0.24426719840478564 29.29 4.083333333333333 0.8700000000000006
0.9646548849616539 0.22532402791625125 28.93 3.7666666666666666 0.8800000000000006
0.9479826608869624 0.2123629112662014 28.43 3.55 0.8900000000000006
0.9331999555407358 0.1744765702891326 27.986666666666668 2.9166666666666665 0.9000000000000006
0.9179726575525176 0.1465603190428714 27.53 2.45 0.9100000000000006
0.9043014338112704 0.12761714855433698 27.12 2.1333333333333333 0.9200000000000006
0.8947426920084472 0.11365902293120637 26.833333333333332 1.9 0.9300000000000006
0.8869623207735912 0.10767696909272183 26.6 1.8 0.9400000000000006
0.8824052461931755 0.09970089730807577 26.463333333333335 1.6666666666666667 0.9500000000000006
0.8782927642547516 0.09770687936191426 26.34 1.6333333333333333 0.9600000000000006
0.8725130599088585 0.09571286141575275 26.166666666666668 1.6 0.9700000000000006
0.8507280204512615 0.09571286141575275 25.513333333333332 1.6 0.9800000000000006
0.7713682338557297 0.09571286141575275 23.133333333333333 1.6 0.9900000000000007
0.0 0.0 0.0 0.0
