1.0 1.0 17.994 20.06 0.0
1.0 0.8584247258225324 17.994 17.22 0.01
1.0 0.7607178464606181 17.994 15.26 0.02
1.0 0.7148554336989033 17.994 14.34 0.03
1.0 0.6739780658025922 17.994 13.52 0.04
1.0 0.6520438683948155 17.994 13.08 0.05
1.0 0.6071784646061814 17.994 12.18 0.060000000000000005
1.0 0.6071784646061814 17.994 12.18 0.07
1.0 0.5872382851445663 17.994 11.78 0.08
1.0 0.5722831505483549 17.994 11.48 0.09
1.0 0.5623130608175474 17.994 11.28 0.09999999999999999
1.0 0.5603190428713859 17.994 11.24 0.10999999999999999
1.0 0.555333998005982 17.994 11.14 0.11999999999999998
1.0 0.5473579262213359 17.994 10.98 0.12999999999999998
1.0 0.5373878364905285 17.994 10.78 0.13999999999999999
1.0 0.5294117647058824 17.994 10.62 0.15
1.0 0.5164506480558325 17.994 10.36 0.16
1.0 0.5054835493519442 17.994 10.14 0.17
1.0 0.48753738783649053 17.994 9.78 0.18000000000000002
1.0 0.47557328015952144 17.994 9.54 0.19000000000000003
1.0 0.46360917248255235 17.994 9.3 0.20000000000000004
1.0 0.4546360917248255 17.994 9.12 0.21000000000000005
1.0 0.4426719840478564 17.994 8.88 0.22000000000000006
1.0 0.4336989032901296 17.994 8.7 0.23000000000000007
1.0 0.4267198404785643 17.994 8.56 0.24000000000000007
1.0 0.42273180458624127 17.994 8.48 0.25000000000000006
1.0 0.4167497507477567 17.994 8.36 0.26000000000000006
1.0 0.4147557328015952 17.994 8.32 0.2700000000000001
1.0 0.4127617148554337 17.994 8.28 0.2800000000000001
1.0 0.4107676969092722 17.994 8.24 0.2900000000000001
1.0 0.4097706879361914 17.994 8.22 0.3000000000000001
1.0 0.4067796610169492 17.994 8.16 0.3100000000000001
1.0 0.40279162512462613 17.994 8.08 0.3200000000000001
1.0 0.39980059820538383 17.994 8.02 0.3300000000000001
1.0 0.3968095712861416 17.994 7.96 0.34000000000000014
1.0 0.39282153539381853 17.994 7.88 0.35000000000000014
1.0 0.38783649052841473 17.994 7.78 0.36000000000000015
1.0 0.3798604187437687 17.994 7.62 0.37000000000000016
1.0 0.37587238285144564 17.994 7.54 0.38000000000000017
1.0 0.3708873379860419 17.994 7.44 0.3900000000000002
1.0 0.36490528414755735 17.994 7.32 0.4000000000000002
1.0 0.3489531405782652 17.994 7.0 0.4100000000000002
1.0 0.3389830508474576 17.994 6.8 0.4200000000000002
1.0 0.3240279162512463 17.994 6.5 0.4300000000000002
1.0 0.3090727816550349 17.994 6.2 0.4400000000000002
1.0 0.29910269192422734 17.994 6.0 0.45000000000000023
1.0 0.28913260219341974 17.994 5.8 0.46000000000000024
1.0 0.27716849451645065 17.994 5.56 0.47000000000000025
1.0 0.27218344965104685 17.994 5.46 0.48000000000000026
1.0 0.2691924227318046 17.994 5.4 0.49000000000000027
1.0 0.2642073778664008 17.994 5.3 0.5000000000000002
1.0 0.259222333000997 17.994 5.2 0.5100000000000002
1.0 0.25523429710867396 17.994 5.12 0.5200000000000002
1.0 0.25324027916251246 17.994 5.08 0.5300000000000002
1.0 0.24925224327018944 17.994 5.0 0.5400000000000003
1.0 0.24825523429710866 17.994 4.98 0.5500000000000003
1.0 0.24426719840478564 17.994 4.9 0.5600000000000003
1.0 0.2432701894317049 17.994 4.88 0.5700000000000003
1.0 0.24127617148554337 17.994 4.84 0.5800000000000003
1.0 0.24127617148554337 17.994 4.84 0.5900000000000003
1.0 0.24127617148554337 17.994 4.84 0.6000000000000003
1.0 0.2382851445663011 17.994 4.78 0.6100000000000003
1.0 0.23728813559322035 17.994 4.76 0.6200000000000003
1.0 0.23629112662013957 17.994 4.74 0.6300000000000003
1.0 0.23230309072781655 17.994 4.66 0.6400000000000003
1.0 0.22931206380857427 17.994 4.6 0.6500000000000004
1.0 0.22432701894317048 17.994 4.5 0.6600000000000004
1.0 0.2213359920239282 17.994 4.44 0.6700000000000004
1.0 0.2073778664007976 17.994 4.16 0.6800000000000004
1.0 0.1914257228315055 17.994 3.84 0.6900000000000004
1.0 0.18743768693918245 17.994 3.76 0.7000000000000004
1.0 0.17746759720837488 17.994 3.56 0.7100000000000004
1.0 0.15653040877367896 17.994 3.14 0.7200000000000004
1.0 0.14456630109670987 17.994 2.9 0.7300000000000004
1.0 0.1296111665004985 17.994 2.6 0.7400000000000004
1.0 0.11365902293120637 17.994 2.28 0.7500000000000004
1.0 0.1016949152542373 17.994 2.04 0.7600000000000005
1.0 0.09870388833499502 17.994 1.98 0.7700000000000005
1.0 0.09272183449651047 17.994 1.86 0.7800000000000005
1.0 0.08574277168494517 17.994 1.72 0.7900000000000005
0.9997777036790041 0.08275174476570289 17.99 1.66 0.8000000000000005
0.9997777036790041 0.07976071784646062 17.99 1.6 0.8100000000000005
0.9997777036790041 0.07876370887337986 17.99 1.58 0.8200000000000005
0.9994442591975102 0.07577268195413758 17.984 1.52 0.8300000000000005
0.9994442591975102 0.07477567298105683 17.984 1.5 0.8400000000000005
0.9988885183950206 0.07477567298105683 17.974 1.5 0.8500000000000005
0.9985550739135267 0.06979062811565304 17.968 1.4 0.8600000000000005
0.9977770367900411 0.06679960119641076 17.954 1.34 0.8700000000000006
0.9965544070245638 0.06281156530408774 17.932 1.26 0.8800000000000006
0.9956652217405801 0.058823529411764705 17.916 1.18 0.8900000000000006
0.9937757030121152 0.049850448654037885 17.882 1.0 0.9000000000000006
0.9922196287651439 0.03788634097706879 17.854 0.76 0.9100000000000006
0.9913304434811604 0.03090727816550349 17.838 0.62 0.9200000000000006
0.9905524063576748 0.023928215353938187 17.824 0.48 0.9300000000000006
0.9893297765921975 0.02193419740777667 17.802 0.44 0.9400000000000006
0.9888851839502056 0.019940179461615155 17.794 0.4 0.9500000000000006
0.9877737023452262 0.019940179461615155 17.774 0.4 0.9600000000000006
0.9848838501722796 0.019940179461615155 17.722 0.4 0.9700000000000006
0.9778815160609092 0.019940179461615155 17.596 0.4 0.9800000000000006
0.9498721796154274 0.019940179461615155 17.092 0.4 0.9900000000000007
0.0 0.0 0.0 0.0
