1.0 1.0 8.997 125.375 0.0
1.0 0.5603190428713859 8.997 70.25 0.01
1.0 0.4127617148554337 8.997 51.75 0.02
1.0 0.3708873379860419 8.997 46.5 0.03
1.0 0.3469591226321037 8.997 43.5 0.04
1.0 0.32901296111665007 8.997 41.25 0.05
1.0 0.29810568295114653 8.997 37.375 0.060000000000000005
1.0 0.29810568295114653 8.997 37.375 0.07
1.0 0.27517447657028915 8.997 34.5 0.08
1.0 0.2642073778664008 8.997 33.125 0.09
1.0 0.2542372881355932 8.997 31.875 0.09999999999999999
1.0 0.2432701894317049 8.997 30.5 0.10999999999999999
1.0 0.23928215353938184 8.997 30.0 0.11999999999999998
1.0 0.2313060817547358 8.997 29.0 0.12999999999999998
1.0 0.22532402791625125 8.997 28.25 0.13999999999999999
1.0 0.21734795613160518 8.997 27.25 0.15
1.0 0.2123629112662014 8.997 26.625 0.16
1.0 0.2073778664007976 8.997 26.0 0.17
1.0 0.19441674975074777 8.997 24.375 0.18000000000000002
1.0 0.18843469591226322 8.997 23.625 0.19000000000000003
1.0 0.18245264207377868 8.997 22.875 0.20000000000000004
1.0 0.17846460618145563 8.997 22.375 0.21000000000000005
1.0 0.17347956131605186 8.997 21.75 0.22000000000000006
1.0 0.17347956131605186 8.997 21.75 0.23000000000000007
1.0 0.1694915254237288 8.997 21.25 0.24000000000000007
1.0 0.16650049850448653 8.997 20.875 0.25000000000000006
1.0 0.16550348953140578 8.997 20.75 0.26000000000000006
1.0 0.16051844466600199 8.997 20.125 0.2700000000000001
1.0 0.1575274177467597 8.997 19.75 0.2800000000000001
1.0 0.1535393818544367 8.997 19.25 0.2900000000000001
1.0 0.15054835493519442 8.997 18.875 0.3000000000000001
1.0 0.15054835493519442 8.997 18.875 0.3100000000000001
1.0 0.14755732801595214 8.997 18.5 0.3200000000000001
1.0 0.14755732801595214 8.997 18.5 0.3300000000000001
1.0 0.14755732801595214 8.997 18.5 0.34000000000000014
1.0 0.14556331006979062 8.997 18.25 0.35000000000000014
1.0 0.14257228315054835 8.997 17.875 0.36000000000000015
1.0 0.14257228315054835 8.997 17.875 0.37000000000000016
1.0 0.1365902293120638 8.997 17.125 0.38000000000000017
1.0 0.13359920239282153 8.997 16.75 0.3900000000000002
1.0 0.1296111665004985 8.997 16.25 0.4000000000000002
1.0 0.12462612163509472 8.997 15.625 0.4100000000000002
1.0 0.12163509471585245 8.997 15.25 0.4200000000000002
1.0 0.11764705882352941 8.997 14.75 0.4300000000000002
1.0 0.11365902293120637 8.997 14.25 0.4400000000000002
1.0 0.10967098703888335 8.997 13.75 0.45000000000000023
1.0 0.10269192422731804 8.997 12.875 0.46000000000000024
1.0 0.10069790628115653 8.997 12.625 0.47000000000000025
1.0 0.09870388833499502 8.997 12.375 0.48000000000000026
1.0 0.09371884346959122 8.997 11.75 0.49000000000000027
1.0 0.09272183449651047 8.997 11.625 0.5000000000000002
1.0 0.0897308075772682 8.997 11.25 0.5100000000000002
1.0 0.0847457627118644 8.997 10.625 0.5200000000000002
1.0 0.08075772681954138 8.997 10.125 0.5300000000000002
1.0 0.07876370887337986 8.997 9.875 0.5400000000000003
1.0 0.07876370887337986 8.997 9.875 0.5500000000000003
1.0 0.07776669990029911 8.997 9.75 0.5600000000000003
1.0 0.07577268195413758 8.997 9.5 0.5700000000000003
1.0 0.07577268195413758 8.997 9.5 0.5800000000000003
1.0 0.07477567298105683 8.997 9.375 0.5900000000000003
1.0 0.07377866400797607 8.997 9.25 0.6000000000000003
1.0 0.07377866400797607 8.997 9.25 0.6100000000000003
1.0 0.07178464606181456 8.997 9.0 0.6200000000000003
1.0 0.0707876370887338 8.997 8.875 0.6300000000000003
1.0 0.06979062811565304 8.997 8.75 0.6400000000000003
1.0 0.06879361914257229 8.997 8.625 0.6500000000000004
1.0 0.06679960119641076 8.997 8.375 0.6600000000000004
1.0 0.06679960119641076 8.997 8.375 0.6700000000000004
1.0 0.06580259222333001 8.997 8.25 0.6800000000000004
1.0 0.06380857427716849 8.997 8.0 0.6900000000000004
1.0 0.058823529411764705 8.997 7.375 0.7000000000000004
1.0 0.053838484546360914 8.997 6.75 0.7100000000000004
1.0 0.049850448654037885 8.997 6.25 0.7200000000000004
1.0 0.04885343968095713 8.997 6.125 0.7300000000000004
1.0 0.047856430707876374 8.997 6.0 0.7400000000000004
1.0 0.04386839481555334 8.997 5.5 0.7500000000000004
1.0 0.03988035892323031 8.997 5.0 0.7600000000000005
1.0 0.036889332003988036 8.997 4.625 0.7700000000000005
1.0 0.03589232303090728 8.997 4.5 0.7800000000000005
1.0 0.03090727816550349 8.997 3.875 0.7900000000000005
1.0 0.03090727816550349 8.997 3.875 0.8000000000000005
1.0 0.02991026919242273 8.997 3.75 0.8100000000000005
1.0 0.028913260219341975 8.997 3.625 0.8200000000000005
1.0 0.026919242273180457 8.997 3.375 0.8300000000000005
1.0 0.0259222333000997 8.997 3.25 0.8400000000000005
1.0 0.024925224327018942 8.997 3.125 0.8500000000000005
0.999888851839502 0.024925224327018942 8.996 3.125 0.8600000000000005
0.999888851839502 0.022931206380857428 8.996 2.875 0.8700000000000006
0.999888851839502 0.019940179461615155 8.996 2.5 0.8800000000000006
0.9997777036790041 0.019940179461615155 8.995 2.5 0.8900000000000006
0.9995554073580082 0.018943170488534396 8.993 2.375 0.9000000000000006
0.9994442591975102 0.01694915254237288 8.992 2.125 0.9100000000000006
0.9994442591975102 0.013958125623130608 8.992 1.75 0.9200000000000006
0.9994442591975102 0.01296111665004985 8.992 1.625 0.9300000000000006
0.9994442591975102 0.010967098703888335 8.992 1.375 0.9400000000000006
0.9994442591975102 0.010967098703888335 8.992 1.375 0.9500000000000006
0.9993331110370124 0.009970089730807577 8.991 1.25 0.9600000000000006
0.9992219628765144 0.007976071784646061 8.99 1.0 0.9700000000000006
0.9987773702345226 0.004985044865403789 8.986 0.625 0.9800000000000006
0.9969989996665555 0.0019940179461615153 8.97 0.25 0.9900000000000007
0.0 0.0 0.0 0.0
