1.0 1.0 11.24625 25.075 0.0
1.0 0.6430707876370887 11.24625 16.125 0.01
1.0 0.47058823529411764 11.24625 11.8 0.02
1.0 0.4117647058823529 11.24625 10.325 0.03
1.0 0.3778664007976072 11.24625 9.475 0.04
1.0 0.35493519441674976 11.24625 8.9 0.05
1.0 0.3150548354935194 11.24625 7.9 0.060000000000000005
1.0 0.3150548354935194 11.24625 7.9 0.07
1.0 0.29112662013958124 11.24625 7.3 0.08
1.0 0.28215353938185445 11.24625 7.075 0.09
1.0 0.27218344965104685 11.24625 6.825 0.09999999999999999
1.0 0.2642073778664008 11.24625 6.625 0.10999999999999999
1.0 0.2612163509471585 11.24625 6.55 0.11999999999999998
1.0 0.2572283150548355 11.24625 6.45 0.12999999999999998
1.0 0.25324027916251246 11.24625 6.35 0.13999999999999999
1.0 0.2472582253240279 11.24625 6.2 0.15
1.0 0.2382851445663011 11.24625 5.975 0.16
1.0 0.22532402791625125 11.24625 5.65 0.17
1.0 0.21335992023928216 11.24625 5.35 0.18000000000000002
1.0 0.20039880358923232 11.24625 5.025 0.19000000000000003
1.0 0.19541375872382852 11.24625 4.9 0.20000000000000004
1.0 0.1914257228315055 11.24625 4.8 0.21000000000000005
1.0 0.18843469591226322 11.24625 4.725 0.22000000000000006
1.0 0.18245264207377868 11.24625 4.575 0.23000000000000007
1.0 0.1794616151545364 11.24625 4.5 0.24000000000000007
1.0 0.17647058823529413 11.24625 4.425 0.25000000000000006
1.0 0.1744765702891326 11.24625 4.375 0.26000000000000006
1.0 0.1694915254237288 11.24625 4.25 0.2700000000000001
1.0 0.1674975074775673 11.24625 4.2 0.2800000000000001
1.0 0.16650049850448653 11.24625 4.175 0.2900000000000001
1.0 0.16450648055832504 11.24625 4.125 0.3000000000000001
1.0 0.16450648055832504 11.24625 4.125 0.3100000000000001
1.0 0.16450648055832504 11.24625 4.125 0.3200000000000001
1.0 0.16450648055832504 11.24625 4.125 0.3300000000000001
1.0 0.1625124626121635 11.24625 4.075 0.34000000000000014
1.0 0.1585244267198405 11.24625 3.975 0.35000000000000014
1.0 0.15254237288135594 11.24625 3.825 0.36000000000000015
1.0 0.14755732801595214 11.24625 3.7 0.37000000000000016
1.0 0.13758723828514458 11.24625 3.45 0.38000000000000017
1.0 0.13559322033898305 11.24625 3.4 0.3900000000000002
1.0 0.13359920239282153 11.24625 3.35 0.4000000000000002
1.0 0.1226321036889332 11.24625 3.075 0.4100000000000002
1.0 0.11266201395812563 11.24625 2.825 0.4200000000000002
1.0 0.10468594217347957 11.24625 2.625 0.4300000000000002
1.0 0.09770687936191426 11.24625 2.45 0.4400000000000002
1.0 0.09471585244267199 11.24625 2.375 0.45000000000000023
1.0 0.08773678963110668 11.24625 2.2 0.46000000000000024
1.0 0.08275174476570289 11.24625 2.075 0.47000000000000025
1.0 0.07776669990029911 11.24625 1.95 0.48000000000000026
1.0 0.07278165503489531 11.24625 1.825 0.49000000000000027
1.0 0.06979062811565304 11.24625 1.75 0.5000000000000002
1.0 0.06679960119641076 11.24625 1.675 0.5100000000000002
1.0 0.06480558325024925 11.24625 1.625 0.5200000000000002
1.0 0.06380857427716849 11.24625 1.6 0.5300000000000002
1.0 0.06380857427716849 11.24625 1.6 0.5400000000000003
1.0 0.05982053838484546 11.24625 1.5 0.5500000000000003
1.0 0.05982053838484546 11.24625 1.5 0.5600000000000003
1.0 0.05782652043868395 11.24625 1.45 0.5700000000000003
1.0 0.05583250249252243 11.24625 1.4 0.5800000000000003
1.0 0.05583250249252243 11.24625 1.4 0.5900000000000003
1.0 0.054835493519441676 11.24625 1.375 0.6000000000000003
1.0 0.053838484546360914 11.24625 1.35 0.6100000000000003
1.0 0.0518444666001994 11.24625 1.3 0.6200000000000003
1.0 0.05084745762711865 11.24625 1.275 0.6300000000000003
1.0 0.05084745762711865 11.24625 1.275 0.6400000000000003
1.0 0.05084745762711865 11.24625 1.275 0.6500000000000004
1.0 0.049850448654037885 11.24625 1.25 0.6600000000000004
1.0 0.04885343968095713 11.24625 1.225 0.6700000000000004
1.0 0.0448654037886341 11.24625 1.125 0.6800000000000004
1.0 0.040877367896311065 11.24625 1.025 0.6900000000000004
1.0 0.036889332003988036 11.24625 0.925 0.7000000000000004
1.0 0.03389830508474576 11.24625 0.85 0.7100000000000004
1.0 0.031904287138584245 11.24625 0.8 0.7200000000000004
1.0 0.028913260219341975 11.24625 0.725 0.7300000000000004
1.0 0.026919242273180457 11.24625 0.675 0.7400000000000004
1.0 0.02193419740777667 11.24625 0.55 0.7500000000000004
1.0 0.018943170488534396 11.24625 0.475 0.7600000000000005
1.0 0.01794616151545364 11.24625 0.45 0.7700000000000005
1.0 0.015952143569292122 11.24625 0.4 0.7800000000000005
1.0 0.01296111665004985 11.24625 0.325 0.7900000000000005
1.0 0.011964107676969093 11.24625 0.3 0.8000000000000005
1.0 0.011964107676969093 11.24625 0.3 0.8100000000000005
0.999888851839502 0.011964107676969093 11.245 0.3 0.8200000000000005
0.999888851839502 0.010967098703888335 11.245 0.275 0.8300000000000005
0.999888851839502 0.009970089730807577 11.245 0.25 0.8400000000000005
0.999888851839502 0.009970089730807577 11.245 0.25 0.8500000000000005
0.999888851839502 0.00897308075772682 11.245 0.225 0.8600000000000005
0.999888851839502 0.007976071784646061 11.245 0.2 0.8700000000000006
0.999888851839502 0.006979062811565304 11.245 0.175 0.8800000000000006
0.9997777036790041 0.003988035892323031 11.24375 0.1 0.8900000000000006
0.9993331110370124 0.003988035892323031 11.23875 0.1 0.9000000000000006
0.9992219628765144 0.0029910269192422734 11.2375 0.075 0.9100000000000006
0.9991108147160165 9.970089730807576E-4 11.23625 0.025 0.9200000000000006
0.9991108147160165 9.970089730807576E-4 11.23625 0.025 0.9300000000000006
0.9989996665555185 9.970089730807576E-4 11.235 0.025 0.9400000000000006
0.9988885183950206 9.970089730807576E-4 11.23375 0.025 0.9500000000000006
0.9986662220740247 9.970089730807576E-4 11.23125 0.025 0.9600000000000006
0.9982216294320329 0.0 11.22625 0.0 0.9700000000000006
0.9974435923085473 0.0 11.2175 0.0 0.9800000000000006
0.9916638879626543 0.0 11.1525 0.0 0.9900000000000007
0.0 0.0 0.0 0.0
