0.0 0.7976071784646062 0.0 25.0 0.0
0.0 0.6829511465603191 0.0 21.40625 0.01
0.0 0.5284147557328016 0.0 16.5625 0.02
0.0 0.5014955134596212 0.0 15.71875 0.03
0.0 0.4745762711864407 0.0 14.875 0.04
0.0 0.44865403788634095 0.0 14.0625 0.05
0.0 0.42971086739780656 0.0 13.46875 0.060000000000000005
0.0 0.42971086739780656 0.0 13.46875 0.07
0.0 0.423728813559322 0.0 13.28125 0.08
0.0 0.41774675972083747 0.0 13.09375 0.09
0.0 0.4097706879361914 0.0 12.84375 0.09999999999999999
0.0 0.4017946161515454 0.0 12.59375 0.10999999999999999
0.0 0.39780658025922233 0.0 12.46875 0.11999999999999998
0.0 0.3968095712861416 0.0 12.4375 0.12999999999999998
0.0 0.3938185443668993 0.0 12.34375 0.13999999999999999
0.0 0.39282153539381853 0.0 12.3125 0.15
0.0 0.38883349950149554 0.0 12.1875 0.16
0.0 0.386839481555334 0.0 12.125 0.17
0.0 0.38085742771684944 0.0 11.9375 0.18000000000000002
0.0 0.38085742771684944 0.0 11.9375 0.19000000000000003
0.0 0.37686939182452645 0.0 11.8125 0.20000000000000004
0.0 0.3748753738783649 0.0 11.75 0.21000000000000005
0.0 0.37387836490528414 0.0 11.71875 0.22000000000000006
0.0 0.3678963110667996 0.0 11.53125 0.23000000000000007
0.0 0.36191425722831505 0.0 11.34375 0.24000000000000007
0.0 0.3589232303090728 0.0 11.25 0.25000000000000006
0.0 0.357926221335992 0.0 11.21875 0.26000000000000006
0.0 0.353938185443669 0.0 11.09375 0.2700000000000001
0.0 0.3489531405782652 0.0 10.9375 0.2800000000000001
0.0 0.34496510468594216 0.0 10.8125 0.2900000000000001
0.0 0.34097706879361916 0.0 10.6875 0.3000000000000001
0.0 0.3349950149551346 0.0 10.5 0.3100000000000001
0.0 0.33100697906281157 0.0 10.375 0.3200000000000001
0.0 0.3300099700897308 0.0 10.34375 0.3300000000000001
0.0 0.32801595214356927 0.0 10.28125 0.34000000000000014
0.0 0.3200398803589232 0.0 10.03125 0.35000000000000014
0.0 0.3190428713858425 0.0 10.0 0.36000000000000015
0.0 0.3180458624127617 0.0 9.96875 0.37000000000000016
0.0 0.31306081754735793 0.0 9.8125 0.38000000000000017
0.0 0.30807577268195413 0.0 9.65625 0.3900000000000002
0.0 0.30807577268195413 0.0 9.65625 0.4000000000000002
0.0 0.30608175473579263 0.0 9.59375 0.4100000000000002
0.0 0.3050847457627119 0.0 9.5625 0.4200000000000002
0.0 0.30309072781655033 0.0 9.5 0.4300000000000002
0.0 0.30309072781655033 0.0 9.5 0.4400000000000002
0.0 0.29810568295114653 0.0 9.34375 0.45000000000000023
0.0 0.29411764705882354 0.0 9.21875 0.46000000000000024
0.0 0.2931206380857428 0.0 9.1875 0.47000000000000025
0.0 0.28913260219341974 0.0 9.0625 0.48000000000000026
0.0 0.2851445663010967 0.0 8.9375 0.49000000000000027
0.0 0.27916251246261214 0.0 8.75 0.5000000000000002
0.0 0.2761714855433699 0.0 8.65625 0.5100000000000002
0.0 0.2731804586241276 0.0 8.5625 0.5200000000000002
0.0 0.27018943170488535 0.0 8.46875 0.5300000000000002
0.0 0.2662013958125623 0.0 8.34375 0.5400000000000003
0.0 0.2612163509471585 0.0 8.1875 0.5500000000000003
0.0 0.26021934197407776 0.0 8.15625 0.5600000000000003
0.0 0.25623130608175476 0.0 8.03125 0.5700000000000003
0.0 0.25523429710867396 0.0 8.0 0.5800000000000003
0.0 0.2542372881355932 0.0 7.96875 0.5900000000000003
0.0 0.2522432701894317 0.0 7.90625 0.6000000000000003
0.0 0.2502492522432702 0.0 7.84375 0.6100000000000003
0.0 0.24626121635094717 0.0 7.71875 0.6200000000000003
0.0 0.2432701894317049 0.0 7.625 0.6300000000000003
0.0 0.24127617148554337 0.0 7.5625 0.6400000000000003
0.0 0.24127617148554337 0.0 7.5625 0.6500000000000004
0.0 0.23529411764705882 0.0 7.375 0.6600000000000004
0.0 0.22831505483549352 0.0 7.15625 0.6700000000000004
0.0 0.22831505483549352 0.0 7.15625 0.6800000000000004
0.0 0.22333000997008973 0.0 7.0 0.6900000000000004
0.0 0.22233300099700898 0.0 6.96875 0.7000000000000004
0.0 0.22033898305084745 0.0 6.90625 0.7100000000000004
0.0 0.22033898305084745 0.0 6.90625 0.7200000000000004
0.0 0.21734795613160518 0.0 6.8125 0.7300000000000004
0.0 0.21335992023928216 0.0 6.6875 0.7400000000000004
0.0 0.2123629112662014 0.0 6.65625 0.7500000000000004
0.0 0.20937188434695914 0.0 6.5625 0.7600000000000005
0.0 0.2053838484546361 0.0 6.4375 0.7700000000000005
0.0 0.2033898305084746 0.0 6.375 0.7800000000000005
0.0 0.20039880358923232 0.0 6.28125 0.7900000000000005
0.0 0.19641076769690927 0.0 6.15625 0.8000000000000005
0.0 0.19641076769690927 0.0 6.15625 0.8100000000000005
0.0 0.19242273180458624 0.0 6.03125 0.8200000000000005
0.0 0.1864406779661017 0.0 5.84375 0.8300000000000005
0.0 0.18444666001994017 0.0 5.78125 0.8400000000000005
0.0 0.1814556331006979 0.0 5.6875 0.8500000000000005
0.0 0.1794616151545364 0.0 5.625 0.8600000000000005
0.0 0.17846460618145563 0.0 5.59375 0.8700000000000006
0.0 0.17347956131605186 0.0 5.4375 0.8800000000000006
0.0 0.1694915254237288 0.0 5.3125 0.8900000000000006
0.0 0.1674975074775673 0.0 5.25 0.9000000000000006
0.0 0.16151545363908276 0.0 5.0625 0.9100000000000006
0.0 0.16051844466600199 0.0 5.03125 0.9200000000000006
0.0 0.1585244267198405 0.0 4.96875 0.9300000000000006
0.0 0.14755732801595214 0.0 4.625 0.9400000000000006
0.0 0.1415752741774676 0.0 4.4375 0.9500000000000006
0.0 0.11964107676969092 0.0 3.75 0.9600000000000006
0.0 0.10269192422731804 0.0 3.21875 0.9700000000000006
0.0 0.08075772681954138 0.0 2.53125 0.9800000000000006
0.0 0.05682951146560319 0.0 1.78125 0.9900000000000007
0.0 0.0 0.0 0.0
