0 9.339999999999998 10000 9085.160000000042
5 92.57999999999998 10000 9188.010000000028
10 99.52 10000 9160.700000000026
15 100.0 10000 9182.330000000033
20 100.0 10000 9166.920000000026
25 100.0 10000 9189.210000000021
30 100.0 10000 9189.04000000001
35 100.0 10000 9166.110000000028
40 100.0 10000 9165.87000000002
45 100.0 10000 9201.04000000001
50 100.0 10000 9165.080000000034
50 0.0 10000 9072.94000000003
50 10.0 10000 9106.000000000024
50 20.0 10000 9100.28000000003
50 30.0 10000 9132.190000000028
50 40.0 10000 9153.190000000015
50 50.0 10000 9119.230000000032
50 60.0 10000 9133.100000000039
50 70.0 10000 9161.180000000026
50 80.0 10000 9157.700000000035
50 90.0 10000 9177.250000000018
50 100.0 10000 9154.050000000034
