1.0 1.0 11.24625 40.12 0.0
1.0 0.6620139581256231 11.24625 26.56 0.01
1.0 0.518444666001994 11.24625 20.8 0.02
1.0 0.46360917248255235 11.24625 18.6 0.03
1.0 0.43469591226321036 11.24625 17.44 0.04
1.0 0.40279162512462613 11.24625 16.16 0.05
1.0 0.3629112662013958 11.24625 14.56 0.060000000000000005
1.0 0.3629112662013958 11.24625 14.56 0.07
1.0 0.33798604187437686 11.24625 13.56 0.08
1.0 0.3240279162512463 11.24625 13.0 0.09
1.0 0.3050847457627119 11.24625 12.24 0.09999999999999999
1.0 0.29112662013958124 11.24625 11.68 0.10999999999999999
1.0 0.2831505483549352 11.24625 11.36 0.11999999999999998
1.0 0.2761714855433699 11.24625 11.08 0.12999999999999998
1.0 0.26719840478564305 11.24625 10.72 0.13999999999999999
1.0 0.25822532402791626 11.24625 10.36 0.15
1.0 0.24626121635094717 11.24625 9.88 0.16
1.0 0.2382851445663011 11.24625 9.56 0.17
1.0 0.21635094715852443 11.24625 8.68 0.18000000000000002
1.0 0.20837487537387836 11.24625 8.36 0.19000000000000003
1.0 0.19441674975074777 11.24625 7.8 0.20000000000000004
1.0 0.18245264207377868 11.24625 7.32 0.21000000000000005
1.0 0.17248255234297108 11.24625 6.92 0.22000000000000006
1.0 0.1674975074775673 11.24625 6.72 0.23000000000000007
1.0 0.16550348953140578 11.24625 6.64 0.24000000000000007
1.0 0.16051844466600199 11.24625 6.44 0.25000000000000006
1.0 0.15553339980059822 11.24625 6.24 0.26000000000000006
1.0 0.15054835493519442 11.24625 6.04 0.2700000000000001
1.0 0.14755732801595214 11.24625 5.92 0.2800000000000001
1.0 0.1415752741774676 11.24625 5.68 0.2900000000000001
1.0 0.14057826520438685 11.24625 5.64 0.3000000000000001
1.0 0.13758723828514458 11.24625 5.52 0.3100000000000001
1.0 0.1345962113659023 11.24625 5.4 0.3200000000000001
1.0 0.13260219341974078 11.24625 5.32 0.3300000000000001
1.0 0.1296111665004985 11.24625 5.2 0.34000000000000014
1.0 0.12761714855433698 11.24625 5.12 0.35000000000000014
1.0 0.12761714855433698 11.24625 5.12 0.36000000000000015
1.0 0.12462612163509472 11.24625 5.0 0.37000000000000016
1.0 0.11964107676969092 11.24625 4.8 0.38000000000000017
1.0 0.11764705882352941 11.24625 4.72 0.3900000000000002
1.0 0.1106679960119641 11.24625 4.44 0.4000000000000002
1.0 0.10867397806580259 11.24625 4.36 0.4100000000000002
1.0 0.10269192422731804 11.24625 4.12 0.4200000000000002
1.0 0.09870388833499502 11.24625 3.96 0.4300000000000002
1.0 0.09571286141575275 11.24625 3.84 0.4400000000000002
1.0 0.09072781655034895 11.24625 3.64 0.45000000000000023
1.0 0.08374875373878365 11.24625 3.36 0.46000000000000024
1.0 0.07976071784646062 11.24625 3.2 0.47000000000000025
1.0 0.07278165503489531 11.24625 2.92 0.48000000000000026
1.0 0.06979062811565304 11.24625 2.8 0.49000000000000027
1.0 0.06480558325024925 11.24625 2.6 0.5000000000000002
1.0 0.06380857427716849 11.24625 2.56 0.5100000000000002
1.0 0.06081754735792622 11.24625 2.44 0.5200000000000002
1.0 0.06081754735792622 11.24625 2.44 0.5300000000000002
1.0 0.06081754735792622 11.24625 2.44 0.5400000000000003
1.0 0.05982053838484546 11.24625 2.4 0.5500000000000003
1.0 0.058823529411764705 11.24625 2.36 0.5600000000000003
1.0 0.058823529411764705 11.24625 2.36 0.5700000000000003
1.0 0.058823529411764705 11.24625 2.36 0.5800000000000003
1.0 0.058823529411764705 11.24625 2.36 0.5900000000000003
1.0 0.058823529411764705 11.24625 2.36 0.6000000000000003
1.0 0.05782652043868395 11.24625 2.32 0.6100000000000003
1.0 0.05782652043868395 11.24625 2.32 0.6200000000000003
1.0 0.05782652043868395 11.24625 2.32 0.6300000000000003
1.0 0.05782652043868395 11.24625 2.32 0.6400000000000003
1.0 0.05782652043868395 11.24625 2.32 0.6500000000000004
1.0 0.05782652043868395 11.24625 2.32 0.6600000000000004
1.0 0.05583250249252243 11.24625 2.24 0.6700000000000004
1.0 0.053838484546360914 11.24625 2.16 0.6800000000000004
1.0 0.0518444666001994 11.24625 2.08 0.6900000000000004
0.999888851839502 0.0518444666001994 11.245 2.08 0.7000000000000004
0.9997777036790041 0.0448654037886341 11.24375 1.8 0.7100000000000004
0.9997777036790041 0.040877367896311065 11.24375 1.64 0.7200000000000004
0.9997777036790041 0.03988035892323031 11.24375 1.6 0.7300000000000004
0.9997777036790041 0.03788634097706879 11.24375 1.52 0.7400000000000004
0.9997777036790041 0.03389830508474576 11.24375 1.36 0.7500000000000004
0.9997777036790041 0.03389830508474576 11.24375 1.36 0.7600000000000005
0.9997777036790041 0.02991026919242273 11.24375 1.2 0.7700000000000005
0.9997777036790041 0.028913260219341975 11.24375 1.16 0.7800000000000005
0.9997777036790041 0.026919242273180457 11.24375 1.08 0.7900000000000005
0.9997777036790041 0.026919242273180457 11.24375 1.08 0.8000000000000005
0.9997777036790041 0.026919242273180457 11.24375 1.08 0.8100000000000005
0.9997777036790041 0.026919242273180457 11.24375 1.08 0.8200000000000005
0.9997777036790041 0.026919242273180457 11.24375 1.08 0.8300000000000005
0.9997777036790041 0.0259222333000997 11.24375 1.04 0.8400000000000005
0.9997777036790041 0.0259222333000997 11.24375 1.04 0.8500000000000005
0.9995554073580082 0.023928215353938187 11.24125 0.96 0.8600000000000005
0.9993331110370124 0.02193419740777667 11.23875 0.88 0.8700000000000006
0.9993331110370124 0.01794616151545364 11.23875 0.72 0.8800000000000006
0.9992219628765144 0.015952143569292122 11.2375 0.64 0.8900000000000006
0.9991108147160165 0.009970089730807577 11.23625 0.4 0.9000000000000006
0.9986662220740247 0.005982053838484547 11.23125 0.24 0.9100000000000006
0.9984439257530288 0.004985044865403789 11.22875 0.2 0.9200000000000006
0.9983327775925308 0.0029910269192422734 11.2275 0.12 0.9300000000000006
0.9983327775925308 0.0019940179461615153 11.2275 0.08 0.9400000000000006
0.998110481271535 9.970089730807576E-4 11.225 0.04 0.9500000000000006
0.9978881849505391 0.0 11.2225 0.0 0.9600000000000006
0.9968878515060575 0.0 11.21125 0.0 0.9700000000000006
0.9949983327775925 0.0 11.19 0.0 0.9800000000000006
0.9906635545181727 0.0 11.14125 0.0 0.9900000000000007
0.0 0.0 0.0 0.0
