0.0 0.7976071784646062 0.0 20.0 0.0
0.0 0.7976071784646062 0.0 20.0 0.01
0.0 0.7936191425722832 0.0 19.9 0.02
0.0 0.7886340977068793 0.0 19.775 0.03
0.0 0.7856430707876371 0.0 19.7 0.04
0.0 0.7846460618145563 0.0 19.675 0.05
0.0 0.7806580259222333 0.0 19.575 0.060000000000000005
0.0 0.7806580259222333 0.0 19.575 0.07
0.0 0.7806580259222333 0.0 19.575 0.08
0.0 0.7776669990029911 0.0 19.5 0.09
0.0 0.7776669990029911 0.0 19.5 0.09999999999999999
0.0 0.7776669990029911 0.0 19.5 0.10999999999999999
0.0 0.7776669990029911 0.0 19.5 0.11999999999999998
0.0 0.7756729810568295 0.0 19.45 0.12999999999999998
0.0 0.7756729810568295 0.0 19.45 0.13999999999999999
0.0 0.7756729810568295 0.0 19.45 0.15
0.0 0.7756729810568295 0.0 19.45 0.16
0.0 0.773678963110668 0.0 19.4 0.17
0.0 0.773678963110668 0.0 19.4 0.18000000000000002
0.0 0.7726819541375872 0.0 19.375 0.19000000000000003
0.0 0.7726819541375872 0.0 19.375 0.20000000000000004
0.0 0.7726819541375872 0.0 19.375 0.21000000000000005
0.0 0.7726819541375872 0.0 19.375 0.22000000000000006
0.0 0.769690927218345 0.0 19.3 0.23000000000000007
0.0 0.7686939182452642 0.0 19.275 0.24000000000000007
0.0 0.7676969092721835 0.0 19.25 0.25000000000000006
0.0 0.7676969092721835 0.0 19.25 0.26000000000000006
0.0 0.7647058823529411 0.0 19.175 0.2700000000000001
0.0 0.7627118644067796 0.0 19.125 0.2800000000000001
0.0 0.7617148554336989 0.0 19.1 0.2900000000000001
0.0 0.7597208374875374 0.0 19.05 0.3000000000000001
0.0 0.7597208374875374 0.0 19.05 0.3100000000000001
0.0 0.7597208374875374 0.0 19.05 0.3200000000000001
0.0 0.7587238285144566 0.0 19.025 0.3300000000000001
0.0 0.7587238285144566 0.0 19.025 0.34000000000000014
0.0 0.7587238285144566 0.0 19.025 0.35000000000000014
0.0 0.7577268195413759 0.0 19.0 0.36000000000000015
0.0 0.7567298105682951 0.0 18.975 0.37000000000000016
0.0 0.7567298105682951 0.0 18.975 0.38000000000000017
0.0 0.7567298105682951 0.0 18.975 0.3900000000000002
0.0 0.7567298105682951 0.0 18.975 0.4000000000000002
0.0 0.7567298105682951 0.0 18.975 0.4100000000000002
0.0 0.7567298105682951 0.0 18.975 0.4200000000000002
0.0 0.7567298105682951 0.0 18.975 0.4300000000000002
0.0 0.7567298105682951 0.0 18.975 0.4400000000000002
0.0 0.7567298105682951 0.0 18.975 0.45000000000000023
0.0 0.7557328015952144 0.0 18.95 0.46000000000000024
0.0 0.7557328015952144 0.0 18.95 0.47000000000000025
0.0 0.7557328015952144 0.0 18.95 0.48000000000000026
0.0 0.7547357926221336 0.0 18.925 0.49000000000000027
0.0 0.7547357926221336 0.0 18.925 0.5000000000000002
0.0 0.752741774675972 0.0 18.875 0.5100000000000002
0.0 0.7517447657028913 0.0 18.85 0.5200000000000002
0.0 0.7507477567298105 0.0 18.825 0.5300000000000002
0.0 0.7507477567298105 0.0 18.825 0.5400000000000003
0.0 0.7497507477567298 0.0 18.8 0.5500000000000003
0.0 0.748753738783649 0.0 18.775 0.5600000000000003
0.0 0.7457627118644068 0.0 18.7 0.5700000000000003
0.0 0.744765702891326 0.0 18.675 0.5800000000000003
0.0 0.744765702891326 0.0 18.675 0.5900000000000003
0.0 0.7377866400797607 0.0 18.5 0.6000000000000003
0.0 0.7377866400797607 0.0 18.5 0.6100000000000003
0.0 0.7377866400797607 0.0 18.5 0.6200000000000003
0.0 0.7377866400797607 0.0 18.5 0.6300000000000003
0.0 0.7367896311066799 0.0 18.475 0.6400000000000003
0.0 0.7347956131605184 0.0 18.425 0.6500000000000004
0.0 0.7347956131605184 0.0 18.425 0.6600000000000004
0.0 0.732801595214357 0.0 18.375 0.6700000000000004
0.0 0.732801595214357 0.0 18.375 0.6800000000000004
0.0 0.7318045862412762 0.0 18.35 0.6900000000000004
0.0 0.7308075772681955 0.0 18.325 0.7000000000000004
0.0 0.7298105682951147 0.0 18.3 0.7100000000000004
0.0 0.7288135593220338 0.0 18.275 0.7200000000000004
0.0 0.7288135593220338 0.0 18.275 0.7300000000000004
0.0 0.7288135593220338 0.0 18.275 0.7400000000000004
0.0 0.7278165503489531 0.0 18.25 0.7500000000000004
0.0 0.7268195413758723 0.0 18.225 0.7600000000000005
0.0 0.7248255234297108 0.0 18.175 0.7700000000000005
0.0 0.7238285144566301 0.0 18.15 0.7800000000000005
0.0 0.7168494516450648 0.0 17.975 0.7900000000000005
0.0 0.7148554336989033 0.0 17.925 0.8000000000000005
0.0 0.7108673978065803 0.0 17.825 0.8100000000000005
0.0 0.707876370887338 0.0 17.75 0.8200000000000005
0.0 0.7068793619142573 0.0 17.725 0.8300000000000005
0.0 0.7048853439680958 0.0 17.675 0.8400000000000005
0.0 0.7028913260219342 0.0 17.625 0.8500000000000005
0.0 0.6999002991026919 0.0 17.55 0.8600000000000005
0.0 0.6989032901296112 0.0 17.525 0.8700000000000006
0.0 0.6949152542372882 0.0 17.425 0.8800000000000006
0.0 0.6929212362911267 0.0 17.375 0.8900000000000006
0.0 0.6929212362911267 0.0 17.375 0.9000000000000006
0.0 0.6859421734795613 0.0 17.2 0.9100000000000006
0.0 0.6739780658025922 0.0 16.9 0.9200000000000006
0.0 0.6669990029910269 0.0 16.725 0.9300000000000006
0.0 0.650049850448654 0.0 16.3 0.9400000000000006
0.0 0.6350947158524427 0.0 15.925 0.9500000000000006
0.0 0.6111665004985045 0.0 15.325 0.9600000000000006
0.0 0.5902293120638086 0.0 14.8 0.9700000000000006
0.0 0.5154536390827518 0.0 12.925 0.9800000000000006
0.0 0.41774675972083747 0.0 10.475 0.9900000000000007
0.0 0.0 0.0 0.0
