1.0 1.0 89.97 11.8 0.0
1.0 1.0 89.97 11.8 0.01
1.0 0.9950149551345963 89.97 11.741176470588234 0.02
1.0 0.9940179461615155 89.97 11.729411764705882 0.03
1.0 0.9900299102691924 89.97 11.68235294117647 0.04
1.0 0.9880358923230309 89.97 11.658823529411764 0.05
1.0 0.9800598205383848 89.97 11.564705882352941 0.060000000000000005
1.0 0.9800598205383848 89.97 11.564705882352941 0.07
1.0 0.9790628115653041 89.97 11.552941176470588 0.08
1.0 0.9780658025922233 89.97 11.541176470588235 0.09
1.0 0.9770687936191426 89.97 11.529411764705882 0.09999999999999999
1.0 0.9750747756729811 89.97 11.505882352941176 0.10999999999999999
1.0 0.9740777666999003 89.97 11.494117647058824 0.11999999999999998
1.0 0.9690927218344965 89.97 11.435294117647059 0.12999999999999998
1.0 0.9680957128614157 89.97 11.423529411764706 0.13999999999999999
1.0 0.9651046859421735 89.97 11.388235294117647 0.15
1.0 0.963110667996012 89.97 11.364705882352942 0.16
1.0 0.9601196410767697 89.97 11.329411764705883 0.17
1.0 0.9541375872382851 89.97 11.258823529411766 0.18000000000000002
1.0 0.9501495513459621 89.97 11.211764705882352 0.19000000000000003
1.0 0.9471585244267199 89.97 11.176470588235293 0.20000000000000004
1.0 0.9451645064805583 89.97 11.152941176470588 0.21000000000000005
1.0 0.9441674975074775 89.97 11.141176470588235 0.22000000000000006
1.0 0.9431704885343968 89.97 11.129411764705882 0.23000000000000007
1.0 0.9411764705882353 89.97 11.105882352941176 0.24000000000000007
1.0 0.9401794616151545 89.97 11.094117647058823 0.25000000000000006
1.0 0.9401794616151545 89.97 11.094117647058823 0.26000000000000006
1.0 0.9401794616151545 89.97 11.094117647058823 0.2700000000000001
1.0 0.938185443668993 89.97 11.070588235294117 0.2800000000000001
1.0 0.938185443668993 89.97 11.070588235294117 0.2900000000000001
1.0 0.938185443668993 89.97 11.070588235294117 0.3000000000000001
1.0 0.938185443668993 89.97 11.070588235294117 0.3100000000000001
1.0 0.938185443668993 89.97 11.070588235294117 0.3200000000000001
1.0 0.9371884346959123 89.97 11.058823529411764 0.3300000000000001
1.0 0.9371884346959123 89.97 11.058823529411764 0.34000000000000014
1.0 0.9351944167497508 89.97 11.035294117647059 0.35000000000000014
1.0 0.93419740777667 89.97 11.023529411764706 0.36000000000000015
1.0 0.93419740777667 89.97 11.023529411764706 0.37000000000000016
1.0 0.93419740777667 89.97 11.023529411764706 0.38000000000000017
1.0 0.9322033898305084 89.97 11.0 0.3900000000000002
1.0 0.9292123629112662 89.97 10.964705882352941 0.4000000000000002
1.0 0.9252243270189432 89.97 10.91764705882353 0.4100000000000002
1.0 0.9172482552342971 89.97 10.823529411764707 0.4200000000000002
1.0 0.909272183449651 89.97 10.729411764705882 0.4300000000000002
1.0 0.905284147557328 89.97 10.68235294117647 0.4400000000000002
1.0 0.9022931206380858 89.97 10.647058823529411 0.45000000000000023
1.0 0.8993020937188435 89.97 10.611764705882353 0.46000000000000024
1.0 0.8943170488534397 89.97 10.552941176470588 0.47000000000000025
1.0 0.8913260219341974 89.97 10.51764705882353 0.48000000000000026
1.0 0.8883349950149552 89.97 10.48235294117647 0.49000000000000027
1.0 0.8883349950149552 89.97 10.48235294117647 0.5000000000000002
1.0 0.8863409770687937 89.97 10.458823529411765 0.5100000000000002
1.0 0.8853439680957128 89.97 10.447058823529412 0.5200000000000002
1.0 0.8833499501495513 89.97 10.423529411764706 0.5300000000000002
1.0 0.8823529411764706 89.97 10.411764705882353 0.5400000000000003
1.0 0.8813559322033898 89.97 10.4 0.5500000000000003
1.0 0.8793619142572283 89.97 10.376470588235295 0.5600000000000003
1.0 0.8783649052841476 89.97 10.364705882352942 0.5700000000000003
1.0 0.8783649052841476 89.97 10.364705882352942 0.5800000000000003
1.0 0.8763708873379861 89.97 10.341176470588236 0.5900000000000003
1.0 0.8743768693918246 89.97 10.31764705882353 0.6000000000000003
1.0 0.872382851445663 89.97 10.294117647058824 0.6100000000000003
1.0 0.8703888334995015 89.97 10.270588235294118 0.6200000000000003
1.0 0.86839481555334 89.97 10.24705882352941 0.6300000000000003
1.0 0.8673978065802592 89.97 10.235294117647058 0.6400000000000003
1.0 0.864406779661017 89.97 10.2 0.6500000000000004
1.0 0.8584247258225324 89.97 10.129411764705882 0.6600000000000004
1.0 0.8544366899302094 89.97 10.08235294117647 0.6700000000000004
1.0 0.843469591226321 89.97 9.952941176470588 0.6800000000000004
1.0 0.8305084745762712 89.97 9.8 0.6900000000000004
1.0 0.8225324027916251 89.97 9.705882352941176 0.7000000000000004
1.0 0.8085742771684945 89.97 9.541176470588235 0.7100000000000004
1.0 0.7956131605184447 89.97 9.388235294117647 0.7200000000000004
1.0 0.7746759720837487 89.97 9.141176470588235 0.7300000000000004
1.0 0.7587238285144566 89.97 8.952941176470588 0.7400000000000004
1.0 0.7387836490528414 89.97 8.717647058823529 0.7500000000000004
1.0 0.7248255234297108 89.97 8.552941176470588 0.7600000000000005
0.999888851839502 0.7148554336989033 89.96 8.435294117647059 0.7700000000000005
0.999888851839502 0.7058823529411765 89.96 8.329411764705883 0.7800000000000005
0.9994442591975102 0.6999002991026919 89.92 8.258823529411766 0.7900000000000005
0.9987773702345226 0.6979062811565304 89.86 8.235294117647058 0.8000000000000005
0.9972212959875514 0.6929212362911267 89.72 8.176470588235293 0.8100000000000005
0.9946648882960987 0.6909272183449651 89.49 8.152941176470588 0.8200000000000005
0.9899966655551851 0.6819541375872383 89.07 8.047058823529412 0.8300000000000005
0.9824385906413249 0.6689930209371885 88.39 7.894117647058824 0.8400000000000005
0.9658775147271312 0.654037886340977 86.9 7.7176470588235295 0.8500000000000005
0.9420918083805713 0.6121635094715853 84.76 7.223529411764706 0.8600000000000005
0.9043014338112704 0.5643070787637089 81.36 6.658823529411765 0.8700000000000006
0.8549516505501834 0.5024925224327019 76.92 5.929411764705883 0.8800000000000006
0.796598866288763 0.44466600199401796 71.67 5.247058823529412 0.8900000000000006
0.7326886740024453 0.353938185443669 65.92 4.176470588235294 0.9000000000000006
0.6658886295431811 0.27517447657028915 59.91 3.2470588235294118 0.9100000000000006
0.6110925864176948 0.19940179461615154 54.98 2.3529411764705883 0.9200000000000006
0.5668556185395132 0.13559322033898305 51.0 1.6 0.9300000000000006
0.5354006891185951 0.10867397806580259 48.17 1.2823529411764707 0.9400000000000006
0.5120595754140269 0.09770687936191426 46.07 1.1529411764705881 0.9500000000000006
0.4944981660553518 0.09371884346959122 44.49 1.1058823529411765 0.9600000000000006
0.47738134933866844 0.09172482552342971 42.95 1.0823529411764705 0.9700000000000006
0.44414804934978325 0.09072781655034895 39.96 1.0705882352941176 0.9800000000000006
0.3480048905190619 0.09072781655034895 31.31 1.0705882352941176 0.9900000000000007
0.0 0.0 0.0 0.0
