1.0 1.0 8.997 20.06 0.0
1.0 0.4935194416749751 8.997 9.9 0.01
1.0 0.3509471585244267 8.997 7.04 0.02
1.0 0.3100697906281156 8.997 6.22 0.03
1.0 0.2851445663010967 8.997 5.72 0.04
1.0 0.2642073778664008 8.997 5.3 0.05
1.0 0.23728813559322035 8.997 4.76 0.060000000000000005
1.0 0.23728813559322035 8.997 4.76 0.07
1.0 0.22233300099700898 8.997 4.46 0.08
1.0 0.21635094715852443 8.997 4.34 0.09
1.0 0.21136590229312063 8.997 4.24 0.09999999999999999
1.0 0.2053838484546361 8.997 4.12 0.10999999999999999
1.0 0.20039880358923232 8.997 4.02 0.11999999999999998
1.0 0.1914257228315055 8.997 3.84 0.12999999999999998
1.0 0.1864406779661017 8.997 3.74 0.13999999999999999
1.0 0.1814556331006979 8.997 3.64 0.15
1.0 0.17547357926221335 8.997 3.52 0.16
1.0 0.17148554336989033 8.997 3.44 0.17
1.0 0.16151545363908276 8.997 3.24 0.18000000000000002
1.0 0.1585244267198405 8.997 3.18 0.19000000000000003
1.0 0.15254237288135594 8.997 3.06 0.20000000000000004
1.0 0.14556331006979062 8.997 2.92 0.21000000000000005
1.0 0.14257228315054835 8.997 2.86 0.22000000000000006
1.0 0.13559322033898305 8.997 2.72 0.23000000000000007
1.0 0.1296111665004985 8.997 2.6 0.24000000000000007
1.0 0.12662013958125623 8.997 2.54 0.25000000000000006
1.0 0.12462612163509472 8.997 2.5 0.26000000000000006
1.0 0.11964107676969092 8.997 2.4 0.2700000000000001
1.0 0.11764705882352941 8.997 2.36 0.2800000000000001
1.0 0.1156530408773679 8.997 2.32 0.2900000000000001
1.0 0.11465603190428714 8.997 2.3 0.3000000000000001
1.0 0.11365902293120637 8.997 2.28 0.3100000000000001
1.0 0.11365902293120637 8.997 2.28 0.3200000000000001
1.0 0.11365902293120637 8.997 2.28 0.3300000000000001
1.0 0.11266201395812563 8.997 2.26 0.34000000000000014
1.0 0.11166500498504486 8.997 2.24 0.35000000000000014
1.0 0.1106679960119641 8.997 2.22 0.36000000000000015
1.0 0.10867397806580259 8.997 2.18 0.37000000000000016
1.0 0.10667996011964108 8.997 2.14 0.38000000000000017
1.0 0.1036889332003988 8.997 2.08 0.3900000000000002
1.0 0.1016949152542373 8.997 2.04 0.4000000000000002
1.0 0.10069790628115653 8.997 2.02 0.4100000000000002
1.0 0.09870388833499502 8.997 1.98 0.4200000000000002
1.0 0.0967098703888335 8.997 1.94 0.4300000000000002
1.0 0.09371884346959122 8.997 1.88 0.4400000000000002
1.0 0.09272183449651047 8.997 1.86 0.45000000000000023
1.0 0.08773678963110668 8.997 1.76 0.46000000000000024
1.0 0.08574277168494517 8.997 1.72 0.47000000000000025
1.0 0.08275174476570289 8.997 1.66 0.48000000000000026
1.0 0.07776669990029911 8.997 1.56 0.49000000000000027
1.0 0.07577268195413758 8.997 1.52 0.5000000000000002
1.0 0.07577268195413758 8.997 1.52 0.5100000000000002
1.0 0.07577268195413758 8.997 1.52 0.5200000000000002
1.0 0.07577268195413758 8.997 1.52 0.5300000000000002
1.0 0.07477567298105683 8.997 1.5 0.5400000000000003
1.0 0.07477567298105683 8.997 1.5 0.5500000000000003
1.0 0.07477567298105683 8.997 1.5 0.5600000000000003
1.0 0.07377866400797607 8.997 1.48 0.5700000000000003
1.0 0.07377866400797607 8.997 1.48 0.5800000000000003
1.0 0.07377866400797607 8.997 1.48 0.5900000000000003
1.0 0.07278165503489531 8.997 1.46 0.6000000000000003
1.0 0.07178464606181456 8.997 1.44 0.6100000000000003
1.0 0.07178464606181456 8.997 1.44 0.6200000000000003
1.0 0.07178464606181456 8.997 1.44 0.6300000000000003
1.0 0.0707876370887338 8.997 1.42 0.6400000000000003
1.0 0.06979062811565304 8.997 1.4 0.6500000000000004
1.0 0.06979062811565304 8.997 1.4 0.6600000000000004
1.0 0.06879361914257229 8.997 1.38 0.6700000000000004
1.0 0.06580259222333001 8.997 1.32 0.6800000000000004
1.0 0.06580259222333001 8.997 1.32 0.6900000000000004
1.0 0.06480558325024925 8.997 1.3 0.7000000000000004
1.0 0.06380857427716849 8.997 1.28 0.7100000000000004
1.0 0.06181455633100698 8.997 1.24 0.7200000000000004
1.0 0.06081754735792622 8.997 1.22 0.7300000000000004
1.0 0.05982053838484546 8.997 1.2 0.7400000000000004
1.0 0.05982053838484546 8.997 1.2 0.7500000000000004
1.0 0.058823529411764705 8.997 1.18 0.7600000000000005
1.0 0.05782652043868395 8.997 1.16 0.7700000000000005
1.0 0.05682951146560319 8.997 1.14 0.7800000000000005
1.0 0.05682951146560319 8.997 1.14 0.7900000000000005
1.0 0.05682951146560319 8.997 1.14 0.8000000000000005
1.0 0.05583250249252243 8.997 1.12 0.8100000000000005
1.0 0.05583250249252243 8.997 1.12 0.8200000000000005
1.0 0.054835493519441676 8.997 1.1 0.8300000000000005
1.0 0.054835493519441676 8.997 1.1 0.8400000000000005
1.0 0.054835493519441676 8.997 1.1 0.8500000000000005
1.0 0.054835493519441676 8.997 1.1 0.8600000000000005
1.0 0.054835493519441676 8.997 1.1 0.8700000000000006
1.0 0.054835493519441676 8.997 1.1 0.8800000000000006
0.999888851839502 0.053838484546360914 8.996 1.08 0.8900000000000006
0.999888851839502 0.0518444666001994 8.996 1.04 0.9000000000000006
0.999888851839502 0.05084745762711865 8.996 1.02 0.9100000000000006
0.999888851839502 0.049850448654037885 8.996 1.0 0.9200000000000006
0.999888851839502 0.049850448654037885 8.996 1.0 0.9300000000000006
0.999888851839502 0.04885343968095713 8.996 0.98 0.9400000000000006
0.999888851839502 0.04885343968095713 8.996 0.98 0.9500000000000006
0.999888851839502 0.04885343968095713 8.996 0.98 0.9600000000000006
0.9997777036790041 0.04885343968095713 8.995 0.98 0.9700000000000006
0.9996665555185061 0.04885343968095713 8.994 0.98 0.9800000000000006
0.9987773702345226 0.04885343968095713 8.986 0.98 0.9900000000000007
0.0 0.0 0.0 0.0
