1.0 1.0 29.99 20.06 0.0
1.0 0.9810568295114656 29.99 19.68 0.01
1.0 0.93419740777667 29.99 18.74 0.02
1.0 0.9072781655034895 29.99 18.2 0.03
1.0 0.8923230309072782 29.99 17.9 0.04
1.0 0.8763708873379861 29.99 17.58 0.05
1.0 0.8544366899302094 29.99 17.14 0.060000000000000005
1.0 0.8544366899302094 29.99 17.14 0.07
1.0 0.847457627118644 29.99 17.0 0.08
1.0 0.839481555333998 29.99 16.84 0.09
1.0 0.8344965104685942 29.99 16.74 0.09999999999999999
1.0 0.827517447657029 29.99 16.6 0.10999999999999999
1.0 0.8265204386839482 29.99 16.58 0.11999999999999998
1.0 0.8185443668993021 29.99 16.42 0.12999999999999998
1.0 0.8165503489531406 29.99 16.38 0.13999999999999999
1.0 0.8125623130608175 29.99 16.3 0.15
1.0 0.810568295114656 29.99 16.26 0.16
1.0 0.80259222333001 29.99 16.1 0.17
1.0 0.7806580259222333 29.99 15.66 0.18000000000000002
1.0 0.773678963110668 29.99 15.52 0.19000000000000003
1.0 0.7597208374875374 29.99 15.24 0.20000000000000004
1.0 0.7477567298105683 29.99 15.0 0.21000000000000005
1.0 0.7407776669990029 29.99 14.86 0.22000000000000006
1.0 0.7387836490528414 29.99 14.82 0.23000000000000007
1.0 0.7337986041874377 29.99 14.72 0.24000000000000007
1.0 0.7318045862412762 29.99 14.68 0.25000000000000006
1.0 0.7318045862412762 29.99 14.68 0.26000000000000006
1.0 0.7288135593220338 29.99 14.62 0.2700000000000001
1.0 0.7278165503489531 29.99 14.6 0.2800000000000001
1.0 0.7268195413758723 29.99 14.58 0.2900000000000001
1.0 0.7248255234297108 29.99 14.54 0.3000000000000001
1.0 0.7238285144566301 29.99 14.52 0.3100000000000001
1.0 0.7228315054835494 29.99 14.5 0.3200000000000001
1.0 0.7208374875373879 29.99 14.46 0.3300000000000001
1.0 0.7188434695912264 29.99 14.42 0.34000000000000014
1.0 0.7168494516450648 29.99 14.38 0.35000000000000014
1.0 0.7088733798604188 29.99 14.22 0.36000000000000015
1.0 0.7048853439680958 29.99 14.14 0.37000000000000016
1.0 0.6989032901296112 29.99 14.02 0.38000000000000017
1.0 0.6929212362911267 29.99 13.9 0.3900000000000002
1.0 0.6839481555333998 29.99 13.72 0.4000000000000002
1.0 0.6739780658025922 29.99 13.52 0.4100000000000002
1.0 0.6550348953140578 29.99 13.14 0.4200000000000002
1.0 0.6420737786640079 29.99 12.88 0.4300000000000002
1.0 0.6281156530408774 29.99 12.6 0.4400000000000002
1.0 0.617148554336989 29.99 12.38 0.45000000000000023
1.0 0.6051844466600199 29.99 12.14 0.46000000000000024
1.0 0.5952143569292123 29.99 11.94 0.47000000000000025
1.0 0.5882352941176471 29.99 11.8 0.48000000000000026
1.0 0.5792622133599202 29.99 11.62 0.49000000000000027
1.0 0.5752741774675972 29.99 11.54 0.5000000000000002
1.0 0.5712861415752741 29.99 11.46 0.5100000000000002
1.0 0.5663010967098704 29.99 11.36 0.5200000000000002
1.0 0.5623130608175474 29.99 11.28 0.5300000000000002
1.0 0.5623130608175474 29.99 11.28 0.5400000000000003
1.0 0.5623130608175474 29.99 11.28 0.5500000000000003
1.0 0.5603190428713859 29.99 11.24 0.5600000000000003
1.0 0.559322033898305 29.99 11.22 0.5700000000000003
1.0 0.5583250249252243 29.99 11.2 0.5800000000000003
1.0 0.5563310069790628 29.99 11.16 0.5900000000000003
1.0 0.5523429710867398 29.99 11.08 0.6000000000000003
1.0 0.5523429710867398 29.99 11.08 0.6100000000000003
1.0 0.5503489531405783 29.99 11.04 0.6200000000000003
1.0 0.5473579262213359 29.99 10.98 0.6300000000000003
1.0 0.5413758723828515 29.99 10.86 0.6400000000000003
1.0 0.5333998005982054 29.99 10.7 0.6500000000000004
1.0 0.522432701894317 29.99 10.48 0.6600000000000004
1.0 0.5094715852442672 29.99 10.22 0.6700000000000004
1.0 0.49252243270189433 29.99 9.88 0.6800000000000004
1.0 0.47756729810568294 29.99 9.58 0.6900000000000004
1.0 0.45862412761714855 29.99 9.2 0.7000000000000004
1.0 0.4336989032901296 29.99 8.7 0.7100000000000004
1.0 0.4067796610169492 29.99 8.16 0.7200000000000004
1.0 0.39082751744765704 29.99 7.84 0.7300000000000004
1.0 0.35992023928215355 29.99 7.22 0.7400000000000004
1.0 0.33998005982053836 29.99 6.82 0.7500000000000004
1.0 0.3160518444666002 29.99 6.34 0.7600000000000005
1.0 0.2951146560319043 29.99 5.92 0.7700000000000005
1.0 0.2811565304087737 29.99 5.64 0.7800000000000005
0.9997777036790041 0.2691924227318046 29.983333333333334 5.4 0.7900000000000005
0.9997777036790041 0.26520438683948155 29.983333333333334 5.32 0.8000000000000005
0.9994442591975102 0.2612163509471585 29.973333333333333 5.24 0.8100000000000005
0.9988885183950206 0.2612163509471585 29.956666666666667 5.24 0.8200000000000005
0.9973324441480493 0.25523429710867396 29.91 5.12 0.8300000000000005
0.9956652217405801 0.24925224327018944 29.86 5.0 0.8400000000000005
0.99188618428365 0.2432701894317049 29.746666666666666 4.88 0.8500000000000005
0.9853284428142715 0.22731804586241275 29.55 4.56 0.8600000000000005
0.9752139602089586 0.20638085742771686 29.246666666666666 4.14 0.8700000000000006
0.9619873291097032 0.18544366899302095 28.85 3.72 0.8800000000000006
0.946648882960987 0.15952143569292124 28.39 3.2 0.8900000000000006
0.9293097699233077 0.12761714855433698 27.87 2.56 0.9000000000000006
0.9130821384906079 0.08873379860418744 27.383333333333333 1.78 0.9100000000000006
0.8995220629098588 0.05682951146560319 26.976666666666667 1.14 0.9200000000000006
0.8894075803045459 0.026919242273180457 26.673333333333332 0.54 0.9300000000000006
0.8787373568967434 0.01794616151545364 26.35333333333333 0.36 0.9400000000000006
0.8712904301433811 0.007976071784646061 26.13 0.16 0.9500000000000006
0.8641769478715128 9.970089730807576E-4 25.916666666666668 0.02 0.9600000000000006
0.8531732799822163 0.0 25.586666666666666 0.0 0.9700000000000006
0.8264977214627098 0.0 24.786666666666665 0.0 0.9800000000000006
0.7508058241636101 0.0 22.516666666666666 0.0 0.9900000000000007
0.0 0.0 0.0 0.0
