1.0 1.0 17.994 50.15 0.0
1.0 0.8484546360917248 17.994 42.55 0.01
1.0 0.7567298105682951 17.994 37.95 0.02
1.0 0.711864406779661 17.994 35.7 0.03
1.0 0.6799601196410767 17.994 34.1 0.04
1.0 0.6640079760717846 17.994 33.3 0.05
1.0 0.6301096709870389 17.994 31.6 0.060000000000000005
1.0 0.6301096709870389 17.994 31.6 0.07
1.0 0.6111665004985045 17.994 30.65 0.08
1.0 0.5982053838484547 17.994 30.0 0.09
1.0 0.5822532402791625 17.994 29.2 0.09999999999999999
1.0 0.5752741774675972 17.994 28.85 0.10999999999999999
1.0 0.5643070787637089 17.994 28.3 0.11999999999999998
1.0 0.5583250249252243 17.994 28.0 0.12999999999999998
1.0 0.551345962113659 17.994 27.65 0.13999999999999999
1.0 0.5483549351944168 17.994 27.5 0.15
1.0 0.53938185443669 17.994 27.05 0.16
1.0 0.5264207377866401 17.994 26.4 0.17
1.0 0.4995014955134596 17.994 25.05 0.18000000000000002
1.0 0.4835493519441675 17.994 24.25 0.19000000000000003
1.0 0.4715852442671984 17.994 23.65 0.20000000000000004
1.0 0.46061814556331004 17.994 23.1 0.21000000000000005
1.0 0.452642073778664 17.994 22.7 0.22000000000000006
1.0 0.4436689930209372 17.994 22.25 0.23000000000000007
1.0 0.43968095712861416 17.994 22.05 0.24000000000000007
1.0 0.43469591226321036 17.994 21.8 0.25000000000000006
1.0 0.4287138584247258 17.994 21.5 0.26000000000000006
1.0 0.42572283150548357 17.994 21.35 0.2700000000000001
1.0 0.4247258225324028 17.994 21.3 0.2800000000000001
1.0 0.42073778664007977 17.994 21.1 0.2900000000000001
1.0 0.4187437686939183 17.994 21.0 0.3000000000000001
1.0 0.4167497507477567 17.994 20.9 0.3100000000000001
1.0 0.41575274177467597 17.994 20.85 0.3200000000000001
1.0 0.4117647058823529 17.994 20.65 0.3300000000000001
1.0 0.4097706879361914 17.994 20.55 0.34000000000000014
1.0 0.4057826520438684 17.994 20.35 0.35000000000000014
1.0 0.39980059820538383 17.994 20.05 0.36000000000000015
1.0 0.3938185443668993 17.994 19.75 0.37000000000000016
1.0 0.38384845463609174 17.994 19.25 0.38000000000000017
1.0 0.37886340977068794 17.994 19.0 0.3900000000000002
1.0 0.37188434695912265 17.994 18.65 0.4000000000000002
1.0 0.35992023928215355 17.994 18.05 0.4100000000000002
1.0 0.3419740777666999 17.994 17.15 0.4200000000000002
1.0 0.33599202392821537 17.994 16.85 0.4300000000000002
1.0 0.3220338983050847 17.994 16.15 0.4400000000000002
1.0 0.30807577268195413 17.994 15.45 0.45000000000000023
1.0 0.292123629112662 17.994 14.65 0.46000000000000024
1.0 0.28215353938185445 17.994 14.15 0.47000000000000025
1.0 0.27218344965104685 17.994 13.65 0.48000000000000026
1.0 0.26819541375872386 17.994 13.45 0.49000000000000027
1.0 0.2642073778664008 17.994 13.25 0.5000000000000002
1.0 0.2612163509471585 17.994 13.1 0.5100000000000002
1.0 0.25623130608175476 17.994 12.85 0.5200000000000002
1.0 0.24925224327018944 17.994 12.5 0.5300000000000002
1.0 0.24925224327018944 17.994 12.5 0.5400000000000003
1.0 0.24426719840478564 17.994 12.25 0.5500000000000003
1.0 0.24227318045862412 17.994 12.15 0.5600000000000003
1.0 0.24127617148554337 17.994 12.1 0.5700000000000003
1.0 0.23928215353938184 17.994 12.0 0.5800000000000003
1.0 0.2382851445663011 17.994 11.95 0.5900000000000003
1.0 0.23629112662013957 17.994 11.85 0.6000000000000003
1.0 0.2333000997008973 17.994 11.7 0.6100000000000003
1.0 0.2333000997008973 17.994 11.7 0.6200000000000003
1.0 0.2333000997008973 17.994 11.7 0.6300000000000003
1.0 0.22931206380857427 17.994 11.5 0.6400000000000003
1.0 0.226321036889332 17.994 11.35 0.6500000000000004
1.0 0.2193419740777667 17.994 11.0 0.6600000000000004
1.0 0.21734795613160518 17.994 10.9 0.6700000000000004
1.0 0.20837487537387836 17.994 10.45 0.6800000000000004
1.0 0.1984047856430708 17.994 9.95 0.6900000000000004
1.0 0.18943170488534397 17.994 9.5 0.7000000000000004
1.0 0.17647058823529413 17.994 8.85 0.7100000000000004
1.0 0.1575274177467597 17.994 7.9 0.7200000000000004
1.0 0.14257228315054835 17.994 7.15 0.7300000000000004
1.0 0.13060817547357925 17.994 6.55 0.7400000000000004
1.0 0.11864406779661017 17.994 5.95 0.7500000000000004
1.0 0.10667996011964108 17.994 5.35 0.7600000000000005
1.0 0.09870388833499502 17.994 4.95 0.7700000000000005
0.999888851839502 0.09172482552342971 17.992 4.6 0.7800000000000005
0.999888851839502 0.08673978065802593 17.992 4.35 0.7900000000000005
0.9997777036790041 0.08175473579262213 17.99 4.1 0.8000000000000005
0.9996665555185061 0.07676969092721835 17.988 3.85 0.8100000000000005
0.9995554073580082 0.07377866400797607 17.986 3.7 0.8200000000000005
0.9995554073580082 0.07178464606181456 17.986 3.6 0.8300000000000005
0.9992219628765144 0.06979062811565304 17.98 3.5 0.8400000000000005
0.9985550739135267 0.06580259222333001 17.968 3.3 0.8500000000000005
0.9975547404690452 0.06081754735792622 17.95 3.05 0.8600000000000005
0.9965544070245638 0.05782652043868395 17.932 2.9 0.8700000000000006
0.9946648882960987 0.04685942173479561 17.898 2.35 0.8800000000000006
0.9932199622096254 0.04287138584247258 17.872 2.15 0.8900000000000006
0.9903301100366789 0.03489531405782652 17.82 1.75 0.9000000000000006
0.9883294431477159 0.023928215353938187 17.784 1.2 0.9100000000000006
0.9873291097032344 0.015952143569292122 17.766 0.8 0.9200000000000006
0.9858841836167611 0.007976071784646061 17.74 0.4 0.9300000000000006
0.98432810936979 0.003988035892323031 17.712 0.2 0.9400000000000006
0.9832166277648104 9.970089730807576E-4 17.692 0.05 0.9500000000000006
0.982105146159831 0.0 17.672 0.0 0.9600000000000006
0.9796598866288763 0.0 17.628 0.0 0.9700000000000006
0.9729909969989997 0.0 17.508 0.0 0.9800000000000006
0.9479826608869624 0.0 17.058 0.0 0.9900000000000007
0.0 0.0 0.0 0.0
