1.0 1.0 17.994 125.375 0.0
1.0 0.8574277168494516 17.994 107.5 0.01
1.0 0.7557328015952144 17.994 94.75 0.02
1.0 0.7038883349950149 17.994 88.25 0.03
1.0 0.6699900299102692 17.994 84.0 0.04
1.0 0.6350947158524427 17.994 79.625 0.05
1.0 0.5922233300099701 17.994 74.25 0.060000000000000005
1.0 0.5922233300099701 17.994 74.25 0.07
1.0 0.5742771684945165 17.994 72.0 0.08
1.0 0.5613160518444666 17.994 70.375 0.09
1.0 0.5473579262213359 17.994 68.625 0.09999999999999999
1.0 0.5383848454636092 17.994 67.5 0.10999999999999999
1.0 0.5343968095712861 17.994 67.0 0.11999999999999998
1.0 0.5264207377866401 17.994 66.0 0.12999999999999998
1.0 0.5214356929212363 17.994 65.375 0.13999999999999999
1.0 0.5104685942173479 17.994 64.0 0.15
1.0 0.5014955134596212 17.994 62.875 0.16
1.0 0.48953140578265203 17.994 61.375 0.17
1.0 0.4646061814556331 17.994 58.25 0.18000000000000002
1.0 0.452642073778664 17.994 56.75 0.19000000000000003
1.0 0.4456630109670987 17.994 55.875 0.20000000000000004
1.0 0.43968095712861416 17.994 55.125 0.21000000000000005
1.0 0.43469591226321036 17.994 54.5 0.22000000000000006
1.0 0.42971086739780656 17.994 53.875 0.23000000000000007
1.0 0.423728813559322 17.994 53.125 0.24000000000000007
1.0 0.41774675972083747 17.994 52.375 0.25000000000000006
1.0 0.4127617148554337 17.994 51.75 0.26000000000000006
1.0 0.4117647058823529 17.994 51.625 0.2700000000000001
1.0 0.4107676969092722 17.994 51.5 0.2800000000000001
1.0 0.4087736789631107 17.994 51.25 0.2900000000000001
1.0 0.4087736789631107 17.994 51.25 0.3000000000000001
1.0 0.4067796610169492 17.994 51.0 0.3100000000000001
1.0 0.4067796610169492 17.994 51.0 0.3200000000000001
1.0 0.39980059820538383 17.994 50.125 0.3300000000000001
1.0 0.39581256231306083 17.994 49.625 0.34000000000000014
1.0 0.38883349950149554 17.994 48.75 0.35000000000000014
1.0 0.3778664007976072 17.994 47.375 0.36000000000000015
1.0 0.3708873379860419 17.994 46.5 0.37000000000000016
1.0 0.36191425722831505 17.994 45.375 0.38000000000000017
1.0 0.35692921236291125 17.994 44.75 0.3900000000000002
1.0 0.34995014955134596 17.994 43.875 0.4000000000000002
1.0 0.33300099700897307 17.994 41.75 0.4100000000000002
1.0 0.3180458624127617 17.994 39.875 0.4200000000000002
1.0 0.3090727816550349 17.994 38.75 0.4300000000000002
1.0 0.30109670987038883 17.994 37.75 0.4400000000000002
1.0 0.29112662013958124 17.994 36.5 0.45000000000000023
1.0 0.2851445663010967 17.994 35.75 0.46000000000000024
1.0 0.2731804586241276 17.994 34.25 0.47000000000000025
1.0 0.26021934197407776 17.994 32.625 0.48000000000000026
1.0 0.25324027916251246 17.994 31.75 0.49000000000000027
1.0 0.24925224327018944 17.994 31.25 0.5000000000000002
1.0 0.24027916251246262 17.994 30.125 0.5100000000000002
1.0 0.23529411764705882 17.994 29.5 0.5200000000000002
1.0 0.23429710867397807 17.994 29.375 0.5300000000000002
1.0 0.2313060817547358 17.994 29.0 0.5400000000000003
1.0 0.23030907278165502 17.994 28.875 0.5500000000000003
1.0 0.22731804586241275 17.994 28.5 0.5600000000000003
1.0 0.22532402791625125 17.994 28.25 0.5700000000000003
1.0 0.22432701894317048 17.994 28.125 0.5800000000000003
1.0 0.22333000997008973 17.994 28.0 0.5900000000000003
1.0 0.2213359920239282 17.994 27.75 0.6000000000000003
1.0 0.2193419740777667 17.994 27.5 0.6100000000000003
1.0 0.21834496510468593 17.994 27.375 0.6200000000000003
1.0 0.21535393818544366 17.994 27.0 0.6300000000000003
1.0 0.2143569292123629 17.994 26.875 0.6400000000000003
1.0 0.21335992023928216 17.994 26.75 0.6500000000000004
1.0 0.20937188434695914 17.994 26.25 0.6600000000000004
1.0 0.2073778664007976 17.994 26.0 0.6700000000000004
1.0 0.19242273180458624 17.994 24.125 0.6800000000000004
1.0 0.18344965104685942 17.994 23.0 0.6900000000000004
1.0 0.1794616151545364 17.994 22.5 0.7000000000000004
1.0 0.17248255234297108 17.994 21.625 0.7100000000000004
1.0 0.1535393818544367 17.994 19.25 0.7200000000000004
1.0 0.1415752741774676 17.994 17.75 0.7300000000000004
1.0 0.1296111665004985 17.994 16.25 0.7400000000000004
1.0 0.12063808574277168 17.994 15.125 0.7500000000000004
1.0 0.11166500498504486 17.994 14.0 0.7600000000000005
1.0 0.09970089730807577 17.994 12.5 0.7700000000000005
1.0 0.09072781655034895 17.994 11.375 0.7800000000000005
1.0 0.0847457627118644 17.994 10.625 0.7900000000000005
0.999888851839502 0.08075772681954138 17.992 10.125 0.8000000000000005
0.999888851839502 0.07976071784646062 17.992 10.0 0.8100000000000005
0.999888851839502 0.07976071784646062 17.992 10.0 0.8200000000000005
0.9996665555185061 0.07776669990029911 17.988 9.75 0.8300000000000005
0.9991108147160165 0.07178464606181456 17.978 9.0 0.8400000000000005
0.998110481271535 0.0707876370887338 17.96 8.875 0.8500000000000005
0.9976658886295432 0.06380857427716849 17.952 8.0 0.8600000000000005
0.9966655551850617 0.05583250249252243 17.934 7.0 0.8700000000000006
0.9947760364565966 0.0518444666001994 17.9 6.5 0.8800000000000006
0.9934422585306213 0.04187437686939183 17.876 5.25 0.8900000000000006
0.9914415916416583 0.03090727816550349 17.84 3.875 0.9000000000000006
0.990218961876181 0.01694915254237288 17.818 2.125 0.9100000000000006
0.9878848505057242 0.009970089730807577 17.776 1.25 0.9200000000000006
0.9866622207402468 0.0029910269192422734 17.754 0.375 0.9300000000000006
0.9856618872957652 0.0019940179461615153 17.736 0.25 0.9400000000000006
0.9851061464932755 0.0019940179461615153 17.726 0.25 0.9500000000000006
0.9839946648882961 0.0 17.706 0.0 0.9600000000000006
0.9806602200733577 0.0 17.646 0.0 0.9700000000000006
0.9736578859619873 0.0 17.52 0.0 0.9800000000000006
0.9506502167389129 0.0 17.106 0.0 0.9900000000000007
0.0 0.0 0.0 0.0
