1.0 1.0 8.997 25.075 0.0
1.0 0.43968095712861416 8.997 11.025 0.01
1.0 0.2761714855433699 8.997 6.925 0.02
1.0 0.22731804586241275 8.997 5.7 0.03
1.0 0.19541375872382852 8.997 4.9 0.04
1.0 0.1744765702891326 8.997 4.375 0.05
1.0 0.14057826520438685 8.997 3.525 0.060000000000000005
1.0 0.14057826520438685 8.997 3.525 0.07
1.0 0.12462612163509472 8.997 3.125 0.08
1.0 0.11465603190428714 8.997 2.875 0.09
1.0 0.10468594217347957 8.997 2.625 0.09999999999999999
1.0 0.09770687936191426 8.997 2.45 0.10999999999999999
1.0 0.09172482552342971 8.997 2.3 0.11999999999999998
1.0 0.08673978065802593 8.997 2.175 0.12999999999999998
1.0 0.08374875373878365 8.997 2.1 0.13999999999999999
1.0 0.08175473579262213 8.997 2.05 0.15
1.0 0.07876370887337986 8.997 1.975 0.16
1.0 0.07577268195413758 8.997 1.9 0.17
1.0 0.06779661016949153 8.997 1.7 0.18000000000000002
1.0 0.06081754735792622 8.997 1.525 0.19000000000000003
1.0 0.05682951146560319 8.997 1.425 0.20000000000000004
1.0 0.053838484546360914 8.997 1.35 0.21000000000000005
1.0 0.04885343968095713 8.997 1.225 0.22000000000000006
1.0 0.045862412761714856 8.997 1.15 0.23000000000000007
1.0 0.0448654037886341 8.997 1.125 0.24000000000000007
1.0 0.0448654037886341 8.997 1.125 0.25000000000000006
1.0 0.04386839481555334 8.997 1.1 0.26000000000000006
1.0 0.04386839481555334 8.997 1.1 0.2700000000000001
1.0 0.04287138584247258 8.997 1.075 0.2800000000000001
1.0 0.04287138584247258 8.997 1.075 0.2900000000000001
1.0 0.04187437686939183 8.997 1.05 0.3000000000000001
1.0 0.03988035892323031 8.997 1.0 0.3100000000000001
1.0 0.03988035892323031 8.997 1.0 0.3200000000000001
1.0 0.03988035892323031 8.997 1.0 0.3300000000000001
1.0 0.03988035892323031 8.997 1.0 0.34000000000000014
1.0 0.03988035892323031 8.997 1.0 0.35000000000000014
1.0 0.038883349950149554 8.997 0.975 0.36000000000000015
1.0 0.03788634097706879 8.997 0.95 0.37000000000000016
1.0 0.036889332003988036 8.997 0.925 0.38000000000000017
1.0 0.03589232303090728 8.997 0.9 0.3900000000000002
1.0 0.03489531405782652 8.997 0.875 0.4000000000000002
1.0 0.03389830508474576 8.997 0.85 0.4100000000000002
1.0 0.03389830508474576 8.997 0.85 0.4200000000000002
1.0 0.03290129611166501 8.997 0.825 0.4300000000000002
1.0 0.02991026919242273 8.997 0.75 0.4400000000000002
1.0 0.027916251246261216 8.997 0.7 0.45000000000000023
1.0 0.026919242273180457 8.997 0.675 0.46000000000000024
1.0 0.0259222333000997 8.997 0.65 0.47000000000000025
1.0 0.024925224327018942 8.997 0.625 0.48000000000000026
1.0 0.024925224327018942 8.997 0.625 0.49000000000000027
1.0 0.024925224327018942 8.997 0.625 0.5000000000000002
1.0 0.023928215353938187 8.997 0.6 0.5100000000000002
1.0 0.023928215353938187 8.997 0.6 0.5200000000000002
1.0 0.022931206380857428 8.997 0.575 0.5300000000000002
1.0 0.022931206380857428 8.997 0.575 0.5400000000000003
1.0 0.022931206380857428 8.997 0.575 0.5500000000000003
1.0 0.020937188434695914 8.997 0.525 0.5600000000000003
1.0 0.019940179461615155 8.997 0.5 0.5700000000000003
1.0 0.019940179461615155 8.997 0.5 0.5800000000000003
1.0 0.019940179461615155 8.997 0.5 0.5900000000000003
1.0 0.019940179461615155 8.997 0.5 0.6000000000000003
1.0 0.018943170488534396 8.997 0.475 0.6100000000000003
1.0 0.01794616151545364 8.997 0.45 0.6200000000000003
1.0 0.01694915254237288 8.997 0.425 0.6300000000000003
1.0 0.01694915254237288 8.997 0.425 0.6400000000000003
1.0 0.015952143569292122 8.997 0.4 0.6500000000000004
1.0 0.015952143569292122 8.997 0.4 0.6600000000000004
1.0 0.015952143569292122 8.997 0.4 0.6700000000000004
1.0 0.015952143569292122 8.997 0.4 0.6800000000000004
1.0 0.014955134596211365 8.997 0.375 0.6900000000000004
1.0 0.014955134596211365 8.997 0.375 0.7000000000000004
1.0 0.014955134596211365 8.997 0.375 0.7100000000000004
1.0 0.014955134596211365 8.997 0.375 0.7200000000000004
1.0 0.01296111665004985 8.997 0.325 0.7300000000000004
1.0 0.009970089730807577 8.997 0.25 0.7400000000000004
1.0 0.009970089730807577 8.997 0.25 0.7500000000000004
1.0 0.007976071784646061 8.997 0.2 0.7600000000000005
1.0 0.007976071784646061 8.997 0.2 0.7700000000000005
1.0 0.007976071784646061 8.997 0.2 0.7800000000000005
1.0 0.006979062811565304 8.997 0.175 0.7900000000000005
1.0 0.006979062811565304 8.997 0.175 0.8000000000000005
1.0 0.006979062811565304 8.997 0.175 0.8100000000000005
1.0 0.006979062811565304 8.997 0.175 0.8200000000000005
1.0 0.006979062811565304 8.997 0.175 0.8300000000000005
1.0 0.006979062811565304 8.997 0.175 0.8400000000000005
1.0 0.005982053838484547 8.997 0.15 0.8500000000000005
1.0 0.004985044865403789 8.997 0.125 0.8600000000000005
1.0 0.003988035892323031 8.997 0.1 0.8700000000000006
1.0 0.003988035892323031 8.997 0.1 0.8800000000000006
1.0 0.003988035892323031 8.997 0.1 0.8900000000000006
1.0 0.0019940179461615153 8.997 0.05 0.9000000000000006
1.0 9.970089730807576E-4 8.997 0.025 0.9100000000000006
1.0 9.970089730807576E-4 8.997 0.025 0.9200000000000006
1.0 0.0 8.997 0.0 0.9300000000000006
1.0 0.0 8.997 0.0 0.9400000000000006
1.0 0.0 8.997 0.0 0.9500000000000006
1.0 0.0 8.997 0.0 0.9600000000000006
1.0 0.0 8.997 0.0 0.9700000000000006
1.0 0.0 8.997 0.0 0.9800000000000006
1.0 0.0 8.997 0.0 0.9900000000000007
0.0 0.0 0.0 0.0
