1.0 1.0 29.99 Infinity 0.0
1.0 0.9481555333998006 29.99 Infinity 0.01
1.0 0.8783649052841476 29.99 Infinity 0.02
1.0 0.8444666001994018 29.99 Infinity 0.03
1.0 0.8165503489531406 29.99 Infinity 0.04
1.0 0.7966101694915254 29.99 Infinity 0.05
1.0 0.7617148554336989 29.99 Infinity 0.060000000000000005
1.0 0.7617148554336989 29.99 Infinity 0.07
1.0 0.744765702891326 29.99 Infinity 0.08
1.0 0.7347956131605184 29.99 Infinity 0.09
1.0 0.7268195413758723 29.99 Infinity 0.09999999999999999
1.0 0.7188434695912264 29.99 Infinity 0.10999999999999999
1.0 0.7128614157527418 29.99 Infinity 0.11999999999999998
1.0 0.7048853439680958 29.99 Infinity 0.12999999999999998
1.0 0.6959122632103689 29.99 Infinity 0.13999999999999999
1.0 0.6859421734795613 29.99 Infinity 0.15
1.0 0.6769690927218345 29.99 Infinity 0.16
1.0 0.6689930209371885 29.99 Infinity 0.17
1.0 0.650049850448654 29.99 Infinity 0.18000000000000002
1.0 0.6350947158524427 29.99 Infinity 0.19000000000000003
1.0 0.6261216350947159 29.99 Infinity 0.20000000000000004
1.0 0.6161515453639083 29.99 Infinity 0.21000000000000005
1.0 0.6071784646061814 29.99 Infinity 0.22000000000000006
1.0 0.6021934197407777 29.99 Infinity 0.23000000000000007
1.0 0.5972083748753739 29.99 Infinity 0.24000000000000007
1.0 0.5962113659022931 29.99 Infinity 0.25000000000000006
1.0 0.5952143569292123 29.99 Infinity 0.26000000000000006
1.0 0.5952143569292123 29.99 Infinity 0.2700000000000001
1.0 0.5932203389830508 29.99 Infinity 0.2800000000000001
1.0 0.5932203389830508 29.99 Infinity 0.2900000000000001
1.0 0.5932203389830508 29.99 Infinity 0.3000000000000001
1.0 0.5922233300099701 29.99 Infinity 0.3100000000000001
1.0 0.5912263210368893 29.99 Infinity 0.3200000000000001
1.0 0.5892323030907278 29.99 Infinity 0.3300000000000001
1.0 0.5882352941176471 29.99 Infinity 0.34000000000000014
1.0 0.584247258225324 29.99 Infinity 0.35000000000000014
1.0 0.5812562313060817 29.99 Infinity 0.36000000000000015
1.0 0.576271186440678 29.99 Infinity 0.37000000000000016
1.0 0.5712861415752741 29.99 Infinity 0.38000000000000017
1.0 0.5663010967098704 29.99 Infinity 0.3900000000000002
1.0 0.5613160518444666 29.99 Infinity 0.4000000000000002
1.0 0.555333998005982 29.99 Infinity 0.4100000000000002
1.0 0.5463609172482552 29.99 Infinity 0.4200000000000002
1.0 0.5343968095712861 29.99 Infinity 0.4300000000000002
1.0 0.5204386839481555 29.99 Infinity 0.4400000000000002
1.0 0.5084745762711864 29.99 Infinity 0.45000000000000023
1.0 0.49750747756729813 29.99 Infinity 0.46000000000000024
1.0 0.48454636091724823 29.99 Infinity 0.47000000000000025
1.0 0.47357926221335994 29.99 Infinity 0.48000000000000026
1.0 0.46560319042871384 29.99 Infinity 0.49000000000000027
1.0 0.4596211365902293 29.99 Infinity 0.5000000000000002
1.0 0.4556331006979063 29.99 Infinity 0.5100000000000002
1.0 0.452642073778664 29.99 Infinity 0.5200000000000002
1.0 0.44865403788634095 29.99 Infinity 0.5300000000000002
1.0 0.44666001994017945 29.99 Infinity 0.5400000000000003
1.0 0.44466600199401796 29.99 Infinity 0.5500000000000003
1.0 0.44167497507477566 29.99 Infinity 0.5600000000000003
1.0 0.4386839481555334 29.99 Infinity 0.5700000000000003
1.0 0.43668993020937186 29.99 Infinity 0.5800000000000003
1.0 0.43668993020937186 29.99 Infinity 0.5900000000000003
1.0 0.4356929212362911 29.99 Infinity 0.6000000000000003
1.0 0.4336989032901296 29.99 Infinity 0.6100000000000003
1.0 0.4287138584247258 29.99 Infinity 0.6200000000000003
1.0 0.4247258225324028 29.99 Infinity 0.6300000000000003
1.0 0.42073778664007977 29.99 Infinity 0.6400000000000003
1.0 0.4167497507477567 29.99 Infinity 0.6500000000000004
1.0 0.4097706879361914 29.99 Infinity 0.6600000000000004
1.0 0.3988035892323031 29.99 Infinity 0.6700000000000004
1.0 0.38783649052841473 29.99 Infinity 0.6800000000000004
1.0 0.37188434695912265 29.99 Infinity 0.6900000000000004
1.0 0.36191425722831505 29.99 Infinity 0.7000000000000004
1.0 0.33798604187437686 29.99 Infinity 0.7100000000000004
1.0 0.3180458624127617 29.99 Infinity 0.7200000000000004
1.0 0.30807577268195413 29.99 Infinity 0.7300000000000004
1.0 0.2951146560319043 29.99 Infinity 0.7400000000000004
1.0 0.27517447657028915 29.99 Infinity 0.7500000000000004
1.0 0.2612163509471585 29.99 Infinity 0.7600000000000005
1.0 0.2502492522432702 29.99 Infinity 0.7700000000000005
1.0 0.2382851445663011 29.99 Infinity 0.7800000000000005
1.0 0.22731804586241275 29.99 Infinity 0.7900000000000005
0.999888851839502 0.2213359920239282 29.986666666666668 Infinity 0.8000000000000005
0.9995554073580082 0.2193419740777667 29.976666666666667 Infinity 0.8100000000000005
0.9988885183950206 0.21535393818544366 29.956666666666667 Infinity 0.8200000000000005
0.9979993331110371 0.21036889332003988 29.93 Infinity 0.8300000000000005
0.9969989996665555 0.2033898305084746 29.9 Infinity 0.8400000000000005
0.9943314438146049 0.19641076769690927 29.82 Infinity 0.8500000000000005
0.9908858508391686 0.1794616151545364 29.716666666666665 Infinity 0.8600000000000005
0.9867733689007447 0.16350947158524426 29.593333333333334 Infinity 0.8700000000000006
0.9778815160609092 0.1465603190428714 29.326666666666668 Infinity 0.8800000000000006
0.9696565521840613 0.1226321036889332 29.08 Infinity 0.8900000000000006
0.9609869956652217 0.09172482552342971 28.82 Infinity 0.9000000000000006
0.9523174391463821 0.06181455633100698 28.56 Infinity 0.9100000000000006
0.9450928087140158 0.038883349950149554 28.343333333333334 Infinity 0.9200000000000006
0.938868511726131 0.024925224327018942 28.156666666666666 Infinity 0.9300000000000006
0.9323107702567522 0.011964107676969093 27.96 Infinity 0.9400000000000006
0.9287540291208181 0.005982053838484547 27.85333333333333 Infinity 0.9500000000000006
0.9236412137379126 0.0019940179461615153 27.7 Infinity 0.9600000000000006
0.9145270645770812 0.0019940179461615153 27.426666666666666 Infinity 0.9700000000000006
0.8965210625764144 0.0019940179461615153 26.886666666666667 Infinity 0.9800000000000006
0.845726353228854 9.970089730807576E-4 25.363333333333333 Infinity 0.9900000000000007
0.0 0.0 0.0 0.0
