1.0 1.0 89.97 20.06 0.0
1.0 0.996011964107677 89.97 19.98 0.01
1.0 0.9870388833499502 89.97 19.8 0.02
1.0 0.9810568295114656 89.97 19.68 0.03
1.0 0.9720837487537388 89.97 19.5 0.04
1.0 0.9700897308075773 89.97 19.46 0.05
1.0 0.9561316051844466 89.97 19.18 0.060000000000000005
1.0 0.9561316051844466 89.97 19.18 0.07
1.0 0.9511465603190429 89.97 19.08 0.08
1.0 0.9501495513459621 89.97 19.06 0.09
1.0 0.9491525423728814 89.97 19.04 0.09999999999999999
1.0 0.9441674975074775 89.97 18.94 0.10999999999999999
1.0 0.9441674975074775 89.97 18.94 0.11999999999999998
1.0 0.942173479561316 89.97 18.9 0.12999999999999998
1.0 0.9401794616151545 89.97 18.86 0.13999999999999999
1.0 0.938185443668993 89.97 18.82 0.15
1.0 0.9322033898305084 89.97 18.7 0.16
1.0 0.9292123629112662 89.97 18.64 0.17
1.0 0.9242273180458624 89.97 18.54 0.18000000000000002
1.0 0.9182452642073778 89.97 18.42 0.19000000000000003
1.0 0.9122632103688934 89.97 18.3 0.20000000000000004
1.0 0.9102691924227319 89.97 18.26 0.21000000000000005
1.0 0.909272183449651 89.97 18.24 0.22000000000000006
1.0 0.9062811565304087 89.97 18.18 0.23000000000000007
1.0 0.9042871385842473 89.97 18.14 0.24000000000000007
1.0 0.9032901296111665 89.97 18.12 0.25000000000000006
1.0 0.9032901296111665 89.97 18.12 0.26000000000000006
1.0 0.9032901296111665 89.97 18.12 0.2700000000000001
1.0 0.9022931206380858 89.97 18.1 0.2800000000000001
1.0 0.901296111665005 89.97 18.08 0.2900000000000001
1.0 0.9002991026919243 89.97 18.06 0.3000000000000001
1.0 0.8983050847457628 89.97 18.02 0.3100000000000001
1.0 0.8983050847457628 89.97 18.02 0.3200000000000001
1.0 0.8983050847457628 89.97 18.02 0.3300000000000001
1.0 0.8983050847457628 89.97 18.02 0.34000000000000014
1.0 0.8983050847457628 89.97 18.02 0.35000000000000014
1.0 0.8983050847457628 89.97 18.02 0.36000000000000015
1.0 0.8973080757726819 89.97 18.0 0.37000000000000016
1.0 0.8953140578265204 89.97 17.96 0.38000000000000017
1.0 0.8943170488534397 89.97 17.94 0.3900000000000002
1.0 0.8913260219341974 89.97 17.88 0.4000000000000002
1.0 0.8913260219341974 89.97 17.88 0.4100000000000002
1.0 0.8893320039880359 89.97 17.84 0.4200000000000002
1.0 0.8883349950149552 89.97 17.82 0.4300000000000002
1.0 0.8853439680957128 89.97 17.76 0.4400000000000002
1.0 0.8803589232303091 89.97 17.66 0.45000000000000023
1.0 0.8753738783649053 89.97 17.56 0.46000000000000024
1.0 0.8753738783649053 89.97 17.56 0.47000000000000025
1.0 0.872382851445663 89.97 17.5 0.48000000000000026
1.0 0.8713858424725822 89.97 17.48 0.49000000000000027
1.0 0.8713858424725822 89.97 17.48 0.5000000000000002
1.0 0.8703888334995015 89.97 17.46 0.5100000000000002
1.0 0.8673978065802592 89.97 17.4 0.5200000000000002
1.0 0.8673978065802592 89.97 17.4 0.5300000000000002
1.0 0.8654037886340977 89.97 17.36 0.5400000000000003
1.0 0.864406779661017 89.97 17.34 0.5500000000000003
1.0 0.864406779661017 89.97 17.34 0.5600000000000003
1.0 0.864406779661017 89.97 17.34 0.5700000000000003
1.0 0.864406779661017 89.97 17.34 0.5800000000000003
1.0 0.8634097706879362 89.97 17.32 0.5900000000000003
1.0 0.8634097706879362 89.97 17.32 0.6000000000000003
1.0 0.8624127617148555 89.97 17.3 0.6100000000000003
1.0 0.8624127617148555 89.97 17.3 0.6200000000000003
1.0 0.8584247258225324 89.97 17.22 0.6300000000000003
1.0 0.8524426719840479 89.97 17.1 0.6400000000000003
1.0 0.8494516450648056 89.97 17.04 0.6500000000000004
1.0 0.8414755732801595 89.97 16.88 0.6600000000000004
1.0 0.8295114656031904 89.97 16.64 0.6700000000000004
1.0 0.8185443668993021 89.97 16.42 0.6800000000000004
1.0 0.8075772681954138 89.97 16.2 0.6900000000000004
1.0 0.7946161515453639 89.97 15.94 0.7000000000000004
1.0 0.7796610169491526 89.97 15.64 0.7100000000000004
1.0 0.7517447657028913 89.97 15.08 0.7200000000000004
1.0 0.7347956131605184 89.97 14.74 0.7300000000000004
1.0 0.7148554336989033 89.97 14.34 0.7400000000000004
1.0 0.7028913260219342 89.97 14.1 0.7500000000000004
1.0 0.6949152542372882 89.97 13.94 0.7600000000000005
1.0 0.6809571286141576 89.97 13.66 0.7700000000000005
0.999888851839502 0.6669990029910269 89.96 13.38 0.7800000000000005
0.999888851839502 0.6610169491525424 89.96 13.26 0.7900000000000005
0.9992219628765144 0.6530408773678963 89.9 13.1 0.8000000000000005
0.9978881849505391 0.6450648055832503 89.78 12.94 0.8100000000000005
0.9947760364565966 0.6390827517447657 89.5 12.82 0.8200000000000005
0.9893297765921975 0.6301096709870389 89.01 12.64 0.8300000000000005
0.9818828498388351 0.6181455633100698 88.34 12.4 0.8400000000000005
0.9658775147271312 0.6011964107676969 86.9 12.06 0.8500000000000005
0.9443147715905301 0.551345962113659 84.96 11.06 0.8600000000000005
0.911081471601645 0.5054835493519442 81.97 10.14 0.8700000000000006
0.8632877625875292 0.4546360917248255 77.67 9.12 0.8800000000000006
0.8072690896965655 0.386839481555334 72.63 7.76 0.8900000000000006
0.743136601089252 0.3050847457627119 66.86 6.12 0.9000000000000006
0.6746693342225186 0.20638085742771686 60.7 4.14 0.9100000000000006
0.620429031899522 0.1296111665004985 55.82 2.6 0.9200000000000006
0.5775258419473158 0.06779661016949153 51.96 1.36 0.9300000000000006
0.5422918750694676 0.03988035892323031 48.79 0.8 0.9400000000000006
0.5206179837723686 0.01794616151545364 46.84 0.36 0.9500000000000006
0.5083916861175948 0.0029910269192422734 45.74 0.06 0.9600000000000006
0.4936089807713682 0.0019940179461615153 44.41 0.04 0.9700000000000006
0.4614871623874625 9.970089730807576E-4 41.52 0.02 0.9800000000000006
0.3644548182727576 9.970089730807576E-4 32.79 0.02 0.9900000000000007
0.0 0.0 0.0 0.0
