1.0 1.0 29.99 100.3 0.0
1.0 0.9680957128614157 29.99 97.1 0.01
1.0 0.9242273180458624 29.99 92.7 0.02
1.0 0.8993020937188435 29.99 90.2 0.03
1.0 0.8783649052841476 29.99 88.1 0.04
1.0 0.864406779661017 29.99 86.7 0.05
1.0 0.843469591226321 29.99 84.6 0.060000000000000005
1.0 0.843469591226321 29.99 84.6 0.07
1.0 0.8295114656031904 29.99 83.2 0.08
1.0 0.8185443668993021 29.99 82.1 0.09
1.0 0.8075772681954138 29.99 81.0 0.09999999999999999
1.0 0.7976071784646062 29.99 80.0 0.10999999999999999
1.0 0.7916251246261217 29.99 79.4 0.11999999999999998
1.0 0.7856430707876371 29.99 78.8 0.12999999999999998
1.0 0.7766699900299102 29.99 77.9 0.13999999999999999
1.0 0.7716849451645065 29.99 77.4 0.15
1.0 0.7597208374875374 29.99 76.2 0.16
1.0 0.7507477567298105 29.99 75.3 0.17
1.0 0.7288135593220338 29.99 73.1 0.18000000000000002
1.0 0.7168494516450648 29.99 71.9 0.19000000000000003
1.0 0.7048853439680958 29.99 70.7 0.20000000000000004
1.0 0.6959122632103689 29.99 69.8 0.21000000000000005
1.0 0.6889332003988036 29.99 69.1 0.22000000000000006
1.0 0.6869391824526421 29.99 68.9 0.23000000000000007
1.0 0.6819541375872383 29.99 68.4 0.24000000000000007
1.0 0.6769690927218345 29.99 67.9 0.25000000000000006
1.0 0.6739780658025922 29.99 67.6 0.26000000000000006
1.0 0.6739780658025922 29.99 67.6 0.2700000000000001
1.0 0.6739780658025922 29.99 67.6 0.2800000000000001
1.0 0.6739780658025922 29.99 67.6 0.2900000000000001
1.0 0.67098703888335 29.99 67.3 0.3000000000000001
1.0 0.6699900299102692 29.99 67.2 0.3100000000000001
1.0 0.6669990029910269 29.99 66.9 0.3200000000000001
1.0 0.6650049850448654 29.99 66.7 0.3300000000000001
1.0 0.6610169491525424 29.99 66.3 0.34000000000000014
1.0 0.6560319042871385 29.99 65.8 0.35000000000000014
1.0 0.6510468594217348 29.99 65.3 0.36000000000000015
1.0 0.646061814556331 29.99 64.8 0.37000000000000016
1.0 0.6410767696909272 29.99 64.3 0.38000000000000017
1.0 0.6311066799601196 29.99 63.3 0.3900000000000002
1.0 0.6231306081754736 29.99 62.5 0.4000000000000002
1.0 0.6161515453639083 29.99 61.8 0.4100000000000002
1.0 0.6081754735792622 29.99 61.0 0.4200000000000002
1.0 0.5962113659022931 29.99 59.8 0.4300000000000002
1.0 0.5862412761714856 29.99 58.8 0.4400000000000002
1.0 0.5722831505483549 29.99 57.4 0.45000000000000023
1.0 0.5583250249252243 29.99 56.0 0.46000000000000024
1.0 0.5483549351944168 29.99 55.0 0.47000000000000025
1.0 0.5413758723828515 29.99 54.3 0.48000000000000026
1.0 0.5363908275174477 29.99 53.8 0.49000000000000027
1.0 0.5254237288135594 29.99 52.7 0.5000000000000002
1.0 0.5194416749750748 29.99 52.1 0.5100000000000002
1.0 0.514456630109671 29.99 51.6 0.5200000000000002
1.0 0.5094715852442672 29.99 51.1 0.5300000000000002
1.0 0.5074775672981057 29.99 50.9 0.5400000000000003
1.0 0.5064805583250249 29.99 50.8 0.5500000000000003
1.0 0.5054835493519442 29.99 50.7 0.5600000000000003
1.0 0.5054835493519442 29.99 50.7 0.5700000000000003
1.0 0.5024925224327019 29.99 50.4 0.5800000000000003
1.0 0.5004985044865404 29.99 50.2 0.5900000000000003
1.0 0.4985044865403789 29.99 50.0 0.6000000000000003
1.0 0.4965104685942173 29.99 49.8 0.6100000000000003
1.0 0.4965104685942173 29.99 49.8 0.6200000000000003
1.0 0.4945164506480558 29.99 49.6 0.6300000000000003
1.0 0.4915254237288136 29.99 49.3 0.6400000000000003
1.0 0.48753738783649053 29.99 48.9 0.6500000000000004
1.0 0.4715852442671984 29.99 47.3 0.6600000000000004
1.0 0.4646061814556331 29.99 46.6 0.6700000000000004
1.0 0.45663010967098705 29.99 45.8 0.6800000000000004
1.0 0.4456630109670987 29.99 44.7 0.6900000000000004
1.0 0.4336989032901296 29.99 43.5 0.7000000000000004
1.0 0.423728813559322 29.99 42.5 0.7100000000000004
1.0 0.4037886340977069 29.99 40.5 0.7200000000000004
1.0 0.3848454636091725 29.99 38.6 0.7300000000000004
1.0 0.3659022931206381 29.99 36.7 0.7400000000000004
1.0 0.3489531405782652 29.99 35.0 0.7500000000000004
1.0 0.325024925224327 29.99 32.6 0.7600000000000005
1.0 0.3120638085742772 29.99 31.3 0.7700000000000005
0.999888851839502 0.29910269192422734 29.986666666666668 30.0 0.7800000000000005
0.9997777036790041 0.288135593220339 29.983333333333334 28.9 0.7900000000000005
0.9996665555185061 0.28614157527417744 29.98 28.7 0.8000000000000005
0.9994442591975102 0.28015952143569295 29.973333333333333 28.1 0.8100000000000005
0.9988885183950206 0.27716849451645065 29.956666666666667 27.8 0.8200000000000005
0.9983327775925308 0.2731804586241276 29.94 27.4 0.8300000000000005
0.9968878515060575 0.26819541375872386 29.89666666666667 26.9 0.8400000000000005
0.9939979993331111 0.2622133599202393 29.81 26.3 0.8500000000000005
0.9903301100366789 0.24825523429710866 29.7 24.9 0.8600000000000005
0.9858841836167611 0.23529411764705882 29.566666666666666 23.6 0.8700000000000006
0.9786595531843948 0.22033898305084745 29.35 22.1 0.8800000000000006
0.9691008113815717 0.19740777666999004 29.063333333333333 19.8 0.8900000000000006
0.9576525508502834 0.17248255234297108 28.72 17.3 0.9000000000000006
0.9447593642325219 0.14556331006979062 28.333333333333332 14.6 0.9100000000000006
0.9364232521951762 0.1226321036889332 28.083333333333332 12.3 0.9200000000000006
0.9294209180838057 0.10269192422731804 27.873333333333335 10.3 0.9300000000000006
0.9231966210959208 0.0967098703888335 27.686666666666667 9.7 0.9400000000000006
0.9178615093920196 0.09471585244267199 27.526666666666667 9.5 0.9500000000000006
0.9140824719350895 0.09272183449651047 27.413333333333334 9.3 0.9600000000000006
0.9061909525397355 0.09272183449651047 27.176666666666666 9.3 0.9700000000000006
0.8879626542180727 0.09272183449651047 26.63 9.3 0.9800000000000006
0.8254973880182283 0.09272183449651047 24.756666666666668 9.3 0.9900000000000007
0.0 0.0 0.0 0.0
