1.0 1.0 89.97 4.323275862068965 0.0
1.0 0.9990029910269193 89.97 4.318965517241379 0.01
1.0 0.996011964107677 89.97 4.306034482758621 0.02
1.0 0.9880358923230309 89.97 4.271551724137931 0.03
1.0 0.9820538384845464 89.97 4.245689655172414 0.04
1.0 0.9780658025922233 89.97 4.228448275862069 0.05
1.0 0.9710867397806581 89.97 4.198275862068965 0.060000000000000005
1.0 0.9710867397806581 89.97 4.198275862068965 0.07
1.0 0.9690927218344965 89.97 4.189655172413793 0.08
1.0 0.9661016949152542 89.97 4.176724137931035 0.09
1.0 0.963110667996012 89.97 4.163793103448276 0.09999999999999999
1.0 0.9621136590229312 89.97 4.1594827586206895 0.10999999999999999
1.0 0.9621136590229312 89.97 4.1594827586206895 0.11999999999999998
1.0 0.9611166500498505 89.97 4.155172413793103 0.12999999999999998
1.0 0.9611166500498505 89.97 4.155172413793103 0.13999999999999999
1.0 0.9601196410767697 89.97 4.150862068965517 0.15
1.0 0.9581256231306082 89.97 4.142241379310345 0.16
1.0 0.9521435692921236 89.97 4.116379310344827 0.17
1.0 0.9481555333998006 89.97 4.099137931034483 0.18000000000000002
1.0 0.9461615154536391 89.97 4.0905172413793105 0.19000000000000003
1.0 0.9451645064805583 89.97 4.086206896551724 0.20000000000000004
1.0 0.9441674975074775 89.97 4.081896551724138 0.21000000000000005
1.0 0.942173479561316 89.97 4.073275862068965 0.22000000000000006
1.0 0.9411764705882353 89.97 4.068965517241379 0.23000000000000007
1.0 0.9411764705882353 89.97 4.068965517241379 0.24000000000000007
1.0 0.9411764705882353 89.97 4.068965517241379 0.25000000000000006
1.0 0.9411764705882353 89.97 4.068965517241379 0.26000000000000006
1.0 0.9411764705882353 89.97 4.068965517241379 0.2700000000000001
1.0 0.9411764705882353 89.97 4.068965517241379 0.2800000000000001
1.0 0.9411764705882353 89.97 4.068965517241379 0.2900000000000001
1.0 0.9411764705882353 89.97 4.068965517241379 0.3000000000000001
1.0 0.9411764705882353 89.97 4.068965517241379 0.3100000000000001
1.0 0.9411764705882353 89.97 4.068965517241379 0.3200000000000001
1.0 0.938185443668993 89.97 4.056034482758621 0.3300000000000001
1.0 0.9371884346959123 89.97 4.051724137931035 0.34000000000000014
1.0 0.9332003988035892 89.97 4.0344827586206895 0.35000000000000014
1.0 0.9302093718843469 89.97 4.021551724137931 0.36000000000000015
1.0 0.9272183449651047 89.97 4.008620689655173 0.37000000000000016
1.0 0.9262213359920239 89.97 4.004310344827586 0.38000000000000017
1.0 0.9232303090727817 89.97 3.9913793103448274 0.3900000000000002
1.0 0.9192422731804586 89.97 3.9741379310344827 0.4000000000000002
1.0 0.9182452642073778 89.97 3.9698275862068964 0.4100000000000002
1.0 0.9122632103688934 89.97 3.9439655172413794 0.4200000000000002
1.0 0.9112662013958126 89.97 3.939655172413793 0.4300000000000002
1.0 0.9102691924227319 89.97 3.935344827586207 0.4400000000000002
1.0 0.9082751744765702 89.97 3.9267241379310347 0.45000000000000023
1.0 0.9032901296111665 89.97 3.9051724137931036 0.46000000000000024
1.0 0.901296111665005 89.97 3.896551724137931 0.47000000000000025
1.0 0.9002991026919243 89.97 3.8922413793103448 0.48000000000000026
1.0 0.9002991026919243 89.97 3.8922413793103448 0.49000000000000027
1.0 0.8993020937188435 89.97 3.8879310344827585 0.5000000000000002
1.0 0.8983050847457628 89.97 3.8836206896551726 0.5100000000000002
1.0 0.8973080757726819 89.97 3.8793103448275863 0.5200000000000002
1.0 0.8973080757726819 89.97 3.8793103448275863 0.5300000000000002
1.0 0.8973080757726819 89.97 3.8793103448275863 0.5400000000000003
1.0 0.8973080757726819 89.97 3.8793103448275863 0.5500000000000003
1.0 0.8963110667996012 89.97 3.875 0.5600000000000003
1.0 0.8963110667996012 89.97 3.875 0.5700000000000003
1.0 0.8953140578265204 89.97 3.8706896551724137 0.5800000000000003
1.0 0.8933200398803589 89.97 3.8620689655172415 0.5900000000000003
1.0 0.8923230309072782 89.97 3.8577586206896552 0.6000000000000003
1.0 0.8923230309072782 89.97 3.8577586206896552 0.6100000000000003
1.0 0.8883349950149552 89.97 3.8405172413793105 0.6200000000000003
1.0 0.8853439680957128 89.97 3.8275862068965516 0.6300000000000003
1.0 0.8783649052841476 89.97 3.7974137931034484 0.6400000000000003
1.0 0.8733798604187437 89.97 3.7758620689655173 0.6500000000000004
1.0 0.8584247258225324 89.97 3.711206896551724 0.6600000000000004
1.0 0.847457627118644 89.97 3.663793103448276 0.6700000000000004
1.0 0.8374875373878365 89.97 3.6206896551724137 0.6800000000000004
1.0 0.8265204386839482 89.97 3.5732758620689653 0.6900000000000004
1.0 0.8115653040877367 89.97 3.5086206896551726 0.7000000000000004
1.0 0.7876370887337986 89.97 3.4051724137931036 0.7100000000000004
1.0 0.765702891326022 89.97 3.310344827586207 0.7200000000000004
1.0 0.7427716849451645 89.97 3.211206896551724 0.7300000000000004
1.0 0.7178464606181456 89.97 3.103448275862069 0.7400000000000004
1.0 0.6949152542372882 89.97 3.0043103448275863 0.7500000000000004
1.0 0.6769690927218345 89.97 2.9267241379310347 0.7600000000000005
0.999888851839502 0.6570289132602194 89.96 2.8405172413793105 0.7700000000000005
0.999888851839502 0.6440677966101694 89.96 2.7844827586206895 0.7800000000000005
0.9996665555185061 0.6350947158524427 89.94 2.7456896551724137 0.7900000000000005
0.9988885183950206 0.6291126620139581 89.87 2.7198275862068964 0.8000000000000005
0.9969989996665555 0.6191425722831505 89.7 2.6767241379310347 0.8100000000000005
0.9944425919751028 0.6151545363908275 89.47 2.6594827586206895 0.8200000000000005
0.9895520729131932 0.6031904287138584 89.03 2.6077586206896552 0.8300000000000005
0.9819939979993331 0.5932203389830508 88.35 2.564655172413793 0.8400000000000005
0.9669889963321107 0.580259222333001 87.0 2.5086206896551726 0.8500000000000005
0.9455374013560076 0.5373878364905285 85.07 2.3232758620689653 0.8600000000000005
0.9140824719350895 0.4995014955134596 82.24 2.1594827586206895 0.8700000000000006
0.8732910970323441 0.4506480558325025 78.57 1.9482758620689655 0.8800000000000006
0.8213849060798044 0.39780658025922233 73.9 1.7198275862068966 0.8900000000000006
0.7615871957319106 0.3150548354935194 68.52 1.3620689655172413 0.9000000000000006
0.7056796710014449 0.23429710867397807 63.49 1.0129310344827587 0.9100000000000006
0.6531065910859175 0.17048853439680958 58.76 0.7370689655172413 0.9200000000000006
0.6178726242080693 0.11166500498504486 55.59 0.4827586206896552 0.9300000000000006
0.5851950650216738 0.08275174476570289 52.65 0.3577586206896552 0.9400000000000006
0.5619650994776036 0.06281156530408774 50.56 0.27155172413793105 0.9500000000000006
0.5407358008224964 0.0518444666001994 48.65 0.22413793103448276 0.9600000000000006
0.5218406135378459 0.0518444666001994 46.95 0.22413793103448276 0.9700000000000006
0.4810492386351006 0.05084745762711865 43.28 0.21982758620689655 0.9800000000000006
0.3827942647549183 0.049850448654037885 34.44 0.21551724137931033 0.9900000000000007
0.0 0.0 0.0 0.0
