1.0 1.0 22.4925 25.075 0.0
1.0 0.9571286141575274 22.4925 24.0 0.01
1.0 0.9102691924227319 22.4925 22.825 0.02
1.0 0.8913260219341974 22.4925 22.35 0.03
1.0 0.8813559322033898 22.4925 22.1 0.04
1.0 0.8654037886340977 22.4925 21.7 0.05
1.0 0.8404785643070788 22.4925 21.075 0.060000000000000005
1.0 0.8404785643070788 22.4925 21.075 0.07
1.0 0.8245264207377866 22.4925 20.675 0.08
1.0 0.8155533399800599 22.4925 20.45 0.09
1.0 0.8045862412761715 22.4925 20.175 0.09999999999999999
1.0 0.7966101694915254 22.4925 19.975 0.10999999999999999
1.0 0.7916251246261217 22.4925 19.85 0.11999999999999998
1.0 0.7836490528414756 22.4925 19.65 0.12999999999999998
1.0 0.7786640079760718 22.4925 19.525 0.13999999999999999
1.0 0.7756729810568295 22.4925 19.45 0.15
1.0 0.7637088733798604 22.4925 19.15 0.16
1.0 0.7577268195413759 22.4925 19.0 0.17
1.0 0.7357926221335992 22.4925 18.45 0.18000000000000002
1.0 0.7248255234297108 22.4925 18.175 0.19000000000000003
1.0 0.715852442671984 22.4925 17.95 0.20000000000000004
1.0 0.7058823529411765 22.4925 17.7 0.21000000000000005
1.0 0.6989032901296112 22.4925 17.525 0.22000000000000006
1.0 0.6989032901296112 22.4925 17.525 0.23000000000000007
1.0 0.6929212362911267 22.4925 17.375 0.24000000000000007
1.0 0.6899302093718843 22.4925 17.3 0.25000000000000006
1.0 0.6869391824526421 22.4925 17.225 0.26000000000000006
1.0 0.6869391824526421 22.4925 17.225 0.2700000000000001
1.0 0.6849451645064806 22.4925 17.175 0.2800000000000001
1.0 0.6839481555333998 22.4925 17.15 0.2900000000000001
1.0 0.6819541375872383 22.4925 17.1 0.3000000000000001
1.0 0.6799601196410767 22.4925 17.05 0.3100000000000001
1.0 0.6769690927218345 22.4925 16.975 0.3200000000000001
1.0 0.6719840478564307 22.4925 16.85 0.3300000000000001
1.0 0.6640079760717846 22.4925 16.65 0.34000000000000014
1.0 0.6600199401794616 22.4925 16.55 0.35000000000000014
1.0 0.6530408773678963 22.4925 16.375 0.36000000000000015
1.0 0.6450648055832503 22.4925 16.175 0.37000000000000016
1.0 0.6321036889332003 22.4925 15.85 0.38000000000000017
1.0 0.6181455633100698 22.4925 15.5 0.3900000000000002
1.0 0.6041874376869392 22.4925 15.15 0.4000000000000002
1.0 0.5852442671984048 22.4925 14.675 0.4100000000000002
1.0 0.5702891326021934 22.4925 14.3 0.4200000000000002
1.0 0.5523429710867398 22.4925 13.85 0.4300000000000002
1.0 0.53938185443669 22.4925 13.525 0.4400000000000002
1.0 0.5254237288135594 22.4925 13.175 0.45000000000000023
1.0 0.5134596211365903 22.4925 12.875 0.46000000000000024
1.0 0.5014955134596212 22.4925 12.575 0.47000000000000025
1.0 0.48953140578265203 22.4925 12.275 0.48000000000000026
1.0 0.48255234297108673 22.4925 12.1 0.49000000000000027
1.0 0.47557328015952144 22.4925 11.925 0.5000000000000002
1.0 0.47058823529411764 22.4925 11.8 0.5100000000000002
1.0 0.46859421734795614 22.4925 11.75 0.5200000000000002
1.0 0.46560319042871384 22.4925 11.675 0.5300000000000002
1.0 0.4626121635094716 22.4925 11.6 0.5400000000000003
1.0 0.46061814556331004 22.4925 11.55 0.5500000000000003
1.0 0.4556331006979063 22.4925 11.425 0.5600000000000003
1.0 0.45363908275174475 22.4925 11.375 0.5700000000000003
1.0 0.4506480558325025 22.4925 11.3 0.5800000000000003
1.0 0.4506480558325025 22.4925 11.3 0.5900000000000003
1.0 0.44865403788634095 22.4925 11.25 0.6000000000000003
1.0 0.44666001994017945 22.4925 11.2 0.6100000000000003
1.0 0.44167497507477566 22.4925 11.075 0.6200000000000003
1.0 0.4386839481555334 22.4925 11.0 0.6300000000000003
1.0 0.42971086739780656 22.4925 10.775 0.6400000000000003
1.0 0.4267198404785643 22.4925 10.7 0.6500000000000004
1.0 0.41575274177467597 22.4925 10.425 0.6600000000000004
1.0 0.4097706879361914 22.4925 10.275 0.6700000000000004
1.0 0.4017946161515454 22.4925 10.075 0.6800000000000004
1.0 0.386839481555334 22.4925 9.7 0.6900000000000004
1.0 0.3698903290129611 22.4925 9.275 0.7000000000000004
1.0 0.3559322033898305 22.4925 8.925 0.7100000000000004
1.0 0.3270189431704885 22.4925 8.2 0.7200000000000004
1.0 0.30807577268195413 22.4925 7.725 0.7300000000000004
1.0 0.28913260219341974 22.4925 7.25 0.7400000000000004
1.0 0.2622133599202393 22.4925 6.575 0.7500000000000004
1.0 0.24227318045862412 22.4925 6.075 0.7600000000000005
1.0 0.226321036889332 22.4925 5.675 0.7700000000000005
1.0 0.21335992023928216 22.4925 5.35 0.7800000000000005
0.999888851839502 0.2023928215353938 22.49 5.075 0.7900000000000005
0.999888851839502 0.19242273180458624 22.49 4.825 0.8000000000000005
0.9996665555185061 0.18943170488534397 22.485 4.75 0.8100000000000005
0.9988885183950206 0.1864406779661017 22.4675 4.675 0.8200000000000005
0.998110481271535 0.1814556331006979 22.45 4.55 0.8300000000000005
0.9963321107035679 0.1814556331006979 22.41 4.55 0.8400000000000005
0.9937757030121152 0.1744765702891326 22.3525 4.375 0.8500000000000005
0.9892186284316995 0.1625124626121635 22.25 4.075 0.8600000000000005
0.9836612204068023 0.14556331006979062 22.125 3.65 0.8700000000000006
0.9787707013448927 0.12861415752741776 22.015 3.225 0.8800000000000006
0.968433922418584 0.10269192422731804 21.7825 2.575 0.8900000000000006
0.9568745137267978 0.07278165503489531 21.5225 1.825 0.9000000000000006
0.9484272535289541 0.045862412761714856 21.3325 1.15 0.9100000000000006
0.9409803267755918 0.027916251246261216 21.165 0.7 0.9200000000000006
0.9356452150716905 0.015952143569292122 21.045 0.4 0.9300000000000006
0.9300878070467934 0.006979062811565304 20.92 0.175 0.9400000000000006
0.9266422140713572 0.003988035892323031 20.8425 0.1 0.9500000000000006
0.9233077692564188 0.0 20.7675 0.0 0.9600000000000006
0.9157496943425586 0.0 20.5975 0.0 0.9700000000000006
0.8945203956874513 0.0 20.12 0.0 0.9800000000000006
0.8243859064132488 0.0 18.5425 0.0 0.9900000000000007
0.0 0.0 0.0 0.0
