1.0 1.0 22.4925 28.65714285714286 0.0
1.0 0.9302093718843469 22.4925 26.65714285714286 0.01
1.0 0.8693918245264207 22.4925 24.914285714285715 0.02
1.0 0.8494516450648056 22.4925 24.34285714285714 0.03
1.0 0.827517447657029 22.4925 23.714285714285715 0.04
1.0 0.8115653040877367 22.4925 23.257142857142856 0.05
1.0 0.7836490528414756 22.4925 22.457142857142856 0.060000000000000005
1.0 0.7836490528414756 22.4925 22.457142857142856 0.07
1.0 0.7676969092721835 22.4925 22.0 0.08
1.0 0.7567298105682951 22.4925 21.685714285714287 0.09
1.0 0.7397806580259222 22.4925 21.2 0.09999999999999999
1.0 0.7318045862412762 22.4925 20.97142857142857 0.10999999999999999
1.0 0.7268195413758723 22.4925 20.82857142857143 0.11999999999999998
1.0 0.7188434695912264 22.4925 20.6 0.12999999999999998
1.0 0.7128614157527418 22.4925 20.428571428571427 0.13999999999999999
1.0 0.7008973080757727 22.4925 20.085714285714285 0.15
1.0 0.6859421734795613 22.4925 19.65714285714286 0.16
1.0 0.6809571286141576 22.4925 19.514285714285716 0.17
1.0 0.6620139581256231 22.4925 18.97142857142857 0.18000000000000002
1.0 0.6550348953140578 22.4925 18.771428571428572 0.19000000000000003
1.0 0.6440677966101694 22.4925 18.457142857142856 0.20000000000000004
1.0 0.634097706879362 22.4925 18.17142857142857 0.21000000000000005
1.0 0.6261216350947159 22.4925 17.942857142857143 0.22000000000000006
1.0 0.6221335992023929 22.4925 17.82857142857143 0.23000000000000007
1.0 0.6141575274177468 22.4925 17.6 0.24000000000000007
1.0 0.6071784646061814 22.4925 17.4 0.25000000000000006
1.0 0.6021934197407777 22.4925 17.257142857142856 0.26000000000000006
1.0 0.6001994017946162 22.4925 17.2 0.2700000000000001
1.0 0.5952143569292123 22.4925 17.057142857142857 0.2800000000000001
1.0 0.5892323030907278 22.4925 16.885714285714286 0.2900000000000001
1.0 0.5862412761714856 22.4925 16.8 0.3000000000000001
1.0 0.5852442671984048 22.4925 16.771428571428572 0.3100000000000001
1.0 0.5832502492522432 22.4925 16.714285714285715 0.3200000000000001
1.0 0.5772681954137587 22.4925 16.542857142857144 0.3300000000000001
1.0 0.5732801595214357 22.4925 16.428571428571427 0.34000000000000014
1.0 0.5643070787637089 22.4925 16.17142857142857 0.35000000000000014
1.0 0.5563310069790628 22.4925 15.942857142857143 0.36000000000000015
1.0 0.5473579262213359 22.4925 15.685714285714285 0.37000000000000016
1.0 0.5403788634097707 22.4925 15.485714285714286 0.38000000000000017
1.0 0.5274177467597209 22.4925 15.114285714285714 0.3900000000000002
1.0 0.5204386839481555 22.4925 14.914285714285715 0.4000000000000002
1.0 0.5054835493519442 22.4925 14.485714285714286 0.4100000000000002
1.0 0.4865403788634098 22.4925 13.942857142857143 0.4200000000000002
1.0 0.4715852442671984 22.4925 13.514285714285714 0.4300000000000002
1.0 0.4556331006979063 22.4925 13.057142857142857 0.4400000000000002
1.0 0.43968095712861416 22.4925 12.6 0.45000000000000023
1.0 0.42971086739780656 22.4925 12.314285714285715 0.46000000000000024
1.0 0.41575274177467597 22.4925 11.914285714285715 0.47000000000000025
1.0 0.4037886340977069 22.4925 11.571428571428571 0.48000000000000026
1.0 0.3948155533399801 22.4925 11.314285714285715 0.49000000000000027
1.0 0.386839481555334 22.4925 11.085714285714285 0.5000000000000002
1.0 0.382851445663011 22.4925 10.971428571428572 0.5100000000000002
1.0 0.3798604187437687 22.4925 10.885714285714286 0.5200000000000002
1.0 0.37587238285144564 22.4925 10.771428571428572 0.5300000000000002
1.0 0.3748753738783649 22.4925 10.742857142857142 0.5400000000000003
1.0 0.3708873379860419 22.4925 10.628571428571428 0.5500000000000003
1.0 0.3708873379860419 22.4925 10.628571428571428 0.5600000000000003
1.0 0.36889332003988035 22.4925 10.571428571428571 0.5700000000000003
1.0 0.36689930209371885 22.4925 10.514285714285714 0.5800000000000003
1.0 0.36490528414755735 22.4925 10.457142857142857 0.5900000000000003
1.0 0.36390827517447655 22.4925 10.428571428571429 0.6000000000000003
1.0 0.36390827517447655 22.4925 10.428571428571429 0.6100000000000003
1.0 0.3629112662013958 22.4925 10.4 0.6200000000000003
1.0 0.36191425722831505 22.4925 10.371428571428572 0.6300000000000003
1.0 0.3559322033898305 22.4925 10.2 0.6400000000000003
1.0 0.35194416749750745 22.4925 10.085714285714285 0.6500000000000004
1.0 0.3419740777666999 22.4925 9.8 0.6600000000000004
1.0 0.3320039880358923 22.4925 9.514285714285714 0.6700000000000004
1.0 0.3190428713858425 22.4925 9.142857142857142 0.6800000000000004
1.0 0.30608175473579263 22.4925 8.771428571428572 0.6900000000000004
1.0 0.2931206380857428 22.4925 8.4 0.7000000000000004
1.0 0.27218344965104685 22.4925 7.8 0.7100000000000004
1.0 0.24626121635094717 22.4925 7.057142857142857 0.7200000000000004
1.0 0.2213359920239282 22.4925 6.3428571428571425 0.7300000000000004
1.0 0.2023928215353938 22.4925 5.8 0.7400000000000004
1.0 0.1864406779661017 22.4925 5.3428571428571425 0.7500000000000004
0.999888851839502 0.17048853439680958 22.49 4.885714285714286 0.7600000000000005
0.999888851839502 0.1535393818544367 22.49 4.4 0.7700000000000005
0.999888851839502 0.1465603190428714 22.49 4.2 0.7800000000000005
0.999888851839502 0.14257228315054835 22.49 4.085714285714285 0.7900000000000005
0.9997777036790041 0.13958125623130607 22.4875 4.0 0.8000000000000005
0.9994442591975102 0.13559322033898305 22.48 3.8857142857142857 0.8100000000000005
0.9992219628765144 0.1345962113659023 22.475 3.857142857142857 0.8200000000000005
0.9988885183950206 0.1296111665004985 22.4675 3.7142857142857144 0.8300000000000005
0.9983327775925308 0.12761714855433698 22.455 3.657142857142857 0.8400000000000005
0.9975547404690452 0.12562313060817548 22.4375 3.6 0.8500000000000005
0.9946648882960987 0.11166500498504486 22.3725 3.2 0.8600000000000005
0.9906635545181727 0.10269192422731804 22.2825 2.942857142857143 0.8700000000000006
0.9844392575302878 0.08873379860418744 22.1425 2.5428571428571427 0.8800000000000006
0.9792152939868846 0.07278165503489531 22.025 2.085714285714286 0.8900000000000006
0.9728798488385018 0.05284147557328016 21.8825 1.5142857142857142 0.9000000000000006
0.9675447371346004 0.031904287138584245 21.7625 0.9142857142857143 0.9100000000000006
0.9615427364677115 0.02193419740777667 21.6275 0.6285714285714286 0.9200000000000006
0.9577636990107814 0.009970089730807577 21.5425 0.2857142857142857 0.9300000000000006
0.952650883627876 0.004985044865403789 21.4275 0.14285714285714285 0.9400000000000006
0.9484272535289541 0.0029910269192422734 21.3325 0.08571428571428572 0.9500000000000006
0.9434255863065466 9.970089730807576E-4 21.22 0.02857142857142857 0.9600000000000006
0.9363121040346782 0.0 21.06 0.0 0.9700000000000006
0.9179726575525176 0.0 20.6475 0.0 0.9800000000000006
0.8658441702789819 0.0 19.475 0.0 0.9900000000000007
0.0 0.0 0.0 0.0
