1.0 1.0 8.997 40.12 0.0
0.9996665555185061 0.5503489531405783 8.994 22.08 0.01
0.9996665555185061 0.40279162512462613 8.994 16.16 0.02
0.9996665555185061 0.3459621136590229 8.994 13.88 0.03
0.9996665555185061 0.2971086739780658 8.994 11.92 0.04
0.9996665555185061 0.2781655034895314 8.994 11.16 0.05
0.9995554073580082 0.23230309072781655 8.993 9.32 0.060000000000000005
0.9995554073580082 0.23230309072781655 8.993 9.32 0.07
0.9995554073580082 0.21535393818544366 8.993 8.64 0.08
0.9995554073580082 0.1984047856430708 8.993 7.96 0.09
0.9995554073580082 0.1864406779661017 8.993 7.48 0.09999999999999999
0.9995554073580082 0.18045862412761715 8.993 7.24 0.10999999999999999
0.9995554073580082 0.17846460618145563 8.993 7.16 0.11999999999999998
0.9995554073580082 0.17347956131605186 8.993 6.96 0.12999999999999998
0.9995554073580082 0.16849451645064806 8.993 6.76 0.13999999999999999
0.9995554073580082 0.16450648055832504 8.993 6.6 0.15
0.9995554073580082 0.1575274177467597 8.993 6.32 0.16
0.9995554073580082 0.14257228315054835 8.993 5.72 0.17
0.9995554073580082 0.12462612163509472 8.993 5.0 0.18000000000000002
0.9995554073580082 0.11764705882352941 8.993 4.72 0.19000000000000003
0.9995554073580082 0.11266201395812563 8.993 4.52 0.20000000000000004
0.9995554073580082 0.10767696909272183 8.993 4.32 0.21000000000000005
0.9995554073580082 0.09970089730807577 8.993 4.0 0.22000000000000006
0.9995554073580082 0.09371884346959122 8.993 3.76 0.23000000000000007
0.9995554073580082 0.0897308075772682 8.993 3.6 0.24000000000000007
0.9995554073580082 0.0847457627118644 8.993 3.4 0.25000000000000006
0.9995554073580082 0.08275174476570289 8.993 3.32 0.26000000000000006
0.9995554073580082 0.08075772681954138 8.993 3.24 0.2700000000000001
0.9995554073580082 0.07976071784646062 8.993 3.2 0.2800000000000001
0.9995554073580082 0.07776669990029911 8.993 3.12 0.2900000000000001
0.9995554073580082 0.07676969092721835 8.993 3.08 0.3000000000000001
0.9995554073580082 0.07676969092721835 8.993 3.08 0.3100000000000001
0.9995554073580082 0.07477567298105683 8.993 3.0 0.3200000000000001
0.9995554073580082 0.07377866400797607 8.993 2.96 0.3300000000000001
0.9995554073580082 0.07377866400797607 8.993 2.96 0.34000000000000014
0.9995554073580082 0.07278165503489531 8.993 2.92 0.35000000000000014
0.9995554073580082 0.07278165503489531 8.993 2.92 0.36000000000000015
0.9995554073580082 0.07178464606181456 8.993 2.88 0.37000000000000016
0.9995554073580082 0.06879361914257229 8.993 2.76 0.38000000000000017
0.9995554073580082 0.06679960119641076 8.993 2.68 0.3900000000000002
0.9995554073580082 0.06580259222333001 8.993 2.64 0.4000000000000002
0.9995554073580082 0.058823529411764705 8.993 2.36 0.4100000000000002
0.9995554073580082 0.05782652043868395 8.993 2.32 0.4200000000000002
0.9995554073580082 0.054835493519441676 8.993 2.2 0.4300000000000002
0.9995554073580082 0.0518444666001994 8.993 2.08 0.4400000000000002
0.9995554073580082 0.049850448654037885 8.993 2.0 0.45000000000000023
0.9995554073580082 0.0448654037886341 8.993 1.8 0.46000000000000024
0.9995554073580082 0.04287138584247258 8.993 1.72 0.47000000000000025
0.9995554073580082 0.040877367896311065 8.993 1.64 0.48000000000000026
0.9994442591975102 0.038883349950149554 8.992 1.56 0.49000000000000027
0.9994442591975102 0.036889332003988036 8.992 1.48 0.5000000000000002
0.9994442591975102 0.036889332003988036 8.992 1.48 0.5100000000000002
0.9994442591975102 0.036889332003988036 8.992 1.48 0.5200000000000002
0.9994442591975102 0.03489531405782652 8.992 1.4 0.5300000000000002
0.9994442591975102 0.03389830508474576 8.992 1.36 0.5400000000000003
0.9994442591975102 0.03290129611166501 8.992 1.32 0.5500000000000003
0.9994442591975102 0.031904287138584245 8.992 1.28 0.5600000000000003
0.9994442591975102 0.03090727816550349 8.992 1.24 0.5700000000000003
0.9994442591975102 0.03090727816550349 8.992 1.24 0.5800000000000003
0.9994442591975102 0.028913260219341975 8.992 1.16 0.5900000000000003
0.9994442591975102 0.027916251246261216 8.992 1.12 0.6000000000000003
0.9994442591975102 0.027916251246261216 8.992 1.12 0.6100000000000003
0.9994442591975102 0.027916251246261216 8.992 1.12 0.6200000000000003
0.9994442591975102 0.026919242273180457 8.992 1.08 0.6300000000000003
0.9994442591975102 0.026919242273180457 8.992 1.08 0.6400000000000003
0.9994442591975102 0.0259222333000997 8.992 1.04 0.6500000000000004
0.9994442591975102 0.023928215353938187 8.992 0.96 0.6600000000000004
0.9994442591975102 0.022931206380857428 8.992 0.92 0.6700000000000004
0.9994442591975102 0.02193419740777667 8.992 0.88 0.6800000000000004
0.9994442591975102 0.020937188434695914 8.992 0.84 0.6900000000000004
0.9994442591975102 0.018943170488534396 8.992 0.76 0.7000000000000004
0.9994442591975102 0.018943170488534396 8.992 0.76 0.7100000000000004
0.9994442591975102 0.01694915254237288 8.992 0.68 0.7200000000000004
0.9994442591975102 0.013958125623130608 8.992 0.56 0.7300000000000004
0.9994442591975102 0.011964107676969093 8.992 0.48 0.7400000000000004
0.9994442591975102 0.011964107676969093 8.992 0.48 0.7500000000000004
0.9994442591975102 0.010967098703888335 8.992 0.44 0.7600000000000005
0.9994442591975102 0.010967098703888335 8.992 0.44 0.7700000000000005
0.9994442591975102 0.009970089730807577 8.992 0.4 0.7800000000000005
0.9994442591975102 0.009970089730807577 8.992 0.4 0.7900000000000005
0.9994442591975102 0.009970089730807577 8.992 0.4 0.8000000000000005
0.9994442591975102 0.009970089730807577 8.992 0.4 0.8100000000000005
0.9994442591975102 0.009970089730807577 8.992 0.4 0.8200000000000005
0.9994442591975102 0.00897308075772682 8.992 0.36 0.8300000000000005
0.9994442591975102 0.00897308075772682 8.992 0.36 0.8400000000000005
0.9994442591975102 0.00897308075772682 8.992 0.36 0.8500000000000005
0.9994442591975102 0.007976071784646061 8.992 0.32 0.8600000000000005
0.9994442591975102 0.006979062811565304 8.992 0.28 0.8700000000000006
0.9994442591975102 0.005982053838484547 8.992 0.24 0.8800000000000006
0.9994442591975102 0.004985044865403789 8.992 0.2 0.8900000000000006
0.9994442591975102 0.004985044865403789 8.992 0.2 0.9000000000000006
0.9994442591975102 0.003988035892323031 8.992 0.16 0.9100000000000006
0.9993331110370124 0.0019940179461615153 8.991 0.08 0.9200000000000006
0.9992219628765144 9.970089730807576E-4 8.99 0.04 0.9300000000000006
0.9991108147160165 0.0 8.989 0.0 0.9400000000000006
0.9989996665555185 0.0 8.988 0.0 0.9500000000000006
0.9988885183950206 0.0 8.987 0.0 0.9600000000000006
0.9986662220740247 0.0 8.985 0.0 0.9700000000000006
0.9984439257530288 0.0 8.983 0.0 0.9800000000000006
0.9969989996665555 0.0 8.97 0.0 0.9900000000000007
0.0 0.0 0.0 0.0
