1.0 1.0 44.985 20.06 0.0
1.0 0.9910269192422732 44.985 19.88 0.01
1.0 0.9561316051844466 44.985 19.18 0.02
1.0 0.9312063808574277 44.985 18.68 0.03
1.0 0.9122632103688934 44.985 18.3 0.04
1.0 0.9022931206380858 44.985 18.1 0.05
1.0 0.8773678963110668 44.985 17.6 0.060000000000000005
1.0 0.8773678963110668 44.985 17.6 0.07
1.0 0.8673978065802592 44.985 17.4 0.08
1.0 0.8614157527417746 44.985 17.28 0.09
1.0 0.8544366899302094 44.985 17.14 0.09999999999999999
1.0 0.8484546360917248 44.985 17.02 0.10999999999999999
1.0 0.8464606181455633 44.985 16.98 0.11999999999999998
1.0 0.8424725822532403 44.985 16.9 0.12999999999999998
1.0 0.8414755732801595 44.985 16.88 0.13999999999999999
1.0 0.839481555333998 44.985 16.84 0.15
1.0 0.8325024925224327 44.985 16.7 0.16
1.0 0.8215353938185443 44.985 16.48 0.17
1.0 0.8035892323030908 44.985 16.12 0.18000000000000002
1.0 0.7946161515453639 44.985 15.94 0.19000000000000003
1.0 0.7816550348953141 44.985 15.68 0.20000000000000004
1.0 0.7676969092721835 44.985 15.4 0.21000000000000005
1.0 0.7637088733798604 44.985 15.32 0.22000000000000006
1.0 0.7577268195413759 44.985 15.2 0.23000000000000007
1.0 0.7577268195413759 44.985 15.2 0.24000000000000007
1.0 0.7507477567298105 44.985 15.06 0.25000000000000006
1.0 0.7507477567298105 44.985 15.06 0.26000000000000006
1.0 0.7497507477567298 44.985 15.04 0.2700000000000001
1.0 0.7497507477567298 44.985 15.04 0.2800000000000001
1.0 0.748753738783649 44.985 15.02 0.2900000000000001
1.0 0.748753738783649 44.985 15.02 0.3000000000000001
1.0 0.748753738783649 44.985 15.02 0.3100000000000001
1.0 0.748753738783649 44.985 15.02 0.3200000000000001
1.0 0.7457627118644068 44.985 14.96 0.3300000000000001
1.0 0.7437686939182453 44.985 14.92 0.34000000000000014
1.0 0.7397806580259222 44.985 14.84 0.35000000000000014
1.0 0.732801595214357 44.985 14.7 0.36000000000000015
1.0 0.7298105682951147 44.985 14.64 0.37000000000000016
1.0 0.7228315054835494 44.985 14.5 0.38000000000000017
1.0 0.7128614157527418 44.985 14.3 0.3900000000000002
1.0 0.7018943170488534 44.985 14.08 0.4000000000000002
1.0 0.6899302093718843 44.985 13.84 0.4100000000000002
1.0 0.6759720837487537 44.985 13.56 0.4200000000000002
1.0 0.6650049850448654 44.985 13.34 0.4300000000000002
1.0 0.6600199401794616 44.985 13.24 0.4400000000000002
1.0 0.646061814556331 44.985 12.96 0.45000000000000023
1.0 0.6331006979062812 44.985 12.7 0.46000000000000024
1.0 0.6211365902293121 44.985 12.46 0.47000000000000025
1.0 0.6101694915254238 44.985 12.24 0.48000000000000026
1.0 0.6051844466600199 44.985 12.14 0.49000000000000027
1.0 0.6001994017946162 44.985 12.04 0.5000000000000002
1.0 0.5952143569292123 44.985 11.94 0.5100000000000002
1.0 0.5892323030907278 44.985 11.82 0.5200000000000002
1.0 0.5862412761714856 44.985 11.76 0.5300000000000002
1.0 0.584247258225324 44.985 11.72 0.5400000000000003
1.0 0.584247258225324 44.985 11.72 0.5500000000000003
1.0 0.584247258225324 44.985 11.72 0.5600000000000003
1.0 0.5832502492522432 44.985 11.7 0.5700000000000003
1.0 0.5812562313060817 44.985 11.66 0.5800000000000003
1.0 0.5792622133599202 44.985 11.62 0.5900000000000003
1.0 0.5772681954137587 44.985 11.58 0.6000000000000003
1.0 0.576271186440678 44.985 11.56 0.6100000000000003
1.0 0.5742771684945165 44.985 11.52 0.6200000000000003
1.0 0.5692921236291126 44.985 11.42 0.6300000000000003
1.0 0.559322033898305 44.985 11.22 0.6400000000000003
1.0 0.5583250249252243 44.985 11.2 0.6500000000000004
1.0 0.551345962113659 44.985 11.06 0.6600000000000004
1.0 0.5413758723828515 44.985 10.86 0.6700000000000004
1.0 0.5244267198404786 44.985 10.52 0.6800000000000004
1.0 0.5134596211365903 44.985 10.3 0.6900000000000004
1.0 0.4935194416749751 44.985 9.9 0.7000000000000004
1.0 0.47258225324027914 44.985 9.48 0.7100000000000004
1.0 0.4406779661016949 44.985 8.84 0.7200000000000004
1.0 0.419740777666999 44.985 8.42 0.7300000000000004
1.0 0.3988035892323031 44.985 8.0 0.7400000000000004
1.0 0.3818544366899302 44.985 7.66 0.7500000000000004
1.0 0.3609172482552343 44.985 7.24 0.7600000000000005
1.0 0.3439680957128614 44.985 6.9 0.7700000000000005
1.0 0.33300099700897307 44.985 6.68 0.7800000000000005
0.999888851839502 0.3180458624127617 44.98 6.38 0.7900000000000005
0.999888851839502 0.30807577268195413 44.98 6.18 0.8000000000000005
0.9995554073580082 0.3000997008973081 44.965 6.02 0.8100000000000005
0.9989996665555185 0.2971086739780658 44.94 5.96 0.8200000000000005
0.9976658886295432 0.28913260219341974 44.88 5.8 0.8300000000000005
0.9955540735800823 0.27916251246261214 44.785 5.6 0.8400000000000005
0.9903301100366789 0.27218344965104685 44.55 5.46 0.8500000000000005
0.9835500722463043 0.25822532402791626 44.245 5.18 0.8600000000000005
0.9729909969989997 0.23629112662013957 43.77 4.74 0.8700000000000006
0.9609869956652217 0.2123629112662014 43.23 4.26 0.8800000000000006
0.9469823274424808 0.18245264207377868 42.6 3.66 0.8900000000000006
0.9313104368122708 0.1485543369890329 41.895 2.98 0.9000000000000006
0.9144159164165833 0.11166500498504486 41.135 2.24 0.9100000000000006
0.8979659886628877 0.07776669990029911 40.395 1.56 0.9200000000000006
0.8857396910081138 0.05084745762711865 39.845 1.02 0.9300000000000006
0.8764032455262866 0.036889332003988036 39.425 0.74 0.9400000000000006
0.8674002445259531 0.03489531405782652 39.02 0.7 0.9500000000000006
0.8587306880071135 0.028913260219341975 38.63 0.58 0.9600000000000006
0.8476158719573191 0.028913260219341975 38.13 0.58 0.9700000000000006
0.8212737579193065 0.028913260219341975 36.945 0.58 0.9800000000000006
0.7335778592864288 0.028913260219341975 33.0 0.58 0.9900000000000007
0.0 0.0 0.0 0.0
