1.0 1.0 89.97 2.710810810810811 0.0
1.0 0.996011964107677 89.97 2.7 0.01
1.0 0.9910269192422732 89.97 2.6864864864864866 0.02
1.0 0.9830508474576272 89.97 2.6648648648648647 0.03
1.0 0.9790628115653041 89.97 2.654054054054054 0.04
1.0 0.9720837487537388 89.97 2.635135135135135 0.05
1.0 0.9611166500498505 89.97 2.6054054054054054 0.060000000000000005
1.0 0.9611166500498505 89.97 2.6054054054054054 0.07
1.0 0.9601196410767697 89.97 2.6027027027027025 0.08
1.0 0.9561316051844466 89.97 2.591891891891892 0.09
1.0 0.9531405782652044 89.97 2.5837837837837836 0.09999999999999999
1.0 0.9521435692921236 89.97 2.581081081081081 0.10999999999999999
1.0 0.9511465603190429 89.97 2.5783783783783782 0.11999999999999998
1.0 0.9511465603190429 89.97 2.5783783783783782 0.12999999999999998
1.0 0.9461615154536391 89.97 2.5648648648648646 0.13999999999999999
1.0 0.9431704885343968 89.97 2.556756756756757 0.15
1.0 0.9401794616151545 89.97 2.5486486486486486 0.16
1.0 0.938185443668993 89.97 2.5432432432432432 0.17
1.0 0.9351944167497508 89.97 2.535135135135135 0.18000000000000002
1.0 0.9312063808574277 89.97 2.5243243243243243 0.19000000000000003
1.0 0.9272183449651047 89.97 2.5135135135135136 0.20000000000000004
1.0 0.9242273180458624 89.97 2.5054054054054054 0.21000000000000005
1.0 0.9232303090727817 89.97 2.502702702702703 0.22000000000000006
1.0 0.9232303090727817 89.97 2.502702702702703 0.23000000000000007
1.0 0.9212362911266201 89.97 2.497297297297297 0.24000000000000007
1.0 0.9212362911266201 89.97 2.497297297297297 0.25000000000000006
1.0 0.9202392821535393 89.97 2.4945945945945946 0.26000000000000006
1.0 0.9202392821535393 89.97 2.4945945945945946 0.2700000000000001
1.0 0.9202392821535393 89.97 2.4945945945945946 0.2800000000000001
1.0 0.9202392821535393 89.97 2.4945945945945946 0.2900000000000001
1.0 0.9202392821535393 89.97 2.4945945945945946 0.3000000000000001
1.0 0.9202392821535393 89.97 2.4945945945945946 0.3100000000000001
1.0 0.9202392821535393 89.97 2.4945945945945946 0.3200000000000001
1.0 0.9182452642073778 89.97 2.4891891891891893 0.3300000000000001
1.0 0.9182452642073778 89.97 2.4891891891891893 0.34000000000000014
1.0 0.9162512462612163 89.97 2.483783783783784 0.35000000000000014
1.0 0.9152542372881356 89.97 2.481081081081081 0.36000000000000015
1.0 0.9132602193419741 89.97 2.4756756756756757 0.37000000000000016
1.0 0.9122632103688934 89.97 2.472972972972973 0.38000000000000017
1.0 0.9112662013958126 89.97 2.4702702702702704 0.3900000000000002
1.0 0.909272183449651 89.97 2.464864864864865 0.4000000000000002
1.0 0.9082751744765702 89.97 2.462162162162162 0.4100000000000002
1.0 0.905284147557328 89.97 2.454054054054054 0.4200000000000002
1.0 0.8993020937188435 89.97 2.437837837837838 0.4300000000000002
1.0 0.8973080757726819 89.97 2.4324324324324325 0.4400000000000002
1.0 0.8943170488534397 89.97 2.424324324324324 0.45000000000000023
1.0 0.8913260219341974 89.97 2.4162162162162164 0.46000000000000024
1.0 0.8893320039880359 89.97 2.4108108108108106 0.47000000000000025
1.0 0.8873379860418744 89.97 2.4054054054054053 0.48000000000000026
1.0 0.8823529411764706 89.97 2.391891891891892 0.49000000000000027
1.0 0.8813559322033898 89.97 2.389189189189189 0.5000000000000002
1.0 0.8813559322033898 89.97 2.389189189189189 0.5100000000000002
1.0 0.8793619142572283 89.97 2.383783783783784 0.5200000000000002
1.0 0.8783649052841476 89.97 2.381081081081081 0.5300000000000002
1.0 0.8783649052841476 89.97 2.381081081081081 0.5400000000000003
1.0 0.8763708873379861 89.97 2.3756756756756756 0.5500000000000003
1.0 0.8763708873379861 89.97 2.3756756756756756 0.5600000000000003
1.0 0.8763708873379861 89.97 2.3756756756756756 0.5700000000000003
1.0 0.8753738783649053 89.97 2.372972972972973 0.5800000000000003
1.0 0.8743768693918246 89.97 2.3702702702702703 0.5900000000000003
1.0 0.8733798604187437 89.97 2.3675675675675674 0.6000000000000003
1.0 0.8713858424725822 89.97 2.362162162162162 0.6100000000000003
1.0 0.8703888334995015 89.97 2.3594594594594596 0.6200000000000003
1.0 0.8673978065802592 89.97 2.3513513513513513 0.6300000000000003
1.0 0.8634097706879362 89.97 2.3405405405405406 0.6400000000000003
1.0 0.8584247258225324 89.97 2.327027027027027 0.6500000000000004
1.0 0.8494516450648056 89.97 2.3027027027027027 0.6600000000000004
1.0 0.8414755732801595 89.97 2.281081081081081 0.6700000000000004
1.0 0.827517447657029 89.97 2.2432432432432434 0.6800000000000004
1.0 0.8185443668993021 89.97 2.218918918918919 0.6900000000000004
1.0 0.8085742771684945 89.97 2.191891891891892 0.7000000000000004
1.0 0.7956131605184447 89.97 2.156756756756757 0.7100000000000004
1.0 0.7786640079760718 89.97 2.110810810810811 0.7200000000000004
1.0 0.7597208374875374 89.97 2.0594594594594593 0.7300000000000004
1.0 0.7387836490528414 89.97 2.002702702702703 0.7400000000000004
1.0 0.7238285144566301 89.97 1.962162162162162 0.7500000000000004
1.0 0.711864406779661 89.97 1.9297297297297298 0.7600000000000005
0.999888851839502 0.6979062811565304 89.96 1.8918918918918919 0.7700000000000005
0.9997777036790041 0.6869391824526421 89.95 1.8621621621621622 0.7800000000000005
0.9993331110370124 0.6799601196410767 89.91 1.8432432432432433 0.7900000000000005
0.9987773702345226 0.674975074775673 89.86 1.8297297297297297 0.8000000000000005
0.9969989996665555 0.67098703888335 89.7 1.818918918918919 0.8100000000000005
0.994109147493609 0.6669990029910269 89.44 1.808108108108108 0.8200000000000005
0.9888851839502056 0.6580259222333001 88.97 1.7837837837837838 0.8300000000000005
0.9813271090363455 0.6480558325024925 88.29 1.7567567567567568 0.8400000000000005
0.9656552184061353 0.6350947158524427 86.88 1.7216216216216216 0.8500000000000005
0.9423141047015672 0.5892323030907278 84.78 1.5972972972972972 0.8600000000000005
0.9058575080582416 0.5453639082751744 81.5 1.4783783783783784 0.8700000000000006
0.8546182060686895 0.4965104685942173 76.89 1.345945945945946 0.8800000000000006
0.7920417917083472 0.4307078763708873 71.26 1.1675675675675676 0.8900000000000006
0.7269089696565522 0.3349950149551346 65.4 0.9081081081081082 0.9000000000000006
0.6611092586417695 0.24227318045862412 59.48 0.6567567567567567 0.9100000000000006
0.6063132155162833 0.16849451645064806 54.55 0.45675675675675675 0.9200000000000006
0.5629654329220851 0.11166500498504486 50.65 0.3027027027027027 0.9300000000000006
0.5281760586862287 0.07976071784646062 47.52 0.21621621621621623 0.9400000000000006
0.5058352784261421 0.06380857427716849 45.51 0.17297297297297298 0.9500000000000006
0.4917194620429032 0.053838484546360914 44.24 0.14594594594594595 0.9600000000000006
0.47971546070912524 0.0518444666001994 43.16 0.14054054054054055 0.9700000000000006
0.4444814938312771 0.05084745762711865 39.99 0.13783783783783785 0.9800000000000006
0.3456707791486051 0.05084745762711865 31.1 0.13783783783783785 0.9900000000000007
0.0 0.0 0.0 0.0
