1.0 1.0 44.985 10.902173913043478 0.0
1.0 1.0 44.985 10.902173913043478 0.01
1.0 0.9880358923230309 44.985 10.771739130434783 0.02
1.0 0.9780658025922233 44.985 10.66304347826087 0.03
1.0 0.967098703888335 44.985 10.543478260869565 0.04
1.0 0.9571286141575274 44.985 10.434782608695652 0.05
1.0 0.938185443668993 44.985 10.228260869565217 0.060000000000000005
1.0 0.938185443668993 44.985 10.228260869565217 0.07
1.0 0.9262213359920239 44.985 10.097826086956522 0.08
1.0 0.9152542372881356 44.985 9.978260869565217 0.09
1.0 0.9122632103688934 44.985 9.945652173913043 0.09999999999999999
1.0 0.9062811565304087 44.985 9.880434782608695 0.10999999999999999
1.0 0.8993020937188435 44.985 9.804347826086957 0.11999999999999998
1.0 0.8963110667996012 44.985 9.771739130434783 0.12999999999999998
1.0 0.8923230309072782 44.985 9.728260869565217 0.13999999999999999
1.0 0.8873379860418744 44.985 9.673913043478262 0.15
1.0 0.8843469591226321 44.985 9.641304347826088 0.16
1.0 0.8753738783649053 44.985 9.543478260869565 0.17
1.0 0.8614157527417746 44.985 9.391304347826088 0.18000000000000002
1.0 0.8524426719840479 44.985 9.293478260869565 0.19000000000000003
1.0 0.8444666001994018 44.985 9.206521739130435 0.20000000000000004
1.0 0.8404785643070788 44.985 9.16304347826087 0.21000000000000005
1.0 0.8354935194416749 44.985 9.108695652173912 0.22000000000000006
1.0 0.8295114656031904 44.985 9.043478260869565 0.23000000000000007
1.0 0.8255234297108675 44.985 9.0 0.24000000000000007
1.0 0.8245264207377866 44.985 8.98913043478261 0.25000000000000006
1.0 0.8235294117647058 44.985 8.978260869565217 0.26000000000000006
1.0 0.8225324027916251 44.985 8.967391304347826 0.2700000000000001
1.0 0.8205383848454636 44.985 8.945652173913043 0.2800000000000001
1.0 0.8205383848454636 44.985 8.945652173913043 0.2900000000000001
1.0 0.8205383848454636 44.985 8.945652173913043 0.3000000000000001
1.0 0.8205383848454636 44.985 8.945652173913043 0.3100000000000001
1.0 0.8205383848454636 44.985 8.945652173913043 0.3200000000000001
1.0 0.8185443668993021 44.985 8.923913043478262 0.3300000000000001
1.0 0.8175473579262214 44.985 8.91304347826087 0.34000000000000014
1.0 0.8155533399800599 44.985 8.891304347826088 0.35000000000000014
1.0 0.8125623130608175 44.985 8.858695652173912 0.36000000000000015
1.0 0.810568295114656 44.985 8.83695652173913 0.37000000000000016
1.0 0.8055832502492523 44.985 8.782608695652174 0.38000000000000017
1.0 0.7966101694915254 44.985 8.684782608695652 0.3900000000000002
1.0 0.7866400797607178 44.985 8.576086956521738 0.4000000000000002
1.0 0.7746759720837487 44.985 8.445652173913043 0.4100000000000002
1.0 0.7676969092721835 44.985 8.369565217391305 0.4200000000000002
1.0 0.7607178464606181 44.985 8.293478260869565 0.4300000000000002
1.0 0.748753738783649 44.985 8.16304347826087 0.4400000000000002
1.0 0.7397806580259222 44.985 8.065217391304348 0.45000000000000023
1.0 0.7357926221335992 44.985 8.021739130434783 0.46000000000000024
1.0 0.7278165503489531 44.985 7.934782608695652 0.47000000000000025
1.0 0.7238285144566301 44.985 7.891304347826087 0.48000000000000026
1.0 0.7198404785643071 44.985 7.8478260869565215 0.49000000000000027
1.0 0.7178464606181456 44.985 7.826086956521739 0.5000000000000002
1.0 0.7108673978065803 44.985 7.75 0.5100000000000002
1.0 0.7088733798604188 44.985 7.728260869565218 0.5200000000000002
1.0 0.7068793619142573 44.985 7.706521739130435 0.5300000000000002
1.0 0.7058823529411765 44.985 7.695652173913044 0.5400000000000003
1.0 0.7038883349950149 44.985 7.673913043478261 0.5500000000000003
1.0 0.7028913260219342 44.985 7.663043478260869 0.5600000000000003
1.0 0.7028913260219342 44.985 7.663043478260869 0.5700000000000003
1.0 0.7028913260219342 44.985 7.663043478260869 0.5800000000000003
1.0 0.7008973080757727 44.985 7.641304347826087 0.5900000000000003
1.0 0.6979062811565304 44.985 7.608695652173913 0.6000000000000003
1.0 0.6969092721834497 44.985 7.5978260869565215 0.6100000000000003
1.0 0.6939182452642074 44.985 7.565217391304348 0.6200000000000003
1.0 0.6889332003988036 44.985 7.510869565217392 0.6300000000000003
1.0 0.6819541375872383 44.985 7.434782608695652 0.6400000000000003
1.0 0.674975074775673 44.985 7.358695652173913 0.6500000000000004
1.0 0.6640079760717846 44.985 7.239130434782608 0.6600000000000004
1.0 0.6480558325024925 44.985 7.065217391304348 0.6700000000000004
1.0 0.6311066799601196 44.985 6.880434782608695 0.6800000000000004
1.0 0.6201395812562313 44.985 6.760869565217392 0.6900000000000004
1.0 0.6081754735792622 44.985 6.630434782608695 0.7000000000000004
1.0 0.5912263210368893 44.985 6.445652173913044 0.7100000000000004
1.0 0.5583250249252243 44.985 6.086956521739131 0.7200000000000004
1.0 0.53938185443669 44.985 5.880434782608695 0.7300000000000004
1.0 0.5094715852442672 44.985 5.554347826086956 0.7400000000000004
1.0 0.4885343968095713 44.985 5.326086956521739 0.7500000000000004
1.0 0.4765702891326022 44.985 5.195652173913044 0.7600000000000005
1.0 0.4646061814556331 44.985 5.065217391304348 0.7700000000000005
1.0 0.4546360917248255 44.985 4.956521739130435 0.7800000000000005
0.999888851839502 0.4436689930209372 44.98 4.836956521739131 0.7900000000000005
0.9997777036790041 0.4356929212362911 44.975 4.75 0.8000000000000005
0.9992219628765144 0.4287138584247258 44.95 4.673913043478261 0.8100000000000005
0.9984439257530288 0.4287138584247258 44.915 4.673913043478261 0.8200000000000005
0.9955540735800823 0.419740777666999 44.785 4.576086956521739 0.8300000000000005
0.991997332444148 0.4097706879361914 44.625 4.467391304347826 0.8400000000000005
0.9846615538512837 0.3968095712861416 44.295 4.326086956521739 0.8500000000000005
0.9755474046904524 0.37387836490528414 43.885 4.076086956521739 0.8600000000000005
0.9619873291097032 0.3489531405782652 43.275 3.8043478260869565 0.8700000000000006
0.9433144381460487 0.325024925224327 42.435 3.5434782608695654 0.8800000000000006
0.9186395465155052 0.29411764705882354 41.325 3.2065217391304346 0.8900000000000006
0.8919639879959986 0.2502492522432702 40.125 2.7282608695652173 0.9000000000000006
0.8653995776369902 0.2023928215353938 38.93 2.2065217391304346 0.9100000000000006
0.8433922418583972 0.16450648055832504 37.94 1.7934782608695652 0.9200000000000006
0.8241636100922529 0.13858424725822532 37.075 1.5108695652173914 0.9300000000000006
0.8089363121040347 0.1156530408773679 36.39 1.2608695652173914 0.9400000000000006
0.7988218294987218 0.09970089730807577 35.935 1.0869565217391304 0.9500000000000006
0.7893742358563965 0.09272183449651047 35.51 1.0108695652173914 0.9600000000000006
0.7737023452261865 0.09272183449651047 34.805 1.0108695652173914 0.9700000000000006
0.7423585639657664 0.09272183449651047 33.395 1.0108695652173914 0.9800000000000006
0.6458819606535512 0.09272183449651047 29.055 1.0108695652173914 0.9900000000000007
0.0 0.0 0.0 0.0
