1.0 1.0 89.97 33.43333333333333 0.0
1.0 0.9980059820538385 89.97 33.36666666666667 0.01
1.0 0.9910269192422732 89.97 33.13333333333333 0.02
1.0 0.9850448654037887 89.97 32.93333333333333 0.03
1.0 0.9800598205383848 89.97 32.766666666666666 0.04
1.0 0.9730807577268196 89.97 32.53333333333333 0.05
1.0 0.9680957128614157 89.97 32.36666666666667 0.060000000000000005
1.0 0.9680957128614157 89.97 32.36666666666667 0.07
1.0 0.9641076769690927 89.97 32.233333333333334 0.08
1.0 0.959122632103689 89.97 32.06666666666667 0.09
1.0 0.9571286141575274 89.97 32.0 0.09999999999999999
1.0 0.9551345962113659 89.97 31.933333333333334 0.10999999999999999
1.0 0.9541375872382851 89.97 31.9 0.11999999999999998
1.0 0.9511465603190429 89.97 31.8 0.12999999999999998
1.0 0.9491525423728814 89.97 31.733333333333334 0.13999999999999999
1.0 0.9481555333998006 89.97 31.7 0.15
1.0 0.9441674975074775 89.97 31.566666666666666 0.16
1.0 0.9401794616151545 89.97 31.433333333333334 0.17
1.0 0.9292123629112662 89.97 31.066666666666666 0.18000000000000002
1.0 0.9232303090727817 89.97 30.866666666666667 0.19000000000000003
1.0 0.9172482552342971 89.97 30.666666666666668 0.20000000000000004
1.0 0.9142572283150548 89.97 30.566666666666666 0.21000000000000005
1.0 0.909272183449651 89.97 30.4 0.22000000000000006
1.0 0.9072781655034895 89.97 30.333333333333332 0.23000000000000007
1.0 0.905284147557328 89.97 30.266666666666666 0.24000000000000007
1.0 0.9042871385842473 89.97 30.233333333333334 0.25000000000000006
1.0 0.9042871385842473 89.97 30.233333333333334 0.26000000000000006
1.0 0.9042871385842473 89.97 30.233333333333334 0.2700000000000001
1.0 0.9032901296111665 89.97 30.2 0.2800000000000001
1.0 0.9022931206380858 89.97 30.166666666666668 0.2900000000000001
1.0 0.9022931206380858 89.97 30.166666666666668 0.3000000000000001
1.0 0.901296111665005 89.97 30.133333333333333 0.3100000000000001
1.0 0.901296111665005 89.97 30.133333333333333 0.3200000000000001
1.0 0.9002991026919243 89.97 30.1 0.3300000000000001
1.0 0.8983050847457628 89.97 30.033333333333335 0.34000000000000014
1.0 0.8953140578265204 89.97 29.933333333333334 0.35000000000000014
1.0 0.8943170488534397 89.97 29.9 0.36000000000000015
1.0 0.8913260219341974 89.97 29.8 0.37000000000000016
1.0 0.8873379860418744 89.97 29.666666666666668 0.38000000000000017
1.0 0.8813559322033898 89.97 29.466666666666665 0.3900000000000002
1.0 0.872382851445663 89.97 29.166666666666668 0.4000000000000002
1.0 0.8664007976071785 89.97 28.966666666666665 0.4100000000000002
1.0 0.8624127617148555 89.97 28.833333333333332 0.4200000000000002
1.0 0.8554336989032901 89.97 28.6 0.4300000000000002
1.0 0.8534396809571286 89.97 28.533333333333335 0.4400000000000002
1.0 0.8454636091724825 89.97 28.266666666666666 0.45000000000000023
1.0 0.8404785643070788 89.97 28.1 0.46000000000000024
1.0 0.8374875373878365 89.97 28.0 0.47000000000000025
1.0 0.8305084745762712 89.97 27.766666666666666 0.48000000000000026
1.0 0.8305084745762712 89.97 27.766666666666666 0.49000000000000027
1.0 0.827517447657029 89.97 27.666666666666668 0.5000000000000002
1.0 0.8255234297108675 89.97 27.6 0.5100000000000002
1.0 0.8235294117647058 89.97 27.533333333333335 0.5200000000000002
1.0 0.8205383848454636 89.97 27.433333333333334 0.5300000000000002
1.0 0.8205383848454636 89.97 27.433333333333334 0.5400000000000003
1.0 0.8195413758723828 89.97 27.4 0.5500000000000003
1.0 0.8185443668993021 89.97 27.366666666666667 0.5600000000000003
1.0 0.8185443668993021 89.97 27.366666666666667 0.5700000000000003
1.0 0.8175473579262214 89.97 27.333333333333332 0.5800000000000003
1.0 0.8175473579262214 89.97 27.333333333333332 0.5900000000000003
1.0 0.8155533399800599 89.97 27.266666666666666 0.6000000000000003
1.0 0.8145563310069791 89.97 27.233333333333334 0.6100000000000003
1.0 0.8135593220338984 89.97 27.2 0.6200000000000003
1.0 0.810568295114656 89.97 27.1 0.6300000000000003
1.0 0.8055832502492523 89.97 26.933333333333334 0.6400000000000003
1.0 0.8015952143569293 89.97 26.8 0.6500000000000004
1.0 0.7896311066799602 89.97 26.4 0.6600000000000004
1.0 0.7816550348953141 89.97 26.133333333333333 0.6700000000000004
1.0 0.7686939182452642 89.97 25.7 0.6800000000000004
1.0 0.7567298105682951 89.97 25.3 0.6900000000000004
1.0 0.7407776669990029 89.97 24.766666666666666 0.7000000000000004
1.0 0.7208374875373879 89.97 24.1 0.7100000000000004
1.0 0.6979062811565304 89.97 23.333333333333332 0.7200000000000004
1.0 0.674975074775673 89.97 22.566666666666666 0.7300000000000004
1.0 0.654037886340977 89.97 21.866666666666667 0.7400000000000004
1.0 0.6291126620139581 89.97 21.033333333333335 0.7500000000000004
1.0 0.6041874376869392 89.97 20.2 0.7600000000000005
1.0 0.5862412761714856 89.97 19.6 0.7700000000000005
0.9997777036790041 0.5732801595214357 89.95 19.166666666666668 0.7800000000000005
0.9993331110370124 0.559322033898305 89.91 18.7 0.7900000000000005
0.9987773702345226 0.5493519441674976 89.86 18.366666666666667 0.8000000000000005
0.9975547404690452 0.5363908275174477 89.75 17.933333333333334 0.8100000000000005
0.9956652217405801 0.5304087736789631 89.58 17.733333333333334 0.8200000000000005
0.9914415916416583 0.518444666001994 89.2 17.333333333333332 0.8300000000000005
0.9847727020117817 0.5024925224327019 88.6 16.8 0.8400000000000005
0.9725464043570079 0.48753738783649053 87.5 16.3 0.8500000000000005
0.9553184394798266 0.4596211365902293 85.95 15.366666666666667 0.8600000000000005
0.928976325441814 0.423728813559322 83.58 14.166666666666666 0.8700000000000006
0.8929643214404802 0.3778664007976072 80.34 12.633333333333333 0.8800000000000006
0.8528398355007225 0.3320039880358923 76.73 11.1 0.8900000000000006
0.8066022007335779 0.2572283150548355 72.57 8.6 0.9000000000000006
0.7605868622874291 0.1744765702891326 68.43 5.833333333333333 0.9100000000000006
0.719350894742692 0.10867397806580259 64.72 3.6333333333333333 0.9200000000000006
0.6880071134822718 0.053838484546360914 61.9 1.8 0.9300000000000006
0.6615538512837612 0.024925224327018942 59.52 0.8333333333333334 0.9400000000000006
0.6398799599866623 0.007976071784646061 57.57 0.26666666666666666 0.9500000000000006
0.6218739579859953 9.970089730807576E-4 55.95 0.03333333333333333 0.9600000000000006
0.6017561409358675 0.0 54.14 0.0 0.9700000000000006
0.5637434700455708 0.0 50.72 0.0 0.9800000000000006
0.4670445704123597 0.0 42.02 0.0 0.9900000000000007
0.0 0.0 0.0 0.0
