1.0 1.0 4.4985 50.15 0.0
1.0 0.10269192422731804 4.4985 5.15 0.01
1.0 0.04287138584247258 4.4985 2.15 0.02
1.0 0.03389830508474576 4.4985 1.7 0.03
1.0 0.031904287138584245 4.4985 1.6 0.04
1.0 0.02991026919242273 4.4985 1.5 0.05
1.0 0.022931206380857428 4.4985 1.15 0.060000000000000005
1.0 0.022931206380857428 4.4985 1.15 0.07
1.0 0.020937188434695914 4.4985 1.05 0.08
1.0 0.018943170488534396 4.4985 0.95 0.09
1.0 0.018943170488534396 4.4985 0.95 0.09999999999999999
1.0 0.01794616151545364 4.4985 0.9 0.10999999999999999
1.0 0.01694915254237288 4.4985 0.85 0.11999999999999998
1.0 0.01694915254237288 4.4985 0.85 0.12999999999999998
1.0 0.013958125623130608 4.4985 0.7 0.13999999999999999
1.0 0.01296111665004985 4.4985 0.65 0.15
1.0 0.01296111665004985 4.4985 0.65 0.16
1.0 0.01296111665004985 4.4985 0.65 0.17
1.0 0.01296111665004985 4.4985 0.65 0.18000000000000002
1.0 0.01296111665004985 4.4985 0.65 0.19000000000000003
1.0 0.01296111665004985 4.4985 0.65 0.20000000000000004
1.0 0.01296111665004985 4.4985 0.65 0.21000000000000005
1.0 0.01296111665004985 4.4985 0.65 0.22000000000000006
1.0 0.01296111665004985 4.4985 0.65 0.23000000000000007
1.0 0.01296111665004985 4.4985 0.65 0.24000000000000007
1.0 0.01296111665004985 4.4985 0.65 0.25000000000000006
1.0 0.01296111665004985 4.4985 0.65 0.26000000000000006
1.0 0.01296111665004985 4.4985 0.65 0.2700000000000001
1.0 0.010967098703888335 4.4985 0.55 0.2800000000000001
1.0 0.010967098703888335 4.4985 0.55 0.2900000000000001
1.0 0.010967098703888335 4.4985 0.55 0.3000000000000001
1.0 0.010967098703888335 4.4985 0.55 0.3100000000000001
1.0 0.009970089730807577 4.4985 0.5 0.3200000000000001
1.0 0.00897308075772682 4.4985 0.45 0.3300000000000001
1.0 0.00897308075772682 4.4985 0.45 0.34000000000000014
1.0 0.00897308075772682 4.4985 0.45 0.35000000000000014
1.0 0.00897308075772682 4.4985 0.45 0.36000000000000015
1.0 0.00897308075772682 4.4985 0.45 0.37000000000000016
1.0 0.00897308075772682 4.4985 0.45 0.38000000000000017
1.0 0.007976071784646061 4.4985 0.4 0.3900000000000002
1.0 0.006979062811565304 4.4985 0.35 0.4000000000000002
1.0 0.006979062811565304 4.4985 0.35 0.4100000000000002
1.0 0.005982053838484547 4.4985 0.3 0.4200000000000002
1.0 0.005982053838484547 4.4985 0.3 0.4300000000000002
1.0 0.005982053838484547 4.4985 0.3 0.4400000000000002
1.0 0.005982053838484547 4.4985 0.3 0.45000000000000023
1.0 0.005982053838484547 4.4985 0.3 0.46000000000000024
1.0 0.005982053838484547 4.4985 0.3 0.47000000000000025
1.0 0.005982053838484547 4.4985 0.3 0.48000000000000026
1.0 0.005982053838484547 4.4985 0.3 0.49000000000000027
1.0 0.005982053838484547 4.4985 0.3 0.5000000000000002
1.0 0.005982053838484547 4.4985 0.3 0.5100000000000002
1.0 0.005982053838484547 4.4985 0.3 0.5200000000000002
1.0 0.005982053838484547 4.4985 0.3 0.5300000000000002
1.0 0.005982053838484547 4.4985 0.3 0.5400000000000003
1.0 0.005982053838484547 4.4985 0.3 0.5500000000000003
1.0 0.005982053838484547 4.4985 0.3 0.5600000000000003
1.0 0.004985044865403789 4.4985 0.25 0.5700000000000003
1.0 0.004985044865403789 4.4985 0.25 0.5800000000000003
1.0 0.004985044865403789 4.4985 0.25 0.5900000000000003
1.0 0.004985044865403789 4.4985 0.25 0.6000000000000003
1.0 0.004985044865403789 4.4985 0.25 0.6100000000000003
1.0 0.004985044865403789 4.4985 0.25 0.6200000000000003
1.0 0.003988035892323031 4.4985 0.2 0.6300000000000003
1.0 0.0029910269192422734 4.4985 0.15 0.6400000000000003
1.0 0.0029910269192422734 4.4985 0.15 0.6500000000000004
1.0 0.0029910269192422734 4.4985 0.15 0.6600000000000004
1.0 0.0029910269192422734 4.4985 0.15 0.6700000000000004
1.0 0.0029910269192422734 4.4985 0.15 0.6800000000000004
1.0 0.0029910269192422734 4.4985 0.15 0.6900000000000004
1.0 0.0029910269192422734 4.4985 0.15 0.7000000000000004
1.0 0.0029910269192422734 4.4985 0.15 0.7100000000000004
1.0 0.0029910269192422734 4.4985 0.15 0.7200000000000004
1.0 0.0029910269192422734 4.4985 0.15 0.7300000000000004
1.0 0.0029910269192422734 4.4985 0.15 0.7400000000000004
1.0 0.0029910269192422734 4.4985 0.15 0.7500000000000004
1.0 0.0029910269192422734 4.4985 0.15 0.7600000000000005
1.0 0.0029910269192422734 4.4985 0.15 0.7700000000000005
1.0 0.0029910269192422734 4.4985 0.15 0.7800000000000005
1.0 0.0029910269192422734 4.4985 0.15 0.7900000000000005
1.0 0.0029910269192422734 4.4985 0.15 0.8000000000000005
1.0 0.0029910269192422734 4.4985 0.15 0.8100000000000005
1.0 0.0029910269192422734 4.4985 0.15 0.8200000000000005
1.0 0.0019940179461615153 4.4985 0.1 0.8300000000000005
1.0 0.0019940179461615153 4.4985 0.1 0.8400000000000005
1.0 0.0019940179461615153 4.4985 0.1 0.8500000000000005
1.0 0.0019940179461615153 4.4985 0.1 0.8600000000000005
1.0 0.0019940179461615153 4.4985 0.1 0.8700000000000006
1.0 0.0019940179461615153 4.4985 0.1 0.8800000000000006
1.0 0.0019940179461615153 4.4985 0.1 0.8900000000000006
1.0 0.0019940179461615153 4.4985 0.1 0.9000000000000006
1.0 0.0019940179461615153 4.4985 0.1 0.9100000000000006
1.0 0.0019940179461615153 4.4985 0.1 0.9200000000000006
1.0 0.0019940179461615153 4.4985 0.1 0.9300000000000006
1.0 0.0019940179461615153 4.4985 0.1 0.9400000000000006
1.0 9.970089730807576E-4 4.4985 0.05 0.9500000000000006
1.0 9.970089730807576E-4 4.4985 0.05 0.9600000000000006
1.0 0.0 4.4985 0.0 0.9700000000000006
1.0 0.0 4.4985 0.0 0.9800000000000006
1.0 0.0 4.4985 0.0 0.9900000000000007
0.0 0.0 0.0 0.0
