1.0 1.0 44.985 18.236363636363638 0.0
1.0 0.9880358923230309 44.985 18.01818181818182 0.01
1.0 0.9651046859421735 44.985 17.6 0.02
1.0 0.9521435692921236 44.985 17.363636363636363 0.03
1.0 0.9391824526420738 44.985 17.12727272727273 0.04
1.0 0.9282153539381854 44.985 16.927272727272726 0.05
1.0 0.9132602193419741 44.985 16.654545454545456 0.060000000000000005
1.0 0.9132602193419741 44.985 16.654545454545456 0.07
1.0 0.909272183449651 44.985 16.581818181818182 0.08
1.0 0.9042871385842473 44.985 16.490909090909092 0.09
1.0 0.901296111665005 44.985 16.436363636363637 0.09999999999999999
1.0 0.8973080757726819 44.985 16.363636363636363 0.10999999999999999
1.0 0.8913260219341974 44.985 16.254545454545454 0.11999999999999998
1.0 0.8853439680957128 44.985 16.145454545454545 0.12999999999999998
1.0 0.8833499501495513 44.985 16.10909090909091 0.13999999999999999
1.0 0.8803589232303091 44.985 16.054545454545455 0.15
1.0 0.8733798604187437 44.985 15.927272727272728 0.16
1.0 0.8703888334995015 44.985 15.872727272727273 0.17
1.0 0.8544366899302094 44.985 15.581818181818182 0.18000000000000002
1.0 0.847457627118644 44.985 15.454545454545455 0.19000000000000003
1.0 0.8364905284147557 44.985 15.254545454545454 0.20000000000000004
1.0 0.8334995014955134 44.985 15.2 0.21000000000000005
1.0 0.8305084745762712 44.985 15.145454545454545 0.22000000000000006
1.0 0.8255234297108675 44.985 15.054545454545455 0.23000000000000007
1.0 0.8235294117647058 44.985 15.018181818181818 0.24000000000000007
1.0 0.8225324027916251 44.985 15.0 0.25000000000000006
1.0 0.8215353938185443 44.985 14.981818181818182 0.26000000000000006
1.0 0.8205383848454636 44.985 14.963636363636363 0.2700000000000001
1.0 0.8185443668993021 44.985 14.927272727272728 0.2800000000000001
1.0 0.8155533399800599 44.985 14.872727272727273 0.2900000000000001
1.0 0.8145563310069791 44.985 14.854545454545455 0.3000000000000001
1.0 0.8135593220338984 44.985 14.836363636363636 0.3100000000000001
1.0 0.8125623130608175 44.985 14.818181818181818 0.3200000000000001
1.0 0.810568295114656 44.985 14.781818181818181 0.3300000000000001
1.0 0.8085742771684945 44.985 14.745454545454546 0.34000000000000014
1.0 0.80259222333001 44.985 14.636363636363637 0.35000000000000014
1.0 0.8015952143569293 44.985 14.618181818181819 0.36000000000000015
1.0 0.8015952143569293 44.985 14.618181818181819 0.37000000000000016
1.0 0.7976071784646062 44.985 14.545454545454545 0.38000000000000017
1.0 0.7866400797607178 44.985 14.345454545454546 0.3900000000000002
1.0 0.7856430707876371 44.985 14.327272727272728 0.4000000000000002
1.0 0.7756729810568295 44.985 14.145454545454545 0.4100000000000002
1.0 0.7686939182452642 44.985 14.018181818181818 0.4200000000000002
1.0 0.7567298105682951 44.985 13.8 0.4300000000000002
1.0 0.7467597208374875 44.985 13.618181818181819 0.4400000000000002
1.0 0.7357926221335992 44.985 13.418181818181818 0.45000000000000023
1.0 0.7288135593220338 44.985 13.290909090909091 0.46000000000000024
1.0 0.7238285144566301 44.985 13.2 0.47000000000000025
1.0 0.7178464606181456 44.985 13.090909090909092 0.48000000000000026
1.0 0.7128614157527418 44.985 13.0 0.49000000000000027
1.0 0.7108673978065803 44.985 12.963636363636363 0.5000000000000002
1.0 0.7098703888334995 44.985 12.945454545454545 0.5100000000000002
1.0 0.7068793619142573 44.985 12.89090909090909 0.5200000000000002
1.0 0.7038883349950149 44.985 12.836363636363636 0.5300000000000002
1.0 0.7028913260219342 44.985 12.818181818181818 0.5400000000000003
1.0 0.7018943170488534 44.985 12.8 0.5500000000000003
1.0 0.7018943170488534 44.985 12.8 0.5600000000000003
1.0 0.6989032901296112 44.985 12.745454545454546 0.5700000000000003
1.0 0.6969092721834497 44.985 12.709090909090909 0.5800000000000003
1.0 0.6929212362911267 44.985 12.636363636363637 0.5900000000000003
1.0 0.6899302093718843 44.985 12.581818181818182 0.6000000000000003
1.0 0.6869391824526421 44.985 12.527272727272727 0.6100000000000003
1.0 0.6839481555333998 44.985 12.472727272727273 0.6200000000000003
1.0 0.678963110667996 44.985 12.381818181818181 0.6300000000000003
1.0 0.6719840478564307 44.985 12.254545454545454 0.6400000000000003
1.0 0.6699900299102692 44.985 12.218181818181819 0.6500000000000004
1.0 0.6620139581256231 44.985 12.072727272727272 0.6600000000000004
1.0 0.6490528414755733 44.985 11.836363636363636 0.6700000000000004
1.0 0.6301096709870389 44.985 11.49090909090909 0.6800000000000004
1.0 0.613160518444666 44.985 11.181818181818182 0.6900000000000004
1.0 0.6031904287138584 44.985 11.0 0.7000000000000004
1.0 0.5852442671984048 44.985 10.672727272727272 0.7100000000000004
1.0 0.555333998005982 44.985 10.127272727272727 0.7200000000000004
1.0 0.5363908275174477 44.985 9.781818181818181 0.7300000000000004
1.0 0.5194416749750748 44.985 9.472727272727273 0.7400000000000004
1.0 0.4915254237288136 44.985 8.963636363636363 0.7500000000000004
1.0 0.46859421734795614 44.985 8.545454545454545 0.7600000000000005
0.999888851839502 0.45164506480558325 44.98 8.236363636363636 0.7700000000000005
0.9997777036790041 0.4336989032901296 44.975 7.909090909090909 0.7800000000000005
0.9997777036790041 0.4247258225324028 44.975 7.745454545454545 0.7900000000000005
0.9995554073580082 0.4187437686939183 44.965 7.636363636363637 0.8000000000000005
0.9989996665555185 0.4127617148554337 44.94 7.527272727272727 0.8100000000000005
0.998110481271535 0.4087736789631107 44.9 7.454545454545454 0.8200000000000005
0.9965544070245638 0.4017946161515454 44.83 7.327272727272727 0.8300000000000005
0.9928865177281316 0.38883349950149554 44.665 7.090909090909091 0.8400000000000005
0.9873291097032344 0.3818544366899302 44.415 6.963636363636364 0.8500000000000005
0.9783261087029009 0.3629112662013958 44.01 6.618181818181818 0.8600000000000005
0.9628765143936868 0.33599202392821537 43.315 6.127272727272727 0.8700000000000006
0.9453151050350117 0.2971086739780658 42.525 5.418181818181818 0.8800000000000006
0.9230854729354229 0.2711864406779661 41.525 4.945454545454545 0.8900000000000006
0.8976325441813938 0.22731804586241275 40.38 4.1454545454545455 0.9000000000000006
0.8721796154273647 0.1864406779661017 39.235 3.4 0.9100000000000006
0.8470601311548294 0.14456630109670987 38.105 2.6363636363636362 0.9200000000000006
0.8299433144381461 0.12063808574277168 37.335 2.2 0.9300000000000006
0.8149383127709237 0.10967098703888335 36.66 2.0 0.9400000000000006
0.8044903856841169 0.10269192422731804 36.19 1.8727272727272728 0.9500000000000006
0.7953762365232855 0.09571286141575275 35.78 1.7454545454545454 0.9600000000000006
0.782594198066022 0.09471585244267199 35.205 1.7272727272727273 0.9700000000000006
0.7532510836945648 0.09471585244267199 33.885 1.7272727272727273 0.9800000000000006
0.660108925197288 0.09471585244267199 29.695 1.7272727272727273 0.9900000000000007
0.0 0.0 0.0 0.0
