1.0 1.0 12.852857142857143 40.12 0.0
1.0 0.7567298105682951 12.852857142857143 30.36 0.01
1.0 0.6311066799601196 12.852857142857143 25.32 0.02
1.0 0.5712861415752741 12.852857142857143 22.92 0.03
1.0 0.5423728813559322 12.852857142857143 21.76 0.04
1.0 0.5164506480558325 12.852857142857143 20.72 0.05
1.0 0.48255234297108673 12.852857142857143 19.36 0.060000000000000005
1.0 0.48255234297108673 12.852857142857143 19.36 0.07
1.0 0.45862412761714855 12.852857142857143 18.4 0.08
1.0 0.4426719840478564 12.852857142857143 17.76 0.09
1.0 0.4267198404785643 12.852857142857143 17.12 0.09999999999999999
1.0 0.4147557328015952 12.852857142857143 16.64 0.10999999999999999
1.0 0.4037886340977069 12.852857142857143 16.2 0.11999999999999998
1.0 0.39282153539381853 12.852857142857143 15.76 0.12999999999999998
1.0 0.38384845463609174 12.852857142857143 15.4 0.13999999999999999
1.0 0.37686939182452645 12.852857142857143 15.12 0.15
1.0 0.3589232303090728 12.852857142857143 14.4 0.16
1.0 0.3469591226321037 12.852857142857143 13.92 0.17
1.0 0.3180458624127617 12.852857142857143 12.76 0.18000000000000002
1.0 0.3070787637088734 12.852857142857143 12.32 0.19000000000000003
1.0 0.2951146560319043 12.852857142857143 11.84 0.20000000000000004
1.0 0.28614157527417744 12.852857142857143 11.48 0.21000000000000005
1.0 0.27716849451645065 12.852857142857143 11.12 0.22000000000000006
1.0 0.27218344965104685 12.852857142857143 10.92 0.23000000000000007
1.0 0.26520438683948155 12.852857142857143 10.64 0.24000000000000007
1.0 0.2612163509471585 12.852857142857143 10.48 0.25000000000000006
1.0 0.259222333000997 12.852857142857143 10.4 0.26000000000000006
1.0 0.2542372881355932 12.852857142857143 10.2 0.2700000000000001
1.0 0.25324027916251246 12.852857142857143 10.16 0.2800000000000001
1.0 0.2472582253240279 12.852857142857143 9.92 0.2900000000000001
1.0 0.2432701894317049 12.852857142857143 9.76 0.3000000000000001
1.0 0.2432701894317049 12.852857142857143 9.76 0.3100000000000001
1.0 0.24127617148554337 12.852857142857143 9.68 0.3200000000000001
1.0 0.24127617148554337 12.852857142857143 9.68 0.3300000000000001
1.0 0.2382851445663011 12.852857142857143 9.56 0.34000000000000014
1.0 0.23629112662013957 12.852857142857143 9.48 0.35000000000000014
1.0 0.23030907278165502 12.852857142857143 9.24 0.36000000000000015
1.0 0.22532402791625125 12.852857142857143 9.04 0.37000000000000016
1.0 0.2193419740777667 12.852857142857143 8.8 0.38000000000000017
1.0 0.2123629112662014 12.852857142857143 8.52 0.3900000000000002
1.0 0.20837487537387836 12.852857142857143 8.36 0.4000000000000002
1.0 0.20039880358923232 12.852857142857143 8.04 0.4100000000000002
1.0 0.19541375872382852 12.852857142857143 7.84 0.4200000000000002
1.0 0.18943170488534397 12.852857142857143 7.6 0.4300000000000002
1.0 0.18544366899302095 12.852857142857143 7.44 0.4400000000000002
1.0 0.17547357926221335 12.852857142857143 7.04 0.45000000000000023
1.0 0.1674975074775673 12.852857142857143 6.72 0.46000000000000024
1.0 0.15952143569292124 12.852857142857143 6.4 0.47000000000000025
1.0 0.15154536390827517 12.852857142857143 6.08 0.48000000000000026
1.0 0.1485543369890329 12.852857142857143 5.96 0.49000000000000027
1.0 0.14356929212362912 12.852857142857143 5.76 0.5000000000000002
1.0 0.14057826520438685 12.852857142857143 5.64 0.5100000000000002
1.0 0.13958125623130607 12.852857142857143 5.6 0.5200000000000002
1.0 0.13758723828514458 12.852857142857143 5.52 0.5300000000000002
1.0 0.13559322033898305 12.852857142857143 5.44 0.5400000000000003
1.0 0.13160518444666003 12.852857142857143 5.28 0.5500000000000003
1.0 0.13060817547357925 12.852857142857143 5.24 0.5600000000000003
1.0 0.1296111665004985 12.852857142857143 5.2 0.5700000000000003
1.0 0.12861415752741776 12.852857142857143 5.16 0.5800000000000003
1.0 0.12662013958125623 12.852857142857143 5.08 0.5900000000000003
1.0 0.12462612163509472 12.852857142857143 5.0 0.6000000000000003
1.0 0.12163509471585245 12.852857142857143 4.88 0.6100000000000003
1.0 0.12163509471585245 12.852857142857143 4.88 0.6200000000000003
1.0 0.12063808574277168 12.852857142857143 4.84 0.6300000000000003
1.0 0.12063808574277168 12.852857142857143 4.84 0.6400000000000003
1.0 0.11864406779661017 12.852857142857143 4.76 0.6500000000000004
1.0 0.11465603190428714 12.852857142857143 4.6 0.6600000000000004
1.0 0.1106679960119641 12.852857142857143 4.44 0.6700000000000004
1.0 0.10269192422731804 12.852857142857143 4.12 0.6800000000000004
1.0 0.09870388833499502 12.852857142857143 3.96 0.6900000000000004
1.0 0.09371884346959122 12.852857142857143 3.76 0.7000000000000004
1.0 0.08873379860418744 12.852857142857143 3.56 0.7100000000000004
1.0 0.08275174476570289 12.852857142857143 3.32 0.7200000000000004
1.0 0.07577268195413758 12.852857142857143 3.04 0.7300000000000004
1.0 0.06979062811565304 12.852857142857143 2.8 0.7400000000000004
1.0 0.06779661016949153 12.852857142857143 2.72 0.7500000000000004
1.0 0.06679960119641076 12.852857142857143 2.68 0.7600000000000005
1.0 0.05982053838484546 12.852857142857143 2.4 0.7700000000000005
1.0 0.054835493519441676 12.852857142857143 2.2 0.7800000000000005
1.0 0.05084745762711865 12.852857142857143 2.04 0.7900000000000005
1.0 0.049850448654037885 12.852857142857143 2.0 0.8000000000000005
1.0 0.0448654037886341 12.852857142857143 1.8 0.8100000000000005
1.0 0.04386839481555334 12.852857142857143 1.76 0.8200000000000005
1.0 0.04386839481555334 12.852857142857143 1.76 0.8300000000000005
1.0 0.04287138584247258 12.852857142857143 1.72 0.8400000000000005
0.9997777036790041 0.04187437686939183 12.85 1.68 0.8500000000000005
0.9995554073580082 0.040877367896311065 12.847142857142858 1.64 0.8600000000000005
0.9994442591975102 0.040877367896311065 12.845714285714285 1.64 0.8700000000000006
0.9987773702345226 0.040877367896311065 12.837142857142856 1.64 0.8800000000000006
0.9985550739135267 0.03788634097706879 12.834285714285715 1.52 0.8900000000000006
0.9979993331110371 0.03589232303090728 12.827142857142857 1.44 0.9000000000000006
0.9973324441480493 0.027916251246261216 12.81857142857143 1.12 0.9100000000000006
0.9964432588640658 0.023928215353938187 12.807142857142857 0.96 0.9200000000000006
0.995887518061576 0.02193419740777667 12.8 0.88 0.9300000000000006
0.9955540735800823 0.020937188434695914 12.795714285714286 0.84 0.9400000000000006
0.9953317772590864 0.019940179461615155 12.792857142857143 0.8 0.9500000000000006
0.9947760364565966 0.019940179461615155 12.785714285714286 0.8 0.9600000000000006
0.9935534066911192 0.019940179461615155 12.77 0.8 0.9700000000000006
0.9911081471601645 0.019940179461615155 12.73857142857143 0.8 0.9800000000000006
0.9848838501722796 0.019940179461615155 12.65857142857143 0.8 0.9900000000000007
0.0 0.0 0.0 0.0
