0.0 0.4985044865403789 0.0 20.0 0.0
0.0 0.4985044865403789 0.0 20.0 0.01
0.0 0.4985044865403789 0.0 20.0 0.02
0.0 0.4985044865403789 0.0 20.0 0.03
0.0 0.4985044865403789 0.0 20.0 0.04
0.0 0.4985044865403789 0.0 20.0 0.05
0.0 0.4965104685942173 0.0 19.92 0.060000000000000005
0.0 0.4965104685942173 0.0 19.92 0.07
0.0 0.4965104685942173 0.0 19.92 0.08
0.0 0.4955134596211366 0.0 19.88 0.09
0.0 0.4955134596211366 0.0 19.88 0.09999999999999999
0.0 0.4955134596211366 0.0 19.88 0.10999999999999999
0.0 0.4955134596211366 0.0 19.88 0.11999999999999998
0.0 0.4955134596211366 0.0 19.88 0.12999999999999998
0.0 0.4935194416749751 0.0 19.8 0.13999999999999999
0.0 0.4935194416749751 0.0 19.8 0.15
0.0 0.49252243270189433 0.0 19.76 0.16
0.0 0.4905284147557328 0.0 19.68 0.17
0.0 0.4885343968095713 0.0 19.6 0.18000000000000002
0.0 0.4885343968095713 0.0 19.6 0.19000000000000003
0.0 0.48753738783649053 0.0 19.56 0.20000000000000004
0.0 0.4865403788634098 0.0 19.52 0.21000000000000005
0.0 0.4865403788634098 0.0 19.52 0.22000000000000006
0.0 0.48554336989032904 0.0 19.48 0.23000000000000007
0.0 0.48554336989032904 0.0 19.48 0.24000000000000007
0.0 0.48454636091724823 0.0 19.44 0.25000000000000006
0.0 0.48454636091724823 0.0 19.44 0.26000000000000006
0.0 0.48454636091724823 0.0 19.44 0.2700000000000001
0.0 0.48454636091724823 0.0 19.44 0.2800000000000001
0.0 0.48454636091724823 0.0 19.44 0.2900000000000001
0.0 0.4835493519441675 0.0 19.4 0.3000000000000001
0.0 0.4835493519441675 0.0 19.4 0.3100000000000001
0.0 0.48255234297108673 0.0 19.36 0.3200000000000001
0.0 0.48055832502492524 0.0 19.28 0.3300000000000001
0.0 0.4795613160518445 0.0 19.24 0.34000000000000014
0.0 0.4795613160518445 0.0 19.24 0.35000000000000014
0.0 0.4795613160518445 0.0 19.24 0.36000000000000015
0.0 0.4795613160518445 0.0 19.24 0.37000000000000016
0.0 0.4795613160518445 0.0 19.24 0.38000000000000017
0.0 0.4795613160518445 0.0 19.24 0.3900000000000002
0.0 0.4795613160518445 0.0 19.24 0.4000000000000002
0.0 0.47756729810568294 0.0 19.16 0.4100000000000002
0.0 0.47756729810568294 0.0 19.16 0.4200000000000002
0.0 0.47756729810568294 0.0 19.16 0.4300000000000002
0.0 0.47756729810568294 0.0 19.16 0.4400000000000002
0.0 0.47756729810568294 0.0 19.16 0.45000000000000023
0.0 0.47756729810568294 0.0 19.16 0.46000000000000024
0.0 0.4765702891326022 0.0 19.12 0.47000000000000025
0.0 0.4765702891326022 0.0 19.12 0.48000000000000026
0.0 0.47557328015952144 0.0 19.08 0.49000000000000027
0.0 0.47557328015952144 0.0 19.08 0.5000000000000002
0.0 0.47357926221335994 0.0 19.0 0.5100000000000002
0.0 0.47258225324027914 0.0 18.96 0.5200000000000002
0.0 0.4715852442671984 0.0 18.92 0.5300000000000002
0.0 0.47058823529411764 0.0 18.88 0.5400000000000003
0.0 0.46859421734795614 0.0 18.8 0.5500000000000003
0.0 0.46859421734795614 0.0 18.8 0.5600000000000003
0.0 0.4666001994017946 0.0 18.72 0.5700000000000003
0.0 0.46560319042871384 0.0 18.68 0.5800000000000003
0.0 0.4646061814556331 0.0 18.64 0.5900000000000003
0.0 0.4646061814556331 0.0 18.64 0.6000000000000003
0.0 0.46360917248255235 0.0 18.6 0.6100000000000003
0.0 0.4626121635094716 0.0 18.56 0.6200000000000003
0.0 0.4626121635094716 0.0 18.56 0.6300000000000003
0.0 0.4626121635094716 0.0 18.56 0.6400000000000003
0.0 0.4626121635094716 0.0 18.56 0.6500000000000004
0.0 0.4626121635094716 0.0 18.56 0.6600000000000004
0.0 0.46161515453639085 0.0 18.52 0.6700000000000004
0.0 0.4596211365902293 0.0 18.44 0.6800000000000004
0.0 0.45862412761714855 0.0 18.4 0.6900000000000004
0.0 0.45862412761714855 0.0 18.4 0.7000000000000004
0.0 0.4576271186440678 0.0 18.36 0.7100000000000004
0.0 0.4576271186440678 0.0 18.36 0.7200000000000004
0.0 0.45363908275174475 0.0 18.2 0.7300000000000004
0.0 0.452642073778664 0.0 18.16 0.7400000000000004
0.0 0.45164506480558325 0.0 18.12 0.7500000000000004
0.0 0.44965104685942175 0.0 18.04 0.7600000000000005
0.0 0.44965104685942175 0.0 18.04 0.7700000000000005
0.0 0.4476570289132602 0.0 17.96 0.7800000000000005
0.0 0.4456630109670987 0.0 17.88 0.7900000000000005
0.0 0.4426719840478564 0.0 17.76 0.8000000000000005
0.0 0.4406779661016949 0.0 17.68 0.8100000000000005
0.0 0.43768693918245266 0.0 17.56 0.8200000000000005
0.0 0.43469591226321036 0.0 17.44 0.8300000000000005
0.0 0.4336989032901296 0.0 17.4 0.8400000000000005
0.0 0.43270189431704886 0.0 17.36 0.8500000000000005
0.0 0.4317048853439681 0.0 17.32 0.8600000000000005
0.0 0.4307078763708873 0.0 17.28 0.8700000000000006
0.0 0.42771684945164506 0.0 17.16 0.8800000000000006
0.0 0.4217347956131605 0.0 16.92 0.8900000000000006
0.0 0.4187437686939183 0.0 16.8 0.9000000000000006
0.0 0.4167497507477567 0.0 16.72 0.9100000000000006
0.0 0.4087736789631107 0.0 16.4 0.9200000000000006
0.0 0.39980059820538383 0.0 16.04 0.9300000000000006
0.0 0.3968095712861416 0.0 15.92 0.9400000000000006
0.0 0.3848454636091725 0.0 15.44 0.9500000000000006
0.0 0.37188434695912265 0.0 14.92 0.9600000000000006
0.0 0.3489531405782652 0.0 14.0 0.9700000000000006
0.0 0.31106679960119643 0.0 12.48 0.9800000000000006
0.0 0.24027916251246262 0.0 9.64 0.9900000000000007
0.0 0.0 0.0 0.0
