1.0 1.0 9.996666666666666 Infinity 0.0
1.0 0.5403788634097707 9.996666666666666 Infinity 0.01
1.0 0.4057826520438684 9.996666666666666 Infinity 0.02
1.0 0.3509471585244267 9.996666666666666 Infinity 0.03
1.0 0.317048853439681 9.996666666666666 Infinity 0.04
1.0 0.2731804586241276 9.996666666666666 Infinity 0.05
1.0 0.22931206380857427 9.996666666666666 Infinity 0.060000000000000005
1.0 0.22931206380857427 9.996666666666666 Infinity 0.07
1.0 0.21535393818544366 9.996666666666666 Infinity 0.08
1.0 0.19740777666999004 9.996666666666666 Infinity 0.09
1.0 0.17746759720837488 9.996666666666666 Infinity 0.09999999999999999
1.0 0.16151545363908276 9.996666666666666 Infinity 0.10999999999999999
1.0 0.1585244267198405 9.996666666666666 Infinity 0.11999999999999998
1.0 0.15154536390827517 9.996666666666666 Infinity 0.12999999999999998
1.0 0.14456630109670987 9.996666666666666 Infinity 0.13999999999999999
1.0 0.14057826520438685 9.996666666666666 Infinity 0.15
1.0 0.1296111665004985 9.996666666666666 Infinity 0.16
1.0 0.12163509471585245 9.996666666666666 Infinity 0.17
1.0 0.10667996011964108 9.996666666666666 Infinity 0.18000000000000002
1.0 0.10269192422731804 9.996666666666666 Infinity 0.19000000000000003
1.0 0.09770687936191426 9.996666666666666 Infinity 0.20000000000000004
1.0 0.09172482552342971 9.996666666666666 Infinity 0.21000000000000005
1.0 0.09172482552342971 9.996666666666666 Infinity 0.22000000000000006
1.0 0.08673978065802593 9.996666666666666 Infinity 0.23000000000000007
1.0 0.08574277168494517 9.996666666666666 Infinity 0.24000000000000007
1.0 0.08374875373878365 9.996666666666666 Infinity 0.25000000000000006
1.0 0.08374875373878365 9.996666666666666 Infinity 0.26000000000000006
1.0 0.08075772681954138 9.996666666666666 Infinity 0.2700000000000001
1.0 0.08075772681954138 9.996666666666666 Infinity 0.2800000000000001
1.0 0.07876370887337986 9.996666666666666 Infinity 0.2900000000000001
1.0 0.07876370887337986 9.996666666666666 Infinity 0.3000000000000001
1.0 0.07876370887337986 9.996666666666666 Infinity 0.3100000000000001
1.0 0.07676969092721835 9.996666666666666 Infinity 0.3200000000000001
1.0 0.07477567298105683 9.996666666666666 Infinity 0.3300000000000001
1.0 0.07278165503489531 9.996666666666666 Infinity 0.34000000000000014
1.0 0.07278165503489531 9.996666666666666 Infinity 0.35000000000000014
1.0 0.07278165503489531 9.996666666666666 Infinity 0.36000000000000015
1.0 0.0707876370887338 9.996666666666666 Infinity 0.37000000000000016
1.0 0.0707876370887338 9.996666666666666 Infinity 0.38000000000000017
1.0 0.06979062811565304 9.996666666666666 Infinity 0.3900000000000002
1.0 0.06679960119641076 9.996666666666666 Infinity 0.4000000000000002
1.0 0.06480558325024925 9.996666666666666 Infinity 0.4100000000000002
1.0 0.06081754735792622 9.996666666666666 Infinity 0.4200000000000002
1.0 0.05782652043868395 9.996666666666666 Infinity 0.4300000000000002
1.0 0.053838484546360914 9.996666666666666 Infinity 0.4400000000000002
1.0 0.049850448654037885 9.996666666666666 Infinity 0.45000000000000023
1.0 0.04885343968095713 9.996666666666666 Infinity 0.46000000000000024
1.0 0.0448654037886341 9.996666666666666 Infinity 0.47000000000000025
1.0 0.04386839481555334 9.996666666666666 Infinity 0.48000000000000026
1.0 0.04187437686939183 9.996666666666666 Infinity 0.49000000000000027
1.0 0.040877367896311065 9.996666666666666 Infinity 0.5000000000000002
1.0 0.03788634097706879 9.996666666666666 Infinity 0.5100000000000002
1.0 0.03589232303090728 9.996666666666666 Infinity 0.5200000000000002
1.0 0.03589232303090728 9.996666666666666 Infinity 0.5300000000000002
1.0 0.03489531405782652 9.996666666666666 Infinity 0.5400000000000003
1.0 0.03389830508474576 9.996666666666666 Infinity 0.5500000000000003
1.0 0.02991026919242273 9.996666666666666 Infinity 0.5600000000000003
1.0 0.026919242273180457 9.996666666666666 Infinity 0.5700000000000003
1.0 0.024925224327018942 9.996666666666666 Infinity 0.5800000000000003
1.0 0.024925224327018942 9.996666666666666 Infinity 0.5900000000000003
1.0 0.022931206380857428 9.996666666666666 Infinity 0.6000000000000003
1.0 0.022931206380857428 9.996666666666666 Infinity 0.6100000000000003
1.0 0.020937188434695914 9.996666666666666 Infinity 0.6200000000000003
1.0 0.020937188434695914 9.996666666666666 Infinity 0.6300000000000003
1.0 0.020937188434695914 9.996666666666666 Infinity 0.6400000000000003
1.0 0.019940179461615155 9.996666666666666 Infinity 0.6500000000000004
1.0 0.01794616151545364 9.996666666666666 Infinity 0.6600000000000004
1.0 0.01794616151545364 9.996666666666666 Infinity 0.6700000000000004
1.0 0.015952143569292122 9.996666666666666 Infinity 0.6800000000000004
1.0 0.014955134596211365 9.996666666666666 Infinity 0.6900000000000004
1.0 0.013958125623130608 9.996666666666666 Infinity 0.7000000000000004
1.0 0.009970089730807577 9.996666666666666 Infinity 0.7100000000000004
1.0 0.00897308075772682 9.996666666666666 Infinity 0.7200000000000004
1.0 0.00897308075772682 9.996666666666666 Infinity 0.7300000000000004
1.0 0.007976071784646061 9.996666666666666 Infinity 0.7400000000000004
1.0 0.005982053838484547 9.996666666666666 Infinity 0.7500000000000004
1.0 0.005982053838484547 9.996666666666666 Infinity 0.7600000000000005
1.0 0.005982053838484547 9.996666666666666 Infinity 0.7700000000000005
1.0 0.005982053838484547 9.996666666666666 Infinity 0.7800000000000005
1.0 0.004985044865403789 9.996666666666666 Infinity 0.7900000000000005
1.0 0.004985044865403789 9.996666666666666 Infinity 0.8000000000000005
1.0 0.004985044865403789 9.996666666666666 Infinity 0.8100000000000005
1.0 0.004985044865403789 9.996666666666666 Infinity 0.8200000000000005
1.0 0.004985044865403789 9.996666666666666 Infinity 0.8300000000000005
1.0 0.004985044865403789 9.996666666666666 Infinity 0.8400000000000005
1.0 0.003988035892323031 9.996666666666666 Infinity 0.8500000000000005
1.0 0.0029910269192422734 9.996666666666666 Infinity 0.8600000000000005
1.0 0.0029910269192422734 9.996666666666666 Infinity 0.8700000000000006
1.0 0.0029910269192422734 9.996666666666666 Infinity 0.8800000000000006
1.0 0.0029910269192422734 9.996666666666666 Infinity 0.8900000000000006
1.0 0.0029910269192422734 9.996666666666666 Infinity 0.9000000000000006
1.0 0.0029910269192422734 9.996666666666666 Infinity 0.9100000000000006
1.0 0.0019940179461615153 9.996666666666666 Infinity 0.9200000000000006
0.999888851839502 0.0019940179461615153 9.995555555555555 Infinity 0.9300000000000006
0.9997777036790041 0.0019940179461615153 9.994444444444444 Infinity 0.9400000000000006
0.9997777036790041 9.970089730807576E-4 9.994444444444444 Infinity 0.9500000000000006
0.9997777036790041 0.0 9.994444444444444 NaN 0.9600000000000006
0.9996665555185061 0.0 9.993333333333334 NaN 0.9700000000000006
0.9993331110370124 0.0 9.99 NaN 0.9800000000000006
0.9984439257530288 0.0 9.981111111111112 NaN 0.9900000000000007
0.0 0.0 0.0 0.0
