1.0 1.0 44.985 20.06 0.0
1.0 0.9830508474576272 44.985 19.72 0.01
1.0 0.9601196410767697 44.985 19.26 0.02
1.0 0.9461615154536391 44.985 18.98 0.03
1.0 0.93419740777667 44.985 18.74 0.04
1.0 0.9252243270189432 44.985 18.56 0.05
1.0 0.905284147557328 44.985 18.16 0.060000000000000005
1.0 0.905284147557328 44.985 18.16 0.07
1.0 0.8963110667996012 44.985 17.98 0.08
1.0 0.8813559322033898 44.985 17.68 0.09
1.0 0.8763708873379861 44.985 17.58 0.09999999999999999
1.0 0.8713858424725822 44.985 17.48 0.10999999999999999
1.0 0.86839481555334 44.985 17.42 0.11999999999999998
1.0 0.8624127617148555 44.985 17.3 0.12999999999999998
1.0 0.8584247258225324 44.985 17.22 0.13999999999999999
1.0 0.8534396809571286 44.985 17.12 0.15
1.0 0.8494516450648056 44.985 17.04 0.16
1.0 0.8464606181455633 44.985 16.98 0.17
1.0 0.8384845463609173 44.985 16.82 0.18000000000000002
1.0 0.8285144566301097 44.985 16.62 0.19000000000000003
1.0 0.8165503489531406 44.985 16.38 0.20000000000000004
1.0 0.810568295114656 44.985 16.26 0.21000000000000005
1.0 0.806580259222333 44.985 16.18 0.22000000000000006
1.0 0.80259222333001 44.985 16.1 0.23000000000000007
1.0 0.7986041874376869 44.985 16.02 0.24000000000000007
1.0 0.7986041874376869 44.985 16.02 0.25000000000000006
1.0 0.7976071784646062 44.985 16.0 0.26000000000000006
1.0 0.7946161515453639 44.985 15.94 0.2700000000000001
1.0 0.7926221335992024 44.985 15.9 0.2800000000000001
1.0 0.7896311066799602 44.985 15.84 0.2900000000000001
1.0 0.7896311066799602 44.985 15.84 0.3000000000000001
1.0 0.7886340977068793 44.985 15.82 0.3100000000000001
1.0 0.7876370887337986 44.985 15.8 0.3200000000000001
1.0 0.7866400797607178 44.985 15.78 0.3300000000000001
1.0 0.7856430707876371 44.985 15.76 0.34000000000000014
1.0 0.7826520438683948 44.985 15.7 0.35000000000000014
1.0 0.7766699900299102 44.985 15.58 0.36000000000000015
1.0 0.7726819541375872 44.985 15.5 0.37000000000000016
1.0 0.7666999002991027 44.985 15.38 0.38000000000000017
1.0 0.7627118644067796 44.985 15.3 0.3900000000000002
1.0 0.7597208374875374 44.985 15.24 0.4000000000000002
1.0 0.7547357926221336 44.985 15.14 0.4100000000000002
1.0 0.744765702891326 44.985 14.94 0.4200000000000002
1.0 0.7357926221335992 44.985 14.76 0.4300000000000002
1.0 0.7308075772681955 44.985 14.66 0.4400000000000002
1.0 0.7248255234297108 44.985 14.54 0.45000000000000023
1.0 0.7188434695912264 44.985 14.42 0.46000000000000024
1.0 0.707876370887338 44.985 14.2 0.47000000000000025
1.0 0.7008973080757727 44.985 14.06 0.48000000000000026
1.0 0.6969092721834497 44.985 13.98 0.49000000000000027
1.0 0.6949152542372882 44.985 13.94 0.5000000000000002
1.0 0.6889332003988036 44.985 13.82 0.5100000000000002
1.0 0.6869391824526421 44.985 13.78 0.5200000000000002
1.0 0.6839481555333998 44.985 13.72 0.5300000000000002
1.0 0.6819541375872383 44.985 13.68 0.5400000000000003
1.0 0.6799601196410767 44.985 13.64 0.5500000000000003
1.0 0.6779661016949152 44.985 13.6 0.5600000000000003
1.0 0.6769690927218345 44.985 13.58 0.5700000000000003
1.0 0.6759720837487537 44.985 13.56 0.5800000000000003
1.0 0.67098703888335 44.985 13.46 0.5900000000000003
1.0 0.6689930209371885 44.985 13.42 0.6000000000000003
1.0 0.6689930209371885 44.985 13.42 0.6100000000000003
1.0 0.6679960119641076 44.985 13.4 0.6200000000000003
1.0 0.6640079760717846 44.985 13.32 0.6300000000000003
1.0 0.6590229312063809 44.985 13.22 0.6400000000000003
1.0 0.6530408773678963 44.985 13.1 0.6500000000000004
1.0 0.6430707876370887 44.985 12.9 0.6600000000000004
1.0 0.6331006979062812 44.985 12.7 0.6700000000000004
1.0 0.6181455633100698 44.985 12.4 0.6800000000000004
1.0 0.6011964107676969 44.985 12.06 0.6900000000000004
1.0 0.5822532402791625 44.985 11.68 0.7000000000000004
1.0 0.559322033898305 44.985 11.22 0.7100000000000004
1.0 0.5373878364905285 44.985 10.78 0.7200000000000004
1.0 0.5194416749750748 44.985 10.42 0.7300000000000004
1.0 0.49750747756729813 44.985 9.98 0.7400000000000004
1.0 0.4765702891326022 44.985 9.56 0.7500000000000004
1.0 0.46061814556331004 44.985 9.24 0.7600000000000005
1.0 0.4476570289132602 44.985 8.98 0.7700000000000005
1.0 0.4317048853439681 44.985 8.66 0.7800000000000005
0.999888851839502 0.419740777666999 44.98 8.42 0.7900000000000005
0.9993331110370124 0.4167497507477567 44.955 8.36 0.8000000000000005
0.9991108147160165 0.4117647058823529 44.945 8.26 0.8100000000000005
0.9976658886295432 0.4097706879361914 44.88 8.22 0.8200000000000005
0.9951094809380905 0.4037886340977069 44.765 8.1 0.8300000000000005
0.9911081471601645 0.3938185443668993 44.585 7.9 0.8400000000000005
0.9846615538512837 0.38883349950149554 44.295 7.8 0.8500000000000005
0.9753251083694565 0.3659022931206381 43.875 7.34 0.8600000000000005
0.9614315883072135 0.33798604187437686 43.25 6.78 0.8700000000000006
0.9430921418250527 0.30608175473579263 42.425 6.14 0.8800000000000006
0.9193064354784928 0.28015952143569295 41.355 5.62 0.8900000000000006
0.8911859508725131 0.22831505483549352 40.09 4.58 0.9000000000000006
0.8638435033900189 0.19042871385842472 38.86 3.82 0.9100000000000006
0.8406135378459486 0.1465603190428714 37.815 2.94 0.9200000000000006
0.8246082027342447 0.11764705882352941 37.095 2.36 0.9300000000000006
0.808380571301545 0.09471585244267199 36.365 1.9 0.9400000000000006
0.796598866288763 0.08275174476570289 35.835 1.66 0.9500000000000006
0.7863732355229521 0.07876370887337986 35.375 1.58 0.9600000000000006
0.7713682338557297 0.07776669990029911 34.7 1.56 0.9700000000000006
0.7422474158052684 0.07776669990029911 33.39 1.56 0.9800000000000006
0.6465488496165388 0.07776669990029911 29.085 1.56 0.9900000000000007
0.0 0.0 0.0 0.0
