0.0 0.8973080757726819 0.0 20.0 0.0
0.0 0.8923230309072782 0.0 19.88888888888889 0.01
0.0 0.8833499501495513 0.0 19.68888888888889 0.02
0.0 0.872382851445663 0.0 19.444444444444443 0.03
0.0 0.8703888334995015 0.0 19.4 0.04
0.0 0.86839481555334 0.0 19.355555555555554 0.05
0.0 0.8604187437686939 0.0 19.177777777777777 0.060000000000000005
0.0 0.8604187437686939 0.0 19.177777777777777 0.07
0.0 0.8594217347956131 0.0 19.155555555555555 0.08
0.0 0.8574277168494516 0.0 19.11111111111111 0.09
0.0 0.8564307078763709 0.0 19.08888888888889 0.09999999999999999
0.0 0.8544366899302094 0.0 19.044444444444444 0.10999999999999999
0.0 0.8534396809571286 0.0 19.022222222222222 0.11999999999999998
0.0 0.8504486540378864 0.0 18.955555555555556 0.12999999999999998
0.0 0.8424725822532403 0.0 18.77777777777778 0.13999999999999999
0.0 0.839481555333998 0.0 18.711111111111112 0.15
0.0 0.8384845463609173 0.0 18.68888888888889 0.16
0.0 0.8344965104685942 0.0 18.6 0.17
0.0 0.8305084745762712 0.0 18.511111111111113 0.18000000000000002
0.0 0.827517447657029 0.0 18.444444444444443 0.19000000000000003
0.0 0.8255234297108675 0.0 18.4 0.20000000000000004
0.0 0.8225324027916251 0.0 18.333333333333332 0.21000000000000005
0.0 0.8215353938185443 0.0 18.31111111111111 0.22000000000000006
0.0 0.8205383848454636 0.0 18.288888888888888 0.23000000000000007
0.0 0.8175473579262214 0.0 18.22222222222222 0.24000000000000007
0.0 0.8165503489531406 0.0 18.2 0.25000000000000006
0.0 0.8145563310069791 0.0 18.155555555555555 0.26000000000000006
0.0 0.8145563310069791 0.0 18.155555555555555 0.2700000000000001
0.0 0.8115653040877367 0.0 18.08888888888889 0.2800000000000001
0.0 0.8095712861415753 0.0 18.044444444444444 0.2900000000000001
0.0 0.8085742771684945 0.0 18.022222222222222 0.3000000000000001
0.0 0.806580259222333 0.0 17.977777777777778 0.3100000000000001
0.0 0.806580259222333 0.0 17.977777777777778 0.3200000000000001
0.0 0.8015952143569293 0.0 17.866666666666667 0.3300000000000001
0.0 0.8005982053838484 0.0 17.844444444444445 0.34000000000000014
0.0 0.7986041874376869 0.0 17.8 0.35000000000000014
0.0 0.7986041874376869 0.0 17.8 0.36000000000000015
0.0 0.7976071784646062 0.0 17.77777777777778 0.37000000000000016
0.0 0.7956131605184447 0.0 17.733333333333334 0.38000000000000017
0.0 0.7946161515453639 0.0 17.711111111111112 0.3900000000000002
0.0 0.7946161515453639 0.0 17.711111111111112 0.4000000000000002
0.0 0.7926221335992024 0.0 17.666666666666668 0.4100000000000002
0.0 0.7916251246261217 0.0 17.644444444444446 0.4200000000000002
0.0 0.7896311066799602 0.0 17.6 0.4300000000000002
0.0 0.7866400797607178 0.0 17.533333333333335 0.4400000000000002
0.0 0.7846460618145563 0.0 17.488888888888887 0.45000000000000023
0.0 0.7846460618145563 0.0 17.488888888888887 0.46000000000000024
0.0 0.7846460618145563 0.0 17.488888888888887 0.47000000000000025
0.0 0.7846460618145563 0.0 17.488888888888887 0.48000000000000026
0.0 0.7806580259222333 0.0 17.4 0.49000000000000027
0.0 0.7806580259222333 0.0 17.4 0.5000000000000002
0.0 0.7776669990029911 0.0 17.333333333333332 0.5100000000000002
0.0 0.7756729810568295 0.0 17.288888888888888 0.5200000000000002
0.0 0.773678963110668 0.0 17.244444444444444 0.5300000000000002
0.0 0.769690927218345 0.0 17.155555555555555 0.5400000000000003
0.0 0.7617148554336989 0.0 16.977777777777778 0.5500000000000003
0.0 0.7607178464606181 0.0 16.955555555555556 0.5600000000000003
0.0 0.7567298105682951 0.0 16.866666666666667 0.5700000000000003
0.0 0.7547357926221336 0.0 16.822222222222223 0.5800000000000003
0.0 0.748753738783649 0.0 16.68888888888889 0.5900000000000003
0.0 0.7467597208374875 0.0 16.644444444444446 0.6000000000000003
0.0 0.7457627118644068 0.0 16.622222222222224 0.6100000000000003
0.0 0.7417746759720838 0.0 16.533333333333335 0.6200000000000003
0.0 0.7397806580259222 0.0 16.488888888888887 0.6300000000000003
0.0 0.7367896311066799 0.0 16.42222222222222 0.6400000000000003
0.0 0.7318045862412762 0.0 16.31111111111111 0.6500000000000004
0.0 0.7318045862412762 0.0 16.31111111111111 0.6600000000000004
0.0 0.7308075772681955 0.0 16.288888888888888 0.6700000000000004
0.0 0.7308075772681955 0.0 16.288888888888888 0.6800000000000004
0.0 0.7288135593220338 0.0 16.244444444444444 0.6900000000000004
0.0 0.7238285144566301 0.0 16.133333333333333 0.7000000000000004
0.0 0.7178464606181456 0.0 16.0 0.7100000000000004
0.0 0.7168494516450648 0.0 15.977777777777778 0.7200000000000004
0.0 0.7138584247258225 0.0 15.911111111111111 0.7300000000000004
0.0 0.7128614157527418 0.0 15.88888888888889 0.7400000000000004
0.0 0.7088733798604188 0.0 15.8 0.7500000000000004
0.0 0.7058823529411765 0.0 15.733333333333333 0.7600000000000005
0.0 0.7028913260219342 0.0 15.666666666666666 0.7700000000000005
0.0 0.6969092721834497 0.0 15.533333333333333 0.7800000000000005
0.0 0.6919242273180458 0.0 15.422222222222222 0.7900000000000005
0.0 0.6829511465603191 0.0 15.222222222222221 0.8000000000000005
0.0 0.6799601196410767 0.0 15.155555555555555 0.8100000000000005
0.0 0.6689930209371885 0.0 14.911111111111111 0.8200000000000005
0.0 0.6660019940179461 0.0 14.844444444444445 0.8300000000000005
0.0 0.6580259222333001 0.0 14.666666666666666 0.8400000000000005
0.0 0.650049850448654 0.0 14.488888888888889 0.8500000000000005
0.0 0.6490528414755733 0.0 14.466666666666667 0.8600000000000005
0.0 0.646061814556331 0.0 14.4 0.8700000000000006
0.0 0.6400797607178464 0.0 14.266666666666667 0.8800000000000006
0.0 0.6360917248255235 0.0 14.177777777777777 0.8900000000000006
0.0 0.6251246261216351 0.0 13.933333333333334 0.9000000000000006
0.0 0.6181455633100698 0.0 13.777777777777779 0.9100000000000006
0.0 0.6101694915254238 0.0 13.6 0.9200000000000006
0.0 0.6001994017946162 0.0 13.377777777777778 0.9300000000000006
0.0 0.5792622133599202 0.0 12.911111111111111 0.9400000000000006
0.0 0.5543369890329013 0.0 12.355555555555556 0.9500000000000006
0.0 0.5284147557328016 0.0 11.777777777777779 0.9600000000000006
0.0 0.4935194416749751 0.0 11.0 0.9700000000000006
0.0 0.43270189431704886 0.0 9.644444444444444 0.9800000000000006
0.0 0.34995014955134596 0.0 7.8 0.9900000000000007
0.0 0.0 0.0 0.0
