1.0 1.0 89.97 12.5375 0.0
1.0 0.9990029910269193 89.97 12.525 0.01
1.0 0.996011964107677 89.97 12.4875 0.02
1.0 0.9910269192422732 89.97 12.425 0.03
1.0 0.9880358923230309 89.97 12.3875 0.04
1.0 0.9870388833499502 89.97 12.375 0.05
1.0 0.9820538384845464 89.97 12.3125 0.060000000000000005
1.0 0.9820538384845464 89.97 12.3125 0.07
1.0 0.9800598205383848 89.97 12.2875 0.08
1.0 0.9800598205383848 89.97 12.2875 0.09
1.0 0.9790628115653041 89.97 12.275 0.09999999999999999
1.0 0.9780658025922233 89.97 12.2625 0.10999999999999999
1.0 0.9750747756729811 89.97 12.225 0.11999999999999998
1.0 0.9730807577268196 89.97 12.2 0.12999999999999998
1.0 0.9730807577268196 89.97 12.2 0.13999999999999999
1.0 0.9700897308075773 89.97 12.1625 0.15
1.0 0.9661016949152542 89.97 12.1125 0.16
1.0 0.9641076769690927 89.97 12.0875 0.17
1.0 0.9531405782652044 89.97 11.95 0.18000000000000002
1.0 0.9491525423728814 89.97 11.9 0.19000000000000003
1.0 0.9471585244267199 89.97 11.875 0.20000000000000004
1.0 0.942173479561316 89.97 11.8125 0.21000000000000005
1.0 0.9411764705882353 89.97 11.8 0.22000000000000006
1.0 0.9391824526420738 89.97 11.775 0.23000000000000007
1.0 0.9361914257228315 89.97 11.7375 0.24000000000000007
1.0 0.9351944167497508 89.97 11.725 0.25000000000000006
1.0 0.93419740777667 89.97 11.7125 0.26000000000000006
1.0 0.93419740777667 89.97 11.7125 0.2700000000000001
1.0 0.93419740777667 89.97 11.7125 0.2800000000000001
1.0 0.9332003988035892 89.97 11.7 0.2900000000000001
1.0 0.9312063808574277 89.97 11.675 0.3000000000000001
1.0 0.9312063808574277 89.97 11.675 0.3100000000000001
1.0 0.9312063808574277 89.97 11.675 0.3200000000000001
1.0 0.9302093718843469 89.97 11.6625 0.3300000000000001
1.0 0.9292123629112662 89.97 11.65 0.34000000000000014
1.0 0.9282153539381854 89.97 11.6375 0.35000000000000014
1.0 0.9272183449651047 89.97 11.625 0.36000000000000015
1.0 0.9242273180458624 89.97 11.5875 0.37000000000000016
1.0 0.922233300099701 89.97 11.5625 0.38000000000000017
1.0 0.9192422731804586 89.97 11.525 0.3900000000000002
1.0 0.9162512462612163 89.97 11.4875 0.4000000000000002
1.0 0.9102691924227319 89.97 11.4125 0.4100000000000002
1.0 0.9042871385842473 89.97 11.3375 0.4200000000000002
1.0 0.8943170488534397 89.97 11.2125 0.4300000000000002
1.0 0.8873379860418744 89.97 11.125 0.4400000000000002
1.0 0.8823529411764706 89.97 11.0625 0.45000000000000023
1.0 0.8773678963110668 89.97 11.0 0.46000000000000024
1.0 0.8743768693918246 89.97 10.9625 0.47000000000000025
1.0 0.8713858424725822 89.97 10.925 0.48000000000000026
1.0 0.8703888334995015 89.97 10.9125 0.49000000000000027
1.0 0.86839481555334 89.97 10.8875 0.5000000000000002
1.0 0.864406779661017 89.97 10.8375 0.5100000000000002
1.0 0.8634097706879362 89.97 10.825 0.5200000000000002
1.0 0.8624127617148555 89.97 10.8125 0.5300000000000002
1.0 0.8624127617148555 89.97 10.8125 0.5400000000000003
1.0 0.8614157527417746 89.97 10.8 0.5500000000000003
1.0 0.8614157527417746 89.97 10.8 0.5600000000000003
1.0 0.8614157527417746 89.97 10.8 0.5700000000000003
1.0 0.8604187437686939 89.97 10.7875 0.5800000000000003
1.0 0.8594217347956131 89.97 10.775 0.5900000000000003
1.0 0.8594217347956131 89.97 10.775 0.6000000000000003
1.0 0.8584247258225324 89.97 10.7625 0.6100000000000003
1.0 0.8584247258225324 89.97 10.7625 0.6200000000000003
1.0 0.8534396809571286 89.97 10.7 0.6300000000000003
1.0 0.8514456630109671 89.97 10.675 0.6400000000000003
1.0 0.8494516450648056 89.97 10.65 0.6500000000000004
1.0 0.8454636091724825 89.97 10.6 0.6600000000000004
1.0 0.8374875373878365 89.97 10.5 0.6700000000000004
1.0 0.827517447657029 89.97 10.375 0.6800000000000004
1.0 0.8155533399800599 89.97 10.225 0.6900000000000004
1.0 0.8035892323030908 89.97 10.075 0.7000000000000004
1.0 0.7856430707876371 89.97 9.85 0.7100000000000004
1.0 0.7637088733798604 89.97 9.575 0.7200000000000004
1.0 0.7507477567298105 89.97 9.4125 0.7300000000000004
1.0 0.7367896311066799 89.97 9.2375 0.7400000000000004
1.0 0.7178464606181456 89.97 9.0 0.7500000000000004
1.0 0.7028913260219342 89.97 8.8125 0.7600000000000005
0.999888851839502 0.6849451645064806 89.96 8.5875 0.7700000000000005
0.9997777036790041 0.6669990029910269 89.95 8.3625 0.7800000000000005
0.9993331110370124 0.6570289132602194 89.91 8.2375 0.7900000000000005
0.9989996665555185 0.6510468594217348 89.88 8.1625 0.8000000000000005
0.9978881849505391 0.6430707876370887 89.78 8.0625 0.8100000000000005
0.9955540735800823 0.6390827517447657 89.57 8.0125 0.8200000000000005
0.9914415916416583 0.6311066799601196 89.2 7.9125 0.8300000000000005
0.9836612204068023 0.6181455633100698 88.5 7.75 0.8400000000000005
0.9709903301100367 0.609172482552343 87.36 7.6375 0.8500000000000005
0.9502056240969212 0.5613160518444666 85.49 7.0375 0.8600000000000005
0.9214182505279538 0.522432701894317 82.9 6.55 0.8700000000000006
0.8797376903412248 0.4785643070787637 79.15 6.0 0.8800000000000006
0.8274980549071913 0.42971086739780656 74.45 5.3875 0.8900000000000006
0.7669223074358119 0.35992023928215355 69.0 4.5125 0.9000000000000006
0.7126820051128154 0.2811565304087737 64.12 3.525 0.9100000000000006
0.6633322218517284 0.21036889332003988 59.68 2.6375 0.9200000000000006
0.6252084028009336 0.1575274177467597 56.25 1.975 0.9300000000000006
0.5946426586639991 0.13060817547357925 53.5 1.6375 0.9400000000000006
0.5747471379348672 0.11166500498504486 51.71 1.4 0.9500000000000006
0.5539624319217517 0.09870388833499502 49.84 1.2375 0.9600000000000006
0.5319550961431588 0.0967098703888335 47.86 1.2125 0.9700000000000006
0.4917194620429032 0.09571286141575275 44.24 1.2 0.9800000000000006
0.3983550072246304 0.09471585244267199 35.84 1.1875 0.9900000000000007
0.0 0.0 0.0 0.0
