1.0 1.0 11.24625 20.06 0.0
1.0 0.6251246261216351 11.24625 12.54 0.01
1.0 0.47756729810568294 11.24625 9.58 0.02
1.0 0.4217347956131605 11.24625 8.46 0.03
1.0 0.3938185443668993 11.24625 7.9 0.04
1.0 0.3678963110667996 11.24625 7.38 0.05
1.0 0.3180458624127617 11.24625 6.38 0.060000000000000005
1.0 0.3180458624127617 11.24625 6.38 0.07
1.0 0.2971086739780658 11.24625 5.96 0.08
1.0 0.28015952143569295 11.24625 5.62 0.09
1.0 0.2612163509471585 11.24625 5.24 0.09999999999999999
1.0 0.24925224327018944 11.24625 5.0 0.10999999999999999
1.0 0.24227318045862412 11.24625 4.86 0.11999999999999998
1.0 0.2382851445663011 11.24625 4.78 0.12999999999999998
1.0 0.2333000997008973 11.24625 4.68 0.13999999999999999
1.0 0.22333000997008973 11.24625 4.48 0.15
1.0 0.21136590229312063 11.24625 4.24 0.16
1.0 0.20638085742771686 11.24625 4.14 0.17
1.0 0.18943170488534397 11.24625 3.8 0.18000000000000002
1.0 0.1814556331006979 11.24625 3.64 0.19000000000000003
1.0 0.17048853439680958 11.24625 3.42 0.20000000000000004
1.0 0.16350947158524426 11.24625 3.28 0.21000000000000005
1.0 0.15952143569292124 11.24625 3.2 0.22000000000000006
1.0 0.15254237288135594 11.24625 3.06 0.23000000000000007
1.0 0.1485543369890329 11.24625 2.98 0.24000000000000007
1.0 0.1485543369890329 11.24625 2.98 0.25000000000000006
1.0 0.14556331006979062 11.24625 2.92 0.26000000000000006
1.0 0.14356929212362912 11.24625 2.88 0.2700000000000001
1.0 0.13958125623130607 11.24625 2.8 0.2800000000000001
1.0 0.1365902293120638 11.24625 2.74 0.2900000000000001
1.0 0.13559322033898305 11.24625 2.72 0.3000000000000001
1.0 0.13060817547357925 11.24625 2.62 0.3100000000000001
1.0 0.1296111665004985 11.24625 2.6 0.3200000000000001
1.0 0.12861415752741776 11.24625 2.58 0.3300000000000001
1.0 0.12861415752741776 11.24625 2.58 0.34000000000000014
1.0 0.12761714855433698 11.24625 2.56 0.35000000000000014
1.0 0.12562313060817548 11.24625 2.52 0.36000000000000015
1.0 0.12462612163509472 11.24625 2.5 0.37000000000000016
1.0 0.11964107676969092 11.24625 2.4 0.38000000000000017
1.0 0.1156530408773679 11.24625 2.32 0.3900000000000002
1.0 0.1106679960119641 11.24625 2.22 0.4000000000000002
1.0 0.10767696909272183 11.24625 2.16 0.4100000000000002
1.0 0.10069790628115653 11.24625 2.02 0.4200000000000002
1.0 0.09471585244267199 11.24625 1.9 0.4300000000000002
1.0 0.0897308075772682 11.24625 1.8 0.4400000000000002
1.0 0.08673978065802593 11.24625 1.74 0.45000000000000023
1.0 0.0847457627118644 11.24625 1.7 0.46000000000000024
1.0 0.07976071784646062 11.24625 1.6 0.47000000000000025
1.0 0.07577268195413758 11.24625 1.52 0.48000000000000026
1.0 0.07278165503489531 11.24625 1.46 0.49000000000000027
1.0 0.06779661016949153 11.24625 1.36 0.5000000000000002
1.0 0.06380857427716849 11.24625 1.28 0.5100000000000002
1.0 0.05982053838484546 11.24625 1.2 0.5200000000000002
1.0 0.058823529411764705 11.24625 1.18 0.5300000000000002
1.0 0.05682951146560319 11.24625 1.14 0.5400000000000003
1.0 0.05583250249252243 11.24625 1.12 0.5500000000000003
1.0 0.054835493519441676 11.24625 1.1 0.5600000000000003
1.0 0.054835493519441676 11.24625 1.1 0.5700000000000003
1.0 0.053838484546360914 11.24625 1.08 0.5800000000000003
1.0 0.05284147557328016 11.24625 1.06 0.5900000000000003
1.0 0.0518444666001994 11.24625 1.04 0.6000000000000003
1.0 0.05084745762711865 11.24625 1.02 0.6100000000000003
1.0 0.05084745762711865 11.24625 1.02 0.6200000000000003
0.999888851839502 0.049850448654037885 11.245 1.0 0.6300000000000003
0.999888851839502 0.047856430707876374 11.245 0.96 0.6400000000000003
0.999888851839502 0.047856430707876374 11.245 0.96 0.6500000000000004
0.999888851839502 0.045862412761714856 11.245 0.92 0.6600000000000004
0.999888851839502 0.0448654037886341 11.245 0.9 0.6700000000000004
0.999888851839502 0.04287138584247258 11.245 0.86 0.6800000000000004
0.999888851839502 0.03988035892323031 11.245 0.8 0.6900000000000004
0.999888851839502 0.03788634097706879 11.245 0.76 0.7000000000000004
0.999888851839502 0.03589232303090728 11.245 0.72 0.7100000000000004
0.999888851839502 0.03389830508474576 11.245 0.68 0.7200000000000004
0.999888851839502 0.03090727816550349 11.245 0.62 0.7300000000000004
0.999888851839502 0.03090727816550349 11.245 0.62 0.7400000000000004
0.999888851839502 0.028913260219341975 11.245 0.58 0.7500000000000004
0.999888851839502 0.0259222333000997 11.245 0.52 0.7600000000000005
0.999888851839502 0.02193419740777667 11.245 0.44 0.7700000000000005
0.999888851839502 0.02193419740777667 11.245 0.44 0.7800000000000005
0.999888851839502 0.019940179461615155 11.245 0.4 0.7900000000000005
0.999888851839502 0.01694915254237288 11.245 0.34 0.8000000000000005
0.999888851839502 0.01694915254237288 11.245 0.34 0.8100000000000005
0.999888851839502 0.015952143569292122 11.245 0.32 0.8200000000000005
0.9997777036790041 0.015952143569292122 11.24375 0.32 0.8300000000000005
0.9997777036790041 0.014955134596211365 11.24375 0.3 0.8400000000000005
0.9997777036790041 0.01296111665004985 11.24375 0.26 0.8500000000000005
0.9997777036790041 0.011964107676969093 11.24375 0.24 0.8600000000000005
0.9997777036790041 0.010967098703888335 11.24375 0.22 0.8700000000000006
0.9996665555185061 0.00897308075772682 11.2425 0.18 0.8800000000000006
0.9996665555185061 0.007976071784646061 11.2425 0.16 0.8900000000000006
0.9994442591975102 0.006979062811565304 11.24 0.14 0.9000000000000006
0.9992219628765144 0.005982053838484547 11.2375 0.12 0.9100000000000006
0.9992219628765144 0.003988035892323031 11.2375 0.08 0.9200000000000006
0.9989996665555185 0.0019940179461615153 11.235 0.04 0.9300000000000006
0.9987773702345226 9.970089730807576E-4 11.2325 0.02 0.9400000000000006
0.9986662220740247 0.0 11.23125 0.0 0.9500000000000006
0.9982216294320329 0.0 11.22625 0.0 0.9600000000000006
0.9978881849505391 0.0 11.2225 0.0 0.9700000000000006
0.9968878515060575 0.0 11.21125 0.0 0.9800000000000006
0.9935534066911192 0.0 11.17375 0.0 0.9900000000000007
0.0 0.0 0.0 0.0
