1.0 1.0 8.997 25.075 0.0
1.0 0.5264207377866401 8.997 13.2 0.01
1.0 0.4127617148554337 8.997 10.35 0.02
1.0 0.3659022931206381 8.997 9.175 0.03
1.0 0.3389830508474576 8.997 8.5 0.04
1.0 0.3150548354935194 8.997 7.9 0.05
1.0 0.28215353938185445 8.997 7.075 0.060000000000000005
1.0 0.28215353938185445 8.997 7.075 0.07
1.0 0.27218344965104685 8.997 6.825 0.08
1.0 0.2612163509471585 8.997 6.55 0.09
1.0 0.2472582253240279 8.997 6.2 0.09999999999999999
1.0 0.24027916251246262 8.997 6.025 0.10999999999999999
1.0 0.2313060817547358 8.997 5.8 0.11999999999999998
1.0 0.22731804586241275 8.997 5.7 0.12999999999999998
1.0 0.22333000997008973 8.997 5.6 0.13999999999999999
1.0 0.21635094715852443 8.997 5.425 0.15
1.0 0.20837487537387836 8.997 5.225 0.16
1.0 0.2053838484546361 8.997 5.15 0.17
1.0 0.19641076769690927 8.997 4.925 0.18000000000000002
1.0 0.19042871385842472 8.997 4.775 0.19000000000000003
1.0 0.18943170488534397 8.997 4.75 0.20000000000000004
1.0 0.18444666001994017 8.997 4.625 0.21000000000000005
1.0 0.1814556331006979 8.997 4.55 0.22000000000000006
1.0 0.1794616151545364 8.997 4.5 0.23000000000000007
1.0 0.17547357926221335 8.997 4.4 0.24000000000000007
1.0 0.17547357926221335 8.997 4.4 0.25000000000000006
1.0 0.17248255234297108 8.997 4.325 0.26000000000000006
1.0 0.16849451645064806 8.997 4.225 0.2700000000000001
1.0 0.1674975074775673 8.997 4.2 0.2800000000000001
1.0 0.16550348953140578 8.997 4.15 0.2900000000000001
1.0 0.16450648055832504 8.997 4.125 0.3000000000000001
1.0 0.16350947158524426 8.997 4.1 0.3100000000000001
1.0 0.16350947158524426 8.997 4.1 0.3200000000000001
1.0 0.1625124626121635 8.997 4.075 0.3300000000000001
1.0 0.1625124626121635 8.997 4.075 0.34000000000000014
1.0 0.16151545363908276 8.997 4.05 0.35000000000000014
1.0 0.15952143569292124 8.997 4.0 0.36000000000000015
1.0 0.15952143569292124 8.997 4.0 0.37000000000000016
1.0 0.15653040877367896 8.997 3.925 0.38000000000000017
1.0 0.15553339980059822 8.997 3.9 0.3900000000000002
1.0 0.15553339980059822 8.997 3.9 0.4000000000000002
1.0 0.15254237288135594 8.997 3.825 0.4100000000000002
1.0 0.1485543369890329 8.997 3.725 0.4200000000000002
1.0 0.14356929212362912 8.997 3.6 0.4300000000000002
1.0 0.1415752741774676 8.997 3.55 0.4400000000000002
1.0 0.14057826520438685 8.997 3.525 0.45000000000000023
1.0 0.13758723828514458 8.997 3.45 0.46000000000000024
1.0 0.1345962113659023 8.997 3.375 0.47000000000000025
1.0 0.13260219341974078 8.997 3.325 0.48000000000000026
1.0 0.13260219341974078 8.997 3.325 0.49000000000000027
1.0 0.13160518444666003 8.997 3.3 0.5000000000000002
1.0 0.13060817547357925 8.997 3.275 0.5100000000000002
1.0 0.13060817547357925 8.997 3.275 0.5200000000000002
1.0 0.13060817547357925 8.997 3.275 0.5300000000000002
1.0 0.13060817547357925 8.997 3.275 0.5400000000000003
1.0 0.1296111665004985 8.997 3.25 0.5500000000000003
1.0 0.1296111665004985 8.997 3.25 0.5600000000000003
1.0 0.12761714855433698 8.997 3.2 0.5700000000000003
1.0 0.12562313060817548 8.997 3.15 0.5800000000000003
1.0 0.12562313060817548 8.997 3.15 0.5900000000000003
1.0 0.1226321036889332 8.997 3.075 0.6000000000000003
1.0 0.1226321036889332 8.997 3.075 0.6100000000000003
1.0 0.1226321036889332 8.997 3.075 0.6200000000000003
1.0 0.1226321036889332 8.997 3.075 0.6300000000000003
1.0 0.1226321036889332 8.997 3.075 0.6400000000000003
1.0 0.1226321036889332 8.997 3.075 0.6500000000000004
1.0 0.1226321036889332 8.997 3.075 0.6600000000000004
1.0 0.1226321036889332 8.997 3.075 0.6700000000000004
1.0 0.12163509471585245 8.997 3.05 0.6800000000000004
1.0 0.12063808574277168 8.997 3.025 0.6900000000000004
1.0 0.11964107676969092 8.997 3.0 0.7000000000000004
1.0 0.11964107676969092 8.997 3.0 0.7100000000000004
1.0 0.11964107676969092 8.997 3.0 0.7200000000000004
1.0 0.11864406779661017 8.997 2.975 0.7300000000000004
1.0 0.11864406779661017 8.997 2.975 0.7400000000000004
1.0 0.11764705882352941 8.997 2.95 0.7500000000000004
1.0 0.11764705882352941 8.997 2.95 0.7600000000000005
1.0 0.1156530408773679 8.997 2.9 0.7700000000000005
1.0 0.11266201395812563 8.997 2.825 0.7800000000000005
1.0 0.10867397806580259 8.997 2.725 0.7900000000000005
1.0 0.10867397806580259 8.997 2.725 0.8000000000000005
1.0 0.10468594217347957 8.997 2.625 0.8100000000000005
1.0 0.1016949152542373 8.997 2.55 0.8200000000000005
1.0 0.10069790628115653 8.997 2.525 0.8300000000000005
1.0 0.10069790628115653 8.997 2.525 0.8400000000000005
1.0 0.09970089730807577 8.997 2.5 0.8500000000000005
0.999888851839502 0.09770687936191426 8.996 2.45 0.8600000000000005
0.999888851839502 0.09770687936191426 8.996 2.45 0.8700000000000006
0.9997777036790041 0.09770687936191426 8.995 2.45 0.8800000000000006
0.9997777036790041 0.0967098703888335 8.995 2.425 0.8900000000000006
0.9997777036790041 0.0967098703888335 8.995 2.425 0.9000000000000006
0.9997777036790041 0.0967098703888335 8.995 2.425 0.9100000000000006
0.9997777036790041 0.09571286141575275 8.995 2.4 0.9200000000000006
0.9997777036790041 0.09571286141575275 8.995 2.4 0.9300000000000006
0.9997777036790041 0.09571286141575275 8.995 2.4 0.9400000000000006
0.9995554073580082 0.09571286141575275 8.993 2.4 0.9500000000000006
0.9995554073580082 0.09571286141575275 8.993 2.4 0.9600000000000006
0.9995554073580082 0.09571286141575275 8.993 2.4 0.9700000000000006
0.9994442591975102 0.09571286141575275 8.992 2.4 0.9800000000000006
0.9988885183950206 0.09471585244267199 8.987 2.375 0.9900000000000007
0.0 0.0 0.0 0.0
