1.0 1.0 89.97 Infinity 0.0
1.0 0.9980059820538385 89.97 Infinity 0.01
1.0 0.9930209371884346 89.97 Infinity 0.02
1.0 0.9880358923230309 89.97 Infinity 0.03
1.0 0.9850448654037887 89.97 Infinity 0.04
1.0 0.9840478564307079 89.97 Infinity 0.05
1.0 0.9790628115653041 89.97 Infinity 0.060000000000000005
1.0 0.9790628115653041 89.97 Infinity 0.07
1.0 0.9780658025922233 89.97 Infinity 0.08
1.0 0.9770687936191426 89.97 Infinity 0.09
1.0 0.9760717846460618 89.97 Infinity 0.09999999999999999
1.0 0.9740777666999003 89.97 Infinity 0.10999999999999999
1.0 0.9740777666999003 89.97 Infinity 0.11999999999999998
1.0 0.9740777666999003 89.97 Infinity 0.12999999999999998
1.0 0.9740777666999003 89.97 Infinity 0.13999999999999999
1.0 0.9730807577268196 89.97 Infinity 0.15
1.0 0.9700897308075773 89.97 Infinity 0.16
1.0 0.9690927218344965 89.97 Infinity 0.17
1.0 0.9661016949152542 89.97 Infinity 0.18000000000000002
1.0 0.9641076769690927 89.97 Infinity 0.19000000000000003
1.0 0.9611166500498505 89.97 Infinity 0.20000000000000004
1.0 0.959122632103689 89.97 Infinity 0.21000000000000005
1.0 0.9581256231306082 89.97 Infinity 0.22000000000000006
1.0 0.9551345962113659 89.97 Infinity 0.23000000000000007
1.0 0.9541375872382851 89.97 Infinity 0.24000000000000007
1.0 0.9531405782652044 89.97 Infinity 0.25000000000000006
1.0 0.9531405782652044 89.97 Infinity 0.26000000000000006
1.0 0.9531405782652044 89.97 Infinity 0.2700000000000001
1.0 0.9531405782652044 89.97 Infinity 0.2800000000000001
1.0 0.9531405782652044 89.97 Infinity 0.2900000000000001
1.0 0.9521435692921236 89.97 Infinity 0.3000000000000001
1.0 0.9521435692921236 89.97 Infinity 0.3100000000000001
1.0 0.9521435692921236 89.97 Infinity 0.3200000000000001
1.0 0.9521435692921236 89.97 Infinity 0.3300000000000001
1.0 0.9521435692921236 89.97 Infinity 0.34000000000000014
1.0 0.9521435692921236 89.97 Infinity 0.35000000000000014
1.0 0.9521435692921236 89.97 Infinity 0.36000000000000015
1.0 0.9501495513459621 89.97 Infinity 0.37000000000000016
1.0 0.9461615154536391 89.97 Infinity 0.38000000000000017
1.0 0.9411764705882353 89.97 Infinity 0.3900000000000002
1.0 0.9401794616151545 89.97 Infinity 0.4000000000000002
1.0 0.938185443668993 89.97 Infinity 0.4100000000000002
1.0 0.9351944167497508 89.97 Infinity 0.4200000000000002
1.0 0.9302093718843469 89.97 Infinity 0.4300000000000002
1.0 0.9242273180458624 89.97 Infinity 0.4400000000000002
1.0 0.9212362911266201 89.97 Infinity 0.45000000000000023
1.0 0.9202392821535393 89.97 Infinity 0.46000000000000024
1.0 0.9162512462612163 89.97 Infinity 0.47000000000000025
1.0 0.9122632103688934 89.97 Infinity 0.48000000000000026
1.0 0.909272183449651 89.97 Infinity 0.49000000000000027
1.0 0.9072781655034895 89.97 Infinity 0.5000000000000002
1.0 0.9072781655034895 89.97 Infinity 0.5100000000000002
1.0 0.9042871385842473 89.97 Infinity 0.5200000000000002
1.0 0.9032901296111665 89.97 Infinity 0.5300000000000002
1.0 0.9022931206380858 89.97 Infinity 0.5400000000000003
1.0 0.901296111665005 89.97 Infinity 0.5500000000000003
1.0 0.901296111665005 89.97 Infinity 0.5600000000000003
1.0 0.901296111665005 89.97 Infinity 0.5700000000000003
1.0 0.8993020937188435 89.97 Infinity 0.5800000000000003
1.0 0.8983050847457628 89.97 Infinity 0.5900000000000003
1.0 0.8973080757726819 89.97 Infinity 0.6000000000000003
1.0 0.8933200398803589 89.97 Infinity 0.6100000000000003
1.0 0.8923230309072782 89.97 Infinity 0.6200000000000003
1.0 0.8863409770687937 89.97 Infinity 0.6300000000000003
1.0 0.8833499501495513 89.97 Infinity 0.6400000000000003
1.0 0.8793619142572283 89.97 Infinity 0.6500000000000004
1.0 0.86839481555334 89.97 Infinity 0.6600000000000004
1.0 0.8604187437686939 89.97 Infinity 0.6700000000000004
1.0 0.8464606181455633 89.97 Infinity 0.6800000000000004
1.0 0.8285144566301097 89.97 Infinity 0.6900000000000004
1.0 0.8165503489531406 89.97 Infinity 0.7000000000000004
1.0 0.7996011964107677 89.97 Infinity 0.7100000000000004
1.0 0.7756729810568295 89.97 Infinity 0.7200000000000004
1.0 0.7537387836490529 89.97 Infinity 0.7300000000000004
1.0 0.7347956131605184 89.97 Infinity 0.7400000000000004
1.0 0.7178464606181456 89.97 Infinity 0.7500000000000004
1.0 0.7018943170488534 89.97 Infinity 0.7600000000000005
1.0 0.6939182452642074 89.97 Infinity 0.7700000000000005
0.999888851839502 0.6859421734795613 89.96 Infinity 0.7800000000000005
0.9995554073580082 0.6799601196410767 89.93 Infinity 0.7900000000000005
0.9988885183950206 0.674975074775673 89.87 Infinity 0.8000000000000005
0.9972212959875514 0.6689930209371885 89.72 Infinity 0.8100000000000005
0.9953317772590864 0.6669990029910269 89.55 Infinity 0.8200000000000005
0.9907747026786706 0.6570289132602194 89.14 Infinity 0.8300000000000005
0.9813271090363455 0.6440677966101694 88.29 Infinity 0.8400000000000005
0.9650994776036457 0.6331006979062812 86.83 Infinity 0.8500000000000005
0.9370901411581638 0.5882352941176471 84.31 Infinity 0.8600000000000005
0.8995220629098588 0.5373878364905285 80.93 Infinity 0.8700000000000006
0.8460597977103479 0.48255234297108673 76.12 Infinity 0.8800000000000006
0.7819273091030343 0.4247258225324028 70.35 Infinity 0.8900000000000006
0.7137934867177949 0.325024925224327 64.22 Infinity 0.9000000000000006
0.6426586639991109 0.22532402791625125 57.82 Infinity 0.9100000000000006
0.5799711014782706 0.14257228315054835 52.18 Infinity 0.9200000000000006
0.5364010225630765 0.0707876370887338 48.26 Infinity 0.9300000000000006
0.4968322774258086 0.03489531405782652 44.7 Infinity 0.9400000000000006
0.47382460820273425 0.013958125623130608 42.63 Infinity 0.9500000000000006
0.4600422363009892 0.0019940179461615153 41.39 Infinity 0.9600000000000006
0.4457041235967545 9.970089730807576E-4 40.1 Infinity 0.9700000000000006
0.4089140824719351 9.970089730807576E-4 36.79 Infinity 0.9800000000000006
0.31843947982660886 0.0 28.65 NaN 0.9900000000000007
0.0 0.0 0.0 0.0
