1.0 1.0 44.985 22.288888888888888 0.0
1.0 0.9940179461615155 44.985 22.155555555555555 0.01
1.0 0.9680957128614157 44.985 21.57777777777778 0.02
1.0 0.9501495513459621 44.985 21.177777777777777 0.03
1.0 0.9401794616151545 44.985 20.955555555555556 0.04
1.0 0.9351944167497508 44.985 20.844444444444445 0.05
1.0 0.9162512462612163 44.985 20.42222222222222 0.060000000000000005
1.0 0.9162512462612163 44.985 20.42222222222222 0.07
1.0 0.9082751744765702 44.985 20.244444444444444 0.08
1.0 0.901296111665005 44.985 20.08888888888889 0.09
1.0 0.8933200398803589 44.985 19.91111111111111 0.09999999999999999
1.0 0.8873379860418744 44.985 19.77777777777778 0.10999999999999999
1.0 0.8823529411764706 44.985 19.666666666666668 0.11999999999999998
1.0 0.8793619142572283 44.985 19.6 0.12999999999999998
1.0 0.8733798604187437 44.985 19.466666666666665 0.13999999999999999
1.0 0.864406779661017 44.985 19.266666666666666 0.15
1.0 0.8604187437686939 44.985 19.177777777777777 0.16
1.0 0.8544366899302094 44.985 19.044444444444444 0.17
1.0 0.839481555333998 44.985 18.711111111111112 0.18000000000000002
1.0 0.8265204386839482 44.985 18.42222222222222 0.19000000000000003
1.0 0.8185443668993021 44.985 18.244444444444444 0.20000000000000004
1.0 0.80259222333001 44.985 17.88888888888889 0.21000000000000005
1.0 0.8015952143569293 44.985 17.866666666666667 0.22000000000000006
1.0 0.8015952143569293 44.985 17.866666666666667 0.23000000000000007
1.0 0.7966101694915254 44.985 17.755555555555556 0.24000000000000007
1.0 0.7936191425722832 44.985 17.68888888888889 0.25000000000000006
1.0 0.7896311066799602 44.985 17.6 0.26000000000000006
1.0 0.7886340977068793 44.985 17.57777777777778 0.2700000000000001
1.0 0.7876370887337986 44.985 17.555555555555557 0.2800000000000001
1.0 0.7876370887337986 44.985 17.555555555555557 0.2900000000000001
1.0 0.7866400797607178 44.985 17.533333333333335 0.3000000000000001
1.0 0.7856430707876371 44.985 17.511111111111113 0.3100000000000001
1.0 0.7836490528414756 44.985 17.466666666666665 0.3200000000000001
1.0 0.7816550348953141 44.985 17.42222222222222 0.3300000000000001
1.0 0.7796610169491526 44.985 17.377777777777776 0.34000000000000014
1.0 0.7756729810568295 44.985 17.288888888888888 0.35000000000000014
1.0 0.7726819541375872 44.985 17.22222222222222 0.36000000000000015
1.0 0.7686939182452642 44.985 17.133333333333333 0.37000000000000016
1.0 0.7637088733798604 44.985 17.022222222222222 0.38000000000000017
1.0 0.7597208374875374 44.985 16.933333333333334 0.3900000000000002
1.0 0.7497507477567298 44.985 16.711111111111112 0.4000000000000002
1.0 0.7357926221335992 44.985 16.4 0.4100000000000002
1.0 0.7278165503489531 44.985 16.22222222222222 0.4200000000000002
1.0 0.7188434695912264 44.985 16.022222222222222 0.4300000000000002
1.0 0.7048853439680958 44.985 15.71111111111111 0.4400000000000002
1.0 0.6849451645064806 44.985 15.266666666666667 0.45000000000000023
1.0 0.6759720837487537 44.985 15.066666666666666 0.46000000000000024
1.0 0.6689930209371885 44.985 14.911111111111111 0.47000000000000025
1.0 0.6600199401794616 44.985 14.71111111111111 0.48000000000000026
1.0 0.6550348953140578 44.985 14.6 0.49000000000000027
1.0 0.650049850448654 44.985 14.488888888888889 0.5000000000000002
1.0 0.646061814556331 44.985 14.4 0.5100000000000002
1.0 0.6410767696909272 44.985 14.28888888888889 0.5200000000000002
1.0 0.6410767696909272 44.985 14.28888888888889 0.5300000000000002
1.0 0.6400797607178464 44.985 14.266666666666667 0.5400000000000003
1.0 0.6360917248255235 44.985 14.177777777777777 0.5500000000000003
1.0 0.6331006979062812 44.985 14.11111111111111 0.5600000000000003
1.0 0.6321036889332003 44.985 14.088888888888889 0.5700000000000003
1.0 0.6311066799601196 44.985 14.066666666666666 0.5800000000000003
1.0 0.6291126620139581 44.985 14.022222222222222 0.5900000000000003
1.0 0.6281156530408774 44.985 14.0 0.6000000000000003
1.0 0.6251246261216351 44.985 13.933333333333334 0.6100000000000003
1.0 0.6241276171485544 44.985 13.911111111111111 0.6200000000000003
1.0 0.6201395812562313 44.985 13.822222222222223 0.6300000000000003
1.0 0.6151545363908275 44.985 13.71111111111111 0.6400000000000003
1.0 0.6111665004985045 44.985 13.622222222222222 0.6500000000000004
1.0 0.6001994017946162 44.985 13.377777777777778 0.6600000000000004
1.0 0.5902293120638086 44.985 13.155555555555555 0.6700000000000004
1.0 0.5732801595214357 44.985 12.777777777777779 0.6800000000000004
1.0 0.5563310069790628 44.985 12.4 0.6900000000000004
1.0 0.5373878364905285 44.985 11.977777777777778 0.7000000000000004
1.0 0.5214356929212363 44.985 11.622222222222222 0.7100000000000004
1.0 0.49252243270189433 44.985 10.977777777777778 0.7200000000000004
1.0 0.46859421734795614 44.985 10.444444444444445 0.7300000000000004
1.0 0.45363908275174475 44.985 10.11111111111111 0.7400000000000004
1.0 0.4307078763708873 44.985 9.6 0.7500000000000004
1.0 0.40279162512462613 44.985 8.977777777777778 0.7600000000000005
1.0 0.3918245264207378 44.985 8.733333333333333 0.7700000000000005
1.0 0.37686939182452645 44.985 8.4 0.7800000000000005
0.9995554073580082 0.3708873379860419 44.965 8.266666666666667 0.7900000000000005
0.9993331110370124 0.3629112662013958 44.955 8.088888888888889 0.8000000000000005
0.9989996665555185 0.35194416749750745 44.94 7.844444444444444 0.8100000000000005
0.9977770367900411 0.34795613160518446 44.885 7.7555555555555555 0.8200000000000005
0.9956652217405801 0.3459621136590229 44.79 7.711111111111111 0.8300000000000005
0.992108480604646 0.33798604187437686 44.63 7.533333333333333 0.8400000000000005
0.984216961209292 0.3300099700897308 44.275 7.355555555555555 0.8500000000000005
0.9754362565299545 0.29611166500498504 43.88 6.6 0.8600000000000005
0.9595420695787484 0.2741774675972084 43.165 6.111111111111111 0.8700000000000006
0.9398688451706124 0.24027916251246262 42.28 5.355555555555555 0.8800000000000006
0.9158608425030565 0.21335992023928216 41.2 4.7555555555555555 0.8900000000000006
0.8927420251194843 0.15453639082751744 40.16 3.4444444444444446 0.9000000000000006
0.8682894298099366 0.11365902293120637 39.06 2.533333333333333 0.9100000000000006
0.8481716127598088 0.0707876370887338 38.155 1.5777777777777777 0.9200000000000006
0.8310547960431255 0.036889332003988036 37.385 0.8222222222222222 0.9300000000000006
0.8168278314993886 0.015952143569292122 36.745 0.35555555555555557 0.9400000000000006
0.8073802378570635 0.005982053838484547 36.32 0.13333333333333333 0.9500000000000006
0.7978214960542404 0.0019940179461615153 35.89 0.044444444444444446 0.9600000000000006
0.782816494387018 9.970089730807576E-4 35.215 0.022222222222222223 0.9700000000000006
0.7475825275091698 0.0 33.63 0.0 0.9800000000000006
0.6504390352339668 0.0 29.26 0.0 0.9900000000000007
0.0 0.0 0.0 0.0
