1.0 1.0 9.046 2.008 0.0
1.0 0.4760956175298805 9.046 0.956 0.01
1.0 0.34163346613545814 9.046 0.686 0.02
1.0 0.28286852589641437 9.046 0.568 0.03
1.0 0.2539840637450199 9.046 0.51 0.04
1.0 0.23107569721115537 9.046 0.464 0.05
1.0 0.19621513944223107 9.046 0.394 0.060000000000000005
1.0 0.19621513944223107 9.046 0.394 0.07
1.0 0.18127490039840638 9.046 0.364 0.08
1.0 0.17131474103585656 9.046 0.344 0.09
1.0 0.16533864541832669 9.046 0.332 0.09999999999999999
1.0 0.1593625498007968 9.046 0.32 0.10999999999999999
1.0 0.15737051792828685 9.046 0.316 0.11999999999999998
1.0 0.15239043824701196 9.046 0.306 0.12999999999999998
1.0 0.15139442231075698 9.046 0.304 0.13999999999999999
1.0 0.14641434262948208 9.046 0.294 0.15
1.0 0.14342629482071714 9.046 0.288 0.16
1.0 0.14043824701195218 9.046 0.282 0.17
1.0 0.12350597609561753 9.046 0.248 0.18000000000000002
1.0 0.1205179282868526 9.046 0.242 0.19000000000000003
1.0 0.1145418326693227 9.046 0.23 0.20000000000000004
1.0 0.10956175298804781 9.046 0.22 0.21000000000000005
1.0 0.10657370517928287 9.046 0.214 0.22000000000000006
1.0 0.10557768924302789 9.046 0.212 0.23000000000000007
1.0 0.10358565737051793 9.046 0.208 0.24000000000000007
1.0 0.10258964143426295 9.046 0.206 0.25000000000000006
1.0 0.10159362549800798 9.046 0.204 0.26000000000000006
1.0 0.09860557768924302 9.046 0.198 0.2700000000000001
1.0 0.09860557768924302 9.046 0.198 0.2800000000000001
1.0 0.09661354581673307 9.046 0.194 0.2900000000000001
1.0 0.09661354581673307 9.046 0.194 0.3000000000000001
1.0 0.09561752988047809 9.046 0.192 0.3100000000000001
1.0 0.09362549800796813 9.046 0.188 0.3200000000000001
1.0 0.09362549800796813 9.046 0.188 0.3300000000000001
1.0 0.09362549800796813 9.046 0.188 0.34000000000000014
1.0 0.08964143426294821 9.046 0.18 0.35000000000000014
1.0 0.08665338645418327 9.046 0.174 0.36000000000000015
1.0 0.08366533864541832 9.046 0.168 0.37000000000000016
1.0 0.08167330677290836 9.046 0.164 0.38000000000000017
1.0 0.07868525896414343 9.046 0.158 0.3900000000000002
1.0 0.07669322709163347 9.046 0.154 0.4000000000000002
1.0 0.07370517928286853 9.046 0.148 0.4100000000000002
1.0 0.07071713147410359 9.046 0.142 0.4200000000000002
1.0 0.06872509960159362 9.046 0.138 0.4300000000000002
1.0 0.06673306772908366 9.046 0.134 0.4400000000000002
1.0 0.0647410358565737 9.046 0.13 0.45000000000000023
1.0 0.06274900398406374 9.046 0.126 0.46000000000000024
1.0 0.05976095617529881 9.046 0.12 0.47000000000000025
1.0 0.05876494023904383 9.046 0.118 0.48000000000000026
1.0 0.05677290836653386 9.046 0.114 0.49000000000000027
1.0 0.054780876494023904 9.046 0.11 0.5000000000000002
1.0 0.053784860557768925 9.046 0.108 0.5100000000000002
1.0 0.052788844621513946 9.046 0.106 0.5200000000000002
1.0 0.05079681274900399 9.046 0.102 0.5300000000000002
1.0 0.049800796812749 9.046 0.1 0.5400000000000003
1.0 0.049800796812749 9.046 0.1 0.5500000000000003
1.0 0.049800796812749 9.046 0.1 0.5600000000000003
1.0 0.049800796812749 9.046 0.1 0.5700000000000003
1.0 0.04880478087649402 9.046 0.098 0.5800000000000003
1.0 0.04880478087649402 9.046 0.098 0.5900000000000003
1.0 0.04880478087649402 9.046 0.098 0.6000000000000003
1.0 0.04880478087649402 9.046 0.098 0.6100000000000003
1.0 0.04880478087649402 9.046 0.098 0.6200000000000003
1.0 0.04880478087649402 9.046 0.098 0.6300000000000003
1.0 0.04880478087649402 9.046 0.098 0.6400000000000003
1.0 0.04880478087649402 9.046 0.098 0.6500000000000004
1.0 0.04880478087649402 9.046 0.098 0.6600000000000004
1.0 0.046812749003984064 9.046 0.094 0.6700000000000004
1.0 0.045816733067729085 9.046 0.092 0.6800000000000004
1.0 0.044820717131474105 9.046 0.09 0.6900000000000004
1.0 0.043824701195219126 9.046 0.088 0.7000000000000004
1.0 0.04183266932270916 9.046 0.084 0.7100000000000004
1.0 0.036852589641434265 9.046 0.074 0.7200000000000004
1.0 0.036852589641434265 9.046 0.074 0.7300000000000004
1.0 0.036852589641434265 9.046 0.074 0.7400000000000004
1.0 0.0348605577689243 9.046 0.07 0.7500000000000004
1.0 0.03386454183266932 9.046 0.068 0.7600000000000005
1.0 0.03286852589641434 9.046 0.066 0.7700000000000005
1.0 0.03286852589641434 9.046 0.066 0.7800000000000005
1.0 0.03286852589641434 9.046 0.066 0.7900000000000005
1.0 0.03286852589641434 9.046 0.066 0.8000000000000005
1.0 0.03286852589641434 9.046 0.066 0.8100000000000005
0.9998894539022772 0.03187250996015936 9.045 0.064 0.8200000000000005
0.9998894539022772 0.03187250996015936 9.045 0.064 0.8300000000000005
0.9997789078045545 0.030876494023904383 9.044 0.062 0.8400000000000005
0.9996683617068317 0.030876494023904383 9.043 0.062 0.8500000000000005
0.9994472695113863 0.029880478087649404 9.041 0.06 0.8600000000000005
0.9993367234136635 0.02888446215139442 9.04 0.058 0.8700000000000006
0.999115631218218 0.027888446215139442 9.038 0.056 0.8800000000000006
0.9984523546318815 0.026892430278884463 9.032 0.054 0.8900000000000006
0.9978996241432677 0.026892430278884463 9.027 0.054 0.9000000000000006
0.997346893654654 0.0249003984063745 9.022 0.05 0.9100000000000006
0.996462524872872 0.021912350597609563 9.014 0.044 0.9200000000000006
0.9959097943842582 0.02091633466135458 9.009 0.042 0.9300000000000006
0.9956887021888128 0.02091633466135458 9.007 0.042 0.9400000000000006
0.9954676099933673 0.0199203187250996 9.005 0.04 0.9500000000000006
0.9953570638956445 0.0199203187250996 9.004 0.04 0.9600000000000006
0.9952465177979217 0.0199203187250996 9.003 0.04 0.9700000000000006
0.9950254256024762 0.0199203187250996 9.001 0.04 0.9800000000000006
0.9941410568206942 0.0199203187250996 8.993 0.04 0.9900000000000007
0.0 0.0 0.0 0.0
