1.0 1.0 44.985 Infinity 0.0
1.0 0.9940179461615155 44.985 Infinity 0.01
1.0 0.9780658025922233 44.985 Infinity 0.02
1.0 0.9720837487537388 44.985 Infinity 0.03
1.0 0.9661016949152542 44.985 Infinity 0.04
1.0 0.9621136590229312 44.985 Infinity 0.05
1.0 0.9441674975074775 44.985 Infinity 0.060000000000000005
1.0 0.9441674975074775 44.985 Infinity 0.07
1.0 0.9371884346959123 44.985 Infinity 0.08
1.0 0.9312063808574277 44.985 Infinity 0.09
1.0 0.9252243270189432 44.985 Infinity 0.09999999999999999
1.0 0.9242273180458624 44.985 Infinity 0.10999999999999999
1.0 0.9232303090727817 44.985 Infinity 0.11999999999999998
1.0 0.9212362911266201 44.985 Infinity 0.12999999999999998
1.0 0.9192422731804586 44.985 Infinity 0.13999999999999999
1.0 0.9152542372881356 44.985 Infinity 0.15
1.0 0.9082751744765702 44.985 Infinity 0.16
1.0 0.8983050847457628 44.985 Infinity 0.17
1.0 0.8803589232303091 44.985 Infinity 0.18000000000000002
1.0 0.8763708873379861 44.985 Infinity 0.19000000000000003
1.0 0.8693918245264207 44.985 Infinity 0.20000000000000004
1.0 0.8634097706879362 44.985 Infinity 0.21000000000000005
1.0 0.8584247258225324 44.985 Infinity 0.22000000000000006
1.0 0.8534396809571286 44.985 Infinity 0.23000000000000007
1.0 0.847457627118644 44.985 Infinity 0.24000000000000007
1.0 0.843469591226321 44.985 Infinity 0.25000000000000006
1.0 0.8424725822532403 44.985 Infinity 0.26000000000000006
1.0 0.8424725822532403 44.985 Infinity 0.2700000000000001
1.0 0.8404785643070788 44.985 Infinity 0.2800000000000001
1.0 0.8374875373878365 44.985 Infinity 0.2900000000000001
1.0 0.8315054835493519 44.985 Infinity 0.3000000000000001
1.0 0.8285144566301097 44.985 Infinity 0.3100000000000001
1.0 0.827517447657029 44.985 Infinity 0.3200000000000001
1.0 0.8245264207377866 44.985 Infinity 0.3300000000000001
1.0 0.8215353938185443 44.985 Infinity 0.34000000000000014
1.0 0.8185443668993021 44.985 Infinity 0.35000000000000014
1.0 0.8155533399800599 44.985 Infinity 0.36000000000000015
1.0 0.810568295114656 44.985 Infinity 0.37000000000000016
1.0 0.80259222333001 44.985 Infinity 0.38000000000000017
1.0 0.7966101694915254 44.985 Infinity 0.3900000000000002
1.0 0.7876370887337986 44.985 Infinity 0.4000000000000002
1.0 0.7766699900299102 44.985 Infinity 0.4100000000000002
1.0 0.7666999002991027 44.985 Infinity 0.4200000000000002
1.0 0.7537387836490529 44.985 Infinity 0.4300000000000002
1.0 0.7457627118644068 44.985 Infinity 0.4400000000000002
1.0 0.7357926221335992 44.985 Infinity 0.45000000000000023
1.0 0.7298105682951147 44.985 Infinity 0.46000000000000024
1.0 0.7208374875373879 44.985 Infinity 0.47000000000000025
1.0 0.7148554336989033 44.985 Infinity 0.48000000000000026
1.0 0.7098703888334995 44.985 Infinity 0.49000000000000027
1.0 0.7058823529411765 44.985 Infinity 0.5000000000000002
1.0 0.6999002991026919 44.985 Infinity 0.5100000000000002
1.0 0.6949152542372882 44.985 Infinity 0.5200000000000002
1.0 0.6899302093718843 44.985 Infinity 0.5300000000000002
1.0 0.6879361914257228 44.985 Infinity 0.5400000000000003
1.0 0.6839481555333998 44.985 Infinity 0.5500000000000003
1.0 0.6829511465603191 44.985 Infinity 0.5600000000000003
1.0 0.6829511465603191 44.985 Infinity 0.5700000000000003
1.0 0.6809571286141576 44.985 Infinity 0.5800000000000003
1.0 0.6809571286141576 44.985 Infinity 0.5900000000000003
1.0 0.6799601196410767 44.985 Infinity 0.6000000000000003
1.0 0.6769690927218345 44.985 Infinity 0.6100000000000003
1.0 0.6759720837487537 44.985 Infinity 0.6200000000000003
1.0 0.6729810568295115 44.985 Infinity 0.6300000000000003
1.0 0.6669990029910269 44.985 Infinity 0.6400000000000003
1.0 0.6620139581256231 44.985 Infinity 0.6500000000000004
1.0 0.6510468594217348 44.985 Infinity 0.6600000000000004
1.0 0.6370887337986042 44.985 Infinity 0.6700000000000004
1.0 0.6221335992023929 44.985 Infinity 0.6800000000000004
1.0 0.6101694915254238 44.985 Infinity 0.6900000000000004
1.0 0.5892323030907278 44.985 Infinity 0.7000000000000004
1.0 0.5682951146560319 44.985 Infinity 0.7100000000000004
1.0 0.5314057826520439 44.985 Infinity 0.7200000000000004
1.0 0.5094715852442672 44.985 Infinity 0.7300000000000004
1.0 0.48554336989032904 44.985 Infinity 0.7400000000000004
1.0 0.4666001994017946 44.985 Infinity 0.7500000000000004
1.0 0.4456630109670987 44.985 Infinity 0.7600000000000005
1.0 0.4307078763708873 44.985 Infinity 0.7700000000000005
0.9997777036790041 0.4127617148554337 44.975 Infinity 0.7800000000000005
0.9995554073580082 0.4047856430707876 44.965 Infinity 0.7900000000000005
0.9992219628765144 0.3968095712861416 44.95 Infinity 0.8000000000000005
0.9984439257530288 0.3948155533399801 44.915 Infinity 0.8100000000000005
0.9968878515060575 0.39082751744765704 44.845 Infinity 0.8200000000000005
0.994109147493609 0.382851445663011 44.72 Infinity 0.8300000000000005
0.9898855173946871 0.37587238285144564 44.53 Infinity 0.8400000000000005
0.9816605535178393 0.36390827517447655 44.16 Infinity 0.8500000000000005
0.9666555518506169 0.3339980059820538 43.485 Infinity 0.8600000000000005
0.9459819939979993 0.3100697906281156 42.555 Infinity 0.8700000000000006
0.919084139157497 0.2781655034895314 41.345 Infinity 0.8800000000000006
0.8857396910081138 0.24127617148554337 39.845 Infinity 0.8900000000000006
0.8506168722907635 0.1814556331006979 38.265 Infinity 0.9000000000000006
0.8148271646104257 0.13160518444666003 36.655 Infinity 0.9100000000000006
0.7819273091030343 0.0847457627118644 35.175 Infinity 0.9200000000000006
0.7625875291763922 0.040877367896311065 34.305 Infinity 0.9300000000000006
0.7443592308547293 0.023928215353938187 33.485 Infinity 0.9400000000000006
0.7330221184839391 0.006979062811565304 32.975 Infinity 0.9500000000000006
0.7194620429031899 9.970089730807576E-4 32.365 Infinity 0.9600000000000006
0.7059019673224408 9.970089730807576E-4 31.755 Infinity 0.9700000000000006
0.672001778370568 0.0 30.23 NaN 0.9800000000000006
0.5719684339224186 0.0 25.73 NaN 0.9900000000000007
0.0 0.0 0.0 0.0
