1.0 1.0 17.994 22.288888888888888 0.0
1.0 0.8793619142572283 17.994 19.6 0.01
1.0 0.7806580259222333 17.994 17.4 0.02
1.0 0.7278165503489531 17.994 16.22222222222222 0.03
1.0 0.6979062811565304 17.994 15.555555555555555 0.04
1.0 0.6640079760717846 17.994 14.8 0.05
1.0 0.6181455633100698 17.994 13.777777777777779 0.060000000000000005
1.0 0.6181455633100698 17.994 13.777777777777779 0.07
1.0 0.6041874376869392 17.994 13.466666666666667 0.08
1.0 0.5872382851445663 17.994 13.088888888888889 0.09
1.0 0.5732801595214357 17.994 12.777777777777779 0.09999999999999999
1.0 0.5573280159521435 17.994 12.422222222222222 0.10999999999999999
1.0 0.5533399800598205 17.994 12.333333333333334 0.11999999999999998
1.0 0.5453639082751744 17.994 12.155555555555555 0.12999999999999998
1.0 0.5363908275174477 17.994 11.955555555555556 0.13999999999999999
1.0 0.5294117647058824 17.994 11.8 0.15
1.0 0.5214356929212363 17.994 11.622222222222222 0.16
1.0 0.5084745762711864 17.994 11.333333333333334 0.17
1.0 0.4865403788634098 17.994 10.844444444444445 0.18000000000000002
1.0 0.4745762711864407 17.994 10.577777777777778 0.19000000000000003
1.0 0.45862412761714855 17.994 10.222222222222221 0.20000000000000004
1.0 0.45164506480558325 17.994 10.066666666666666 0.21000000000000005
1.0 0.44466600199401796 17.994 9.911111111111111 0.22000000000000006
1.0 0.43968095712861416 17.994 9.8 0.23000000000000007
1.0 0.43768693918245266 17.994 9.755555555555556 0.24000000000000007
1.0 0.43469591226321036 17.994 9.688888888888888 0.25000000000000006
1.0 0.42771684945164506 17.994 9.533333333333333 0.26000000000000006
1.0 0.42273180458624127 17.994 9.422222222222222 0.2700000000000001
1.0 0.4217347956131605 17.994 9.4 0.2800000000000001
1.0 0.419740777666999 17.994 9.355555555555556 0.2900000000000001
1.0 0.41575274177467597 17.994 9.266666666666667 0.3000000000000001
1.0 0.4137587238285145 17.994 9.222222222222221 0.3100000000000001
1.0 0.4117647058823529 17.994 9.177777777777777 0.3200000000000001
1.0 0.4107676969092722 17.994 9.155555555555555 0.3300000000000001
1.0 0.4067796610169492 17.994 9.066666666666666 0.34000000000000014
1.0 0.3988035892323031 17.994 8.88888888888889 0.35000000000000014
1.0 0.38883349950149554 17.994 8.666666666666666 0.36000000000000015
1.0 0.386839481555334 17.994 8.622222222222222 0.37000000000000016
1.0 0.37886340977068794 17.994 8.444444444444445 0.38000000000000017
1.0 0.3698903290129611 17.994 8.244444444444444 0.3900000000000002
1.0 0.35194416749750745 17.994 7.844444444444444 0.4000000000000002
1.0 0.3349950149551346 17.994 7.466666666666667 0.4100000000000002
1.0 0.32901296111665007 17.994 7.333333333333333 0.4200000000000002
1.0 0.3160518444666002 17.994 7.044444444444444 0.4300000000000002
1.0 0.29910269192422734 17.994 6.666666666666667 0.4400000000000002
1.0 0.28414755732801594 17.994 6.333333333333333 0.45000000000000023
1.0 0.2741774675972084 17.994 6.111111111111111 0.46000000000000024
1.0 0.26719840478564305 17.994 5.955555555555556 0.47000000000000025
1.0 0.25623130608175476 17.994 5.711111111111111 0.48000000000000026
1.0 0.2502492522432702 17.994 5.5777777777777775 0.49000000000000027
1.0 0.24825523429710866 17.994 5.533333333333333 0.5000000000000002
1.0 0.24426719840478564 17.994 5.444444444444445 0.5100000000000002
1.0 0.24127617148554337 17.994 5.377777777777778 0.5200000000000002
1.0 0.2333000997008973 17.994 5.2 0.5300000000000002
1.0 0.22931206380857427 17.994 5.111111111111111 0.5400000000000003
1.0 0.22831505483549352 17.994 5.088888888888889 0.5500000000000003
1.0 0.22731804586241275 17.994 5.066666666666666 0.5600000000000003
1.0 0.22731804586241275 17.994 5.066666666666666 0.5700000000000003
1.0 0.22432701894317048 17.994 5.0 0.5800000000000003
1.0 0.22233300099700898 17.994 4.955555555555556 0.5900000000000003
1.0 0.2193419740777667 17.994 4.888888888888889 0.6000000000000003
1.0 0.21635094715852443 17.994 4.822222222222222 0.6100000000000003
1.0 0.21535393818544366 17.994 4.8 0.6200000000000003
1.0 0.2123629112662014 17.994 4.733333333333333 0.6300000000000003
1.0 0.21036889332003988 17.994 4.688888888888889 0.6400000000000003
1.0 0.20039880358923232 17.994 4.466666666666667 0.6500000000000004
1.0 0.19441674975074777 17.994 4.333333333333333 0.6600000000000004
1.0 0.18743768693918245 17.994 4.177777777777778 0.6700000000000004
1.0 0.18045862412761715 17.994 4.022222222222222 0.6800000000000004
1.0 0.17647058823529413 17.994 3.933333333333333 0.6900000000000004
1.0 0.1694915254237288 17.994 3.7777777777777777 0.7000000000000004
1.0 0.15952143569292124 17.994 3.5555555555555554 0.7100000000000004
1.0 0.14755732801595214 17.994 3.2888888888888888 0.7200000000000004
1.0 0.13260219341974078 17.994 2.9555555555555557 0.7300000000000004
1.0 0.11964107676969092 17.994 2.6666666666666665 0.7400000000000004
1.0 0.10867397806580259 17.994 2.422222222222222 0.7500000000000004
1.0 0.09770687936191426 17.994 2.1777777777777776 0.7600000000000005
1.0 0.08873379860418744 17.994 1.9777777777777779 0.7700000000000005
1.0 0.08075772681954138 17.994 1.8 0.7800000000000005
0.999888851839502 0.07477567298105683 17.992 1.6666666666666667 0.7900000000000005
0.9996665555185061 0.07278165503489531 17.988 1.6222222222222222 0.8000000000000005
0.9994442591975102 0.06879361914257229 17.984 1.5333333333333334 0.8100000000000005
0.9994442591975102 0.06779661016949153 17.984 1.511111111111111 0.8200000000000005
0.9994442591975102 0.06480558325024925 17.984 1.4444444444444444 0.8300000000000005
0.9991108147160165 0.06480558325024925 17.978 1.4444444444444444 0.8400000000000005
0.9982216294320329 0.06081754735792622 17.962 1.3555555555555556 0.8500000000000005
0.9975547404690452 0.054835493519441676 17.95 1.2222222222222223 0.8600000000000005
0.9966655551850617 0.04685942173479561 17.934 1.0444444444444445 0.8700000000000006
0.9936645548516172 0.036889332003988036 17.88 0.8222222222222222 0.8800000000000006
0.9915527398021563 0.031904287138584245 17.842 0.7111111111111111 0.8900000000000006
0.9893297765921975 0.022931206380857428 17.802 0.5111111111111111 0.9000000000000006
0.9878848505057242 0.014955134596211365 17.776 0.3333333333333333 0.9100000000000006
0.9857730354562632 0.005982053838484547 17.738 0.13333333333333333 0.9200000000000006
0.9838835167277982 0.0029910269192422734 17.704 0.06666666666666667 0.9300000000000006
0.9818828498388351 9.970089730807576E-4 17.668 0.022222222222222223 0.9400000000000006
0.980326775591864 0.0 17.64 0.0 0.9500000000000006
0.9794375903078804 0.0 17.624 0.0 0.9600000000000006
0.9766588862954318 0.0 17.574 0.0 0.9700000000000006
0.9666555518506169 0.0 17.394 0.0 0.9800000000000006
0.9407580304545959 0.0 16.928 0.0 0.9900000000000007
0.0 0.0 0.0 0.0
