0.0 0.7976071784646062 0.0 25.0 0.0
0.0 0.7926221335992024 0.0 24.84375 0.01
0.0 0.7746759720837487 0.0 24.28125 0.02
0.0 0.7607178464606181 0.0 23.84375 0.03
0.0 0.7537387836490529 0.0 23.625 0.04
0.0 0.7377866400797607 0.0 23.125 0.05
0.0 0.732801595214357 0.0 22.96875 0.060000000000000005
0.0 0.732801595214357 0.0 22.96875 0.07
0.0 0.7258225324027916 0.0 22.75 0.08
0.0 0.7208374875373879 0.0 22.59375 0.09
0.0 0.715852442671984 0.0 22.4375 0.09999999999999999
0.0 0.7128614157527418 0.0 22.34375 0.10999999999999999
0.0 0.7088733798604188 0.0 22.21875 0.11999999999999998
0.0 0.7028913260219342 0.0 22.03125 0.12999999999999998
0.0 0.6979062811565304 0.0 21.875 0.13999999999999999
0.0 0.6959122632103689 0.0 21.8125 0.15
0.0 0.6879361914257228 0.0 21.5625 0.16
0.0 0.6859421734795613 0.0 21.5 0.17
0.0 0.6799601196410767 0.0 21.3125 0.18000000000000002
0.0 0.678963110667996 0.0 21.28125 0.19000000000000003
0.0 0.6769690927218345 0.0 21.21875 0.20000000000000004
0.0 0.6769690927218345 0.0 21.21875 0.21000000000000005
0.0 0.6729810568295115 0.0 21.09375 0.22000000000000006
0.0 0.67098703888335 0.0 21.03125 0.23000000000000007
0.0 0.6689930209371885 0.0 20.96875 0.24000000000000007
0.0 0.6640079760717846 0.0 20.8125 0.25000000000000006
0.0 0.6630109670987039 0.0 20.78125 0.26000000000000006
0.0 0.6590229312063809 0.0 20.65625 0.2700000000000001
0.0 0.6550348953140578 0.0 20.53125 0.2800000000000001
0.0 0.6520438683948155 0.0 20.4375 0.2900000000000001
0.0 0.6490528414755733 0.0 20.34375 0.3000000000000001
0.0 0.6440677966101694 0.0 20.1875 0.3100000000000001
0.0 0.6420737786640079 0.0 20.125 0.3200000000000001
0.0 0.638085742771685 0.0 20.0 0.3300000000000001
0.0 0.6370887337986042 0.0 19.96875 0.34000000000000014
0.0 0.6350947158524427 0.0 19.90625 0.35000000000000014
0.0 0.6331006979062812 0.0 19.84375 0.36000000000000015
0.0 0.6331006979062812 0.0 19.84375 0.37000000000000016
0.0 0.6331006979062812 0.0 19.84375 0.38000000000000017
0.0 0.6301096709870389 0.0 19.75 0.3900000000000002
0.0 0.6291126620139581 0.0 19.71875 0.4000000000000002
0.0 0.6281156530408774 0.0 19.6875 0.4100000000000002
0.0 0.6261216350947159 0.0 19.625 0.4200000000000002
0.0 0.6241276171485544 0.0 19.5625 0.4300000000000002
0.0 0.6241276171485544 0.0 19.5625 0.4400000000000002
0.0 0.6231306081754736 0.0 19.53125 0.45000000000000023
0.0 0.6221335992023929 0.0 19.5 0.46000000000000024
0.0 0.6201395812562313 0.0 19.4375 0.47000000000000025
0.0 0.617148554336989 0.0 19.34375 0.48000000000000026
0.0 0.6151545363908275 0.0 19.28125 0.49000000000000027
0.0 0.6151545363908275 0.0 19.28125 0.5000000000000002
0.0 0.6111665004985045 0.0 19.15625 0.5100000000000002
0.0 0.609172482552343 0.0 19.09375 0.5200000000000002
0.0 0.6031904287138584 0.0 18.90625 0.5300000000000002
0.0 0.6021934197407777 0.0 18.875 0.5400000000000003
0.0 0.5962113659022931 0.0 18.6875 0.5500000000000003
0.0 0.5872382851445663 0.0 18.40625 0.5600000000000003
0.0 0.5852442671984048 0.0 18.34375 0.5700000000000003
0.0 0.5812562313060817 0.0 18.21875 0.5800000000000003
0.0 0.580259222333001 0.0 18.1875 0.5900000000000003
0.0 0.5792622133599202 0.0 18.15625 0.6000000000000003
0.0 0.5772681954137587 0.0 18.09375 0.6100000000000003
0.0 0.5742771684945165 0.0 18.0 0.6200000000000003
0.0 0.5732801595214357 0.0 17.96875 0.6300000000000003
0.0 0.5712861415752741 0.0 17.90625 0.6400000000000003
0.0 0.5712861415752741 0.0 17.90625 0.6500000000000004
0.0 0.5712861415752741 0.0 17.90625 0.6600000000000004
0.0 0.5672981056829511 0.0 17.78125 0.6700000000000004
0.0 0.5633100697906281 0.0 17.65625 0.6800000000000004
0.0 0.5633100697906281 0.0 17.65625 0.6900000000000004
0.0 0.5633100697906281 0.0 17.65625 0.7000000000000004
0.0 0.5623130608175474 0.0 17.625 0.7100000000000004
0.0 0.5603190428713859 0.0 17.5625 0.7200000000000004
0.0 0.5603190428713859 0.0 17.5625 0.7300000000000004
0.0 0.5563310069790628 0.0 17.4375 0.7400000000000004
0.0 0.5543369890329013 0.0 17.375 0.7500000000000004
0.0 0.5543369890329013 0.0 17.375 0.7600000000000005
0.0 0.5523429710867398 0.0 17.3125 0.7700000000000005
0.0 0.5443668993020937 0.0 17.0625 0.7800000000000005
0.0 0.5413758723828515 0.0 16.96875 0.7900000000000005
0.0 0.5363908275174477 0.0 16.8125 0.8000000000000005
0.0 0.5294117647058824 0.0 16.59375 0.8100000000000005
0.0 0.522432701894317 0.0 16.375 0.8200000000000005
0.0 0.5154536390827518 0.0 16.15625 0.8300000000000005
0.0 0.5094715852442672 0.0 15.96875 0.8400000000000005
0.0 0.5044865403788634 0.0 15.8125 0.8500000000000005
0.0 0.5014955134596212 0.0 15.71875 0.8600000000000005
0.0 0.4985044865403789 0.0 15.625 0.8700000000000006
0.0 0.4955134596211366 0.0 15.53125 0.8800000000000006
0.0 0.4905284147557328 0.0 15.375 0.8900000000000006
0.0 0.481555333998006 0.0 15.09375 0.9000000000000006
0.0 0.47756729810568294 0.0 14.96875 0.9100000000000006
0.0 0.47357926221335994 0.0 14.84375 0.9200000000000006
0.0 0.46061814556331004 0.0 14.4375 0.9300000000000006
0.0 0.4546360917248255 0.0 14.25 0.9400000000000006
0.0 0.4317048853439681 0.0 13.53125 0.9500000000000006
0.0 0.42073778664007977 0.0 13.1875 0.9600000000000006
0.0 0.4047856430707876 0.0 12.6875 0.9700000000000006
0.0 0.36889332003988035 0.0 11.5625 0.9800000000000006
0.0 0.2931206380857428 0.0 9.1875 0.9900000000000007
0.0 0.0 0.0 0.0
