1.0 1.0 89.97 3.8576923076923078 0.0
1.0 1.0 89.97 3.8576923076923078 0.01
1.0 0.996011964107677 89.97 3.8423076923076924 0.02
1.0 0.9930209371884346 89.97 3.830769230769231 0.03
1.0 0.9910269192422732 89.97 3.8230769230769233 0.04
1.0 0.9870388833499502 89.97 3.8076923076923075 0.05
1.0 0.9820538384845464 89.97 3.7884615384615383 0.060000000000000005
1.0 0.9820538384845464 89.97 3.7884615384615383 0.07
1.0 0.9810568295114656 89.97 3.7846153846153845 0.08
1.0 0.9810568295114656 89.97 3.7846153846153845 0.09
1.0 0.9790628115653041 89.97 3.776923076923077 0.09999999999999999
1.0 0.9780658025922233 89.97 3.773076923076923 0.10999999999999999
1.0 0.9770687936191426 89.97 3.769230769230769 0.11999999999999998
1.0 0.9760717846460618 89.97 3.7653846153846153 0.12999999999999998
1.0 0.9750747756729811 89.97 3.7615384615384615 0.13999999999999999
1.0 0.9730807577268196 89.97 3.753846153846154 0.15
1.0 0.9710867397806581 89.97 3.746153846153846 0.16
1.0 0.9700897308075773 89.97 3.7423076923076923 0.17
1.0 0.9661016949152542 89.97 3.726923076923077 0.18000000000000002
1.0 0.963110667996012 89.97 3.7153846153846155 0.19000000000000003
1.0 0.959122632103689 89.97 3.7 0.20000000000000004
1.0 0.9581256231306082 89.97 3.6961538461538463 0.21000000000000005
1.0 0.9551345962113659 89.97 3.6846153846153844 0.22000000000000006
1.0 0.9521435692921236 89.97 3.673076923076923 0.23000000000000007
1.0 0.9511465603190429 89.97 3.669230769230769 0.24000000000000007
1.0 0.9511465603190429 89.97 3.669230769230769 0.25000000000000006
1.0 0.9511465603190429 89.97 3.669230769230769 0.26000000000000006
1.0 0.9511465603190429 89.97 3.669230769230769 0.2700000000000001
1.0 0.9501495513459621 89.97 3.6653846153846152 0.2800000000000001
1.0 0.9501495513459621 89.97 3.6653846153846152 0.2900000000000001
1.0 0.9501495513459621 89.97 3.6653846153846152 0.3000000000000001
1.0 0.9501495513459621 89.97 3.6653846153846152 0.3100000000000001
1.0 0.9501495513459621 89.97 3.6653846153846152 0.3200000000000001
1.0 0.9501495513459621 89.97 3.6653846153846152 0.3300000000000001
1.0 0.9501495513459621 89.97 3.6653846153846152 0.34000000000000014
1.0 0.9501495513459621 89.97 3.6653846153846152 0.35000000000000014
1.0 0.9461615154536391 89.97 3.65 0.36000000000000015
1.0 0.9441674975074775 89.97 3.6423076923076922 0.37000000000000016
1.0 0.942173479561316 89.97 3.6346153846153846 0.38000000000000017
1.0 0.9391824526420738 89.97 3.623076923076923 0.3900000000000002
1.0 0.938185443668993 89.97 3.6192307692307693 0.4000000000000002
1.0 0.9361914257228315 89.97 3.6115384615384616 0.4100000000000002
1.0 0.9312063808574277 89.97 3.5923076923076924 0.4200000000000002
1.0 0.9272183449651047 89.97 3.576923076923077 0.4300000000000002
1.0 0.9272183449651047 89.97 3.576923076923077 0.4400000000000002
1.0 0.922233300099701 89.97 3.5576923076923075 0.45000000000000023
1.0 0.9182452642073778 89.97 3.542307692307692 0.46000000000000024
1.0 0.9152542372881356 89.97 3.5307692307692307 0.47000000000000025
1.0 0.9152542372881356 89.97 3.5307692307692307 0.48000000000000026
1.0 0.9112662013958126 89.97 3.5153846153846153 0.49000000000000027
1.0 0.9072781655034895 89.97 3.5 0.5000000000000002
1.0 0.9072781655034895 89.97 3.5 0.5100000000000002
1.0 0.905284147557328 89.97 3.4923076923076923 0.5200000000000002
1.0 0.905284147557328 89.97 3.4923076923076923 0.5300000000000002
1.0 0.905284147557328 89.97 3.4923076923076923 0.5400000000000003
1.0 0.9042871385842473 89.97 3.4884615384615385 0.5500000000000003
1.0 0.9042871385842473 89.97 3.4884615384615385 0.5600000000000003
1.0 0.9032901296111665 89.97 3.4846153846153847 0.5700000000000003
1.0 0.9022931206380858 89.97 3.480769230769231 0.5800000000000003
1.0 0.9002991026919243 89.97 3.473076923076923 0.5900000000000003
1.0 0.9002991026919243 89.97 3.473076923076923 0.6000000000000003
1.0 0.9002991026919243 89.97 3.473076923076923 0.6100000000000003
1.0 0.8973080757726819 89.97 3.4615384615384617 0.6200000000000003
1.0 0.8943170488534397 89.97 3.45 0.6300000000000003
1.0 0.8893320039880359 89.97 3.4307692307692306 0.6400000000000003
1.0 0.8853439680957128 89.97 3.4153846153846152 0.6500000000000004
1.0 0.8783649052841476 89.97 3.3884615384615384 0.6600000000000004
1.0 0.86839481555334 89.97 3.35 0.6700000000000004
1.0 0.8604187437686939 89.97 3.3192307692307694 0.6800000000000004
1.0 0.8464606181455633 89.97 3.2653846153846153 0.6900000000000004
1.0 0.8325024925224327 89.97 3.2115384615384617 0.7000000000000004
1.0 0.8175473579262214 89.97 3.1538461538461537 0.7100000000000004
1.0 0.7866400797607178 89.97 3.0346153846153845 0.7200000000000004
1.0 0.7686939182452642 89.97 2.9653846153846155 0.7300000000000004
1.0 0.7497507477567298 89.97 2.8923076923076922 0.7400000000000004
1.0 0.7318045862412762 89.97 2.8230769230769233 0.7500000000000004
1.0 0.7188434695912264 89.97 2.773076923076923 0.7600000000000005
0.999888851839502 0.6989032901296112 89.96 2.6961538461538463 0.7700000000000005
0.9997777036790041 0.6859421734795613 89.95 2.646153846153846 0.7800000000000005
0.9996665555185061 0.6819541375872383 89.94 2.6307692307692307 0.7900000000000005
0.9992219628765144 0.6759720837487537 89.9 2.6076923076923078 0.8000000000000005
0.9983327775925308 0.6689930209371885 89.82 2.580769230769231 0.8100000000000005
0.9953317772590864 0.6650049850448654 89.55 2.5653846153846156 0.8200000000000005
0.9896632210736912 0.6590229312063809 89.04 2.542307692307692 0.8300000000000005
0.9805490719128599 0.646061814556331 88.22 2.4923076923076923 0.8400000000000005
0.966544403690119 0.6321036889332003 86.96 2.4384615384615387 0.8500000000000005
0.9442036234300323 0.5872382851445663 84.95 2.2653846153846153 0.8600000000000005
0.9078581749472047 0.543369890329013 81.68 2.0961538461538463 0.8700000000000006
0.8612870956985662 0.4935194416749751 77.49 1.9038461538461537 0.8800000000000006
0.8018228298321662 0.42073778664007977 72.14 1.623076923076923 0.8900000000000006
0.7348004890519062 0.3389830508474576 66.11 1.3076923076923077 0.9000000000000006
0.6693342225186173 0.24925224327018944 60.22 0.9615384615384616 0.9100000000000006
0.614760475714127 0.17347956131605186 55.31 0.6692307692307692 0.9200000000000006
0.5727464710459041 0.11365902293120637 51.53 0.43846153846153846 0.9300000000000006
0.5362898744025787 0.07876370887337986 48.25 0.3038461538461538 0.9400000000000006
0.5152828720684672 0.06380857427716849 46.36 0.24615384615384617 0.9500000000000006
0.49949983327775926 0.0518444666001994 44.94 0.2 0.9600000000000006
0.48016005335111706 0.0518444666001994 43.2 0.2 0.9700000000000006
0.44148049349783264 0.0518444666001994 39.72 0.2 0.9800000000000006
0.3428920751361565 0.05084745762711865 30.85 0.19615384615384615 0.9900000000000007
0.0 0.0 0.0 0.0
