1.0 1.0 12.852857142857143 Infinity 0.0
1.0 0.7357926221335992 12.852857142857143 Infinity 0.01
1.0 0.5972083748753739 12.852857142857143 Infinity 0.02
1.0 0.555333998005982 12.852857142857143 Infinity 0.03
1.0 0.5194416749750748 12.852857142857143 Infinity 0.04
1.0 0.4905284147557328 12.852857142857143 Infinity 0.05
1.0 0.45663010967098705 12.852857142857143 Infinity 0.060000000000000005
1.0 0.45663010967098705 12.852857142857143 Infinity 0.07
1.0 0.43768693918245266 12.852857142857143 Infinity 0.08
1.0 0.4217347956131605 12.852857142857143 Infinity 0.09
1.0 0.4107676969092722 12.852857142857143 Infinity 0.09999999999999999
1.0 0.39980059820538383 12.852857142857143 Infinity 0.10999999999999999
1.0 0.386839481555334 12.852857142857143 Infinity 0.11999999999999998
1.0 0.3798604187437687 12.852857142857143 Infinity 0.12999999999999998
1.0 0.37387836490528414 12.852857142857143 Infinity 0.13999999999999999
1.0 0.36191425722831505 12.852857142857143 Infinity 0.15
1.0 0.34496510468594216 12.852857142857143 Infinity 0.16
1.0 0.33300099700897307 12.852857142857143 Infinity 0.17
1.0 0.29910269192422734 12.852857142857143 Infinity 0.18000000000000002
1.0 0.2901296111665005 12.852857142857143 Infinity 0.19000000000000003
1.0 0.28015952143569295 12.852857142857143 Infinity 0.20000000000000004
1.0 0.2741774675972084 12.852857142857143 Infinity 0.21000000000000005
1.0 0.26321036889332006 12.852857142857143 Infinity 0.22000000000000006
1.0 0.2572283150548355 12.852857142857143 Infinity 0.23000000000000007
1.0 0.2522432701894317 12.852857142857143 Infinity 0.24000000000000007
1.0 0.24925224327018944 12.852857142857143 Infinity 0.25000000000000006
1.0 0.2452642073778664 12.852857142857143 Infinity 0.26000000000000006
1.0 0.24127617148554337 12.852857142857143 Infinity 0.2700000000000001
1.0 0.23429710867397807 12.852857142857143 Infinity 0.2800000000000001
1.0 0.23429710867397807 12.852857142857143 Infinity 0.2900000000000001
1.0 0.22532402791625125 12.852857142857143 Infinity 0.3000000000000001
1.0 0.22033898305084745 12.852857142857143 Infinity 0.3100000000000001
1.0 0.21734795613160518 12.852857142857143 Infinity 0.3200000000000001
1.0 0.21734795613160518 12.852857142857143 Infinity 0.3300000000000001
1.0 0.21535393818544366 12.852857142857143 Infinity 0.34000000000000014
1.0 0.21335992023928216 12.852857142857143 Infinity 0.35000000000000014
1.0 0.21036889332003988 12.852857142857143 Infinity 0.36000000000000015
1.0 0.2073778664007976 12.852857142857143 Infinity 0.37000000000000016
1.0 0.20139581256231306 12.852857142857143 Infinity 0.38000000000000017
1.0 0.19242273180458624 12.852857142857143 Infinity 0.3900000000000002
1.0 0.18344965104685942 12.852857142857143 Infinity 0.4000000000000002
1.0 0.17547357926221335 12.852857142857143 Infinity 0.4100000000000002
1.0 0.16450648055832504 12.852857142857143 Infinity 0.4200000000000002
1.0 0.15553339980059822 12.852857142857143 Infinity 0.4300000000000002
1.0 0.1485543369890329 12.852857142857143 Infinity 0.4400000000000002
1.0 0.14257228315054835 12.852857142857143 Infinity 0.45000000000000023
1.0 0.13060817547357925 12.852857142857143 Infinity 0.46000000000000024
1.0 0.12462612163509472 12.852857142857143 Infinity 0.47000000000000025
1.0 0.11964107676969092 12.852857142857143 Infinity 0.48000000000000026
1.0 0.11964107676969092 12.852857142857143 Infinity 0.49000000000000027
1.0 0.11665004985044865 12.852857142857143 Infinity 0.5000000000000002
1.0 0.11266201395812563 12.852857142857143 Infinity 0.5100000000000002
1.0 0.10867397806580259 12.852857142857143 Infinity 0.5200000000000002
1.0 0.10568295114656032 12.852857142857143 Infinity 0.5300000000000002
1.0 0.10269192422731804 12.852857142857143 Infinity 0.5400000000000003
1.0 0.1016949152542373 12.852857142857143 Infinity 0.5500000000000003
1.0 0.1016949152542373 12.852857142857143 Infinity 0.5600000000000003
1.0 0.10069790628115653 12.852857142857143 Infinity 0.5700000000000003
1.0 0.09870388833499502 12.852857142857143 Infinity 0.5800000000000003
1.0 0.09870388833499502 12.852857142857143 Infinity 0.5900000000000003
1.0 0.09770687936191426 12.852857142857143 Infinity 0.6000000000000003
1.0 0.09770687936191426 12.852857142857143 Infinity 0.6100000000000003
1.0 0.09770687936191426 12.852857142857143 Infinity 0.6200000000000003
1.0 0.09770687936191426 12.852857142857143 Infinity 0.6300000000000003
1.0 0.0967098703888335 12.852857142857143 Infinity 0.6400000000000003
1.0 0.09471585244267199 12.852857142857143 Infinity 0.6500000000000004
1.0 0.09072781655034895 12.852857142857143 Infinity 0.6600000000000004
1.0 0.0847457627118644 12.852857142857143 Infinity 0.6700000000000004
1.0 0.08374875373878365 12.852857142857143 Infinity 0.6800000000000004
1.0 0.07976071784646062 12.852857142857143 Infinity 0.6900000000000004
1.0 0.07477567298105683 12.852857142857143 Infinity 0.7000000000000004
1.0 0.07178464606181456 12.852857142857143 Infinity 0.7100000000000004
1.0 0.06480558325024925 12.852857142857143 Infinity 0.7200000000000004
1.0 0.06081754735792622 12.852857142857143 Infinity 0.7300000000000004
1.0 0.05782652043868395 12.852857142857143 Infinity 0.7400000000000004
1.0 0.049850448654037885 12.852857142857143 Infinity 0.7500000000000004
1.0 0.04287138584247258 12.852857142857143 Infinity 0.7600000000000005
1.0 0.038883349950149554 12.852857142857143 Infinity 0.7700000000000005
1.0 0.03589232303090728 12.852857142857143 Infinity 0.7800000000000005
1.0 0.03389830508474576 12.852857142857143 Infinity 0.7900000000000005
1.0 0.031904287138584245 12.852857142857143 Infinity 0.8000000000000005
1.0 0.031904287138584245 12.852857142857143 Infinity 0.8100000000000005
1.0 0.02991026919242273 12.852857142857143 Infinity 0.8200000000000005
1.0 0.02991026919242273 12.852857142857143 Infinity 0.8300000000000005
1.0 0.028913260219341975 12.852857142857143 Infinity 0.8400000000000005
0.999888851839502 0.026919242273180457 12.851428571428572 Infinity 0.8500000000000005
0.9995554073580082 0.023928215353938187 12.847142857142858 Infinity 0.8600000000000005
0.9993331110370124 0.02193419740777667 12.844285714285714 Infinity 0.8700000000000006
0.9986662220740247 0.020937188434695914 12.835714285714285 Infinity 0.8800000000000006
0.9983327775925308 0.01694915254237288 12.831428571428571 Infinity 0.8900000000000006
0.9976658886295432 0.011964107676969093 12.822857142857142 Infinity 0.9000000000000006
0.9969989996665555 0.00897308075772682 12.814285714285715 Infinity 0.9100000000000006
0.9962209625430699 0.005982053838484547 12.804285714285715 Infinity 0.9200000000000006
0.995998666222074 0.0019940179461615153 12.801428571428572 Infinity 0.9300000000000006
0.9955540735800823 0.0019940179461615153 12.795714285714286 Infinity 0.9400000000000006
0.9952206290985884 0.0 12.791428571428572 NaN 0.9500000000000006
0.9948871846170946 0.0 12.787142857142857 NaN 0.9600000000000006
0.9937757030121152 0.0 12.772857142857143 NaN 0.9700000000000006
0.991997332444148 0.0 12.75 NaN 0.9800000000000006
0.9827720351228187 0.0 12.631428571428572 NaN 0.9900000000000007
0.0 0.0 0.0 0.0
