1.0 1.0 11.24625 28.65714285714286 0.0
1.0 0.634097706879362 11.24625 18.17142857142857 0.01
1.0 0.4915254237288136 11.24625 14.085714285714285 0.02
1.0 0.44167497507477566 11.24625 12.657142857142857 0.03
1.0 0.4137587238285145 11.24625 11.857142857142858 0.04
1.0 0.386839481555334 11.24625 11.085714285714285 0.05
1.0 0.3369890329012961 11.24625 9.657142857142857 0.060000000000000005
1.0 0.3369890329012961 11.24625 9.657142857142857 0.07
1.0 0.3230309072781655 11.24625 9.257142857142858 0.08
1.0 0.30807577268195413 11.24625 8.82857142857143 0.09
1.0 0.29411764705882354 11.24625 8.428571428571429 0.09999999999999999
1.0 0.28614157527417744 11.24625 8.2 0.10999999999999999
1.0 0.2781655034895314 11.24625 7.9714285714285715 0.11999999999999998
1.0 0.2731804586241276 11.24625 7.828571428571428 0.12999999999999998
1.0 0.2691924227318046 11.24625 7.714285714285714 0.13999999999999999
1.0 0.259222333000997 11.24625 7.428571428571429 0.15
1.0 0.25523429710867396 11.24625 7.314285714285714 0.16
1.0 0.24825523429710866 11.24625 7.114285714285714 0.17
1.0 0.22731804586241275 11.24625 6.514285714285714 0.18000000000000002
1.0 0.2193419740777667 11.24625 6.285714285714286 0.19000000000000003
1.0 0.2073778664007976 11.24625 5.942857142857143 0.20000000000000004
1.0 0.2023928215353938 11.24625 5.8 0.21000000000000005
1.0 0.19541375872382852 11.24625 5.6 0.22000000000000006
1.0 0.19242273180458624 11.24625 5.514285714285714 0.23000000000000007
1.0 0.18943170488534397 11.24625 5.428571428571429 0.24000000000000007
1.0 0.18743768693918245 11.24625 5.371428571428571 0.25000000000000006
1.0 0.18245264207377868 11.24625 5.228571428571429 0.26000000000000006
0.999888851839502 0.1814556331006979 11.245 5.2 0.2700000000000001
0.999888851839502 0.1794616151545364 11.245 5.142857142857143 0.2800000000000001
0.999888851839502 0.17846460618145563 11.245 5.114285714285714 0.2900000000000001
0.999888851839502 0.17746759720837488 11.245 5.085714285714285 0.3000000000000001
0.999888851839502 0.17647058823529413 11.245 5.057142857142857 0.3100000000000001
0.999888851839502 0.17547357926221335 11.245 5.0285714285714285 0.3200000000000001
0.999888851839502 0.1744765702891326 11.245 5.0 0.3300000000000001
0.999888851839502 0.17048853439680958 11.245 4.885714285714286 0.34000000000000014
0.999888851839502 0.16650049850448653 11.245 4.771428571428571 0.35000000000000014
0.999888851839502 0.16151545363908276 11.245 4.628571428571429 0.36000000000000015
0.999888851839502 0.16051844466600199 11.245 4.6 0.37000000000000016
0.999888851839502 0.15952143569292124 11.245 4.571428571428571 0.38000000000000017
0.999888851839502 0.15553339980059822 11.245 4.457142857142857 0.3900000000000002
0.999888851839502 0.14955134596211367 11.245 4.285714285714286 0.4000000000000002
0.999888851839502 0.14356929212362912 11.245 4.114285714285714 0.4100000000000002
0.999888851839502 0.14057826520438685 11.245 4.0285714285714285 0.4200000000000002
0.999888851839502 0.13559322033898305 11.245 3.8857142857142857 0.4300000000000002
0.999888851839502 0.12761714855433698 11.245 3.657142857142857 0.4400000000000002
0.999888851839502 0.11665004985044865 11.245 3.342857142857143 0.45000000000000023
0.999888851839502 0.11266201395812563 11.245 3.2285714285714286 0.46000000000000024
0.999888851839502 0.10967098703888335 11.245 3.142857142857143 0.47000000000000025
0.999888851839502 0.1016949152542373 11.245 2.914285714285714 0.48000000000000026
0.999888851839502 0.09970089730807577 11.245 2.857142857142857 0.49000000000000027
0.999888851839502 0.0967098703888335 11.245 2.7714285714285714 0.5000000000000002
0.999888851839502 0.09272183449651047 11.245 2.657142857142857 0.5100000000000002
0.999888851839502 0.0897308075772682 11.245 2.5714285714285716 0.5200000000000002
0.999888851839502 0.08773678963110668 11.245 2.5142857142857142 0.5300000000000002
0.999888851839502 0.08673978065802593 11.245 2.4857142857142858 0.5400000000000003
0.999888851839502 0.08574277168494517 11.245 2.4571428571428573 0.5500000000000003
0.999888851839502 0.0847457627118644 11.245 2.4285714285714284 0.5600000000000003
0.999888851839502 0.0847457627118644 11.245 2.4285714285714284 0.5700000000000003
0.999888851839502 0.08075772681954138 11.245 2.3142857142857145 0.5800000000000003
0.999888851839502 0.07876370887337986 11.245 2.257142857142857 0.5900000000000003
0.999888851839502 0.07776669990029911 11.245 2.2285714285714286 0.6000000000000003
0.999888851839502 0.07776669990029911 11.245 2.2285714285714286 0.6100000000000003
0.999888851839502 0.07577268195413758 11.245 2.1714285714285713 0.6200000000000003
0.999888851839502 0.07577268195413758 11.245 2.1714285714285713 0.6300000000000003
0.999888851839502 0.07377866400797607 11.245 2.1142857142857143 0.6400000000000003
0.999888851839502 0.07178464606181456 11.245 2.057142857142857 0.6500000000000004
0.999888851839502 0.0707876370887338 11.245 2.0285714285714285 0.6600000000000004
0.999888851839502 0.06979062811565304 11.245 2.0 0.6700000000000004
0.999888851839502 0.06580259222333001 11.245 1.8857142857142857 0.6800000000000004
0.999888851839502 0.06480558325024925 11.245 1.8571428571428572 0.6900000000000004
0.999888851839502 0.06380857427716849 11.245 1.8285714285714285 0.7000000000000004
0.999888851839502 0.058823529411764705 11.245 1.6857142857142857 0.7100000000000004
0.999888851839502 0.053838484546360914 11.245 1.542857142857143 0.7200000000000004
0.999888851839502 0.045862412761714856 11.245 1.3142857142857143 0.7300000000000004
0.999888851839502 0.04287138584247258 11.245 1.2285714285714286 0.7400000000000004
0.999888851839502 0.040877367896311065 11.245 1.1714285714285715 0.7500000000000004
0.999888851839502 0.03788634097706879 11.245 1.0857142857142856 0.7600000000000005
0.999888851839502 0.03389830508474576 11.245 0.9714285714285714 0.7700000000000005
0.999888851839502 0.031904287138584245 11.245 0.9142857142857143 0.7800000000000005
0.999888851839502 0.031904287138584245 11.245 0.9142857142857143 0.7900000000000005
0.999888851839502 0.02991026919242273 11.245 0.8571428571428571 0.8000000000000005
0.999888851839502 0.024925224327018942 11.245 0.7142857142857143 0.8100000000000005
0.999888851839502 0.022931206380857428 11.245 0.6571428571428571 0.8200000000000005
0.9997777036790041 0.02193419740777667 11.24375 0.6285714285714286 0.8300000000000005
0.9996665555185061 0.02193419740777667 11.2425 0.6285714285714286 0.8400000000000005
0.9996665555185061 0.019940179461615155 11.2425 0.5714285714285714 0.8500000000000005
0.9996665555185061 0.014955134596211365 11.2425 0.42857142857142855 0.8600000000000005
0.9994442591975102 0.014955134596211365 11.24 0.42857142857142855 0.8700000000000006
0.9994442591975102 0.01296111665004985 11.24 0.37142857142857144 0.8800000000000006
0.9992219628765144 0.011964107676969093 11.2375 0.34285714285714286 0.8900000000000006
0.9991108147160165 0.009970089730807577 11.23625 0.2857142857142857 0.9000000000000006
0.9988885183950206 0.00897308075772682 11.23375 0.2571428571428571 0.9100000000000006
0.9986662220740247 0.005982053838484547 11.23125 0.17142857142857143 0.9200000000000006
0.9985550739135267 9.970089730807576E-4 11.23 0.02857142857142857 0.9300000000000006
0.9984439257530288 0.0 11.22875 0.0 0.9400000000000006
0.9982216294320329 0.0 11.22625 0.0 0.9500000000000006
0.9982216294320329 0.0 11.22625 0.0 0.9600000000000006
0.9977770367900411 0.0 11.22125 0.0 0.9700000000000006
0.9967767033455597 0.0 11.21 0.0 0.9800000000000006
0.9904412581971769 0.0 11.13875 0.0 0.9900000000000007
0.0 0.0 0.0 0.0
