1.0 1.0 89.97 8.024 0.0
1.0 0.996011964107677 89.97 7.992 0.01
1.0 0.9870388833499502 89.97 7.92 0.02
1.0 0.9830508474576272 89.97 7.888 0.03
1.0 0.9800598205383848 89.97 7.864 0.04
1.0 0.9750747756729811 89.97 7.824 0.05
1.0 0.963110667996012 89.97 7.728 0.060000000000000005
1.0 0.963110667996012 89.97 7.728 0.07
1.0 0.9611166500498505 89.97 7.712 0.08
1.0 0.9551345962113659 89.97 7.664 0.09
1.0 0.9511465603190429 89.97 7.632 0.09999999999999999
1.0 0.9501495513459621 89.97 7.624 0.10999999999999999
1.0 0.9501495513459621 89.97 7.624 0.11999999999999998
1.0 0.9491525423728814 89.97 7.616 0.12999999999999998
1.0 0.9481555333998006 89.97 7.608 0.13999999999999999
1.0 0.9481555333998006 89.97 7.608 0.15
1.0 0.9451645064805583 89.97 7.584 0.16
1.0 0.942173479561316 89.97 7.56 0.17
1.0 0.93419740777667 89.97 7.496 0.18000000000000002
1.0 0.9302093718843469 89.97 7.464 0.19000000000000003
1.0 0.9292123629112662 89.97 7.456 0.20000000000000004
1.0 0.9262213359920239 89.97 7.432 0.21000000000000005
1.0 0.9232303090727817 89.97 7.408 0.22000000000000006
1.0 0.922233300099701 89.97 7.4 0.23000000000000007
1.0 0.9202392821535393 89.97 7.384 0.24000000000000007
1.0 0.9162512462612163 89.97 7.352 0.25000000000000006
1.0 0.9142572283150548 89.97 7.336 0.26000000000000006
1.0 0.9122632103688934 89.97 7.32 0.2700000000000001
1.0 0.9122632103688934 89.97 7.32 0.2800000000000001
1.0 0.9112662013958126 89.97 7.312 0.2900000000000001
1.0 0.9112662013958126 89.97 7.312 0.3000000000000001
1.0 0.909272183449651 89.97 7.296 0.3100000000000001
1.0 0.909272183449651 89.97 7.296 0.3200000000000001
1.0 0.9082751744765702 89.97 7.288 0.3300000000000001
1.0 0.905284147557328 89.97 7.264 0.34000000000000014
1.0 0.9002991026919243 89.97 7.224 0.35000000000000014
1.0 0.8983050847457628 89.97 7.208 0.36000000000000015
1.0 0.8943170488534397 89.97 7.176 0.37000000000000016
1.0 0.8943170488534397 89.97 7.176 0.38000000000000017
1.0 0.8903290129611167 89.97 7.144 0.3900000000000002
1.0 0.8893320039880359 89.97 7.136 0.4000000000000002
1.0 0.8863409770687937 89.97 7.112 0.4100000000000002
1.0 0.8833499501495513 89.97 7.088 0.4200000000000002
1.0 0.8783649052841476 89.97 7.048 0.4300000000000002
1.0 0.8753738783649053 89.97 7.024 0.4400000000000002
1.0 0.8693918245264207 89.97 6.976 0.45000000000000023
1.0 0.8664007976071785 89.97 6.952 0.46000000000000024
1.0 0.8634097706879362 89.97 6.928 0.47000000000000025
1.0 0.8604187437686939 89.97 6.904 0.48000000000000026
1.0 0.8604187437686939 89.97 6.904 0.49000000000000027
1.0 0.8604187437686939 89.97 6.904 0.5000000000000002
1.0 0.8604187437686939 89.97 6.904 0.5100000000000002
1.0 0.8594217347956131 89.97 6.896 0.5200000000000002
1.0 0.8564307078763709 89.97 6.872 0.5300000000000002
1.0 0.8554336989032901 89.97 6.864 0.5400000000000003
1.0 0.8554336989032901 89.97 6.864 0.5500000000000003
1.0 0.8544366899302094 89.97 6.856 0.5600000000000003
1.0 0.8534396809571286 89.97 6.848 0.5700000000000003
1.0 0.8524426719840479 89.97 6.84 0.5800000000000003
1.0 0.8514456630109671 89.97 6.832 0.5900000000000003
1.0 0.8504486540378864 89.97 6.824 0.6000000000000003
1.0 0.8504486540378864 89.97 6.824 0.6100000000000003
1.0 0.8484546360917248 89.97 6.808 0.6200000000000003
1.0 0.847457627118644 89.97 6.8 0.6300000000000003
1.0 0.8444666001994018 89.97 6.776 0.6400000000000003
1.0 0.8414755732801595 89.97 6.752 0.6500000000000004
1.0 0.8245264207377866 89.97 6.616 0.6600000000000004
1.0 0.8185443668993021 89.97 6.568 0.6700000000000004
1.0 0.8085742771684945 89.97 6.488 0.6800000000000004
1.0 0.7986041874376869 89.97 6.408 0.6900000000000004
1.0 0.7886340977068793 89.97 6.328 0.7000000000000004
1.0 0.769690927218345 89.97 6.176 0.7100000000000004
1.0 0.7507477567298105 89.97 6.024 0.7200000000000004
1.0 0.7357926221335992 89.97 5.904 0.7300000000000004
1.0 0.7178464606181456 89.97 5.76 0.7400000000000004
1.0 0.7038883349950149 89.97 5.648 0.7500000000000004
1.0 0.6869391824526421 89.97 5.512 0.7600000000000005
1.0 0.6729810568295115 89.97 5.4 0.7700000000000005
0.999888851839502 0.6660019940179461 89.96 5.344 0.7800000000000005
0.9995554073580082 0.6590229312063809 89.93 5.288 0.7900000000000005
0.9987773702345226 0.6550348953140578 89.86 5.256 0.8000000000000005
0.9979993331110371 0.650049850448654 89.79 5.216 0.8100000000000005
0.9954429254195843 0.6470588235294118 89.56 5.192 0.8200000000000005
0.9912192953206624 0.6420737786640079 89.18 5.152 0.8300000000000005
0.9827720351228187 0.6301096709870389 88.42 5.056 0.8400000000000005
0.9702122929865511 0.6191425722831505 87.29 4.968 0.8500000000000005
0.946648882960987 0.576271186440678 85.17 4.624 0.8600000000000005
0.9165277314660443 0.5363908275174477 82.46 4.304 0.8700000000000006
0.8758475047237968 0.4865403788634098 78.8 3.904 0.8800000000000006
0.8248304990552406 0.43270189431704886 74.21 3.472 0.8900000000000006
0.7671446037568078 0.34995014955134596 69.02 2.808 0.9000000000000006
0.7080137823719017 0.2691924227318046 63.7 2.16 0.9100000000000006
0.6573302211848394 0.21036889332003988 59.14 1.688 0.9200000000000006
0.6199844392575303 0.15254237288135594 55.78 1.224 0.9300000000000006
0.5857508058241636 0.12562313060817548 52.7 1.008 0.9400000000000006
0.5658552850950317 0.1106679960119641 50.91 0.888 0.9500000000000006
0.5511837279093031 0.1016949152542373 49.59 0.816 0.9600000000000006
0.533622318550628 0.09970089730807577 48.01 0.8 0.9700000000000006
0.49294209180838056 0.09870388833499502 44.35 0.792 0.9800000000000006
0.4008002667555852 0.09770687936191426 36.06 0.784 0.9900000000000007
0.0 0.0 0.0 0.0
