1.0 1.0 9.996666666666666 40.12 0.0
1.0 0.5284147557328016 9.996666666666666 21.2 0.01
1.0 0.3938185443668993 9.996666666666666 15.8 0.02
1.0 0.3459621136590229 9.996666666666666 13.88 0.03
1.0 0.32103688933200397 9.996666666666666 12.88 0.04
1.0 0.29112662013958124 9.996666666666666 11.68 0.05
1.0 0.2622133599202393 9.996666666666666 10.52 0.060000000000000005
1.0 0.2622133599202393 9.996666666666666 10.52 0.07
1.0 0.2502492522432702 9.996666666666666 10.04 0.08
1.0 0.23030907278165502 9.996666666666666 9.24 0.09
1.0 0.21136590229312063 9.996666666666666 8.48 0.09999999999999999
1.0 0.20139581256231306 9.996666666666666 8.08 0.10999999999999999
1.0 0.19641076769690927 9.996666666666666 7.88 0.11999999999999998
1.0 0.18843469591226322 9.996666666666666 7.56 0.12999999999999998
1.0 0.18045862412761715 9.996666666666666 7.24 0.13999999999999999
1.0 0.17048853439680958 9.996666666666666 6.84 0.15
1.0 0.16849451645064806 9.996666666666666 6.76 0.16
1.0 0.1585244267198405 9.996666666666666 6.36 0.17
1.0 0.1465603190428714 9.996666666666666 5.88 0.18000000000000002
1.0 0.1365902293120638 9.996666666666666 5.48 0.19000000000000003
1.0 0.12761714855433698 9.996666666666666 5.12 0.20000000000000004
1.0 0.12362911266201396 9.996666666666666 4.96 0.21000000000000005
1.0 0.11864406779661017 9.996666666666666 4.76 0.22000000000000006
1.0 0.11365902293120637 9.996666666666666 4.56 0.23000000000000007
1.0 0.11266201395812563 9.996666666666666 4.52 0.24000000000000007
1.0 0.10767696909272183 9.996666666666666 4.32 0.25000000000000006
1.0 0.1036889332003988 9.996666666666666 4.16 0.26000000000000006
1.0 0.10269192422731804 9.996666666666666 4.12 0.2700000000000001
1.0 0.10069790628115653 9.996666666666666 4.04 0.2800000000000001
1.0 0.0967098703888335 9.996666666666666 3.88 0.2900000000000001
1.0 0.09471585244267199 9.996666666666666 3.8 0.3000000000000001
1.0 0.09072781655034895 9.996666666666666 3.64 0.3100000000000001
1.0 0.09072781655034895 9.996666666666666 3.64 0.3200000000000001
1.0 0.0897308075772682 9.996666666666666 3.6 0.3300000000000001
1.0 0.08773678963110668 9.996666666666666 3.52 0.34000000000000014
1.0 0.08773678963110668 9.996666666666666 3.52 0.35000000000000014
1.0 0.08275174476570289 9.996666666666666 3.32 0.36000000000000015
1.0 0.08075772681954138 9.996666666666666 3.24 0.37000000000000016
1.0 0.07876370887337986 9.996666666666666 3.16 0.38000000000000017
1.0 0.07776669990029911 9.996666666666666 3.12 0.3900000000000002
1.0 0.07477567298105683 9.996666666666666 3.0 0.4000000000000002
1.0 0.0707876370887338 9.996666666666666 2.84 0.4100000000000002
1.0 0.06979062811565304 9.996666666666666 2.8 0.4200000000000002
1.0 0.06879361914257229 9.996666666666666 2.76 0.4300000000000002
1.0 0.06580259222333001 9.996666666666666 2.64 0.4400000000000002
1.0 0.06181455633100698 9.996666666666666 2.48 0.45000000000000023
1.0 0.06181455633100698 9.996666666666666 2.48 0.46000000000000024
1.0 0.06081754735792622 9.996666666666666 2.44 0.47000000000000025
1.0 0.058823529411764705 9.996666666666666 2.36 0.48000000000000026
1.0 0.058823529411764705 9.996666666666666 2.36 0.49000000000000027
1.0 0.05782652043868395 9.996666666666666 2.32 0.5000000000000002
1.0 0.054835493519441676 9.996666666666666 2.2 0.5100000000000002
1.0 0.0518444666001994 9.996666666666666 2.08 0.5200000000000002
1.0 0.049850448654037885 9.996666666666666 2.0 0.5300000000000002
1.0 0.049850448654037885 9.996666666666666 2.0 0.5400000000000003
1.0 0.04885343968095713 9.996666666666666 1.96 0.5500000000000003
1.0 0.047856430707876374 9.996666666666666 1.92 0.5600000000000003
1.0 0.04685942173479561 9.996666666666666 1.88 0.5700000000000003
1.0 0.045862412761714856 9.996666666666666 1.84 0.5800000000000003
1.0 0.045862412761714856 9.996666666666666 1.84 0.5900000000000003
1.0 0.045862412761714856 9.996666666666666 1.84 0.6000000000000003
1.0 0.0448654037886341 9.996666666666666 1.8 0.6100000000000003
1.0 0.0448654037886341 9.996666666666666 1.8 0.6200000000000003
1.0 0.04287138584247258 9.996666666666666 1.72 0.6300000000000003
1.0 0.04287138584247258 9.996666666666666 1.72 0.6400000000000003
1.0 0.04287138584247258 9.996666666666666 1.72 0.6500000000000004
1.0 0.04187437686939183 9.996666666666666 1.68 0.6600000000000004
1.0 0.04187437686939183 9.996666666666666 1.68 0.6700000000000004
1.0 0.04187437686939183 9.996666666666666 1.68 0.6800000000000004
1.0 0.040877367896311065 9.996666666666666 1.64 0.6900000000000004
1.0 0.038883349950149554 9.996666666666666 1.56 0.7000000000000004
1.0 0.03589232303090728 9.996666666666666 1.44 0.7100000000000004
1.0 0.031904287138584245 9.996666666666666 1.28 0.7200000000000004
1.0 0.03090727816550349 9.996666666666666 1.24 0.7300000000000004
1.0 0.02991026919242273 9.996666666666666 1.2 0.7400000000000004
1.0 0.02991026919242273 9.996666666666666 1.2 0.7500000000000004
1.0 0.028913260219341975 9.996666666666666 1.16 0.7600000000000005
1.0 0.026919242273180457 9.996666666666666 1.08 0.7700000000000005
1.0 0.026919242273180457 9.996666666666666 1.08 0.7800000000000005
1.0 0.024925224327018942 9.996666666666666 1.0 0.7900000000000005
1.0 0.024925224327018942 9.996666666666666 1.0 0.8000000000000005
1.0 0.024925224327018942 9.996666666666666 1.0 0.8100000000000005
1.0 0.024925224327018942 9.996666666666666 1.0 0.8200000000000005
1.0 0.024925224327018942 9.996666666666666 1.0 0.8300000000000005
1.0 0.024925224327018942 9.996666666666666 1.0 0.8400000000000005
1.0 0.023928215353938187 9.996666666666666 0.96 0.8500000000000005
1.0 0.023928215353938187 9.996666666666666 0.96 0.8600000000000005
0.999888851839502 0.022931206380857428 9.995555555555555 0.92 0.8700000000000006
0.999888851839502 0.022931206380857428 9.995555555555555 0.92 0.8800000000000006
0.999888851839502 0.022931206380857428 9.995555555555555 0.92 0.8900000000000006
0.9997777036790041 0.02193419740777667 9.994444444444444 0.88 0.9000000000000006
0.9997777036790041 0.020937188434695914 9.994444444444444 0.84 0.9100000000000006
0.9997777036790041 0.020937188434695914 9.994444444444444 0.84 0.9200000000000006
0.9996665555185061 0.019940179461615155 9.993333333333334 0.8 0.9300000000000006
0.9996665555185061 0.018943170488534396 9.993333333333334 0.76 0.9400000000000006
0.9996665555185061 0.018943170488534396 9.993333333333334 0.76 0.9500000000000006
0.9996665555185061 0.018943170488534396 9.993333333333334 0.76 0.9600000000000006
0.9996665555185061 0.018943170488534396 9.993333333333334 0.76 0.9700000000000006
0.9995554073580082 0.018943170488534396 9.992222222222223 0.76 0.9800000000000006
0.998110481271535 0.018943170488534396 9.977777777777778 0.76 0.9900000000000007
0.0 0.0 0.0 0.0
